"20b97df7d8ebf415" 13 150 45 3139 135 48 2419 75 23 118 64 746 2046 14184 30640 -1 -1 0 0 0 0 8 9 6 5 8 4 1 2 2 2 0 0
"7a3c1ea1fde1b651" 9 23 544 75 492 0 63 19 292 14185 30641 -1 -1 0 0 0 0 6 7 5 7 6 5 2 3 4 4 0 0
"322b7d21173fa259" 22 7993 7994 35 48 619 75 23 129 14184 35 0 616 19 292 14185 88 45 603 407 19 63 14184 30642 -1 -1 0 0 0 0 8 7 6 7 8 6 4 4 7 6 0 0
"20d87273788db6b2" 12 23 118 64 746 2046 75 22 23 51 1501 1648 14184 30643 -1 -1 0 0 0 0 7 8 5 6 7 5 2 3 4 4 0 0
"ff33cab94a3e8360" 18 0 112 19 179 8 568 55 190 697 75 22 592 579 457 152 231 6696 14184 30644 -1 -1 0 0 0 0 5 7 7 6 7 5 4 2 5 3 0 0
"eacbade71cbe77fa" 16 23 333 513 23 40 689 592 75 22 364 7 385 170 4313 1319 14185 30645 -1 -1 0 0 0 0 4 6 7 6 5 8 5 2 4 4 0 0
"56c6d21f14414d62" 13 88 93 333 75 533 38 51 1113 19 365 55 68 14184 30646 -1 -1 0 0 0 0 5 6 5 6 4 6 5 3 4 4 0 0
"842546ea659e00c2" 19 170 2806 3 45 3977 75 22 23 1786 25 63 19 206 14184 236 15 322 206 14185 30647 -1 -1 0 0 0 0 7 7 4 6 5 5 3 4 5 4 0 0
"98bb8f9b110fae23" 22 23 824 19 59 2 126 3 1970 14184 241 811 241 76 112 3666 48 3015 449 9 1951 745 14184 30648 -1 -1 0 0 0 0 6 7 5 8 4 4 2 3 3 5 0 0
"8ea5db76c7e255d8" 16 172 668 3 336 362 1422 551 308 14184 88 45 603 407 19 63 14184 30649 -1 -1 0 0 0 0 6 6 4 6 7 4 4 3 6 5 0 0
"ee672cc5528d54d2" 13 249 118 887 0 14185 23 34 23 348 86 55 68 14184 30650 -1 -1 0 0 0 0 6 7 5 5 4 5 4 3 4 4 0 0
"1c3ab4a445521c8b" 13 76 23 2063 190 1250 3898 3899 28 464 170 697 2860 14185 30651 -1 -1 0 0 0 0 3 5 5 6 3 6 3 2 4 3 0 0
"052f8211bbc724f7" 10 288 236 365 234 14185 88 1463 93 333 14184 30652 -1 -1 0 0 0 0 4 6 4 5 5 5 4 2 4 4 0 0
"727d905b6f99d60f" 19 592 579 457 152 231 6696 75 14186 14184 1450 116 644 75 35 0 135 45 662 14185 30653 -1 -1 0 0 0 0 4 7 6 5 4 5 4 3 4 3 0 0
"4b9c6116bd151f6a" 22 126 3 127 128 75 51 0 91 15 14185 964 15 118 45 5893 1085 92 7 75 88 2502 14184 30654 -1 -1 0 0 0 0 7 6 7 6 6 5 3 2 4 4 0 0
"11c8171ad99efb76" 22 23 371 1284 528 11657 28 1063 23 129 48 1934 14185 563 75 23 314 761 323 45 735 4990 14184 30655 -1 -1 0 0 0 0 7 5 5 7 6 5 3 4 5 3 0 0
"83e175278ea9f5d4" 17 150 248 150 23 314 761 323 45 735 4990 75 23 13 209 4803 3252 14184 30656 -1 -1 0 0 0 0 4 2 9 8 6 9 3 2 5 4 0 0
"b683ab12b3a266ba" 28 3503 71 75 0 35 616 19 112 22 248 81 14184 159 75 28 23 333 375 48 514 2928 75 1063 23 129 48 1934 14185 30657 -1 -1 0 0 0 0 9 8 7 8 7 6 5 3 3 2 0 0
"bf791baf2479f310" 20 14187 28 14188 14189 35 275 10659 23 314 385 19 2942 7993 7994 318 73 35 48 619 14190 30658 -1 -1 0 0 0 0 6 4 8 7 9 9 7 6 5 9 0 0
"9f9631c65b08a60b" 14 23 6 348 19 63 14184 14184 14184 5 23 953 544 336 14190 30659 -1 -1 0 0 0 0 4 5 5 4 7 6 4 5 4 4 0 0
"00becedfa9915917" 20 1136 75 120 319 7 529 152 48 6554 75 23 780 2 190 36 5184 448 528 4901 14184 30660 -1 -1 0 0 0 0 5 6 4 3 6 5 3 2 2 3 0 0
"93b856765cbb6203" 24 23 596 23 348 86 55 68 14184 14184 14184 2152 75 2 3 14190 28 12 7066 817 492 0 2720 135 14185 30661 -1 -1 0 0 0 0 3 3 5 4 6 5 3 5 4 4 0 0
"ee2ae04ca47ee5d8" 17 492 0 63 19 292 14185 14191 23 1487 0 120 23 260 457 32 948 14184 30662 -1 -1 0 0 0 0 5 4 4 5 6 4 3 4 4 4 0 0
"acdb5db93cb4223f" 15 170 2606 2397 152 3095 75 28 0 51 1501 1648 150 127 14192 14190 30663 -1 -1 0 0 0 0 4 5 5 6 6 5 7 5 4 6 0 0
"242f37f011ec6773" 27 35 0 135 45 662 14185 23 118 64 746 14193 75 28 170 5720 811 241 76 112 3666 48 3015 449 9 1951 745 14184 30664 -1 -1 0 0 0 0 4 3 5 3 6 3 3 5 3 3 0 0
"5cd1233d6fa673f8" 15 172 156 3713 157 3 1136 6 1390 9 86 48 4636 23 112 14190 30665 -1 -1 0 0 0 0 8 7 6 6 9 6 3 2 4 3 0 0
"50a1931442e450b0" 25 0 35 616 19 112 22 248 81 14190 22 75 12 13 0 13 135 190 435 33 28 288 236 365 234 14185 30666 -1 -1 0 0 0 0 7 8 6 8 7 5 5 3 3 6 0 0
"3d0ba20c7c8963f3" 22 23 31 120 172 668 118 336 362 1422 551 308 75 28 85 23 348 19 464 170 697 2860 14184 30667 -1 -1 0 0 0 0 4 3 4 4 7 5 3 4 3 3 0 0
"5ad49c5bd0235ee3" 29 343 75 2 3 155 622 14190 13 0 315 884 45 2138 351 14185 563 75 23 14194 224 72 15 118 45 5893 1085 92 7 14184 30668 -1 -1 0 0 0 0 7 6 5 6 6 3 4 5 4 5 0 0
"10fa1a1c15456afc" 15 23 209 4167 48 13601 4803 1421 120 319 7 529 152 48 6554 14184 30669 -1 -1 0 0 0 0 6 5 7 6 6 7 3 4 4 4 0 0
"2ccca9020e9f111f" 23 23 62 464 1801 12 23 13 135 170 435 33 14184 166 75 88 963 25 150 3557 150 170 14195 14184 30670 -1 -1 0 0 0 0 6 6 5 7 8 7 5 4 6 2 0 0
"4a4497047db34e60" 36 120 38 4228 800 9 1240 75 23 3877 2 190 36 5184 448 528 4901 14184 5 23 21 75 7101 2 75 23 333 363 1390 9 86 48 4636 23 112 415 14184 30671 -1 -1 0 0 0 0 7 5 5 7 8 6 5 3 7 4 0 0
"351e080947e9513c" 46 23 130 337 42 401 14196 93 333 172 802 14184 343 75 2 3 155 622 75 13 0 40 884 45 2138 351 14185 536 48 557 75 23 824 19 59 2 126 3 1970 14184 23 371 126 1255 166 117 14184 30672 -1 -1 0 0 0 0 0 0 0 0 0 0 0 0 0 0 0 0
"c032040d2ae76962" 27 170 2806 3 45 3977 14184 492 0 63 19 292 14185 343 75 2 3 155 622 14184 13 0 40 884 45 2138 351 14185 30673 -1 -1 0 0 0 0 7 6 6 7 7 7 5 3 6 4 0 0
"05e14badc7fc08d3" 32 120 23 260 457 32 948 75 23 130 1342 871 45 4640 1333 28 23 112 19 452 75 23 333 513 23 40 68 592 362 7545 95 14197 14184 30674 -1 -1 0 0 0 0 6 6 6 7 8 7 4 5 5 2 0 0
"ee1a8bb0156d1beb" 23 76 23 2063 190 1250 3898 3899 14185 536 48 557 75 288 236 365 234 9 45 775 42 190 1057 14185 30675 -1 -1 0 0 0 0 7 5 6 6 7 6 4 4 6 3 0 0
"493f171ac73246fe" 38 23 21 75 7101 645 75 23 333 363 1390 9 86 48 4636 23 112 415 14184 25 4138 23 24 396 871 172 156 3713 157 14184 12 13 0 13 135 190 435 33 14185 30676 -1 -1 0 0 0 0 7 6 5 7 8 6 5 3 7 4 0 0
"0065a6b477c96301" 33 249 118 887 0 32 948 14185 7362 75 492 0 1 23 118 64 746 2046 28 8866 14185 536 48 557 75 23 519 841 3 342 495 172 1726 14184 30677 -1 -1 0 0 0 0 8 7 6 5 6 7 3 4 6 4 0 0
"fbe32259e371c598" 39 364 7 25 385 170 4313 1319 786 55 190 308 7488 1319 14185 2114 75 241 811 241 76 112 3666 48 3015 449 9 1951 745 14184 14198 15 869 40 45 603 407 19 63 14185 30678 -1 -1 0 0 0 0 6 7 6 6 8 6 3 5 6 3 0 0
"ea776fb890272e2e" 23 23 209 7993 7994 14184 1806 48 619 14190 2114 75 54 55 68 112 528 290 9 336 362 1422 551 14184 30679 -1 -1 0 0 0 0 6 7 6 6 9 7 3 4 6 6 0 0
"cc07b14a9b833114" 28 0 163 35 616 19 112 22 248 81 686 14190 5 592 579 457 152 231 6696 75 594 504 19 298 871 190 8691 345 14184 30680 -1 -1 0 0 0 0 6 8 7 6 7 7 4 3 4 3 0 0
"a46d45253aadfc4a" 23 23 118 4487 19 113 25 365 75 5 23 34 23 348 86 55 68 14184 0 51 1648 75 36 14185 30681 -1 -1 0 0 0 0 7 6 6 6 7 6 3 4 5 3 0 0
"9ee68c810cd9a093" 28 51 0 533 1113 19 365 55 190 56 14185 23 1786 25 63 19 206 28 1313 495 67 170 4458 75 22 0 51 1648 14184 30682 -1 -1 0 0 0 0 6 6 6 7 7 6 4 3 5 5 0 0
"90791480dfb91d84" 43 81 1736 14196 48 5254 5255 270 2873 36 1028 48 766 55 48 662 14184 23 519 841 3 342 495 172 1726 75 536 48 557 14184 492 73 112 217 58 72 15 118 45 5893 1085 92 7 14185 30683 -1 -1 0 0 0 0 0 0 0 0 0 0 0 0 0 0 0 0
"958781e634105d6f" 39 343 75 2 3 155 622 75 13 0 40 884 45 2138 351 14185 15 677 116 622 19 179 661 19 45 603 407 19 63 75 40 45 4803 1421 14184 23 209 231 82 14184 30684 -1 -1 0 0 0 0 8 8 6 6 7 8 3 5 7 4 0 0
"72dd67f552e46fd6" 21 23 371 0 51 13 48 258 14184 1023 86 75 1105 127 128 28 170 2806 3 45 3977 14184 30685 -1 -1 0 0 0 0 5 7 6 7 6 5 3 6 9 5 0 0
"30e2e8df5729ab21" 18 72 15 448 651 528 2 100 14184 0 112 19 179 8 568 55 190 697 14184 30686 -1 -1 0 0 0 0 6 5 8 6 7 5 3 4 3 7 0 0
"1798ac4e79e56695" 23 23 448 19 464 170 697 2860 14184 5 170 934 811 241 76 112 3666 48 3015 449 9 1951 745 14184 30687 -1 -1 0 0 0 0 4 6 6 6 5 5 3 4 3 6 0 0
"e6ffe7e4be846b2f" 23 51 15 116 6166 135 48 164 606 324 14185 3503 3 45 2227 2183 135 884 45 8 969 67 235 14184 30688 -1 -1 0 0 0 0 5 7 6 7 6 4 3 7 6 8 0 0
"b710ad0a2afa0ced" 17 35 38 48 258 857 14185 72 23 6162 19 170 4255 75 241 130 3441 14184 30689 -1 -1 0 0 0 0 3 5 4 6 5 4 3 5 5 4 0 0
"4dce8f6ce8847bfe" 24 92 2760 14185 1782 235 16 113 231 1455 14184 5 150 45 6159 693 42 45 2624 344 75 2815 14199 266 14184 30690 -1 -1 0 0 0 0 3 4 4 4 6 3 5 4 7 6 0 0
"026faf47ee7c2ed2" 21 23 314 112 82 14184 5 75 3629 170 2806 249 392 82 248 75 23 1 120 19 285 14184 30691 -1 -1 0 0 0 0 7 6 5 6 6 7 6 5 3 6 0 0
"0680f531179316fa" 19 102 365 19 666 14185 23 34 88 322 4603 75 22 15 748 54 545 42 1004 14184 30692 -1 -1 0 0 0 0 5 4 3 5 5 4 3 4 4 4 0 0
"6691ace03916ff4a" 25 23 112 45 412 3703 55 8888 932 152 771 1114 14184 322 75 23 6 2285 15 14184 2 69 40 45 1135 14184 30693 -1 -1 0 0 0 0 6 7 6 7 5 5 4 3 5 6 0 0
"8418d0a477cbccd5" 16 2160 14200 14184 35 38 48 258 857 14185 48 2262 949 19 2268 1008 14184 30694 -1 -1 0 0 0 0 3 4 4 5 6 3 3 4 3 5 0 0
"d82cb5d33bfdfe2e" 17 229 7 14190 2442 67 170 1268 14185 23 209 1268 75 5 7 2 248 14184 30695 -1 -1 0 0 0 0 6 5 6 5 7 8 4 5 4 3 0 0
"5470179f66f8e684" 26 23 112 275 8915 85 14184 2556 3 155 5 7 45 421 14184 322 75 23 34 23 448 15 342 86 325 551 14184 30696 -1 -1 0 0 0 0 6 5 4 6 5 4 2 4 6 4 0 0
"722ef71799fe9800" 20 99 75 2 236 26 0 39 8 14184 347 152 75 2642 800 14184 13 0 427 336 14185 30697 -1 -1 0 0 0 0 7 6 6 5 4 4 3 3 3 3 0 0
"4d780e08052c4d0b" 17 23 6 2285 15 14184 5 241 392 82 248 14184 35 38 48 258 857 14185 30698 -1 -1 0 0 0 0 3 4 4 5 5 3 3 5 4 4 0 0
"0aa59371fb76d74e" 17 5346 1008 3 295 45 8 58 14184 28 288 14190 1649 120 500 2442 894 14184 30699 -1 -1 0 0 0 0 8 6 7 6 6 5 3 4 5 3 0 0
"bcd1cee8b4cbe6f7" 25 739 295 237 1882 35 14201 619 934 75 5 170 275 2709 35 40 6712 14184 0 677 116 175 3076 55 307 14184 30700 -1 -1 0 0 0 0 8 6 7 8 8 7 5 5 2 3 0 0
"fa3f401c4b32b53a" 37 3503 3 7592 135 217 969 75 5 23 13 475 23 1612 48 857 135 10 287 249 7736 2 2807 14184 152 48 1681 271 75 23 179 170 1882 19 48 3271 62 14184 30701 -1 -1 0 0 0 0 7 7 8 5 6 6 6 6 1 4 0 0
"bf353e67ecae7a67" 31 23 25 504 19 237 2 23 6 2285 15 14184 5 75 1237 75 23 13 21 1435 35 2728 14184 85 14202 395 48 1724 152 1565 2472 14190 30702 -1 -1 0 0 0 0 7 8 7 8 8 5 6 7 2 4 0 0
"3e2b0c7524069acd" 38 15 118 45 320 948 75 5 38 492 669 337 42 48 2419 14184 152 45 14203 1581 75 2 4302 55 2556 3 155 14184 159 75 28 0 677 116 175 3076 55 307 14184 30703 -1 -1 0 0 0 0 8 6 8 8 6 7 4 4 2 3 0 0
"2fcc4eb2ccf3c467" 51 150 45 6159 693 42 45 2624 344 75 23 40 19 1048 337 67 170 14204 1540 1464 14184 23 13 475 23 1612 48 491 249 130 45 423 397 152 48 32 2807 14184 152 1332 75 23 179 170 1882 19 48 3271 62 19 11641 14184 30704 -1 -1 0 0 0 0 8 6 8 7 6 6 5 6 2 4 0 0
"948a5b2892b65610" 24 23 400 45 2412 28 241 130 3441 14184 23 14205 75 5 621 75 23 209 1268 14190 159 75 48 1364 14184 30705 -1 -1 0 0 0 0 6 7 8 6 7 8 3 3 3 6 0 0
"d25561ed8c3895c5" 31 50 35 38 616 19 53 14185 318 23 24 129 235 2403 337 19 113 231 1455 14184 170 4601 35 2853 123 14206 170 2339 6048 86 259 14184 30706 -1 -1 0 0 0 0 6 5 4 7 8 6 5 3 2 4 0 0
"993aa5e2421e42eb" 27 1257 71 337 42 2160 14200 75 28 288 14190 536 48 557 75 170 275 2709 35 40 6712 95 14207 28 295 2023 14208 14184 30707 -1 -1 0 0 0 0 8 7 8 6 7 6 5 3 3 4 0 0
"42b34f069f1288aa" 49 23 371 19 129 0 117 82 14190 28 23 34 88 322 4603 75 22 15 748 54 545 75 5 319 1463 5528 800 19 5061 10366 1670 14184 2748 55 4254 75 533 14209 112 307 326 95 287 413 152 48 5255 4522 9149 14184 30708 -1 -1 0 0 0 0 7 6 7 6 7 8 4 5 5 5 0 0
"eacf59704e76334e" 42 23 13 112 45 3703 55 14210 170 1485 67 6426 28 5573 14184 23 34 23 448 15 342 86 325 551 14184 5 19 129 48 1872 152 971 4493 14185 99 75 2 236 26 71 39 8 14184 30709 -1 -1 0 0 0 0 9 7 8 8 7 7 6 5 1 3 0 0
"12badd4f8bd6671c" 35 48 2262 949 19 2268 1008 1161 19 54 412 632 14184 23 112 45 412 3703 55 8888 932 152 771 1114 75 5 23 596 23 13 348 19 1053 54 2741 14184 30710 -1 -1 0 0 0 0 7 6 8 5 6 6 6 5 4 2 0 0
"f170705fcf34900a" 37 14202 1113 187 3503 14184 88 48 2227 2183 135 884 45 8 969 67 235 14184 92 75 0 1 75 0 76 25 13 54 2760 19 11641 28 12449 190 4816 28 1693 14184 30711 -1 -1 0 0 0 0 9 7 8 8 7 5 7 8 2 9 0 0
"cfcacfd52a1211c0" 32 587 519 2 500 45 145 55 8 9156 9157 465 135 9690 82 14184 2838 75 72 651 23 448 6162 19 170 4255 28 3238 170 436 67 71 14190 30712 -1 -1 0 0 0 0 6 6 7 6 7 8 5 6 1 5 0 0
"1ebf7be1e9b3dc3f" 14 2195 19 1565 2472 14185 159 277 75 2 69 40 45 1135 14184 30713 -1 -1 0 0 0 0 5 6 4 5 6 5 4 5 3 3 0 0
"d77bf5388ae94de2" 58 64 35 4090 45 145 55 8 9156 9157 465 135 9690 82 14184 5 23 13 475 23 448 3876 361 135 344 28 3666 2 423 397 75 25 40 841 135 10 287 14184 28 533 307 326 95 287 413 178 116 152 48 5255 4522 413 95 2815 28 266 135 365 14190 30714 -1 -1 0 0 0 0 7 6 7 5 6 6 5 6 2 4 0 0
"58e02a68ff8a41a4" 35 23 2972 337 155 1008 95 1086 14211 95 22 23 51 179 170 1882 19 48 3271 62 14184 536 48 557 75 13 0 427 336 362 365 2116 42 45 33 14185 30715 -1 -1 0 0 0 0 8 3 7 4 5 4 2 4 2 3 0 0
"c11ce518b640bc60" 20 343 75 0 6 112 458 70 4221 545 14190 455 290 75 83 71 464 45 1216 376 14184 30716 -1 -1 0 0 0 0 10 9 6 5 7 10 6 3 3 2 0 0
"59a43986f47760d4" 20 88 40 38 35 48 258 857 14184 5 0 1 75 67 275 2709 249 35 40 6712 14184 30717 -1 -1 0 0 0 0 7 8 5 6 6 8 3 2 3 3 0 0
"5bb56f17bcfda137" 30 533 14209 116 45 70 7522 9 190 14212 575 14184 1237 75 23 21 54 1435 35 2728 14184 102 365 454 19 666 67 45 2176 491 14184 30718 -1 -1 0 0 0 0 6 7 5 7 6 3 2 4 3 6 0 0
"8b339cdf850d9de1" 29 2642 800 28 179 45 3567 4858 14184 14213 135 1565 2472 75 102 348 19 3710 14184 13 0 1997 19 112 45 4281 9 172 6479 14185 30719 -1 -1 0 0 0 0 5 6 8 5 6 2 2 2 2 2 0 0
"87be8453cb83f16d" 30 23 596 23 13 112 45 14214 9 4221 14184 99 75 861 0 376 8 1501 748 0 39 8 14184 159 75 3 2 45 140 4421 14185 30720 -1 -1 0 0 0 0 8 7 5 6 6 10 3 3 3 2 0 0
"3802693588d07db2" 23 587 528 1112 23 112 45 70 4221 545 14184 229 7 536 170 2806 14184 5 23 6 2285 48 3509 14184 30721 -1 -1 0 0 0 0 7 8 4 5 7 8 3 3 3 2 0 0
"82864ff2a43f8730" 29 50 35 38 616 19 53 14185 23 112 54 312 9067 2442 19 3857 14184 72 651 23 6162 19 170 4255 28 3082 1278 123 8549 14184 30722 -1 -1 0 0 0 0 6 5 6 8 7 5 2 4 2 4 0 0
"3916b6bee6f5354c" 35 3503 3 458 45 2227 2183 135 884 45 8 969 67 235 14184 16 0 282 71 45 1268 14185 339 561 48 2910 536 316 170 1882 19 48 3271 336 62 14184 30723 -1 -1 0 0 0 0 8 7 7 6 6 5 2 4 2 5 0 0
"abe23291b8a9d4d5" 16 35 38 48 258 857 14185 38 1100 19 544 152 645 14184 36 152 14190 30724 -1 -1 0 0 0 0 7 8 5 6 6 3 2 2 2 3 0 0
"76a228a88945c7a1" 33 38 51 13 54 14215 92 2760 95 190 1800 14184 23 596 23 13 112 54 2359 2394 982 14184 159 75 492 23 2123 19 2890 319 45 11 3456 14185 30725 -1 -1 0 0 0 0 5 6 8 4 4 4 2 4 2 4 0 0
"2e6f1d59dec9a83d" 37 9690 1063 7 116 48 407 9 45 1702 180 75 5 64 35 45 145 55 8 75 9156 9157 465 82 14184 28 23 112 275 8915 249 314 209 19 129 15 86 14184 30726 -1 -1 0 0 0 0 6 5 4 6 7 4 2 5 2 7 0 0
"4c56f99b3aa34598" 31 88 651 2160 14200 415 75 5 23 34 15 3 322 4603 22 15 748 54 545 42 1004 14184 4090 75 48 2262 25 949 19 2268 1008 14184 30727 -1 -1 0 0 0 0 5 4 6 5 4 3 2 4 2 4 0 0
"0b797508df1d8068" 38 0 6 112 458 70 4221 545 14184 23 112 45 412 3703 55 8888 932 152 771 1114 9 170 496 4221 14216 14217 14184 0 677 116 175 3076 55 190 14218 545 55 266 14184 30728 -1 -1 0 0 0 0 9 8 6 6 7 8 3 3 4 2 0 0
"96c87879d8550c45" 24 170 4601 35 155 2853 123 170 802 6450 14184 159 75 140 4421 14185 455 290 28 83 71 129 190 8547 14184 30729 -1 -1 0 0 0 0 6 5 7 4 4 3 2 3 2 3 0 0
"2d388b590f4e4dc0" 16 2556 3 155 75 57 175 110 14184 5 16 1782 235 113 231 1455 14185 30730 -1 -1 0 0 0 0 7 6 6 7 5 6 3 2 4 4 0 0
"96cb07b582c0e0dd" 16 23 34 23 448 15 342 86 325 551 14184 33 9 54 2760 85 14184 30731 -1 -1 0 0 0 0 6 7 7 6 6 6 5 4 3 4 0 0
"30dfef2e0fcef7d1" 28 319 1413 75 51 15 116 6166 135 48 164 606 324 14185 38 492 63 19 48 2419 75 5 48 2262 949 19 2268 1008 14184 30732 -1 -1 0 0 0 0 7 6 6 6 6 6 4 4 4 3 0 0
"f6e9d93035dd4b3b" 18 23 371 19 129 5574 82 14190 28 45 275 8915 72 23 6162 19 170 4255 14184 30733 -1 -1 0 0 0 0 6 8 7 7 6 7 5 4 4 4 0 0
"5d64b2920f403ebf" 19 533 307 326 287 413 178 116 152 48 5255 4522 413 75 229 7 48 4772 3098 14190 30734 -1 -1 0 0 0 0 7 8 7 6 6 7 5 4 5 5 0 0