"56b8b10e70d62c19" 8127 1925
"ac0b711156cb5c42" 3742 8851 7036
"0bb980a32178bbf3" 2456 1931
"ecd9f3e19e2a6940" 1928 18553
"193c3f5fdeec68b0" 13075 10093
"25cd2a0230c4c40c" 3383 15194
"3aea1ac52c106a59" 13480 9240 3258
"22c6e3fbdcd56df7" 13832 6733
"06a595adead06085" 1080 9243
"8d29eb81f191f886" 13073 12281 625
"5eb8f569e2a2679a" 70 10444 12682
"bcf1dca89fed81f5" 6539 234 17757
"831fdee0d2b72e35" 18967 16608
"1d6e3a05ce11e02a" 7225 11839
"b1882f3a8472772d" 7813 9901
"b6602387586f10f2" 11708 11122
"f9829de81a6649b6" 2354 12072
"a19a9c7798c3a3cc" 3262 1991 2056
"c0da6cbec2d8750d" 2694 7225 13480
"212c8af465a36b2c" 12281 1931 11673
"37e20f0035d0a08f" 13832 6539 8851
"8d8b3a05ce11e02a" 7225 70
"8e3b94f13eea29db" 31 3360 1928
"ff0bd0c5fae1c620" 3742 12072 16608
"7b1d178b40130b9d" 9243 2694 6733
"833a232764b26d54" 13 7138
"73fc2a0230c4c40c" 3383 11839
"ebe795adead06085" 1080 18553
"5c7ddee0d2b72e35" 18967 10093
"5e19ade83f48f5c4" 11673 8127 12072
"e9a584ac568c3a0d" 12281 2354 234
"2c972b30fcb3fcff" 3742 3262 1925
"fe540557aede0ce3" 625 7813
"0811027b89b3aac0" 9243 7036 9240
"ecdfbf04a0e55d21" 12682 18553 2694
"4503aa92952396b1" 3262 12281 1080
"1fcb80a32178bbf3" 2456 10444
"e18444e57044542c" 7225 13073 18967
"2a9debb45c90be25" 1991 15194
"0e4445233a4d061c" 1931 11122 12682
"181e3f5fdeec68b0" 13075 17757
"ebddba2cfce270a4" 13 3742 15194
"11ff1387586f10f2" 11708 9240
"3a01570e94a2ad7e" 2056 2354 1928
"7a2e9418e06a14f3" 11708 18553 17757
"502f21e025357803" 12274 234 9240
"c981cbf09f66075f" 4072 14351 12840
"4b3ce7f9387e9d63" 11211 10296
"aa3c4ebf03157ecc" 8655 250
"354a851fbc9c8dce" 13485 2269
"e8683313fbfb0e9a" 19471 12829 7845
"e08c33151409b4d2" 18181 14368
"b108f6b9d4c2f13d" 17915 15699 12840
"a529d255a38f90a6" 5487 18570
"bf1d3b856d3712b6" 14067 19319
"79153509743d0726" 16119 14815
"6ee141fe4a6dad80" 14354 19471
"f4e5102ad4d3bf0b" 19096 5487 11211
"25fcc66d4dc3d4c9" 14770 16219
"1edfb2ac946292d5" 10710 13234 2120
"d87edd5dc5075d7b" 18933 5487
"ccf208233149c865" 5906 18933
"8955db947cb9b7aa" 15715 3713 14631
"851d47b1aeae8852" 7461 19529 941
"e489ed0ebf5905a7" 7948 2117
"067cf2827b6c72f7" 265 7230
"51b6c62c86d8da82" 653 9023
"c8fced33e902894a" 2560 3103
"10a169f9bcceeb3c" 12118 8922 17376
"854344590b0c3db8" 7230 2117
"39bcf2827b6c72f7" 265 8305
"80c2e2b33cdb23d0" 17376 12110 14057
"6d15c62c86d8da82" 653 2560
"07163cf7ee8f983c" 8922 8305
"3e4ed3741e238463" 4393 8225
"491a5779d71788bc" 17376 7230 2117
"b02ef2827b6c72f7" 265 14057
"f7d9f9381dc565fc" 9023 3103
"07d7a4710b558c7a" 7948 8922 4393
"e83eed33e902894a" 2560 8225
"0ae244590b0c3db8" 7230 653
"57dd7fc1fce44a03" 8225 14057 12110
"ca6eed33e902894a" 2560 9023
"4405508368789d0e" 8305 8922
"6929ed0ebf5905a7" 7948 653
"92260176eb62d763" 12118 4393 2117
"9cd598d14111e0d9" 3103 265
"a393efde14b9e744" 8225 17376
"0ba6c62c86d8da82" 653 8922
"f5fbed0ebf5905a7" 7948 12118
"c04f129efadf2f87" 12110 7230 3103
"70dcd3741e238463" 4393 2117
"3bfe8d4c916517b1" 8305 8922 9023
"366fdfde14b9e744" 8225 265
"cf3a48f7f8bbacfd" 8922 17376 14057
"1d1bf9381dc565fc" 9023 8305
"454c380d7b96cb1b" 7948 12110 4393
"f02a27fcd4616979" 14057 653
"a8df6937361f3501" 12118 9023
"47a972db34f11a39" 265 17376 8922
"505698d14111e0d9" 3103 2117
"16b544590b0c3db8" 7230 12110
"0b858c57032a8005" 17376 12118 4393
"9629f9381dc565fc" 9023 265