"309d3e45a1fb093b" 17 23 1501 1701 2150 495 67 170 247 56 75 28 2 2885 3 25 45 2376 30823 -1 -1 0 0 0 0 7 7 6 4 8 6 2 3 6 5 0 0
"dc962d8538b9f036" 30 364 24 0 25 116 1721 187 190 4224 14185 319 295 204 2346 1161 19 170 6611 14184 13 0 547 21 187 3371 19 439 135 1548 14185 30824 -1 -1 0 0 0 0 6 8 5 7 6 6 4 6 4 7 0 0
"2d5b240a599e3c6f" 12 73 448 45 3367 558 28 241 3 25 82 2889 14190 30825 -1 -1 0 0 0 0 8 7 7 9 5 8 4 3 7 6 0 0
"1b4dba4a6b1e377a" 12 92 2886 75 364 582 23 25 21 55 2 2706 14185 30826 -1 -1 0 0 0 0 6 6 7 6 6 7 5 4 4 5 0 0
"04b0b4019ad4020f" 10 110 1164 75 492 126 1136 669 337 6783 14185 30827 -1 -1 0 0 0 0 5 7 6 5 7 5 3 4 4 5 0 0
"08c41a83d33f44a7" 21 241 14240 285 3426 71 14184 23 504 19 116 45 597 75 22 57 364 319 135 172 2055 14184 30828 -1 -1 0 0 0 0 7 6 6 5 6 6 5 9 7 8 0 0
"1d184a282c57a3ba" 24 23 1063 116 127 14192 75 5 23 24 3491 2997 14184 6732 14190 88 528 22 443 402 10 32 2317 1240 14184 30829 -1 -1 0 0 0 0 8 7 7 6 7 6 2 2 5 4 0 0
"d874d92d02407499" 13 14241 116 352 75 1649 402 126 2048 86 948 32 948 14184 30830 -1 -1 0 0 0 0 6 5 5 4 6 6 4 4 4 3 0 0
"a0c9442085ad374e" 10 264 14190 126 6102 36 1278 75 102 14242 14184 30831 -1 -1 0 0 0 0 7 6 6 8 6 5 5 5 6 5 0 0
"41dd3e34e60612c2" 30 23 118 2468 19 113 170 326 1196 48 164 259 75 5 959 40 243 1503 495 9 48 592 14184 12 76 0 116 22 1390 187 14185 30832 -1 -1 0 0 0 0 7 6 6 7 6 6 5 5 4 4 0 0
"ca36349863895f8c" 30 23 118 22 1362 123 289 290 48 291 42 170 292 14184 23 25 4386 67 45 1690 135 386 537 14184 12 1573 196 0 1180 135 14185 30833 -1 -1 0 0 0 0 6 6 6 6 6 6 5 5 7 7 0 0
"cb1cfda731100dc2" 30 25 455 152 9 45 97 75 23 1977 1450 116 1206 15 14184 38 51 664 48 618 665 3579 75 28 1450 17 1048 190 1693 1452 14184 30834 -1 -1 0 0 0 0 7 6 6 6 7 6 6 4 6 6 0 0
"5f58c3b117c63c72" 24 23 1 5318 35 70 9 1179 48 597 1278 75 5 9056 35 8 82 14184 28 1265 1278 231 4267 6426 14190 30835 -1 -1 0 0 0 0 8 6 5 5 6 6 4 3 5 3 0 0
"37544ffc72952a07" 23 28 499 75 25 574 71 2770 9 45 649 1178 14184 5 48 410 38 1582 118 322 22 248 81 14190 30836 -1 -1 0 0 0 0 7 5 5 3 6 7 3 4 4 3 0 0
"334e542f7d4ade3b" 18 48 2182 2183 490 1274 19 2813 6202 661 75 5 23 21 867 1114 4351 492 14184 30837 -1 -1 0 0 0 0 8 4 5 4 4 6 5 2 3 3 0 0
"872c0f824c125e46" 21 236 14243 25 439 681 1278 92 16 38 129 661 806 14185 6017 73 2428 806 135 48 776 14190 30838 -1 -1 0 0 0 0 3 6 5 6 7 4 4 7 2 5 0 0
"460262828a8596b0" 23 23 25 2970 337 28 1463 112 45 204 88 1070 116 45 2985 259 75 318 241 130 3441 42 71 14184 30839 -1 -1 0 0 0 0 3 4 3 5 3 4 5 4 3 3 0 0
"8e333289b819f4a9" 18 1735 328 75 867 14190 364 492 0 77 2 14185 14202 376 42 48 1360 558 14184 30840 -1 -1 0 0 0 0 6 7 5 6 5 6 3 3 4 4 0 0
"70c4efc8422ff16e" 22 14202 559 75 5 51 0 499 574 71 2770 14185 28 25 19 8263 75 23 13 7 3491 2997 14184 30841 -1 -1 0 0 0 0 8 6 4 7 8 6 2 2 4 6 0 0
"ac32c44b24febee9" 40 243 112 1503 495 9 48 592 75 22 14202 559 14190 28 492 0 485 14185 241 3 2889 82 14184 5 295 1048 135 1693 75 82 248 3078 51 4034 235 19 112 127 6376 4517 14184 30842 -1 -1 0 0 0 0 9 8 8 7 6 9 4 4 4 9 0 0
"da1b3b17c9991b07" 36 2 16 116 352 75 25 455 152 48 732 9 45 97 14184 445 23 40 19 2123 187 170 6611 75 5 445 73 6681 337 152 71 28 574 71 204 2346 14184 30843 -1 -1 0 0 0 0 5 6 3 6 3 4 5 4 4 6 0 0
"feac8083e48cd3d5" 22 499 75 25 574 71 2770 36 85 14184 23 118 289 290 48 291 42 170 292 28 319 1159 14184 30844 -1 -1 0 0 0 0 3 4 2 3 2 4 3 4 2 2 0 0
"d043452571d45b53" 24 343 75 1105 2234 150 151 152 153 150 126 236 152 10227 14184 3 2 22 14185 92 3 15 25 2886 14185 30845 -1 -1 0 0 0 0 5 6 7 5 4 3 2 2 3 4 0 0
"b61157acf582f8ac" 27 364 24 0 377 19 116 4223 187 190 4224 786 55 469 3441 42 71 14185 339 13 48 258 28 1265 1278 217 14244 14184 30846 -1 -1 0 0 0 0 6 4 3 7 5 5 4 3 4 6 0 0
"7058be1c3a4dace9" 27 70 734 75 867 14190 126 6102 36 1278 28 38 51 86 559 14184 28 126 7387 15 75 126 2048 86 948 32 948 14184 30847 -1 -1 0 0 0 0 9 7 8 9 8 5 3 2 3 6 0 0
"41ccd0857c42e1f4" 22 14202 14245 14184 23 504 19 297 135 75 0 504 19 63 495 14184 364 7 63 19 45 1333 14185 30848 -1 -1 0 0 0 0 7 5 4 6 6 6 3 3 4 5 0 0
"ad4c46a02a84efbf" 25 241 1491 152 3426 71 48 634 33 75 5 48 410 118 22 248 81 75 23 953 17 5 112 45 3367 14184 30849 -1 -1 0 0 0 0 5 7 4 5 4 6 3 3 4 4 0 0
"ebcc6ba1b2c2c734" 24 587 295 528 135 6643 55 0 75 4536 14246 14184 57 45 1905 58 75 364 492 23 7 21 55 2 14185 30850 -1 -1 0 0 0 0 7 6 4 6 5 6 3 3 4 6 0 0
"bf36731eb00347d4" 20 23 118 2468 152 469 45 90 75 5 9056 35 8 82 14184 492 126 669 337 6783 14185 30851 -1 -1 0 0 0 0 6 5 4 5 4 4 3 3 3 4 0 0
"2f7bf8df4bcb8b67" 43 23 1 3130 33 67 45 2624 1545 51 4034 235 19 112 127 6376 4517 75 3503 71 14184 23 563 112 45 145 55 247 56 75 5 318 241 130 3441 42 71 75 23 384 112 19 10408 14184 30852 -1 -1 0 0 0 0 6 5 3 6 5 4 4 4 4 5 0 0
"b024564994a1a6a8" 21 959 40 243 1503 495 9 48 592 14184 23 25 2970 337 28 85 14247 664 48 618 665 14190 30853 -1 -1 0 0 0 0 7 8 8 7 6 9 5 5 6 5 0 0
"ed74f95895180242" 23 364 24 0 377 19 116 4223 187 190 4224 14185 982 3 328 28 23 51 59 2 2885 14248 1492 14184 30854 -1 -1 0 0 0 0 6 9 7 5 6 6 6 4 4 3 0 0
"a0e12572a24140e7" 17 12 35 0 22 1390 187 14185 492 48 2182 2183 377 19 2813 6202 0 14185 30855 -1 -1 0 0 0 0 7 7 6 4 5 5 5 5 4 4 0 0
"51e4a6958b8c3b54" 24 126 6102 36 1278 28 319 1413 75 13 0 547 21 187 3371 19 439 135 1548 14185 6732 75 48 14249 14190 30856 -1 -1 0 0 0 0 6 7 6 7 7 8 5 6 6 6 0 0
"0838f5a783256d5a" 19 12 1573 196 0 1180 135 14185 364 582 23 21 55 2 2706 14185 14202 559 558 14190 30857 -1 -1 0 0 0 0 7 8 7 8 7 8 5 5 6 6 0 0
"cd5d0f8aa59a6d4c" 16 982 3 328 28 959 40 243 1503 495 9 48 592 14184 3919 264 14190 30858 -1 -1 0 0 0 0 7 8 7 7 6 8 5 5 6 5 0 0
"b450080ee96a2dbb" 18 492 0 59 14185 73 448 45 3367 14190 159 75 28 23 4386 135 386 537 14184 30859 -1 -1 0 0 0 0 8 9 9 8 6 6 5 5 4 6 0 0
"72b518676b2b7dda" 23 28 574 71 2770 75 499 14184 23 118 2468 152 933 170 326 1196 345 75 5 9056 35 8 82 14190 30860 -1 -1 0 0 0 0 6 7 5 5 7 7 4 4 4 4 0 0
"ee3f462588df4a59" 21 364 492 0 77 2 14185 23 504 19 116 45 597 75 22 319 135 2 2055 55 885 14184 30861 -1 -1 0 0 0 0 6 8 6 6 7 7 6 5 5 6 0 0
"1e21069612e7dfed" 21 28 241 3 2889 82 14190 6017 2687 2428 806 135 48 776 14184 12 1573 196 0 1180 135 14185 30862 -1 -1 0 0 0 0 7 8 5 8 7 6 5 5 5 6 0 0
"64f53478136052fb" 15 83 71 224 0 45 110 1164 14184 15 1813 1048 190 1693 1452 14190 30863 -1 -1 0 0 0 0 8 7 7 5 6 8 6 5 5 6 0 0
"26856942c92d1512" 31 83 71 25 237 172 14184 364 24 0 377 19 116 4223 187 190 4224 14185 23 504 19 116 45 597 75 22 23 333 135 2 2055 14184 30864 -1 -1 0 0 0 0 6 8 6 6 6 6 6 5 5 6 0 0
"f13dfe6dce2d9d56" 19 3 126 25 2340 681 1278 92 3 64 336 19 48 1164 14185 6732 75 23 129 14184 30865 -1 -1 0 0 0 0 7 7 8 5 5 7 6 5 5 5 0 0
"b2b7f22aebf40912" 24 224 71 75 492 0 129 48 734 982 14185 23 25 2970 337 14184 159 75 28 492 0 59 187 2886 14185 30866 -1 -1 0 0 0 0 7 7 7 6 5 6 4 6 5 4 0 0
"336104be27751782" 30 13 0 1 72 126 2516 681 1278 92 3 64 403 1103 14185 364 582 23 21 55 2 14185 15 6 236 17 1048 190 1693 1452 14190 30867 -1 -1 0 0 0 0 6 7 6 6 5 7 6 4 5 6 0 0
"44760abbf1af03a3" 26 67 22 109 194 3793 75 15 51 116 4456 19 683 48 8 220 14184 5 111 14247 664 48 618 665 75 6732 14184 30868 -1 -1 0 0 0 0 7 7 9 8 8 6 4 5 6 7 0 0
"44630baf3de23fb4" 31 48 808 854 3 651 3372 3373 45 259 75 159 57 961 14190 5 319 335 15 51 26 1440 530 14184 12 35 0 616 19 292 9 14185 30869 -1 -1 0 0 0 0 6 8 7 5 6 5 2 4 3 5 0 0
"075b47ab822859b6" 38 83 71 224 0 75 172 2698 3 320 14190 533 38 213 348 19 1601 135 365 55 231 9512 0 51 1048 135 190 1196 22 0 779 112 19 77 9 45 3266 806 14184 30870 -1 -1 0 0 0 0 8 9 8 7 6 8 2 3 4 5 0 0
"764bf8bf71bf15f5" 21 319 426 75 5 23 118 495 152 48 698 55 2057 28 23 582 490 2510 2 571 692 14184 30871 -1 -1 0 0 0 0 3 6 5 4 3 4 2 3 2 5 0 0
"999e66be114b7832" 16 13 0 40 6409 14185 23 112 19 237 75 0 35 295 22 3179 14184 30872 -1 -1 0 0 0 0 8 6 7 6 6 9 8 6 6 5 0 0
"3a65e5a9408c6956" 17 14202 464 172 616 14190 69 40 0 912 19 116 48 258 42 172 641 14184 30873 -1 -1 0 0 0 0 6 8 7 7 5 6 3 4 3 5 0 0
"471886fa43e32231" 18 25 22 0 1 75 5930 3 175 5208 14184 28 4115 75 23 24 932 661 14184 30874 -1 -1 0 0 0 0 4 7 6 5 4 3 2 4 4 6 0 0
"53fff5f8fb2331ca" 27 23 25 1559 337 19 7632 75 492 0 1 14185 319 45 2660 1031 14184 14184 14184 12 35 0 616 19 292 9 806 14185 30875 -1 -1 0 0 0 0 5 7 6 6 5 4 2 3 3 5 0 0
"d4d1bfbe1d684d4f" 27 72 0 14229 528 75 48 3289 2057 3478 3 47 1200 48 1156 14184 70 9 45 259 55 2339 28 533 490 54 5545 14184 30876 -1 -1 0 0 0 0 6 8 7 8 8 6 6 5 4 4 0 0
"10e0aa9493e7e2a7" 26 1216 14250 14196 319 1136 45 1216 33 2433 14184 5 135 170 435 33 75 23 40 19 1892 837 2499 9 170 56 14184 30877 -1 -1 0 0 0 0 0 0 0 0 0 0 0 0 0 0 0 0
"b9cc7240764aeb27" 18 170 511 14185 159 75 0 1 75 25 6848 243 40 3659 135 170 4659 33 14184 30878 -1 -1 0 0 0 0 5 7 7 6 4 4 3 3 4 5 0 0
"5b67e853c1b2e091" 22 152 4608 75 23 40 19 26 4612 9 170 613 14184 5 943 187 71 75 14202 464 172 616 14184 30879 -1 -1 0 0 0 0 5 7 7 6 5 6 3 3 3 5 0 0
"3f8b58818eb23031" 26 150 72 529 135 9084 1108 5821 943 75 23 112 19 1394 67 325 320 301 42 48 3289 2057 3478 1200 48 1156 14184 30880 -1 -1 0 0 0 0 5 8 7 8 8 4 3 7 4 6 0 0
"4341eb0a60c36812" 29 25 22 0 1 75 23 333 1971 42 48 669 55 172 173 14184 28 99 75 23 13 103 19 389 817 55 105 64 3 14184 30881 -1 -1 0 0 0 0 7 7 8 7 6 7 6 4 4 5 0 0
"cb29be2f2e40c451" 36 5 23 130 1028 15 28 85 319 415 75 876 170 2664 775 1216 33 14184 118 15 45 145 55 745 14185 393 0 175 248 75 5 57 7 888 19 71 14184 30882 -1 -1 0 0 0 0 7 9 8 6 5 4 3 5 3 6 0 0
"e43cbf9a9ba76992" 22 88 170 326 1145 55 292 28 48 3289 2057 3478 3 25 47 1200 48 1156 14184 352 75 4180 14185 30883 -1 -1 0 0 0 0 6 6 7 5 6 6 4 3 4 3 0 0
"0ef9a3510c9ce21b" 21 14213 7 25 186 187 5426 415 14184 14184 14184 88 170 326 1145 55 292 28 88 155 352 14184 30884 -1 -1 0 0 0 0 5 5 7 5 5 5 4 3 4 3 0 0
"487c55fd686d4418" 32 170 421 105 3 963 7 48 7971 75 5 64 35 1753 55 4211 739 152 48 1685 14184 12 13 0 13 9 45 2340 19 476 458 243 14185 30885 -1 -1 0 0 0 0 3 5 6 6 6 7 5 7 4 8 0 0
"a9568b57ce2fe999" 20 319 45 6069 693 28 319 155 8 42 15 14184 88 352 19 138 864 300 745 806 14184 30886 -1 -1 0 0 0 0 8 6 7 5 6 6 7 3 6 4 0 0
"fe315fb4affe32bf" 16 22 75 126 677 112 1801 453 1114 318 172 3 45 6 1564 5042 14184 30887 -1 -1 0 0 0 0 4 6 7 6 5 7 4 7 3 3 0 0
"45d3935f35b7272e" 18 23 295 718 73 25 5804 15 152 190 715 14184 14184 14184 889 9 11256 71 14190 30888 -1 -1 0 0 0 0 6 7 6 5 6 6 4 3 4 4 0 0
"210732160ca23788" 15 241 677 116 1428 7 19 3226 12 118 126 118 878 19 237 14184 30889 -1 -1 0 0 0 0 5 4 4 7 5 5 4 6 4 2 0 0
"840b0642f2053b59" 13 0 1100 19 116 135 45 2386 14184 23 582 1 15 14184 30890 -1 -1 0 0 0 0 4 3 5 5 4 4 3 3 4 3 0 0
"3ec4a432fbaabb94" 27 14251 48 2183 14185 23 371 126 448 45 8 1103 9 7 2165 337 14184 28 499 75 13 7 1265 217 7540 135 15 14184 30891 -1 -1 0 0 0 0 3 6 6 5 7 4 3 4 4 3 0 0
"7439835c69623424" 13 889 9 1341 71 187 172 1213 14184 88 6 45 1564 14184 30892 -1 -1 0 0 0 0 6 7 7 7 6 7 4 6 4 4 0 0
"0cacbc381b70c688" 21 23 295 718 73 25 5804 15 152 190 715 14184 159 166 75 38 51 295 179 45 2084 14184 30893 -1 -1 0 0 0 0 5 5 5 5 6 5 4 3 3 3 0 0
"18c8890e90677111" 31 5 499 75 13 7 1265 217 7540 135 15 14184 2 118 6 352 55 0 14190 23 112 19 639 19 48 344 50 170 2761 2040 3754 14184 30894 -1 -1 0 0 0 0 6 8 7 6 7 5 3 6 5 7 0 0
"500e26dee4c119af" 14 241 677 116 1428 7 19 485 2 571 135 458 45 2386 14184 30895 -1 -1 0 0 0 0 4 5 6 7 5 5 4 4 3 3 0 0
"ebb251ceb8494194" 19 23 371 126 448 45 8 1103 9 7 2165 337 14184 38 51 295 179 45 2084 14184 30896 -1 -1 0 0 0 0 3 5 6 5 7 5 4 4 3 3 0 0
"aa510a68ae4bc0d7" 30 23 1754 880 2181 48 4610 55 45 145 55 955 536 25 365 259 75 22 23 34 38 314 40 19 26 48 363 55 15 85 14190 30897 -1 -1 0 0 0 0 4 7 6 7 6 6 4 6 4 7 0 0
"d19676e594fd01b5" 24 5 31 75 24 1265 217 7540 135 15 14184 889 9 1341 71 75 28 3503 71 75 88 45 1414 1564 14184 30898 -1 -1 0 0 0 0 7 9 8 3 6 8 2 2 3 3 0 0
"07375a9aeb740f9e" 35 1282 23 1274 15 139 75 23 718 73 25 5804 15 152 190 715 14184 85 75 23 490 639 19 48 344 50 170 2761 3445 3754 22 23 51 464 336 14190 30899 -1 -1 0 0 0 0 8 8 9 7 9 7 6 3 6 5 0 0
"839baf2f8bd1b657" 16 12 118 126 863 14185 23 582 1 15 118 616 19 116 172 7113 14184 30900 -1 -1 0 0 0 0 7 6 7 5 6 8 4 6 4 4 0 0
"08bdad3d4af81e0a" 41 22 126 677 112 1801 453 1114 19 116 808 14184 23 371 126 448 45 8 1103 28 582 578 86 48 81 14184 23 880 2181 45 4610 55 45 145 55 955 536 365 259 75 2294 14184 30901 -1 -1 0 0 0 0 8 7 6 7 7 9 8 8 5 5 0 0
"20c960cab075f074" 18 0 1100 19 116 135 45 2386 75 5 23 314 40 19 179 48 9157 6218 14184 30902 -1 -1 0 0 0 0 6 5 8 4 5 5 4 3 3 2 0 0
"12aff8756720bce3" 21 889 9 1341 71 75 5 23 21 241 677 116 1428 14184 241 14252 5884 19 583 14253 811 14184 30903 -1 -1 0 0 0 0 6 7 7 5 5 6 4 3 3 2 0 0
"dfe23d9306aa822b" 34 38 314 40 19 237 393 0 9 2966 18 14184 23 490 2639 19 48 344 50 170 2761 3445 3754 22 23 14240 578 15 14184 2 118 352 55 0 14184 30904 -1 -1 0 0 0 0 8 7 7 6 8 6 5 3 6 5 0 0
"0ee576f688d3fb02" 13 0 1100 19 116 135 45 2386 14184 12 118 126 876 14185 30905 -1 -1 0 0 0 0 6 5 6 4 5 5 4 4 3 3 0 0
"b4751a6075265d84" 30 38 51 25 179 45 2084 14184 23 371 126 448 45 8 1103 9 7 2165 337 75 14213 616 19 112 22 248 81 774 661 309 14190 30906 -1 -1 0 0 0 0 7 7 6 7 8 9 8 7 5 6 0 0
"89594afc554d7b69" 27 22 126 677 112 1801 453 1114 72 126 51 347 14184 241 677 116 1428 75 23 24 1 288 241 582 59 48 560 14184 30907 -1 -1 0 0 0 0 7 7 6 6 5 7 5 4 6 4 0 0
"09580a12992c7578" 35 288 3 48 2183 14185 23 371 456 545 55 1127 3 152 437 75 318 339 116 456 4610 686 14184 23 51 1463 224 172 3 616 19 116 45 1564 948 14184 30908 -1 -1 0 0 0 0 7 8 7 6 8 9 7 5 4 5 0 0
"bdd147ff52a85d98" 28 23 582 1 15 118 172 14254 14184 23 718 73 25 5804 15 152 190 715 75 5 343 75 48 2202 55 1660 3 312 14184 30909 -1 -1 0 0 0 0 6 5 7 4 6 7 5 4 5 3 0 0
"aa13ffc07799944d" 25 38 314 40 19 377 15 75 5 13 71 45 2910 28 24 1265 217 7540 135 15 14184 319 7 45 3463 14184 30910 -1 -1 0 0 0 0 6 7 8 4 5 6 2 2 3 2 0 0
"d35c23ed343a3633" 28 241 677 116 1428 75 318 23 14194 927 364 241 14240 504 19 347 14184 23 371 126 448 45 8 1103 9 7 2165 337 14184 30911 -1 -1 0 0 0 0 7 7 6 6 5 7 5 4 6 4 0 0
"1fbd8eaefb769a13" 35 22 126 677 112 1801 453 1114 19 639 14184 166 75 23 371 73 1 971 557 290 75 318 23 112 102 58 14184 288 3 48 2183 75 536 48 557 14185 30912 -1 -1 0 0 0 0 6 5 7 5 5 5 4 4 2 2 0 0
"0234f02bf3ee0f77" 13 2 118 352 55 0 19 3857 14184 23 582 1 15 14190 30913 -1 -1 0 0 0 0 8 9 7 9 9 6 3 1 5 4 0 0
"bf16eb53adf52b7d" 27 23 14255 6366 4046 48 14256 55 45 145 55 955 536 25 365 259 14184 28 83 71 224 0 75 57 45 1564 1164 14190 30914 -1 -1 0 0 0 0 8 8 8 7 9 7 4 3 4 4 0 0
"7af7a1c65d4aa077" 24 14247 25 179 45 2084 786 14184 6017 75 126 448 45 8 1103 9 7 2165 337 14184 12 118 126 863 14185 30915 -1 -1 0 0 0 0 8 8 8 8 7 7 5 6 6 6 0 0
"241daaae1cc3a22b" 24 38 314 40 19 3335 190 3142 14184 536 48 557 75 23 726 19 21 73 25 5804 15 152 190 715 14184 30916 -1 -1 0 0 0 0 7 8 6 8 9 7 5 3 3 2 0 0
"4d8ea506eba55913" 32 23 371 126 448 45 8 1103 9 7 2165 337 14184 536 48 557 75 24 1265 217 7540 135 15 14184 23 295 639 19 170 14257 3754 344 14184 30917 -1 -1 0 0 0 0 8 8 7 8 6 6 6 5 5 3 0 0
"6e6c6eddc9b6aae8" 16 12 118 126 863 14185 88 338 75 38 51 25 179 45 2084 786 14184 30918 -1 -1 0 0 0 0 8 8 8 8 6 6 5 7 6 6 0 0
"89c5a5895bf78527" 25 22 126 677 112 1801 841 1114 14184 2 118 352 55 661 14184 23 3306 5568 4046 45 2412 536 25 365 259 14184 30919 -1 -1 0 0 0 0 8 9 8 7 8 7 4 3 4 4 0 0
"c7264fb76cad9ae9" 21 23 295 112 19 639 19 170 14257 3754 344 14184 241 677 116 1428 14184 319 295 14258 1492 14184 30920 -1 -1 0 0 0 0 6 4 7 4 5 5 8 3 4 5 0 0
"da58611529e329ea" 9 14251 48 2183 14185 12 118 126 863 14185 30921 -1 -1 0 0 0 0 7 6 8 7 6 6 5 4 5 6 0 0
"bb86f42f169c7e0e" 37 23 726 19 21 73 25 5804 15 152 190 715 14184 159 75 28 499 24 1265 217 7540 135 15 14184 28 23 335 371 126 448 45 8 1103 9 7 2165 337 14184 30922 -1 -1 0 0 0 0 8 8 6 8 9 7 5 4 4 3 0 0
"96f7f9f8ba97218a" 16 23 582 1 2 14190 28 83 71 224 0 75 88 45 1564 6372 14184 30923 -1 -1 0 0 0 0 7 8 8 9 9 6 4 2 5 4 0 0
"d0045de4b3b8850f" 12 889 9 5539 2 14184 2 118 22 352 55 0 14184 30924 -1 -1 0 0 0 0 8 9 7 9 9 6 2 1 5 4 0 0
"68427746aa704fd0" 29 5 499 24 1265 217 7540 135 15 14184 14251 48 2183 876 75 309 14185 28 23 1699 1837 48 1187 55 955 536 25 365 259 14184 30925 -1 -1 0 0 0 0 8 7 7 8 4 6 5 5 4 5 0 0
"523c7661fe41d9c0" 20 12 118 126 863 14185 536 48 557 75 492 0 1 73 25 5804 15 152 190 715 14185 30926 -1 -1 0 0 0 0 8 7 7 7 8 7 5 3 3 2 0 0