"8ce2d3e4af29177b" 20557 1074
"5c4e67bb69ee2a9f" 272 12680
"0ce50c1f61d56483" 15703 13493 663
"e22e54421e3945bf" 10088 1074 13235
"696d5b9da8c45fde" 18702 4083
"decb6e84172c8c4b" 6691 249
"3abc24dc2d711393" 1467 17143
"f221e9b02c2b1fd0" 18157 3357 13240
"72c5185aa988cee4" 8119 10927
"f9c8876d6122d867" 647 663
"a35dae8c68bb5258" 13235 663 3931
"4db4e79435e99944" 3192 6735
"8b44a7fa2dbb6d47" 7120 1467
"30c93103b5bc6efc" 5774 18702 20550
"bc9837bfec881691" 23 7027
"b7151e46c9e6bf40" 3477 7701 8068
"f3099ef4268f8d46" 8068 11294
"5b9e5f731b65b0b5" 14366 15277 7701
"8c1bc5a6a6f5b4df" 12606 13493
"08e5681b8cac11f7" 1935 272
"c041b6f01d828a1e" 13476 5451
"796ddee4d3be782a" 3931 10443
"ee51078cc50e587e" 12680 7833
"e8e3413692ea272f" 5917 10088
"0c3ce48c76b71893" 20550 1074 8119
"43975513404679c0" 13236 8867
"ec21439d671abdd0" 14366 1923 7120
"754a876d6122d867" 647 6735
"9e73cc1901e8782b" 14765 7027
"717ef7fd079054c2" 11294 13476
"2131f99d424f0da1" 1923 12606
"f99f67dce44774d3" 5451 8867
"4795d1b1f2a9ea19" 1467 14765 10927
"308c67acaaee673a" 3357 12680 14765
"b603476b952ed897" 7833 249
"55d4e79435e99944" 3192 7120
"b898b5eac8f2431e" 8867 13236 1923
"7ca33ab62f272de2" 13235 1074 11081
"603806e6a78077cd" 6691 8119 663
"560f2fb293eaeaf2" 13493 647
"1879bf6c84dab1d6" 14366 18702
"435ddee4d3be782a" 3931 10088
"905fa5fcac526a8d" 17143 18157 10088
"e2bfe31c426aa05b" 5557 11081 7027
"705469769b89e170" 14765 663 11294
"eadc2d0fb1e4893f" 3477 23 3357
"adbf4407342d2531" 7522 4083
"7e0a73b0aca21642" 6735 8119
"c4955d61dd56f13f" 7702 12097
"998501350572b890" 18566 7679 11687
"214076c6cd5144ba" 18156 4575 15978
"3ad0fd5325a4394d" 11498 9684
"513ae5792a81addb" 18160 11128
"ba7828d21a46aa5f" 17919 3491 1284
"b4c29197be85b4b8" 7469 18566 1279
"df7c28f10e0b5218" 1752 17382 20334
"2a2fa94d8fb6df6f" 10439 15808 11066
"51d15ca89135fa24" 12111 8131 6398
"e218af7a3ebfb3dd" 3491 9684 18566
"11247b3dd1e46c38" 6353 5133 17382
"71336ee54b9ed91b" 14627 9251
"257252829b3353bf" 12097 7843 13849
"afcfefbdc0beadd4" 3491 16615 8603
"86fb97f4fa64d425" 9820 15808 9251
"3e7638848cc5bb5c" 15978 7843 13849
"2ecca50658b6a6cc" 11687 20334 68
"1b8a3ae039150e0b" 6542 4575 4375
"a0e93a77af37b1a6" 7469 5133 14627
"a39e91a53b2bd7a1" 6280 11128 12433
"4435003413e740bb" 11066 15978 12111
"d61bc426a0a571fb" 1279 17919 3098
"6e802c9b4c972e0a" 12097 18156
"59414110d5c5f7c4" 19533 7679
"010b9fefa64097a1" 8603 1284
"6bc08a1390aac86c" 19533 7843 12433
"5cccc7bbaf4f115f" 6353 13849 6398
"9d1f9db80f9516a4" 4066 5490
"ed68675f94121cd7" 18566 14627
"89246b89f84ff639" 11716 16615 18160
"eafc1003e3818431" 8131 8603 3851
"afe6f373587dae70" 3098 12111 68
"69d96a2dc5e7a8db" 4066 1752 3491
"4b7cd66e0242f24e" 6542 17382 7679
"1628f157c67438ed" 12097 20334 13849
"7a48675f94121cd7" 18566 14060
"ba71bd8069832c7b" 18156 3098 68
"d5f14110d5c5f7c4" 19533 10439
"5136023e73df8fe4" 7469 11128 1279
"1d8ff9fce1414c79" 4066 17919 9251
"e5b239803c1e0d9c" 4375 68 5490
"48e2a2cd7809fbcf" 10428 15808 4575
"86c4e95da5bacfe4" 11066 18156 1369
"af9fbc9c077063b6" 7702 9820 1279
"b6ddee20479384ed" 6280 10439 7679
"2ed431750b3f9f79" 12433 1752