"c0efd6176d4e2484" 19 4115 75 2 3 7 170 2112 55 1924 75 1649 120 73 35 651 401 551 308 14190 30735 -1 -1 0 0 0 0 4 7 5 3 5 2 2 2 2 5 0 0
"68da7e9f9ef7f101" 20 1086 0 3266 871 15 75 1173 44 0 673 28 129 72 88 1136 45 175 8 1333 14184 30736 -1 -1 0 0 0 0 7 6 6 4 5 5 4 3 4 3 0 0
"eb7f1a26b62041a7" 21 673 75 50 3 2 14185 14190 13 0 112 190 4747 1052 14185 14202 13 15 86 47 806 14190 30737 -1 -1 0 0 0 0 8 6 8 6 7 4 4 3 3 4 0 0
"974bc59bd1d17f8c" 38 3503 71 75 961 8 51 347 55 2 14184 319 295 1531 536 288 248 55 48 1051 3 1686 135 1991 14184 2431 71 75 83 71 77 48 308 1396 135 2 1426 872 14184 30738 -1 -1 0 0 0 0 6 5 7 5 6 5 4 4 3 4 0 0
"98a4213ef016d79d" 34 23 112 127 58 75 288 187 38 385 10 3938 576 9 48 840 14185 159 75 2 3 22 3156 14190 536 48 557 75 23 322 209 170 3914 82 14184 30739 -1 -1 0 0 0 0 5 7 5 5 6 6 8 4 8 5 0 0
"73e446896d3e6bb7" 12 5143 350 3 48 619 75 1649 120 4326 67 4454 14184 30740 -1 -1 0 0 0 0 8 4 7 8 9 4 3 4 4 7 0 0
"2855f38d6e52a6ca" 38 492 0 1 2 54 55 48 363 312 4558 35 536 3265 135 48 4560 14185 563 75 499 31 19 1421 190 4747 14184 28 288 13 0 2696 739 249 35 513 55 728 14185 30741 -1 -1 0 0 0 0 7 6 7 7 5 5 4 4 4 5 0 0
"bab1c8ab0d640057" 17 23 75 9 365 75 209 616 19 48 535 75 1649 120 15 1255 7113 14184 30742 -1 -1 0 0 0 0 7 8 7 7 6 5 4 3 3 3 0 0
"d78a42697cafc204" 35 112 0 547 528 19 5251 662 14185 15 1255 155 671 64 75 22 23 371 0 3082 7524 67 1991 19 297 622 14184 23 1133 0 400 54 8 2440 82 14184 30743 -1 -1 0 0 0 0 7 7 7 8 8 3 3 5 4 5 0 0
"5af17b6950de0c4c" 36 135 5251 662 75 594 683 48 5254 5255 270 2873 36 1028 48 766 55 48 662 14184 25 77 235 14190 28 23 1133 490 48 14219 1410 3400 0 2181 352 770 14184 30744 -1 -1 0 0 0 0 8 6 7 5 7 4 5 6 6 5 0 0
"510f2bc4d9bd93e7" 29 0 1 75 2745 62 2347 187 288 248 81 126 448 67 0 14184 38 178 63 9571 558 117 14184 92 533 179 45 286 287 14185 30745 -1 -1 0 0 0 0 6 7 7 5 6 6 6 3 3 4 0 0
"611b0dcb15d7b7f0" 31 587 295 912 19 439 135 45 1730 2057 14184 135 1736 75 172 5300 3 9 2947 75 160 3 48 6705 652 19 45 1730 2057 9 71 14184 30746 -1 -1 0 0 0 0 6 4 5 5 7 6 3 4 5 6 0 0
"0924607f276c30cd" 35 150 45 9890 144 75 365 652 23 51 224 0 3 38 13 7 385 48 8232 152 172 14184 5 23 13 112 45 7637 55 958 105 2 23 6 315 14184 30747 -1 -1 0 0 0 0 5 4 5 3 5 2 3 4 2 4 0 0
"e3c30f84c3553169" 18 23 1543 209 316 45 46 135 48 2982 75 1649 120 88 67 841 40 0 14184 30748 -1 -1 0 0 0 0 8 7 6 8 7 3 4 3 8 5 0 0
"c34f7b9dac18b759" 31 4115 75 7993 7994 35 48 619 14190 28 51 0 91 15 75 73 51 6375 190 2071 3221 536 2047 1824 92 490 1265 15 135 190 354 14190 30749 -1 -1 0 0 0 0 7 5 6 6 8 2 3 4 4 6 0 0
"e1715ead7a226c11" 14 288 187 2 14185 23 6 504 19 112 45 1235 67 0 14190 30750 -1 -1 0 0 0 0 4 7 6 6 5 3 3 5 2 4 0 0
"43af833fb1ca1158" 37 14202 42 1004 387 307 45 798 14184 492 0 1 2 4711 1312 325 4221 3252 9 45 534 4585 14185 28 83 71 224 0 75 23 118 5059 1023 23 1274 1056 350 14184 30751 -1 -1 0 0 0 0 6 7 7 8 9 7 6 6 8 7 0 0
"8d273090d9425e92" 10 1108 241 155 14185 28 1481 86 187 4454 14184 30752 -1 -1 0 0 0 0 5 9 4 3 6 7 7 5 9 6 0 0
"2cb414998677336e" 26 339 116 2595 75 23 118 119 14184 5 376 42 86 325 739 135 1353 55 71 14190 15 748 15 86 1206 15 14184 30753 -1 -1 0 0 0 0 8 7 9 6 7 6 3 5 6 3 0 0
"ba3e14577ab2621d" 32 23 1543 209 48 1438 75 22 1440 3 25 48 14220 152 48 90 14184 5 120 15 918 19 840 140 739 75 2 51 116 45 1129 4456 14184 30754 -1 -1 0 0 0 0 7 6 8 7 9 8 4 6 4 7 0 0
"9a3d8055e3b499da" 26 196 0 86 536 595 14185 57 338 75 25 63 67 48 7396 14184 4115 75 23 76 112 4228 64 132 9 1157 14184 30755 -1 -1 0 0 0 0 5 6 5 4 5 6 3 4 5 3 0 0
"fccd66757f5f3150" 36 1023 7423 337 135 48 766 55 48 948 75 88 295 45 7677 19 63 457 19 507 14184 5 150 45 1965 1814 75 587 780 19 26 48 363 55 389 873 14184 30756 -1 -1 0 0 0 0 6 5 3 4 6 7 3 7 8 8 0 0
"3f1d7435ef0ea3d7" 36 51 0 91 15 14185 48 719 651 3082 152 365 2695 135 25 2054 576 14184 28 85 23 112 19 14221 15 14184 288 109 3773 55 170 165 16 2 179 337 14185 30757 -1 -1 0 0 0 0 3 4 4 3 4 4 5 6 3 5 0 0
"eb54f9ee8c58f134" 29 13 0 112 45 613 14185 23 563 40 3767 4260 2622 14184 5 83 71 224 0 75 1893 123 48 1550 1551 51 116 2542 445 14184 30758 -1 -1 0 0 0 0 4 6 5 6 7 6 4 4 6 5 0 0
"3db5f034ca9aeaf7" 29 594 112 19 673 403 907 815 14184 24 125 75 319 1379 23 24 112 217 649 1983 19 3710 43 19 14184 3 126 338 85 14185 30759 -1 -1 0 0 0 0 5 4 3 4 5 4 3 3 4 6 0 0
"ee0211934cf0cd96" 27 22 288 308 196 0 111 14185 4115 75 23 51 1782 1358 12 48 365 177 14184 5 23 13 40 48 1861 6591 365 14184 30760 -1 -1 0 0 0 0 3 4 3 4 3 4 2 4 3 4 0 0
"beb988648a4d5bf8" 42 0 178 779 385 45 4336 1319 1178 473 14184 28 1178 14213 152 48 378 75 86 1072 573 178 13 48 258 14184 88 888 19 112 45 772 75 450 0 51 13 135 1730 4251 42 948 14184 30761 -1 -1 0 0 0 0 6 7 8 7 9 7 5 9 6 9 0 0
"c976a29277e65e30" 28 23 1 14213 7756 75 5 14213 415 558 85 14184 28 4115 75 88 7 14222 82 8 14184 430 40 626 35 2181 3868 290 14184 30762 -1 -1 0 0 0 0 5 6 5 4 6 5 3 6 3 5 0 0
"05567ca202cb6f86" 28 1023 45 443 259 75 86 23 51 237 3 112 45 8 507 14184 28 24 2123 190 3607 2156 42 48 710 55 48 567 14184 30763 -1 -1 0 0 0 0 7 5 6 5 6 6 3 4 3 5 0 0
"6dd94d6dba2fcdf2" 33 102 75 23 24 21 57 45 8 58 14184 23 6 21 0 178 720 14184 1023 86 75 150 443 150 0 24 129 170 1039 75 594 116 1093 14184 30764 -1 -1 0 0 0 0 3 4 3 4 3 3 2 3 3 4 0 0
"1eb1fa081a95e0c8" 28 319 1413 75 314 15 116 45 8 58 19 224 661 48 1518 187 71 2181 45 8028 8008 14185 25 418 54 732 36 85 14184 30765 -1 -1 0 0 0 0 4 6 8 7 6 3 4 6 3 4 0 0
"7ac593e37080bf40" 24 319 22 1379 23 76 3857 54 7719 3080 67 0 86 14184 88 12 4688 71 3368 28 23 12685 1790 15 14184 30766 -1 -1 0 0 0 0 8 7 9 7 8 2 3 6 5 3 0 0
"c831144d234931bc" 38 24 38 86 112 2 365 652 38 40 876 67 10 1456 14185 553 3 25 41 135 48 2297 14184 72 651 23 51 464 943 745 36 85 19 26 2 1997 336 62 14184 30767 -1 -1 0 0 0 0 5 9 9 8 5 5 3 5 4 5 0 0
"47639e9d48856420" 15 499 673 9 71 75 500 336 19 172 1164 14184 12 1114 891 14185 30768 -1 -1 0 0 0 0 5 8 6 8 7 6 3 6 5 5 0 0
"0bb9bc362c636538" 17 8 152 0 9 14223 2 88 82 530 19 4352 14184 54 739 779 493 14184 30769 -1 -1 0 0 0 0 7 6 7 5 6 7 3 7 4 5 0 0
"a665a7f2dbf7dfd6" 17 126 25 1491 1490 42 71 75 15 118 1699 5579 14184 3 126 338 85 14185 30770 -1 -1 0 0 0 0 6 8 5 6 6 6 3 6 5 5 0 0
"647ec7cb36378abe" 28 1136 75 86 1072 573 178 13 48 258 28 21 187 971 14224 2384 14184 152 45 14203 1581 75 23 563 40 3767 4260 2622 14184 30771 -1 -1 0 0 0 0 8 7 6 8 8 6 3 5 7 6 0 0
"8064161cd1c11089" 33 23 51 651 1741 288 1302 15 314 116 19 2642 64 132 9 1157 14184 5 339 452 75 23 51 1782 1358 12 48 365 177 123 48 105 5003 14184 30772 -1 -1 0 0 0 0 7 7 8 7 6 6 4 5 8 5 0 0
"804e1d1cc4073720" 38 54 739 51 25 2763 28 455 86 948 75 1178 517 51 3919 646 971 1470 28 63 457 19 507 14184 88 86 187 5176 14184 2748 55 160 75 23 209 430 40 626 14184 30773 -1 -1 0 0 0 0 7 7 6 8 5 8 5 8 6 7 0 0
"ad627b8db0083562" 34 23 112 45 14225 2524 9 1965 3259 1023 876 172 5982 14184 196 0 86 536 595 48 634 33 14185 23 333 45 1965 1814 139 28 88 102 100 14226 14184 30774 -1 -1 0 0 0 0 8 8 9 7 6 5 3 4 9 7 0 0
"ac2adabd038dfd25" 29 0 112 19 673 403 907 815 9 71 19 699 172 732 1421 75 5 3579 339 1421 0 170 14227 14228 95 48 1861 6591 365 14184 30775 -1 -1 0 0 0 0 6 8 6 6 7 5 4 6 5 6 0 0
"0b8508ee03537616" 34 12 1114 13 23 112 135 642 9 0 686 14185 159 246 75 325 312 1893 123 48 1550 1551 14190 73 51 116 2542 445 75 5 88 1206 48 673 14184 30776 -1 -1 0 0 0 0 7 7 7 8 7 6 5 6 3 6 0 0
"e164698fc590d440" 33 48 1438 3 170 1735 407 75 22 88 102 370 23 315 1440 14184 88 25 45 1730 2079 55 12 651 38 35 148 19 387 10 3209 28 3517 14184 30777 -1 -1 0 0 0 0 8 7 8 7 7 6 4 6 5 7 0 0
"f794a5a3ce83ab5f" 28 54 739 322 14229 3666 48 10786 95 0 178 779 385 45 4336 1319 1178 473 14184 25 63 67 45 7396 28 315 48 1099 14184 30778 -1 -1 0 0 0 0 6 7 6 6 7 5 4 7 6 6 0 0
"277c1031fca33399" 41 23 1 23 1303 112 75 5 23 3402 19 48 3098 1414 904 19 3431 170 827 2339 484 14184 85 23 112 19 835 48 12172 75 314 15 116 45 8 58 19 224 661 48 1518 14185 30779 -1 -1 0 0 0 0 5 7 6 6 6 6 4 6 5 5 0 0
"d5cddf91f7153405" 29 150 23 1801 75 14230 492 126 376 40 14185 14231 75 23 4113 448 127 926 873 14184 22 35 86 325 739 135 1353 55 71 14184 30780 -1 -1 0 0 0 0 6 8 7 6 5 8 3 4 4 4 0 0
"6c746656ce529378" 17 1023 45 443 259 75 45 8 507 3 86 23 348 19 116 3115 85 14184 30781 -1 -1 0 0 0 0 8 9 7 6 7 5 3 3 5 5 0 0
"afd064bc6c033c28" 15 23 333 7 335 23 3503 0 75 150 23 1 38 35 7756 14184 30782 -1 -1 0 0 0 0 4 6 5 3 4 5 3 4 3 5 0 0
"164cd05a35eb62e1" 16 120 23 1487 48 760 135 48 654 75 23 118 119 14184 102 2412 14184 30783 -1 -1 0 0 0 0 9 9 8 9 6 7 3 5 3 7 0 0
"77352de7f6be5ca8" 25 13 0 40 876 583 135 2666 67 190 612 75 40 616 19 48 535 14185 22 75 288 308 196 0 111 14185 30784 -1 -1 0 0 0 0 6 7 6 4 5 7 4 4 6 5 0 0
"8e7149369b1c1d95" 18 0 1 450 67 2934 14185 170 326 365 3082 135 25 365 576 152 365 2695 14184 30785 -1 -1 0 0 0 0 5 6 7 6 5 6 5 3 4 5 0 0
"9e188a745ecacdba" 21 8 152 0 9 4046 45 3607 14190 683 190 2156 42 48 710 55 48 567 9 776 7190 14184 30786 -1 -1 0 0 0 0 7 8 5 6 6 6 4 6 5 5 0 0
"43557f66befc9acc" 21 23 2379 45 1129 5579 150 126 25 1491 1490 42 71 14184 51 0 499 673 9 71 1492 14185 30787 -1 -1 0 0 0 0 5 6 4 5 4 5 3 4 4 4 0 0
"1e57cde644eae6a9" 20 15 69 7 22 8 75 5 150 443 150 0 24 129 170 1039 75 594 116 1093 14184 30788 -1 -1 0 0 0 0 6 5 6 5 5 6 3 2 4 4 0 0
"02a6a26b2348019b" 17 23 209 19 25 2642 135 48 2297 75 8738 170 509 28 418 54 732 14184 30789 -1 -1 0 0 0 0 8 7 7 6 6 6 2 4 4 5 0 0
"99a1b251f9087afa" 16 120 15 918 19 840 140 739 75 23 21 0 178 720 190 10606 14184 30790 -1 -1 0 0 0 0 7 7 6 5 5 6 3 5 4 5 0 0
"3f9a626fbf994c24" 23 288 109 3773 45 165 3 15 14185 0 348 45 772 75 450 0 51 13 135 1730 4251 42 948 14184 30791 -1 -1 0 0 0 0 7 8 6 4 5 6 3 4 4 6 0 0
"b2ff90f652fa07a0" 17 1893 123 48 1550 1551 51 116 2542 445 75 1649 67 3123 430 40 626 14184 30792 -1 -1 0 0 0 0 6 6 5 4 5 6 2 5 4 5 0 0
"336d935226bba877" 23 48 5629 55 14232 7627 2442 3 82 530 19 4352 75 5 23 333 1379 23 24 112 217 36 85 14184 30793 -1 -1 0 0 0 0 8 7 6 5 6 5 2 4 4 5 0 0
"bbf7163ce425e135" 22 72 23 51 464 943 745 36 85 75 23 314 1501 13 15 806 14184 23 1790 15 45 145 14184 30794 -1 -1 0 0 0 0 6 7 5 5 5 6 4 4 4 5 0 0
"e8ee231e48e1f305" 15 594 112 19 673 403 907 815 75 5 23 1977 14233 116 338 14184 30795 -1 -1 0 0 0 0 8 7 6 6 7 7 4 5 2 3 0 0
"6ee529e518bc49ee" 30 150 45 6295 2477 75 23 1 48 10103 55 14234 75 40 4336 6320 1178 473 14184 15 1063 116 45 8 58 19 224 661 48 1518 14184 30796 -1 -1 0 0 0 0 7 8 9 6 7 7 3 8 6 7 0 0
"ed5d48721862f305" 13 319 7 335 75 5 288 109 3773 45 165 3 15 14185 30797 -1 -1 0 0 0 0 5 5 7 5 6 4 3 3 5 4 0 0
"384d5f9b245a331d" 19 23 2448 6828 15 135 48 3098 75 28 85 23 51 1782 1358 12 48 365 177 14184 30798 -1 -1 0 0 0 0 6 5 6 2 4 2 4 4 3 4 0 0
"b4c21b1a5663d5df" 15 112 45 8 507 28 83 71 1 72 0 1 450 67 2934 14184 30799 -1 -1 0 0 0 0 6 6 5 4 5 3 3 5 2 3 0 0
"d43a487a681ce726" 26 23 6 209 1440 135 48 2969 75 1649 402 23 118 197 28 3104 152 48 1438 14184 22 288 308 196 0 111 14185 30800 -1 -1 0 0 0 0 9 7 6 7 9 8 6 5 8 7 0 0
"7834d247ecd08a3a" 26 150 45 14235 14192 75 23 1 48 2541 55 45 9807 8799 14184 23 112 278 13489 75 5 1 2 241 1966 0 14184 30801 -1 -1 0 0 0 0 7 6 7 4 6 7 3 6 6 5 0 0
"b53e1dd41efbaad2" 21 150 127 2969 7248 75 587 2048 67 109 6809 6403 75 28 319 1379 0 492 7 797 68 14184 30802 -1 -1 0 0 0 0 7 7 6 6 7 7 4 8 7 8 0 0
"0afdabc4d1baccb8" 19 23 14194 1224 120 739 1187 135 75 40 172 1396 249 5431 19 2534 48 6876 274 14184 30803 -1 -1 0 0 0 0 6 6 5 2 4 2 5 3 3 3 0 0
"3483e9fef9ee219e" 26 150 45 1029 1039 4658 75 23 1 1882 51 116 412 75 5 24 125 75 319 204 644 1023 2 5287 32 948 14184 30804 -1 -1 0 0 0 0 8 7 6 6 8 8 6 5 7 6 0 0
"10f63ae7a7f972e4" 19 23 14236 2123 2 5287 23 448 32 948 75 490 770 23 439 135 2722 7632 85 14184 30805 -1 -1 0 0 0 0 7 7 6 4 5 5 4 3 5 3 0 0
"67708a6b2d7a6441" 19 23 1671 2003 2 83 2435 2104 1361 42 7595 75 5 23 13 7 40 48 1678 14190 30806 -1 -1 0 0 0 0 6 6 5 3 4 5 3 4 3 2 0 0
"9516dfae45c45ebd" 33 150 5109 75 23 677 26 2985 1035 75 5 23 371 0 24 5701 14184 28 26 335 19 103 19 190 597 95 5 23 25 14194 2123 2 2352 14184 30807 -1 -1 0 0 0 0 8 7 7 5 6 6 4 4 6 7 0 0
"745545401c53721b" 16 48 948 3 1747 75 5 14202 7 2123 2 1882 51 116 412 445 14184 30808 -1 -1 0 0 0 0 7 6 5 5 6 6 4 5 6 4 0 0
"32bf702b120e7c89" 19 150 127 4655 75 23 2027 2123 2 2352 75 28 23 62 206 9104 67 6809 6403 14184 30809 -1 -1 0 0 0 0 6 6 5 4 5 5 4 6 4 5 0 0
"63e2fa301aff1d5a" 20 797 18 9 45 1438 2001 95 337 67 56 92 6809 6403 14190 88 616 19 116 671 14190 30810 -1 -1 0 0 0 0 9 9 8 9 9 8 3 7 3 9 0 0
"d85ef0665cbff30f" 21 5 241 1966 190 17 336 362 547 14190 28 1178 571 415 75 13 0 40 19 302 8799 14185 30811 -1 -1 0 0 0 0 9 9 7 8 8 9 4 5 5 7 0 0
"078373086d3ab9bc" 22 1978 23 24 6 281 75 5 23 371 0 24 5701 14184 14202 26 48 363 55 172 1302 948 14190 30812 -1 -1 0 0 0 0 8 8 6 7 7 7 4 7 4 6 0 0
"34676b0a4e5df8a3" 43 23 112 45 145 55 33 19 1358 1178 152 172 14237 75 5 23 24 504 0 469 45 4540 286 123 54 4541 67 48 2431 2 88 190 1065 14184 1882 51 116 412 72 0 5195 68 672 14190 30813 -1 -1 0 0 0 0 8 8 9 7 9 7 5 3 4 7 0 0
"a432838f8f31e63a" 23 23 40 2 0 51 2104 1361 42 7595 19 1974 8 11695 14184 92 797 365 55 48 109 6809 6403 14190 30814 -1 -1 0 0 0 0 9 9 9 8 9 9 4 8 5 9 0 0
"6c30b76592861390" 33 23 112 398 7616 1882 28 1806 170 1051 14184 319 1379 0 492 7 5701 19 884 68 290 75 318 241 1966 0 19 1053 68 150 613 150 166 14184 30815 -1 -1 0 0 0 0 9 9 9 8 9 8 4 6 7 8 0 0
"f4f0381a216542b4" 29 88 358 75 318 23 25 897 1224 307 9403 135 75 5 23 2027 2123 2 2352 28 288 241 1966 71 19 116 64 9 307 14184 30816 -1 -1 0 0 0 0 7 7 7 8 8 7 3 7 6 8 0 0
"d504f63f5795c938" 24 0 376 45 649 2766 75 35 0 204 644 14185 28 75 102 75 23 24 6 281 135 14238 67 14239 14184 30817 -1 -1 0 0 0 0 7 7 8 7 6 7 4 5 3 5 0 0
"ceaa0478d6032b39" 17 0 677 116 1431 75 23 14 249 1136 242 48 1678 14185 23 335 24 14190 30818 -1 -1 0 0 0 0 6 6 7 6 6 3 3 4 3 4 0 0
"1cf3eb8f496f947f" 29 22 15 16 116 671 982 75 28 319 338 67 2 318 2 3 45 478 14184 23 439 135 2722 7632 28 23 209 170 775 14190 30819 -1 -1 0 0 0 0 7 8 7 7 8 6 3 4 5 6 0 0
"12c44aeb9a086e08" 35 23 24 504 0 469 45 4540 286 123 54 4541 67 48 2431 2 88 190 3201 556 14184 1649 402 23 448 45 5287 32 948 28 76 6 385 190 1974 14184 30820 -1 -1 0 0 0 0 7 8 9 7 9 7 5 3 4 7 0 0
"af511637ca1f633d" 23 23 6 371 0 24 5701 19 170 8778 75 318 23 209 2340 135 2722 7632 28 14240 1361 45 652 14190 30821 -1 -1 0 0 0 0 8 8 7 8 8 6 4 5 3 7 0 0
"6e93e46346e04ebf" 27 2 3 2889 75 5 241 1966 0 19 116 336 6379 42 206 14184 28 621 75 13 0 40 19 302 8799 9 604 14185 30822 -1 -1 0 0 0 0 8 8 7 8 7 6 4 4 3 6 0 0