68
3192
7679
7833
8068
8119
8131
12111
12433
13236
14366
15277
15978
18160
20334
7702
23
249
272
647
663
1074
1279
1284
1369
1467
1752
1923
1935
2565
3098
3357
3477
3491
3851
3852
3931
4066
4083
4375
4575
4791
5133
5451
5490
5557
5774
5917
6280
6353
6398
6542
6691
6735
7027
7120
7469
7522
7701
7843
7854
8603
8867
9251
9283
9684
9820
10088
10428
10439
10443
10927
11066
11081
11128
11294
11498
11687
11716
12097
12606
12680
13235
13240
13476
13493
13849
14060
14627
14765
15703
15808
16504
16615
17143
17382
17919
18156
18157
18556
18566
18702
19533
20550
20557