27
66
267
1070
1792
1922
2054
3093
4099
4578
6891
7446
8073
8076
8123
9673
11505
11720
15196
15712
15981
16110
18179
18182
2577
5560
8117
12106
12117
14431
21
238
245
251
644
651
657
716
1075
1092
1582
1749
1927
2570
2579
2738
2880
3053
3255
4187
4277
4291
4297
4730
5158
5175
5398
5557
5902
6282
6508
6537
6543
6546
6548
6549
6687
6734
7045
7115
7674
7804
7847
7857
8003
8413
8528
8617
8652
8799
9255
9408
9508
9618
9902
9909
10082
10294
10436
10446
10744
11086
11097
11139
11923
12112
12481
13237
13241
13366
13493
14364
14442
14648
14662
14773
15052
15705
15812
16042
16113
16364
16585
16978
17373
17387
17542
18155
18554
18556
18696
19374
19464
19962
20117