31
70
625
2354
3060
4072
4393
7036
7845
8851
9901
11211
12110
12274
13075
14455
15715
18179
19529
2117
2560
2694
6539
8127
11839
17915
13
64
234
250
265
653
941
1080
1925
1928
1931
1991
2056
2120
2269
2456
3103
3258
3262
3360
3383
3713
3742
4373
4875
5487
5906
6112
6185
6733
7118
7138
7225
7230
7461
7813
7948
8045
8225
8305
8604
8655
8922
9023
9240
9243
10093
10296
10444
10710
11122
11673
11708
12072
12118
12281
12682
12829
12840
13073
13234
13480
13485
13832
13847
14057
14067
14351
14354
14368
14631
14770
14815
15194
15699
16113
16119
16219
16608
17376
17390
17400
17757
18181
18553
18570
18933
18967
19096
19319
19471