"ff231743a57dac91" 14 1016 1829 330 150 36 9776 13 553 1071 8307 2284 29685 29686 4 10534 -1 -1 0 0 0 0 7 6 5 5 5 6 3 2 2 3 0 0
"ba919c5908fd9cd2" 22 29687 8145 134 29688 8173 410 13 553 116 29689 515 150 330 2453 9225 600 601 28 87 61 29690 4 10535 -1 -1 0 0 0 0 6 4 5 4 4 6 4 1 2 3 0 0
"1a60a127a917032a" 16 1016 7997 7996 7994 150 113 7995 13 553 29691 20767 29692 29693 29694 4356 4 10536 -1 -1 0 0 0 0 6 5 5 4 4 6 4 2 2 3 0 0
"ddcc2122baae88ed" 18 4254 171 8569 134 13 1034 102 14842 13 553 171 29695 21645 7013 3873 29696 21008 4 10537 -1 -1 0 0 0 0 8 7 7 6 7 8 4 2 3 3 0 0
"d8447b56d9f47e44" 21 66 113 12897 12898 84 13 95 61 29697 13 553 1034 1517 1892 22684 29698 515 412 3478 29699 4 10538 -1 -1 0 0 0 0 8 7 7 7 7 8 6 2 3 3 0 0
"c9a632ff8b7fa6e0" 21 66 113 20816 185 13 357 73 4835 93 13 553 297 93 29700 2 29701 29702 504 1925 61 4 10539 -1 -1 0 0 0 0 7 6 6 6 6 8 6 3 3 3 0 0
"04492abee84943af" 20 102 520 504 10237 87 61 282 171 29703 13 553 1034 1196 1060 2151 20871 3935 21789 24602 4 10540 -1 -1 0 0 0 0 9 8 8 6 7 8 5 2 3 2 0 0
"9a8248092978d06d" 21 852 171 932 8223 8224 2738 13 553 2852 2682 417 1488 13857 774 11 457 297 29704 6779 15319 4 10541 -1 -1 0 0 0 0 6 5 5 3 4 6 4 2 2 3 0 0
"e18ff45ab5cd7d55" 20 66 23 457 8187 8188 13 553 28 4120 9022 29705 1319 553 24730 12272 9315 12273 171 29706 4 10542 -1 -1 0 0 0 0 8 7 7 6 7 7 5 3 4 3 0 0
"09c91705fc949d4e" 19 313 410 66 19746 29707 13 553 357 95 4388 457 10246 419 29708 171 1552 29709 29710 4 10543 -1 -1 0 0 0 0 8 7 7 6 7 6 5 5 5 4 0 0
"c7239acc717c8639" 23 598 47 341 47 796 2835 5452 171 29711 13 553 41 1808 1905 150 361 2218 13 1109 1110 3302 1111 4 10544 -1 -1 0 0 0 0 7 6 6 4 5 8 4 3 3 3 0 0
"82eb4a466a30dd9b" 29 150 171 2062 986 993 20 12239 13411 305 13 553 171 2454 157 13412 6020 13700 13 4715 163 55 1494 61 21572 14371 61 547 6989 4 10545 -1 -1 0 0 0 0 8 7 7 7 7 8 7 2 3 3 0 0
"5c5ca71e92924724" 24 6615 675 675 61 731 1765 6398 13 553 191 15072 1038 2028 1735 13 553 703 803 2316 7330 29712 1511 29713 4 10546 -1 -1 0 0 0 0 8 7 7 6 7 6 7 3 4 3 0 0
"50f1c14ba82720bf" 37 171 29714 18571 94 1604 12675 12114 12115 13 553 63 1978 29715 347 2998 13 360 150 36 29716 29717 3455 150 1930 29718 13 553 357 3075 61 2093 18781 5385 29719 116 29720 4 10547 -1 -1 0 0 0 0 9 8 8 6 7 6 5 3 3 4 0 0
"3786337b5c8818ce" 52 22224 26 1331 23525 29721 13 553 2 132 1514 3372 16352 5630 13 553 4361 61 9287 20470 13 29722 367 19811 297 360 61 452 1145 162 737 13 553 357 4715 3102 1121 286 19526 504 446 297 359 116 29723 798 61 29724 29725 174 29726 1829 4 10548 -1 -1 0 0 0 0 6 5 5 4 4 6 5 2 4 3 0 0
"e6cfc0a1527d8aca" 21 2 492 6869 6864 13 481 2905 2696 13 553 11565 3195 29727 13 573 367 1693 8311 609 1331 4 10549 -1 -1 0 0 0 0 8 9 9 7 7 7 8 3 10 8 0 0
"b48a21ec326eaa3e" 17 6949 6958 2 29728 13 553 1804 2232 3906 7675 557 2336 2317 26274 29729 29730 6886 10550 -1 -1 0 0 0 0 3 2 4 5 4 5 3 9 4 7 0 0
"e6d553521ed859c9" 19 191 66 23 192 13 102 606 29731 13 553 7110 29732 13 191 999 1534 2 18251 4 10551 -1 -1 0 0 0 0 9 9 8 6 7 7 5 2 5 5 0 0
"7f37efeb23c58104" 15 5363 1047 5364 2 14514 13 553 1392 1393 394 2506 29733 125 1842 29734 10552 -1 -1 0 0 0 0 4 4 4 6 5 4 5 5 5 6 0 0
"186c705f013ba2f6" 23 5508 1552 10299 102 373 19444 2 18049 13 553 191 5751 2564 2014 5557 5658 13 3531 7159 2 8864 14182 4 10553 -1 -1 0 0 0 0 8 7 7 8 8 7 7 3 8 8 0 0
"156b73b703948655" 24 1868 8685 8686 840 1829 8685 8687 13 553 357 4107 29735 8594 13 134 1110 21967 2 6787 734 29736 55 29737 29738 10554 -1 -1 0 0 0 0 5 6 6 8 7 6 9 5 7 6 0 0
"695602338f97bbf3" 19 29739 840 3302 15735 2 7290 13 553 357 150 417 6362 636 14340 13 29740 6633 8040 4 10555 -1 -1 0 0 0 0 8 9 9 7 6 8 2 5 3 4 0 0
"a38f67f0cb1174fb" 19 184 347 410 66 451 349 4333 639 13 553 357 2369 5297 744 87 29741 61 1069 4 10556 -1 -1 0 0 0 0 6 6 6 7 6 5 3 3 3 3 0 0
"0990064cde8c3cb4" 28 41 1109 14071 14072 1923 13 347 530 598 35 29742 61 13 553 1549 596 793 35 171 4403 927 8329 13 412 1306 29743 94 4 10557 -1 -1 0 0 0 0 7 6 5 6 7 6 4 4 5 4 0 0
"7489655bcf079dd7" 20 150 3456 13 687 6362 13 3930 12607 553 1885 113 686 2 2999 29744 13 29745 2 29746 4 10558 -1 -1 0 0 0 0 5 5 5 7 6 4 5 8 6 6 0 0
"90c2d0116e3ca0c8" 29 13618 13655 217 211 13656 13 347 39 367 5101 504 13 553 442 4434 1319 29747 330 13 134 113 188 394 1628 772 26 13589 13590 110 10559 -1 -1 0 0 0 0 6 5 7 6 6 5 4 3 5 5 0 0
"fbc29f4c70d539e0" 18 34 35 7428 171 29748 737 6729 2568 13 553 499 1604 353 3362 29749 29750 29751 4 10560 -1 -1 0 0 0 0 5 4 5 7 6 4 4 3 3 5 0 0
"d99b6db337645024" 16 61 1886 8038 8039 8040 13 553 357 171 5451 5452 5453 5454 5455 1113 29752 10561 -1 -1 0 0 0 0 4 5 5 3 7 4 7 4 7 3 0 0
"b4f5ad659b78ea43" 26 4463 5266 484 5267 5268 13 357 150 417 304 2941 553 191 362 993 150 36 3970 9060 1664 419 25961 5924 1250 29753 4 10562 -1 -1 0 0 0 0 6 7 8 6 7 8 3 4 3 3 0 0
"6927f63b1942d667" 17 66 347 5279 4478 10910 330 13 553 1250 442 452 2652 2891 171 660 10564 110 10563 -1 -1 0 0 0 0 5 6 4 5 5 5 4 3 3 3 0 0
"f0e087f2a5100f7b" 20 1342 61 18663 13 357 2652 61 29754 13 553 515 113 165 697 13 191 34 4534 4535 4 10564 -1 -1 0 0 0 0 5 6 7 4 6 7 3 2 2 4 0 0
"f0dd8bc0f86d7dfd" 18 3536 13 34 1376 170 13 25 12157 13 553 357 4596 94 188 4403 29755 1473 4 10565 -1 -1 0 0 0 0 8 8 8 4 6 6 2 3 7 3 0 0
"e8008e5658f07230" 20 102 61 3405 845 13 1071 29756 13 553 1718 34 746 3179 3180 13 93 2374 66 23279 4 10566 -1 -1 0 0 0 0 7 8 8 6 7 7 4 6 5 7 0 0
"facdf8ea9b3c5067" 20 1109 19473 29757 787 7458 7459 6869 13 553 5751 2564 2014 1886 18417 13 191 673 12215 12216 4 10567 -1 -1 0 0 0 0 7 7 9 7 7 7 2 2 3 5 0 0
"a8af4932599e9c07" 21 61 359 949 29758 191 1029 1886 504 939 13 553 2 66 8132 547 359 8980 8981 29759 12576 4 10568 -1 -1 0 0 0 0 9 8 7 4 6 9 8 4 2 3 0 0
"34594d20e00f54e6" 23 188 200 1303 3006 13 6936 330 39 367 12624 13 553 34 35 1297 504 13 34 29760 1392 1393 2013 4 10569 -1 -1 0 0 0 0 5 7 6 4 5 6 3 7 4 7 0 0
"c9cb25bb34887b0b" 30 95 1342 150 36 890 13 357 34 26 93 23855 13 553 1747 188 3753 66 29761 13 26 9265 2 4421 9266 607 29762 2 29763 21278 4 10570 -1 -1 0 0 0 0 8 9 8 6 8 8 4 6 9 8 0 0
"9dcd27d9f93de891" 21 150 76 36 20024 349 4333 1071 297 1378 2841 13 553 357 34 29764 268 357 29765 29766 29767 4 10571 -1 -1 0 0 0 0 6 5 6 4 4 5 3 4 3 5 0 0
"f3733eeede108fa2" 51 150 330 29768 1165 13 347 1543 8329 13 66 23 297 29769 13 553 330 347 36 188 11465 13 134 66 1002 29770 3358 29771 29772 13 553 373 39 990 1179 6293 10726 13 553 357 66 1220 2963 29773 2 5076 5824 29774 2 44 7551 4 10572 -1 -1 0 0 0 0 5 6 8 7 7 7 2 2 3 4 0 0
"3fa772b3441ac04d" 34 1071 34 35 720 1297 13 34 746 457 29775 357 13 553 29776 29777 7589 5216 171 15786 183 13 553 34 113 18330 188 19185 13 357 34 3939 20444 29778 4 10573 -1 -1 0 0 0 0 6 6 6 4 5 6 3 5 4 5 0 0
"83cf0fb5da1447e7" 36 34 186 13 35 66 347 5279 4478 10910 13 66 629 1043 1173 13 553 76 61 3638 8928 13 191 673 12215 12216 13 553 359 8980 8981 66 8982 8983 29779 6270 4 10574 -1 -1 0 0 0 0 8 9 8 5 6 8 8 6 3 5 0 0
"baa163d5d51437b5" 56 34 7584 13 35 981 61 721 13 25 34 26 13 553 357 744 3941 186 13 1580 3405 3532 4880 13 553 981 34 35 36 297 1734 13 34 29780 29781 2734 13 553 357 719 61 1641 457 23331 349 171 734 13 2 93 94 504 835 3210 367 8054 4 10575 -1 -1 0 0 0 0 4 7 6 4 4 4 4 8 8 8 0 0
"5d51d40f5bc4b513" 68 34 35 1297 417 29782 13 852 1042 1047 26135 340 13 553 34 7584 13 35 29783 29784 596 598 13 553 357 1868 13 8685 8686 840 8685 8687 13 553 2 41 1109 14071 14072 1923 13 66 703 29785 13 553 357 2652 61 3438 8742 13 25 66 23 1305 188 29786 171 11412 13 520 547 29787 7134 29788 29789 2724 4 10576 -1 -1 0 0 0 0 8 7 8 7 6 7 2 3 5 4 0 0
"fa1aeab7de141aa9" 45 2 174 171 1342 61 545 8560 13 34 6020 93 191 19970 170 10300 1122 8629 10301 13 553 171 5451 5452 5453 29790 5455 13 553 2 34 29791 972 1842 20 29792 412 24148 13 553 357 520 29793 150 29794 110 10577 -1 -1 0 0 0 0 8 9 8 6 7 8 6 6 4 5 0 0
"cf8c98c716026fbb" 47 34 3523 3235 772 171 1047 29795 13 553 499 545 639 25961 13 297 6475 8594 13 553 34 26 171 200 297 29796 2456 13 553 347 863 330 1655 417 1013 29797 23 13 553 8586 5306 10447 10448 2 5363 1047 5364 4 10578 -1 -1 0 0 0 0 7 8 8 6 6 6 3 2 3 6 0 0
"bb83057993514a0a" 22 29798 66 134 3951 1004 13 1250 25 110 553 357 10546 29799 13 117 18432 38 2356 1331 359 29800 4 10579 -1 -1 0 0 0 0 6 6 8 5 6 5 4 3 2 2 0 0
"ee9c06cefeb8589b" 27 2 66 8132 547 29801 29802 13 553 191 15998 29803 15173 13 87 61 359 29804 29805 7783 4 553 29806 1750 1747 29807 14222 4 10580 -1 -1 0 0 0 0 8 6 7 6 6 6 3 7 2 5 0 0
"487fba00656bf968" 24 410 1109 493 417 3536 13 29808 29809 29810 29811 13 553 29812 1109 1604 2781 3195 13 1250 9356 87 29325 2349 4 10581 -1 -1 0 0 0 0 6 7 6 6 6 7 3 3 4 3 0 0
"4d6a0a136e66523d" 46 41 34 746 29813 13 1109 1770 13 3224 515 29814 29815 4 553 29816 5589 1775 29817 936 596 13 357 347 36 27665 596 2338 29325 4 553 13618 13655 217 211 13656 13 12672 353 29818 367 174 616 4403 596 7317 4 10582 -1 -1 0 0 0 0 7 8 6 6 6 4 3 7 5 4 0 0
"581ec6b6c7ee3732" 38 66 1674 171 855 7008 26031 13 373 29819 1580 29820 1094 4 553 3699 4314 35 93 2477 13 357 29821 61 736 29822 4 553 150 36 1303 3006 1709 29823 29824 8307 14615 2251 4 10583 -1 -1 0 0 0 0 8 6 7 6 6 6 2 4 3 3 0 0
"8aab8a9cd67b53e1" 48 150 36 4212 13 35 362 150 29825 5374 13 553 41 150 36 4212 687 36 362 993 29826 23783 29827 4 553 1042 150 36 330 2076 6475 13 1664 9061 353 9060 29828 13 553 61 1886 29829 29830 29831 29832 2 7460 29833 4 10584 -1 -1 0 0 0 0 8 6 7 6 7 6 3 5 3 4 0 0
"c0e5a521d4ca0762" 42 28 347 36 29834 29835 13 417 6485 10048 13 553 744 87 8800 8276 1993 29836 13 150 36 29837 4 553 787 7458 7459 29838 13 553 367 150 1228 1568 13 359 8980 8981 29839 7543 15539 29840 4 10585 -1 -1 0 0 0 0 7 5 6 6 6 7 6 4 4 4 0 0
"4185712655075217" 36 5751 2564 2014 1109 150 330 16328 13 553 1043 607 27193 13 596 61 53 412 21977 4 553 35 34 15561 29749 13 29841 3808 13 553 14213 29842 18421 29843 29844 29845 4 10586 -1 -1 0 0 0 0 7 5 6 6 6 5 3 6 3 5 0 0
"63030e5f430d624d" 38 417 373 1825 18341 17652 1315 799 29846 13 553 18883 29847 13 353 6785 29305 33 28576 29848 4 553 1303 3006 7665 29849 2 17987 7980 7981 13 553 29151 29850 11942 297 23914 21984 4 10587 -1 -1 0 0 0 0 0 0 0 0 0 0 0 0 0 0 0 0
"900a123bc5d4294a" 33 35 712 15735 2 29851 1392 1393 553 47 5709 2785 18666 2 1079 29852 14738 4 553 188 10311 2 12541 29853 24154 2396 13 553 9265 6123 3067 1047 29854 4 10588 -1 -1 0 0 0 0 7 5 6 5 6 5 4 4 5 3 0 0
"726596e803e80891" 51 720 28 478 3434 95 170 13 150 308 8215 13 553 2652 61 3438 29855 7102 29856 13 29857 5518 29858 4 553 3405 3532 4880 14779 29859 13 7068 1043 2006 1031 150 286 4 553 442 731 3951 4434 13 7733 34 23959 29860 14744 2700 29861 4 10589 -1 -1 0 0 0 0 8 6 7 6 7 6 5 4 4 4 0 0
"19bc718e57d7b443" 54 184 347 410 66 134 349 4333 13 26 15370 13 553 35 1580 29862 134 9946 4 451 347 8213 9896 330 29863 13 553 2243 34 956 6362 13 1201 13 113 87 1013 93 976 4799 4 553 13618 13655 217 211 13656 13 360 61 1043 29864 29865 29866 4 10590 -1 -1 0 0 0 0 6 8 6 6 6 4 3 6 5 3 0 0
"9b6d71483601e88f" 39 29867 34 125 313 2932 13 2 20082 3591 9207 110 553 2006 29822 347 29868 66 21647 13 10546 29869 13 553 41 588 8459 125 26274 15312 13 1549 596 347 8213 1842 191 8241 3203 4 10591 -1 -1 0 0 0 0 6 7 6 8 6 4 3 3 3 3 0 0
"945ba96abbe6d338" 31 14213 1113 1402 13 3715 3313 66 788 13 553 744 87 1473 744 33 457 29870 13 1131 396 29871 4 553 1250 29872 34 774 29873 19859 29874 4 10592 -1 -1 0 0 0 0 7 6 6 6 6 4 3 5 4 4 0 0
"f9b07e7a1131a4d5" 34 1250 7677 359 8980 8981 29875 13 47 29876 29877 110 553 191 27872 13347 29878 29879 38 351 29880 13 553 787 7458 7459 6869 13 12438 3952 13 2878 29881 11721 16483 10593 -1 -1 0 0 0 0 0 0 0 0 0 0 0 0 0 0 0 0
"283cea0790ac2837" 24 29882 102 18049 1552 29883 13 553 35 34 1667 13 500 981 29884 61 13 553 188 10037 171 4261 21192 61 4 10594 -1 -1 0 0 0 0 7 6 7 5 6 8 3 5 4 3 0 0
"25b43e6dc714d924" 15 4463 5266 484 5267 5268 13 553 357 9939 1109 113 29885 3277 10848 4 10595 -1 -1 0 0 0 0 8 6 5 4 5 7 2 3 2 5 0 0
"4de0b998494c4d0d" 41 61 6583 11577 29886 18 29887 5141 13 553 2107 1192 150 1086 1817 13 87 422 138 13 553 357 66 347 29888 13 7044 1339 411 13 553 2 134 4107 13329 61 731 171 3873 1293 1621 4 10596 -1 -1 0 0 0 0 8 7 7 6 6 5 2 6 4 2 0 0
"6ebfe3deef9e78e9" 27 191 12746 29889 2014 13 553 4534 34 4535 171 29890 13 553 13587 13588 13589 13590 5069 1109 13 553 23 53 29891 188 2165 4 10597 -1 -1 0 0 0 0 7 6 6 6 6 5 4 4 5 4 0 0
"5c81b575ab7a4bcd" 14 2 3948 2724 13 553 150 7592 1978 29892 1071 3261 417 29893 4 10598 -1 -1 0 0 0 0 5 3 4 3 4 2 2 1 2 2 0 0
"f4356cb874aa6ef3" 29 41 150 36 1319 7405 13 553 66 999 170 29894 29895 13 553 171 8701 150 36 151 17055 13 553 171 1342 61 3221 17718 12507 4 10599 -1 -1 0 0 0 0 8 7 8 6 6 5 4 4 5 3 0 0
"3657d7cf4ef07bc1" 28 34 6828 5037 2 66 2310 13 553 191 34 3192 8278 13 553 66 23 53 14831 29896 13 553 349 5076 2644 15618 29897 4243 4 10600 -1 -1 0 0 0 0 7 6 6 5 6 5 7 4 5 3 0 0
"1ab100024cfa82e2" 19 1462 1463 609 325 1465 13 553 2 10461 10462 61 457 87 13 25 1552 29898 941 4 10601 -1 -1 0 0 0 0 7 6 5 6 6 5 5 3 4 6 0 0
"160a4c045a580eb2" 32 7195 347 29899 13 150 1641 515 18215 13 553 4361 113 1352 13 191 20091 23043 29900 359 23074 13 553 2 9929 3788 29901 16665 6003 61 171 8308 4 10602 -1 -1 0 0 0 0 6 6 5 4 4 4 3 4 3 5 0 0
"6d253ae6ce4bf51d" 35 171 286 1671 367 13 1319 61 297 722 8385 13 553 357 95 58 3982 150 146 3983 29902 13 553 367 19197 29903 29904 13 2 354 326 29905 636 367 547 4 10603 -1 -1 0 0 0 0 6 6 6 6 5 6 4 5 4 3 0 0
"571f2573477c7214" 30 3970 9334 66 7123 13 553 504 17805 530 23889 13 357 29906 13 66 3066 3727 5872 2340 13 553 17133 29907 29908 485 29909 29910 596 5709 4 10604 -1 -1 0 0 0 0 8 7 7 5 5 8 4 4 5 6 0 0
"2f187efc7db79df1" 31 34 618 8605 2 1571 29911 61 553 1669 29912 1232 29913 29914 553 29915 2772 359 1357 13 553 373 150 7592 1077 13 116 311 61 4415 11489 4 10605 -1 -1 0 0 0 0 7 6 5 6 7 4 4 3 3 7 0 0
"596611a2ed1b9c8a" 32 15975 15976 19236 13 9332 15977 8376 23 22710 13 553 357 8412 736 2 13245 13 553 357 150 87 1228 504 13 41 87 61 188 2737 29916 6045 4 10606 -1 -1 0 0 0 0 7 7 6 6 6 4 6 3 4 3 0 0
"e6d265b37714be10" 38 66 23 134 2507 3401 13 63 12077 13 553 2 19444 29917 1016 725 61 13 553 357 311 61 12583 993 359 5520 2 1833 13 553 2 1109 22185 29918 29919 95 102 17011 4 10607 -1 -1 0 0 0 0 8 7 6 7 6 4 5 4 6 6 0 0
"645648108f2dd80d" 14 29920 29920 1201 7911 388 13 553 357 66 29921 367 2155 29903 4 10608 -1 -1 0 0 0 0 7 7 6 6 6 5 4 5 4 3 0 0
"6749ddebda7c6499" 24 667 2652 361 1992 13 1580 1109 29922 701 845 4 553 35 10328 3401 61 13 2 1573 286 1795 2570 3338 4 10609 -1 -1 0 0 0 0 7 6 6 8 6 6 3 4 1 6 0 0
"24426ce1ee02f861" 40 373 7159 1032 355 13 47 720 373 6591 53 786 787 29923 4 553 2327 3405 8783 608 708 2 2652 4715 731 2356 5881 4 553 1250 3845 29924 1641 13 359 373 29925 29926 4431 736 4 10610 -1 -1 0 0 0 0 6 7 6 6 5 5 2 5 2 4 0 0
"f69b1e535d9076a8" 42 326 8020 1567 8021 13 852 347 2770 384 2440 699 4 553 2 1613 5014 13 297 29927 8131 1730 313 4 553 4151 146 169 515 482 1854 4152 13 345 347 3278 1013 796 1571 1511 2720 18052 4 10611 -1 -1 0 0 0 0 7 6 5 4 5 4 4 4 4 4 0 0
"e29a872954011eae" 39 6482 6483 1775 384 13 35 4948 3248 21671 467 170 13176 24560 4 553 2720 8272 2 29928 2 29929 373 29930 4 553 66 23 1923 87 37 38 2201 13 2775 2 13049 29931 18739 4 10612 -1 -1 0 0 0 0 4 4 8 6 7 4 1 5 2 5 0 0
"d3a6a6d67ec281e4" 23 7314 7539 13 191 14560 13213 29932 9256 4 553 2 134 87 6124 4691 6125 13 1604 174 29933 2018 24801 4 10613 -1 -1 0 0 0 0 4 3 7 5 4 6 2 2 2 4 0 0
"98d5375e62a5ed41" 40 150 9664 330 362 993 13 7675 3358 2 13419 373 349 927 44 4 553 2 345 2651 35 34 504 14202 737 4884 4 553 150 361 146 29934 2090 13 2 29935 34 19385 19901 13298 4 10614 -1 -1 0 0 0 0 6 4 7 5 4 3 1 1 5 3 0 0
"e91e3039f8664b9b" 37 102 14253 13 170 93 25 66 703 9465 4 553 150 636 13787 2080 1978 13788 13 452 29936 449 449 29937 4 553 191 34 3192 8278 13 23 7675 17912 8414 719 29938 4 10615 -1 -1 0 0 0 0 9 5 6 7 6 3 2 5 10 4 0 0
"9e55fe6b3f9f3701" 36 596 13178 228 13179 2775 20 972 150 29939 29940 1669 4 553 2 29941 18494 23 8414 297 1306 29942 4 553 41 150 36 1319 7405 13 2737 29943 2475 29944 6636 150 4 10616 -1 -1 0 0 0 0 4 4 6 5 5 5 3 6 3 5 0 0
"a0da4708d6d5b9cf" 36 8701 150 36 12638 13 373 286 13440 20497 174 19603 4 553 87 2472 357 5881 13 150 87 3369 305 29945 4 553 2 10461 10462 13 3293 1013 3293 1047 2321 8453 4 10617 -1 -1 0 0 0 0 5 4 7 6 5 5 3 4 4 4 0 0
"42a1f0ff0d8c9286" 45 417 14125 14126 5163 14127 675 1882 13 1580 1013 102 474 29946 29947 297 1867 1231 4 553 2 1462 29948 609 1232 1735 1465 325 13 2 6258 10174 29949 457 20981 3699 4 553 8470 1047 8471 18979 8473 29950 2014 4 10618 -1 -1 0 0 0 0 6 3 7 5 5 4 3 7 2 4 0 0
"d02feb25e0a9f99d" 32 191 23 8533 8534 13 2651 25 29951 979 4 553 134 11572 1629 1142 6892 2358 13 482 102 14886 4 553 722 8385 13 6597 742 61 3829 1559 4 10619 -1 -1 0 0 0 0 6 4 4 5 6 3 2 4 3 8 0 0
"87e980849ca3714e" 45 3970 9334 8380 61 2549 13 3451 1033 13 29952 87 61 2785 788 3174 4 553 15975 15976 11751 1983 5898 9332 15977 29953 4 553 1479 676 1480 1481 150 286 1482 13 359 373 1319 29954 355 102 5652 24124 29955 4 10620 -1 -1 0 0 0 0 5 3 5 7 6 7 6 4 3 7 0 0
"6ef0243e630aa93d" 48 29956 8605 13 113 8109 19546 13 2 34 746 142 2240 4 553 2 41 151 29957 13 13035 2546 986 13 12045 41 116 29958 2 15866 66 113 1131 5381 4 553 3152 6525 7911 388 13 29959 87 349 8537 29960 737 863 4 10621 -1 -1 0 0 0 0 3 4 6 5 4 6 2 4 2 4 0 0
"39eff5f4ae71e7be" 53 20 2327 3405 8783 608 708 13 373 53 14311 29961 28597 93 1580 26057 4 553 1250 3845 29924 1641 4050 13 29962 12385 150 4103 2093 4 553 35 10328 3401 61 171 2852 29963 13 20 417 29964 23 297 10892 29965 191 504 263 5140 29966 29967 3221 4 10622 -1 -1 0 0 0 0 6 7 6 6 5 3 3 6 2 4 0 0
"cfd0d675e5bd28a0" 51 47 720 373 6591 53 786 8688 13 102 373 8125 1122 61 9917 9634 3779 19024 29968 4 553 1990 66 574 25 6045 87 1148 13 357 87 150 330 36 171 2283 548 8588 171 29969 4 553 150 5522 5523 13 29970 286 24906 2217 1293 4 10623 -1 -1 0 0 0 0 0 0 0 0 0 0 0 0 0 0 0 0
"fd365001bfead04d" 19 1568 331 150 29971 13 667 417 361 1992 553 326 8020 1567 8021 13 5906 504 2155 4 10624 -1 -1 0 0 0 0 6 7 7 5 6 5 6 3 7 3 0 0
"ce168580c27fcb8b" 19 66 3537 12467 29972 14093 13 553 66 21192 29973 13432 29974 553 29975 29976 29977 6483 29978 4 10625 -1 -1 0 0 0 0 3 6 6 6 6 8 6 4 5 5 0 0
"6c20afa81375a6db" 30 587 34 146 10955 482 1854 4152 13 553 7539 3302 349 13 1488 367 5262 553 603 9655 61 457 188 27746 13 28 347 417 29979 29980 4 10626 -1 -1 0 0 0 0 8 7 6 5 7 6 5 5 8 4 0 0
"caf3965d9fa8a8ba" 33 2651 93 504 737 15196 13 553 37 384 13213 191 34 29981 357 13 20 2128 7494 553 13297 29982 29983 13 357 341 1352 13 373 150 847 590 29984 4 10627 -1 -1 0 0 0 0 6 6 6 7 6 8 3 5 5 7 0 0
"552a0c6d86097fca" 29 66 23 1923 1930 13 553 134 4691 6125 87 6124 38 29985 29986 553 2090 150 304 146 9366 13 373 113 10246 188 3358 3253 1604 4 10628 -1 -1 0 0 0 0 4 6 8 7 5 7 5 5 4 6 0 0
"90836ea6063a27bf" 38 29987 2957 2958 17607 13 553 282 3138 384 3175 1750 29988 13 191 29989 2720 29990 553 95 58 3982 13 6092 150 36 530 29991 13 474 61 7394 25863 13 29992 4481 171 29993 4 10629 -1 -1 0 0 0 0 5 5 7 7 4 5 4 8 3 5 0 0
"7890571be6954f66" 32 774 29994 787 6290 8412 2 13245 13 553 29995 14164 13 1013 29996 13 553 2469 29997 27860 29998 660 1800 20 2506 7165 2151 2 9313 7159 355 6926 4 10630 -1 -1 0 0 0 0 7 5 6 6 5 7 6 3 4 6 0 0
"13421c12520f9cd1" 33 341 29364 33 13 41 13432 5014 13 553 29999 26 34 13 87 61 2684 553 1829 286 1671 367 13 326 8020 1567 8021 13 357 347 600 93 17992 4 10631 -1 -1 0 0 0 0 8 7 5 8 7 3 5 2 6 6 0 0
"346e4823fb7ee508" 38 34 4286 30000 63 1109 102 13 553 95 58 3982 2284 2035 13 150 30001 5711 553 357 47 720 373 6591 53 15129 786 8688 13 2 1109 113 30002 1580 2762 2284 10057 2024 4 10632 -1 -1 0 0 0 0 4 3 4 4 2 5 3 6 2 4 0 0
"a7b6aaa9531bf3d9" 32 66 347 39 351 30003 5523 30004 13 553 326 8020 1567 8021 13 3104 113 553 341 600 13297 30005 30006 13 1109 4334 30007 25 30008 2 25 30009 4 10633 -1 -1 0 0 0 0 7 6 6 6 5 5 6 5 6 3 0 0
"3b25770bb6b4fdbf" 32 1042 2049 61 297 722 8385 13 553 47 720 373 6591 53 15129 786 8688 553 357 34 26 1131 3313 1122 30010 13 7539 349 93 2570 2431 7728 4 10634 -1 -1 0 0 0 0 6 7 5 8 7 5 6 5 7 6 0 0
"f889703b230e4894" 35 66 744 574 102 188 3720 2 171 3720 13 553 667 2652 361 1992 1013 13323 30011 1042 61 2507 553 19840 1807 25 190 13 1109 113 351 2 20121 1709 30012 4 10635 -1 -1 0 0 0 0 4 4 5 7 6 3 4 5 5 5 0 0
"a237b2c3760b6a91" 35 423 20 1110 14560 13213 13 553 548 36 146 30013 30014 47 30015 553 1029 607 87 6124 13 134 87 4691 6125 2 30016 1750 5537 30017 920 1103 1294 676 30018 4 10636 -1 -1 0 0 0 0 3 3 3 7 4 8 6 4 4 6 0 0
"38bb9d7bab102e19" 34 449 13 3152 162 13 6525 7911 388 13 553 191 61 14560 13213 2 798 150 19133 553 349 2720 8272 30019 61 87 669 13 150 36 487 520 93 30020 4 10637 -1 -1 0 0 0 0 3 4 4 7 6 3 4 6 5 5 0 0
"6f8511a4ce1267be" 38 20 2327 3405 8783 13 150 29963 698 30021 3016 13 553 1232 2684 1200 171 4403 30022 6483 326 553 345 2651 23113 13 87 504 202 3939 1331 13 2 87 607 566 171 20816 4 10638 -1 -1 0 0 0 0 5 6 6 7 6 3 4 5 7 6 0 0
"6f8f3ce6eba7e280" 27 603 8272 13 95 61 171 21207 13 553 357 720 12553 373 61 53 15129 786 8688 13 553 134 2507 3175 308 359 3941 4 10639 -1 -1 0 0 0 0 7 7 6 8 6 4 2 3 3 4 0 0
"3c3ea9afdbc44748" 24 357 150 361 30023 35 95 58 3982 13 553 150 2852 3983 29902 13 553 357 10328 3401 2 117 25 6836 4 10640 -1 -1 0 0 0 0 6 6 3 5 4 4 2 3 5 5 0 0
"c357279bb26c4baf" 28 1250 3845 29924 20 4050 13 553 3152 10062 30024 13 87 61 282 7493 13 553 357 13297 13298 13 93 3503 2340 191 6912 2100 4 10641 -1 -1 0 0 0 0 5 4 3 4 4 6 3 4 5 3 0 0
"3f33607ac1ba0f0d" 22 34 4752 171 22254 349 13 553 134 6124 4691 6125 13 2735 2637 15319 553 30025 2772 150 286 1482 4 10642 -1 -1 0 0 0 0 8 9 8 7 6 6 3 2 4 4 0 0
"9f5c28cb280a172a" 30 25 487 20 95 58 3982 150 146 3983 30026 13 553 357 150 1356 361 30023 35 23 521 13 553 63 30027 13 1934 373 102 21152 4 10643 -1 -1 0 0 0 0 7 6 3 5 4 6 2 3 4 3 0 0
"e0de7021c948dbb4" 23 603 8272 13 171 30028 13 553 30029 515 10955 13 482 1854 4152 13 553 8470 30030 2300 394 18979 23046 4 10644 -1 -1 0 0 0 0 8 8 6 6 6 4 2 3 2 5 0 0
"8398a8bd7b99818e" 23 339 301 302 13 1560 171 942 13 553 2 30031 20021 3635 1033 13 553 687 9499 2941 20 1863 1420 4 10645 -1 -1 0 0 0 0 9 9 8 8 7 6 3 4 4 5 0 0
"0ee2a6f0b3dbcd06" 31 1109 28232 305 11408 13 47 10285 30032 553 41 150 36 362 993 13 2735 1664 87 1047 4 553 636 504 29404 13 2 999 396 18512 30033 4 10646 -1 -1 0 0 0 0 8 9 7 8 6 6 2 3 5 6 0 0
"ff08d660b08aae24" 24 17130 13 1560 171 30034 553 23 308 16293 20 87 30035 13 553 452 1869 321 66 36 330 87 1303 2453 4 10647 -1 -1 0 0 0 0 8 7 6 6 6 6 3 3 5 5 0 0
"fc9ca91ad2b2a07f" 22 20 4297 13 102 1187 25 421 13 553 3951 4304 47 30036 13 553 2652 1821 353 21854 171 28822 4 10648 -1 -1 0 0 0 0 6 7 6 6 5 6 3 7 4 5 0 0
"a6576e83042aa95a" 29 547 4720 13 4721 30037 2014 13 553 357 87 61 18884 13 2905 10496 6444 6331 13 553 1542 4894 6819 6820 13 1109 1485 6538 8654 4 10649 -1 -1 0 0 0 0 7 7 6 6 7 4 4 3 3 4 0 0
"17a54ea532a0cc80" 27 188 30038 13 627 146 30039 106 782 26 553 357 191 15659 443 13 125 1747 9708 13 553 1695 737 313 1314 1695 30040 4 10650 -1 -1 0 0 0 0 6 5 6 7 5 7 3 3 6 5 0 0
"5f1669e2038fa4c3" 18 2694 13 771 417 21463 737 313 13 553 347 39 628 13 66 25075 1643 30041 4 10651 -1 -1 0 0 0 0 7 6 6 6 5 6 3 3 5 4 0 0
"8aa57edbca664925" 22 8588 13 347 286 1867 13 553 573 367 13 2 87 61 30042 13 553 23 1331 1303 359 6659 4 10652 -1 -1 0 0 0 0 8 9 7 8 6 4 3 2 9 6 0 0
"ec47cb82eabe2bcd" 17 796 8016 61 835 2331 13 553 2 25 6740 6741 13 417 9204 87 3706 4 10653 -1 -1 0 0 0 0 6 5 4 5 6 4 2 4 3 5 0 0
"879bc177289bcbd7" 20 30043 357 1032 30044 13 6062 30045 15189 13 553 320 3761 13 191 355 3302 749 30046 30047 4 10654 -1 -1 0 0 0 0 7 3 8 4 5 2 6 3 2 4 0 0
"1941fce15d87f5d5" 28 5959 30048 13 66 347 36 9982 30049 30050 30051 13 553 30052 621 2618 13 191 87 6540 357 136 2 723 2406 160 30053 7494 4 10655 -1 -1 0 0 0 0 6 9 9 6 6 8 8 4 3 5 0 0
"df15da767a79ecb7" 22 1886 3714 8831 3715 13 359 1201 3155 13 553 2477 30054 802 30055 13 47 646 25 4799 2024 30056 4 10656 -1 -1 0 0 0 0 3 8 7 5 3 4 2 8 2 9 0 0
"d17905c7bd1c291d" 23 2151 11813 30057 13 47 6029 703 6030 13 55 286 1580 87 24824 30058 203 30059 205 13 8488 8489 16483 55 10657 -1 -1 0 0 0 0 8 6 8 5 7 7 2 3 6 3 0 0
"143bc5ceec9b4992" 18 30060 30061 3419 30062 13 553 30063 30064 13 2 1109 1110 30065 5957 5958 5959 30066 4 10658 -1 -1 0 0 0 0 3 9 7 7 4 5 9 2 2 6 0 0
"6679a7ab4797550f" 21 30067 1110 47 2221 17053 13 13731 7700 2 13761 13 553 17130 22572 21276 30068 12808 13 1110 23672 4 10659 -1 -1 0 0 0 0 8 7 9 7 8 2 3 1 2 2 0 0
"0b089ebad1d46c26" 30 30069 150 4337 30070 1047 13 2096 30071 30072 136 13 553 1749 20500 30073 16779 55 30074 13 1109 30075 30076 30077 150 102 36 30078 330 30079 16483 10660 -1 -1 0 0 0 0 7 6 7 5 6 6 2 3 2 4 0 0
"73040cc30356afea" 30 1250 21240 34 30080 417 47 30081 30082 34 4645 13 553 452 606 34 645 19947 30083 30084 30085 13 30086 87 4656 38 4505 1047 30087 27349 4 10661 -1 -1 0 0 0 0 4 4 7 6 5 2 4 5 3 3 0 0
"537b9c76cac72e6a" 24 30088 2700 30089 30090 13 23176 13 553 1109 6163 61 21069 30091 55 948 21069 55 13 30092 30093 20 30094 30095 16483 10662 -1 -1 0 0 0 0 5 3 8 4 4 2 6 6 2 7 0 0
"99df2f308a72f7be" 26 341 847 63 1863 13 1122 21682 4643 4644 4645 13 553 573 33 18759 575 1765 393 30096 17520 452 113 6029 39 6030 4 10663 -1 -1 0 0 0 0 5 4 5 7 5 3 4 5 5 3 0 0
"93910cd81bb5a680" 35 2 66 2363 7335 13 191 30097 30098 13 30099 1109 1110 30100 13 553 1250 35 36 772 9048 5974 30101 30102 30075 30103 2 12449 13 30104 2 134 30105 30075 13228 16483 10664 -1 -1 0 0 0 0 4 3 6 4 3 3 7 2 3 5 0 0
"e10bd58ce8e9a141" 33 30106 13 2 87 30107 30108 30109 30110 28805 13 30111 1820 30112 30113 13 553 26953 30114 30115 13 30116 353 30117 1585 13 20 95 15604 87 6540 353 136 4 10665 -1 -1 0 0 0 0 4 6 8 6 4 3 7 3 5 4 0 0
"18e271582b33d417" 22 5140 61 14156 4722 30118 13 553 30119 30120 30121 537 1953 29763 13 30122 30123 386 30124 30125 2151 30126 4 10666 -1 -1 0 0 0 0 6 3 6 4 5 2 4 6 2 7 0 0
"12d502e13f93bbef" 35 66 30127 30128 13 30129 900 13 41 39 1293 13 2 1542 30130 30131 1529 433 13 950 524 723 596 87 12164 2 347 600 30132 11261 55 30133 660 4 68 13 10667 -1 -1 0 0 0 0 3 4 6 5 5 2 3 7 3 5 0 0
"364c114967edbed8" 37 3998 134 87 607 13346 13 87 23487 950 171 30134 20387 150 357 30135 13 553 5714 520 4304 13 1886 3714 8831 3715 13 359 1293 30136 30137 4899 191 1342 30138 188 2151 4 10668 -1 -1 0 0 0 0 5 8 7 6 5 7 3 3 4 6 0 0
"ed5090e23bd84ec3" 22 5095 5096 13 106 1192 39 13 553 17130 13 1250 30139 12199 13 87 61 134 188 5218 13 1067 4 10669 -1 -1 0 0 0 0 4 3 2 3 1 4 1 1 1 1 0 0
"72b225ba534bd1bc" 21 1947 15188 15189 13 356 9929 30140 13381 30141 13 553 339 301 302 13 95 61 93 30142 21521 4 10670 -1 -1 0 0 0 0 2 3 3 2 1 3 1 3 1 2 0 0
"1fb6d6d71f95ad7f" 31 2 6029 703 6030 13 576 113 33 35 30143 61 14449 319 13 553 2 87 6540 353 136 13 357 1131 3006 566 13 12511 61 445 7816 4 10671 -1 -1 0 0 0 0 3 5 5 4 2 2 4 3 2 3 0 0
"3f5de4b152542a12" 26 573 367 13 357 30144 2398 30145 171 30146 13 553 20 4297 102 1187 25 421 13 1042 61 113 1131 30147 30148 30149 4 10672 -1 -1 0 0 0 0 6 7 5 5 4 4 3 4 7 7 0 0
"c8e2a393a0eb96cf" 22 2151 30150 30151 13 30152 7223 30153 10302 13 553 2 66 2363 7335 13 1071 8016 61 125 2331 2416 113 10673 -1 -1 0 0 0 0 2 2 2 2 1 2 1 2 1 1 0 0
"3ed733c7b3d69318" 49 607 1428 30154 2 2382 30155 20076 20 30156 553 2 627 1754 30157 20 66 30158 13 20 66 50 553 47 10767 13 8245 2136 2 66 30159 13 553 520 8654 13 20 66 9463 2 3032 7559 1747 9708 66 30160 13221 15110 68 4 10674 -1 -1 0 0 0 0 5 3 4 2 3 2 1 1 1 1 0 0
"d60e94d32ed203f4" 36 87 61 15750 357 1032 15751 13 1250 30139 12199 13 553 3998 520 4304 13 188 61 30161 102 25 1906 30162 13 553 8588 13 95 504 150 394 7874 30163 30164 68 4 10675 -1 -1 0 0 0 0 1 1 1 1 1 2 1 1 2 1 0 0
"ff91f38d9b032d80" 43 452 1869 13 4668 6337 2 30165 55 14427 30166 4970 504 13 553 2694 13 460 66 1793 3951 30167 13 20 34 26 530 25405 30168 13 553 9171 61 10093 13 171 1651 13 359 8115 30169 23329 30170 4 10676 -1 -1 0 0 0 0 3 4 3 3 1 2 3 1 1 2 0 0
"159a401685d5ef94" 35 30171 30172 169 13 1013 2 55 30173 13 553 1886 3714 3715 13 13 20 30174 61 30175 5957 5958 5959 5706 13 553 1695 13228 13 1549 1200 95 61 1131 30176 110 10677 -1 -1 0 0 0 0 1 2 1 4 1 4 3 4 2 2 0 0
"443a0ac1d210bd28" 42 4140 14415 6727 30177 13 171 30178 820 2 30179 3935 30180 30181 110 13 553 1747 9708 13 66 3503 93 774 2 2 9463 1511 373 102 14243 13 553 9171 61 10093 13 30182 30183 13 452 1869 4 10678 -1 -1 0 0 0 0 4 2 2 3 1 2 1 2 1 1 0 0
"8ac1ae81faa81c86" 39 30184 30185 30186 394 346 30187 13 346 1568 553 1542 4894 6819 6820 13 188 30188 1533 13 553 20 4297 102 1187 25 421 13 171 30189 30190 13 5910 953 1381 13 339 301 302 4 10679 -1 -1 0 0 0 0 1 2 2 3 1 1 3 2 1 2 0 0
"7c1a2aba022776e3" 48 150 36 1204 30191 13 87 61 30192 29369 355 2369 30193 30194 30195 553 1001 30196 28242 1497 13 30197 4125 4366 590 2 1002 13 553 1947 15188 15189 13 61 22068 1145 117 30198 9048 47 9048 171 2391 61 1131 13 1399 68 4 10680 -1 -1 0 0 0 0 2 2 1 2 1 2 1 4 1 2 0 0
"1b3e7c871df0a8c1" 46 30199 2382 30200 15419 30201 553 4720 4721 4722 2014 13 30202 14041 1695 774 2551 30203 13 553 5957 5958 5959 5706 13 7957 30204 30205 9965 22537 553 2 25 6740 6741 13 417 30206 61 30207 1122 30208 2506 14539 188 725 4 10681 -1 -1 0 0 0 0 2 2 2 3 1 4 3 4 2 2 0 0
"d480c62783199f63" 40 2243 847 63 1863 1420 13 22479 34 2303 30209 30210 13 553 2 6029 703 6030 13 95 61 1131 30176 20 30211 30212 30213 4 13 553 5095 5096 13 357 347 39 305 30214 170 396 4 10682 -1 -1 0 0 0 0 1 3 2 1 1 2 2 2 1 1 0 0
"4a6f085e629fdff8" 47 66 7638 191 30215 30216 2 87 1145 1047 13 553 1047 13 357 66 347 2214 12080 13 13129 2734 66 30217 13 553 8016 3302 835 2331 13 30218 1096 16593 13 30219 13 553 8588 13 357 2446 10698 30220 30221 30222 30223 4 10683 -1 -1 0 0 0 0 0 0 0 0 0 0 0 0 0 0 0 0