"38155a9855e69b52" 28 102 373 13 15349 1109 150 305 113 30224 13 553 373 1297 35 25 6020 61 17535 963 13 553 1494 312 667 87 36 14079 4 10684 -1 -1 0 0 0 0 9 7 8 7 7 9 5 2 2 6 0 0
"8314fc85401032d4" 29 66 347 36 63 1863 499 30225 305 553 66 23 12669 3779 2 8723 19811 1934 93 13 553 2 7289 5234 367 20230 457 7316 68 4 10685 -1 -1 0 0 0 0 8 7 8 8 7 9 6 2 4 4 0 0
"cf97d7aa6bfd5675" 22 66 30226 30227 13 6564 2720 6078 2340 13 553 26980 3876 2 372 25 21809 1376 30228 171 8812 358 4 10686 -1 -1 0 0 0 0 8 7 7 6 6 9 5 3 2 3 0 0
"804d61fee4816528" 24 66 1778 30229 13 20 1456 386 13 553 1829 87 890 6591 357 457 87 150 36 417 13 718 93 372 4 10687 -1 -1 0 0 0 0 9 8 8 8 7 8 5 3 4 5 0 0
"5bad9dc5ffc82ec2" 31 347 66 600 601 13 87 25 1872 13 553 20600 30230 357 1404 66 372 744 553 1034 535 373 30231 113 134 7535 13 2 607 26049 30232 4 10688 -1 -1 0 0 0 0 7 9 7 6 5 7 7 2 3 3 0 0
"851599b6eb63111d" 56 191 452 61 30233 2 573 297 30234 13 553 744 345 61 4445 13 150 87 36 30235 553 66 286 1534 482 113 13 150 304 4606 305 13 297 4374 30236 17855 30237 2968 2 30238 4374 23112 2 4463 11073 2286 25 30239 30240 1420 2 5385 1047 28 30241 7014 16483 10689 -1 -1 0 0 0 0 9 9 9 9 8 8 6 7 5 8 0 0
"5b0860f889fc48a4" 32 34 35 30242 30243 13 14176 30244 30245 13 553 76 30246 30247 61 30248 20513 30249 13 553 150 30250 7436 36 13 87 21246 25 66 2423 14069 1655 4 10690 -1 -1 0 0 0 0 9 8 8 7 6 7 6 6 4 4 0 0
"98db6265341f3d29" 31 150 87 10090 297 4434 454 13 553 1110 2805 30251 30252 30253 95 18070 13 553 1094 41 30254 1604 18733 2321 30255 13 41 1109 30256 30257 9779 4 10691 -1 -1 0 0 0 0 8 7 7 6 6 7 7 5 3 4 0 0
"2effd1952b79d088" 48 2 1109 5561 30258 87 165 13 30259 61 13 553 1777 2107 1482 2 2137 113 2507 6285 13 553 2 1109 672 822 3502 13 4232 744 286 357 150 28965 417 412 1378 3278 3873 1718 30260 13 2 4326 30261 2583 30262 30263 4 10692 -1 -1 0 0 0 0 9 7 7 6 6 8 7 7 5 4 0 0
"cdd4db8bd77de736" 31 41 4589 188 30264 13 30265 19762 13 553 20494 35 360 61 1806 1342 34 7793 687 30266 966 13 553 188 3387 61 4134 13 967 28232 17747 13 10693 -1 -1 0 0 0 0 8 8 7 7 6 7 7 4 6 3 0 0
"4dbcc11dbdcfe82b" 44 1016 3805 9354 16060 13 6270 1246 26741 13 30267 13 553 21352 30268 95 1496 2700 14061 9045 1071 30269 6140 30270 30270 30271 13 3736 2846 1786 698 30272 30273 30274 13 35 4330 12507 2941 30275 30276 17492 4 68 13 10694 -1 -1 0 0 0 0 8 7 7 7 6 6 6 5 5 5 0 0
"ab872f1f6b3c4e73" 48 2247 3918 3096 2316 13 524 17805 1795 13 553 15978 30277 25514 15980 1124 13 2652 2284 796 30278 1750 2 1381 446 13 28 1109 30279 1631 4330 6780 61 29137 457 30280 13 2 8649 457 323 25 451 12574 14893 13 35 8071 16483 10695 -1 -1 0 0 0 0 9 8 8 9 7 8 7 6 4 5 0 0
"7bd37114526727f8" 36 34 26 113 297 944 13 11215 13 15695 13 553 150 36 6019 13 1580 30281 1029 1664 30282 30283 8336 13 1122 13061 553 66 30284 30285 2637 1669 30286 30287 170 5700 4 10696 -1 -1 0 0 0 0 9 8 7 7 6 8 7 6 6 4 0 0
"a275680c6d501f89" 39 191 61 30288 542 13 297 30289 30290 13 553 28 30291 66 8349 13 150 925 30292 114 30293 30294 30295 15383 24325 13 2 95 6384 150 30296 8026 13 297 606 1047 925 30297 1696 4 10697 -1 -1 0 0 0 0 9 8 8 7 6 8 7 6 3 6 0 0
"7c366ce86a8f99c4" 30 58 160 1047 942 191 3293 1664 13 553 28 1885 30298 2 30211 30299 30300 30301 13 553 357 30302 23 2777 2046 93 573 25 117 2652 4 10698 -1 -1 0 0 0 0 9 7 8 6 5 7 6 5 4 4 0 0
"1a17082e2b65819d" 35 13905 30303 5537 1750 13 13404 30304 13 359 5724 2453 553 13068 95 9721 13 30305 30306 359 361 30307 2888 13 553 10794 2871 13 30308 373 13 1842 359 30309 2356 4 10699 -1 -1 0 0 0 0 0 0 0 0 0 0 0 0 0 0 0 0
"d6651a4f40a57fc0" 31 373 2873 956 13 1071 2232 1740 711 13 553 295 296 297 298 13 359 7584 30310 11372 30311 282 553 61 8071 13 1071 30312 30313 2 28677 4 10700 -1 -1 0 0 0 0 0 0 0 0 0 0 0 0 0 0 0 0
"39c3d58dde059d46" 34 1408 30314 297 30315 359 30316 13 15470 561 2898 13 553 357 888 14117 6716 13 3327 13 14491 150 36 3093 305 553 2 801 901 11067 13 7336 30317 3195 4 10701 -1 -1 0 0 0 0 0 0 0 0 0 0 0 0 0 0 0 0
"381ef428e7597131" 30 7123 359 13443 13444 13 4352 6712 30318 553 1169 8886 8887 13 30319 30320 2 30321 30322 553 7586 44 7587 6436 13 191 10748 752 6847 24459 4 10702 -1 -1 0 0 0 0 0 0 0 0 0 0 0 0 0 0 0 0
"160ce5a6f3ba5a90" 47 191 61 30323 4882 2 1534 13 297 359 30324 553 2 11630 13 30325 95 5894 13 2 30326 30327 30328 13 553 116 5640 13 2151 22639 5641 936 1862 13 5642 13 93 170 5670 4211 30329 30330 553 274 14069 53 2423 4 10703 -1 -1 0 0 0 0 0 0 0 0 0 0 0 0 0 0 0 0
"8b827db445a258ee" 36 4589 188 16394 13 2 934 30331 23 30332 2340 553 2733 2734 6607 6608 13 6787 30333 61 30334 13 30335 11508 30336 553 11045 11046 13 191 171 30337 729 61 30338 15662 4 10704 -1 -1 0 0 0 0 0 0 0 0 0 0 0 0 0 0 0 0
"c87d1f367ac346aa" 42 16355 16060 9354 13 30339 30340 30341 30342 553 2 1342 61 890 6659 13 357 29507 721 26020 30343 171 30344 553 9110 170 5700 13 2 24229 61 520 61 2218 2 1542 16330 6849 61 30345 30346 6 4 10705 -1 -1 0 0 0 0 0 0 0 0 0 0 0 0 0 0 0 0
"cf78b2500be008fa" 39 191 61 15131 542 13 87 2271 10273 361 30347 2200 30348 553 5234 7289 7314 7315 7316 13 6791 30349 30350 7618 30351 349 30352 55 553 47 188 30353 3918 3096 13 150 30354 553 22158 55 10706 -1 -1 0 0 0 0 7 7 8 8 6 4 4 4 3 3 0 0
"a1c81e0c41435741" 35 35 9123 9124 9125 9126 13 30355 30356 4458 30357 553 35 36 7436 13 30358 30359 13 30360 30361 553 13129 61 956 9936 13 191 30362 30363 150 16140 25467 30364 30365 4 10707 -1 -1 0 0 0 0 0 0 0 0 0 0 0 0 0 0 0 0
"dd67b6a28361d6c5" 51 58 160 13 2096 30366 171 2151 13 297 14698 13 30367 30368 553 359 371 13 297 30369 171 30370 61 30371 6 171 30372 13 616 30373 22727 553 10794 2871 13 30374 30375 30376 13 30377 2 5284 553 2920 30378 171 30379 191 30380 4 68 13 10708 -1 -1 0 0 0 0 0 0 0 0 0 0 0 0 0 0 0 0
"211dd9d66c1f4984" 50 8412 9251 9252 9253 297 13 1580 23503 30381 737 30382 30383 553 41 386 1456 13 297 150 36 3438 8328 30384 2432 30385 13 30386 30387 553 1110 53 2805 13 3372 10053 87 24340 30388 13 61 27617 55 30389 12894 30390 30391 30392 553 30393 4 10709 -1 -1 0 0 0 0 0 0 0 0 0 0 0 0 0 0 0 0
"c6adba84c05f0fe0" 52 35 87 61 2897 2898 13 14491 30394 19336 61 30395 23161 553 2 102 3097 3098 13 373 386 3254 13 30396 22872 8775 553 1297 321 3099 13 1071 3261 30397 30398 1029 30399 553 2 15978 15979 15980 1124 13 30400 30401 308 113 30402 5749 30403 3141 4 10710 -1 -1 0 0 0 0 0 0 0 0 0 0 0 0 0 0 0 0
"4a78b20f049236c5" 42 30404 30405 2 30406 3503 13 191 3293 1664 13 30407 150 30408 13 30409 30410 553 6605 5556 63 2453 5724 13 30411 11989 19268 30412 660 553 3497 20096 30413 13 30414 21196 2 30415 4405 30416 30417 30418 4 10711 -1 -1 0 0 0 0 0 0 0 0 0 0 0 0 0 0 0 0
"e73a899a794420a2" 47 113 297 944 13 30419 30420 30421 20289 30422 553 4312 116 6384 8412 150 9481 8026 13 191 61 9510 357 171 7521 1785 30423 30424 2 30425 323 17455 188 30426 553 188 3387 61 1806 13 574 1580 2346 6278 10708 30427 30428 110 10712 -1 -1 0 0 0 0 0 0 0 0 0 0 0 0 0 0 0 0
"bf73149e34dead6f" 48 373 2873 956 2874 13 144 150 30429 171 30430 11411 13 347 36 30431 553 3582 3583 3584 63 3585 13 87 61 4361 2797 13 4361 61 87 30432 3405 553 600 1592 312 13 12842 93 23314 30433 13 358 30434 13 326 30435 4 10713 -1 -1 0 0 0 0 0 0 0 0 0 0 0 0 0 0 0 0
"30cd4afe95c367a2" 20 8412 9251 9252 13 9253 297 13 553 66 23 12669 2 3479 61 27580 22227 53 396 1862 4 10714 -1 -1 0 0 0 0 7 6 8 7 6 7 5 6 5 6 0 0
"9e24aaad04a41bc4" 12 30436 20 13443 30437 13 553 191 7456 188 2 30438 30439 10715 -1 -1 0 0 0 0 8 7 9 6 7 7 8 6 5 4 0 0
"b26a938b77cc40bb" 15 1110 15470 561 2898 13 553 16355 9354 16060 2 606 61 925 15159 4 10716 -1 -1 0 0 0 0 8 8 7 8 7 8 6 6 5 5 0 0
"c822e26f8e0a3387" 25 347 36 297 298 20 30440 13 553 30441 9123 2 9125 4107 9126 13 553 28 4605 4606 150 3631 26859 171 5258 4 10717 -1 -1 0 0 0 0 6 5 6 7 6 6 4 8 6 4 0 0
"b1f7843b12f31255" 26 1929 2278 2 11630 13 553 116 5640 63 30442 2265 553 30443 936 1862 5642 13 553 1109 1110 2805 13 14566 1795 3302 16483 10718 -1 -1 0 0 0 0 7 7 8 8 7 7 4 6 7 6 0 0
"f7a6f0076731bce5" 18 191 4589 188 16394 2 372 13 553 58 160 388 370 2 371 18939 188 2410 4 10719 -1 -1 0 0 0 0 7 8 7 6 6 7 5 6 6 5 0 0
"e5ce4a7468e88b79" 21 191 30444 61 15131 542 13 553 1342 61 890 2 931 13 553 2652 13068 95 9721 548 30445 4 10720 -1 -1 0 0 0 0 6 6 6 8 7 5 4 6 4 7 0 0
"f6ac0c489a5fef6e" 23 150 193 113 297 944 13 553 15978 30277 15980 1124 13 553 357 1934 822 3502 2006 142 150 4304 11382 4 10721 -1 -1 0 0 0 0 5 5 6 6 5 6 4 6 5 6 0 0
"7ee8721929c3b79f" 29 2321 8453 6607 6608 13 553 171 2733 2734 362 150 1543 30446 13 553 113 34 35 36 7436 13 188 660 1855 30447 347 23775 151 16483 10722 -1 -1 0 0 0 0 8 8 6 9 7 7 4 6 9 8 0 0
"9d8a62eebe54bcf4" 27 150 87 36 113 2897 2898 13 553 3918 3096 53 2507 2 2316 553 9110 170 5700 13 2963 23451 47 30448 297 738 384 4 10723 -1 -1 0 0 0 0 6 7 8 8 7 7 5 6 6 7 0 0
"8f46af9456c5ad2d" 27 14839 20 13443 13444 125 13 553 41 386 1580 125 1208 30449 13 553 191 3293 1664 30450 2 1511 297 20 30451 8032 125 4 10724 -1 -1 0 0 0 0 8 8 7 7 7 6 8 5 4 5 0 0
"55b052e2b376678a" 33 357 373 2873 956 18116 13 553 106 4322 484 941 5556 63 2453 5724 13 553 2107 113 5557 901 11067 13 553 7068 1043 2 1604 30452 2785 1697 30453 4 10725 -1 -1 0 0 0 0 7 6 8 9 7 7 5 7 8 9 0 0
"437cffdc5c500f3f" 39 7548 295 296 297 298 13 553 20 371 2 191 347 1817 362 2941 30454 13 553 2652 61 8071 2006 347 286 1604 358 17652 553 87 61 373 30455 3358 2 2781 30456 93 30457 4 10726 -1 -1 0 0 0 0 0 0 0 0 0 0 0 0 0 0 0 0
"7d8a373f2a55ce70" 34 8412 9251 9252 308 9253 297 13 553 191 30458 150 30459 548 30459 13681 553 274 30460 53 2423 13 553 347 993 2062 13 188 660 1778 308 30461 1588 1000 4 10727 -1 -1 0 0 0 0 7 7 8 7 6 7 6 6 7 8 0 0
"0935a860b51a559f" 34 35 87 61 2897 2898 13 171 30462 860 13 553 116 5640 5641 936 1862 5642 13 553 113 13129 61 956 9936 13 191 30463 4404 2 30464 2531 2859 1618 4 10728 -1 -1 0 0 0 0 7 7 8 9 6 6 6 7 7 8 0 0
"4a1f8637424a6237" 18 9970 9971 13 1643 26216 30465 13 553 614 4187 396 357 13 11026 3004 2094 726 4 10729 -1 -1 0 0 0 0 6 6 7 6 5 7 3 2 3 5 0 0
"5fed4058865ba730" 27 5586 34 26 1096 13 41 35 1297 35 7014 553 249 242 250 251 237 252 13 720 30466 87 30467 7609 1071 30468 30469 4 10730 -1 -1 0 0 0 0 7 7 8 6 6 6 6 5 3 4 0 0
"e9b7ecf33ded508f" 38 1171 457 1172 13 30470 30471 171 13 553 1173 1174 5896 191 16865 55 19465 3825 6365 13 553 540 5329 61 8946 13 449 4322 30472 13 553 17416 16483 30473 30474 30475 2531 30476 16483 10731 -1 -1 0 0 0 0 8 8 9 7 7 7 4 4 3 5 0 0
"84831c0650c4879e" 38 9689 1262 30477 5557 13 26 297 18247 13 553 738 30478 1511 2662 95 24148 1609 30479 340 13 553 30480 373 30481 14267 20 30482 292 13 361 1091 30483 13 349 30484 30485 2321 110 10732 -1 -1 0 0 0 0 9 8 7 9 8 7 4 3 7 6 0 0
"46d9da164bf24bee" 40 171 30486 150 388 25823 13 1381 3497 1721 13 553 347 39 687 2247 3872 3909 347 30487 351 13 553 4937 93 4938 13 1381 603 855 728 13 553 30488 87 30489 30490 30491 30492 1004 4 10733 -1 -1 0 0 0 0 9 7 7 6 8 6 8 5 3 5 0 0
"039c2083efabe0d8" 38 4937 93 4938 13 30493 30494 553 30495 30496 474 30497 30498 2 30499 30500 553 15269 15244 15270 5173 13 134 30501 2451 13 553 6263 87 297 30502 20 1220 357 10604 4538 30086 171 4 10734 -1 -1 0 0 0 0 7 6 6 4 6 7 8 6 4 5 0 0
"ac16e562bfac6bc8" 46 2 628 774 170 13 330 150 36 30503 2 30504 13 553 1559 645 2307 171 6336 13 636 30505 3786 553 171 3127 4454 61 4455 4456 553 388 17 30506 30507 30508 2 30509 13 30510 30511 981 30512 191 3939 23 4 10735 -1 -1 0 0 0 0 8 7 5 8 6 5 4 3 8 6 0 0
"bb3a1688bc23d649" 48 35 796 34 35 796 25 23 27 13 553 15347 87 4444 30513 13 7548 25 61 30514 30515 13 553 388 507 21014 30516 24046 11813 2700 1100 13 553 341 1067 4700 146 13 20 150 36 1780 7014 35 30517 30518 102 30519 4 10736 -1 -1 0 0 0 0 8 8 7 9 7 8 9 7 6 8 0 0
"007e7aab13c08bb3" 39 530 10345 38 10346 1945 13 30520 30521 13 553 347 362 342 20 26 4145 3178 13 20 30522 30523 20133 13 3233 30524 30525 13 553 590 607 15308 13 30526 6576 30527 19484 1165 30528 4 10737 -1 -1 0 0 0 0 7 6 8 6 7 7 7 6 6 5 0 0
"66694120088c97d6" 39 10334 206 13 30529 5905 30530 9683 35 2014 13 553 34 4539 4540 13 981 3941 587 5112 30531 13 553 30532 474 6626 323 61 340 13 553 548 18343 304 30533 30534 20 30535 30536 4 10738 -1 -1 0 0 0 0 6 6 6 5 6 8 8 5 5 6 0 0
"e1cd1f81f4d03a73" 43 8490 8491 13 1215 2475 2020 3387 13 553 1109 1110 530 30537 4123 13 30538 150 30539 29496 30511 30540 3337 13 553 2 373 15262 15263 417 803 30541 13 553 1559 30542 676 30543 30544 13 453 61 188 4 10739 -1 -1 0 0 0 0 7 6 6 6 6 7 5 5 3 5 0 0
"464bbadd5ddee524" 39 95 150 36 171 1693 548 30545 2259 13 553 520 150 8453 8454 13 30546 30547 13 553 30548 14129 1007 664 30549 30550 13 553 2056 30551 30552 30553 1020 30554 13 22192 30555 30556 30557 4 10740 -1 -1 0 0 0 0 8 6 7 6 6 8 6 5 4 5 0 0
"2bd5112b787d12d0" 39 5937 13 30558 30559 30560 30561 553 2 5564 13 361 5909 30562 30563 146 852 13 553 2 2888 13 1029 30564 30565 596 30566 30567 13 553 12697 188 30544 30568 26635 87 388 2862 2094 4 10741 -1 -1 0 0 0 0 7 6 7 8 6 7 6 5 6 5 0 0
"c76ed77c6bf736ff" 47 347 6910 9998 13 30569 787 191 4374 30311 30570 13 553 347 2652 2475 8213 14269 13 30571 30572 13 553 282 87 61 13 30573 30573 13 30574 545 30575 30576 13 553 157 13094 5171 1052 24911 30577 30578 13 3372 30579 68 4 10742 -1 -1 0 0 0 0 6 5 5 6 5 6 7 7 4 6 0 0
"271e9da682d6d923" 24 2363 5353 13 30580 4589 357 18406 30581 13 553 14766 14767 61 125 412 24148 13 14768 14093 1842 359 452 1079 4 10743 -1 -1 0 0 0 0 0 0 0 0 0 0 0 0 0 0 0 0
"2c71f1a9036c77fa" 36 1083 286 2521 9418 20 5614 30582 13 553 57 165 9419 13 57 2625 30583 4 553 25 18 9491 13 93 18 621 39 13 553 12031 1342 835 12032 12033 13678 30584 4 10744 -1 -1 0 0 0 0 8 9 8 7 6 6 5 4 5 4 0 0
"1474fabe9c75d8e0" 44 13594 13595 13596 13597 13 1109 30585 1029 4493 13 553 113 3531 1983 1193 2 712 93 6787 30586 13 553 66 23 25 4827 13 87 61 4388 357 1004 6454 13 553 28 596 6124 113 2094 30587 30588 4228 4 10745 -1 -1 0 0 0 0 7 8 8 6 5 6 5 4 5 4 0 0
"8dc229e9bcdca419" 47 687 284 385 661 5517 13 2 171 1342 61 4421 30589 13 553 687 1507 13 1488 1016 30590 30591 1113 13 553 4758 1187 13 1580 1016 30592 95 61 7082 30593 13 553 2 1069 421 13 95 154 351 1029 30594 30595 4 10746 -1 -1 0 0 0 0 6 7 7 8 6 5 4 4 4 5 0 0
"f17c911e104694b1" 24 2 102 267 268 13 30596 530 1559 548 1373 2978 13 553 171 30597 61 10764 13 30598 1108 347 146 30599 4 10747 -1 -1 0 0 0 0 7 7 8 8 6 6 3 4 5 4 0 0
"bc768cdbcc273730" 22 357 9386 9387 9388 61 722 9389 3708 47 13 553 66 30600 9621 12430 18 20 2056 61 634 47 4 10748 -1 -1 0 0 0 0 8 7 7 7 6 6 4 4 4 4 0 0
"6db7226a4f796f9d" 44 30601 660 6133 1120 13 664 739 1774 17786 13 553 1624 30602 357 7579 30603 2 30604 999 188 13 553 150 19150 36 362 171 2340 66 4827 20 5555 13 553 357 30605 12022 608 23342 515 30606 30607 30608 4 10749 -1 -1 0 0 0 0 8 9 8 8 7 5 3 4 6 4 0 0
"b97cdfb049d8f7ae" 39 28 10442 6497 13 2 23 4726 13 553 357 23 297 415 30609 1016 30610 30611 13 553 357 1093 1004 13365 13 57 3141 588 30612 1093 30613 30614 61 13 2 30615 61 30616 5344 4 10750 -1 -1 0 0 0 0 6 7 8 7 5 5 5 4 5 5 0 0
"7adc7e03d6da5827" 47 1034 25 34 392 13 34 188 37 2578 19182 553 35 361 744 25961 21918 13 23 4948 627 553 553 1034 347 863 1710 845 330 13 553 30617 30618 30619 28588 30620 9465 553 163 13 956 30621 1013 2056 11813 6561 11738 4 10751 -1 -1 0 0 0 0 7 7 8 6 5 4 3 4 4 4 0 0
"3f4b41abb32e380e" 25 171 10763 61 10764 13 347 39 417 330 3715 13 553 35 286 12624 20 30622 66 30623 93 1065 30624 4 68 13 10752 -1 -1 0 0 0 0 8 8 8 6 5 6 4 3 3 4 0 0
"127184e1c34e11e9" 26 347 2652 2475 8213 14269 13 326 171 9960 13 553 20 13665 1664 13 703 3385 578 93 170 5658 2 30625 30626 660 4 10753 -1 -1 0 0 0 0 8 7 7 6 5 6 4 4 4 4 0 0
"9d664bbd6177c206" 40 113 3531 1983 1193 13 2 30627 30628 13 553 2 102 267 268 13 20 95 10935 30629 13 553 20 12031 1342 835 12032 12033 13 553 953 15427 3822 35 21604 96 357 134 6591 3497 4 10754 -1 -1 0 0 0 0 7 8 8 7 6 6 5 4 4 5 0 0
"80d71de78dd23a76" 39 14766 14767 14768 13 4403 1633 3302 22273 13 553 4758 1187 13 30630 30631 2 30632 13 357 87 61 620 13 553 87 6995 38 1108 367 30633 13 347 385 1604 601 2014 174 14666 4 10755 -1 -1 0 0 0 0 8 8 8 7 6 6 4 4 4 4 0 0
"5208ef8d887581e6" 48 10117 10118 13 1082 87 30634 13 553 19640 7868 482 18 9491 13 357 596 357 1004 13365 13 553 347 863 1710 28549 30635 30621 30636 1584 7105 30637 30638 13 553 30639 7356 22908 847 1065 13 30640 30641 14235 229 150 1990 30642 4 10756 -1 -1 0 0 0 0 7 8 8 7 6 6 5 4 4 4 0 0
"902ad8d61be1702d" 25 5937 13 66 23 25 4827 13 2 66 4827 30643 13 553 6838 7639 358 7640 13 2042 2043 34 26 171 4007 4 10757 -1 -1 0 0 0 0 8 8 8 7 6 6 2 3 3 3 0 0
"a7e8b489d3c7e215" 23 10309 30644 13 2 1774 1047 4039 13 553 1034 24693 35 1983 23 30645 13 553 30646 30647 14472 30648 30649 16483 10758 -1 -1 0 0 0 0 7 8 7 6 5 5 4 4 4 3 0 0
"79e03ee1f7607d9d" 20 410 1071 87 61 4726 13 687 1507 13 553 12834 2957 14906 13 3009 8812 19428 14317 10326 4 10759 -1 -1 0 0 0 0 7 7 5 6 7 6 7 6 7 8 0 0
"32b569a7bc5bb418" 37 1389 30650 30651 2696 13 1088 1841 553 30652 5520 13 6648 30653 13 553 113 3531 1983 1193 13 720 566 779 2770 5260 4 553 6711 13 102 6121 4337 5564 2349 520 3434 4 10760 -1 -1 0 0 0 0 7 8 9 6 7 8 8 6 3 6 0 0
"e4ce1057790f035f" 25 30654 1121 13 373 4341 2 30655 13 553 30656 17928 13 1182 30657 13 553 30658 30659 13 1131 30660 13 3901 28138 4 10761 -1 -1 0 0 0 0 6 7 7 5 6 4 6 8 4 6 0 0
"471c828bcf8866cf" 22 30661 30662 25926 16908 13 125 313 13 553 6838 7639 7640 358 13 3302 30663 35 30664 106 14176 30665 4 10762 -1 -1 0 0 0 0 8 6 7 5 7 3 2 6 9 4 0 0
"4fe6710588e97ebd" 28 282 87 61 13 1580 30666 8467 704 13 553 1047 981 106 3302 1669 125 1943 35 13 553 30667 30668 3716 2161 7826 3488 30669 4 10763 -1 -1 0 0 0 0 4 6 5 8 2 7 8 3 2 7 0 0
"86d585fad2002a17" 33 3599 1440 30670 1442 796 30671 13 553 191 30672 4824 5580 13 357 1774 14176 87 24024 13 553 4758 1187 25 30673 4361 13 6634 726 1108 30674 388 30675 4 10764 -1 -1 0 0 0 0 6 7 8 7 6 6 5 7 5 6 0 0
"0befd3cd5b72674c" 28 410 102 267 25079 326 530 30676 13 553 20837 14176 515 30677 9601 25344 18759 9343 13 553 1088 30678 30679 13 18759 1182 125 11525 4 10765 -1 -1 0 0 0 0 7 6 5 4 6 5 5 4 6 5 0 0
"f67ca73310b6e2af" 30 6727 1585 4589 578 13 2 3155 2204 13 553 1088 1841 30680 3006 13 87 457 6659 13 553 171 10763 1071 1013 361 87 13 6597 10764 4 10766 -1 -1 0 0 0 0 8 5 7 8 7 5 5 8 5 7 0 0
"d8f203b1475d4163" 34 347 286 1007 13 41 3327 14906 13 25 11813 186 13 553 596 53 2267 3835 13 87 102 22711 553 19929 18202 3327 13 18759 1105 1720 13 532 22803 8586 110 10767 -1 -1 0 0 0 0 5 6 6 5 6 6 3 4 6 8 0 0
"152724a062b85003" 27 5564 5709 13 102 30681 13 553 30682 504 1381 13 30683 30684 596 636 30685 13 553 61 1093 1004 13365 13 357 2174 805 4 10768 -1 -1 0 0 0 0 3 5 5 3 4 6 5 6 4 5 0 0
"23e24b4ecaafe712" 29 30686 125 1131 10118 13 150 2062 2135 30687 13 553 125 313 30688 30689 30690 13 553 30691 283 3547 13 20108 330 30692 1774 1047 4039 4 10769 -1 -1 0 0 0 0 7 6 7 5 6 3 2 4 7 5 0 0