"b4bdf4ff1bced252" 124 7314
"c15b3f2a2ff28e4c" 5705 1327 7039
"3e66de7e912b6307" 5571 252 1555
"2762da8fe4061f1d" 6051 11006
"3aa1aad8ddea2fb4" 9352 3150
"7d4db09c3f3430d4" 9513 3093
"b2cec802a75ade39" 1723 5759
"5c5c4c548187136e" 5747 1473
"cd1c250002bfb329" 5712 3552 8931
"52719de7d9a0be75" 6113 7435
"939b1366dc07d5be" 6529 511
"b01e46237ac8d358" 1823 9851 10060
"4628d4f52b1c49e3" 4687 11208 5068
"2a7c57d7d56f2343" 9127 1786
"5691ca996b687c29" 12073 4076 1807
"32c99d5ffa0ab790" 11083 10023
"88af63375d74083b" 4814 1317
"2e96ef977a1962c1" 71 4915 11619
"c7e4062f23cb9698" 3499 672
"058b1a6d21897c7a" 7409 4966 10560
"1a0f7b765b2c97cb" 6171 8469
"7c10db239fffbf50" 10554 5608
"a3c5b7ee5e84442d" 2734 6263
"fc98d7e48b4d7c59" 10418 5848
"0ee59c95fd66d36d" 9194 283 7550
"f7db549e2cc235f7" 10014 3547 9993
"30571c47271294a5" 4788 2930
"90877d09e2d124c4" 5608 3558 9194
"67892b953d6595c5" 3417 6468
"203b3ba9a9d02c9e" 7969 2728
"8df88147cb626c37" 6959 2888
"8d433779e4d03734" 4701 2930
"c2f12b3c29d937b1" 10434 1893
"b6f77484533008d7" 5178 4966 8874
"ace51b7e527f6fbf" 5673 6408
"81ae6ead6872ee65" 1252 12119 672
"baa8f59e478be12c" 8835 6615 5948
"00c06f282461f332" 2734 283 10554
"b07e7b966cb73cc2" 5848 4788 7814
"6133fc2f1f1f7646" 3079 11281 11793
"c315f0fe62bfdd86" 7969 8874 6408
"cc31d1c2c61bb566" 8152 10434 11281
"5d1b13e4746eeca4" 6171 10418 6959
"0dd21849cb79543a" 7409 3558
"7bb0297dfa3f36c5" 8469 7550 3499
"d285ef152c61d6a1" 3547 7649
"0087e2281a4680c1" 5673 9214 10560
"a72a67f4e413a7c9" 4701 4788 2728
"132f8dc3f47ed8cc" 1893 11793 10014
"b57a486f89b33a0e" 5711 1252 12119
"9c819578c038ebd2" 6468 5608
"57988d605c92505a" 6263 5178 2091
"3ab1409e8aefc129" 4966 2930 10554
"21bd54b46d3e1da9" 7814 12119
"465ea9d2ceb89670" 672 6615
"583eb1db87b8558a" 6959 10434 3547
"7285d2fd50d58a13" 2734 9194 10014
"6f316969c16b9d85" 2888 7649
"786fcb239fffbf50" 10554 2728
"753f3106a4ed9df3" 6408 5948 5178
"57244314ff236012" 7409 8152 283
"4e7a2b953d6595c5" 3417 10418
"9c68c1be2b7f27ce" 5673 10434 8469
"8299832897d54494" 9214 2888 9993
"d461ae70f539c0df" 2471 10149
"29ed3571397d705f" 5134 9459 9076
"b4cd898021450d3b" 3369 9982 6027
"2fb5155b7df0c243" 708 7569
"7df6390950517c04" 5980 4030
"93f842d917db7475" 846 5892 2494
"1c96031c58e36088" 6655 8353
"9930a517c6493bee" 7906 715 1679
"10272f7c2e67a483" 11838 9736 4066
"ae241b6c34aa6ac3" 8722 3603
"d806a8b2145f1872" 5525 3919
"028c35330620e910" 8911 8156 772
"b2d82e5e105b665c" 11252 8097 2529
"81b2508447818f7a" 5593 3692 2578
"712ab712e3bb9b5f" 4437 5801 2524
"e1f53a64bc02753f" 5241 10788 4128
"1389d51ed53a86f2" 11316 9455 9777
"35185cde48b53576" 9459 10149 9982
"aa8c7f7619dcd389" 9688 2471 5134
"b94d33525ff37f34" 9076 4321 7569
"af6928a798f6b36e" 10489 708 5980
"d7f00204c081d5fc" 6027 8353 5892
"1161f832e6f7eb4a" 6655 11838 715
"60819f019e012257" 7906 846 5525
"b1e500f7b161e49c" 8097 2529 8156
"aee936d248ab7a8f" 11252 4066 3603
"483f27cfd24403d1" 8911 5593 3919
"e3735ca08908afa9" 772 3692 4437
"9bb68e81cc7676c7" 2578 5241 5801
"22b7f0626f070ef6" 11316 10788 9777
"496b51f769117192" 2524 4128 9455
"8decadce7542d859" 1679 8722 2494
"8c46eeb2a69525b2" 9736 4030 7569
"4630be6a90c04307" 3692 846 5593
"5c016bc7d2db6e7d" 8722 2494 11252
"a44e95fd350d8662" 3603 5593 9777
"a40ae824b42e3d80" 5892 11252 5241
"24269dc0fab59fe9" 4066 8911 772
"09d7d3c4f2e7fc34" 10788 9455 4128
"327871f0d8cf9d81" 5525 10788 5801
"75036c79ed5639d0" 8097 4437 11316
"0568d825032ecbf4" 5801 11252 8722
"2f19e2f656db7cab" 8911 2494 8156
"4d5331833e49b2ca" 2529 5525 9777
"5965ac3369bc5ca9" 5241 4128 715
"6e5a86fff6e7ec87" 2494 8911 3692
"0a6f17ed09a245db" 5801 2578 5980
"05125f3f09c287c5" 4865 4113 3137
"09924039a9ea6d88" 6458 4418 3235
"b108daee17218e83" 10167 1032 8347
"9990bfbd2f6be824" 2699 2706 7843
"880582703a110439" 3013 4725 6145
"c08bc2e440e03c70" 451 6972 9724
"58e6708c467295fd" 4712 5072
"57be43517b5e7ff1" 6068 228
"70140b7a835db860" 5590 4668
"990fd0600395b312" 11308 11760
"e4014bf09f9775b6" 4001 4468
"13d6b5a59815cd24" 1246 2302
"b3d3508368789d0e" 8305 4049
"ac86138f5b1c11c7" 3291 4865 4001
"ba0c1e6b426e012e" 9045 10167 6458
"35ad17e7aa79dde2" 4418 9724 11308
"e17716eb7457891d" 1246 2958 4113
"968d87d990fb86ca" 6068 7843 3013
"d983b88030eb67b2" 3137 4049 2958
"78c484badc53371f" 5072 6458 9724
"889adc013ec265a3" 3235 11760 4468
"b7c9a040ffe455a9" 3013 4113 1032
"d9a7b12acae06537" 451 4725 4712
"208000fd86720148" 2706 2302 8305
"5c4363f6d7fde430" 3291 10167 1246
"a2c6a0ef1b83271d" 11308 4865 1032
"86c96e8b0a8c4a79" 4049 4468 4418
"fb648a3d73c80416" 228 2699 3235
"8487d3a53cba9d6f" 8305 5072 5590
"d66ebdbe4f8f30da" 7843 6145 6972
"7d4d42a5ff5e082d" 11760 2706 6068
"60772eb7c94827bd" 8347 4712 7202
"0ed49f0a5c4f872f" 2302 4001 9724
"a3bcffca0485ccd6" 6972 7202 8347
"658ebac4df5be49e" 4725 2699 4865
"a7327e0664dac988" 451 11308 6458
"ff82a9fc501d2a2f" 3013 4001 4668
"ae93b88030eb67b2" 3137 4049 3291
"d6eef637e20cc95c" 4418 5590 6068
"24849e4800358bc7" 8305 10167 9045
"2580be0e767da93f" 11308 8347 1246
"059cf21560ed5c13" 4865 2706 4468
"c6a600c4cb65b53e" 6458 2958 3235
"38a3b893bbe9e55f" 4668 7202 228
"ebab3e76ce5d458a" 5072 451 2302