"079d36e125c8f214" 11780 6337 8950
"267b333950a2ceba" 12083 1438
"ec3aa98a983ca227" 8399 11806
"de646d9e4d6997e3" 5835 11945 9420
"af4d38ba1b92ff66" 5027 3462
"1553d317c069b6c2" 3939 4793 520
"f2bb79b96f333063" 11912 6681 11289
"8978acb5fba6cf76" 10001 1131 2279
"6b8be70ed6cec7d1" 644 3477
"858da89d514035d8" 5747 3438 6414
"cd0599e90ddf802e" 7321 3443 8187
"f41ba3991d25ba99" 9323 3507
"7e6c566baa014f8c" 10484 7972 1590
"5b1c8ee81b426404" 3565 6802 9741
"39be39b59df5ff7b" 3784 7968 10530
"aa1bf7ddcbfd94cf" 2356 9113
"4e4f54d6295cf12f" 9234 9741
"7cdf3921f0e26c05" 11244 80 10530
"41dda603fe25078e" 11562 8863 9150
"1956bd12e05cc023" 12168 2108
"763857bf6244737d" 1376 2776 9286
"b3e56fc17ecb9e2e" 6934 6960
"2be1eddac2816a82" 3741 7063 5721
"cb6f336fba01dd9e" 2936 4663
"fafc6928d88bffb8" 3890 2104
"3e8186b75befcf25" 9286 12046 1198
"2bb1a246c89eec6b" 12046 9999
"b01e3d29770881f4" 4779 5167
"8a327290f1499744" 11588 7367
"c96ee8c34dd65d8a" 6567 10228
"939d0bcea1be20ca" 3619 9925 6548
"f6753daee714e8ac" 6617 5565
"bd144e8b0facc58e" 8999 2888 7979
"d4da9cbb5010175d" 6580 10428
"fd5051e40cb1b9d8" 2450 12168
"5c0ecf16d5e180db" 6929 6293 6514
"9b54ce8831c60ef7" 7106 5874
"9aa4804a1ddc5def" 9473 7663
"4c21b46dc5de3fae" 11593 3741 10257
"bc80436fba01dd9e" 2936 9286
"f8a1e80536b6fa57" 5565 11593
"13a2f68ab5b76e18" 1198 11588 6934
"105de8c34dd65d8a" 6567 5721
"93db204a254944e9" 5167 7367 12046
"b48a0d3d98fa4d60" 8999 3619
"729ea217fd83549a" 9999 4663
"4f087131de7ba0fb" 9925 9286
"b4da4f3232b6d4db" 7979 7663
"a2981f58717e9543" 9150 7063
"3cc53daee714e8ac" 6617 6929
"2be591d1a17b2d3d" 6960 9286 7979
"db0cfc4c2863364e" 2108 11588
"59b0a246c89eec6b" 12046 5874
"4cd9936c8cbea921" 10228 3741 1198
"1a481ba0cbd624be" 11562 2450
"d863505699fc53f3" 4976 5721 9999
"da14241180e7a27c" 6514 7106 2888
"78ae429984cac4d6" 7663 4663
"04dc5af1db31a2ab" 9473 7106 10228
"204cb1312af37b49" 10257 2936
"022ded5d7d975eec" 1376 6567 10428
"c682cff2136df470" 5874 12046 4779
"6cb122e531a00769" 3890 2104 3619
"afe7eb7d04233596" 10428 9473
"338323885e34739c" 9925 7063 6514
"16f4fd8c5a43f475" 6008 9045 719
"3f032a66a753809e" 6767 10374 9237
"66e8b67b9c762366" 11638 1147
"b2a248d9ffb18827" 552 7090 8560
"dd57808f0a43a669" 1011 4937 7220
"a233edd604cb7987" 3076 479 9386
"f63289f55d906124" 4506 1083 4157
"c4b609416b2712f0" 8571 2528
"b13e15c2ae5acb5e" 5678 10712
"6d2df85a205c2888" 704 4391 914
"83c1af243e7c419c" 11443 10996
"548786b511704dd7" 7108 960 2392
"fd5ef6a5c3940e5c" 4135 5261 4718
"de54994242ed32ec" 5476 11628
"b1b098797d3b1df6" 6361 5737
"131a91740ed4681d" 11870 7899 1147
"b1b3024393414b92" 7540 5578
"d603247469ab4fb0" 4725 4047
"48d9324ea924385e" 552 914 5737
"8a49abf88854adb2" 4499 3076
"6d305964b2835cf4" 6564 9237
"3f189eec3b3c8b18" 7220 11638 2392
"f26283359a726164" 1083 479 2528
"87a56e0c08b31975" 1011 10996
"9d4098797d3b1df6" 6361 4135
"72bdc2c8f5c6f262" 10374 11628
"a3f1e2b0e50a2f04" 4391 5578 8560
"1f18f85c808fdc2f" 11443 552 4725
"eb64514af7eefc1a" 7108 4718 8571
"f8a5ba02d6b55ab6" 4047 479
"80307ea59284d68f" 11870 9045
"2ceed63b78b62956" 704 4157 2528
"5dfa0d0a94b6fdd1" 5678 7899 719
"7f088d2ba7c6e294" 4056 7540 7090
"36dd5e48cf288b0c" 4506 6767 5261
"53de5d27c81ab915" 960 4725 1147
"fb9527a9ff916a46" 2989 4937
"1f66e1447caefe07" 9386 11638 8560
"9bc9fadd384b3ba2" 6008 7220
"879bb122a92f22b6" 4499 4135 5737
"8b37c52e79b9dba2" 9045 960 914
"6dcb589c92924318" 6564 4157 8560
"4b832dd9b3a7a428" 9237 479 1147
"889068002e65ada4" 5476 6361 11638
"5a73d1d9347bcb40" 5476 7540 10996
"171df38974ac3bf1" 5261 4391 2392
"43855760b4062a28" 4157 4718
"e89d6dfdf3ed13dd" 4735 6096 1246
"bdb9b5fb2485658d" 7859 10290 5469
"822b12a076fe4006" 606 3701
"3268c27efa15765e" 10794 2693 2975
"b8fbb9a17332d82d" 6143 4203
"83010376fa65fabe" 10989 5461 1257
"6e4c401c371f84f2" 3335 4702
"50c12519446b8a35" 5469 2975
"72ddcac280b0c592" 11836 6096 10290
"5a9f81af8f38201a" 3701 3335
"3b5f2cb201e2be6e" 7486 5461 4203
"9c5c9e4bcb805c2d" 7859 2693
"63822519446b8a35" 5469 6096
"92b34e3704acfaf6" 2975 1257
"3128f1b3336756a6" 6143 10989 10794
"51458415de484e2b" 4722 4702
"bee889b5942594a8" 10363 4735
"23b17b42c57d3526" 11836 1246 3335
"2f24994aaafff525" 10290 10794 2693
"20dcaa483207248f" 5461 3701 4203
"c9876ce3cd9cdcb0" 4702 1257
"41758415de484e2b" 4722 5469
"9beb11306b81d765" 7859 7486 2975
"f6fb37110d3648c7" 6143 10363 6096
"53f34458ca46a287" 10989 4735
"1eb68415de484e2b" 4722 10794
"56d0073c0e9427d8" 4203 3335 606
"8938e88e75e4096e" 7486 2693
"ec617d1295d306c5" 11836 5461
"956afdd8ddeb5581" 10290 3701 5469
"0ddca02ce0e966b4" 2975 1257 10363
"d66a2d016c4cc0bd" 10794 4702
"136e9e4bcb805c2d" 7859 10989
"8e5440b7e3326a89" 606 4735 1246
"67468d4a4ed89686" 10290 6143
"3807cb462addd086" 4203 6096 3335
"6bb2856bdecdf40a" 4702 2693 1246
"482a2d016c4cc0bd" 10794 3701
"4f927d1295d306c5" 11836 10363
"c037ac1ac1b358e2" 10989 5469 5461
"b69dcffbde000425" 6143 606 2693
"65d48415de484e2b" 4722 2975
"2ec58d4a4ed89686" 10290 4203
"26754dc739f41d97" 7859 6096 4702
"17b7e88e75e4096e" 7486 606