"e9df123c2a2400b9" 22 359 6659 1842 13 4249 326 7521 13 553 8521 388 170 25 474 3746 39 13 134 113 23 12286 4 10378 -1 -1 0 0 0 0 5 3 2 1 2 0 0 0 0 2 0 0
"ab94a19846410419" 25 5609 13 16358 125 29203 13 553 2635 1131 340 38 29204 507 13 2 1109 102 481 1854 13 1602 3077 134 68 4 10379 -1 -1 0 0 0 0 4 3 2 2 1 0 1 0 0 1 0 0
"939e2d90aab1442d" 22 25 9699 11625 13 20 1145 5555 29205 2775 13 553 15806 15807 15808 13 29206 5987 13 20 61 102 6579 10380 -1 -1 0 0 0 0 6 6 3 5 3 0 0 5 0 7 0 0
"f1e0c905f9b71455" 36 746 19434 13 188 8317 13 125 313 607 28145 13 553 16106 188 200 12908 16107 15742 13 20 3472 454 482 949 305 13 361 188 787 13 9431 12975 188 12976 12977 4 10381 -1 -1 0 0 0 0 7 7 6 6 5 0 8 0 6 6 0 0
"67031e956f19a08d" 21 7271 2842 13 134 5111 13241 13 553 113 117 1173 499 600 2452 13 1071 18022 2 7937 29207 4 10382 -1 -1 0 0 0 0 5 4 3 2 3 0 2 3 0 4 0 0
"e236143177c6ebb9" 25 4059 3536 11002 13 5037 2490 5782 13 553 1408 6918 6919 13 553 1120 1121 2 1695 1013 29208 699 95 1319 10468 4 10383 -1 -1 0 0 0 0 6 8 9 6 7 7 6 5 3 7 0 0
"07b09e781a06f14a" 35 16070 150 16072 23361 13 87 113 1113 499 417 330 463 704 553 9360 9361 13 20 29209 29210 13 553 15169 1990 13 66 367 573 2 113 353 171 9723 1628 4 10384 -1 -1 0 0 0 0 8 8 8 8 7 0 5 6 0 7 0 0
"b39da47b8cebf569" 25 629 3172 188 29211 29212 13 553 774 340 171 6892 3873 357 999 25500 13 553 41 20767 360 29213 467 29214 7949 4 10385 -1 -1 0 0 0 0 7 7 6 6 6 0 0 5 3 5 0 0
"280ea550f005833f" 21 1340 19150 1342 1343 13 553 5332 3934 29215 13 5333 150 29216 2 2766 5334 61 5336 16963 7312 4 10386 -1 -1 0 0 0 0 3 4 4 4 3 0 0 4 0 5 0 0
"8120f11ad2713cfc" 30 19435 8223 7290 24847 13 553 29217 93 134 21062 110 13 553 68 1908 68 507 749 13 29218 2 1002 113 13 188 29219 931 29220 8987 4 10387 -1 -1 0 0 0 0 5 6 5 5 3 0 0 0 3 3 0 0
"2a123fd679a99bd4" 29 10222 29221 13426 4867 13 553 26 150 1549 35 4663 55 3372 13 35 26 5298 13 553 29222 823 61 2 87 603 735 3038 29223 4 10388 -1 -1 0 0 0 0 7 8 7 6 5 0 0 7 0 7 0 0
"8cb250bd168d68c7" 30 1182 1179 61 2720 6209 1018 13 553 2684 13 35 17923 188 358 13 553 16604 388 95 565 29224 13 6924 2 29225 13 29226 1522 1534 4 10389 -1 -1 0 0 0 0 8 7 6 6 5 0 0 6 0 7 0 0
"8e9753219f13fb30" 31 171 8382 61 367 1086 13 553 188 10913 150 193 106 5863 13 347 39 362 29227 553 1188 359 34 2 2651 13 423 481 13323 34 27441 4 10390 -1 -1 0 0 0 0 6 7 7 6 5 0 0 4 0 6 0 0
"26e95773c7f7f1e2" 33 423 4715 4145 171 29228 29229 13 553 20 1863 3675 2070 2772 34 26 698 53 748 8524 13 553 949 3305 474 13 41 282 29230 13 738 11492 1785 4 10391 -1 -1 0 0 0 0 7 7 8 7 6 0 0 5 0 7 0 0
"cb2e3ba9e2570cfb" 41 5764 13 2062 347 7977 1558 13 553 2 66 347 636 367 1529 1109 10909 13 29231 7927 2376 13 553 38 5217 14187 150 14188 13 20 3497 3327 8156 29232 29233 13 347 2437 8843 29234 113 4 10392 -1 -1 0 0 0 0 6 7 7 6 5 0 0 3 0 6 0 0
"f8e7deed129d421d" 21 1109 150 2747 13 35 1114 2832 13 553 357 34 113 12157 421 13 35 34 26 12645 4748 4 10393 -1 -1 0 0 0 0 7 7 7 6 6 5 3 8 3 7 0 0
"36c27a40f428882c" 24 19452 265 9530 13 553 4827 2813 12771 13 553 949 3305 474 2 1914 116 29235 13 282 35 25398 553 4180 25400 10394 -1 -1 0 0 0 0 10 8 9 9 6 7 5 4 6 5 0 0
"54fad8983299c248" 38 87 15113 1420 15114 8019 13 553 357 347 2014 535 13 1071 353 53 7807 212 13 553 38 5217 14187 150 14188 13 553 357 9600 87 61 457 3186 1930 343 22323 8676 297 4 10395 -1 -1 0 0 0 0 8 7 6 7 6 7 3 8 7 8 0 0
"d8ccfb46d7950661" 42 493 737 1091 4193 13 1842 20 396 7949 13 553 113 12205 2204 13 29236 2 29237 13 553 359 12689 12690 13 34 504 737 28321 29238 13 553 347 39 1482 367 13 191 29239 435 29240 542 4 10396 -1 -1 0 0 0 0 9 8 7 8 6 6 7 3 9 8 0 0
"d69798969127a048" 32 95 3089 61 18663 13 548 29241 29242 13 553 16018 4214 10788 13 35 18893 29243 13 553 357 134 66 23 474 13 347 600 601 13 6836 29244 4 10397 -1 -1 0 0 0 0 7 10 6 5 6 6 5 7 7 6 0 0
"4286d57a016070c1" 45 2530 2531 2532 2533 13 150 36 396 29245 13 553 357 4380 373 10071 13 1122 4715 6239 578 4484 4 553 41 12828 6906 13 600 113 22729 1606 13 553 34 26 18074 13834 13 636 367 9721 361 29246 29247 4 10398 -1 -1 0 0 0 0 9 9 8 7 7 8 5 7 8 7 0 0
"200c7d19bf0e94da" 36 23 521 53 13 499 348 2477 13 553 2 9661 417 9662 1878 13 553 9689 1262 6734 357 347 1588 4932 13 553 22729 543 29248 15019 29249 29250 34 3842 737 229 4 10399 -1 -1 0 0 0 0 8 9 8 6 6 7 7 6 9 8 0 0
"ce286a3e5d3f685b" 36 66 23 10631 2 13432 29251 86 13 553 34 26 5698 5699 5448 5700 5701 13 553 9933 1008 13 347 8199 901 33 13 553 34 26 171 29252 29253 4330 9530 29254 4 10400 -1 -1 0 0 0 0 7 9 7 5 5 8 6 8 7 7 0 0
"13b162bc9e93977e" 38 35 3606 1404 7185 13 34 26 297 4607 4608 13 553 66 23 10631 2 13432 116 9919 4 553 29255 10604 29256 13 1580 6121 1641 2506 13 553 330 29257 29258 1737 14499 6748 4 10401 -1 -1 0 0 0 0 7 8 6 4 6 7 5 6 7 5 0 0
"8139411af27f62be" 57 134 61 2023 1029 13 150 297 1580 17701 1405 29259 29260 12014 13 553 29261 3941 2637 1109 517 13 29262 20 102 190 9012 13 553 548 4149 500 5886 4880 3307 13 1580 102 1817 29263 13 553 2 1151 3459 3460 47 1511 25698 29264 18074 29265 13 29266 2151 1517 29267 4 10402 -1 -1 0 0 0 0 9 9 7 6 7 7 5 6 8 8 0 0
"7771ff23b7391f80" 46 41 12828 6906 13 600 113 22729 1606 13 553 29268 188 160 855 3379 13 1580 645 956 18763 29269 29270 13 553 1069 777 13 25 188 1029 29271 29272 1589 13 553 600 29273 29274 29275 29276 283 7362 29277 1509 29278 4 10403 -1 -1 0 0 0 0 9 8 6 6 7 7 6 6 8 8 0 0
"85752765a102280f" 48 150 36 7493 29279 29280 29281 1379 13 553 357 134 26 2507 1617 13 357 304 188 160 855 3379 13 553 357 150 1018 11205 29282 29283 13 21158 13793 13607 29284 29285 13 553 13587 13608 13609 13 87 102 13 25 4703 28120 4 10404 -1 -1 0 0 0 0 7 6 6 6 7 7 4 8 5 8 0 0
"29718b4b71a183c0" 51 150 29286 3993 1232 13 24787 29287 29288 13 553 8101 29289 457 1013 1552 543 976 13 553 347 39 29290 548 3186 23339 188 29291 13 553 2619 1220 13 347 1667 13 357 744 66 573 13 553 1071 162 7446 7447 13 410 29292 3314 29293 4 10405 -1 -1 0 0 0 0 9 7 7 5 6 5 6 7 8 6 0 0
"7a9519decb6af066" 32 29294 727 4806 27778 29295 1712 13 553 357 15514 15515 1084 13 373 17007 29296 13 553 3401 3176 13 330 150 29297 13 553 29298 304 171 3954 29299 4 10406 -1 -1 0 0 0 0 8 6 6 7 7 5 4 8 6 9 0 0
"297bbf77b59763c7" 62 150 2014 2151 13 29300 29301 150 87 36 13 553 357 29302 13 532 347 388 9197 13 347 7428 13 553 2684 29303 134 61 946 13 639 13 499 29304 87 29305 737 29306 13 553 774 170 13867 61 113 452 29307 13 553 347 363 151 4589 13 191 23 737 347 87 136 358 14524 4 10407 -1 -1 0 0 0 0 0 0 0 0 0 0 0 0 0 0 0 0
"cba3eb29cdd4d3de" 33 150 171 5537 787 1510 29308 600 13 553 20 6828 3302 9982 1874 13512 4 553 3574 353 22540 6892 8949 13 553 35 353 8388 29309 2 21876 29310 29311 4 10408 -1 -1 0 0 0 0 8 7 5 8 5 6 7 9 7 6 0 0
"a94d04e4f82616a1" 16 29312 9270 2 1747 171 26909 13 553 1417 7981 7984 7985 29313 29314 7986 4 10409 -1 -1 0 0 0 0 6 7 6 6 5 8 7 5 6 8 0 0
"06ce76f4ff421852" 26 12356 102 457 12357 13 553 125 18759 34 4535 297 20 29315 29316 622 106 553 704 10922 417 29317 13 1580 87 9673 4 10410 -1 -1 0 0 0 0 7 8 7 5 5 8 6 5 4 6 0 0
"2e4989843b82bca6" 20 8380 11977 13 150 342 102 4564 13 553 102 187 171 17866 13 17938 4403 113 11492 1374 4 10411 -1 -1 0 0 0 0 8 8 6 6 7 6 7 6 6 7 0 0
"53b27a68201e49bc" 22 41 721 1720 575 13 87 150 188 29318 29319 13 553 16018 4214 22043 13 4862 2224 1617 535 19790 4 10412 -1 -1 0 0 0 0 8 6 6 6 5 6 6 5 7 6 0 0
"1e914ea96a7c37e4" 31 29320 9657 9658 87 1473 29321 13 553 93 3381 171 11 29322 13 347 13131 8676 29323 4 553 125 29324 10112 9136 1103 359 21601 13 171 23746 4 10413 -1 -1 0 0 0 0 7 7 8 6 6 7 5 6 5 8 0 0
"1f53f16ab27a13e7" 26 13982 134 13 925 29260 134 7416 171 6892 1165 13 553 35 8366 1997 151 286 2307 13 4330 774 23884 13 774 28170 4 10414 -1 -1 0 0 0 0 7 6 5 7 6 6 5 6 6 6 0 0
"07d23fac015ea6e6" 18 35 417 9499 1825 3929 13031 13032 13 553 8412 150 1354 20772 1643 10562 10561 1165 4 10415 -1 -1 0 0 0 0 8 6 5 7 6 6 7 6 6 7 0 0
"666560e91f83e80a" 36 15523 170 15524 359 87 361 29325 29326 13 553 34 26 5698 5699 5448 5700 5701 13 171 2 29327 29328 87 150 3278 4 553 737 18 61 742 396 3485 1693 18317 4 10416 -1 -1 0 0 0 0 7 8 9 6 6 8 7 6 6 6 0 0
"41f41e39c8a48aed" 22 34 26 4607 4608 13 150 363 29329 2014 13 553 41 6906 5508 13 87 150 1669 188 29330 17535 4 10417 -1 -1 0 0 0 0 8 6 5 6 6 6 5 4 6 5 0 0
"d6c484a997bb4c3d" 22 1303 191 1417 7981 7984 7985 29313 1434 7986 4 553 41 15523 170 15524 13 87 2775 29331 12515 29332 4 10418 -1 -1 0 0 0 0 6 8 7 7 5 7 6 6 7 8 0 0
"0a529de980e8bc5f" 31 1069 777 13 17 1221 29333 29334 13 553 15514 29335 1604 1084 13 3166 29336 13037 4 553 9661 417 9662 1878 13 150 19972 20 29337 29338 1664 4 10419 -1 -1 0 0 0 0 9 5 6 8 7 6 5 9 7 6 0 0
"8f430b448faa0c6c" 21 34 1376 9197 13 41 35 2661 29339 13 553 347 5892 901 33 29340 13 4340 29341 29342 29343 4 10420 -1 -1 0 0 0 0 7 6 5 6 6 6 5 5 6 5 0 0
"0fd9e0ad97303acd" 34 162 7446 7447 13 2506 1825 1315 93 21206 13 553 3401 3176 13 14317 29344 524 12568 3302 29345 13 553 304 188 160 855 3379 13 1417 7981 61 3497 6475 4 10421 -1 -1 0 0 0 0 7 6 6 6 5 6 6 4 6 6 0 0
"6d4e6e5e627ed9b3" 19 12356 102 1863 1009 12357 13 553 150 171 5537 787 13 297 359 29346 13 1420 7153 16483 10422 -1 -1 0 0 0 0 8 8 8 6 5 7 6 5 4 6 0 0
"72eebffe7639cbaf" 14 13587 217 13608 13609 5065 13 29347 11061 29348 237 209 29349 29350 4 10423 -1 -1 0 0 0 0 6 7 7 7 7 6 6 4 6 5 0 0
"8ca3093f35af94aa" 19 20 139 113 29351 823 13 9982 13512 13 553 29352 150 330 1669 34 29353 17683 6906 4 10424 -1 -1 0 0 0 0 4 3 3 5 3 5 3 4 5 4 0 0
"3cd3b6aad8b4f591" 16 2 8527 29354 1109 113 10922 13 553 8412 150 10561 10562 191 9933 1008 4 10425 -1 -1 0 0 0 0 3 4 4 3 5 4 3 3 3 3 0 0
"3d29199850273184" 21 34 26 515 359 12689 12690 13 29355 29356 13 553 9933 1008 13 29357 2 1716 29358 15906 17 4 10426 -1 -1 0 0 0 0 8 9 7 8 8 8 6 2 9 5 0 0
"d9aa152616338d81" 19 9269 9270 13 9656 9657 9658 13 553 508 125 2922 34 27480 29359 357 26 25577 29360 4 10427 -1 -1 0 0 0 0 4 7 7 6 6 5 7 4 5 4 0 0
"83d1ad8d9fbf365e" 22 515 29361 29362 29363 19970 282 9689 1262 13 553 41 12828 6906 13 341 29364 41 16058 10922 150 18659 4 10428 -1 -1 0 0 0 0 4 3 3 5 3 4 4 4 5 4 0 0
"b95bd51403492adc" 19 357 134 66 23 474 6088 1047 18544 13 553 15514 15515 1084 13 29365 29366 29367 20136 4 10429 -1 -1 0 0 0 0 6 8 6 5 7 4 4 7 4 5 0 0
"87fbfa8d0b434bbe" 26 1981 29368 4214 2620 29369 29370 29371 13 304 188 160 855 3379 13 553 35 8366 286 2307 13 150 373 188 1121 29372 4 10430 -1 -1 0 0 0 0 3 4 2 4 2 3 2 6 2 8 0 0
"56b8a287ef6e3254" 33 188 29373 787 29374 777 13 29375 150 13 774 170 13867 61 13 553 34 26 5698 5699 5448 5700 5701 13 35 36 2891 777 13 357 93 1069 777 4 10431 -1 -1 0 0 0 0 6 6 5 6 5 7 5 4 6 5 0 0
"12e921f71c0b677d" 13 1091 4193 13 93 1821 588 29376 29377 13 41 93 1604 4 10432 -1 -1 0 0 0 0 4 5 6 5 7 4 5 4 4 4 0 0
"42b2058d8888026e" 28 720 1267 1580 7206 7207 13 12066 321 3438 367 13 553 347 8199 901 33 13 357 1047 1069 777 2 125 34 13587 13608 13609 4 10433 -1 -1 0 0 0 0 6 7 6 6 6 6 6 5 6 5 0 0
"4164d742cc6c0a69" 29 4451 2394 1862 9136 13 191 367 744 29378 13 13982 134 13 553 308 3478 13 4534 34 4535 13 6060 1476 13 7490 1774 15197 20906 4 10434 -1 -1 0 0 0 0 3 4 6 5 7 3 7 3 4 3 0 0
"23875684191f5662" 38 150 116 8339 5870 455 17 13 1006 1007 737 353 3531 7593 13 7874 29379 29380 3302 29381 13 553 29382 10225 2536 29383 7802 999 113 13 8412 150 10561 10562 13 2 29384 6748 4 10435 -1 -1 0 0 0 0 4 4 4 3 6 4 3 4 5 3 0 0
"4176e6ceaedf9918" 83 35 283 2368 1341 443 5141 2652 6306 13 150 29385 5176 13031 13032 13 29386 29387 9413 29388 13 553 774 170 13867 61 29389 29390 13 29391 11683 87 1511 142 14491 12407 13 20 27259 7040 4 68 68 29392 4 29393 1042 61 953 29394 13 29395 26 4607 29396 17652 68 14919 313 3972 2859 29397 358 13 737 1042 61 953 396 13 553 34 26 4607 4608 13 150 530 388 14491 18969 29398 29399 4 10436 -1 -1 0 0 0 0 7 4 7 6 4 3 4 4 5 7 0 0
"8729abf69c7a331e" 19 796 11978 2530 2531 2532 2533 13 553 34 1376 113 9197 2 357 66 999 29400 12138 4 10437 -1 -1 0 0 0 0 0 0 0 0 0 0 0 0 0 0 0 0
"776aef9e3b81e2ed" 22 35 8366 286 2307 13 150 36 29401 297 20096 13 553 23960 113 557 12041 3379 13 29402 35 2619 1220 10438 -1 -1 0 0 0 0 4 6 4 5 3 4 4 2 3 3 0 0
"65cd5b31fdf99182" 21 1071 4149 150 417 6265 361 13 1341 5886 4880 13 553 3459 3460 11334 2 2816 171 29403 7592 29404 10439 -1 -1 0 0 0 0 6 7 7 6 5 3 2 4 3 3 0 0
"a61ddfc22e675848" 20 5572 4471 13 5217 12363 1065 739 13 553 5176 297 347 8582 13032 13 1199 1231 150 4145 739 10440 -1 -1 0 0 0 0 6 6 7 6 5 5 3 4 3 2 0 0
"5edbdd3ad0e56b3b" 15 359 29405 3302 29406 1874 15714 13 553 12138 29407 1008 8587 4623 29408 9136 10441 -1 -1 0 0 0 0 8 7 8 5 6 4 3 4 4 2 0 0
"69c76bb1a624cdbf" 31 3436 297 8511 683 8512 13 2 29409 17053 9536 13 553 29410 191 10686 23094 13 35 29411 3929 29412 3751 13 29413 675 327 688 29414 1890 29415 113 10442 -1 -1 0 0 0 0 4 5 4 5 4 3 3 4 4 3 0 0
"6a9556800b177594" 36 18 9471 134 13 22033 7548 932 13 553 13989 14031 1109 150 932 29416 29417 13 553 12773 521 3302 3405 7957 12774 29418 13 29419 61 171 1860 13 2 29420 1109 1110 4 10443 -1 -1 0 0 0 0 7 7 6 5 4 5 4 6 4 4 0 0
"e5f4ef92f0adb1e0" 19 373 150 4360 621 25 190 13 553 5248 15777 66 1664 93 2113 3189 29421 29422 4 4 10444 -1 -1 0 0 0 0 5 6 5 4 4 4 4 3 4 3 0 0
"db154a54224eeaa9" 24 1175 7755 13 1109 188 394 150 29423 29424 13 553 66 23 2679 3591 2039 3138 9904 13 2 134 1877 37 11876 10445 -1 -1 0 0 0 0 6 6 7 5 5 3 3 4 3 2 0 0
"d9772858a4a1d9d9" 44 2 521 6 1925 13 6936 1201 1045 25 29425 13 553 7148 7149 21607 719 607 29426 13 1664 6564 29427 13 553 20 35 29428 737 1842 29429 29430 396 13 66 28 29431 29432 29433 13 10108 3302 9207 10109 10110 10446 -1 -1 0 0 0 0 5 6 5 4 4 5 3 4 4 2 0 0
"736a9052b61c8006" 40 23 1995 13 25 4451 7456 1995 13 738 20 29434 29435 7033 29436 29437 451 14688 13 553 29438 6863 29439 13 974 27791 2734 25 66 3332 1264 451 949 13 1990 66 1015 12941 66 566 5581 10447 -1 -1 0 0 0 0 5 6 5 4 4 3 3 3 5 3 0 0
"89a2a6d14c7dff8d" 28 4638 3857 4145 544 4967 13 6581 13 553 267 2016 13 357 1109 113 29440 6156 13 553 7675 29441 474 61 567 2261 28200 150 29442 10448 -1 -1 0 0 0 0 7 6 6 5 4 3 3 4 3 4 0 0
"ba72c231b6588fe8" 21 2842 578 29443 13 27123 61 7329 2564 29444 13 553 35 455 12138 723 357 4048 566 6561 25 278 10449 -1 -1 0 0 0 0 6 6 6 5 5 4 3 5 4 4 0 0
"7f36e42f23cc4683" 36 191 3921 3089 1113 13 2 2385 13 553 1122 29445 29446 18733 29447 61 29448 394 13 3302 14359 13 553 330 228 150 29449 13 35 949 367 14420 35 305 3935 29450 4 10450 -1 -1 0 0 0 0 6 6 5 4 4 5 3 4 4 3 0 0
"c93365e16c3766eb" 30 29451 474 4403 1511 2620 1250 1454 13 26164 13 553 29452 1047 9048 13 61 297 1641 7102 29453 721 9792 13 6397 13 6397 13 553 532 1778 10451 -1 -1 0 0 0 0 7 7 7 6 6 4 3 3 4 3 0 0
"2488bd652f4849e9" 16 2 15364 29454 29455 29456 13 553 191 981 150 14829 2371 330 4 4 4 10452 -1 -1 0 0 0 0 5 6 5 4 4 5 3 3 4 4 0 0
"1c4ca70334362bc4" 23 134 1251 2620 9779 7123 22975 13 553 41 1853 1854 13 87 3832 3833 13 2 347 29457 29458 6659 7804 4 10453 -1 -1 0 0 0 0 6 3 5 3 4 3 3 3 3 3 0 0
"89427b8c6e5c989c" 26 357 66 23 29459 13 1071 6726 21248 13 553 7566 2619 1220 13 1549 1510 150 388 305 524 29460 942 6816 6817 6201 4 10454 -1 -1 0 0 0 0 7 5 6 2 5 5 4 6 2 4 0 0
"f9e7a4243f8568d8" 18 29461 515 87 18 13 553 35 452 1222 15568 13 297 29462 29463 1720 1114 2435 4 10455 -1 -1 0 0 0 0 4 4 5 2 3 2 3 2 2 2 0 0
"e760541d81dad7b9" 20 347 1250 29464 13 1250 29465 13 553 596 150 362 1173 13063 2371 13 1071 29466 25734 29467 4 10456 -1 -1 0 0 0 0 3 3 4 3 2 2 2 2 2 2 0 0
"0ff421f117ea8e8a" 33 14893 4446 13 41 16014 16015 10337 13 553 5101 36 5709 13 29468 10823 10824 13 553 29469 2652 600 29470 29471 29472 13 2107 1047 2113 2114 29473 8054 20918 4 10457 -1 -1 0 0 0 0 5 4 4 3 3 4 3 5 3 5 0 0
"1bd2f37986edcc48" 29 2 191 34 29474 29475 13 575 29476 13 553 113 530 10439 25 931 4304 61 13 553 347 7235 4093 13 191 1315 8091 29477 29478 4 10458 -1 -1 0 0 0 0 7 7 6 5 6 7 6 4 8 5 0 0
"49dc59bdbe581eac" 39 1542 4894 6819 6820 13 553 6027 13 150 1510 598 13 1580 572 737 29479 29480 13 553 2506 150 7235 6865 29481 13 1071 2506 2472 4328 5520 29482 13 29483 1338 457 13 1047 16003 19771 10459 -1 -1 0 0 0 0 5 4 5 3 4 4 5 4 5 5 0 0
"5e95263668d684c2" 35 2 66 29484 1175 9948 13 150 29485 13 553 417 1842 359 34 29486 171 4414 13 553 66 1778 2 596 150 362 95 860 150 330 29487 13 95 29488 3675 4 10460 -1 -1 0 0 0 0 7 6 6 4 5 6 4 4 3 4 0 0
"971edd7aebe4851b" 35 66 2208 1580 95 2620 61 3964 13 553 1995 134 13 150 304 26127 29489 6188 29490 29491 29492 29493 12387 2859 11067 13 1798 29494 553 847 87 29495 6971 1420 68 4 10461 -1 -1 0 0 0 0 7 6 5 4 5 5 4 3 4 4 0 0
"68ac3ec4f7e3dcd9" 40 1108 191 590 979 13 134 3010 17167 29496 188 29497 29498 4 553 41 392 9194 13 2437 6686 358 5141 2762 13 553 12773 61 3302 7957 12774 12775 13 41 150 5232 992 2354 29499 29500 4 10462 -1 -1 0 0 0 0 5 6 4 5 3 3 3 4 2 4 0 0
"6a4bc216fdde30ba" 29 20 10108 9207 10109 10110 13 553 373 150 2214 349 621 13 553 87 3832 3833 13 357 191 150 330 1667 13 150 29501 13 14894 4 10463 -1 -1 0 0 0 0 4 4 4 3 3 3 3 3 2 3 0 0
"90c67c15e14fa2d1" 32 267 2016 13 4047 55 150 1109 3497 1829 3370 13 553 29502 974 29503 13958 13 553 35 4047 4048 278 13 113 29504 29505 13 29506 6786 18753 2777 4 10464 -1 -1 0 0 0 0 6 5 5 4 4 4 5 4 5 4 0 0
"45e3aa79ff442ca4" 28 2 521 6 1925 13 553 150 14829 330 2137 13 553 29507 330 7551 13 191 150 330 490 2846 150 1306 29508 13 29509 68 13 10465 -1 -1 0 0 0 0 5 5 4 4 4 4 4 3 3 4 0 0
"ef171236584f5706" 30 106 16188 2 106 355 29510 13 553 1250 8937 13 191 347 388 20204 1720 13 553 357 1675 29511 2 29512 1258 13 2 4419 29513 7548 4 10466 -1 -1 0 0 0 0 4 3 3 3 3 3 3 3 2 3 0 0
"0517034ba60b1037" 21 13989 14031 13 171 11732 3938 4107 29514 13 553 35 452 1222 15568 13 357 66 347 1550 29515 4 10467 -1 -1 0 0 0 0 4 4 4 4 3 2 2 2 3 3 0 0
"d6c8e4d3d54297a3" 32 1863 104 13 357 66 29516 29517 13 553 3125 8508 191 171 1651 3938 13 6843 93 110 553 2 37 11876 1877 13 357 29518 150 6915 737 7196 4 10468 -1 -1 0 0 0 0 8 7 10 7 6 7 6 4 4 5 0 0
"7f6096d8718f0ecc" 30 2 15364 13 8225 29519 4107 29520 13 553 1542 4894 6819 6820 13 553 357 34 26 6458 13 34 29521 93 170 13 34 3004 737 6477 4 10469 -1 -1 0 0 0 0 9 5 7 8 6 6 9 6 6 8 0 0
"ef73ae92b06fbd79" 41 134 95 2620 9779 727 357 5399 13 553 6816 61 6817 6818 13 357 29522 373 113 4 553 1762 5881 11883 13 87 61 1016 454 13 553 521 1109 1110 8229 2 521 1109 9999 737 396 4 10470 -1 -1 0 0 0 0 7 6 6 8 4 5 3 6 5 6 0 0
"49027b9e3d9c80ee" 39 20410 1342 2777 13 1109 113 2905 93 942 13 553 6027 3609 29523 5579 170 29524 4 553 7677 34 2891 6697 171 974 110 553 373 3358 2777 4421 171 29525 13 373 61 171 14643 4 10471 -1 -1 0 0 0 0 9 7 9 8 6 8 5 5 7 6 0 0
"c6165a24d58f5a17" 20 16014 16015 10337 171 823 174 616 13 553 1109 11754 116 29526 14235 13 347 3154 305 928 4 10472 -1 -1 0 0 0 0 7 6 8 6 6 7 4 4 5 5 0 0
"2f9c311cec826568" 44 502 28255 1250 7576 13 347 286 330 1450 13 553 357 34 35 7093 521 326 13 150 24634 4415 11535 367 13 553 188 8307 61 113 6155 6156 13 553 35 4047 143 417 278 13 1071 772 29527 6659 4 10473 -1 -1 0 0 0 0 9 7 8 7 5 3 7 9 2 8 0 0
"990ad7553f38382c" 42 1182 343 14779 1043 13 2369 482 61 7113 13 553 34 35 36 1328 10823 10824 367 13 93 1628 553 1109 150 26709 78 13 1109 113 1110 2696 13 553 34 35 1491 13 34 29528 799 102 4 10474 -1 -1 0 0 0 0 8 7 8 8 4 6 7 8 9 8 0 0
"ff13b6b5563b4572" 55 34 35 796 504 330 1550 13 357 66 7123 521 367 1925 13 553 34 26 10439 25 931 4304 61 13 367 61 29529 412 722 4 553 357 66 23 2679 116 2039 738 29439 13 553 2 134 395 34 6828 521 13 347 1832 12516 367 10303 330 29530 4 10475 -1 -1 0 0 0 0 9 7 6 8 5 9 8 4 9 8 0 0
"9ecdd182fb228361" 41 4638 3857 4145 544 308 6581 13 553 1109 11754 29531 7325 13 9327 1605 728 13 553 18 9471 134 13 357 66 347 1379 330 13 553 7566 2619 1220 13 66 23 9048 2 29532 11026 18 4 10476 -1 -1 0 0 0 0 7 8 8 9 7 5 6 3 7 9 0 0
"b2e13d4013d18af7" 26 41 1853 1854 6497 13 66 347 1379 13 553 1542 4894 6819 6820 13 553 2107 1047 2113 3189 357 150 4145 1664 13323 4 10477 -1 -1 0 0 0 0 8 7 8 6 6 6 4 5 4 6 0 0
"cf216bbbe95d12a1" 63 1071 37 4689 13 150 36 151 412 21977 351 13 553 796 17912 61 2849 13 347 286 265 29533 19381 927 4 553 1071 452 632 799 628 13 150 1863 20 1109 4799 286 799 2477 13 553 357 5141 150 36 1069 3248 13 95 150 36 87 20085 816 1841 13 95 150 36 1069 7148 7149 4 10478 -1 -1 0 0 0 0 7 6 8 8 5 6 6 5 4 7 0 0
"5138a7acaeff1f30" 44 12941 1015 13 373 150 2214 349 621 13 553 34 29534 358 373 17912 13 1122 150 355 27981 4 553 2 37 11876 1877 13 357 34 35 1593 13 553 34 18330 17471 13 1488 95 102 61 188 845 4 10479 -1 -1 0 0 0 0 8 6 9 7 6 6 3 6 5 7 0 0
"c8e4e64c26efbd9d" 45 8511 1529 29535 13 1109 1110 18 359 29536 13 553 20 34 10108 29537 10109 29538 13 29539 29540 553 95 6563 150 36 4317 13 357 2696 1109 2695 95 13 553 6781 600 2452 1842 359 29541 3635 931 3009 95 4 10480 -1 -1 0 0 0 0 8 7 7 9 5 5 7 7 8 7 0 0
"7582f67d874a6662" 45 2620 61 3964 13 1109 24255 5399 13 553 1109 2695 2696 13 331 150 3592 1568 4 553 357 95 150 36 3221 29542 29542 7537 13 553 1109 14934 29543 29544 13 357 596 150 362 13 742 150 36 362 12790 4 10481 -1 -1 0 0 0 0 8 6 9 9 6 4 6 7 6 7 0 0
"d475c34711bc67e7" 20 796 61 171 17053 13 14235 3302 18287 13 553 2 1071 1853 1854 13 66 23 521 29545 4 10482 -1 -1 0 0 0 0 0 0 0 0 0 0 0 0 0 0 0 0
"243ce030949e5fdd" 27 41 392 9194 13 1109 9425 150 14827 13 553 113 1110 113 29440 6156 13 553 191 37 11876 1877 13 1726 920 53 29546 4 10483 -1 -1 0 0 0 0 8 7 8 6 5 6 3 7 5 2 0 0
"cfbef9d3872ffbb9" 32 12773 61 3302 7957 12774 12775 13 553 357 1109 113 974 774 21527 13 6448 297 29547 13 553 2107 2204 1047 13 2113 2114 13 134 373 29548 704 4 10484 -1 -1 0 0 0 0 6 6 7 6 5 7 5 9 4 8 0 0
"84555d41269b170a" 22 66 703 18 13 20 3670 29549 13 553 357 373 150 2214 349 621 13 188 704 4799 170 29550 4 10485 -1 -1 0 0 0 0 8 7 8 6 6 6 4 4 4 2 0 0
"5761ce5afbd5fcbe" 22 12676 18 13 347 530 3278 29551 4899 13 553 357 347 36 10439 7442 12920 3997 13 150 14829 19718 4 10486 -1 -1 0 0 0 0 7 6 6 6 6 6 5 5 6 3 0 0
"67aae0511aa04c1e" 29 171 3727 2619 5863 6912 13 553 6397 6397 13 1182 1693 1712 3203 13 553 2 87 3832 1009 13 347 2280 134 3125 23749 330 1655 4 10487 -1 -1 0 0 0 0 7 7 7 6 5 7 5 3 6 5 0 0
"b7b1b0929d0c0715" 24 23 113 6155 5701 13 347 286 20084 2835 13 553 6816 6817 6818 13 1109 7833 53 29552 13 29553 29554 7036 4 10488 -1 -1 0 0 0 0 5 6 6 6 4 8 4 4 3 4 0 0
"e6a9ed8639590fc5" 28 191 6834 13 29555 2505 13 66 1325 13 553 35 7477 66 588 13 1785 20548 10442 7963 13 7078 3832 13 47 7389 6892 29556 4 10489 -1 -1 0 0 0 0 6 6 5 6 4 6 5 3 4 2 0 0
"f01b52c42395f3a3" 24 3014 171 10782 13 321 2014 29557 29558 13 553 19197 5764 13 1109 150 7833 7834 2696 13 29559 24359 9604 13223 4 10490 -1 -1 0 0 0 0 6 5 5 6 5 6 5 3 5 3 0 0
"70e47add58191f9c" 23 1264 1263 13 1265 29560 17650 20 29561 29562 13 347 2305 66 5634 13 330 29563 13 515 3385 297 29564 4 10491 -1 -1 0 0 0 0 6 5 4 6 5 6 3 3 3 2 0 0
"8385c3db28dc3675" 31 2 6896 14566 29565 13 7675 12577 29566 1043 169 13 553 361 545 494 1007 3495 4294 19317 13 357 87 150 4667 297 13 286 26276 2531 2532 4 10492 -1 -1 0 0 0 0 6 5 5 6 4 7 4 6 5 4 0 0
"6257f6c780909d22" 33 357 171 150 36 2719 3715 13 10225 29567 13 553 6214 34 566 3327 13 1071 23 53 750 13 13707 29568 13 47 29569 19579 13 53 102 29570 1192 4 10493 -1 -1 0 0 0 0 7 6 6 6 6 6 4 3 3 3 0 0
"4c5b2151e6cbd574" 26 2 14822 13 23 5217 499 19556 4340 13 553 1580 7823 61 1602 704 7824 13 921 607 29571 29572 2 29573 676 29574 4 10494 -1 -1 0 0 0 0 4 6 6 5 5 5 3 4 4 7 0 0
"023214c6e5042910" 30 35 2131 5149 13 5101 337 146 1665 2637 532 113 36 24130 13 330 4428 13 553 359 6794 13 29575 29576 7675 27887 61 515 1199 24949 4 10495 -1 -1 0 0 0 0 6 6 5 6 5 7 3 3 4 3 0 0
"ee8f75f90ce1ce00" 34 34 29577 7834 13160 13 357 87 150 4667 297 13 553 1109 1110 29578 13 548 29579 13 150 29580 13 553 796 61 113 7268 29581 13 1122 14421 5621 21647 4 10496 -1 -1 0 0 0 0 6 4 4 6 5 6 3 3 3 2 0 0
"a01a53fa40f546dd" 20 3970 3123 12842 357 2 66 1325 13 553 1580 521 361 1487 13 357 2628 61 9982 13912 4 10497 -1 -1 0 0 0 0 6 5 4 6 5 6 3 3 3 4 0 0
"37aab3495fd673b2" 19 347 2305 5634 13 41 35 2131 29582 13 553 66 117 2720 2309 2 3972 188 29583 4 10498 -1 -1 0 0 0 0 4 3 2 3 1 9 9 1 1 2 0 0
"71f2e107f7d6224e" 23 29584 29585 191 4715 10373 61 10374 10375 13 553 357 1602 1319 61 704 7824 13 113 29586 435 25658 29587 4 10499 -1 -1 0 0 0 0 7 6 8 5 3 4 4 1 1 1 0 0
"22741e3202680b61" 26 6214 34 737 3327 13 191 4715 18723 61 10374 10375 13 553 2 1602 1319 61 14729 13 1487 11492 113 29588 29589 29590 4 10500 -1 -1 0 0 0 0 6 7 7 5 4 3 3 1 1 1 0 0
"4d288926e9836a7f" 18 3014 171 10782 13 321 9055 11412 13 553 357 361 545 29591 25948 29592 4294 4295 4 10501 -1 -1 0 0 0 0 3 2 4 2 2 6 5 3 3 2 0 0
"6270a02dfa6268a0" 20 7833 7834 13 5894 5358 3220 727 13 553 357 66 1325 13 34 139 7215 171 29593 7479 4 10502 -1 -1 0 0 0 0 5 4 7 4 4 3 8 2 2 3 0 0
"4ba6931607d0b079" 21 357 150 4667 297 13 359 29594 13 553 357 150 437 4232 13 2247 125 29595 1110 29596 9997 4 10503 -1 -1 0 0 0 0 4 4 5 3 3 3 3 2 2 3 0 0
"e1349ed638b19879" 24 357 171 150 36 2719 3715 13 515 1094 14822 13 553 357 6896 14566 2807 13 191 860 5381 736 38 27540 110 10504 -1 -1 0 0 0 0 5 4 3 3 6 5 5 2 2 4 0 0
"353a7361d1b1a818" 19 3890 6821 6822 13 191 1886 61 3302 711 13 553 548 304 305 362 29597 29598 6794 4 10505 -1 -1 0 0 0 0 5 5 3 2 4 4 4 5 2 4 0 0
"01603e922c406588" 24 282 87 61 13 191 2303 23735 13 553 150 36 330 396 16108 13 191 22193 6834 29599 29600 6720 29601 29602 4 10506 -1 -1 0 0 0 0 1 3 3 3 3 3 2 3 1 2 0 0
"afe4b4d7e797598f" 31 3970 3123 12842 331 13 106 34 956 26 13 47 13 553 35 2131 29582 13 1071 3659 26239 29603 24813 13 35 34 113 29604 29605 417 29606 110 10507 -1 -1 0 0 0 0 7 3 4 6 3 4 1 6 5 6 0 0
"dd588d5a06ca025e" 44 7123 13912 13 2 520 1232 13 6896 14566 13 6836 3302 1795 13 2 927 170 6864 13 553 361 545 29607 1007 3302 3495 4294 4295 13 357 95 1342 3302 187 29608 457 113 13 636 1580 29609 29610 1207 4 10508 -1 -1 0 0 0 0 3 2 2 1 2 1 3 1 3 4 0 0
"d4248a20462764c8" 48 5140 860 61 4428 2 29611 29612 13 553 1580 1319 61 1602 704 7824 13 357 35 347 388 1187 13 772 29613 29614 66 7123 29615 13 29616 452 4273 29617 29618 13 6214 34 737 3327 13 29619 13 772 29620 29621 29622 2777 4 10509 -1 -1 0 0 0 0 8 3 4 3 1 5 3 3 2 6 0 0
"834fdcaac902cd40" 29 2247 777 87 731 13 7070 11390 29623 29624 799 29625 13 553 2 6794 412 61 27791 21043 331 29626 13 191 1825 29627 2340 7710 29628 4 10510 -1 -1 0 0 0 0 1 3 3 2 3 3 2 1 2 2 0 0
"38263602e680c8b6" 25 359 21340 1187 6526 29629 6825 6821 13 553 357 7833 7834 13 358 5384 13 29630 24933 16511 29631 15422 6521 2928 2888 4 10511 -1 -1 0 0 0 0 5 3 5 3 2 2 3 3 4 5 0 0
"92be3dc1c9111965" 26 171 1651 20138 191 367 801 13 347 39 3715 13 553 357 282 87 61 13 2 66 1325 1580 34 26 721 2885 4 10512 -1 -1 0 0 0 0 7 9 6 6 7 7 5 3 5 4 0 0
"d064baa7fb8b3e37" 19 3014 10782 13 35 4110 29632 29633 15081 13 553 357 95 29634 29635 13 191 6834 892 4 10513 -1 -1 0 0 0 0 5 6 4 7 5 7 3 2 4 3 0 0
"b10a8c5271435c89" 14 3890 6821 78 6822 13 553 2 6896 14566 29636 125 10273 8873 4 10514 -1 -1 0 0 0 0 3 5 6 6 4 5 3 7 2 8 0 0
"8061aa443a2f27ed" 23 7677 34 737 3327 13 347 6083 188 29637 13 553 1263 171 19071 29638 29639 13 2331 2 8442 29640 29637 4 10515 -1 -1 0 0 0 0 4 7 4 7 5 8 4 1 3 5 0 0
"15250b62569fdeb6" 17 347 39 305 188 29641 10375 13 553 361 545 494 3495 6086 21463 636 3438 4 10516 -1 -1 0 0 0 0 6 4 3 4 4 6 4 2 4 3 0 0
"2f2293f0641a454f" 19 3970 3123 12842 331 13 1109 3311 29642 13 553 1071 1319 61 1602 704 297 29643 9194 4 10517 -1 -1 0 0 0 0 3 4 5 5 6 3 2 6 3 8 0 0
"dfa1c81c3f7c762d" 19 29644 171 29645 13 347 863 330 1379 13 553 35 347 2305 5634 13 7833 7834 29646 4 10518 -1 -1 0 0 0 0 5 7 5 6 5 6 3 1 2 2 0 0
"1cf99b1c4a41375d" 22 921 87 1930 18893 13 357 87 150 4667 297 13 553 282 87 61 13 687 12583 286 3269 326 4 10519 -1 -1 0 0 0 0 5 5 5 7 6 5 4 2 2 4 0 0
"eec34ad5fc5ea03c" 15 8665 13 1122 6551 20526 1038 13 553 18221 14566 3302 3536 2 6794 4 10520 -1 -1 0 0 0 0 6 5 4 6 5 6 3 4 2 7 0 0
"71df36fe4baaa39e" 15 10423 8005 3014 171 10782 13 553 357 1882 352 93 29647 23415 29648 4 10521 -1 -1 0 0 0 0 4 5 4 5 5 4 4 2 3 3 0 0
"abb4202cf583cd11" 21 29649 1263 171 19071 13 29650 183 29651 13 553 191 6834 13 2651 35 2247 1695 15312 359 1842 4 10522 -1 -1 0 0 0 0 4 6 5 5 4 5 3 1 3 3 0 0
"16a892c4819c618c" 15 29644 171 1182 6132 13 553 357 171 150 36 2719 29652 367 18778 4 10523 -1 -1 0 0 0 0 5 6 5 5 4 4 4 2 3 4 0 0
"b1ce1a484f6039de" 28 171 361 20094 3327 305 13 771 188 29653 357 2805 13 553 361 4361 3438 191 66 1325 13 35 34 737 3327 6828 171 2316 4 10524 -1 -1 0 0 0 0 4 6 4 6 5 5 3 2 3 4 0 0
"336f377205dc5e22" 26 457 61 545 29654 2 29655 13 1378 8111 17917 6864 13 553 361 545 494 2094 23725 358 13 357 3302 29656 17805 1387 4 10525 -1 -1 0 0 0 0 6 5 4 4 5 6 3 2 3 5 0 0
"f3efe1a06583895e" 24 1510 150 2287 29657 2320 13 87 61 2979 29658 13 553 357 6896 14566 102 87 13 41 35 330 2305 5546 4 10526 -1 -1 0 0 0 0 5 7 4 5 4 5 4 8 4 6 0 0
"d16171b86d6ba068" 26 3970 3123 331 3606 13 457 113 331 12842 13 553 282 87 61 13 2 417 142 1109 1052 8459 7303 29659 313 11751 4 10527 -1 -1 0 0 0 0 4 6 3 6 5 4 3 6 3 9 0 0
"24eaf0a616826698" 26 2 29660 61 731 14405 134 7834 13 553 2 1774 150 21166 330 21192 7824 704 13 87 61 7348 396 1641 53 29661 4 10528 -1 -1 0 0 0 0 6 4 3 4 5 3 2 2 2 2 0 0
"5b18282fe625f819" 40 357 347 36 2719 3715 367 151 13 553 1071 171 5344 29662 4926 29663 1265 13 553 357 637 545 1083 1007 29592 4294 4295 13 553 29664 87 1047 2067 2 95 29665 61 171 6785 29666 4 10529 -1 -1 0 0 0 0 8 5 7 5 7 8 4 3 2 2 0 0
"a365afd255c98763" 31 3890 6821 6822 1016 7763 15349 1109 29667 29668 29669 13 553 357 87 150 4667 297 13 345 1109 29670 17180 3189 2 93 1109 1589 1829 297 29671 4 10530 -1 -1 0 0 0 0 7 4 3 3 6 5 5 7 4 8 0 0
"6e0227e7706286ec" 56 29672 566 3327 13 5252 93 616 20 29673 547 20878 110 553 76 61 113 2628 319 20 23 521 326 13912 13 553 2 134 534 19526 417 3753 520 4623 723 358 2770 384 13 553 1034 29674 566 3327 13 35 1817 720 20181 25 29675 796 7939 125 737 1078 4 10531 -1 -1 0 0 0 0 8 9 7 5 7 6 7 4 8 7 0 0
"7d15ae7a113d75de" 51 66 3014 171 10782 321 330 13457 13 553 2 66 1325 35 5141 637 2735 87 8963 520 331 29676 13 553 357 93 20895 547 29677 607 664 2 8723 2 29678 13 553 2 171 10782 2374 321 330 330 1550 29679 47 2265 330 4899 125 4 10532 -1 -1 0 0 0 0 7 5 3 3 7 4 3 6 4 5 0 0
"aa4317b151113b8a" 53 18483 7804 14407 13 4361 61 349 6104 1173 29680 13 553 345 4715 10373 61 10374 10375 13 2 87 1263 353 19071 1265 13 553 2 95 61 171 308 29681 29682 13 25 547 1578 4 553 2374 35 360 61 19176 845 20 23 29683 396 29684 1091 4 10533 -1 -1 0 0 0 0 9 7 7 6 8 6 3 7 4 7 0 0