"689a332910ec9e1f" 1622 1805 782
"1a88a0e67ceabc49" 114 9119 5059
"ae3f9248491a12ed" 4528 141
"e25a5834b2394ad5" 1922 1602 5561
"22bc38a8fccdea7a" 8076 5273
"2c21eaf0a361d849" 5562 9624 2935
"cd999a354b4f5530" 6507 8000 10416
"ab47f5d291816090" 1645 6049 6415
"713bd479a0bbdfdf" 6334 10481 2147
"e22199226be05545" 12108 1994 3959
"d548a1781e880afd" 12080 3704 11212
"198082b734384e98" 5044 11839 5633
"e5c7852402c8feb9" 419 2211 8563
"acdfacba330e08ce" 11255 7668 11278
"d615a1e7e5969054" 6624 1952
"5a1d0c9c4909f319" 10065 9529 7870
"ad1f70f41525e828" 1622 114 5633
"0e937ea0ee77b499" 11550 10481 11212
"c3be7ca85745fe92" 9876 6334 5273
"c55ef973ae614cb7" 8403 3704 10416
"1789a056cd07b768" 12108 4528 8076
"192784a4c6842d93" 12080 5561 8563
"3baa2f36d8045c70" 11255 5059 5044
"4c699a354b4f5530" 6507 8000 9624
"189680f65fbda206" 6624 1922 7870
"b643385fc4601362" 6607 1602 6049
"665c39c3fbb38c88" 1645 1805 11839
"a6604a49465d9a05" 10065 1952
"fbd3bc80ca3dc127" 419 7668 3959
"4af7b40f8a6d0d1b" 1622 2211 782
"2dcef2e27b193863" 6607 9119 6415
"ba9362c00d0aca56" 9876 5562
"511542c26b03b080" 11550 12080 11278
"1b668303879dff65" 114 6507 2935
"d44df973ae614cb7" 8403 3704 6049
"2efcafe56a8336de" 12108 6624 141
"63f6641835ef2b9e" 11255 5561 9529
"5a23d2e1b458b59e" 1994 1805 5273
"a3bc6d241abea70d" 419 11839 2147
"d921a248491a12ed" 4528 8000
"5dcc46b4fffdfcc7" 1645 5044 8563
"7f67633a41a0abcb" 9876 1602 1952
"8be2d9d6c8895918" 1622 10065 11212
"624ba7d5e64d4e5f" 114 1922 5633
"cb448d5769c55dce" 6607 8076 10416
"ee5eb63778aecd1c" 1645 3704 9624
"4e716ee7cb1a0f8d" 7109 2614
"b35a0c9940d0ea16" 3660 95 5299
"325b0051b3981eb1" 2084 6370
"27cdb6b1a43e02c3" 6960 3477
"0855ec133f980b4c" 7413 3170
"45bf558e62a6dcc0" 3170 11373
"8700ec2c09e4a1d9" 7283 8831 2833
"b3bd3f840995ec53" 7687 2995
"b4d89be29b6de177" 7465 11401
"85fcbcc4eb53eeb6" 7456 2891
"7bc9127b4c46db53" 5994 11368
"6cede10c7da86599" 858 5959
"c73a9aa9fb24e819" 7457 7853 4705
"3106a7bd7f585f81" 11700 10599 10363
"a37d556b66c26d1a" 5509 10956
"e9ed297ac0485bb4" 6711 6786 8684
"17c6a1ce8a297660" 9995 9157 7844
"6c7896dee3eadde1" 8720 6793 7736
"9fe8cbbcae5c4186" 1825 7839
"60ae336e7a4b336d" 6695 1246
"f457de9e2eadb943" 4140 7846
"28195fb11f6cda62" 7544 3016 9817
"5daba81a976f4114" 6026 230
"62ee762abad4eab2" 7839 230
"640016c9fd42fed3" 10599 1246
"f228e2a6b56b4803" 9157 1825 8684
"5df5b0772336f4b7" 10956 7736 2696
"8dc32444acdc01d3" 7228 6786 9817
"e290cb8b4c1ad568" 7457 7844 5320
"4582049e60cc28c5" 2523 7846 6026
"8096c81fb585717c" 6793 3016 11046
"65cd64ab2e20fe3c" 12167 9157 7853
"2f66867f10201f58" 11389 8684
"85fe3f9f0388d80e" 7451 7236 5320
"fe0f5054f6edab53" 10363 9793 230
"68ff43a3eb673dae" 698 6695 7736
"bb28cbbcae5c4186" 1825 4705
"05917dccddd34733" 5509 12167 7839
"362cfc6c6306e541" 11046 2696
"5c2ba37f2c6f5c74" 7853 7846 9817
"f522e9be1c994c0b" 7228 7451 2523