704
797
1376
1838
2528
2693
2936
2989
3477
3565
3890
4056
4135
4663
4779
5461
5747
5874
6548
6564
7090
9113
9150
9420
10363
10374
10530
11289
11443
11638
11912
80
479
520
552
606
644
719
914
960
1011
1083
1131
1147
1198
1246
1257
1438
1590
1649
2104
2108
2279
2356
2392
2450
2776
2888
2975
3076
3335
3438
3443
3462
3507
3619
3701
3741
3784
3939
4047
4157
4203
4391
4499
4506
4702
4718
4722
4725
4735
4793
4937
4970
4976
5027
5167
5261
5469
5476
5565
5578
5678
5721
5737
5835
6008
6096
6143
6293
6337
6361
6414
6514
6567
6580
6617
6681
6767
6802
6929
6934
6960
7063
7106
7108
7220
7321
7367
7486
7540
7663
7726
7729
7859
7899
7968
7972
7979
8187
8399
8560
8571
8863
8950
8965
8967
8999
9045
9234
9237
9286
9323
9386
9473
9741
9915
9925
9999
10001
10228
10257
10290
10428
10484
10712
10794
10817
10989
10996
11244
11562
11588
11593
11628
11780
11806
11836
11870
11945
12046
12083
12168