95
1805
1952
3016
3477
3660
3704
4656
5509
5700
5994
6049
6415
6607
7236
7452
7668
8000
8453
9793
9817
10363
10599
11049
11368
11550
114
141
196
230
370
419
698
747
764
782
820
858
1246
1602
1622
1645
1670
1825
1922
1994
2040
2084
2147
2211
2523
2614
2696
2833
2891
2935
2940
2995
3170
3738
3761
3959
4140
4528
4705
5044
5059
5273
5299
5320
5528
5561
5562
5605
5633
5959
6026
6334
6370
6507
6615
6624
6695
6711
6786
6793
6959
6960
7109
7165
7228
7283
7413
7451
7456
7457
7465
7544
7687
7736
7839
7844
7846
7853
7870
7883
7888
8076
8403
8563
8684
8720
8831
9119
9157
9529
9624
9876
9995
10065
10120
10135
10416
10481
10548
10697
10719
10956
11046
11212
11255
11278
11373
11389
11401
11700
11811
11839
11844
11845
12080
12108
12167