124
1317
1473
1679
1807
2091
2471
2578
2706
2734
3093
3235
3291
3417
3547
4001
4066
4437
4468
5747
5848
6171
6408
6468
7039
7409
8152
8347
9352
9513
10014
10167
10560
10788
11208
11252
11760
11838
71
228
252
283
451
511
672
708
715
772
846
1032
1246
1252
1327
1555
1723
1786
1823
1893
2150
2302
2494
2524
2529
2699
2728
2888
2930
2958
3013
3079
3137
3150
3369
3499
3552
3558
3603
3692
3919
4030
4049
4076
4113
4128
4321
4418
4668
4685
4687
4701
4712
4725
4788
4814
4825
4865
4915
4921
4966
5068
5072
5134
5178
5241
5525
5571
5590
5593
5608
5673
5705
5711
5712
5759
5801
5822
5892
5948
5980
5999
6027
6051
6068
6113
6145
6263
6458
6529
6615
6655
6959
6972
7107
7202
7314
7435
7440
7550
7569
7649
7814
7843
7906
7969
8097
8156
8305
8353
8469
8722
8835
8857
8874
8911
8931
9045
9076
9127
9194
9214
9455
9459
9688
9724
9736
9777
9851
9982
9993
9997
10023
10060
10149
10418
10434
10489
10554
11006
11083
11189
11281
11308
11316
11619
11793
12073
12119