"6b92cca366db2c1d" 167590 99419
"67e0f78f64bc1f86" 62543 129862
"1d8dbbb7950ca36c" 75778 23026 35052
"027d221d1f0322c1" 35666 21314 4699
"5323635edcf163e3" 2226 155454
"aff1455830fdf81d" 162511 38986
"46513e37e139dc0d" 80712 139469 12138
"cb0a016e1e404774" 49064 43463
"357682e142811851" 90318 64496
"571abf1e2719a0b3" 39346 157698 176528
"33c188770b04a7e3" 165334 173876 71808
"4e2840e9066d0b24" 147640 137759
"ffd123d2450e5b8a" 158017 59909
"fb0a9f74310d8b86" 168296 68177 142065
"ac9e4c3acd387a5d" 139568 85229
"26b0965bd7aee2c2" 304 47202 86383
"85eaacb5fc66d1e7" 74159 144712
"74cd002a096474ac" 14990 29220
"13b713aa9005247d" 99419 105573
"02d82bf260e098a0" 26389 47202
"04ba43041ee197c0" 137759 71808
"6e1902415fd801df" 4699 157698 64496
"4df0f2e2f9de1dda" 2226 168296 158017
"717746fcec1cb068" 167590 12138 165334
"36f404b96e5a3855" 53545 62543 129862
"c8c8f47c4917fafe" 35793 21314
"3a713292e986e1d8" 99419 38986 59909
"88d166b6beef0bdb" 80712 49064 74159
"44958e2f73ac9239" 144010 35052 105573
"39c892e142811851" 90318 139568
"3c1a42940c9e4548" 35666 75778 155454
"e4969d21801d0252" 134255 139469 26389
"fe8b43b15b1e368d" 162511 43463 29220
"957ac27b985a0b21" 142065 86383
"1ae04e4667e3450d" 144010 2226 173876
"878c18d50c639fdd" 176528 71808 137759
"885dc2cfefb4482b" 134255 147640
"1313093cccd96f83" 62543 4699 47202
"2b088febf5072b34" 53545 64496
"ee80397d23ceca50" 39346 14990 85229
"f815635be731b969" 129862 168296 144712
"9182be08ca08010e" 35666 35793 68177
"3d759337f8bab010" 35052 12138
"11493b1d234ad335" 139469 165334 26389
"ef066f9d8ab94c57" 173876 85229
"8574455830fdf81d" 162511 49064
"2047250dc142cb5a" 158017 105573 86383
"d9fa5c91b816f068" 85657 62120 14795
"d07df53c7e6aeec7" 94176 175936
"281d004df17d202e" 91921 81792 80768
"6cbba0ede346f70d" 58005 49544
"61dce1479078f755" 29518 175078 146337
"b0f3fd8089019de9" 126232 146790
"542e40445abef379" 136864 135864
"3e3158ef35cf281b" 117485 24524 40137
"791ec6f9a28d30ef" 92106 91031 43529
"a3d7e783a7981d01" 32388 165401
"ad1b4abe5c843cda" 112003 13380 81570
"3d6111a99f1ab423" 187685 16950 69343
"843791a5179b370c" 146460 99695
"341cddd773d340b5" 62120 29518
"91af2ef595fa8523" 26944 18192 175936
"57c933669626d875" 81792 49544
"d8f4515f1612bdc7" 146337 136371
"075c1b465f7d7812" 142626 40137
"ab8817f7e36262da" 62758 69343
"56f95dfc631f3062" 156768 126232
"27e4f7eae4c74969" 108152 117485
"7bb21755c7411dac" 91921 64821 13380
"b781d0efcb314464" 32388 165401 43529
"40ffb84c86418380" 81570 69343 16950
"a17ffda69a2886c0" 84184 165044 58005
"742079c80518bbff" 26944 108152 62758
"f5cae2c6866144e6" 81792 29518 136864
"da3e4437594f0d83" 117485 135864 91031
"a2ed2b465f7d7812" 142626 112003
"c7ac229062f78865" 175078 136371 153862
"4f6fadfb90080df5" 142626 40137 13380
"0040228243b86426" 62120 14795 175936
"b2051bd1baecc34f" 85657 18192 91921
"3a63ca6d1e0dd0b3" 156768 146790 24524
"7dadb7ae75272b6c" 24074 187685 186195
"f81d9e0ea9ff21b6" 80768 92106 32388
"e6c8589f33712a6d" 40137 187685 186195
"56cdb9ead96f71e0" 146460 26944 94176
"06ccbb8d2a143acc" 154459 165044 94176
"d378758c6af5cc48" 165044 175936 156768
"2097b3e29e75cfd0" 91921 112003 165401
"4cb48faf1f210f29" 58005 108152 153862
"f7347f48d102d2d0" 58005 32388 187685
"725184cf535a12cd" 136864 142626 32388
"9fba962879ea6367" 24524 91031 165401
"b49e531573556cfd" 18192 146790 13380
"9aba26e78684d5de" 42174 28950
"8cd91487d113df2c" 103086 29189
"02347142b26ba241" 175948 53207
"9197bb0912a12498" 69112 54292
"6fd0e7544dd32a5e" 20882 51238 178269
"66698e54f2d8e035" 171946 90045 129162
"fa9b9650b9cf530c" 2455 95415 4780
"75ff44d4aea16447" 182065 10797
"765c43070118fa0a" 111363 151059
"4f89f54572836700" 4670 159457
"d2c8f0c664c89c54" 60593 159619
"9894030256f9f0a4" 84801 72591
"0bd637b7b307b229" 5730 116962 4667
"08012ca6b2010aab" 140530 81481
"7d90f4343fc023e7" 54255 108370 44061
"e34e18c1c6e57e5c" 73233 11700
"b69ab1c6601fddaa" 166758 163408
"87dab4f26483cbad" 168947 11764
"18c73e2d24c36ce5" 176211 8511 6266
"bb17539e851c667f" 4983 159619
"ffa3a83b956a2d55" 25992 171946
"731e7fe5653aef94" 42174 10797 4983
"3e80bcd3d7c282df" 166758 54255 159457
"b2c38142b26ba241" 175948 116962
"85e1f26c58de75f3" 58552 84801 129162
"25ce41cdc6bbbdef" 168947 29189 44061
"632873144442984f" 28950 8511 11764
"f426fe0477146005" 2455 53207 4780
"378bfd8c6c9bc26b" 103086 4670 51238
"8be86483047ce139" 81481 72591 4667
"60713fd6b026dd4a" 182065 20882 6266
"c1dbb191c064e832" 60593 69112 5730
"94e5ab32c285fcb3" 73233 163408 95415
"8b585523efdbddd0" 111363 151059 90045
"7f73ff929dd124e1" 39804 28950 11700
"3a037e1660782ba8" 176211 60593 108370
"7b059b212f913683" 140530 175948 163408
"de42795f87c49cb7" 71396 25992 58552
"b81368492f3d807a" 103086 81481 54255
"f37c5c9baa96756c" 182065 10797 54292
"6acd0bcb4d6beedf" 69112 111363 4670
"71adf20256f9f0a4" 84801 44061
"8f49a7871f63137f" 166758 176211 116962
"3218ac4a04591673" 39804 2455 151059
"99a3c2b204627c1d" 42174 53207 95415
"c98f81fe13ddefa3" 168947 159457 4667
"dda48d984c768f49" 175228 184356
"2e46bf7e65f891da" 60739 99936 63870
"9b5597ed786988a1" 141568 81740
"bb253d517ccea689" 93283 22919
"6f6e7e43699539a2" 80924 153147 42226
"09672fd10d5e382e" 101121 170966
"73988adf30be155c" 42851 184579
"9aa9103ec59de8fc" 49448 143412
"7f91ebb1a53cdfbf" 118437 32489
"d7dffe9820693079" 177220 23452
"b948ae4929503df9" 143367 114283 176772
"348762c2658d3d71" 122646 16696
"38733c99b710afe3" 79759 92691
"c38c521e6a243b60" 148667 19600
"a9abba191e3f8181" 102491 16334
"2f2609cb09f3052b" 51758 34223
"e89b648dd0f2cd76" 65745 151364
"9890d1d1c6ca3173" 24709 183835
"1e1566847dcc0c61" 71994 79362
"30408a9cd030435b" 156540 163402
"a270983514e7adfd" 48546 92163
"35b027ee5fe19e07" 145500 19600 63870
"a2347abba928b487" 184356 32489
"7bf08a9b40bcba92" 130393 24709
"324677d3c8eeaf48" 101121 79759 51758
"62d56adf30be155c" 42851 42226
"f6c497ed786988a1" 141568 79362
"c5d294963a51f15a" 81740 92691
"2b3904a76d637da6" 141930 93283
"4a019b424f541ac4" 22919 23452
"0b0c103ec59de8fc" 49448 153147
"f4f2135d479495ef" 170966 176772
"cf276a9cd030435b" 156540 60739
"8b057f4a87110342" 117783 99936
"1fbb5d984c768f49" 175228 16696
"f86fb19b6a79b4cf" 143367 143412 184579
"71a3721e6a243b60" 148667 114283
"9c37b010e00033fc" 145500 141568 177220
"d1d3dcf0e1216e30" 80924 151364
"625092c2658d3d71" 122646 183835
"edcc18a98d417333" 34223 16334
"c38f48b2dffa322b" 102491 65745 92163
"46c756847dcc0c61" 71994 24709
"a99a1e625da1f4ce" 141930 19600 22919
"a864883514e7adfd" 48546 42851
"5d1a2da52c258178" 93283 92163 163402
"61a69f38dc329a58" 130393 184356 16696
"e8e7eede1d0ed49f" 67050 40317 110002
"6515150cc1fd4925" 124798 164611
"28de67a4f551e6d9" 82260 15825
"aa3d13107832f9e1" 177923 140290 39628
"f208ca04115082ff" 71792 1298
"1a2b80384fc5467b" 42428 180136
"4f7ca635ae9b2547" 121485 34846
"d8f0940def08cae7" 50440 177949 99267
"6ccee3403a11329c" 171335 153342
"81e6b41d984b4e04" 112527 173952 156136
"cfe39a34cc9c8101" 129892 129147
"7f3b3b657262503b" 35035 162475
"08e6bf2c69d81e31" 144889 76356 129122
"77fb5bd94cdbaed1" 96639 48343
"235842263966c38c" 126727 79120 47738
"ad46fb1a6902a392" 115179 90558
"fa5cbd3114ee1115" 175059 153547
"2d6a8d61eda2347f" 124274 109170 129405
"cba520ae07d59d8d" 35706 90525
"d5073fdb40c8a12d" 124798 177923 96639
"158c67ac28f5f0e7" 42428 15825 112527
"7e76e7aff4870b47" 177923 144889 90558
"fc63e92285eb4a5f" 129405 112527 153342
"2eec8faf2b2b89ea" 171335 164611 175059
"9cbf77f41cec5881" 40317 173952 66171
"d8f67814df4d91e8" 110002 140290 180136
"2c38374bac27169f" 153342 76356 48343
"793ae0e0d2b73190" 140290 177949 99267
"6c447f2e8abf465d" 129147 79120 47738
"b15f4bf0a97466f4" 109170 129892
"6b13342c39ffe202" 177765 156136
"2c9cb2a833c835ac" 97045 129147 90525
"a6cf4c87bc9e2320" 177923 171335 153547
"38bca061177ffc70" 34846 144889 126727
"585a1094195c3eb5" 177949 162475 180136
"2e1a7cc23443d554" 39628 115179 90558
"afddc9153a8fa454" 124274 82260 162475
"662fa698b1e77291" 67050 35035 76356
"bcc4c1e77c955bf7" 121485 1298 164611
"1f531dd0765ce5d6" 50440 129892 39628
"e047d401cf594fcc" 71792 110002 153547
"6fefa5bbe9320c57" 173952 96639 47738
"1f10ac78733efef3" 76356 99267 90525
"f74dc7e9d8dc240a" 79120 48343 66171
"1ba9ba86ce901336" 63511 153342 175059
"4734896553aa4c1d" 110002 115179 47738
"5ce01e844e46530b" 21146 127238
"ede0f954a72fa882" 62903 98150
"d8caa1e29e87b40d" 89906 154011 46627
"ec52b0a160a02f33" 145073 65322 173322
"aec626b555d25c00" 186479 162842
"74a908274c1d0498" 96039 113695
"5edcd5c07ae2d5b9" 149267 142785
"4b3daf338680a25e" 125588 134402 30877
"f81711b0907508d0" 79010 1896
"f54e71f73e383d0b" 176074 188208
"67bf244b96e7a29c" 47672 113932 15385
"e17eb5880ab77431" 41175 40710
"181350f1ed9e50b9" 120739 164708 121481
"d71ca2d95678fe2a" 25871 83085
"cd42aeb63aa24401" 87843 135144
"3ccd55150d733317" 95768 173598
"ba6eda5502669d2d" 151244 118356 48370
"87823db635a85589" 159268 76192 17355
"a00f575bade7a231" 138771 42214
"a357c5d0e71b3a48" 25871 113695 62903
"8df8acfddef7fd71" 17355 106921 41399
"1078262d6a25780a" 134402 118356 79010
"4165b8f25eea6eca" 40710 42214 96039
"5ea9acbff8395505" 46627 149267 176074
"feb52d29d1a260ba" 139854 113932
"08f3e6150f3f2e19" 142785 127238
"4e7a5c95e39c7ddc" 32070 151244 121481
"d6ebff016519e9eb" 134402 98150
"152446a288a18479" 118356 76192
"4f296dbcbaf43dc6" 154011 135144
"4025d8838143ad03" 15385 162842 1896
"8e4d42ba12e8da31" 89906 21146 17355
"89f7057687480459" 145073 113695 87843
"bf86be47c06a89d2" 188208 173598
"f499e2114a2c21ad" 47672 173322
"37827ad5ef0aee95" 65322 164708
"060f85b1f3cb69a9" 125588 186479
"cb7155afbb13f663" 139854 162842 120739
"07618b37730d627d" 95768 41175 159268
"c10159dfa659431e" 138771 30877 25871
"33e4b3233a2afb06" 83085 98150 96039
"f46e95c690d8659c" 41175 41399 113932
"d0f021b0907508d0" 79010 42214
"a6f613a630756642" 188208 127238 46627
"83f4663aa8eba8b3" 42214 30877
"142492bdb9adb6ba" 173598 151244 139854
"5ad108b988cf4435" 106921 186479 1896
"198b5b15a95cdb09" 13022 32350
"b241262cc4c393fe" 20792 61170 173984
"e91ac8f15aceec37" 27160 132857
"06200012cdd63774" 10355 120924
"4cae21cd6d7d18a6" 94756 93315
"b438a257b08a4864" 117925 98877
"199abf4b09727792" 9187 32477
"a03deae53e214518" 175624 158005
"6404a004ac5fcdb3" 104533 6984
"e4a7ad222725fc6f" 87728 36243 83230
"9547e2ac8946f9be" 1519 54281
"6499b035932c44eb" 129300 9429
"49cfd0042abc3ca6" 89746 38205
"a19726749ed752d8" 172362 184427
"01fa8954ac64dbac" 92477 107594
"e289c96878548686" 37217 4756
"9735591dccbcf2ec" 10532 51768
"1ed4bf5d63090162" 96188 143592
"3f42c83712c04163" 26241 83129
"b32530c4d3facce7" 22090 145548
"f3d0a19d3f8e7788" 21869 6153