"bec57d5d9e8f32d8" 56430 122754 128874
"21d085dc43853a92" 36517 17430 182078
"f4cd685351a1c99b" 79789 154073
"6a09712fc5aa4e7a" 103757 72453 116231
"f372e528cb1e5bb5" 164887 66791
"123307d32a661eba" 62543 35539 118330
"fe945974d88beedd" 176166 33662 157994
"2fa65a3af2a6460b" 107006 164895
"7ef2a4b1df6d650c" 139711 4615
"60c2293620e346da" 62538 114778 110417
"8b245648eec1eb2c" 85077 136616 118474
"01be36ee48ccef67" 15861 111858
"67d3d8f5986b6dea" 16868 166781 187792
"22d5401419e5d279" 72467 4596 59370
"1a72b6136685e31f" 62967 29405 137168
"92d197c5f236f4b3" 90469 19071 36608
"73cae39af8210eaf" 35802 120376
"fe9dcd373bc6c1b6" 17430 16868
"48b1eeb2524f01e3" 118330 36517
"2511c8ea1329187c" 59370 154073 118474
"b243f3af6f612280" 111858 4596
"71124fcf6ef6db32" 137168 16868 128874
"1416530c89df8868" 92861 79789 157994
"641bb43c8146b1e9" 122754 139711
"07a2af92bc02f0ab" 182078 103757 187792
"fbbcfd0373a63271" 66791 35802 90469
"9ac9b83eedd54c3a" 105097 116231
"8b11c7589d1168eb" 29405 72467 35539
"f04c898a7af5a66f" 4615 110417 118474
"cca8739b8cf7c165" 166781 176166 187792
"c0242025af9fcc2f" 154073 114778
"4cc4c9692dcc7a73" 176166 116231 118474
"036a18c2d27848f0" 33662 85077 136616
"acb52391b5af2c69" 17430 4596 164887
"9179ed3b28c1c2f7" 62538 128874
"e0aeddef132bc409" 36517 36608
"f1225ce4c6e6680c" 107006 120376 137168
"91592fcabc0b9a2e" 62967 62543 107006
"885fc9c6eb8514a2" 56430 72453
"584d69cdeec0106a" 105097 92861 111858
"f48fcf58d18e2eb4" 85077 110417
"ad372e411bbd0393" 77451 72467 164887
"4caa9977448ef338" 120376 19071
"8f7aa40d1bf46034" 90469 157994
"68e0fcb7bdae4681" 134871 36517 79789
"8b4ce4ed7f9c6f63" 17960 153923
"1d23b51eff05f81b" 167770 20306
"7a78711891e2af55" 64724 160374
"b72bed970c3dfc3c" 71797 21194 128563
"de87f926e4436800" 179225 140267 51828
"6be900af5178190d" 137116 43869
"4516c45384449a37" 210 109757
"9507269f4db169cb" 148805 164435 176268
"515e39f3714ba764" 20306 37886
"2903f8ff424b65d9" 140155 1034 146964
"b2194ba3285e9c37" 30523 58623
"d1fdd6f39278cda7" 87720 134830 188438
"72dddff02c89519d" 99695 123735
"b2a29755efa39ef5" 71275 113807
"29442107685b6a4d" 63682 105675
"f8c34bd71c1e67e6" 134063 90495
"aa297b3efaaebe1c" 168561 138048
"1b28e79f347eed14" 104554 82781 136949
"89406fa279cf0107" 159550 57733
"532babc396616440" 160081 160107
"023ab4d39ff81499" 179225 43869 82781
"6e6e6d821cb855e4" 140267 37886 146964
"a4cc76d2f28a270b" 104554 87720 58623
"d2077a3352679277" 167770 51828 188438
"48a6c687a0ac1554" 159550 113807 21194
"2f1cc6a3914d48fa" 100142 134063
"6e743374afe72ad8" 153923 20306
"fe591fd7c3e5d4a7" 30838 148805 90495
"f8ef4c306b286377" 63682 30523 136949
"11c074fa39e1ff0c" 183568 64724
"a191b0e98c2bee1f" 160374 123735 138048
"d350d36e6053af93" 78158 137116 1034
"9121f4585d3bde8e" 71797 140155
"4f660bbb860a477b" 109757 134830
"f3814c5996d9bcf2" 99695 210 57733
"5ca05c87d27981ca" 168561 128563 176268
"12b3078dfb06fabe" 179225 137116 71275
"7696f2b3ccc3d7d5" 160107 105675
"5b3605311a7f08b9" 164435 160081
"5bb603e1fc7ef6bf" 30838 21194
"6294c9b3eab57f4e" 167770 71797 63682
"e3b62ef42ae640ac" 51828 37886 140155
"8ff5a2bbaa0781f9" 183568 104554 109757
"75421b5721659ab0" 160374 58623 136949
"244536296cd1610f" 153923 160107 113807
"b68e32a9695bb943" 87720 159550 146964
"ae4125aaf0b9f0f1" 71111 144859 125539
"545d56383a64a418" 110404 170479 33973
"b200e1a70b97e923" 18986 117788
"8fa9810f6130db0f" 11666 129121 96672
"9bfc1996c4a49c50" 93283 49049 63504
"a7f7dd48127ae788" 5777 158081 25003
"5fd4ebc15e61bca6" 171291 38116 92997
"1cdeeab3ac0455f8" 19541 42179
"b3a4ec3cbaabc6f6" 131578 23874 51854
"9f9a9c4f5ede40e3" 175637 27585 11974
"c15c449a4882529c" 49963 133858 143478
"9a4437fde83c7702" 147648 90098 75350
"d9fcb0e355c68906" 26359 177931 55542
"143ed38e42ec3daa" 144859 19541 94932
"293b48760d8838eb" 137098 131578 119933
"16a9ff118d701167" 11974 121488 11666
"768611ceeac151ae" 131900 96672 133858
"d528534553cd6653" 151174 5777 158081
"5b165869a252cc02" 46585 125539
"b13778fec2a862fe" 27264 33973 129121
"8d9a1292c17c966f" 49049 143478 63504
"fdb3da6176a02960" 79645 165049
"c33d42022e9f9353" 159068 103715
"834a6dbf7629f7a4" 9097 117436 65010
"46aff7ddb7f14b1c" 62500 25123
"1c3d7a207aa911f4" 52786 26735 22675
"e14e4c778d5b8215" 3408 417
"c28300b6ed363b73" 92169 8657 120341
"8a64374f1439d097" 45414 129942 25451
"7332f89d89ff7ba4" 117499 42219 94092
"1c49743be10cf2a7" 186325 153155
"b9dcb28b7d0e947b" 7469 45414 154351
"cf04b68342ae3f44" 151348 42219
"57db5881ffe221ee" 25451 141017
"c8ee887b6d1ff2c7" 186325 20534 64104
"6849de1f67d91d13" 129942 117499
"9452cc5d2269e07c" 182769 53166 28561
"783a74a4aeb2b3d1" 83204 25451 42219
"ff835881ffe221ee" 25451 107107
"41f86a872523d756" 151348 129942 109529
"8ff7a730f6d2c400" 86800 111560 61303
"8d2fc68342ae3f44" 151348 153287
"7cbd2735cd085abc" 107107 153155 125180
"5ab6b34c0d74716a" 25451 109529 105588
"27b62fa3fefdf2c8" 45414 151348 46511
"a7cad56dddfc06ce" 28561 94832
"30d6d534807893a1" 64104 19022
"e68dce4d29bf7539" 141017 154351 7425
"74775ec47472a3b2" 116244 109171 159667
"471d53c9c4c535ac" 86800 7469 23442
"d7de798926233a05" 53166 153287 251
"bf0d2913d2618f7c" 129942 111560 73988
"f11e349ddfac95be" 83204 107107 82411
"1b32b2ebfc124e33" 94832 7425 150699
"71288843639afb9a" 45414 125180
"2e34a07a9844c0c6" 117499 109529 175777
"936a9f0d5ad07fa8" 7469 153155 178964
"ca4cef93af45bdda" 151348 186325 27774
"e06ecb65d709cbe0" 105588 30671 3182
"13ffa8f14f197d35" 19022 27774 73988
"283b33ab4a1cc3fd" 141017 35024
"91d31735cd085abc" 107107 153155 19022
"0d297bdfd341bc61" 153287 61303 4957
"09ebd16211c0f171" 35024 46739
"703e296700449ef3" 115243 150699
"3ab5c2749c934069" 25451 46511 178964
"b9418cc0185f593f" 107107 53166 175777
"aa36bb0e1ede8870" 111560 64104 28561
"7f6a60ccfe8c9889" 7469 7425
"b283e558752f9a78" 20534 64104 105588
"ba896ed2c7c93672" 154351 109171 73988
"22f79d30fb21492b" 58530 9467
"268a1bde7801d5e3" 2249 141440
"5933314714060d21" 30702 10550 78704
"a13f2e16e2ee8f78" 132871 134802
"4826ac0dd27f0950" 13756 72183 3668
"7e2b8596e5e94529" 157999 178263
"5e26d68aaf1d02c1" 155273 38979
"b1ecdab23bea23ca" 75804 121209 88689
"92c5362fa5f141cb" 49954 117247 155195
"f19896fa0ea29cc3" 50817 116965
"dd435d4ada5819d1" 130246 77794
"db2f4633e3f9a999" 175773 66427 107216
"8f2e68078f235b6a" 155054 55549 160312
"83fccb201b709480" 111881 131094
"890e880a9a915d89" 61369 166534
"e01f8d1d301bb7fb" 90775 123446
"4c0fb9c1b4a510ca" 180394 71733
"1fda1efcaf65f657" 22357 136691
"cabafc6f7405937c" 29675 138896
"b969fcfaddfb4dcb" 88691 90775
"858f48907b5fa019" 78704 155195
"2da53238bae256cc" 134802 66427
"573c7596e5e94529" 157999 116965
"462b07592cd0194e" 10550 61369
"c09bc70bb609e32d" 71733 155054
"3284679fde759333" 50817 58530 72183
"ca763d329fcadba9" 125611 107216
"172f0efcaf65f657" 22357 88691
"ddc13e83b3a362ec" 160312 184472
"6aa7d5eb284c7822" 178263 2249 121209
"67e45d434bf4a2de" 141440 155273
"b368070110311633" 123446 138896
"e023518bf7265bc4" 9467 49954
"a6412e16e2ee8f78" 132871 77794
"c65a822c551d32e1" 175773 130246
"23d8fc6f7405937c" 29675 131094
"50643e1318c0ee86" 38979 88689
"0633e5866b5305dc" 3668 121519
"ed40bb201b709480" 111881 13756
"79e260a347fc2dfc" 55549 155054 136691
"6a3c49e42e84536a" 117247 166534
"ffb0c9c1b4a510ca" 180394 78704
"f9ff0f93e8cbb3b8" 30702 24476
"c8f63238bae256cc" 134802 71733
"ede74dcf7d49142f" 116965 138896
"7a08b7c8ab4cf501" 121519 90775
"f517a2c9d6086992" 66427 136691
"395b21a62ab151d1" 187394 13196
"90b4963ca6c44c19" 19909 13147
"856c9511a890625b" 3023 28543 40501
"f4864a521e520742" 100991 18607
"a9010728ea273c39" 121190 28543
"1f93888fecc46a5f" 18182 90038
"b4bcc22a163de68e" 78454 49248
"6936d5616e2fa64a" 157439 126636 20026
"6b033b8f308ed97a" 6383 121190
"b6b2472048adab60" 91450 13196
"7c9ea7c38297c332" 20026 56552
"5863ebf57d268722" 151183 163349
"1c222b5908f47e2c" 411 137141
"870726505c6db056" 13147 126636
"134bb5e8f7871b30" 169535 59327 124126
"983628218ed8ff5d" 28543 90857
"7ac8c86d4a4aaca1" 32213 24617
"2aa631ffdae03649" 40501 115012
"1102f481420aa0ec" 126636 56552
"6458922f0c711157" 59327 121190
"861c5535e35c9bee" 134944 13147
"f42f9ff35b6159aa" 163349 78481
"e28d43acd4ceb41c" 1851 187394
"174f48a63661c8ce" 90857 6383
"dfb9c86d4a4aaca1" 32213 28543
"b6cdec970675e40e" 126636 18182 46664
"1b33a9c0989229d9" 147917 411 168308
"09c8812a39e48f3c" 19909 38439 45439
"f68ef0b153dd242f" 90038 115012
"3c8025c02ede96eb" 13196 20026
"8fd4283dfc423b00" 3023 10568
"51ad60469bfe9fbb" 187418 6383 169535
"8eaef5e187a4e784" 79515 61148
"569b60e6b8acc825" 38961 1851
"6fa6de37d253cbd1" 153833 168308
"a3882ba93f75b5ee" 13196 151183 187394
"57859ab8b031c9a3" 45439 32213
"b39d400a1f1b1791" 171697 78481
"c5ea7a3efbf79aff" 13147 49248 134944
"cbe3ce37d253cbd1" 153833 91450
"f91e323608828db4" 157439 28543
"58f321ffdae03649" 40501 38439
"588a2de37529bb98" 3023 163349 115012
"1b8de0b153dd242f" 90038 45446
"b3655a521e520742" 100991 79515
"576b59ea152dc853" 78454 78481 24617
"81fa0d255d6d0048" 4364 152847
"e2e9a056bc29aaf6" 163863 122252 25242
"0b0fe62179ac0028" 177409 95222
"e7e0ff72a3891c7b" 4362 136455 15616
"7c0de5acc3beec0c" 20290 9344
"e226fca07aa45741" 16798 24372 187251
"25e7c0b356fbeaae" 97307 105158
"2b07060ade123d9f" 163550 154239
"7f98371b8b7c8a56" 90657 47773
"7cacf92c414fe965" 16798 165649 25747
"4a3bc9c4ac394b47" 154239 152847 177409
"a8149240abd5b43f" 4362 97307
"6dd764c51a27a2af" 161613 136455 47773
"ebceccaf05513414" 25747 95222 74604
"97055353f1ba3c0f" 163863 90657
"4874878d2f571a77" 24372 187251
"9a4dcc07c2999c48" 163550 25242 15616
"b49aec255d6d0048" 4364 20290
"937df62179ac0028" 177409 154239
"8854091148050f88" 165649 163863 97307
"1812eca07aa45741" 16798 24372 105158
"da06d421f9b6f083" 161613 122252 187251
"ae4fff72a3891c7b" 4362 136455 74604
"f5fd9d8ce439359c" 95222 25242 163550
"3b4d3d098c23cf69" 25747 152847
"05f2625898ba4d02" 16798 4364 47773
"e06da7403b8c032b" 24372 20290 163863
"1c11402d4dd33add" 154239 90657
"4f88a7808b018222" 177409 4362 15616
"6fe6940906f1bc9b" 165649 74604
"430befc8cdede475" 97307 25242 105158
"c895a239e1676430" 161613 95222
"ab7816acc3beec0c" 20290 187251
"7fbf4c44b4f94de1" 16798 177409 25747
"de20819dd15457e8" 122252 136455 47773
"1fb09807134b5291" 163863 90657 122252
"f372e50ade123d9f" 163550 4364
"eef1a240abd5b43f" 4362 154239
"c0a79373d09d3a16" 24372 152847 74604
"9b4ce3e5efeea1bc" 16798 105158
"fba248d795f3efb5" 25242 15616
"a1ba64c1eb97cd42" 25747 161613 47773
"359bd5f33627b891" 177409 97307 20290
"446bbb4ab81247e8" 163550 90657 15616