"f2a0ba887af28a3f" 20 231 192 544 80 102 16520 4436 1366 80 199627 369 5812 51 12400 9202 80 11 1267 3177 1179 1190789 -1 -1 0 0 0 0 0 0 0 0 0 0 0 0 0 0 0 0
"357fe085a103c6bf" 20 1267 656 44 4994 80 344 30 2343 80 199627 232 30 30299 7397 80 6 120 1957 13 1179 1190790 -1 -1 0 0 0 0 0 0 0 0 0 0 0 0 0 0 0 0
"918b6960fb6d8533" 33 234833 51 291 42 44 30 149 80 199627 249 456 184 83 30 12375 80 550 51 2144 3412 40155 1179 199627 28 236154 234937 80 915 80 166 4 13 199372 1190791 -1 -1 0 0 0 0 0 0 0 0 0 0 0 0 0 0 0 0
"11bc67ba01e36028" 37 25810 80 4 153 559 369 460 60 42 80 199627 10716 406 44 28 2060 80 184 200468 1683 44 30 3288 1179 199627 127 1957 18227 83 154 2864 80 74 7 19 15903 1179 1190792 -1 -1 0 0 0 0 0 0 0 0 0 0 0 0 0 0 0 0
"f15ef2ba9485290c" 25 127 51 2795 134 6917 80 344 66 42 80 199627 90 456 369 350 60 80 915 80 860 20 8936 36 511 1179 1190793 -1 -1 0 0 0 0 0 0 0 0 0 0 0 0 0 0 0 0
"9c04bb3331f881a0" 31 352 391 596 51 499 291 80 249 369 1460 382 42 51 38886 80 199627 425 184 458 49 30 1628 379 80 236155 4181 80 4210 19 4210 1179 1190794 -1 -1 0 0 0 0 0 0 0 0 0 0 0 0 0 0 0 0
"e714da8cff423f6b" 31 1015 14 80 4 229 49 30 10920 199372 199627 58 481 150 12400 89 80 6 212 54 10182 1179 199627 103 154 6857 1180 80 184 2844 1683 1179 1190795 -1 -1 0 0 0 0 0 0 0 0 0 0 0 0 0 0 0 0
"8d9b15775b616304" 21 798 127 88 51 5264 80 425 798 231 102 4044 80 199627 37041 318 80 1767 586 451 541 1179 1190796 -1 -1 0 0 0 0 0 0 0 0 0 0 0 0 0 0 0 0
"fb9483e5613a218d" 21 89 25 30 5235 80 344 475 184 37853 80 199627 344 475 70 297 4180 229 590 283 60 1179 1190797 -1 -1 0 0 0 0 0 0 0 0 0 0 0 0 0 0 0 0
"7d857f856f705cb2" 34 199375 216 150 3012 80 860 20 8936 36 511 80 199627 90 70 297 1214 425 4144 77 24583 1179 199627 229 637 1418 60 102 15482 16839 80 344 36 561 1179 1190798 -1 -1 0 0 0 0 0 0 0 0 0 0 0 0 0 0 0 0
"b26a41b9a7e26335" 38 398 283 1268 25 398 80 344 11 559 60 573 80 199627 249 158 4 909 36 108 2802 80 629 553 49 30 15025 1179 199627 127 4469 40305 80 425 184 42757 44 26414 1179 1190799 -1 -1 0 0 0 0 0 0 0 0 0 0 0 0 0 0 0 0
"f2aa8008716bb8ea" 22 74 43495 80 184 229 2659 811 80 199627 4 114 2636 49 30 13416 61877 80 344 475 860 7517 1179 1190800 -1 -1 0 0 0 0 0 0 0 0 0 0 0 0 0 0 0 0
"135c11c688bf6425" 31 127 14 231 102 51 51711 80 5008 89 297 2594 536 80 199627 249 173 30 9185 1024 80 344 36 561 80 4 127 14 83 28 6273 1179 1190801 -1 -1 0 0 0 0 0 0 0 0 0 0 0 0 0 0 0 0
"14eea325f4785613" 32 550 279 2746 80 184 11 76 749 2348 3177 80 199627 12407 5249 80 344 559 184 3177 1179 199627 120 14 999 150 61 80 344 70 369 6001 1179 1190802 -1 -1 0 0 0 0 0 0 0 0 0 0 0 0 0 0 0 0
"414d4bf9f6bf4528" 25 90 184 293 88 27203 80 1767 30 208 997 19 5218 80 199627 4181 70 28 79642 80 1629 509 30 82 70780 1179 1190803 -1 -1 0 0 0 0 0 0 0 0 0 0 0 0 0 0 0 0
"2e3c9ae97d9f5f9b" 21 184 6233 235062 456 184 31700 42 30 1895 80 199627 11168 25 30 7293 80 166 1678 271 4937 1179 1190804 -1 -1 0 0 0 0 7 9 9 8 8 7 5 2 4 3 0 0
"eb21c3dd03f4635e" 20 1334 306 3273 80 74 5430 178 154 80 199627 43657 297 831 36426 80 859 146 283 20451 1179 1190805 -1 -1 0 0 0 0 8 7 9 8 7 6 7 2 2 2 0 0
"db84d62ed8df237f" 23 55230 861 44 51 2831 80 271 4047 566 10294 80 199627 49 1784 1376 90 2971 80 859 146 20 7733 1179 1190806 -1 -1 0 0 0 0 8 9 9 8 8 7 7 2 5 3 0 0
"a809c5a1b5034271" 22 184 5812 51 9202 36 30 6603 19 9046 80 199627 30 4144 3034 192 2283 80 550 102 51 26716 1179 1190807 -1 -1 0 0 0 0 9 10 10 9 8 9 6 3 4 3 0 0
"2dc3b09c7408304b" 22 32 49 150 915 36 51 784 80 2975 90 11168 80 199627 11 3053 30 1605 80 6 20 9302 1179 1190808 -1 -1 0 0 0 0 8 7 7 6 6 8 5 2 4 4 0 0
"0239274a38e987e0" 27 4 114 2636 49 30 61877 80 44 30 1051 90 1899 80 199627 1031 184 1895 44 271 2144 40305 80 2441 30 4180 4701 1179 1190809 -1 -1 0 0 0 0 8 8 9 8 7 6 5 2 3 2 0 0
"b43066131582b003" 24 127 1957 18227 83 154 2864 80 330 166 3651 80 199627 425 70 297 1172 566 24583 24584 4144 80 166 8338 1179 1190810 -1 -1 0 0 0 0 6 10 8 8 7 10 5 2 4 3 0 0
"e63a6741d19eb2f2" 26 184 127 51 6917 49 51 324 4900 80 344 74 4635 80 199627 279 2746 80 1334 11 61447 80 74 7 19 10240 1179 1190811 -1 -1 0 0 0 0 8 7 9 7 7 5 4 2 3 2 0 0
"46765b45182f7e93" 24 231 544 102 16520 227 28 634 275 80 199627 249 44 103 39 80 398 283 1268 25 398 80 12146 7387 1179 1190812 -1 -1 0 0 0 0 7 8 8 7 7 6 4 8 3 7 0 0
"3d2ae7466a85384f" 23 108 6842 80 23546 80 1334 83 51 33958 47 80 199627 1618 5866 80 5360 30 30299 7397 80 9386 11640 1179 1190813 -1 -1 0 0 0 0 8 6 7 6 6 4 3 2 2 2 0 0
"a4798225d7ac19e3" 25 12316 3251 770 36 271 6755 80 1334 17 613 80 199627 249 184 1895 406 44 8368 3903 80 277 19 6454 60 1179 1190814 -1 -1 0 0 0 0 8 7 9 8 8 6 5 4 4 3 0 0
"0cc04ad91f37e364" 30 184 5812 51 9202 36 30 6603 80 146 5332 80 199627 184 1628 49 271 379 80 90 184 153 80 173 30 9185 1024 80 518 835 1179 1190815 -1 -1 0 0 0 0 9 9 8 8 8 9 5 2 4 3 0 0
"38eabba21480f650" 25 1015 14 173 17 89 36 30 15180 80 199627 1031 1767 2441 5269 80 280 4876 80 859 146 20 44 51 4633 1179 1190816 -1 -1 0 0 0 0 8 8 8 7 7 6 5 2 3 3 0 0
"afb0c90996c6634d" 29 90 4 1866 17 153 80 43 4 119 19 14 80 199627 318 127 28 11461 548 80 509 30 4144 6233 2283 80 166 4 13 199372 1190817 -1 -1 0 0 0 0 9 9 10 9 8 8 6 2 7 3 0 0
"8781081d4ad57eca" 18 184 293 88 27203 80 89 25 30 5235 80 199627 475 30 2591 275 255 21106 1179 1190818 -1 -1 0 0 0 0 7 6 6 5 6 5 5 3 3 2 0 0
"bc9f346c91627b86" 48 369 153 559 369 460 60 42 80 74 3757 80 199627 234833 51 291 42 44 30 149 80 1267 32 4300 1179 199627 90 456 60 2287 19 227 80 369 255 251 245 511 80 199627 146 3841 80 232 10921 83 236156 2344 1179 1190819 -1 -1 0 0 0 0 9 7 8 7 8 8 7 4 6 4 0 0
"11baa9194c2f34f0" 51 119 4 112 12 1057 1274 80 44 51 39 192 1899 199372 199627 192 481 150 12400 89 90 629 44 408 30 4701 1179 199627 32 49 150 915 51 1031 80 278 178 30 4275 80 199627 33 3032 70 154 112 1109 44 103 3273 706 1179 1190820 -1 -1 0 0 0 0 8 7 9 9 8 7 7 9 9 8 0 0
"ba3536ef1ce1ff62" 43 1460 28 291 866 51 499 291 80 807 127 154 1749 80 199627 4044 37041 318 80 5942 3714 97 2902 2370 1179 199627 4942 16094 10294 49 4855 90 1657 80 199627 807 127 30 3368 19 3558 97 3070 1179 1190821 -1 -1 0 0 0 0 7 7 9 7 7 6 3 5 3 6 0 0
"be22de1b3c57228f" 51 120 14 999 150 61 80 1024 80 120 14 44 1179 199627 199375 212 4 36 51 1895 80 859 4300 102 30 1697 1179 199627 90 859 119 60 44 5174 80 5695 42 30 1877 80 199627 44 51 5410 28514 80 28 61 36 4 1376 1179 1190822 -1 -1 0 0 0 0 9 8 9 8 8 6 5 5 9 7 0 0
"d3d7c215aef0b365" 55 90 4 1866 17 153 80 249 16520 255 12122 80 199627 2795 134 6917 83 154 43 80 747 19 6232 1179 199627 158 4 842 36 245 108 2802 80 915 80 16520 150 129 80 199627 200450 283 60 83 80 859 119 60 474 44 30 24 77 30 15016 1179 1190823 -1 -1 0 0 0 0 7 6 8 6 7 7 8 3 2 4 0 0
"2c2778beb64065f8" 52 229 637 2460 60 102 15482 16839 80 550 33 80 199627 127 4469 40305 80 7253 42 80 231 1896 554 1179 199627 90 4 114 2636 49 30 13416 61877 80 158 4 166 4758 30 3714 80 199627 249 199375 20 10237 297 1877 80 2441 788 3887 1179 1190824 -1 -1 0 0 0 0 8 6 8 7 7 5 5 6 5 4 0 0
"f237da5279659a37" 24 119 4 112 12 1057 1274 44 103 1778 192 3922 199372 199627 74 43495 80 1267 232 1618 80 1267 32 21310 1179 1190825 -1 -1 0 0 0 0 8 7 6 6 8 5 3 4 2 3 0 0
"8f7c733bea72bb6f" 53 4 558 20 1618 44 4994 80 344 30 554 8437 80 199627 127 1957 18227 83 154 2864 80 127 1957 231 192 30619 1179 199627 90 966 46837 80 166 250 249 283 1043 44 30 16926 80 199627 859 232 83 3470 80 1043 44 30 1180 36 861 1179 1190826 -1 -1 0 0 0 0 9 7 9 8 7 6 4 5 5 6 0 0
"79f8124fb6d8000f" 26 108 6842 23546 80 550 206 19 2203 42 30 1237 80 199627 475 330 33215 208 199372 859 232 30 779 1617 1501 4673 1179 1190827 -1 -1 0 0 0 0 9 8 8 9 8 6 5 4 6 5 0 0
"15004a80f8b6d246" 47 216 150 3012 102 51 6917 80 106 30 3455 1478 1179 199627 55230 80 184 146 632 80 184 11 232 4244 1179 199627 4181 70 28 79642 80 2990 102 51 4044 80 199627 229 637 2891 770 80 859 232 83 10237 541 1179 1190828 -1 -1 0 0 0 0 9 9 9 7 8 7 5 7 7 5 0 0
"ea2b8af3753d2c1c" 51 1267 232 30 30299 7397 456 184 119 271 1146 80 199627 279 2746 80 11 227 271 275 252 51 824 36 43 330 1525 1179 199627 90 330 146 3101 80 255 5358 321 80 199627 859 146 942 103 231 80 859 11 232 83 10389 896 1179 1190829 -1 -1 0 0 0 0 8 7 7 7 6 4 2 2 5 5 0 0
"ddc178581383d69d" 53 153 559 369 460 60 42 80 74 3428 44 28 706 80 199627 12316 3251 14 36 28 6755 80 199375 146 20 14376 1179 199627 90 5826 51 4927 80 199375 5308 2527 19 46 80 199627 146 763 42 80 255 227 275 19 30 46368 80 146 8808 1179 1190830 -1 -1 0 0 0 0 9 7 8 7 8 8 6 8 9 8 0 0
"7aa7c184f13b536b" 53 318 127 28 11461 234937 80 550 280 2144 44 749 80 199627 859 232 3470 80 2441 103 1237 161 19 1080 80 74 748 1179 199627 90 30 234828 102 6857 80 166 283 527 80 199627 859 232 83 7576 80 166 632 80 22 632 80 344 9247 1179 1190831 -1 -1 0 0 0 0 9 8 9 8 8 8 5 5 4 5 0 0
"7c4725b5d9811b82" 51 192 481 150 12400 89 80 6 928 76 83 275 1179 199627 398 283 1268 25 398 80 788 621 80 788 1237 1179 199627 192 32 49 150 915 51 1031 80 5975 788 1605 80 199627 223 550 174 2780 80 223 61 18082 51 8446 10225 1179 1190832 -1 -1 0 0 0 0 8 9 7 9 8 6 6 8 9 7 0 0
"2fe83caf8ebc551c" 34 158 4 842 36 245 108 2802 80 199375 460 60 19 4 474 1179 199627 4181 70 28 79642 80 199375 453 60 3397 80 344 11 559 369 553 788 1237 1179 1190833 -1 -1 0 0 0 0 9 8 8 6 8 7 8 3 3 6 0 0
"31330b0305b7c136" 25 369 1460 28 915 866 51 499 291 340 691 80 199627 425 798 948 51 5264 80 369 338 30 16310 90 40502 1179 1190834 -1 -1 0 0 0 0 7 7 6 5 6 6 6 3 4 3 0 0
"9c6c45c0c4857193" 22 352 11406 14 102 51 51711 83 51 3570 80 199627 4 56 421 30 14712 80 44 30 236157 3446 1179 1190835 -1 -1 0 0 0 0 8 7 8 6 6 7 5 3 4 2 0 0
"433240b49ea6425f" 21 28 163 2462 14172 102 30 46871 887 80 199627 369 453 561 330 13 60 80 152 19 8772 1179 1190836 -1 -1 0 0 0 0 8 6 8 7 6 6 5 2 3 3 0 0
"e6af661d69e367bc" 19 1003 42175 146 739 77 8311 31493 80 199627 120 30 175789 175790 1895 30 175791 70 621 1179 1190837 -1 -1 0 0 0 0 6 5 7 6 5 5 7 2 4 3 0 0
"7d9865a9428f7365" 36 119 4 1080 150 236158 348 9083 80 199627 283 297 10211 76 28 2915 80 330 229 74 108 200443 1179 199627 4 229 127 51 9540 80 16520 30 4044 77 30 3342 1179 1190838 -1 -1 0 0 0 0 7 7 6 5 6 9 4 3 4 4 0 0
"bdf17ab30e3f68bd" 21 456 330 87906 80 330 153 66 42 80 199627 369 229 1267 185 711 80 330 71 24 42 1179 1190839 -1 -1 0 0 0 0 6 8 6 5 5 8 5 2 4 3 0 0
"efec149cd1605a26" 36 541 369 185 11 6745 102 8091 80 199627 17674 4 134 3057 102 51 4648 80 74 1232 1179 199627 4 13 14 425 80 16520 83 30 31 80 4044 77 30 706 1179 1190840 -1 -1 0 0 0 0 8 7 8 6 6 7 5 3 4 2 0 0
"e247515283e06eb4" 27 102 1015 14 43 4 7 1024 80 6 20 4760 80 199627 860 6569 19 6123 30 44946 83 136 9008 80 344 74 3757 1179 1190841 -1 -1 0 0 0 0 8 7 7 6 6 6 5 3 4 4 0 0
"d1d44bde0a27c887" 23 425 369 127 51 348 80 369 229 1267 1746 80 199627 42466 10721 44 80 16520 15405 60 83 28 29 1179 1190842 -1 -1 0 0 0 0 7 6 8 6 6 6 5 2 3 3 0 0
"ea11a6d41bf598d0" 23 369 20 102 3037 80 43 4 2348 4033 80 199627 234901 154 711 408 59103 80 4 229 127 30 5269 1179 1190843 -1 -1 0 0 0 0 6 7 5 5 5 5 7 2 4 3 0 0
"ff1740cfe66a2c15" 34 798 161 47162 28746 80 15341 70 30 2568 80 199627 107 70 77 4 96 360 80 17 11 30 4189 1179 199627 330 166 283 236159 83 14 80 16520 1724 1179 1190844 -1 -1 0 0 0 0 9 6 7 6 5 5 5 4 3 3 0 0
"517bf39fb68b0bbb" 23 398 3508 76 44 30 388 1597 80 192 4022 80 199627 90 16520 231 192 1351 80 1598 49 11 14 1179 1190845 -1 -1 0 0 0 0 6 5 5 5 4 6 3 3 4 5 0 0
"317414fa92d84a2f" 38 70 369 127 19 185 1024 80 104 200450 119 60 80 199627 11 19 185 184 234882 404 60 80 184 22 1787 60 1179 199627 283 54666 76 80 630 271 7536 83 30 2592 1179 1190846 -1 -1 0 0 0 0 8 7 6 7 6 6 6 3 4 3 0 0
"d7f36ef84176a813" 39 90 28 234826 17 270 80 199375 20 11 1056 80 199627 1138 42 44 30 876 80 44 30 7515 1121 80 74 2596 224 1179 199627 119 51 11169 1394 80 120 28 4135 6997 849 1179 1190847 -1 -1 0 0 0 0 7 6 6 7 6 8 4 2 5 4 0 0
"e461a519fde709e5" 24 369 1165 150 61 36 27613 80 425 550 2157 80 199627 537 184 6021 80 1043 13951 80 249 808 6141 83 1179 1190848 -1 -1 0 0 0 0 7 7 8 6 6 6 5 3 4 3 0 0
"f4304086a8772ec0" 16 369 453 561 541 369 185 199627 104 340 90 33 80 369 146 436 1179 1190849 -1 -1 0 0 0 0 10 9 7 6 6 8 5 2 5 4 0 0
"e56400956b4aefdb" 22 2358 2098 80 212 14 475 369 12 208 80 199627 90 120 30 175789 175790 1895 30 175791 80 424 1179 1190850 -1 -1 0 0 0 0 6 5 6 7 5 8 7 2 3 4 0 0
"775b383dad35cc85" 23 16520 192 4783 77 297 10211 44 28 92 80 199627 153 369 229 1267 185 154 80 966 11 51 16628 1179 1190851 -1 -1 0 0 0 0 8 9 8 5 4 8 5 3 3 4 0 0
"794a55df0d5ef989" 24 4 13 14 425 80 6174 102 51 147 80 199627 2539 28 1140 80 11 360 559 633 199374 629 192 633 1179 1190852 -1 -1 0 0 0 0 9 8 9 8 6 8 5 3 4 4 0 0
"8a58acb92af7f56d" 20 44 575 2266 80 199375 20 2157 80 199627 14142 154 108 148968 3522 80 550 102 51 867 1179 1190853 -1 -1 0 0 0 0 7 6 8 6 6 9 7 3 2 4 0 0
"ac90c18d8591d50c" 22 161 2976 408 4 80 16520 44 51 3480 80 199627 119 51 11169 1394 80 61 14 53 488 5428 1179 1190854 -1 -1 0 0 0 0 9 9 9 7 5 9 9 2 9 4 0 0
"fffaab16011e5150" 21 425 290 574 14 30 554 31338 80 199627 1015 14 43 4 7 1024 80 199375 1183 4 61 1179 1190855 -1 -1 0 0 0 0 8 8 7 6 6 8 6 3 8 4 0 0
"67504a000c766591" 19 2129 5178 80 1334 102 51 1010 80 199627 369 20 102 235995 80 103 104 271 1264 1179 1190856 -1 -1 0 0 0 0 9 8 9 7 6 9 8 3 9 4 0 0
"63d182aa880fb1cf" 42 119 4 1080 150 2055 80 559 352 904 19 1532 199372 199627 114 369 11 20 8142 80 185 66 83 28 34 199372 199627 119 60 11 19 185 184 306 404 60 80 234833 17 178 1258 8662 1179 1190857 -1 -1 0 0 0 0 7 7 6 5 5 7 4 6 4 7 0 0
"70df8247037c121a" 44 398 6490 76 44 30 388 1597 80 199627 90 16520 231 192 1351 80 74 161 19 2502 1179 199627 330 166 283 569 408 14 80 344 51 6183 80 199627 16520 227 28 634 275 80 344 51 6240 7801 1179 1190858 -1 -1 0 0 0 0 8 6 7 6 8 7 4 2 4 7 0 0
"f868150d7f4a3df3" 42 562 54666 76 80 14142 154 108 3935 80 199627 119 51 11169 1394 80 15359 192 7013 1179 199627 1138 42 44 30 876 80 44 30 7515 1121 80 199627 12955 275 19 30 46368 80 146 590 222 1179 1190859 -1 -1 0 0 0 0 6 6 9 6 7 8 5 2 3 5 0 0
"eb383e4c1000066f" 40 60 391 30 488 206 80 90 541 1961 80 199627 70 369 114 119 104 3817 19 150 61 80 41634 1179 199627 456 330 87906 80 330 13 30 1657 4 638 80 199627 271 3032 18115 1179 1190860 -1 -1 0 0 0 0 7 8 7 8 6 7 5 3 8 4 0 0
"13ccf30e2b8e233c" 22 2358 2098 80 120 14 20 150 2129 6302 80 199627 11 161 2976 408 4 80 28 39 378 7820 1179 1190861 -1 -1 0 0 0 0 8 9 9 8 5 8 7 2 9 4 0 0
"e73aec22da80133e" 47 283 297 10211 76 28 2915 80 255 44 28 92 80 199627 541 369 185 80 11 460 14 245 4932 1179 199627 425 369 127 51 348 80 475 369 114 11 20 14 80 199627 7497 25 61 80 425 16520 4438 544 1179 1190862 -1 -1 0 0 0 0 7 8 6 6 8 9 5 3 4 8 0 0
"071ae32284cc6829" 43 369 20 102 235995 80 146 590 1623 80 199627 42466 232 64 80 11 102 51 4156 1179 199627 107 70 77 4 96 360 80 249 146 1348 80 199627 103 104 14 80 227 28 908 90 5358 33 1179 1190863 -1 -1 0 0 0 0 9 8 8 7 6 8 5 4 4 8 0 0
"06259eb0fc68e8b9" 23 44 11 575 2266 80 199375 453 4 1745 80 199627 70 369 1267 185 104 236160 80 173 192 1056 1179 1261 1190864 -1 -1 0 0 0 0 6 7 8 9 8 7 6 3 7 4 0 0
"19150c7d2c6d9a64" 29 199375 212 4 17674 134 3057 80 234840 192 4300 80 199627 2539 28 1140 2743 2539 28 1140 2743 860 20 200456 28 646 44 30 1121 1179 1190865 -1 -1 0 0 0 0 8 9 9 9 7 8 6 5 7 4 0 0
"9c3bbcd01a706666" 20 44 575 2266 80 859 212 103 1138 80 199627 234901 154 711 408 59103 44 30 1237 1121 1179 1190866 -1 -1 0 0 0 0 7 5 9 7 6 5 3 4 5 2 0 0
"121849ec949c763c" 22 369 453 561 19 32 33 19 1167 80 199627 330 14125 14 369 1961 80 249 229 74 161 1499 1179 1190867 -1 -1 0 0 0 0 9 8 8 9 7 8 7 3 6 6 0 0
"4ff56439c935e80d" 26 28 163 2462 235368 80 127 14 234840 192 4300 80 199627 212 14 475 369 12 208 80 229 127 74 206 36 4355 1179 1190868 -1 -1 0 0 0 0 6 7 9 8 8 6 6 3 6 5 0 0
"ae98a1c47e2c77f3" 23 425 290 234959 14 30 554 31338 80 199627 4 6569 19 6123 30 44946 83 103 9008 80 1183 245 61 1179 1190869 -1 -1 0 0 0 0 7 6 7 9 8 7 5 8 6 3 0 0
"80e70b0bcb321185" 27 698 245 206 83 150 34545 21837 80 212 51 6225 80 199627 90 563 238 28 234826 17 15341 80 369 808 106 103 32933 1179 1190870 -1 -1 0 0 0 0 6 6 8 5 5 6 5 3 4 5 0 0
"064dd0749c535f91" 20 4 229 127 51 9540 559 369 656 80 199627 1767 30 161 80 47162 28746 80 192 5268 1179 1190871 -1 -1 0 0 0 0 8 7 8 6 6 5 4 3 6 4 0 0
"a48ddfff4d246276" 26 234901 154 711 408 59103 80 1777 144 30 1237 80 199627 90 563 238 28 234826 17 15341 80 16520 808 200438 28 215 1179 1190872 -1 -1 0 0 0 0 7 6 9 4 5 5 4 5 5 4 0 0
"6dac601f8e04e7ab" 22 369 1165 150 61 36 27613 80 199375 7357 60 80 199627 2358 2098 80 6 120 271 61 20 40169 1179 1190873 -1 -1 0 0 0 0 8 7 6 7 7 5 6 4 6 5 0 0
"4ef9ddf801a8af9d" 29 369 232 15786 19 1015 603 80 249 330 229 234992 80 199627 90 70 369 114 119 104 3817 19 150 61 80 550 102 51 1316 1179 1190874 -1 -1 0 0 0 0 9 8 6 8 7 5 6 6 7 5 0 0
"e4e32152a86aead9" 29 90 70 369 114 119 104 3817 19 30 61 184 484 80 199627 90 120 30 175789 175790 1895 30 175791 80 127 14 234840 192 3701 1179 1190875 -1 -1 0 0 0 0 9 7 6 7 5 5 5 3 4 4 0 0
"c146b0bae8047562" 27 119 4 1080 150 2055 80 30 139 352 904 19 20 80 199627 70 369 127 19 185 80 1024 80 6 278 178 14 1179 1190876 -1 -1 0 0 0 0 7 7 7 6 7 5 3 3 6 4 0 0
"534a612ac62ecc21" 23 456 330 87906 80 330 13 770 1777 49 5174 80 199627 2129 5178 80 229 74 161 1499 1030 271 1031 1179 1190877 -1 -1 0 0 0 0 6 7 8 8 6 6 6 4 5 5 0 0
"99073fbcfa5694a2" 25 456 330 87906 80 330 13 770 3508 252 51 824 80 199627 398 3508 76 44 30 388 1597 80 234840 192 2392 1179 1190878 -1 -1 0 0 0 0 5 8 8 7 7 5 3 3 4 6 0 0
"2050692d09414d95" 20 425 369 127 51 348 80 74 512 1746 80 199627 575 2266 1986 80 398 3470 252 824 1179 1190879 -1 -1 0 0 0 0 7 9 10 6 7 8 4 2 4 3 0 0
"dcd4f1e7ffad1d6f" 29 43 566 4 277 19 4033 80 1043 44 150 29 7775 199372 199627 107 70 77 4 96 360 80 249 16520 231 192 1351 44 1089 1179 1190880 -1 -1 0 0 0 0 6 6 6 4 5 6 5 3 2 3 0 0
"c8771c3c70115a17" 26 212 14 475 369 12 208 80 120 14 106 30 490 80 199627 90 4 6569 19 6123 276 30 44946 83 30 1183 1179 1190881 -1 -1 0 0 0 0 8 8 9 7 8 7 4 3 4 3 0 0
"3c9e395226f4a8be" 28 90 4 153 16520 3723 476 3054 7790 80 74 7 19 5144 80 199627 16520 30 2688 77 30 3025 80 4 166 3238 28 9464 1179 1190882 -1 -1 0 0 0 0 9 8 9 8 9 8 5 4 3 3 0 0
"de936ec0e8cd7584" 22 4 51 4300 83 30 1393 80 1482 14 8071 80 199627 120 60 8912 80 120 60 70 35 223 1179 1190883 -1 -1 0 0 0 0 7 6 7 5 6 7 5 3 2 2 0 0
"74d37c9179bae333" 22 4 1267 11 120 60 208 80 6 4 153 80 199627 541 104 2601 80 11 120 150 1819 4523 1179 1190884 -1 -1 0 0 0 0 8 9 7 9 8 8 4 2 4 4 0 0
"45d14367cd8def55" 28 2539 150 8462 2725 76 80 74 5430 80 199627 44 150 1964 330 1208 19 119 4 5586 80 192 8880 60 42 4 3272 3487 1179 1190885 -1 -1 0 0 0 0 6 7 6 4 5 7 5 6 1 3 0 0
"d1b2e4f00ea98f41" 40 5391 104 30 6596 80 460 74 14798 80 199627 1120 88 83 51 7681 2270 80 120 88 1588 72 79 5834 80 199627 3814 89 44 30 3489 77 30 149 80 229 74 7400 49 14 1179 1190886 -1 -1 0 0 0 0 8 7 8 6 6 5 3 7 3 6 0 0
"3d0e6e4aae9816b0" 40 108 403 566 64 425 80 11 4 592 80 6 3814 80 199627 1514 150 600 330 5845 192 790 80 961 14 106 932 80 199627 28 290 311 42 80 550 590 20 51 1683 1237 1179 1190887 -1 -1 0 0 0 0 8 9 9 8 8 7 5 4 3 3 0 0
"dbc72b0329e02d8e" 22 32026 32026 80 566 4 44 245 6658 1883 80 199627 4017 178 14 80 2539 28 6561 80 783 928 1179 1190888 -1 -1 0 0 0 0 7 6 8 6 6 7 5 3 3 2 0 0
"8a35d7d8a9abc4ed" 24 192 3528 44 5174 90 490 80 74 7 19 1183 80 199627 20479 47719 80 200450 208 80 74 7 19 2988 1179 1190889 -1 -1 0 0 0 0 7 7 8 6 6 6 4 2 2 2 0 0
"a17c2a2ab6dae924" 35 1112 369 106 184 2502 51 3158 4830 80 199627 4 996 30 161 19 1183 770 80 200450 208 1217 80 199627 90 22958 102 74 1232 80 184 6 7 19 8379 1179 1190890 -1 -1 0 0 0 0 6 6 7 4 5 6 4 2 3 2 0 0
"4e630d907d391d25" 26 369 229 146 2980 80 255 5360 60 340 80 199627 4 2913 14 43 550 70 178 80 199375 1015 4 559 369 106 1179 1190891 -1 -1 0 0 0 0 7 7 6 4 6 6 5 2 2 3 0 0
"8989de49ab1b9f71" 26 90 51 463 77 14 547 80 788 206 369 606 28 600 80 199627 127 154 30791 83 14 80 74 7 19 4307 1179 1190892 -1 -1 0 0 0 0 6 6 7 4 5 7 4 3 2 3 0 0
"e47b611187c6bf26" 32 4 153 369 102 19 535 80 255 32 83 2651 80 199627 249 456 550 206 19 1890 80 199375 1183 4 559 550 370 80 74 7 19 4557 1179 1190893 -1 -1 0 0 0 0 6 6 6 5 6 6 4 2 3 3 0 0
"d4efd80b40541b11" 31 158 154 711 3543 90 4 127 2139 15342 80 199627 192 369 6777 4 44 90 425 16520 25738 199627 5882 83 28 4716 80 231 102 51 4044 1179 1190894 -1 -1 0 0 0 0 6 7 8 4 7 6 4 2 2 2 0 0
"2af1fcf1d3adfcdb" 28 127 28 3387 49 14 80 184 229 2659 2988 80 199627 2651 30 706 42 691 238 80 25810 352 10716 49 30 379 80 424 1179 1190895 -1 -1 0 0 0 0 7 8 7 6 7 6 5 2 3 2 0 0
"df7c3e31aeaa77d8" 35 466 78894 25204 80 1954 44 28 12751 80 199627 369 12 216 4 11 19 13 80 158 173 43 369 7 1179 199627 4 596 153 30 351 80 17815 42 3935 1179 1190896 -1 -1 0 0 0 0 7 6 8 5 7 6 4 2 2 3 0 0
"fad96bc77f3c06fa" 21 518 127 398 330 153 80 227 83 3826 80 199627 43 178 51043 80 566 184 227 768 1755 199372 1190897 -1 -1 0 0 0 0 6 6 6 5 6 5 4 6 2 4 0 0
"4aae345452eaa9c0" 26 2539 74 74 74 74 74 3037 3037 3037 3037 3037 80 199627 352 229 146 955 51 23427 119 60 102 14 80 31262 1179 1190898 -1 -1 0 0 0 0 7 8 7 5 6 7 4 2 2 2 0 0
"a56c255da0f44abd" 23 90 1057 44 61 1274 80 344 43 184 136 80 199627 249 107 2970 80 550 102 184 1043 271 259 1179 1190899 -1 -1 0 0 0 0 9 8 7 8 6 7 6 3 8 5 0 0
"2faf8ba5083a1e4e" 38 184 70 1267 630 103 1022 80 550 51 6183 80 199627 757 43 4 1330 404 80 4 229 10721 24 1179 199627 798 22 120 51 2842 208 25 80 550 102 1334 1156 3055 1179 1190900 -1 -1 0 0 0 0 7 6 7 6 6 5 4 5 3 5 0 0
"97e2b203145bb0ca" 22 9099 184 8512 80 550 102 51 554 621 80 199627 127 30 30791 83 14 80 229 74 1232 139 1179 1190901 -1 -1 0 0 0 0 6 7 6 6 6 5 4 2 2 4 0 0
"fe39e1bb86184dc4" 27 330 195 544 80 249 1334 808 1598 44 103 39 80 199627 108 403 566 64 425 80 53 1174 344 43 2167 68 394 1179 1190902 -1 -1 0 0 0 0 7 7 6 7 6 6 5 6 7 6 0 0
"c09270746ebd419e" 35 90 4 153 16520 14142 476 3054 7790 80 235019 8888 80 199627 90 20479 47719 80 536 33146 509 184 4300 25 1179 199627 9099 184 8512 80 550 102 51 554 3416 1179 1190903 -1 -1 0 0 0 0 8 7 8 6 6 5 4 2 2 4 0 0
"7595d8fbcae711ab" 50 2539 74 74 74 74 74 74 3037 3037 3037 3037 3037 80 199627 466 78894 25204 80 1954 12751 2858 16290 1179 199627 4 2913 14 43 104 60 70 178 80 166 4 13 199372 199627 550 70 178 227 275 80 1409 908 80 1258 544 1179 1190904 -1 -1 0 0 0 0 7 6 8 7 6 6 4 2 2 4 0 0
"ba3b27d6e894ffba" 26 4 1267 11 120 60 208 80 166 232 576 83 80 199627 192 58 369 6777 4 44 80 90 163 4 70 172 1179 1190905 -1 -1 0 0 0 0 6 6 6 5 6 5 4 2 2 4 0 0
"7c21c4b24e3ebf37" 38 90 16520 8302 80 154 199375 453 60 19 30 31 80 199627 4 153 369 102 19 535 80 249 369 22 299 632 1179 199627 28 290 7253 42 80 550 102 184 146 4554 1179 1190906 -1 -1 0 0 0 0 7 7 7 6 7 6 5 2 2 4 0 0
"ca256b6d8811d0b1" 33 90 1057 44 61 1274 80 344 70 184 7 80 199627 120 60 8912 80 102 51 3874 859 6140 1179 199627 4 596 153 30 351 80 234884 42 1373 1179 1190907 -1 -1 0 0 0 0 8 7 7 8 6 6 7 2 8 4 0 0
"bfcdb580d870eb29" 36 4 114 855 154 3025 80 249 184 229 658 436 80 199627 757 43 4 1330 404 80 4 1043 150 139 1179 199627 249 107 2970 80 550 102 184 1043 271 3292 1179 1190908 -1 -1 0 0 0 0 7 6 6 7 6 5 4 6 2 4 0 0
"730fc8152937b8c6" 19 32026 144 30 1778 80 234968 192 2258 80 199627 2539 28 6561 80 550 50 51 10534 1179 1190909 -1 -1 0 0 0 0 6 7 7 6 6 3 2 2 3 3 0 0
"6db0bc3fc75cd11b" 35 915 80 4 51 4300 456 4 1423 25 80 199627 369 229 146 2980 80 127 14 231 1138 80 199627 590 1120 4 83 51 7681 2270 80 11 4 90 369 1179 1190910 -1 -1 0 0 0 0 7 8 9 7 7 5 6 2 5 4 0 0
"5d80431a3f3645bf" 38 25810 80 352 10716 49 30 379 80 184 20 1418 271 1146 80 199627 127 51 1766 1890 80 590 6227 42 297 13061 80 199627 90 5882 83 28 4716 80 16520 30 6174 4044 1179 1190911 -1 -1 0 0 0 0 8 7 9 7 8 5 3 2 6 3 0 0
"1e5c55526d178139" 32 16520 192 3528 80 82 64 44 340 691 80 199627 5391 80 28 6745 146 928 80 199627 798 22 120 51 2842 208 25 80 255 83 30 782 1179 1190912 -1 -1 0 0 0 0 10 9 8 6 9 4 2 2 4 1 0 0
"2eb58e3718df0c33" 37 788 206 184 2919 80 51 463 77 14 547 80 199627 2539 150 8462 2725 76 80 330 998 19 5586 4 90 369 80 199627 158 154 711 3543 80 859 2995 90 4300 1179 1190913 -1 -1 0 0 0 0 7 8 7 8 6 3 3 5 5 8 0 0
"73ff7b4c871967d5" 38 369 153 245 398 80 330 127 3708 238 80 199627 352 229 955 51 23427 518 114 119 60 102 14 80 74 80 199627 566 4 1598 44 245 6658 1883 80 3666 19 208 199372 1190914 -1 -1 0 0 0 0 6 9 6 6 5 6 5 3 4 4 0 0
"1b6ef9cda2bdc1ce" 36 1112 369 106 102 184 2502 51 4830 80 199627 4 996 30 161 19 1183 770 30 22958 80 192 40939 80 199627 1514 150 600 330 5845 192 790 80 255 231 3274 1179 1190915 -1 -1 0 0 0 0 7 7 7 7 6 7 4 4 6 7 0 0
"fbf08ed5d6584ce1" 34 28 226 721 20 510 80 184 255 280 2283 80 199627 4 114 855 154 3025 80 859 453 4 1331 80 199627 43 178 51043 80 859 453 60 271 530 1179 1190916 -1 -1 0 0 0 0 7 7 7 7 6 6 6 4 5 6 0 0
"2d08034bf5691985" 40 184 70 1267 630 103 1022 80 27 271 29 139 80 199627 90 51 463 77 14 547 80 11 6 12 32 80 199627 369 12 216 4 80 11 19 106 1366 80 369 1267 152 1179 1190917 -1 -1 0 0 0 0 8 8 8 8 6 6 3 4 3 7 0 0
"f3ceae1fd9af67be" 50 1267 2651 30 706 42 691 238 80 184 1267 999 80 199627 4 1267 11 120 60 208 80 6 120 60 1156 150 5737 80 199627 352 229 146 955 51 23427 518 114 119 60 102 14 80 127 14 231 192 1366 80 192 544 1179 1190918 -1 -1 0 0 0 0 7 8 8 7 5 7 4 3 4 5 0 0
"ce5c7c3dd55672dd" 38 2637 80 4 153 369 32 8839 80 82 2287 192 2253 80 199627 330 195 544 80 103 275 229 255 9476 80 199627 90 16520 8302 80 184 1267 232 1618 80 146 20 4426 1179 1190919 -1 -1 0 0 0 0 6 7 9 7 8 4 3 2 5 3 0 0
"146f6c277bedea63" 37 915 80 4 51 4300 80 5268 102 30 1121 80 199627 25810 80 352 10716 49 30 379 80 229 74 3757 80 199627 466 78894 25204 80 456 184 629 144 80 70 600 1179 1190920 -1 -1 0 0 0 0 7 8 9 8 7 5 5 2 4 4 0 0
"80b4d7fcac84c0d1" 31 16520 192 3528 80 146 1267 2455 80 199627 90 20479 47719 80 255 83 271 139 80 199627 8880 60 42 4 3272 291 80 279 163 19 185 1179 1190921 -1 -1 0 0 0 0 9 8 7 5 9 4 6 3 3 1 0 0
"3ec25ae16cf6e40e" 35 2539 150 8462 2725 76 80 330 1425 19 119 4 1262 80 199627 1112 369 106 102 184 2502 30 1299 867 80 199627 369 229 146 2980 80 11 1267 32 3274 1179 1190922 -1 -1 0 0 0 0 8 9 7 7 6 6 3 4 4 6 0 0
"b2a244f604539fb0" 25 4 153 369 102 19 535 80 3360 104 28 275 80 199627 4 596 153 30 351 80 184 227 30 108 275 1179 1190923 -1 -1 0 0 0 0 6 6 5 5 6 4 3 3 4 4 0 0
"3ea45a7bc93ff47f" 31 2539 74 74 74 3037 3037 3037 3037 74 80 199627 184 70 1267 630 103 275 184 153 80 199627 192 58 369 6777 4 44 80 28 2593 1179 1190924 -1 -1 0 0 0 0 5 2 4 3 5 2 3 2 2 2 0 0
"7f08dab8aa3e1726" 45 28 226 721 20 510 80 184 6 2988 89 80 199627 32026 80 32026 80 184 216 30 3343 80 199627 4 996 30 161 518 1467 770 184 114 22958 80 199627 425 184 76 749 6096 80 74 7 19 1320 1179 1190925 -1 -1 0 0 0 0 7 7 8 5 6 7 2 3 5 4 0 0
"d89c83b1e5593d9e" 42 90 4 153 16520 234901 603 476 3054 7790 80 199627 541 44 103 275 104 192 2601 80 74 7 19 3593 80 199627 566 4 44 245 14444 6658 1883 80 199627 768 1598 44 30 1299 831 3403 199372 1190926 -1 -1 0 0 0 0 9 8 7 6 6 3 2 2 2 3 0 0
"6d2910ff005cdec1" 38 90 859 1057 44 61 1274 80 199627 563 456 1334 831 90 9477 80 199627 4 2913 14 43 550 70 178 80 199627 199375 1183 4 49 103 5882 83 28 4716 80 74 5430 1179 1190927 -1 -1 0 0 0 0 9 9 7 8 7 2 8 2 9 3 0 0
"94560f7be049e267" 21 804 51 883 80 16520 40589 4882 80 199627 1093 4672 1630 77 28 17410 80 344 559 369 390 1179 1190928 -1 -1 0 0 0 0 8 5 6 5 3 4 2 2 2 3 0 0
"a93ae353c07427ad" 49 158 4 119 14 1262 80 16520 102 51 28448 80 199627 199375 1368 4 102 24439 80 344 559 199375 4758 199627 30 2602 90 9096 80 90 58 199375 5845 60 42 80 199627 90 630 4 806 43 4 23971 370 19 453 14 8866 1179 1190929 -1 -1 0 0 0 0 7 8 6 9 7 4 4 2 3 4 0 0
"abbdf8b99ef477ce" 24 43 104 60 49 4 80 255 12146 14 7387 80 199627 90 425 16520 64 36 150 12486 80 2952 30 6588 1179 1190930 -1 -1 0 0 0 0 6 4 3 5 3 2 3 3 4 5 0 0
"77fc60af82a43221" 31 369 127 30 4133 80 369 127 28 646 44 887 80 199627 249 234968 17 509 19869 509 60 786 80 199627 1112 891 208 163 1042 77 474 1179 1190931 -1 -1 0 0 0 0 9 8 7 7 7 6 4 2 4 2 0 0
"86aa4872c00ba83e" 46 4 153 16520 200456 10525 2505 30 608 10525 80 199627 223 369 563 283 89 83 28 6273 80 2358 80 199627 90 127 30 34515 19 232 14 1608 44 297 1877 80 199627 249 808 369 3821 90 166 22268 19 535 1179 1190932 -1 -1 0 0 0 0 8 7 6 9 6 4 4 6 3 4 0 0
"5ef07d9ff137a566" 28 53 1174 51 304 127 51 216 80 199375 20 932 80 199627 161 511 4326 83 28 1264 80 344 527 80 74 7 19 2919 1179 1190933 -1 -1 0 0 0 0 7 6 5 7 4 3 3 2 3 3 0 0
"7e4bc6bdd0b0987d" 22 212 51 6225 80 200450 3569 103 1325 80 199627 90 629 406 83 103 275 257 80 4 90 14 1179 1190934 -1 -1 0 0 0 0 6 5 7 6 5 4 3 4 6 5 0 0
"46c6d7a427f01d59" 24 184 208 236161 80 1564 36 30 176 80 199627 44 51 39 475 192 234 566 1043 80 114 184 563 14596 199372 1190935 -1 -1 0 0 0 0 7 6 6 5 4 3 3 4 4 7 0 0
"8192ca9ccf9d0ac7" 47 153 28 828 232 14 1608 144 30 1237 80 199627 90 158 60 263 174 1899 80 5943 638 14 6392 80 199627 200449 44 103 275 80 4 1267 96 245 1541 80 199627 90 153 154 20857 1482 451 4 44 103 2469 1179 1190936 -1 -1 0 0 0 0 8 8 6 7 6 4 3 3 6 6 0 0
"40bcdc6e5976bb27" 25 4 12 222 160 80 4 71 1629 150 24 80 199627 200449 44 30 28004 80 229 74 7598 236162 105 80 5085 1179 1190937 -1 -1 0 0 0 0 7 5 6 6 4 3 2 6 2 4 0 0
"dbce70df5414bddb" 43 369 1267 879 51 1132 867 80 199627 200449 103 275 229 15852 14 474 80 550 70 1262 80 199627 80293 5985 83 28 246 80 166 120 208 80 199627 709 1024 7064 406 30 1381 80 425 369 153 1179 1190938 -1 -1 0 0 0 0 6 5 4 6 3 3 3 2 3 4 0 0