"7a6753a1d3a8578e" 36 4 944 96 60 44 4 80 1364 89 415 80 199627 1031 16520 1850 102 51 4071 129 80 70 28 5549 622 80 199627 277 19 278 66 68 7400 49 28 4937 1179 1190939 -1 -1 0 0 0 0 4 6 7 6 5 3 2 4 3 6 0 0
"c0548301ac0b68e3" 31 22837 80 28 129 80 120 14 421 4 4593 80 199627 1015 14 1024 80 43 4 70 178 199372 199627 352 590 460 14 541 80 74 5430 1179 1190940 -1 -1 0 0 0 0 8 9 9 7 8 6 3 4 7 6 0 0
"69f50f1ab8a927e1" 22 3149 3101 80 1334 2139 42 44 103 4633 80 199627 227 166578 102 5252 80 74 3569 80 74 2644 1179 1190941 -1 -1 0 0 0 0 7 5 6 5 6 4 1 8 4 5 0 0
"432edc5fc2a0b64c" 34 768 107 511 513 11 51 10806 3635 80 199627 425 16520 590 453 4 1394 80 3815 150 378 80 199627 90 4522 102 1160 80 74 161 114 16460 271 3635 1179 1190942 -1 -1 0 0 0 0 7 6 9 6 6 7 6 4 6 6 0 0
"c44ccbbd3f746553" 27 184 492 60 83 271 29 80 735 70 5099 80 199627 158 60 6133 80 859 1747 144 80 1334 17 18 77 30 13062 1179 1190943 -1 -1 0 0 0 0 9 8 6 7 8 6 1 4 6 7 0 0
"20adfe288cb4c8c3" 39 4 558 20 6912 44 4994 80 74 7 36 1568 80 199627 90 425 1334 5804 89 30 14419 80 10716 49 23862 80 199627 481 206 44 80 453 60 4597 80 1334 2441 271 2331 1179 1190944 -1 -1 0 0 0 0 8 7 8 6 7 7 3 4 5 6 0 0
"f873e521c6bb4387" 36 2539 537 80 6116 6116 80 1334 12955 60 42 80 199627 30470 80 24182 60 340 80 74 7 19 567 80 199627 1024 150 61 80 550 70 184 7 80 550 527 1179 1190945 -1 -1 0 0 0 0 9 8 7 7 9 6 4 3 7 5 0 0
"d959a70d800b23a0" 21 184 1274 80 279 114 1062 770 1050 80 199627 576 517 257 80 1334 146 172 44 271 1663 1179 1190946 -1 -1 0 0 0 0 9 8 5 6 7 5 2 4 9 8 0 0
"2af6e412d1832d5f" 21 157531 80 166 637 212 14 89 80 199627 4 114 293 103 28 554 711 80 43346 28 5228 1179 1190947 -1 -1 0 0 0 0 8 7 7 6 7 7 3 3 5 5 0 0
"684e932eb1bd20b4" 36 51 1132 7709 80 1334 1409 271 908 80 199627 558 369 120 208 80 768 638 83 19 297 36865 199372 199627 146 120 275 283 4 89 80 232 3846 80 60 786 1179 1190948 -1 -1 0 0 0 0 6 6 7 7 7 5 2 6 7 6 0 0
"88cfd110b18bfe96" 40 290 229 629 408 28 5451 80 1334 83 51 1132 47 80 199627 146 484 51 231 102 103 80 1334 27156 30 13176 80 199627 4 185 4 996 2173 80 249 859 146 212 51 12360 1179 1190949 -1 -1 0 0 0 0 5 6 7 6 6 6 4 7 6 6 0 0
"d459ccbb62e01296" 22 3411 35367 4 102 150 10836 3391 80 199627 249 6 283 10649 80 32 192 1590 80 6 20 2780 1179 1190950 -1 -1 0 0 0 0 6 6 6 7 6 7 2 3 4 5 0 0
"233dd1c3b340d2c1" 33 70 28 61 80 16520 18152 60 19 4 80 199627 474 425 4 757 102 173 231 622 80 199627 154 16520 5076 749 4017 60 144 80 43 19 119 1179 1190951 -1 -1 0 0 0 0 6 6 6 7 5 7 3 3 6 5 0 0
"1305dc4b90bacdbf" 35 4742 104 70 369 13 80 249 154 229 30 176 80 199627 100 60 42 80 232 1618 1619 80 453 21088 80 199627 184 195 144 88842 80 90 184 808 41 1179 1190952 -1 -1 0 0 0 0 4 5 6 6 6 4 1 6 6 6 0 0
"b094419d2960c965" 49 12412 28771 80 709 3680 44 271 1742 80 199627 637 835 14 102 4 153 14 80 344 74 1026 80 199627 158 4 3262 19 232 60 340 80 4 114 1895 49 14 80 199627 1334 44 103 257 80 607 80 3386 36 2935 1179 1190953 -1 -1 0 0 0 0 7 8 6 6 7 5 2 5 8 7 0 0
"04e3972ca57ca038" 40 114 4 27 14 51 1022 19 1678 80 199627 51 3914 16408 475 369 114 3759 199372 199627 200449 550 30 443 1146 154 961 14 106 932 80 199627 456 30 3454 104 574 14 70 1237 1179 1190954 -1 -1 0 0 0 0 7 9 7 8 7 8 2 3 4 7 0 0
"e8270180ff41ccf4" 24 70 77 51 17054 330 12 1183 14 61 80 199627 369 239 550 200449 16520 458 49 297 14767 33130 42 549 1179 1190955 -1 -1 0 0 0 0 8 9 6 9 7 6 3 2 3 3 0 0
"280a3a0c92610ee5" 23 1015 14 1024 80 242 369 83 150 34 199372 199627 200449 16520 763 4 70 28 61 80 70 30 206 1179 1190956 -1 -1 0 0 0 0 6 7 8 7 8 8 3 2 8 6 0 0
"de8774b4031542ab" 22 1267 481 44 30 206 80 1267 453 5269 80 199627 22837 80 200450 283 2715 80 200450 707 297 2568 1179 1190957 -1 -1 0 0 0 0 6 6 7 6 5 5 2 4 4 5 0 0
"674805f7b33d6e78" 46 184 195 144 541 80 788 1138 90 1779 80 199627 227 166578 102 5252 80 146 6802 208 1179 199627 249 4 185 173 2173 80 90 369 166 1828 4 80 199627 199375 232 3846 144 200449 344 43 369 3373 19 119 1179 1190958 -1 -1 0 0 0 0 7 8 8 7 7 6 2 4 6 6 0 0
"e07c856c69931682" 25 369 6 283 10649 80 369 32 192 1590 80 199627 590 100 60 70 80 453 30 526 77 788 1605 49 4 1179 1190959 -1 -1 0 0 0 0 6 7 7 7 6 5 2 3 6 7 0 0
"d1a4bf431a2caf07" 34 158 4 3262 19 232 60 340 80 58 4 114 1895 49 14 80 199627 90 199375 460 4 70 28 61 80 90 70 28 5549 622 80 166 4 13 199372 1190960 -1 -1 0 0 0 0 7 8 7 7 8 6 4 2 8 6 0 0
"8c5624d21d53f616" 36 127 30 1180 42 80 5379 44 30 128 80 199627 6433 144 103 3101 80 249 150 61 104 43 199374 956 80 199627 1024 80 173 30 1428 369 232 1617 709 134 1179 1190961 -1 -1 0 0 0 0 8 9 8 8 7 6 3 3 8 7 0 0
"07e2cf5ec13012b5" 31 291 80 16520 20436 80 1850 102 51 4071 129 80 199627 157531 80 369 6 7 74 6181 80 227 275 83 28 29 1592 80 369 185 456 1179 1190962 -1 -1 0 0 0 0 6 5 6 5 4 8 2 5 3 3 0 0
"a772af8db2a37c84" 42 352 590 460 14 541 90 511 80 199627 107 511 513 11 51 10806 83 30 1307 1179 199627 90 749 369 242 80 4017 60 144 80 199627 6802 382 212 520 80 537 80 344 43 369 119 1179 1190963 -1 -1 0 0 0 0 6 6 7 6 6 5 4 3 6 4 0 0
"1b01b5cc60ddc94a" 38 158 60 6133 456 16520 172 80 1015 14 386 80 199627 70 77 51 17054 80 330 12 20 25 28 319 1179 199627 114 4 27 14 51 3914 16408 80 192 369 114 1678 199372 1190964 -1 -1 0 0 0 0 7 8 7 8 7 7 3 4 4 6 0 0
"cb1e8654de78ae39" 24 369 990 4 61 1274 80 144 30 8888 90 16631 80 199627 257 859 4522 102 1160 80 2530 103 3162 573 1179 1190965 -1 -1 0 0 0 0 7 8 7 7 8 5 2 3 9 7 0 0
"a1d7e831bb26b756" 48 637 835 14 102 4 119 80 4 13 474 144 80 199627 4742 104 70 369 13 80 1133 16520 49 4 1179 199627 425 1334 458 89 30 14419 80 30 388 902 80 199627 200450 453 103 271 1742 80 200450 453 60 21715 1179 1190966 -1 -1 0 0 0 0 8 9 9 8 7 6 4 4 7 8 0 0
"fcbb69e6b0799add" 50 4 114 293 103 28 554 711 80 28 18743 80 28 8948 80 199627 146 120 275 283 4 89 80 232 3846 144 6041 1179 199627 200449 4 185 173 2173 80 249 199375 20 474 749 80 199627 576 150 1741 80 280 144 271 1542 1179 1190967 -1 -1 0 0 0 0 8 9 9 7 7 5 3 3 6 7 0 0
"15572353247a4121" 53 474 425 4 757 102 243 6304 80 249 369 153 71 80 199627 2539 537 80 6116 6116 743 80 184 1267 3464 257 1179 199627 90 749 369 242 80 4017 60 144 80 173 28 541 80 199627 28 246 1376 36 4 80 4 453 28 1819 879 1179 1190968 -1 -1 0 0 0 0 7 8 9 7 7 6 3 3 6 6 0 0
"7c545ba0b038650c" 28 1334 1598 44 51 3477 80 227 102 510 10863 80 199627 249 558 369 460 42 90 11 120 208 77 70 28 6345 90 908 199372 1190969 -1 -1 0 0 0 0 6 8 7 6 7 6 5 5 7 6 0 0
"078c0af10290fe63" 47 6116 11439 12955 80 537 184 127 60 70 80 199627 90 184 4522 102 1160 80 563 456 1334 231 52 1179 199627 4 185 173 2173 80 249 184 146 24 89 80 199627 285 103 275 184 6140 104 1030 788 1043 5228 1179 1190970 -1 -1 0 0 0 0 9 9 10 9 9 8 6 5 8 7 0 0
"1caa751566cf47da" 41 1618 44 4994 80 2441 74 128 80 199627 290 229 408 271 5451 80 330 166 1525 770 89 1179 199627 146 2326 103 139 223 80 166 3380 80 199627 271 3162 257 80 1334 231 192 1138 1179 1190971 -1 -1 0 0 0 0 7 8 7 5 6 6 5 6 6 6 0 0
"8ba06b6a2bc10db6" 45 1015 14 1024 80 119 4 12 1895 199372 199627 11 100 60 42 90 200450 212 103 1237 1179 199627 184 6 7 637 80 2167 596 650 80 199627 285 184 492 60 749 80 83 271 29 80 537 2167 5623 1179 1190972 -1 -1 0 0 0 0 8 9 9 7 8 7 6 5 8 6 0 0
"d3b41664a401ce4f" 25 184 407 408 51 1132 7709 80 550 33 80 199627 249 425 70 28 5549 80 966 622 80 11 102 28 721 1179 1190973 -1 -1 0 0 0 0 5 6 6 6 5 6 5 4 6 5 0 0
"64448b242d03b85a" 23 22837 2743 4 127 14 44 51 3480 80 199627 166 4 13 80 173 255 574 14 80 586 51 972 1179 1190974 -1 -1 0 0 0 0 7 8 7 6 7 8 5 4 6 4 0 0
"18ada13e8b44aaa2" 52 859 20 257 80 1274 90 51 621 80 199627 90 859 553 49 271 14767 33130 80 1409 271 908 271 139 1179 199627 158 173 89 19 232 60 340 80 58 629 1895 49 14 80 199627 285 859 5826 271 29 47 80 11 4 90 14 1179 1190975 -1 -1 0 0 0 0 9 9 9 8 9 8 6 6 8 7 0 0
"efd9756beec03b1c" 44 103 104 12412 28771 80 1334 2441 271 7536 80 199627 184 558 20 1618 44 4994 80 2441 271 29 17981 1179 199627 90 859 20 257 80 144 5746 90 5745 80 199627 184 1274 80 859 146 120 60 176 1179 1190976 -1 -1 0 0 0 0 8 9 8 7 8 6 5 5 7 6 0 0
"1dba9447dbe52a6f" 24 4 944 96 60 44 4 80 103 1749 415 80 199627 90 425 16520 590 453 4 1394 80 2911 150 34 1179 1190977 -1 -1 0 0 0 0 6 7 7 6 6 8 6 5 7 5 0 0
"6f846d06abc0096f" 47 199375 146 278 154 369 61 1274 80 199627 90 859 1082 30 1180 42 80 24506 20 271 3751 1179 199627 44 30 4225 90 192 1590 80 229 74 2891 425 80 199627 271 61 90 271 3769 80 550 43 550 70 178 1179 1190978 -1 -1 0 0 0 0 9 9 9 8 8 7 5 5 8 7 0 0
"6ff22acc7bdab377" 25 290 229 408 271 5451 80 330 6 2718 80 199627 249 859 146 120 275 283 770 89 80 859 453 51 41 1179 1190979 -1 -1 0 0 0 0 7 6 6 5 6 6 5 6 5 6 0 0
"a42340d1da4c222f" 31 90 60 11336 43 369 136 391 33 80 184 492 60 749 83 271 29 80 199627 4742 1866 5459 770 80 249 859 146 120 60 20 5623 1179 1190980 -1 -1 0 0 0 0 8 9 8 6 7 5 5 6 6 5 0 0
"c4508f5faef7caba" 27 49 271 14767 33130 25 271 319 80 279 114 208 1262 80 199627 90 60 961 14 106 932 80 103 104 475 184 7842 1179 1190981 -1 -1 0 0 0 0 9 8 9 8 8 6 6 5 7 6 0 0
"59f69e08e3d4306c" 22 114 4 27 14 3914 16408 80 44 150 3653 1494 80 199627 1024 150 61 80 550 28 13606 4595 1179 1190982 -1 -1 0 0 0 0 9 8 8 7 8 5 7 5 8 6 0 0
"ddd7169bf8d403eb" 32 386 817 383 12 20 3336 80 19 3569 8 2602 90 7387 199372 199627 249 22837 2743 798 835 30 962 80 1767 68 144 30 3149 3101 77 275 1179 1190983 -1 -1 0 0 0 0 7 8 7 8 6 8 5 8 5 7 0 0
"1eb6a62a789d0035" 22 158 184 166 20 5178 80 184 166 20 7343 80 199627 710 11008 80 710 3154 80 184 166 6081 1179 1190984 -1 -1 0 0 0 0 5 8 7 7 5 3 5 3 8 5 0 0
"45da085741c9ed00" 14 2284 236163 576 770 24 80 199627 161 324 8657 857 184 3055 1179 1190985 -1 -1 0 0 0 0 3 6 8 7 4 4 3 9 4 8 0 0
"1764d427ed7de1f0" 18 103 104 43 369 601 136 80 199627 249 550 174 2780 80 166 20 8752 253 1179 1190986 -1 -1 0 0 0 0 6 6 5 7 5 6 5 4 4 5 0 0
"139702de11d45927" 24 184 879 36 30 1062 80 120 271 1820 490 80 199627 127 30 24120 80 1334 11 277 19 120 60 208 1179 1190987 -1 -1 0 0 0 0 7 9 7 8 6 6 6 5 9 6 0 0
"411ee227ddd6187c" 23 4 13 43 154 61 711 119 318 80 199627 291 16520 51 6328 80 127 51 1088 908 19 12470 318 1179 1190988 -1 -1 0 0 0 0 6 7 7 8 6 7 8 2 7 6 0 0
"5834a04e83ee51db" 28 70 42 44 51 1132 4225 80 2441 28 29 47 80 199627 369 11 251 4 19 153 80 369 127 279 19 1678 768 3394 1179 1190989 -1 -1 0 0 0 0 4 6 6 6 5 6 5 7 3 6 0 0
"3f400afae07684e8" 22 4 153 369 460 51 2505 178 4 1231 621 80 199627 90 10388 44 36 30 836 80 6 436 1179 1190990 -1 -1 0 0 0 0 8 8 6 6 7 6 6 4 8 5 0 0
"92ef8eb4f7991064" 27 481 51 4071 161 44 30 1597 80 120 30 531 8980 80 199627 36 30 61 77 28 275 80 1444 28 4118 90 30852 1179 1190991 -1 -1 0 0 0 0 6 7 6 7 6 5 5 7 9 6 0 0
"4b029e2531eedcb9" 21 161 324 8657 4900 80 184 229 18 19 4928 80 199627 528 234887 102 23679 80 229 74 4837 1179 1190992 -1 -1 0 0 0 0 4 6 9 8 4 3 2 7 3 7 0 0
"571bdc09726e4811" 37 184 30 634 743 80 229 74 161 10721 606 80 199627 465 465 465 465 80 71 5712 768 860 20 6226 80 199627 453 60 54598 80 4 6 12 4633 49 271 13605 1179 1190993 -1 -1 0 0 0 0 7 6 8 8 5 5 5 4 4 7 0 0
"6c56780842b66b59" 28 127 154 26393 83 28 15629 80 747 19 208 72 80 199627 369 11 7 51 2651 80 120 30 3455 490 90 29104 150 17479 1179 1190994 -1 -1 0 0 0 0 5 5 7 6 6 5 7 4 4 4 0 0
"4400a6e68ce4f4a7" 42 90 297 4484 3699 80 249 271 1663 566 8054 80 199627 153 184 255 232 60 340 80 74 7 36 97 5586 80 199627 90 185 8507 80 456 184 2934 44 30 1883 80 184 1525 30 3487 1179 1190995 -1 -1 0 0 0 0 4 6 7 8 5 6 5 5 8 6 0 0
"21aa4162edf6046a" 23 537 184 6021 80 747 36 30 2919 80 199627 90 158 369 27 286 80 352 389 535 60 42 474 1179 1190996 -1 -1 0 0 0 0 3 4 6 7 5 4 8 5 3 6 0 0
"33855b08d1dc547e" 31 158 4 153 30 139 19 622 80 4 153 559 550 370 80 199627 344 559 4 208 76 80 49 5174 90 4595 80 17 83 30 855 1179 1190997 -1 -1 0 0 0 0 5 5 6 6 7 4 5 6 8 6 0 0
"c38048f9634a9fef" 21 4 391 8465 80 49 150 1954 4355 80 199627 2596 147 6174 790 80 184 13 144 150 6398 1179 1190998 -1 -1 0 0 0 0 5 6 6 6 5 5 3 7 4 7 0 0
"a8c1fa005eda3b76" 24 192 234 351 83 14 80 1267 32 4300 80 199627 90 4 153 103 1024 915 12 20 28 1895 768 222 1179 1190999 -1 -1 0 0 0 0 6 7 9 7 8 1 6 1 7 1 0 0
"4fb614849e10b6a6" 27 369 229 1267 355 150 61 80 550 255 33 80 199627 4 153 103 1024 915 20 231 14 80 344 70 369 1267 119 1179 1191000 -1 -1 0 0 0 0 8 9 6 7 7 2 7 1 7 4 0 0
"019839491a9c0738" 49 90 184 30 6431 1415 80 6 4 13 199372 199627 2802 80 718 80 537 344 70 83 14 1179 199627 136 369 844 630 4 622 80 249 4 153 344 51 3757 80 199627 200449 173 28 1895 768 222 80 199375 146 185 910 1179 1191001 -1 -1 0 0 0 0 8 9 9 9 7 8 7 1 7 7 0 0
"f9ef272573e298b8" 22 90 956 76 559 19 4557 103 706 80 199627 352 1872 60 102 51 4233 4371 80 510 90 14043 1179 1191002 -1 -1 0 0 0 0 4 5 4 5 6 4 6 3 3 2 0 0
"e472caa837346f2a" 19 4580 114 4 7794 51 3887 199372 199627 158 443 369 56 8479 70 150 4743 44 206 1179 1191003 -1 -1 0 0 0 0 3 4 2 5 3 4 4 4 5 6 0 0
"fb449a792b5439e4" 54 4 13 43 154 61 711 119 19 318 80 550 4839 90 510 80 199627 249 369 11 251 4 19 153 80 860 255 20 28 3884 1179 199627 2802 80 718 80 537 344 11 559 184 553 80 199627 229 234836 590 632 770 80 859 255 96 520 1179 1191004 -1 -1 0 0 0 0 8 9 9 9 8 2 8 6 8 7 0 0
"c3149a42ffe1f6c6" 48 291 80 16520 51 6328 80 344 11 559 369 242 80 199627 528 234887 102 23679 80 229 234836 590 632 103 7612 1179 199627 192 453 60 54598 80 283 83 150 1059 80 199627 200449 103 235375 590 96 4 13792 19 30 2651 1179 1191005 -1 -1 0 0 0 0 5 6 9 6 5 4 4 2 5 3 0 0
"54f9ba8f68cf6303" 50 90 184 30 6431 1415 80 1334 586 451 30 706 80 199627 90 297 4484 3699 80 5943 146 20 30 1299 1179 199627 369 7 51 2651 80 107 19 656 19 80 199627 200449 456 16520 83 30 10270 80 848 229 234836 369 166 119 1179 1191006 -1 -1 0 0 0 0 8 9 8 9 7 5 5 2 5 4 0 0
"3f2f3685e1f8242b" 51 2284 6539 80 120 770 208 80 184 229 299 590 222 80 199627 235019 51 1088 908 80 859 3737 36 30 1121 1179 199627 90 185 8507 19 30 1415 80 200449 1334 749 19 32 80 199627 229 234836 590 632 770 80 859 27 51 139 1179 1191007 -1 -1 0 0 0 0 9 8 8 8 7 4 5 2 6 5 0 0
"9eeaef04fbda9e01" 46 90 956 76 559 19 4557 103 275 80 453 60 271 29 80 199627 344 559 4 208 76 80 860 146 20 172 1179 199627 127 30 24120 80 200470 89 80 199627 229 234836 590 632 770 80 184 29 103 3057 1179 1191008 -1 -1 0 0 0 0 7 6 7 7 5 3 4 2 3 4 0 0
"9077b6c96d4082a3" 28 6 20 234882 406 49 74 3889 291 80 344 11 17 474 80 199627 192 234 351 83 14 80 199375 255 4300 1138 44 2425 1179 1191009 -1 -1 0 0 0 0 7 6 9 6 8 1 6 2 5 2 0 0
"3f481d7bb47fb481" 23 710 11008 80 710 19778 80 234965 6946 80 199627 161 324 8657 4547 80 859 146 632 80 859 146 20213 1179 1191010 -1 -1 0 0 0 0 5 6 6 5 5 3 4 3 4 3 0 0
"d51172db6b21c622" 48 158 330 251 60 89 80 859 2995 19 30 31 80 199627 481 51 4071 161 44 30 1597 80 6 299 632 1179 199627 12 20 382 1191 80 344 11 559 369 20 80 199627 166 637 632 770 80 859 255 20 544 1179 1191011 -1 -1 0 0 0 0 6 5 8 6 6 2 6 3 6 3 0 0
"e572b100cc5ef625" 52 4 391 8465 80 249 369 974 1841 30 4355 80 199627 127 154 26393 83 28 15629 80 74 7 19 3604 1179 199627 136 369 844 630 4 622 80 249 369 166 563 152 80 199627 200449 456 16520 49 4 80 369 106 102 369 114 4300 1179 1191012 -1 -1 0 0 0 0 8 8 8 7 7 4 5 2 6 5 0 0
"c4241abf4b1ace61" 31 330 166 232 770 1050 80 859 255 27 51 139 80 199627 90 103 104 43 369 558 96 299 136 80 249 425 550 174 2780 19 11456 1179 1191013 -1 -1 0 0 0 0 7 7 7 6 6 4 5 3 6 4 0 0
"1ddd63e42b859886" 39 28 234826 68 1902 80 249 60 114 20 8752 253 80 199627 158 369 27 54 2555 5283 80 5942 7825 603 252 11617 80 199627 4 153 30 1024 915 231 14 80 6 4 13 199372 1191014 -1 -1 0 0 0 0 8 9 9 7 7 8 6 3 5 4 0 0
"c02df6053cd8c497" 42 161 621 199375 2718 386 369 484 19 3652 30 2602 80 199627 249 36 425 80 16520 44 51 1132 4225 80 11 1409 4275 80 199627 465 465 465 465 80 235848 4180 80 344 28 10732 90 1428 1179 1191015 -1 -1 0 0 0 0 6 7 8 8 6 7 9 5 6 6 0 0
"ee1c237a2ae19995" 20 199375 879 36 788 1062 199374 2725 80 199627 200449 184 30 634 743 80 184 22 20 8386 1179 1191016 -1 -1 0 0 0 0 9 7 6 8 7 8 4 4 4 5 0 0
"5a4d0778fbd86a94" 24 199375 10388 866 30 3399 102 51 3533 147 80 199627 90 153 184 255 232 60 340 80 74 1539 559 633 1179 1191017 -1 -1 0 0 0 0 8 8 7 7 6 8 5 4 5 5 0 0
"a1e1389844a0d529" 38 537 80 184 6021 80 3847 36 271 908 80 199627 369 460 51 2505 178 4 788 897 621 80 60 786 80 199627 352 1872 60 102 51 4233 4371 80 2441 5269 90 4502 1179 1191018 -1 -1 0 0 0 0 7 7 8 9 5 6 8 6 3 7 0 0
"c5e9b3cee7125d66" 39 369 166 355 150 61 80 344 17 30 139 80 199627 249 425 16520 27302 42 44 30 7723 80 279 114 11456 80 199627 120 14 707 60 89 36 4 80 421 43 369 185 1179 1191019 -1 -1 0 0 0 0 5 7 9 8 7 5 6 6 4 6 0 0
"094c660288c1cb71" 44 4 13 43 154 61 711 817 80 550 51 706 80 199627 249 16520 42 44 51 1132 4225 80 1409 4275 80 199627 158 4 153 30 139 19 622 80 629 49 14 80 200450 119 103 257 80 5191 1179 1191020 -1 -1 0 0 0 0 6 8 8 7 7 5 7 5 5 6 0 0
"6fc3f3028ef040c7" 26 158 443 369 56 8479 150 4743 80 1525 2203 19 150 1051 80 199627 4 4522 102 51 2596 147 80 1503 150 7536 1179 1191021 -1 -1 0 0 0 0 8 7 6 7 7 4 6 6 6 7 0 0
"8123b96b05e97b45" 29 173 30 61 77 28 275 80 28 246 1376 36 4 80 199627 249 4580 114 4 7794 51 3887 80 369 7 60 80 550 33 1179 1191022 -1 -1 0 0 0 0 7 8 7 6 7 4 5 5 7 6 0 0
"8bd0f82eb3f10eb3" 27 158 330 251 60 89 80 199375 1525 603 19 8 6273 80 199627 127 30 24120 44 28 1741 80 200450 531 80 200450 2358 1179 1191023 -1 -1 0 0 0 0 6 7 8 8 6 7 7 6 3 5 0 0
"4c62b94c3e2200f3" 38 2284 6539 80 330 1310 330 56 638 770 24 80 199627 249 120 770 208 90 859 146 757 24 80 199627 859 879 36 30 6763 90 630 804 30 8465 80 344 51 6183 1179 1191024 -1 -1 0 0 0 0 7 8 8 9 5 5 7 4 4 8 0 0
"87ae97ae84485e8b" 38 369 127 51 1088 908 80 200450 453 603 629 33 80 199627 6032 234887 102 23679 80 249 859 707 144 80 199627 200449 184 30 634 743 80 74 161 114 119 43 184 119 1179 1191025 -1 -1 0 0 0 0 9 9 9 8 6 7 4 5 6 7 0 0
"3690c2be8eabd537" 35 330 166 232 770 1050 80 271 4830 104 174 3274 80 199627 1334 30 306 1415 80 200450 4033 603 1262 80 199627 10388 44 36 30 999 80 200450 879 271 867 1179 1191026 -1 -1 0 0 0 0 8 9 8 8 7 7 5 4 5 6 0 0
"5e74755d3a4408ac" 40 1663 114 20 8752 253 80 344 43 330 185 80 199627 249 369 7 51 2651 80 19 283 14 144 30 621 80 199627 249 369 136 199373 630 4 622 80 192 344 475 199375 32 1179 1191027 -1 -1 0 0 0 0 7 6 7 6 6 5 4 4 6 5 0 0
"0437484d5cea2b80" 40 710 11008 80 710 19778 80 344 28 1742 80 199627 158 443 369 56 8479 150 4743 80 453 60 878 38867 80 199627 344 559 4 208 76 80 1503 51 7536 80 44 70 150 4133 1179 1191028 -1 -1 0 0 0 0 7 7 6 6 7 5 6 6 6 8 0 0
"71348eedd2544d7f" 46 90 297 4484 3699 80 74 4869 19 9213 80 199627 249 184 956 76 559 19 4557 60 90 283 154 4139 80 199627 192 453 60 54598 80 235049 77 30 3285 80 199627 1267 283 154 4178 80 74 1883 36 14798 1179 1191029 -1 -1 0 0 0 0 7 6 9 8 9 6 3 1 4 2 0 0
"2353ba09d5e95159" 45 13 88 44 30 4258 80 18712 19 27746 1995 80 199627 74 161 299 18105 80 5375 962 19 271 1542 80 199627 150 490 192 11635 80 550 76 77 103 39 80 199627 2441 259 5814 80 249 173 808 10611 1179 1191030 -1 -1 0 0 0 0 6 7 6 7 8 7 3 5 4 6 0 0
"a5788f21023ee526" 56 386 4 12 1320 178 60 70 30 206 80 20 192 2283 80 199627 4 153 369 844 106 60 158 4 1302 49 150 246 80 17 30 530 80 199627 318 1267 12 999 80 481 44 154 1209 80 199627 166 11 1320 30 1320 80 1183 14 43 173 1030 1179 1191031 -1 -1 0 0 0 0 6 7 5 6 7 8 4 3 5 3 0 0
"ef5c310225f2db65" 50 14144 70 30 2602 44 30 39 80 60 961 14 4783 80 199627 249 158 184 114 18925 60 80 1009 184 114 3710 80 199627 54 5283 24 42 80 90 453 107 554 80 199627 344 43 184 119 80 456 275 14896 770 8531 36522 1179 1191032 -1 -1 0 0 0 0 8 6 7 9 8 6 2 6 8 9 0 0
"c7c35a2ce84623cd" 23 120 60 4523 80 120 60 490 80 199627 1031 297 290 32 1317 80 199627 184 32 7467 80 146 38318 1179 1191033 -1 -1 0 0 0 0 7 8 9 7 9 8 3 2 4 1 0 0
"96a5b9445e6b27e4" 28 127 30 4133 80 249 4 120 30 1262 304 283 3528 80 199627 1031 184 32 42 44 271 622 15501 80 17815 42 709 2455 1179 1191034 -1 -1 0 0 0 0 9 8 7 8 6 9 4 2 3 6 0 0
"23d10401efe942c4" 43 127 28 29470 1795 6174 44 30 876 80 199627 1031 297 5156 2268 290 166 283 2714 80 199627 11373 352 844 185 80 235672 154 2098 104 236164 80 199627 90 199375 11 3755 80 4018 16520 83 7670 2861 1179 1191035 -1 -1 0 0 0 0 9 8 9 8 6 7 4 2 5 3 0 0
"ebf6b95cdc73b522" 48 4 974 150 972 19 836 80 249 369 808 41 80 199627 127 27693 83 28 12734 80 10704 49 74 30363 80 199627 90 30 39 154 394 4 19 20 51 129 80 199627 166 638 51 8871 19 103 1749 44 28 1741 1179 1191036 -1 -1 0 0 0 0 9 8 6 7 8 8 3 3 5 7 0 0
"94109af015d325ee" 23 962 20 394 80 184 44 60 36 30 722 706 80 199627 192 629 212 51 1817 80 9046 103 4275 1179 1191037 -1 -1 0 0 0 0 8 7 6 7 7 6 2 5 4 5 0 0
"d41cee7dca4a61e3" 54 60 20 26400 80 127 4 231 245 619 77 139 80 199627 4 185 154 16520 51 12137 80 249 173 30 161 277 19 436 80 199627 120 14 89 80 1629 14 629 24 973 509 3274 80 199627 229 74 2755 10894 735 14 378 299 119 14 1262 1179 1191038 -1 -1 0 0 0 0 7 8 8 7 8 8 3 2 4 6 0 0
"8763277569b7cdc1" 53 158 369 96 19 1628 4 89 90 1015 4 559 60 104 80 199627 4 166 3756 49 70 150 4355 80 550 823 19 1057 80 199627 249 120 14 32 749 36 11 161 511 1237 80 199627 90 859 453 60 144 80 234968 590 20 70 474 1179 1191039 -1 -1 0 0 0 0 8 8 7 6 7 8 3 4 5 3 0 0
"b0f8a8e0dcfc81ac" 49 283 245 4178 408 150 291 80 344 11 559 184 1057 80 199627 90 70 28 1214 35342 14 80 344 11 559 184 460 80 199627 550 243 12760 7208 80 280 43 184 7 80 199627 6 1081 30 706 80 11 6118 28 7332 1179 1191040 -1 -1 0 0 0 0 7 8 7 8 9 8 3 4 6 5 0 0
"6e313ab9ad646482" 50 283 42 72 79 12479 80 4 6 7842 749 80 199627 2539 150 600 757 2173 80 4 944 20 227 44 748 80 199627 12100 21928 80 49 51 1742 19 1015 80 199627 249 1133 4 2934 44 79 3073 80 860 146 153 88 506 1179 1191041 -1 -1 0 0 0 0 8 7 6 6 7 6 3 3 4 4 0 0
"5815932627154c8d" 49 47218 2726 80 49 51 5429 154 166 20 2651 80 199627 51 495 77 290 12 119 770 80 249 330 166 3603 80 199627 90 1624 136 798 484 51 1415 790 80 199627 249 344 11 43 330 185 80 330 6 153 79 2919 1179 1191042 -1 -1 0 0 0 0 8 7 9 7 8 8 3 2 5 7 0 0
"9905631ca93dc41f" 29 74 161 299 18105 80 249 184 232 2383 962 80 199627 90 456 1334 2157 80 5943 481 770 44 51 3290 3669 80 344 30 833 1179 1191043 -1 -1 0 0 0 0 7 7 7 9 8 8 3 6 7 8 0 0
"1b6a83679b619dd9" 23 120 14 232 60 42 80 550 11 30 139 369 242 80 199627 26400 490 80 1267 27 14 51 129 1179 1191044 -1 -1 0 0 0 0 7 7 9 7 6 6 6 2 2 2 0 0
"5ab57902722227e1" 32 120 14 32 749 36 11 161 511 1237 80 199627 30 4827 104 10575 90 60 10277 192 474 80 199627 120 60 4523 80 120 60 4522 192 790 1179 1191045 -1 -1 0 0 0 0 9 6 10 9 8 6 6 2 2 1 0 0
"11e615dc58bd18aa" 24 234884 28 82 80 550 11 559 369 1057 80 199627 38318 61 80 70 28 1214 35342 14 102 51 17157 549 1179 1191046 -1 -1 0 0 0 0 9 10 8 9 9 6 5 3 3 2 0 0
"0c42450c294dec68" 32 330 12 1895 49 14 80 288 44 28 5774 80 199627 29470 1795 80 127 603 10153 290 15527 80 199627 5156 2268 304 80 4 11 166 232 42 1179 1191047 -1 -1 0 0 0 0 8 8 9 9 8 6 6 3 2 3 0 0
"d1fc6bb919c4aa7a" 22 4 22 13 14 64 80 16520 174 20479 80 199627 150 490 192 11635 80 166 563 27 51 8880 1179 1191048 -1 -1 0 0 0 0 7 7 6 5 6 5 6 2 2 2 0 0
"fe4a345e648bc97f" 31 4 114 421 30 60953 6932 44 30 1237 80 199627 318 1267 12 999 80 166 460 42 30 2919 80 199627 290 1317 249 16520 808 6174 790 1179 1191049 -1 -1 0 0 0 0 8 6 7 8 7 6 6 3 2 3 0 0
"9371c361a62ab52e" 36 4 120 30 1262 304 283 3528 80 344 51 3428 80 199627 243 12760 7208 80 550 70 11 51 706 80 199627 622 15501 83 28 5774 80 1629 60 21854 90 5765 1179 1191050 -1 -1 0 0 0 0 9 7 7 8 7 6 5 3 2 2 0 0
"bd76ae0b7ec34149" 19 119309 5089 36 70 28 4153 80 199627 1165 603 19 62679 80 106 102 51 9270 45241 1179 1191051 -1 -1 0 0 0 0 6 6 5 5 4 6 4 2 3 3 0 0
"ec573d9bd61b8304" 21 64 44 51 4633 80 1267 2757 60 42 80 199627 74 3592 80 535 28 139 19 30 31 1179 1191052 -1 -1 0 0 0 0 6 5 6 6 5 7 5 2 2 3 0 0
"7ca13d3d45bb1f8a" 39 4 17674 406 44 28 350 3491 80 231 4300 80 199627 114 4 1183 14 559 4 120 60 208 80 915 6 20 4760 80 199627 4 7 709 8994 77 8830 19 1782 30 25619 1179 1191053 -1 -1 0 0 0 0 8 7 8 8 7 7 5 3 2 2 0 0
"72955dc34096311c" 20 76490 915 80 4 127 14 231 474 80 199627 90 232 4 255 80 146 76 77 2425 1179 1191054 -1 -1 0 0 0 0 9 8 9 9 8 5 5 2 8 1 0 0
"cb299cef8944c156" 38 4 2369 60 44 30 4009 803 80 974 150 1415 80 199627 90 120 76 51 476 2505 4 80 150 8475 70 103124 80 199627 352 370 14 1262 80 249 425 16520 1618 83 1179 1191055 -1 -1 0 0 0 0 8 7 6 7 6 7 5 2 4 4 0 0
"bc2b4c2bba8c767a" 21 90 28 4745 80 255 25 28 319 80 199627 4 208 1015 710 80 369 229 146 590 1678 1179 1191056 -1 -1 0 0 0 0 9 7 7 6 7 6 6 2 4 2 0 0
"f3490847ea2f6d81" 34 369 293 150 646 80 550 102 51 5730 867 80 199627 102 30 3522 531 80 184 11 166 32 2157 80 199627 90 2258 6905 80 127 14 231 192 1937 1179 1191057 -1 -1 0 0 0 0 9 7 9 7 6 7 7 2 5 3 0 0
"1e2fb7d146be0966" 34 5594 2910 80 127 4 231 192 3484 80 199627 369 127 30 15463 80 4 166 4758 30 3484 80 199627 4 6560 21652 80 4 166 232 42 49 28 275 1179 1191058 -1 -1 0 0 0 0 8 7 8 7 6 7 7 2 3 3 0 0
"78a79226085f17f5" 24 90 4 61 19 13 14 36390 44 2602 80 199627 249 199375 27 51 476 359 90 3569 28 47133 1861 253 1179 1191059 -1 -1 0 0 0 0 7 9 8 7 8 5 2 3 4 2 0 0
"aeef534e8b7e0e4c" 23 28 5130 573 408 499 19 2862 80 199627 4 1473 51 440 2795 874 723 80 425 173 11 51 5165 1179 1191060 -1 -1 0 0 0 0 7 8 7 8 6 6 3 5 2 5 0 0
"f90e07bd99d7403d" 23 1979 2091 71 3814 89 223 369 453 2174 80 199627 5594 5594 505 80 425 369 114 13 144 150 5318 1179 1191061 -1 -1 0 0 0 0 8 9 9 8 7 7 3 5 3 5 0 0
"fed2df385a9dd3ab" 22 28 1024 2725 80 798 835 30 2602 80 199627 249 859 27 51 476 359 90 630 804 103 3428 1179 1191062 -1 -1 0 0 0 0 8 9 8 8 7 6 3 4 5 3 0 0
"81498cdd40bdb10b" 27 4 6560 80 21652 80 277 19 232 42 80 199627 249 1334 70 11 227 44 103 14073 39 80 277 17 19 283 1598 1179 1191063 -1 -1 0 0 0 0 6 5 6 5 6 8 5 7 4 3 0 0
"b3fd723706f8beb1" 27 28 5130 573 72 30 19090 80 199627 90 4 3600 14 49 150 6248 80 199627 249 425 369 13 550 70 11 107 622 1179 1191064 -1 -1 0 0 0 0 6 7 6 7 5 6 3 8 4 4 0 0
"ab26ac140d440cfd" 25 369 127 30 15463 80 330 232 14 83 30 656 80 199627 90 4 61 19 13 14 36390 80 277 19 4033 1179 1191065 -1 -1 0 0 0 0 7 7 6 7 7 6 3 4 6 2 0 0
"52674e2bdc00bc8f" 22 297 1818 566 17 78679 80 966 70 369 153 80 199627 369 251 4 287 249 369 378 146 208 1179 1191066 -1 -1 0 0 0 0 6 6 6 5 5 6 4 5 7 4 0 0
"d73e75fd4d5ce215" 28 330 185 369 96 74 6916 80 11 51 1423 6793 80 199627 4 6560 80 21652 80 249 859 27 51 476 359 90 3569 5926 1179 1191067 -1 -1 0 0 0 0 5 6 6 7 5 4 3 5 3 6 0 0
"2f00f2d799e2e50b" 25 4 6560 80 21652 80 277 19 232 42 150 6400 80 199627 249 859 2952 271 4444 80 235029 1608 408 103 3387 1179 1191068 -1 -1 0 0 0 0 6 6 5 6 4 5 3 7 4 5 0 0
"6fce9e819334714c" 34 28 1024 2725 80 798 835 30 2602 80 199627 249 369 127 30 15463 80 330 232 14 3906 80 199627 4 127 54 6241 80 249 199375 146 436 150 706 1179 1191069 -1 -1 0 0 0 0 8 8 7 7 6 7 3 5 6 4 0 0
"6c2ab216f6b23ce9" 26 28 5174 104 23920 80 16520 17677 60 71 513 223 80 199627 24 44 55262 80 249 425 551 51 554 14 36 561 1179 1191070 -1 -1 0 0 0 0 6 5 6 4 6 8 3 4 3 3 0 0
"d9b0412d2b7c9a04" 21 28 1024 2725 80 798 835 30 2602 80 199627 249 5941 212 14 849 80 90 859 780 253 1179 1191071 -1 -1 0 0 0 0 9 8 7 8 7 6 3 4 6 5 0 0
"39454d1b8bf3581c" 30 859 2952 271 4444 80 249 235029 1608 80 199627 4 1473 51 440 2795 874 723 80 70 30 711 4 136 80 11 51 706 859 436 1179 1191072 -1 -1 0 0 0 0 6 6 5 6 4 5 3 6 3 5 0 0
"0534410a1f12436f" 30 4 6560 80 21652 80 277 19 232 42 150 6400 80 199627 4 127 54 6241 80 249 16520 17 2341 80 11 709 3041 28182 276 12143 1179 1191073 -1 -1 0 0 0 0 7 6 6 6 5 4 3 4 4 4 0 0
"34860c33ac2d125e" 34 5594 2910 80 28 915 2725 70 1237 80 199627 249 184 229 609 80 184 11 2990 271 9878 80 199627 1214 229 711 80 330 166 232 42 49 770 6392 1179 1191074 -1 -1 0 0 0 0 6 9 9 7 7 6 5 2 3 3 0 0
"ad85d78acfacbf37" 21 369 378 146 208 24 83 28 6824 80 199627 28 1841 5240 80 330 30 443 891 154 20897 1179 1191075 -1 -1 0 0 0 0 8 8 7 6 6 8 3 3 3 3 0 0
"e8264e1324e68878" 26 60 391 107 622 80 184 1084 153 550 33 80 199627 4 56 742 14 51 6027 80 249 60 22 2174 30 12792 1179 1191076 -1 -1 0 0 0 0 7 6 6 7 6 6 3 4 5 3 0 0
"3532d572d1b53bee" 27 227 44 51 14073 39 80 550 823 19 20 3841 80 199627 90 425 369 114 13 80 848 352 573 253 80 28 4937 1179 1191077 -1 -1 0 0 0 0 6 7 6 7 7 6 4 3 5 2 0 0
"6f892ad9227e561c" 43 184 2203 42 30 1051 49 271 1749 80 199627 249 369 1043 28 2603 2187 44 103 131501 80 199627 51 915 102 4 80 558 629 49 51 4196 80 199627 200449 369 166 3651 80 563 44 30 2437 1179 1191078 -1 -1 0 0 0 0 7 6 8 7 6 7 4 4 4 3 0 0
"69f7849d1c385311" 37 28 5174 104 23920 80 550 43 369 1018 80 199627 120 14 13 4 350 154 1979 2091 89 223 80 199627 568 1024 80 251 60 36 544 199372 550 51 12835 36 561 1179 1191079 -1 -1 0 0 0 0 9 6 8 6 8 6 6 3 4 2 0 0
"0b65ae4fb84d676c" 24 369 251 4 287 80 90 788 1232 621 80 199627 629 212 14 849 80 90 200450 531 1211 554 80 2762 199372 1191080 -1 -1 0 0 0 0 7 6 6 6 5 7 3 3 7 4 0 0
"4c1504224cd1564e" 37 369 127 30 15463 80 330 28 4937 90 4256 80 199627 24 44 236165 80 344 456 70 470 1317 2715 80 2098 80 199627 6 1015 14 16520 236166 80 199375 1494 28 962 1179 1191081 -1 -1 0 0 0 0 5 5 6 6 6 5 5 6 6 5 0 0
"3de3effe4bfcad6b" 45 330 185 369 96 74 6916 80 249 369 153 369 127 1819 80 199627 90 369 2952 4444 80 249 235029 1608 44 103 39 80 199627 330 1015 14 19 232 42 49 30 9763 80 249 199375 1269 28 29 2281 1179 1191082 -1 -1 0 0 0 0 8 7 8 7 6 8 5 8 6 8 0 0
"5ce3e9c39bda804e" 38 28 5240 18893 80 330 30 443 891 154 8914 80 199627 249 848 352 573 253 80 369 166 250 249 12470 80 199627 90 20 2384 43 4 119 80 200449 235725 10721 36 4 1179 1191083 -1 -1 0 0 0 0 8 7 7 7 7 6 4 5 5 5 0 0
"7b8e7d5daa695151" 27 5594 2910 80 120 14 283 103 72 28 1793 80 199627 70 30 711 4 136 80 104 11 51 1557 80 10175 19 2644 1179 1191084 -1 -1 0 0 0 0 5 6 7 7 5 5 4 3 4 2 0 0
"42f0c7a9ecf083f6" 33 90 4 61 19 13 14 36390 44 2602 80 199627 249 4 127 54 6241 80 966 28 443 3569 80 199627 120 14 1183 4 80 559 199375 2995 253 1179 1191085 -1 -1 0 0 0 0 7 6 8 7 6 5 5 5 4 4 0 0
"66f1b7bb80c4727e" 36 1979 2091 89 223 369 1525 30 2174 80 199627 4 229 74 25450 4366 80 4 11 1473 3903 24 44 30 621 80 199627 383 41 42 80 200450 212 24 271 3792 1179 1191086 -1 -1 0 0 0 0 7 7 6 6 8 5 3 7 6 4 0 0
"fc2d62f26389a59c" 34 28 1024 2725 80 249 369 1267 232 28 1964 42 80 199627 28 5130 573 408 499 19 3257 80 199627 199375 232 1777 44 103 40073 3233 80 74 1539 43 1179 1191087 -1 -1 0 0 0 0 7 7 6 7 6 6 4 5 4 4 0 0
"dc464bb0fe7b719d" 42 3041 28182 80 255 200443 36 51 554 3635 80 199627 330 229 231 83 28 92 80 249 16520 1409 154 1979 9011 80 199627 120 14 212 4 83 51 2270 80 19 51 1022 475 275 1321 808 1179 1191088 -1 -1 0 0 0 0 6 6 5 6 6 5 2 4 4 3 0 0