"1300ee22b417ded8" 64525 69626 289
"0cc8e7ead0cbefb5" 168296 65291
"a99ebd757b234e96" 140241 17351 2429
"830cda1f6ddc6d43" 95056 77755
"95ac32ce0c280423" 110398 53402 81232
"a8b8cdeb300db406" 96578 15683
"155e67699bd317e4" 84817 164852 123435
"214374190805d340" 139880 67933
"eca196d7b842cd19" 43280 18633 43264
"3ba0befc46668c02" 23021 178941
"c4ac491a16582477" 126978 83013
"721684356aa8eba5" 43566 140260
"763c71fdbfbabc62" 153520 180746
"4f5c4df74a5a0e83" 55275 74968
"18a45daed37ab603" 3772 1053 52195
"1f689ca43d30b11f" 118474 143042
"ac50dbde3e661af0" 183677 21444
"1bc3f1671c9cd95e" 91492 70704
"d7f452a0ef406545" 45963 24385
"6f0d718b497fadbc" 175112 289
"5bb499c66e28a5bf" 71217 45963
"f82f952e1a20d217" 21713 83013
"f6907940e67ce5df" 43280 53402 21444
"b1de46930d35f44f" 65103 55275
"9660be0f4c23dea6" 140260 168296
"46f8491a16582477" 126978 67933
"059374356aa8eba5" 43566 64525
"bb102006b8ce0111" 81232 110398
"1bb722f211d94c82" 180746 96578
"0ae757caeefa28d1" 178941 15683 123435
"1cde0449124a92e1" 2429 77755
"684709a17dbc1f61" 65291 118474
"2ee60943eba24763" 1053 3772
"aa1ba0c452e3af4b" 143042 52195
"e2ff1be1a0ba68d7" 70704 84817
"5e95c0cbd76a2510" 26679 23021
"3ff6cfb17a8d7b02" 24385 83013 43264
"7d5debde3e661af0" 183677 140241
"5b9bff125724bd4a" 74968 95056
"e16fef7def379a74" 289 21444
"ce7472a0ef406545" 45963 153520
"9a30340cc5a708de" 18633 17351
"94562fac35ee4ebb" 26679 140260 1053
"4b5a7321af4109ef" 180746 65291 126978
"d3b9bc473825d433" 69626 175112 126978
"3db900d9913a6db3" 43280 123435 45963
"63a3cc7a3b2c5d85" 188014 116147
"161e91acd8d351a4" 120147 129021
"49dfb5920e76120c" 188486 35609
"e7671b7f7644ad46" 30614 29453 94406
"d2dbefe9bcf7677b" 121539 184601
"70abba279fc683b3" 84240 155338
"ba6ff7fe2f4e2cac" 127823 12411
"1bb42f6815980d57" 178932 116448
"b945411bc0ca9772" 128378 162172
"009c2da3bb736fdf" 2609 183510
"c9c87133245bba16" 8642 146430 165723
"d1e9a7ad9d6ad180" 153930 40302
"f1bbc2bc953602a1" 80919 147655
"6b62dc488107ba1f" 152219 48810
"1c87acb89fce47a9" 17857 62023
"38e374f359c09b81" 164856 7038
"127bb877cada44fe" 28998 108454
"0703276d526b92ed" 90365 8426
"d435d6b81c89c57f" 116054 23298
"cf94621554740850" 2066 59173
"17f6e79ebd340b2b" 130915 81725
"3e1bf3d2199e61b0" 113988 23298
"06a385209f0c10c8" 113988 94406 59173
"77fda8937ee34eae" 157684 30614 162172
"73c77a1530bf6c4a" 146430 2066 116054
"bb30e391588a8032" 28998 40302 108454
"3514ee2663e60584" 84240 152219 165723
"5205115ec0f34a9d" 188014 121539 80919
"e228fa38180d40bd" 120147 29453 2609
"a8976736674c8d2c" 188486 62277 155338
"55ecdf736380940f" 53855 12411 116054
"bb95b459f84841f8" 129021 127823 48810
"e11d438f4254bd26" 35609 17857 62023
"4896e9919eced827" 164856 90365 8426
"0bb6eba190d85ca2" 153930 128378 165723
"a3567c737863297e" 109898 184601 2066
"51db5d3df2362e10" 116147 178932 81725
"5c307218a3b32fac" 130915 8642 147655
"b933ac856a90b8bf" 116448 162172 108454
"651b12988923405c" 113988 121539 23298
"b758bab8e7d79e3e" 120147 109898 59173
"22081ef24467fd60" 62277 84240 162172
"716441f112341534" 94406 62023 81725
"0cb429135ad2eda5" 53855 127823 90365
"3f5bf6f61272f42e" 188014 188486 7038
"fbeaecf6e2f83ac1" 30614 116147 184601
"fb05c9815678631c" 42230 120148
"2e66655c22f50b89" 67629 28699 172741
"633439e16d4393b6" 128524 67629
"bb842ca428a8e3fa" 42879 28699
"ec76f39329cbe8c0" 163484 42230 17163
"d2a30e90c2902648" 160939 62289
"5b8b6028790c2434" 10906 28657 172741
"fe5cf6936d458db0" 141030 120148
"bc22e96fd7611d2d" 17163 42879 128524
"2ecf553764d7c061" 127426 28699
"e3bc9affba8bdd93" 1974 42230 62289
"6a685ec49e002ca1" 67629 176273 17163
"630d12ada5bd8052" 11883 10906
"558f95eef1994834" 45103 172741
"23cfc88e839c990f" 13594 42879 128524
"0328ef1770e8ef19" 176461 10906
"1da1bd9ce2e20b78" 25117 160939
"e06fb5bc34684c1a" 69452 172741
"e383dade8e27d0d4" 6616 163484 28657
"3a085cb880181120" 107575 160939
"c0b47448b437223f" 96902 62289
"6e3976709cb401ac" 29995 120148 42230
"fbbdb412eb22eae1" 31118 163484
"018667ea405a0284" 7250 11883 42230
"2b3921444c285481" 137860 176273
"54c3c9bfd2a50227" 49387 1974 28699
"d53ee5783a89f022" 51825 168947
"f2781b35027f42e0" 173141 11883 10906
"40ce8255a8c4c3c0" 35061 141030
"bee108e6f2f824b6" 32532 176273 62289
"a1a01a5fd3cf225f" 66911 13594
"6d08d65f33e98351" 13332 1974 28699
"d1bd26d3e734ab60" 52741 45103
"33450547e88d7913" 116444 10906
"de3471c77b018fd2" 175082 28657 67629
"c43ca883710abac1" 153672 107575
"672772e28247a292" 86559 1974
"767ff748d4fe28d3" 88061 172741 6616
"c5ac62ec6f5b5b94" 184044 168947
"95e1ffb5b20e2eef" 33439 42879 141030
"b88d37a496dcb2d8" 142072 96902
"f6a9db4272d422da" 143539 29995
"fcb062589bea270a" 8665 25117
"6bd132b767a55a03" 141030 67629 31118
"f3bba959cf4876e0" 28657 173141
"431ae5b1166609c1" 13332 35061 96902
"6461e5783a89f022" 51825 116444
"726665ea4150ebc6" 90045 79585
"73a99e9037ac086d" 176722 33312
"e63adc59a5f62213" 77666 150919
"c7e1656f7125e23a" 142229 119266 51164
"0e8a322ec001a930" 92660 164111
"d54f772bf7efef3c" 143412 159269 15647
"d102101d2faea8d7" 48770 171355 103715
"bd16aae837df38ef" 87521 42443 76282
"78004f974f18c939" 121167 3159
"45ac63c198c9820d" 57718 164765 169068
"109a5bde799c3a54" 137988 40800
"c51b1c635da19010" 88906 5805
"fea1909cfccd2ae6" 162507 113906 69337
"20bad2713ed8e33c" 59367 156442
"375fc67eaceb1d6d" 125601 20043 64594
"6cdac40550732d04" 181017 980
"ec823be2c297b827" 21920 91713
"b041405a658ef9a6" 178923 76783
"7766ef0183f134dd" 179427 79555
"b2b4fc43bd2c3fdc" 158420 65371 132879
"9620825b2a474328" 12507 82205
"1d4c614f0a22a5e4" 66937 25599
"87ebdde8ddf95d79" 24541 129743 171783
"625a1e64aee95cdc" 42446 30915
"82da61c90a93be0d" 96943 19255 56525
"b223e59680aea69f" 17659 4439 139268
"7affeeb3d8e5a85e" 39308 169758
"df9fedc2b2a6c5f7" 121471 182877
"cf0075e9799a1d7c" 86983 47738 134818
"5579d73395d55805" 108643 129130 107215
"160ba2b603319375" 55624 42235 28305
"7f7d84a8364d0e31" 87126 144609 172731
"d753c2c956b20f56" 179666 128850 57704
"260da986a1124970" 128604 89417
"a54cb6fd79482ea5" 50520 51116 158397
"e9c0564236b95d6c" 178806 129743 51116
"b782f973e2c4574a" 19255 12507 139268
"36770409c3ba3fbc" 47738 55624 57704
"74eda1055ceb27ff" 86983 25599
"7cf2a69fd8b15bad" 39308 19255 171783
"79b2de94284b8210" 24541 108643 134818
"755f8ac5b18b3af8" 6661 96943 169758
"5c549cd709c57b19" 66937 178806 82205
"cb2835a53a986195" 67468 42446 28305
"fa69c0456c0c113f" 169079 17659 50520
"f84f797e48a77ce6" 87126 129743 158397
"7a19d3d59263cfaa" 42235 172731
"309e1559253bc8f0" 158420 179666
"a9ad9bf74a3eda3d" 179427 79555 107215
"d58fed834277d23c" 4439 129130 30915
"56a29f509fd29486" 65371 128604 182877
"24e3edc2b2a6c5f7" 121471 134818
"407a7c7e24a8b324" 166968 86983 57704
"6ca7ed2883562681" 144609 51116
"b19f4a2393155ce8" 128850 139268
"b02d46ca1b5f07f9" 17659 108643 55624
"11c6b9e69e705543" 169079 39308 82205
"62443d83adb2b322" 158420 128604 158397
"67e80db99ac7d715" 6661 50520 57704
"6a8c5752f98a1ee7" 96943 171783 172731
"373b6b5946406c2b" 65371 134818 182877
"4aa629081cbabf1c" 25599 47738 128850
"17d894863aed9261" 179427 178806 129743
"e3e44cf4585802bc" 4439 19255 42235
"bf6711c9e143af6c" 149010 51878 178274
"c832d42608df7343" 5764 29803
"c655271d7a9ee732" 158070 180097
"2bd4e2be8f034c53" 118758 34839
"ce8b55a2b4117e43" 162385 49954
"81101c8e7cb54cc5" 177570 36984 65605
"f6dc2c36172e7655" 19197 23529
"a679752bdb81a470" 47777 141712
"f67cfcbf9883d2fb" 52020 122718
"d7c31186a0aa47ce" 134105 79400 27115
"08e035ab6f9a5e2d" 38172 23463
"6aec94db0c2037b4" 185990 183019
"9cb758d91c40acc2" 183037 166467
"f39fd2a08641faff" 46627 20811
"d1281de3e7cb68f8" 155892 3916
"67804284f572fdae" 51895 92158
"3a3693bf5cec7b01" 10494 123344
"8eabf791b057e30c" 2192 7895 69476
"c92af0bcf7345eba" 3664 29471
"dde39d082a72674c" 48307 18594 18607
"9142c711a21e8662" 149010 56210 5764
"d4d040f7a27544a1" 178274 27115 46627
"79e4554ddd869b13" 34839 65605 122718
"40316c8735b20556" 173274 29471 92158
"9dfb2fc0660f71db" 162385 155892 48307
"d8f08d27c6564cca" 29803 52020 183037
"e5dbafe6d7583bec" 118758 36984 23463
"46177e0a30a4da69" 177570 79400 47777
"20200a5c2424b02c" 132847 183019 166467
"551a7795faa19d28" 23086 134105 23529
"6929e2008dd4693c" 158070 3664 7895
"c0ec777063944ae6" 51878 51895 18594
"8fa0053537f344e0" 180097 49954 3916
"e903cf7059da037c" 185990 20811 123344
"c9d3be721ce7c0af" 19197 2192 10494
"0e90ff623420a4c7" 141712 18607 69476
"aeea770049180783" 56210 65605 92158
"811044eb4d1f23da" 149010 177570 48307
"2d50a92043b8adfb" 5764 118758 51895
"b74ee0c5680ea3d7" 23086 79400 3916
"bf67426fed3915ba" 132847 46627 69476
"d49af3e8ba3e0428" 173274 27115 183019
"610746a86556aaf2" 51878 3664 23463
"25e58e9c864df0f6" 29803 20811 7895
"050e97aba6062cb2" 178274 134105 2192
"63a50f9c17c6ebce" 162385 52020 123344
"799a2b0758ae9098" 158070 122718 18594
"1b409e42eb8f12d6" 152958 183567 87607
"a54bc915c5792be8" 11030 106831
"b2af814af7497fee" 106617 11693 38136
"95aaf181f39554eb" 168009 157943
"9e6f7920b929d483" 87607 176256 136401
"f93389196011bd88" 117164 107870 10756
"01b2211a7aadff55" 143592 9547 149648
"1fd0fb487fcac324" 169783 117331 98
"70a4f89e5fef6dbb" 102005 187753
"d322c42ef2538237" 56764 2974 61650
"bfa4152901d045cf" 52181 163245 12300
"0797406ad4bef30d" 44280 115024 43231
"acbfcfd9f0d54d00" 72045 4756
"2314db4c791f9a32" 35270 156040 129227
"5484cdb295a075a3" 44373 117925 73534
"201af7ac86fb9437" 25147 9547 169783
"238cf19547453239" 96234 56761 133962
"b42bb4c94ddf46c9" 129227 28111
"efe3dc7539fe787b" 168009 176256 10756
"bc5cbcbc3e50a142" 38136 124089 117925
"261be3a820db99f4" 152958 183567
"415519d5a5902b0f" 73534 35270 28111
"98d57c995a2ff085" 107870 174959 106831
"a3ef77c53fc2a2f8" 111384 163245 149648
"0abf4c796570b1e7" 106617 72045 11693
"2f32caac341e9236" 12300 44373 117164
"672a00f3ac1c19c7" 169783 35270 115024
"0bc1dd02c029eff2" 129227 52181 117331
"2e455f2aa2cf9e69" 133962 2974 56761
"1ff71307f92b906b" 4756 56764 143592
"c8db9faf26ebbf36" 156040 87607
"9cceee260ff8b0a1" 96234 157943 25147
"73b65a73f861868b" 98 136401 43231
"b54dc915c5792be8" 11030 115024
"07d5d89e5fef6dbb" 102005 61650
"70b4df0f7b7a47bb" 187753 143592 117925
"3d549e53d572bf36" 117331 174959
"fb484a65ccaa84f6" 124089 163245
"567ed1fc16f5b7eb" 157943 11693
"c35485a8dbf81fe4" 4756 9547
"d0c72378326eccd9" 80450 73534 12300
"00d4d181f39554eb" 168009 2974
"602f931a8abdb50e" 133962 44373 61650
"b9db14245241cfe6" 183567 10756 87607
"d9534b14a558d5ab" 106831 72045
"e36dee65c7451031" 102005 111384 176256
"3093d284b3612a07" 117164 149648 107870
"06472a64a4fcac0d" 7560 33035
"5877841f25cd0c7c" 147564 7580
"bddd036c60182f7c" 151556 798 21864
"2d2f53d83a016896" 15507 31534
"54dc366dde887a3f" 164300 133500
"93dcf568f195dc34" 152857 14663
"07df17f4372dfbca" 13891 101340
"84bd4afcc4ecf5e9" 168235 492
"7bb98c729de7ffd6" 187848 21794
"4d82fbd085376736" 44195 166051 125673
"ce204a64a4fcac0d" 7560 135063
"3cf471c2c3d1dae0" 151556 21794
"c5f437f4372dfbca" 13891 187848
"d850946cecc4d273" 150948 164300
"cedf3295b5a81e77" 7580 15507
"5636a41f25cd0c7c" 147564 133500
"b1c13a80ee88022b" 31534 66008
"8cd560845e41d162" 139953 798
"85e2a749f2a32be9" 21864 44195
"38cb4b3d37ba2e5d" 21794 101340
"1a53b1a144f88327" 152857 151556 166051
"f49d47f48b5e4b5c" 14663 33035 66008
"5db5841f25cd0c7c" 147564 492
"1d82a87f3dca83a4" 150948 7560 101340
"9c70a3b7ba2811dc" 152857 15507 187848
"14a680845e41d162" 139953 135063
"d5116295b5a81e77" 7580 151556
"84b91f7cb6c0346f" 14663 21864 66008
"d87aa41f25cd0c7c" 147564 150948
"a71bf568f195dc34" 152857 7560
"d37960845e41d162" 139953 15507
"b4f5a9884a95214a" 798 66008
"baf62a80ee88022b" 31534 21864
"c1bb03e31c3791ad" 44195 133500 492
"e33cc2af4d908782" 7580 31534 166051
"38e62a64a4fcac0d" 7560 31534
"afb1066306da9281" 147564 492 125673
"c1f807f4372dfbca" 13891 7560
"c79763d83a016896" 15507 66008
"cea326549b710281" 150948 21864 135063
"a29f581fb08efa83" 147564 101340 125673