"7e27639bd99e734e" 42 120 14 212 30 1237 80 120 14 638 4 6392 80 199627 257 859 3714 30 622 25784 236167 4596 80 199627 199375 119 1750 60 1357 19 232 4 606 80 199627 271 61 104 1030 511 513 526 1179 1191089 -1 -1 0 0 0 0 9 9 8 7 8 8 8 3 9 4 0 0
"fa955f6585354cb8" 45 6 7 74 3484 80 28 2971 229 2746 80 199627 249 330 216 4 102 51 1268 408 51 83177 80 199627 28 490 192 20479 80 550 1330 1072 5745 80 199627 249 60 14757 51 5585 102 27390 90 79 8235 1179 1191090 -1 -1 0 0 0 0 8 9 9 6 7 8 4 3 2 2 0 0
"d01f44bcdd93c1fe" 62 227 44 28 6658 80 475 2465 566 510 90 861 566 1755 80 199627 249 456 4 629 406 80 1024 80 4 2203 60 42 49 54 476 14042 600 90 154 2258 1964 80 199627 90 70 30 4180 166 632 332 208014 28 782 80 199627 249 330 153 16520 30 2688 77 236168 70 297 2971 1179 1191091 -1 -1 0 0 0 0 9 9 8 7 8 9 7 3 2 2 0 0
"e874f63784cfccb9" 24 16520 18152 4 76 80 83 51 1531 36 30 5444 80 199627 199375 212 4 12593 80 49 28 2971 77 1243 1179 1191092 -1 -1 0 0 0 0 8 8 8 7 7 9 6 3 2 2 0 0
"5b755fdf8c79bd10" 49 456 1334 257 80 550 234836 249 4256 80 199627 184 1394 19 30 2651 102 40307 80 26225 80 199627 249 456 30 1237 6829 80 90 30 234888 1683 80 199627 70 344 163 104 51 11898 14722 80 90 28 246 1548 784 25 784 1179 1191093 -1 -1 0 0 0 0 9 8 9 8 7 8 4 3 3 6 0 0
"6105b93524b011c6" 26 4 453 14 12 1057 60 42 80 120 2715 90 4300 80 199627 4 492 541 932 80 44 30 13224 77 243 4527 1179 1191094 -1 -1 0 0 0 0 9 9 8 7 8 8 4 3 9 5 0 0
"df734578d581992c" 56 369 1460 1899 90 7786 80 102 15788 6397 80 199627 249 4 1467 14 559 19 212 824 77 28 29 80 90 16520 51 3120 80 199627 369 564 42 51 554 100 80 74 206 36 30 1841 80 199627 16520 227 28 634 275 80 90 369 229 299 590 8506 1179 1191095 -1 -1 0 0 0 0 8 8 8 7 9 8 4 3 9 5 0 0
"d2435a22fce04db1" 24 150 9887 83 3587 80 4 127 30 20343 26761 80 199627 4 630 70 30 4180 44 30 1370 49 330 197 1179 1191096 -1 -1 0 0 0 0 8 8 8 6 7 8 4 3 2 1 0 0
"e0bb1d4bd06bf3b6" 45 456 369 629 144 80 70 600 83 14 80 199627 28 3108 90 4812 199388 6119 1410 80 4 13 80 199627 15399 24 19 283 154 43440 80 146 2594 80 199627 28 490 192 5268 80 550 102 51 771 7624 1179 1191097 -1 -1 0 0 0 0 9 9 9 7 8 9 4 3 2 3 0 0
"e1c232941a530644" 29 5943 152 19 1219 4 80 453 4 942 150 8277 80 199627 249 232 150 600 2669 80 90 6 120 1957 212 520 77 150 6483 1179 1191098 -1 -1 0 0 0 0 8 8 8 7 7 8 4 9 3 6 0 0
"e5387853fd784395" 28 120 14 595 60 42 80 6424 14 19 7056 80 199627 456 28 2971 216 80 5943 453 4 5843 90 707 80 252 51 35173 1179 1191099 -1 -1 0 0 0 0 8 9 8 6 7 8 4 3 2 2 0 0
"fb2cb95376992c3a" 27 283 154 31 42 80 16520 53 30 31 77 30 706 80 199627 291 80 16520 51 3120 80 229 74 161 1499 19 1828 1179 1191100 -1 -1 0 0 0 0 8 9 8 6 8 9 4 3 2 1 0 0
"640ac6d2286a9ad9" 26 4 200443 192 1766 80 127 14 234840 245 619 77 139 80 199627 90 28 14012 127 154 2651 80 15405 4 12 11456 1179 1191101 -1 -1 0 0 0 0 8 9 8 7 8 9 4 3 3 2 0 0
"65f79700e53257be" 23 630 103 3057 80 1383 30 160 3636 80 199627 859 1534 4 49 271 4812 80 102 106330 49 74 3817 1179 1191102 -1 -1 0 0 0 0 8 9 8 7 8 8 4 3 2 3 0 0
"44e3918a475a846e" 38 369 404 60 70 80 2913 386 369 404 25888 80 199627 200449 369 146 7538 80 255 235957 36 30 31 80 199627 90 456 369 283 848 80 108 1891 80 11 460 14 23976 1179 1191103 -1 -1 0 0 0 0 8 9 8 6 8 9 4 3 2 1 0 0
"181782856f2c0001" 25 4 185 4 996 2173 249 173 808 42 90 1085 80 199627 518 558 96 30 474 19 630 14 76 749 235435 199372 1191104 -1 -1 0 0 0 0 8 9 7 7 7 7 5 4 2 4 0 0
"92c123deff74b982" 25 352 127 30 5889 80 807 127 28 226 39 17676 80 199627 90 28 61 573 83 80 74 1377 77 60 15341 1179 1191105 -1 -1 0 0 0 0 7 9 9 6 6 7 4 3 6 2 0 0
"4b6bdf5750ae9f8a" 23 173 1745 36 60123 80 369 22 120 4 208 80 199627 4 1588 14 89 80 2441 61 44 30 2363 1179 1191106 -1 -1 0 0 0 0 8 8 7 6 6 6 8 2 9 4 0 0
"c5df055462d797bf" 28 271 61 104 102 51 340 275 2897 80 11 4 90 14 80 199627 798 391 791 44 30 3414 80 51 613 5832 4 13 1179 1191107 -1 -1 0 0 0 0 9 7 8 6 7 8 4 4 8 4 0 0
"3f1e74846610b32c" 24 90 5594 154 76 102 550 271 151 1237 80 199627 1165 60 192 633 19 232 4 606 80 1483 11 474 1179 1191108 -1 -1 0 0 0 0 6 8 9 5 6 6 4 5 7 3 0 0
"8615f1d224b8b8b3" 23 4 153 369 61 4 511 513 1818 114 1183 80 199627 271 3032 51 340 275 2897 80 30 613 1183 1179 1191109 -1 -1 0 0 0 0 9 8 8 7 8 6 4 6 8 4 0 0
"141c9e08a225dda4" 29 192 120 770 17 1320 8905 425 80 11 1873 89 90 3626 80 199627 158 4 453 51 128 80 199375 707 150 1790 49 28 7618 1179 1191110 -1 -1 0 0 0 0 7 6 8 6 7 6 5 8 4 3 0 0
"e6bfdc0fd3912a42" 35 456 4 629 144 80 1024 4 1525 30 4869 80 199627 29336 11456 49 14 509 184 7775 19 30 2651 80 199627 90 28 61 573 83 80 51 146 1412 19805 1179 1191111 -1 -1 0 0 0 0 9 8 9 6 6 7 7 5 7 5 0 0
"16a8d8893763a5ce" 26 90 4 12 106 30 139 369 492 4 106 161 511 206 80 199627 200450 3569 19 709 3057 80 630 271 1841 804 1179 1191112 -1 -1 0 0 0 0 8 7 9 7 6 8 5 6 7 4 0 0
"5fa2943ed2e96856" 24 291 16520 51 26277 80 15044 229 234836 2746 80 199627 249 49 4 25 28 319 80 369 119 60 49 5177 1179 1191113 -1 -1 0 0 0 0 7 6 8 6 7 6 9 3 4 3 0 0
"deda26288b0c1049" 22 6424 14 19 7056 83 559 369 106 80 199627 200449 49 4 80 16520 2990 18612 513 352 299 378 1179 1191114 -1 -1 0 0 0 0 8 8 7 6 6 6 7 3 8 3 0 0
"3972c55dc70f3599" 24 283 154 31 42 80 915 80 425 550 70 474 80 199627 120 14 212 30 1237 90 453 4 106 1366 1179 1191115 -1 -1 0 0 0 0 6 8 9 7 6 6 7 4 7 5 0 0
"1ccd44681bc01740" 36 271 3032 51 11898 14722 80 27413 790 90 33 80 199627 90 563 238 60 1866 1100 102 550 51 6793 80 199627 60 1159 770 192 396 4256 80 271 6150 64 144 1179 1191116 -1 -1 0 0 0 0 9 8 7 6 6 6 5 6 8 3 0 0
"1592423d18091eec" 25 28 14012 127 154 1749 90 4 153 550 33 80 199627 4 453 14 12 1057 60 42 80 279 1499 378 119 1179 1191117 -1 -1 0 0 0 0 8 7 9 6 6 6 5 4 7 5 0 0
"da474db04911ceaa" 42 271 3032 192 2669 4 166 563 283 406 60 80 199627 4 492 60 70 932 80 74 511 7 19 25366 60 80 199627 564 42 51 554 100 80 49 4 80 16520 255 83 51 554 3161 1179 1191118 -1 -1 0 0 0 0 9 8 8 7 6 6 5 3 8 4 0 0
"d36a736811d74f8b" 20 4 290 153 369 27423 154 718 80 199627 456 369 208 102225 80 229 637 299 739 77 1179 1191119 -1 -1 0 0 0 0 5 7 6 7 6 7 4 8 2 6 0 0
"bceb1cd72bb00986" 22 4 185 4 996 2173 80 249 173 192 5745 80 199627 11 709 4837 80 6 12 120 14 44 1179 1191120 -1 -1 0 0 0 0 6 7 7 6 6 6 5 5 4 6 0 0
"5a55fecef287d460" 24 4 185 236169 236170 80 249 4 6 153 30 13412 80 199627 2913 386 369 404 25888 80 199375 453 4 228 1179 1191121 -1 -1 0 0 0 0 4 5 5 6 6 6 3 5 4 4 0 0
"6bc825346e537988" 24 518 558 96 154 474 80 19 20 53 30 31 199372 199627 44 103 15594 39 80 184 1267 1803 30 4554 1179 1191122 -1 -1 0 0 0 0 8 6 6 6 7 7 4 8 3 7 0 0
"d2355148180d944d" 20 4 1588 14 89 80 28 234826 83 1749 80 199627 195 15788 5268 80 11 43 369 3623 1179 1191123 -1 -1 0 0 0 0 7 7 8 5 6 6 7 3 8 4 0 0
"903f1e9837fe4eab" 23 69530 1138 29689 80 13 70 30 3645 21715 80 199627 5943 1062 150 34 849 408 40834 80 630 4 1899 1179 1191124 -1 -1 0 0 0 0 6 7 8 6 6 8 5 6 3 7 0 0
"7d7bcfab03850f76" 48 798 391 791 44 30 3414 80 1784 90 554 80 199627 249 4633 49 770 80 90 199375 707 150 1790 44 1093 80 199627 283 24 19 30 43440 80 344 475 184 7842 80 199627 6 2967 19 770 80 768 860 20 2157 1179 1191125 -1 -1 0 0 0 0 4 7 6 7 5 6 7 6 3 8 0 0
"08bb3236e9b4dd7b" 23 352 127 30 5889 80 352 6977 42 28 2603 80 199627 1483 102 1334 227 44 28 6658 80 70 172 1179 1191126 -1 -1 0 0 0 0 5 8 7 6 6 7 7 5 6 4 0 0
"0ec775ae20ad8685" 26 184 70 42 44 150 2425 102 106330 80 166 20 3909 80 199627 90 16520 18152 4 76 80 166 232 4 83 5590 1179 1191127 -1 -1 0 0 0 0 3 5 6 6 4 6 4 5 3 6 0 0
"0f7c10cae66fa923" 27 1165 60 192 633 19 232 4 606 80 249 550 146 527 80 199627 90 28 61 573 83 80 563 456 173 5881 9247 1179 1191128 -1 -1 0 0 0 0 5 6 6 5 6 6 5 4 8 6 0 0
"60487668bdf00dc4" 24 340 275 2897 80 166 1082 60 72 80 199627 90 4 757 192 1766 80 44 28 517 860 255 32 3914 1179 1191129 -1 -1 0 0 0 0 6 6 7 5 6 6 5 5 6 5 0 0
"ace208c833b84006" 25 58812 12713 1410 80 4 127 14 11168 80 199627 90 848 4 629 49 150 476 14042 600 80 166 1028 28 600 1179 1191130 -1 -1 0 0 0 0 7 7 8 6 6 7 6 4 6 7 0 0
"45aea2a99cd10358" 34 69530 1138 29689 80 330 114 13 770 4522 80 199627 291 16520 51 26277 80 1418 60 11 1056 80 199627 108 1891 19 28 1264 80 1334 255 83 30 782 1179 1191131 -1 -1 0 0 0 0 6 8 7 6 6 7 5 5 3 7 0 0
"32936f82a17b7d4e" 36 28 14012 127 154 80 2441 30 530 208 4699 80 199627 192 5745 80 11 102 28 13541 44 150 811 80 199627 6424 14 19 7056 80 386 24506 146 20 30 1299 1179 1191132 -1 -1 0 0 0 0 7 6 6 5 5 7 4 6 3 6 0 0
"5f45c2a606169862" 37 622 25784 4891 80 475 184 114 283 849 408 60 70 80 199627 90 5594 154 76 80 11 3381 456 369 293 80 199627 6424 14 19 7056 80 386 184 114 146 35 1179 1191133 -1 -1 0 0 0 0 8 5 6 5 6 5 4 5 4 7 0 0
"ff9b8b895a73327a" 44 16520 2348 629 144 80 453 60 76 1366 80 199627 564 42 51 554 100 80 6 7 19 6001 1179 199627 234833 51 340 275 2897 80 1267 32 83 2662 80 199627 6 12 35 8563 19 51 246 3055 1179 1191134 -1 -1 0 0 0 0 7 9 9 7 8 6 3 4 5 3 0 0
"b819f5894bfddc2c" 25 403 566 9247 80 90 184 401 36 51 5267 80 199627 249 761 859 20 236171 89 19 271 5248 6908 80 18619 1179 1191135 -1 -1 0 0 0 0 8 8 6 6 7 5 2 6 4 7 0 0
"30741d5c51940376" 27 44 297 277 403 80 184 7 19 638 83 6392 80 199627 90 6046 271 476 2091 236172 83 271 4715 80 76 77 2425 1179 1191136 -1 -1 0 0 0 0 9 7 5 6 6 4 2 5 5 5 0 0
"5ba0c2bbca8a0e99" 22 234840 30 2651 80 44 30 1597 761 80 199627 127 28 915 44 5175 27458 80 352 200443 11 474 1179 1191137 -1 -1 0 0 0 0 7 9 9 8 7 7 3 4 6 4 0 0
"da14dc56d9f838c2" 39 6 3376 14 80 4 234882 26312 2410 634 80 199627 199375 212 150 8797 90 630 4 5141 1179 199627 150 4029 915 80 807 11 51 15863 80 199627 199375 630 382 234840 1043 90 14735 1179 1191138 -1 -1 0 0 0 0 8 7 7 6 5 8 3 4 4 4 0 0
"51d7b40217684b08" 21 37706 64133 235331 80 1183 14 30 139 80 199627 236173 10721 19 3057 80 200450 283 747 19 436 1179 1191139 -1 -1 0 0 0 0 6 5 7 6 5 5 4 3 6 4 0 0
"73f847207fb791f4" 25 6 3589 208014 234836 80 344 30 443 1146 80 199627 154 291 127 1093 10168 80 249 369 229 127 206 19 879 1179 1191140 -1 -1 0 0 0 0 6 5 4 5 4 6 3 5 4 4 0 0
"ad25afaf00913158" 20 234833 15399 3273 80 127 14 231 510 80 199627 249 184 7 4 749 80 271 12711 25525 1179 1191141 -1 -1 0 0 0 0 8 7 5 6 6 4 3 6 6 6 0 0
"ff402999769e244b" 26 44 103 2469 77 275 80 158 4 151 80 4 488 80 199627 192 61 14 102 1334 590 222 80 60690 103 3369 1179 1191142 -1 -1 0 0 0 0 9 8 7 6 7 4 3 6 5 7 0 0
"1d9bde03e5dbc5b9" 22 1267 1057 60 42 200449 184 153 859 222 2988 80 199627 249 184 2995 761 80 1183 271 33 4523 1179 1191143 -1 -1 0 0 0 0 9 7 7 6 7 6 3 4 5 4 0 0
"133decf170158d6a" 21 967 42 425 90 5594 19 30 2651 80 199627 192 4 114 390 102 14 80 234840 192 3843 1179 1191144 -1 -1 0 0 0 0 6 5 7 6 6 5 3 3 5 5 0 0
"1c18064aac997fd1" 49 4 904 19 4300 1138 80 249 43 2786 19 150 1257 199372 199627 1015 14 43 4 12 421 80 1368 30 1505 1179 199627 330 153 16520 51 6897 249 369 11 6 824 80 199627 199375 808 216 30 31 49 28 128 192 2392 1179 1191145 -1 -1 0 0 0 0 7 6 6 5 6 5 3 2 4 2 0 0
"2079c6591592ba07" 21 16520 12146 4741 44 103 521 706 80 199627 90 16520 235305 76 30 2971 80 550 11 28 5432 1179 1191146 -1 -1 0 0 0 0 7 5 7 5 6 7 3 5 4 5 0 0
"75a36a5c70e6e62b" 25 1214 12 29563 80 249 369 229 30 161 19 15826 80 199627 1267 1525 30 8091 80 453 1957 9213 102 966 8091 1179 1191147 -1 -1 0 0 0 0 8 6 6 6 6 7 4 5 5 4 0 0
"e013cdd06e19f43f" 26 49 1231 6028 369 436 80 860 250 1525 30 3457 80 199627 249 6 3376 14 2098 80 199375 27825 4 425 49 3453 1179 1191148 -1 -1 0 0 0 0 6 7 6 6 6 4 3 4 6 4 0 0
"625e17dc5d2d0c04" 22 1777 33269 80 206609 2971 80 1334 39238 80 199627 747 36 1344 80 103 104 271 21881 80 146 3571 1179 1191149 -1 -1 0 0 0 0 8 8 9 7 8 6 3 6 5 3 0 0
"2feb89d0522ab4c7" 21 70 28 410 492 60 44 161 2831 80 199627 807 2341 25 28 27632 6769 80 369 114 421 1179 1191150 -1 -1 0 0 0 0 7 9 7 7 6 8 4 3 4 4 0 0
"3bc69138ff17bdc6" 20 425 150 7064 1532 80 285 173 2157 80 199627 249 16520 4055 36 70 30 61 199374 1735 1179 1191151 -1 -1 0 0 0 0 8 8 6 8 7 5 2 5 7 4 0 0
"de6b709f11fc9365" 26 848 229 74 2253 139 76 80 4 1267 436 292 80 199627 768 5032 2911 60 70 80 41 583 768 212 30 35 1179 1191152 -1 -1 0 0 0 0 7 9 8 7 7 6 3 4 5 4 0 0
"f75fb25888d02371" 17 8595 17302 80 10762 20284 80 199627 60 391 481 257 89 44 62420 49 4937 1179 1191153 -1 -1 0 0 0 0 7 6 9 6 7 6 4 5 3 4 0 0
"30443a7fbbf7ea33" 21 1777 144 150 4366 49 51 324 4900 80 199627 70 4 235010 1214 80 1679 103 17661 154 109839 1179 1191154 -1 -1 0 0 0 0 8 8 8 7 8 8 4 3 2 3 0 0
"483a7573f79b399d" 23 836 150 1447 4370 80 74 8081 768 3817 80 199627 1329 19 1080 788 656 80 74 7 36 51 16051 1179 1191155 -1 -1 0 0 0 0 7 7 7 6 6 5 4 7 3 3 0 0
"ed04d74f6747e163" 26 330 20 192 83 60 80 788 2651 90 788 6878 80 199627 60 391 481 257 89 44 62420 80 11 212 51 757 1179 1191156 -1 -1 0 0 0 0 6 7 8 7 6 7 3 5 3 4 0 0
"b0b07b51209852b4" 29 330 20 192 83 60 80 453 70 30 4029 1238 6233 80 199627 90 70 30 1214 154 20 387 114 1679 271 17661 102 51 1010 1179 1191157 -1 -1 0 0 0 0 7 8 8 7 7 9 4 4 2 3 0 0
"ff15a41de5e95689" 26 352 1069 14 43 369 254 80 8468 3374 80 199627 4 6431 26312 2410 634 80 425 860 13 559 184 2995 761 16967 1179 1191158 -1 -1 0 0 0 0 9 8 8 7 6 5 4 4 3 3 0 0
"8c9d47f26a52edc0" 37 43 4 251 19 421 80 199375 1525 60 19 150 1782 80 199627 4617 144 150 4366 49 51 324 4900 80 5795 27153 80 199627 90 8595 17302 166 632 2659 28 646 27153 1179 1191159 -1 -1 0 0 0 0 8 7 8 7 6 6 4 5 3 4 0 0
"fd0d2b476e5eb34f" 24 425 150 7064 1532 80 249 16520 911 77 1541 80 199627 90 16520 11440 144 70 30 5096 80 4055 90 1608 1179 1191160 -1 -1 0 0 0 0 7 7 6 8 6 5 3 4 7 4 0 0
"08aeb67bf36bcd94" 34 344 30 443 1146 4 7 19 3589 178 80 5360 30 7155 80 199627 4 378 250 1525 30 3457 80 1031 330 70 153 16520 51 6897 80 911 77 21954 1179 1191161 -1 -1 0 0 0 0 6 8 6 6 7 7 5 8 3 4 0 0
"2cbf20bfc3e45f62" 40 90 401 36 51 5267 80 44 103 39 911 77 3444 80 199627 37706 80 64133 49931 80 1183 14 30 139 19 6170 103 4740 80 199627 249 1214 12 29563 80 255 12146 1716 90 3444 1179 1191162 -1 -1 0 0 0 0 8 7 6 6 6 5 3 4 4 7 0 0
"1274886b1b69d5b5" 34 184 7 19 638 83 80 19 1231 1232 6392 80 199627 212 150 8797 80 90 859 146 942 2425 80 199627 5594 80 50 51 4024 128 80 120 60 6132 1179 1191163 -1 -1 0 0 0 0 7 8 7 6 6 4 3 4 3 5 0 0
"b41ed90f76c2ff13" 53 44 30 1597 761 80 369 106 30 8374 2995 80 199627 90 4 114 13 154 16520 30 151 599 80 757 866 28 600 1179 199627 154 291 127 1093 10168 80 249 352 229 127 28 246 80 199627 199375 630 382 44 30 1370 80 1629 14 3620 1179 1191164 -1 -1 0 0 0 0 7 7 8 6 6 8 6 5 4 5 0 0
"5ff571ec6f7d26dc" 24 537 80 199375 1015 4 425 80 6 4 3591 80 199627 184 7 4 749 80 17 11 83 30 8595 1269 1179 1191165 -1 -1 0 0 0 0 8 7 7 6 6 9 2 4 4 3 0 0
"7ef839c25eec3ec6" 31 476 2091 2776 83 28 4715 80 537 80 369 1183 60 72 80 199627 90 25525 80 74 11511 749 80 199375 808 283 4 32848 425 80 17479 1179 1191166 -1 -1 0 0 0 0 7 6 8 6 6 8 3 6 4 6 0 0
"51d25ca7d09b7894" 51 352 44 154 5175 27458 80 909 102 51 2688 80 199627 4617 33269 44 28 908 80 229 74 2279 89 28 3763 1179 199627 747 36 30 21881 80 590 212 30 2782 80 199627 103 235105 590 20 161 36 30 3777 80 537 80 859 12495 1179 1191167 -1 -1 0 0 0 0 8 7 9 7 7 8 4 3 5 4 0 0
"7cdf688627794a37" 56 70 28 410 25 51 2831 80 184 229 1664 74 511 80 199627 848 229 74 2253 139 76 80 1334 44 60 36 30 15699 1179 199627 4 26563 436 292 80 768 4 1628 83 30 5208 80 199627 1334 1409 271 908 80 859 453 271 29 2317 80 74 29739 1179 1191168 -1 -1 0 0 0 0 9 8 8 7 7 7 5 6 6 5 0 0
"54c6b65ccfeb3522" 50 12146 4741 44 28 8546 80 229 18 19 7357 80 199627 90 222 2988 80 537 80 4333 114 700 60 1179 199627 330 153 16520 51 6897 80 249 369 6 460 51 1330 80 199627 199375 232 83 5057 80 227 44 30 1605 80 16774 1179 1191169 -1 -1 0 0 0 0 6 5 8 6 6 6 4 5 5 6 0 0
"5150474990ea8c94" 32 386 4 229 232 60 80 30 61 154 4 1069 14 80 199627 568 10193 80 103 2831 199375 20 4617 144 150 4366 49 51 324 4900 80 4636 1179 1191170 -1 -1 0 0 0 0 7 6 7 5 5 7 5 4 7 4 0 0
"148457df71bae8d6" 47 43942 89 19 5248 6908 80 808 1404 509 470 80 199627 158 4 151 4 488 80 206 378 255 1015 1179 199627 1329 1080 80 4083 6088 80 249 199375 638 83 80 199627 234845 60 340 80 146 278 475 184 629 408 1179 1191171 -1 -1 0 0 0 0 8 7 6 6 6 8 7 4 6 6 0 0
"32866ccb109f8089" 56 836 150 1447 4370 80 330 229 279 3158 80 199627 43 2786 19 150 1257 80 4 904 19 4300 80 2539 192 9985 1179 199627 1267 1525 30 8091 80 453 154 4178 80 542 30 2353 80 199627 232 83 5056 80 859 453 30 39 271 29 80 1629 770 920 1179 1191172 -1 -1 0 0 0 0 7 6 8 6 6 7 6 7 6 6 0 0
"2bbcf8e7a72d4b24" 48 90 61 14 102 1334 590 222 80 638 14 6392 80 199627 184 2995 761 80 859 92 97 2919 1179 199627 4055 36 103 275 80 859 1057 60 19 30 46368 80 199627 74 4541 80 859 20 3919 80 537 859 5112 103 1179 1191173 -1 -1 0 0 0 0 9 9 8 8 8 7 5 4 9 7 0 0
"5bfbbfb0c577dc11" 62 330 20 192 83 60 80 277 19 4204 80 249 330 166 19067 80 199627 37706 64133 49931 1183 14 30 139 80 200450 3569 103 994 1179 199627 60 391 481 257 89 44 62420 80 249 859 453 60 271 29 80 199627 859 1082 30 1180 42 80 779 70 1237 80 120 271 4135 20 5970 1179 1191174 -1 -1 0 0 0 0 8 7 8 7 6 6 6 7 6 6 0 0
"ac7b597387a6f224" 57 184 7 19 638 83 80 19 30 61 154 184 2502 80 199627 386 4 229 232 60 80 200450 6156 103 80 200450 453 60 2392 1179 199627 90 70 4 1214 154 20 387 114 1679 51 17661 80 199627 1629 14 2934 89 30 28057 80 227 28 634 275 80 21804 1179 1191175 -1 -1 0 0 0 0 9 8 8 7 6 8 7 3 9 5 0 0
"66fbc796004a4e65" 56 90 4 114 13 154 16520 30 151 599 19 1058 30 621 80 199627 344 30 443 1146 4 7 19 3589 178 80 11 120 60 11456 1179 199627 184 2995 761 80 102 51 10254 408 30 4948 80 199627 859 1183 30 39 43 1334 492 77 80 1629 30 25971 1179 1191176 -1 -1 0 0 0 0 8 7 9 8 7 6 6 4 7 5 0 0
"6a78e23e0eb55533" 48 4029 915 80 386 4 1267 1525 30 3645 80 199627 747 36 28 21881 80 249 173 11 51 4114 59472 1179 199627 1329 1080 80 386 369 563 75 36 4 80 199627 249 199375 232 1618 1619 80 551 192 396 511 19 119 1179 1191177 -1 -1 0 0 0 0 7 6 7 6 6 6 4 4 6 6 0 0
"481d54d467aec996" 55 537 80 199375 1015 4 425 80 967 42 80 12888 28 1818 80 199627 90 25525 80 6 5294 14 80 199375 808 10137 4 19 30 4585 1179 199627 848 229 74 2253 139 76 80 249 859 232 3846 144 80 199627 1334 3919 80 279 114 632 14 90 4 1179 1191178 -1 -1 0 0 0 0 9 8 8 7 7 9 5 4 6 6 0 0
"026d0baba3e2b2a3" 21 11909 36 51 5267 44 103 7726 2919 80 199627 49 28 27632 6769 80 352 835 16520 2990 474 1179 1191179 -1 -1 0 0 0 0 6 7 8 4 6 5 3 2 4 3 0 0
"07f4cb471ef6cb18" 46 4 234882 49 30 634 80 229 74 1566 80 199627 236171 89 19 5248 6908 80 74 7 36 5058 1179 199627 568 10193 80 114 4 1525 14 245 554 26761 199372 199627 200449 297 1981 229 5008 60 80 330 229 20479 1179 1191180 -1 -1 0 0 0 0 8 8 9 6 7 8 6 3 3 3 0 0
"9a7365bb2d042628" 22 43 30 2505 4 251 80 129 80 4 12146 7387 199372 199627 11 1080 80 184 443 127 161 275 1179 1191181 -1 -1 0 0 0 0 6 5 6 6 4 6 4 4 5 4 0 0
"4b5376a522c8e2d1" 45 90 1037 70 103 206 80 369 808 166 3651 80 199627 456 4 1015 14 19 119 154 711 80 369 166 3651 1179 199627 757 14 44 30 600 80 369 153 4 153 80 199627 184 1084 3621 154 3800 490 1179 1191182 -1 -1 0 0 0 0 8 8 9 7 7 9 7 3 4 3 0 0
"a263fd7105f427b9" 24 369 13 74 1992 80 184 1084 83 30 1299 47 80 199627 90 1037 70 80 184 1084 251 154 3922 12188 1179 1191183 -1 -1 0 0 0 0 7 6 7 6 5 5 3 5 5 4 0 0
"4333fbd5d35fdc11" 28 15756 70 42 44 28 4274 80 330 747 19 10346 80 199627 456 4 1015 14 19 119 154 711 80 199375 119 60 70 621 1179 1191184 -1 -1 0 0 0 0 9 8 9 7 6 8 6 4 3 4 0 0
"26c228f9ac992658" 49 4 229 146 6762 208014 154 4823 80 344 595 80 199627 192 386 4 1110 14 80 43 30 2505 4 251 749 199372 199627 1525 24 30 4355 80 200450 2630 184 6 824 80 199627 200449 44 103 1605 80 344 70 184 114 2728 1179 1191185 -1 -1 0 0 0 0 7 7 7 6 5 5 3 5 5 4 0 0
"6c855411e4688d42" 50 184 1267 3744 103 721 80 330 229 1030 271 206 80 199627 200450 27 51 554 161 90 453 1957 70 41 44 224 1179 199627 859 2360 5887 80 30 275 77 30 779 80 199627 74 161 114 1525 770 89 80 859 11 20 24053 1179 1191186 -1 -1 0 0 0 0 8 8 9 7 6 6 4 3 4 3 0 0
"d47021c6df63cd13" 52 1303 835 70 369 7 104 4 25 28 319 80 199627 90 199375 20 747 36 1750 80 369 229 590 1678 1179 199627 5869 83 154 18200 80 16520 747 36 30 2919 80 199627 757 14 44 30 600 80 4 153 369 127 150 24 80 474 199372 1191187 -1 -1 0 0 0 0 8 7 8 7 6 6 6 4 7 5 0 0
"f864e0ed39d1ad61" 24 184 443 127 3490 2266 80 200450 1057 60 42 80 199627 200449 184 443 127 161 275 80 184 229 2279 42 1179 1191188 -1 -1 0 0 0 0 8 7 8 7 6 6 4 5 6 4 0 0
"9aea9a31d691ba73" 48 1525 24 30 4355 80 200450 2630 1334 17 1902 80 199627 15756 70 42 44 28 4274 80 249 297 1818 229 6825 1179 199627 13 74 1992 80 184 1084 153 559 19 2630 80 199627 11 232 5881 80 184 229 299 590 14596 1179 1191189 -1 -1 0 0 0 0 7 6 7 6 5 5 3 5 5 4 0 0
"bd66b6657f4a5113" 51 4 2455 42 83 14 80 249 16520 904 19 154 706 80 199627 456 4 1015 14 19 119 154 711 80 369 229 590 1828 1179 199627 4 119 43 4 1267 119 80 199375 11 32 3274 80 199627 4 90 14 80 859 232 2659 796 1179 1191190 -1 -1 0 0 0 0 7 6 8 6 6 7 5 4 5 4 0 0
"db425bf9036a20f9" 48 1183 14 61 102 4 13 362 887 80 74 511 1081 80 199627 43 30 2505 4 251 80 129 80 4 12215 28 994 199372 199627 859 2360 5887 80 11 1629 770 2995 80 199627 49 271 61 80 859 3737 1217 30 594 1179 1191191 -1 -1 0 0 0 0 8 8 9 7 6 6 5 4 8 5 0 0
"7b094d068601c16a" 47 90 1037 70 103 3645 80 16520 808 1718 583 80 199627 453 4 290 283 24 80 369 229 590 35 1179 199627 1525 24 30 4355 80 200450 11 232 83 4039 80 199627 74 161 378 153 80 24506 20 271 1577 1412 1179 1191192 -1 -1 0 0 0 0 7 6 7 6 5 5 3 5 5 4 0 0
"f4c340b39b4aeccb" 46 173 10390 14 76 30 1051 80 866 30 2203 80 199627 369 114 13 1061 425 80 43 51 2601 2425 1179 199627 1303 835 70 369 7 104 4 25 28 319 80 199627 49 4 80 28 61 80 199375 1274 18071 1179 1191193 -1 -1 0 0 0 0 8 7 8 7 6 6 7 4 7 4 0 0
"7c5880daafb53fa7" 33 553 89 30 2224 80 120 30 1775 507 80 199627 757 14 44 30 600 192 369 153 4 153 80 199627 1334 44 103 257 80 19881 83 51 1183 1179 1191194 -1 -1 0 0 0 0 6 7 8 7 8 6 4 4 7 5 0 0
"cf2ed4cc00ecb99e" 41 103 1899 706 70 407 44 51 1010 80 199627 15756 70 42 44 28 4274 80 747 19 6233 80 199627 772 36 8018 80 13 74 1992 80 199627 11 277 19 453 60 76 77 103 5462 1179 1191195 -1 -1 0 0 0 0 7 6 7 6 5 3 3 9 3 6 0 0
"8b850299143beaf2" 21 4 566 28 1663 3623 80 28 788 14122 80 199627 1303 835 70 369 7 80 550 70 1478 1179 1191196 -1 -1 0 0 0 0 8 8 7 9 9 3 2 2 10 7 0 0
"16fd66b83a96da62" 20 3893 53901 80 3470 44 30 876 80 199627 49 382 90 382 721 80 199375 96 245 896 1179 1191197 -1 -1 0 0 0 0 7 5 7 6 8 7 4 3 5 4 0 0
"88fd6889a7ea660f" 38 43 51 5854 4 492 77 14 80 1734 14 102 51 7433 80 199627 757 14 44 30 600 192 369 153 4 153 80 199627 249 369 22 120 4 232 14 44 30 419 1179 1191198 -1 -1 0 0 0 0 7 9 8 6 7 8 5 3 7 5 0 0
"4ded4a7dc46f12ce" 51 199375 61 4 1274 80 249 17 511 513 4 80 199627 4 6 824 178 28 4485 80 154 396 104 33 80 199627 90 199375 232 5869 83 154 18200 80 28 2755 77 2331 80 199627 747 19 2919 36 28 61 80 49 51 10973 3167 1179 1191199 -1 -1 0 0 0 0 8 9 7 6 4 2 4 6 8 6 0 0
"0cc06d6659b0519c" 25 1015 14 279 4 166 1015 14 80 285 369 229 1534 80 199627 90 199375 27 51 554 721 80 630 4 804 1179 1191200 -1 -1 0 0 0 0 6 7 7 5 6 3 3 3 6 5 0 0
"59f739bf32c3e282" 23 369 166 212 103 8620 80 550 174 396 19 2728 80 199627 1624 2023 107 408 14 80 550 17 3671 1179 1191201 -1 -1 0 0 0 0 5 5 6 4 4 5 1 2 2 4 0 0
"49934aed8c4412b1" 47 4617 19 30 17501 80 227 275 2012 80 199627 90 369 443 127 161 275 19 1057 80 1267 453 60 151 80 199627 192 43 30 2505 4 251 80 277 19 1525 14 89 80 199627 369 22 120 4 707 28 5228 1179 1191202 -1 -1 0 0 0 0 9 9 10 8 9 4 2 2 5 5 0 0
"3a30b1af8de7db2a" 22 158 16520 71954 80 378 4 4438 13 80 199627 154 4 146 6762 178 14 80 11 904 14 90150 1179 1191203 -1 -1 0 0 0 0 8 9 7 6 7 5 3 8 5 6 0 0
"f575524a4d61b461" 37 915 5843 154 2267 80 120 14 13 43 4 127 80 199627 10390 14 76 30 1051 80 44 30 3399 80 199627 43 30 2505 4 251 80 166 4 13 16520 83 31 1179 1191204 -1 -1 0 0 0 0 9 8 9 6 7 3 4 2 3 4 0 0
"fb66a1c14c8fd497" 27 6 824 158 330 68 406 80 199375 453 603 2967 24 80 199627 229 637 590 4633 49 14 80 199375 453 603 2718 154 1179 1191205 -1 -1 0 0 0 0 8 7 7 5 5 6 2 5 3 4 0 0
"73b5d04d4e4c35c0" 52 798 389 222 287 80 7400 49 30 1262 721 80 199627 1183 14 61 102 4 13 362 887 80 1267 32 33 80 199627 4 394 14 19 119 154 711 80 425 1629 14 4522 80 199627 590 453 60 19 30 31 80 630 28 5332 804 1179 1191206 -1 -1 0 0 0 0 9 10 10 9 9 6 1 2 3 5 0 0
"36346bc73bef6c09" 27 144 70 28 6164 80 199375 146 460 44 80 199627 90 49 4 25 28 319 80 199375 1057 90 61 1274 80 199375 999 1179 1191207 -1 -1 0 0 0 0 7 6 7 6 8 7 6 5 9 5 0 0
"89031e809c69c108" 45 8702 44 28 29 10534 80 231 192 1779 80 199627 249 10390 14 76 77 30 1051 80 4 453 14 4523 80 199627 1303 835 70 369 7 80 90 344 150 61 80 199627 344 70 369 7 19 2995 549 1179 1191208 -1 -1 0 0 0 0 7 5 7 9 9 4 2 2 9 6 0 0
"f3358e438045c737" 24 90 44 30 3482 80 859 212 30 74174 2988 80 199627 3490 2266 104 70 184 7 19 453 30 1237 4523 1179 1191209 -1 -1 0 0 0 0 8 8 10 10 9 8 3 4 7 5 0 0
"dd9e721d24cd1df9" 33 330 152 19 2651 14 89 80 199627 249 369 229 11430 89 80 199627 590 453 70 297 4180 283 24 80 199627 200449 16520 11 174 1330 5887 36 154 1179 1191210 -1 -1 0 0 0 0 10 9 9 10 8 7 2 2 3 3 0 0
"fbdd397d20f4ad64" 34 369 1267 283 51 855 144 80 199627 103 1899 706 80 60 70 407 44 51 1010 1179 199627 249 425 16520 227 60 340 80 199627 103 229 43 60 786 1179 1191211 -1 -1 0 0 0 0 9 7 8 8 7 6 3 5 4 4 0 0
"a37c8f3d89b87388" 48 743 290 236174 60 80 199627 11 2975 89 90 212 51 2389 1179 199627 1183 14 61 102 4 13 362 887 80 199627 200449 103 234898 192 5730 1179 199627 394 14 119 154 711 4 119 80 199627 4 153 16520 146 590 2663 1179 1191212 -1 -1 0 0 0 0 9 10 9 10 8 8 2 2 3 3 0 0
"45c6f1b949d50866" 23 352 391 70 3642 80 199627 255 5360 60 340 1179 199627 553 89 2224 80 199627 11 19 106 30 3635 1179 1191213 -1 -1 0 0 0 0 8 9 6 6 5 6 2 2 3 3 0 0
"773bbea705a95440" 34 184 215 17 20 43 184 558 20 80 199627 249 1303 835 80 173 70 369 7 1179 199627 74 7 36 6399 768 4355 80 199627 11 20 25 28 319 1179 1191214 -1 -1 0 0 0 0 7 8 9 9 7 6 3 6 8 6 0 0
"d44c8699a15c0118" 28 369 229 146 454 80 199627 90 16520 5869 83 154 18200 1179 199627 90 1037 70 103 206 80 199627 1334 808 1718 80 808 7917 1179 1191215 -1 -1 0 0 0 0 9 9 8 8 6 5 2 3 4 4 0 0
"640a315318338128" 46 28 5730 61 80 28 246 104 1351 80 199627 369 7 245 61 19 2203 28 234833 1051 4251 1179 199627 1015 14 279 80 4 166 1015 14 279 80 11305 11305 80 199627 200449 369 1267 232 227 80 1267 232 1618 1179 1191216 -1 -1 0 0 0 0 7 8 7 9 6 5 3 3 6 6 0 0
"20a190dc9b530b44" 41 70 4713 80 344 70 369 7 80 199627 229 6802 97 77 603 1525 14 19 28 6273 1179 199627 1183 14 61 102 4 13 362 887 80 199627 859 232 1409 30 8888 80 8986 554 1653 1179 1191217 -1 -1 0 0 0 0 9 10 10 10 8 7 2 2 3 3 0 0
"6c3aae3c70e3e00b" 49 297 1214 330 20 11535 83 14 102 32699 80 199627 249 5943 146 153 14 102 4 119 80 4 127 30 2557 1179 199627 757 14 44 30 600 90 199375 153 4 153 80 199627 249 279 114 629 1089 770 80 344 36 561 1179 1191218 -1 -1 0 0 0 0 9 8 7 6 6 6 2 3 6 6 0 0
"cff79d9d55ac9887" 21 887 80 12400 80 4322 80 200450 283 60 80 199627 859 1057 44 61 1274 80 146 590 3571 1179 1191219 -1 -1 0 0 0 0 6 7 8 9 6 6 2 4 8 6 0 0
"3892f2ccad419467" 43 11 51 783 77 154 2938 2346 80 199627 344 70 184 7 19 106 1366 90 50 1179 199627 249 297 15756 566 70 42 44 28 4274 80 199627 3490 2266 163 80 71 453 60 4597 80 1267 855 1179 1191220 -1 -1 0 0 0 0 9 8 8 6 5 5 3 7 4 4 0 0
"0b06204375ecb835" 41 4 146 1513 14 19 120 208 80 199627 249 369 166 212 60 80 103 3032 11 174 2988 1179 199627 369 1267 707 544 80 2380 28 1257 90 4300 80 199627 166 232 227 44 103 3757 1179 1191221 -1 -1 0 0 0 0 8 8 6 7 6 6 3 5 7 6 0 0
"5c524fb3dd724da8" 44 4 146 153 30 139 184 5613 80 199627 249 184 232 10716 19 30 17501 80 576 517 1179 199627 60 1866 17 20 613 80 249 550 271 61 1742 80 199627 859 453 60 1209 80 11 592 90 13 1179 1191222 -1 -1 0 0 0 0 7 8 8 6 5 6 3 6 8 7 0 0
"d074aec419a6d5c7" 49 206 19 283 12228 80 1267 3002 90 782 80 199627 229 590 632 1501 369 3737 30 31 80 22 630 845 804 1179 199627 3893 53901 80 807 127 28 24 80 28 1895 768 222 80 199627 257 859 3558 80 3737 36 30 1121 1179 1191223 -1 -1 0 0 0 0 9 7 8 8 5 6 3 3 4 4 0 0
"e6b0ec654c6ecd84" 38 127 3490 2266 80 1267 453 60 2012 80 199627 90 1037 70 80 590 630 30 1841 1179 199627 158 16520 71954 80 199375 629 24 3274 80 199627 166 232 14 8135 36 174 722 1179 1191224 -1 -1 0 0 0 0 0 0 0 0 0 0 0 0 0 0 0 0
"b1af3fa156f03fa4" 21 5869 83 154 18200 80 421 60 879 80 199627 8702 44 28 29 10534 80 550 51 8704 5723 1179 1191225 -1 -1 0 0 0 0 5 6 7 6 5 5 3 3 4 4 0 0
"282f962a0a52b027" 52 2013 290 53343 60 80 586 60 174 633 80 199627 90 44 30 3482 330 212 51 74174 80 453 60 51 911 997 5970 22717 1179 199627 249 369 166 212 60 80 1267 2934 849 80 199627 590 27 51 554 3455 80 1267 1032 28 29 11456 1179 1191226 -1 -1 0 0 0 0 0 0 0 0 0 0 0 0 0 0 0 0
"26c073186e3e35bc" 23 70 28 6164 80 1267 120 603 208 80 199627 17 43 184 558 20 80 1267 2995 80 8480 80 920 1179 1191227 -1 -1 0 0 0 0 5 7 6 6 6 4 3 4 7 6 0 0
"d2d327db678b0679" 16 1514 150 600 330 5845 192 790 80 199627 119294 70 43275 1156 8271 2203 1179 1191228 -1 -1 0 0 0 0 7 6 9 7 5 6 2 4 3 4 0 0
"15dd5854ce47d0e5" 24 285 103 104 36 70 28 5569 80 518 127 28 24 80 199627 51 2780 6841 80 51 4830 859 146 3452 1179 1191229 -1 -1 0 0 0 0 7 8 7 8 7 6 3 3 5 5 0 0
"e9e03dc101c00265" 28 352 136 352 484 107 19 185 19 14 80 1267 967 606 80 199627 4 1866 425 28590 80 453 150 139 76 77 150 33765 1179 1191230 -1 -1 0 0 0 0 6 8 5 6 5 5 3 3 4 6 0 0
"e6e1f73d7c856513" 45 4 492 51 13185 80 590 283 6438 80 199627 102 51 4607 80 146 590 632 80 60 11 17508 1179 199627 44869 83 31 77 30 39 80 16520 11 280 353 80 199627 590 2651 30 5099 80 5268 90 8250 1179 1191231 -1 -1 0 0 0 0 0 0 0 0 0 0 0 0 0 0 0 0
"8ca329dd1d9bce32" 24 70 330 251 104 962 80 249 369 22 436 8 706 80 199627 146 293 28 646 80 550 70 30 1299 1179 1191232 -1 -1 0 0 0 0 6 9 4 7 6 4 3 2 5 6 0 0
"d1ee2fed44332b86" 48 192 234 1043 80 249 369 22 20 161 80 199627 1514 4 215 80 283 60 370 90 96 896 1179 199627 4 146 590 350 711 80 369 6 7 150 2317 80 199627 505 80 199375 232 548 80 206 19 1082 60 42 1179 1191233 -1 -1 0 0 0 0 8 8 7 6 7 5 3 4 6 5 0 0
"d83c5abd6868a5a8" 47 330 229 389 2597 80 44 103 39 199375 453 28 29 80 199627 90 51 3752 80 199375 212 51 972 80 236175 30 5444 1179 199627 74 3592 535 80 11 590 490 80 199627 166 638 14 89 80 74 1539 559 1779 1179 1191234 -1 -1 0 0 0 0 9 6 6 6 7 5 2 3 4 6 0 0
"2e1afd6edb3a2c55" 44 4 7 4 80 166 7646 83 709 80 199627 798 370 404 60 253 80 206 36 51 554 2252 1179 199627 709 3918 9332 80 590 1439 60 42 6392 80 199627 166 592 19 13 43 2628 1159 44 2425 1179 1191235 -1 -1 0 0 0 0 0 0 0 0 0 0 0 0 0 0 0 0
"1f92f57ec56dd462" 22 398 332 70 406 80 249 369 22 3591 80 199627 5014 956 2533 241 80 590 453 28 29 55 1179 1191236 -1 -1 0 0 0 0 7 8 6 6 8 5 2 2 4 5 0 0
"fd55552a3557471d" 43 27693 87806 80 199375 453 60 4300 80 199627 90 120 14 212 451 80 590 3737 36 30 1121 1179 199627 105994 28135 80 590 630 28 7536 80 199627 590 4522 80 22 20 4574 80 199375 2203 30 1051 1179 1191237 -1 -1 0 0 0 0 9 7 9 6 7 5 2 3 3 5 0 0
"b3321a2c33d52e8c" 24 600 2669 388 80 229 74 206 19 2636 80 199627 5804 42 51 18126 553 80 51 1369 154 166 20 2651 1179 1191238 -1 -1 0 0 0 0 8 6 5 6 5 4 2 3 3 4 0 0