304
1298
1519
1896
2226
2285
2455
4667
4670
4699
4756
4780
4983
5326
5730
6153
6266
6984
8511
8959
9187
9429
10217
10355
10532
10797
11700
11764
12138
13022
13380
14795
14990
15385
15825
16334
16696
16950
17355
18192
18490
19600
20792
20882
20910
21146
21314
21856
21869
22090
22919
23026
23452
24074
24524
24709
25871
25992
26241
26248
26389
26944
27160
28950
29189
29220
29518
30877
31522
32070
32350
32388
32477
32489
32547
34223
34846
35035
35052
35666
35706
35793
36243
37217
38205
38986
39346
39628
39804
40137
40317
40710
41175
41399
42174
42214
42226
42428
42851
43463
43529
44061
45214
46173
46627
47202
47672
47738
48343
48370
48546
49064
49448
49544
50440
51238
51758
51768
53207
53545
54255
54281
54292
54358
58005
58552
59909
60387
60593
60739
61170
61948
62120
62414
62543
62758
62903
63511
63870
64496
64821
65322
65745
66171
67050
68177
68348
69112
69343
71337
71396
71792
71808
71829
71994
72591
73233
74159
75778
76192
76356
79010
79120
79362
79759
80712
80768
80924
81481
81570
81740
81792
82260
82784
83085
83129
83230
84184
84801
85229
85657
85699
86383
87728
87843
89746
89906
90045
90318
90525
90558
90657
91031
91921
92106
92163
92364
92477
92691
93283
93315
94176
94756
95415
95768
96039
96188
96603
96639
97045
98150
98877
99267
99419
99695
99936
101121
102491
103086
104533
105573
106921
107594
108152
108370
109170
110002
111363
112003
112527
113695
113932
114283
115179
116962
117485
117783
117925
118356
118437
120739
120924
121481
121485
122268
122646
122991
124274
124798
125588
126232
126727
127223
127238
128441
128449
129122
129147
129162
129300
129405
129862
129892
130393
130939
132776
132857
134255
134402
135144
135864
136371
136864
137759
138345
138557
138771
139469
139568
139854
140290
140530
141568
141930
142065
142403
142626
142785
143367
143412
143592
144010
144712
144889
145073
145500
145548
146337
146460
146790
147640
148667
149267
151059
151244
151364
151512
152847
153147
153342
153547
153862
154011
154459
155454
156136
156540
156697
156768
157698
158005
158017
159268
159457
159619
162475
162511
162842
163402
163408
164611
164708
165044
165334
165401
166758
167590
168296
168947
170966
171335
171946
172362
173322
173598
173876
173952
173984
175059
175078
175228
175624
175936
175948
176074
176211
176222
176528
176772
177220
177765
177923
177949
178269
180136
182065
183835
184356
184427
184579
186195
186479
187685
188165
188208