210
251
411
417
1034
1851
2249
2460
3023
3182
3408
3668
4362
4364
4596
4615
4957
5777
6383
6779
7425
7469
8657
9097
9344
9467
10522
10550
10568
11666
11974
13034
13147
13196
13576
13756
15616
15861
16036
16798
16868
17430
17960
18182
18607
18986
19022
19071
19541
19909
20026
20290
20306
20534
20729
21194
22357
22675
22969
23442
23874
23941
24372
24476
24617
25003
25123
25242
25451
25747
26359
26735
27264
27585
27774
28038
28543
28561
29405
29675
30523
30671
30702
30838
32213
33662
33973
35024
35539
35802
36517
36608
37886
38116
38439
38961
38979
40501
42179
42219
43311
43869
45414
45439
45446
46511
46585
46664
46739
46906
47773
49049
49248
49954
49963
50817
51828
51854
52786
53166
55542
55549
56430
56552
57733
58530
58623
59327
59370
60655
61148
61303
61369
62500
62538
62543
62967
63504
63682
64104
64724
65010
65156
66427
66791
71111
71275
71733
71751
71797
72082
72183
72453
72467
73988
74374
74604
75350
75804
77451
77794
78158
78454
78481
78704
79515
79645
79789
82411
82781
83204
85030
85077
86800
87720
88689
88691
89410
90038
90098
90469
90495
90657
90775
90857
91450
92169
92861
92997
93283
94092
94771
94832
94932
95222
96672
97055
97307
97954
99695
99850
100142
100991
103715
103757
104554
105097
105158
105588
105675
107006
107107
107216
108331
109171
109529
109757
110404
110417
111560
111858
111881
112449
112498
113807
114778
115012
115243
116231
116244
116965
117247
117436
117499
117788
118330
118474
119933
120341
120376
121190
121209
121488
121519
122252
122754
123446
123735
123779
124126
124806
125180
125539
125611
125888
126636
128355
128563
128874
129121
129942
130246
131094
131405
131578
131900
132871
133038
133858
134063
134802
134830
134871
134944
136455
136616
136691
136949
137098
137116
137141
137168
138048
138896
139711
140155
140267
141017
141440
143478
144859
146297
146964
147648
147917
148805
148974
150699
151174
151183
151348
152496
152847
153155
153287
153833
153923
154073
154239
154351
155054
155195
155273
157439
157994
157999
158081
159068
159550
159667
160081
160107
160312
160374
161613
162382
162729
163349
163550
163863
164435
164887
164895
165049
165649
166534
166781
167770
168242
168308
168561
168571
169535
170345
170479
171291
171697
173237
174928
175637
175773
175777
175790
176166
176268
177409
177669
177931
178263
178282
178964
179225
180394
182078
182769
183568
184472
184958
185298
185322
186325
187251
187394
187418
187792
188438