98
289
492
798
980
1053
1974
2066
2192
2429
2609
2974
3159
3664
3772
3916
4439
4756
5764
5805
6266
6616
6661
7038
7250
7560
7580
7895
8426
8642
8665
9547
10494
10756
10906
11030
11693
11883
12300
12411
12507
12976
13332
13594
13891
14663
15507
15647
15683
16872
17163
17351
17659
17857
18594
18607
18633
19197
19255
20043
20811
21444
21713
21794
21864
21920
23021
23086
23298
23463
23529
24385
24541
25117
25147
25599
26679
27115
28111
28305
28657
28699
28998
29453
29471
29803
29995
30614
30915
30958
31118
31534
32532
33035
33312
33439
34839
35061
35270
35609
36984
38136
38172
38969
39308
40302
40800
42230
42235
42443
42446
42879
43231
43264
43280
43566
44195
44280
44373
45103
45963
46627
47738
47777
48307
48770
48810
49387
49954
50065
50520
51116
51164
51825
51878
51895
52020
52181
52195
52741
53402
53855
55275
55624
56210
56525
56761
56764
57704
57718
59173
59367
61650
62023
62277
62289
64525
64594
65103
65291
65371
65605
66008
66911
66937
67468
67629
67933
69337
69452
69476
69626
70628
70704
71217
72045
73534
74968
75808
76282
76783
77666
77755
79400
79555
79585
80450
80919
80983
81232
81725
82205
83013
84240
84817
86559
86724
86983
87126
87521
87607
88061
88906
89417
90045
90365
91492
91713
92158
92660
94406
95056
96234
96578
96902
96943
101340
102005
103206
103715
106617
106831
107215
107575
107870
108454
108643
109898
110398
111384
113906
113988
115024
116054
116147
116444
116448
117164
117331
117925
118474
118758
119266
120147
120148
121167
121471
121539
122718
123344
123435
124089
125601
125673
126978
127426
127823
128378
128524
128604
128850
129021
129130
129227
129743
130915
132847
132879
133500
133962
134105
134818
135063
136401
137860
137988
139268
139880
139953
140241
140260
141030
141712
142072
142229
143042
143412
143539
143592
144609
146430
147564
147655
149010
149648
150919
150948
151556
152219
152857
152958
153520
153672
153930
155338
155892
156040
156442
157684
157943
158070
158397
158420
159269
160939
162172
162385
162507
163245
163484
164111
164300
164765
164852
164856
165723
166051
166467
166888
166968
168009
168235
168296
168376
168947
169068
169079
169758
169783
171355
171783
172731
172741
173141
173274
174959
175082
175112
176256
176273
176461
176722
177570
178274
178806
178923
178932
178941
179427
179666
180097
180746
181017
182877
183019
183037
183510
183567
183677
184044
184601
185739
185990
187753
187848
188014
188486