"61c37dfbe68b8098" 26 95 18642 26980 9683 26981 13 553 26982 26983 13 357 66 23 2321 603 8586 13 553 134 586 1580 35 2440 10273 26984 4 9758 -1 -1 0 0 0 0 6 5 7 6 7 2 2 6 6 4 0 0
"d0e098474fc714db" 22 171 3581 61 13438 13 499 193 14973 3313 13 553 2335 500 87 5282 1854 13 191 639 2536 3313 4 9759 -1 -1 0 0 0 0 7 7 8 6 7 2 2 4 4 4 0 0
"241cb0689beb8d64" 30 12167 12201 9154 13 1071 26985 7120 26986 13 553 1109 1637 702 1071 457 564 1639 13 553 2 7168 26987 621 13 25 349 151 1857 578 4 9760 -1 -1 0 0 0 0 6 7 7 6 7 3 3 4 5 3 0 0
"6f559b3d26cf4a9e" 31 66 10814 10935 13 87 1047 515 415 15964 13 553 2245 8380 2136 11548 1029 13278 13279 13 553 13898 604 13 34 26 26988 13 18365 305 26989 4 9761 -1 -1 0 0 0 0 6 6 6 5 7 4 3 6 3 5 0 0
"123b4d2dcaf47c90" 23 282 5415 13 188 6673 26990 3472 17005 13 553 41 416 504 21298 13 134 26991 20 6242 26992 61 26993 4 9762 -1 -1 0 0 0 0 5 7 7 5 7 3 3 5 6 6 0 0
"979ae5c67eeb5085" 23 2 76 61 163 13 4125 1720 1511 13 553 102 3023 61 53 3024 13 26525 170 26994 26995 636 26996 4 9763 -1 -1 0 0 0 0 5 6 7 6 6 7 6 4 5 3 0 0
"df870f3228dae4b8" 34 41 61 5261 2047 13 66 19686 1568 150 1193 13 553 41 6673 6674 6675 13 23 5255 26997 26998 13 553 2 474 7589 6590 26999 13 191 1509 8245 5159 4 9764 -1 -1 0 0 0 0 8 7 6 6 7 4 3 4 7 5 0 0
"139a18805422f1cd" 33 10082 9702 20 188 4450 23 13 27000 27001 87 13 553 1071 27002 17797 504 704 737 27003 27004 13 553 188 4450 2652 23 13 27005 27006 13 622 27007 4 9765 -1 -1 0 0 0 0 7 8 6 6 7 4 7 4 5 4 0 0
"0eb6d5f30bdce9e5" 32 191 1854 3675 23473 5383 171 27008 13 553 282 5415 13 95 920 22947 13 20 3023 61 3024 13 553 25 5866 27009 13 6121 4505 27010 4337 3753 4 9766 -1 -1 0 0 0 0 6 5 7 5 6 3 3 7 4 5 0 0
"4427960c4fe85933" 36 1160 27011 1162 13 1378 5260 23 20120 13 553 73 143 5201 5199 13 357 150 87 27012 437 13 553 504 87 3472 20749 13 297 106 1379 1488 3998 27013 12674 116 4 9767 -1 -1 0 0 0 0 7 8 7 6 7 4 3 7 4 6 0 0
"a3b8d23deaf54c79" 28 2 532 13 1214 4752 1022 27014 13 553 191 1675 3675 23473 5383 373 27015 13 553 8945 1008 417 396 1580 4738 138 27016 27017 4 9768 -1 -1 0 0 0 0 5 4 7 6 6 2 3 6 3 3 0 0
"9d413b64fbced698" 40 1220 5805 171 5806 13 1488 457 27018 787 13 553 28 588 2267 2268 2269 13 286 27019 27020 13 6083 13 27021 13 553 282 5415 13 2 61 5375 13 35 102 27022 169 1842 14860 4 9769 -1 -1 0 0 0 0 6 6 8 5 6 3 4 5 5 6 0 0
"6177810f9833d69e" 33 20 1863 12367 12368 13 504 87 53 4282 13 553 1488 87 61 27023 95 1890 34 3019 5501 14339 13 553 1863 27024 12368 13 191 13441 2453 13442 27025 27026 9770 -1 -1 0 0 0 0 5 7 6 4 6 3 3 7 4 6 0 0
"4d46e11ebbf041a0" 17 15998 2715 7526 357 410 451 2638 703 553 68 11610 13 10708 3299 358 27027 4 9771 -1 -1 0 0 0 0 6 6 7 6 6 2 3 5 3 6 0 0
"192c53f5dca597d6" 39 41 361 1641 1069 1497 13 1793 22975 353 13 553 357 134 171 61 1806 1207 13 25 87 8382 1862 993 27028 362 13 553 720 588 191 23 8645 13 720 6659 27029 313 1837 4 9772 -1 -1 0 0 0 0 8 7 6 6 6 2 3 4 7 3 0 0
"d0b5849a544ab538" 23 184 297 13 134 34 20992 3327 1088 3030 13 553 357 713 1580 34 27030 13 188 61 410 1069 1825 4 9773 -1 -1 0 0 0 0 7 8 8 9 8 8 7 7 6 7 0 0
"bf11b6508188f3f1" 19 41 61 1069 11492 13 297 596 17479 13 553 1110 3277 12344 1549 1513 27031 27032 61 4 9774 -1 -1 0 0 0 0 7 7 9 8 9 9 5 5 7 6 0 0
"d5a38c993342a00e" 27 34 3241 13 35 1013 1093 68 27033 27034 13 553 357 171 61 1806 6777 27035 1882 191 1765 8078 1043 5518 13 3350 4 4 9775 -1 -1 0 0 0 0 6 9 7 8 7 9 6 6 7 7 0 0
"405bc43e79854835" 22 548 113 854 9061 13 191 1863 27036 27037 27038 553 2 41 61 417 2047 13 720 596 14319 2094 4 9776 -1 -1 0 0 0 0 7 8 8 8 8 7 7 5 8 7 0 0
"1153b24525438d9b" 21 20 5397 1869 35 5390 3048 2038 5158 13 553 66 113 14249 22925 417 27039 11486 2 93 27040 4 9777 -1 -1 0 0 0 0 5 7 9 6 7 8 6 6 7 6 0 0
"5faa020efd328fcc" 21 600 2854 2855 13 66 347 36 2891 566 553 28 188 8741 9413 12391 13 34 26 412 25536 4 9778 -1 -1 0 0 0 0 7 8 6 7 7 8 5 7 6 6 0 0
"182cdaa4a9116813" 24 150 484 9366 9367 9368 357 3503 11067 2826 13 553 2 3241 146 171 5753 297 66 5754 5755 2 3230 27041 4 9779 -1 -1 0 0 0 0 7 8 6 7 8 8 5 6 7 6 0 0
"672a39608fa48b66" 24 41 26 1131 3313 12124 13 1122 27042 543 13 553 1109 1637 1638 564 1639 13 1052 1220 5805 171 17403 125 4 9780 -1 -1 0 0 0 0 5 7 8 7 8 9 4 7 6 6 0 0
"474daadf553cf6bd" 20 23 2321 603 4824 1862 191 1714 6420 27043 13 553 449 27044 27045 11283 5719 20 15054 27046 4 9781 -1 -1 0 0 0 0 6 8 7 7 8 7 6 5 7 6 0 0
"e4a1fca7d85aeb29" 15 13898 21156 13 504 13 553 23 18890 7204 2 1052 347 304 367 4 9782 -1 -1 0 0 0 0 7 7 6 8 9 7 5 4 6 6 0 0
"f7fdcb20cad0cef6" 36 1220 5805 171 5806 2 6105 27047 2086 553 2785 15340 13 2 373 25024 699 553 171 3581 61 13438 13 1549 297 61 27048 282 347 36 6785 38 61 545 1232 27049 4 9783 -1 -1 0 0 0 0 6 8 8 9 8 8 5 3 6 7 0 0
"80bff2209f70d933" 37 2 4361 61 163 13 61 27050 7675 1184 150 2423 286 553 2 134 586 13 1580 1840 27051 737 1842 5839 27052 553 357 417 7069 347 13278 27053 151 388 12624 330 329 4 9784 -1 -1 0 0 0 0 6 7 6 7 8 7 5 5 6 7 0 0
"90656475d4a3d53f" 21 1863 1420 25 1817 13 2 297 976 3297 553 1549 184 297 13 134 34 20992 3327 1088 3030 4 9785 -1 -1 0 0 0 0 7 8 7 8 8 7 6 6 6 6 0 0
"0a60157ff4d0ff42" 19 191 1637 702 28 564 1639 13 553 27054 727 353 21135 13 357 76 61 737 10604 4 9786 -1 -1 0 0 0 0 5 8 6 8 8 6 5 7 6 7 0 0
"43d13aced19d5727" 16 191 113 2453 13442 25055 13 553 548 532 125 21291 20871 1552 621 12743 4 9787 -1 -1 0 0 0 0 4 5 6 7 6 7 4 6 5 6 0 0
"67703678c8d6b9ba" 18 347 36 151 991 27055 22228 13 553 95 1342 5415 504 113 13 499 1780 27056 4 9788 -1 -1 0 0 0 0 6 8 7 4 6 6 3 5 4 8 0 0
"6d4c131831638731" 17 2700 13065 61 113 27057 2006 2038 13 553 1109 1637 702 499 286 417 628 4 9789 -1 -1 0 0 0 0 7 7 6 4 5 6 3 7 5 6 0 0
"9557c1d407ec6829" 22 28 5530 150 27058 13 66 2652 5399 6912 13 553 34 6675 20461 27059 1071 66 26 171 6785 4304 4 9790 -1 -1 0 0 0 0 7 9 7 5 6 6 5 6 8 7 0 0
"cf29653f535c43d0" 21 34 10431 35 188 61 1069 1825 13 553 357 532 113 23 1232 13 311 150 2861 3497 27060 4 9791 -1 -1 0 0 0 0 6 9 7 5 6 7 6 5 8 5 0 0
"9ef294fa3ae953f3" 16 540 8380 355 27061 27062 13 553 720 737 588 27063 534 353 15194 3327 4 9792 -1 -1 0 0 0 0 7 8 8 4 6 7 4 4 7 6 0 0
"74a17f7944751d73" 16 1071 517 2267 2239 4397 13 553 1016 1829 796 1571 150 36 151 27064 4 9793 -1 -1 0 0 0 0 6 8 6 6 5 7 4 5 6 5 0 0
"9e849f793d90a45f" 12 20 1675 23473 5383 338 13 553 11443 27065 7847 27066 4 9794 -1 -1 0 0 0 0 7 6 8 3 6 4 4 5 4 7 0 0
"999563ebeef63efe" 18 35 34 26508 6612 1580 34 619 13 553 1071 87 15044 27067 15365 27068 19879 27069 4 9795 -1 -1 0 0 0 0 5 8 6 4 6 6 5 5 8 6 0 0
"56dcdc3101ad6c33" 20 600 11692 17992 2 13441 2431 27070 13 553 297 720 13678 2734 1522 17473 95 27071 27072 1664 4 9796 -1 -1 0 0 0 0 6 6 5 6 4 4 3 8 4 8 0 0
"fd692f07babe2de3" 27 504 150 1507 1580 102 1863 1492 13 553 34 26 87 1131 38 26867 357 13 41 1793 2000 1497 1793 4164 20743 170 27073 4 9797 -1 -1 0 0 0 0 7 9 6 6 6 7 5 4 9 5 0 0
"273d05c9421b2213" 26 34 26 12167 12168 9154 171 734 13 553 1071 588 343 150 27074 9154 1293 728 297 720 7548 737 588 8645 329 8646 4 9798 -1 -1 0 0 0 0 7 8 6 5 5 6 5 4 7 6 0 0
"59faa03af9575114" 19 73 1381 5201 2 981 386 27075 13 553 357 66 23 2891 13890 2826 20891 3792 27076 4 9799 -1 -1 0 0 0 0 5 8 5 4 6 4 4 3 5 9 0 0
"1871928a579d739a" 22 2 19970 15051 188 4564 15052 15053 13 553 6564 27077 17763 27078 417 3753 66 1842 297 25734 7805 1664 4 9800 -1 -1 0 0 0 0 6 8 7 4 6 8 5 3 9 5 0 0
"237fe9d7894e8273" 32 41 61 417 2047 13 274 66 372 13 553 282 3075 27079 68 61 530 5415 13 1622 27080 16083 553 66 1868 3044 13 1777 150 1370 606 713 4 9801 -1 -1 0 0 0 0 7 8 6 4 6 7 4 5 8 6 0 0
"829ebcc7b510df2e" 21 150 13085 504 13 347 39 305 446 13 553 357 134 731 840 6398 13 295 286 10248 1029 4 9802 -1 -1 0 0 0 0 7 6 8 5 6 6 4 6 4 6 0 0
"6fe7c7e032182d9a" 29 373 12417 13 357 66 23 1029 578 13 553 171 38 5737 2316 8132 13 553 1099 16740 1190 1284 6274 13 87 425 515 2846 27081 4 9803 -1 -1 0 0 0 0 0 0 0 0 0 0 0 0 0 0 0 0
"0fd5fb837fa5ecd1" 23 1558 515 13 5520 5124 13 852 7150 13 553 357 1821 353 412 11447 13 34 35 2000 530 1007 1032 4 9804 -1 -1 0 0 0 0 0 0 0 0 0 0 0 0 0 0 0 0
"4b55f28a9069f382" 26 41 34 26 3394 13 66 3395 353 13 553 63 13260 361 13261 53 13 553 27082 578 3898 13 731 27083 1878 1042 4 9805 -1 -1 0 0 0 0 0 0 0 0 0 0 0 0 0 0 0 0
"99767cefa3edfd18" 18 134 3085 3086 1720 13 1602 27084 13 553 719 150 36 661 362 675 11452 5141 4 9806 -1 -1 0 0 0 0 0 0 0 0 0 0 0 0 0 0 0 0
"19ae167a9095591a" 18 13887 12387 13 796 27085 5828 36 13 553 102 3897 13 134 26972 373 720 53 4 9807 -1 -1 0 0 0 0 0 0 0 0 0 0 0 0 0 0 0 0
"529c99c084f53b1c" 26 3918 3096 13 150 2518 27086 36 13 553 12239 13411 13412 13 87 171 2454 157 13 553 2 901 1033 14572 134 6083 4 9808 -1 -1 0 0 0 0 0 0 0 0 0 0 0 0 0 0 0 0
"54276b407f47fe18" 30 2 922 676 923 13 357 66 596 1218 2652 1498 2 3338 13 553 347 457 3440 698 8340 2772 13 357 87 1047 171 1498 596 3338 4 9809 -1 -1 0 0 0 0 0 0 0 0 0 0 0 0 0 0 0 0
"c832cb2f796f2ee5" 24 1488 93 115 66 4824 4825 13 295 27087 27088 304 13 553 1487 2477 1029 13881 13 33 27089 7306 530 1534 4 9810 -1 -1 0 0 0 0 0 0 0 0 0 0 0 0 0 0 0 0
"c89dddfe6ba6fd8d" 24 66 915 916 13 27090 4366 134 2531 24808 13 553 687 2324 2325 13 150 95 1342 36 3221 27091 2 19172 4 9811 -1 -1 0 0 0 0 0 0 0 0 0 0 0 0 0 0 0 0
"ad687e2e2b21a2de" 27 353 13 66 23 93 3440 27092 713 53 27093 1862 13 553 95 545 9142 53 1965 13 2 102 655 1920 61 8648 12286 4 9812 -1 -1 0 0 0 0 0 0 0 0 0 0 0 0 0 0 0 0
"d8f4ffb8b6e5d7c4" 32 113 1753 1403 13 87 3314 18590 13 553 835 738 384 191 373 1825 357 7223 10824 13 553 3327 3488 7320 7321 13 87 676 1131 27094 2204 11372 4 9813 -1 -1 0 0 0 0 0 0 0 0 0 0 0 0 0 0 0 0
"1489bc263d6b7783" 19 591 286 6621 16428 845 13 553 598 599 645 305 106 13 2 1315 27095 27096 330 4 9814 -1 -1 0 0 0 0 0 0 0 0 0 0 0 0 0 0 0 0
"0bf208d4e7bbb2c1" 26 20 4087 1109 3737 13 2 27097 16381 2236 13 553 34 1376 4594 4595 432 13 2 1604 171 27098 1605 2 11490 3001 4 9815 -1 -1 0 0 0 0 0 0 0 0 0 0 0 0 0 0 0 0
"31c8dd0abd0c3b6a" 34 41 956 392 3829 13 553 27099 113 1549 713 6864 27100 13 553 5001 66 574 13 1580 117 25 703 13 553 8146 8147 8121 13 4828 1379 171 26393 6025 4 9816 -1 -1 0 0 0 0 0 0 0 0 0 0 0 0 0 0 0 0
"01e9d7adaba4c528" 39 191 7231 7113 14957 14958 13 553 66 347 1613 27101 27102 548 25405 7353 504 13 553 171 311 61 359 27103 18146 7013 13 553 1734 9321 9322 19854 13 1549 457 3635 1033 358 7013 4 9817 -1 -1 0 0 0 0 0 0 0 0 0 0 0 0 0 0 0 0
"a83f867e28eb5db4" 37 35 2928 171 2331 1071 1778 2810 13 553 27104 13581 27105 27106 27107 27108 27109 13 553 12850 27110 2 12851 12852 13 553 14295 2038 27111 1549 1376 3302 6240 171 14407 27112 27112 4 9818 -1 -1 0 0 0 0 3 7 5 6 6 4 4 4 6 7 0 0
"12e80a39f81fe38c" 39 482 752 753 763 764 188 13 553 287 1013 188 27113 134 27114 27115 13 553 598 599 645 305 87 106 12157 305 13 553 27116 3302 27117 367 13 1034 410 3297 12157 633 297 4 9819 -1 -1 0 0 0 0 5 5 4 3 5 6 3 3 6 6 0 0
"d3d5e5b16620ad5b" 49 1071 1510 606 150 796 188 27118 13 553 297 95 150 1765 13085 13 4505 87 3302 1077 17817 13 553 95 1047 9142 53 1965 13 191 1762 515 5445 1604 13 553 357 66 347 2305 13 23 27119 13 1580 12931 12933 3070 9192 4 9820 -1 -1 0 0 0 0 8 8 9 7 7 9 7 6 5 4 0 0
"236ed92b45f9cc63" 49 66 915 916 13 87 388 8319 1007 17841 13 553 27120 27120 13 66 23 191 15766 15767 13 553 5074 2018 2 23 20 452 15768 8405 4015 13 553 191 13419 13060 13420 13 499 2305 25 452 27121 2 7335 27122 10112 27123 68 4 9821 -1 -1 0 0 0 0 7 7 8 6 6 8 5 7 4 5 0 0
"a446d7c55d4019bb" 19 95 61 720 4346 47 4044 5381 13 553 835 738 384 191 534 1293 34 35 1558 4 9822 -1 -1 0 0 0 0 4 4 3 5 4 3 4 3 5 5 0 0
"4ca2a140d54b2289" 17 2 25146 2416 20 637 2236 13 553 353 2 174 3541 722 27124 2 27125 4 9823 -1 -1 0 0 0 0 6 6 5 5 5 5 5 5 6 4 0 0
"1cfb44371918305a" 34 8146 8147 8121 13 357 66 347 2305 1319 13 553 1130 191 171 1190 1284 6274 13 553 35 11047 8724 61 11048 11049 13 553 357 66 113 24324 171 11412 4 9824 -1 -1 0 0 0 0 4 5 5 6 7 4 5 4 7 3 0 0
"9051d338ca8750cf" 31 10466 13 341 1379 2 27126 13 553 2 2905 1862 6630 2715 6541 13 553 1488 34 26 14702 308 5828 13 553 499 66 3554 27127 26112 3965 4 9825 -1 -1 0 0 0 0 6 7 6 6 6 6 8 7 4 5 0 0
"33ebccf564a46094" 41 134 3085 2812 1720 13 553 23 412 12188 27128 2 7168 719 150 36 661 27129 27130 13 553 357 171 2454 157 13412 61 5520 27131 13 553 2 12239 13411 13 357 1016 27132 18202 1093 3290 4 9826 -1 -1 0 0 0 0 4 3 4 5 4 5 6 5 3 4 0 0
"c5cc50c9b3f5ce32" 40 23 1305 349 8210 3663 13 23 2168 93 13 553 357 9929 5525 358 27133 13 553 2978 1580 1376 6240 171 14407 13 553 357 5001 1420 25 39 13 2 34 645 305 171 1726 27134 4 9827 -1 -1 0 0 0 0 7 8 8 6 6 6 7 6 5 6 0 0
"0f4d5b2ae57c5f41" 33 13887 12387 2 2335 25 976 13 553 41 12157 188 1643 845 27135 27136 13 553 41 956 392 3829 13 553 12913 113 5101 151 7592 24065 171 1054 845 4 9828 -1 -1 0 0 0 0 5 5 5 5 5 4 5 5 4 5 0 0
"fc0b1cbb6321afbd" 43 373 12417 13 87 61 308 1303 515 13 553 66 113 824 20 520 24520 3686 47 27137 27138 2531 27139 13 553 24639 1319 13 66 23 6701 7329 5852 13 553 171 6270 5737 2316 8132 2 27140 27141 4 9829 -1 -1 0 0 0 0 6 6 7 4 4 5 5 5 3 4 0 0
"7107e9c149a9c621" 59 41 34 27142 357 1315 188 27143 171 27144 5011 27145 27146 15983 3838 3478 13 553 34 1376 4594 4595 432 34 27147 357 2 1109 1110 308 27148 13 553 482 752 753 763 764 188 13 553 63 13260 361 13261 53 13 357 66 23 412 27149 2 6105 21022 27150 1071 27151 18 4 9830 -1 -1 0 0 0 0 4 6 5 7 6 6 4 5 6 7 0 0
"aa6a7427f7df0b74" 19 2002 2151 596 774 171 10198 13 553 27152 13 1580 27153 13881 47 6371 14359 8188 436 4 9831 -1 -1 0 0 0 0 4 4 4 4 3 5 4 4 4 3 0 0
"cb0d3b564bab916c" 17 1821 353 412 11447 27154 27155 13 553 150 2062 27156 134 191 731 840 6398 4 9832 -1 -1 0 0 0 0 5 6 5 6 5 5 4 4 4 5 0 0
"fc9fc9c0cb6ddb51" 20 5140 1753 1403 13 87 61 171 17465 13 553 1697 1094 7306 3302 357 515 3358 61 27157 4 9833 -1 -1 0 0 0 0 6 7 9 6 7 7 3 3 6 4 0 0
"b6867b74e30805eb" 19 66 347 457 3440 698 8340 2772 13 553 357 12849 12850 12852 12851 20 61 27158 15303 4 9834 -1 -1 0 0 0 0 8 9 7 8 7 5 2 3 2 3 0 0
"ae8b6d62595b1cfb" 23 3327 3488 7320 7321 13 87 27159 9423 27160 13 553 598 599 645 305 25 113 13 341 3120 2338 27161 4 9835 -1 -1 0 0 0 0 7 7 9 8 7 6 3 3 7 4 0 0
"76d6c4b267d26d47" 24 300 3895 13 66 27162 353 27163 13 553 41 34 26 3394 13 3395 353 13 942 3302 18 150 14827 27164 4 9836 -1 -1 0 0 0 0 6 7 8 7 6 6 3 2 4 4 0 0
"1b05db9e7bfea07d" 18 901 1033 14572 13 27165 15659 358 13 553 1558 515 13 66 8140 530 27166 27167 4 9837 -1 -1 0 0 0 0 5 6 7 6 5 4 2 3 3 5 0 0
"5d7fa45df792bbba" 34 171 27168 10354 15563 882 396 13 553 922 676 923 191 27169 21770 13 27170 4087 13 553 95 545 9142 53 1965 936 13 545 457 12700 20 66 27171 3195 4 9838 -1 -1 0 0 0 0 7 8 7 8 6 6 4 4 3 7 0 0
"d7c6320da13c768c" 27 66 915 916 13 150 87 36 171 91 13 553 150 13085 504 13 347 2305 33 13 87 150 146 36 27172 4 68 13 9839 -1 -1 0 0 0 0 6 6 7 5 5 6 3 2 2 4 0 0
"706d51e183b4bdc9" 33 353 66 27173 27174 2 27175 10219 1720 13 553 134 3085 3086 1720 13 150 489 23281 1178 1808 17688 21527 14937 13 553 27176 1125 66 23 27177 4330 27178 4 9840 -1 -1 0 0 0 0 7 8 9 8 6 6 4 3 5 4 0 0
"330657134a37b698" 21 287 1013 3293 13 23 12036 20 27179 13 553 357 1734 9321 27180 13 265 2959 27181 4 68 13 9841 -1 -1 0 0 0 0 6 7 8 6 6 5 3 3 3 3 0 0
"02e00fb3c857eb4c" 31 1488 93 94 66 4824 4825 13 553 34 154 93 94 35 7804 286 27182 13 34 26 5828 20 11429 35 34 36 1487 6927 27180 4 68 13 9842 -1 -1 0 0 0 0 6 8 7 8 5 5 3 4 2 6 0 0
"a09b0f109e88cdc2" 27 12239 13411 63 171 2454 157 13412 13 553 7231 7113 14958 14957 13 27183 2505 5141 23098 13 23 1750 1033 113 8377 4 68 13 9843 -1 -1 0 0 0 0 7 7 6 7 6 6 3 2 3 5 0 0
"6d19bee7cf537e74" 28 8146 8147 8121 357 150 14748 521 13 553 12513 11047 8724 61 27184 11049 13 17619 27185 845 20 87 268 27186 457 358 4 68 13 9844 -1 -1 0 0 0 0 7 7 6 7 6 5 4 3 2 5 0 0
"2debc438426ad5c7" 39 1376 6240 171 14407 13 373 27187 2200 27188 13 553 13887 12387 13 1857 424 27189 297 1199 7502 27190 235 209 27191 13 553 66 347 457 3440 698 8340 2772 1488 12577 2 17478 12238 4 9845 -1 -1 0 0 0 0 9 9 7 8 7 6 2 3 3 3 0 0
"87e8b18e77a57d90" 18 2 2905 1862 6630 1187 6541 13 553 28 373 27192 13 1109 150 22862 396 721 4 9846 -1 -1 0 0 0 0 5 6 5 4 4 7 4 2 2 3 0 0
"c9b14cc98529622c" 18 63 13260 361 13261 53 13 553 1109 1110 3939 1720 13 1549 150 116 6783 384 4 9847 -1 -1 0 0 0 0 6 5 5 5 3 5 3 3 2 4 0 0
"e31188e437e734f0" 24 35 2928 417 2864 171 2358 13 553 15766 15767 15768 8405 4015 13 553 28 4463 3812 3467 417 13 102 3897 4 9848 -1 -1 0 0 0 0 7 7 9 7 7 6 6 4 2 6 0 0
"a3c0448169a944db" 16 26 1305 10797 13 357 1376 13452 13 553 1071 95 1509 1096 8099 763 4 9849 -1 -1 0 0 0 0 6 6 9 6 6 6 5 5 1 6 0 0
"def9131637d3b70f" 22 17171 4076 347 4686 27193 6750 13 553 373 3314 13 357 150 373 331 3278 13 20 27194 347 342 4 9850 -1 -1 0 0 0 0 5 5 6 5 5 4 3 7 2 8 0 0
"4a141da5a2c4f66b" 24 34 26 10901 171 10902 13 553 2 3939 14264 14265 13 553 1303 20 7806 13 1109 1110 3118 18420 796 11772 4 9851 -1 -1 0 0 0 0 8 9 6 8 7 7 4 6 8 7 0 0
"5d5dd5df8628904c" 25 359 6252 7706 53 1307 13 553 1549 3898 13 116 150 11931 330 27195 6647 13 553 1621 95 8539 13 95 1342 4 9852 -1 -1 0 0 0 0 9 8 8 8 6 4 3 4 7 5 0 0
"4ff1e543db6987b2" 32 357 95 1509 1096 8099 357 21548 13 553 357 23 2652 722 1487 18759 1863 13 2 1060 774 14281 2151 13 553 13896 13897 13 95 61 1016 860 4 9853 -1 -1 0 0 0 0 6 6 8 6 6 6 6 5 4 7 0 0
"7cbfe212915a3395" 25 38 5217 970 150 14188 13 553 27196 24350 13 2299 9154 27197 13 27198 553 41 9720 1511 1022 13 576 6561 27199 4 9854 -1 -1 0 0 0 0 5 4 6 5 6 3 4 5 3 4 0 0
"01597518844a5c77" 33 1386 1387 13 357 521 2358 102 61 297 2519 13 553 15755 5140 4639 188 15756 15757 13 2 27200 95 7577 4 553 5363 1047 5364 2 4404 1511 93 4 9855 -1 -1 0 0 0 0 6 7 6 7 5 5 3 7 5 6 0 0
"61348d1c4c235c72" 24 95 1342 61 63 14164 13 553 357 596 122 171 1196 2023 3544 13 553 66 23 2805 1210 25 8382 840 4 9856 -1 -1 0 0 0 0 8 7 8 8 6 6 3 4 4 6 0 0
"b08ee9887737abc5" 23 7217 7651 66 7630 13 553 28 815 165 412 1157 13 553 4521 93 13 2 14779 22922 3269 15998 27201 4 9857 -1 -1 0 0 0 0 7 7 6 6 6 5 4 6 5 4 0 0
"92af65fba9798c45" 32 15 15062 15063 2929 4836 13 553 357 150 87 4212 36 13 20 1042 61 457 95 1303 13703 13 553 1342 61 603 27202 13 6083 13 20 3962 4 9858 -1 -1 0 0 0 0 6 6 7 6 6 5 5 6 4 6 0 0
"e015ee8ddcfa5b55" 33 520 3628 607 297 87 3628 165 13 553 1109 27203 1882 2 1523 17541 1571 13 553 188 1602 61 8634 13 35 87 286 305 20 11026 26 171 183 4 9859 -1 -1 0 0 0 0 7 8 7 6 5 5 5 5 4 4 0 0
"037f327bf2a9061a" 17 2 7547 93 13 553 28 361 13689 27204 13 553 357 95 61 1016 845 4 9860 -1 -1 0 0 0 0 7 7 6 6 6 7 5 5 4 4 0 0
"f5a75fd4b9122797" 20 2 25 976 20 367 19615 102 13 553 25 2941 20 170 5229 4899 17539 27205 1275 4946 4 9861 -1 -1 0 0 0 0 4 6 4 4 5 5 3 5 4 4 0 0
"cbef9f335cab52c2" 20 23812 23783 20 41 1043 637 13 553 38 7395 1303 4711 457 13 2 6270 15735 27206 7475 4 9862 -1 -1 0 0 0 0 5 4 5 4 5 5 4 5 3 6 0 0
"8ccc1f8272d2611a" 22 22167 3503 170 27207 7774 13 553 113 2652 534 27208 457 9204 13 553 27209 1108 787 61 1775 11968 4 9863 -1 -1 0 0 0 0 5 7 7 4 6 5 4 2 5 2 0 0
"6ab7e0b46614a40a" 31 8373 61 171 27210 20 66 23 5196 13 553 1071 725 14229 13 27211 61 1608 3261 13 553 2 457 586 35 1793 27212 323 10865 174 4400 4 9864 -1 -1 0 0 0 0 7 5 6 6 8 3 2 3 6 5 0 0
"ae635784d89358af" 19 27213 27214 3033 13 553 1550 326 27215 3302 66 13 553 3261 3221 15726 20 27216 1055 4 9865 -1 -1 0 0 0 0 3 7 5 7 4 5 3 2 4 5 0 0
"05c25173683e6e64" 23 683 6472 27217 3838 13 553 171 349 27218 61 2204 8321 13 553 87 61 1716 357 93 61 27219 27220 4 9866 -1 -1 0 0 0 0 4 6 6 8 5 2 3 2 8 6 0 0
"3893562b5cb9d93e" 28 171 1762 61 171 5577 2316 457 13 553 191 362 347 863 1374 6583 341 1354 2305 13 553 1321 5193 61 2518 359 27221 27222 4 9867 -1 -1 0 0 0 0 6 7 4 7 3 7 2 7 4 5 0 0
"66d617f1c14245a4" 16 27223 27224 787 742 61 7027 13 553 6563 125 2200 27225 3236 636 27226 4 9868 -1 -1 0 0 0 0 6 5 5 6 7 7 3 3 5 6 0 0
"15d6cdbd979a9817" 18 11963 669 7585 10708 8812 4366 13 553 113 1863 2832 15147 2 2435 2720 6302 27227 4 9869 -1 -1 0 0 0 0 4 6 6 5 7 5 2 6 3 4 0 0
"125874e3500df3c3" 21 5611 113 1071 188 1651 171 27228 13 553 20 66 6881 19901 8131 2 95 27229 15035 330 27230 4 9870 -1 -1 0 0 0 0 7 8 7 8 6 3 4 4 8 5 0 0
"e659ad4b75214f6e" 19 2318 61 6475 20 329 347 27231 13 553 2 116 2770 27232 5362 347 27233 27234 1319 4 9871 -1 -1 0 0 0 0 3 5 6 4 7 5 3 5 3 4 0 0
"fa786ec91a92ecee" 31 20 1793 27235 171 18267 6864 27236 13 553 20 16286 66 113 521 27237 23 27238 521 13 553 150 330 304 17852 20 113 9733 3178 326 3302 4 9872 -1 -1 0 0 0 0 5 6 5 6 6 3 4 4 3 5 0 0
"1f7c90584a57ae06" 19 337 4715 27239 5749 27240 27241 999 27242 27243 13 553 28 27244 13053 27245 27246 14472 718 4 9873 -1 -1 0 0 0 0 7 5 7 6 3 3 6 2 3 5 0 0
"6bedd6dcc7466d5e" 32 66 534 1338 357 347 1667 482 13 553 2446 3253 14484 125 357 5262 19381 13 553 27247 3358 1122 724 723 13 553 27248 1793 2663 8087 7041 3302 4 9874 -1 -1 0 0 0 0 5 6 6 7 5 3 4 4 4 4 0 0
"6732f491ec4e3676" 13 13792 13792 2905 481 18444 13 553 482 388 1007 1588 483 4 9875 -1 -1 0 0 0 0 7 8 8 8 6 4 6 3 9 6 0 0
"3e514a144c6278cc" 21 2609 2610 13 6615 521 4404 3310 13 553 410 981 61 13 191 347 188 27249 863 330 15352 4 9876 -1 -1 0 0 0 0 4 7 5 6 5 5 3 4 3 5 0 0
"786d3d2317004793" 18 188 5534 412 1333 27250 13 553 150 171 5537 787 13 66 23 134 1734 162 4 9877 -1 -1 0 0 0 0 5 4 4 3 6 3 4 4 3 4 0 0
"578e495bcafa236f" 36 66 3018 35 5231 61 6565 13 553 357 87 150 349 36 362 13 191 35 1558 2852 14966 27251 553 2 66 23 3057 3058 13 41 23 2852 25960 367 566 8750 4 9878 -1 -1 0 0 0 0 7 9 7 5 7 8 5 3 4 5 0 0
"b532f048c00eeb98" 21 4376 451 3998 6294 13 191 66 8140 553 113 171 115 13 341 337 171 1577 12574 26583 2316 4 9879 -1 -1 0 0 0 0 6 9 6 6 6 5 5 3 3 4 0 0
"7a479c67126b9a95" 21 13280 3872 357 61 13281 10273 553 1988 4219 66 297 4254 13 191 1325 35 34 27252 27253 7793 4 9880 -1 -1 0 0 0 0 6 8 7 6 6 7 5 3 3 4 0 0
"3e16ad1e3327f97d" 21 17945 25487 13 357 2213 2214 515 13 553 1013 34 1376 357 13660 13 47 2852 22858 588 517 4 9881 -1 -1 0 0 0 0 7 9 7 7 6 7 5 3 4 5 0 0
"a122462107bc8fc8" 24 350 489 7223 14330 13 2 6059 9190 61 553 20 5938 5939 664 13 2 2652 66 347 441 25 2303 61 4 9882 -1 -1 0 0 0 0 7 6 4 5 6 5 3 7 2 2 0 0
"ba7d02c84c93d630" 26 66 7814 191 24848 13 1580 795 27254 27255 13 553 27256 115 537 3537 1449 15319 3532 13 34 26 1331 171 8345 921 4 9883 -1 -1 0 0 0 0 8 6 6 6 6 5 3 5 3 4 0 0
"a15654518ea306f5" 26 2 519 1013 10888 102 10889 388 13 553 20 373 1070 5643 13 2 4589 578 737 1842 417 359 134 361 11457 27257 4 9884 -1 -1 0 0 0 0 7 5 5 5 5 5 6 8 3 6 0 0
"140d97414368e46f" 32 6564 669 7585 13 499 2928 1740 993 20 18954 553 191 15035 15036 2 27258 13 553 35 23 3057 3058 13 41 1325 35 1571 1047 27259 22456 13202 4 9885 -1 -1 0 0 0 0 7 9 6 6 6 7 5 3 3 5 0 0
"33d4ab450dad3f7a" 20 20 5762 5763 13 20497 10432 23614 1077 553 1109 13400 13401 13 25 1109 15319 27260 7874 1925 4 9886 -1 -1 0 0 0 0 6 6 7 6 7 5 4 3 4 5 0 0
"0a852916e349d911" 34 20 8412 5011 147 13 2 2890 11002 553 28 5607 13 1109 61 566 1029 28 5140 6601 165 553 3886 3887 7134 55 16576 13 87 150 11434 330 27261 286 4 9887 -1 -1 0 0 0 0 9 5 5 4 6 5 5 5 3 3 0 0
"8d4fa4f20ad3331f" 37 357 1863 2832 13 357 382 383 384 385 386 8655 553 95 5003 2512 5004 5005 5006 13 553 774 170 3901 66 372 1918 2846 9048 13 2 1182 1509 3302 1747 116 6711 4 9888 -1 -1 0 0 0 0 7 6 6 6 6 7 5 4 3 5 0 0
"27be54a668998009" 30 35 14965 330 14966 13 2 66 23 326 27262 1882 553 150 171 5537 787 13 66 23 326 171 7084 394 125 2 7800 3302 27263 1882 4 9889 -1 -1 0 0 0 0 8 8 7 6 6 5 4 3 3 4 0 0
"123981d81c0ead44" 42 188 5534 412 1333 5535 13 357 10829 1319 553 150 330 1379 736 13 357 1449 61 1641 87 520 10316 553 2 545 5976 319 33 1270 13 529 9058 13 357 132 66 27264 2 2165 27265 116 4 9890 -1 -1 0 0 0 0 8 7 6 7 6 5 5 2 5 3 0 0
"9818c02d26ffcc3a" 20 326 1029 191 23 13 27266 1004 5299 13 553 5231 171 61 6565 13 7168 1934 20670 18946 4 9891 -1 -1 0 0 0 0 8 7 7 5 7 6 5 3 3 2 0 0
"a91e42b79169d74f" 20 61 4361 95 9265 8382 13 20 1187 13 553 20394 8318 8319 2 93 27267 61 22028 1129 4 9892 -1 -1 0 0 0 0 7 5 5 4 6 5 5 3 2 3 0 0
"2df680c3036d5fd8" 19 361 2321 15323 6475 13 553 440 125 126 27268 454 13 1559 27269 2398 7303 27270 27271 4 9893 -1 -1 0 0 0 0 6 4 7 4 4 3 3 4 4 4 0 0
"c415b7117450e1cb" 25 2 519 1013 10888 102 10889 388 13 553 191 6564 669 7585 13 1321 5193 61 13529 2 1774 61 603 15 2838 4 9894 -1 -1 0 0 0 0 5 5 6 4 4 6 4 3 5 3 0 0
"99eaee197ad98899" 15 787 7458 7459 6869 13 553 113 171 115 347 27272 330 901 27273 4 9895 -1 -1 0 0 0 0 7 4 6 4 4 4 4 3 3 4 0 0
"016dafd76d7867ac" 37 27274 3491 13 4371 35 482 373 7357 2160 13 553 1988 4219 66 297 4254 13 1568 150 330 27275 13 171 858 14405 417 27276 27277 26655 150 27278 27279 10562 27280 27281 27282 4 9896 -1 -1 0 0 0 0 3 2 4 3 3 4 3 9 5 6 0 0
"bbf551501df7448a" 26 2213 2214 515 13 442 95 2135 8969 13 553 2609 2610 13 17844 353 66 7326 5174 457 486 191 425 27283 27284 27285 4 9897 -1 -1 0 0 0 0 4 3 5 5 4 2 4 4 4 2 0 0
"7fe45986a5898a52" 23 4376 451 3998 6294 13 588 3746 61 22028 21364 13 553 1549 2652 5611 13 600 27286 10813 2 1007 481 4 9898 -1 -1 0 0 0 0 5 6 5 4 6 4 4 3 4 2 0 0
"71e9b19c0a32ef1c" 35 26 517 6269 171 10420 13 25 41 188 3873 1405 18283 13 553 1549 13280 3872 357 61 13281 10273 13 2 628 2247 2006 7336 27287 2162 27288 191 542 27289 27290 4 9899 -1 -1 0 0 0 0 6 4 4 3 3 6 4 2 5 3 0 0
"eec7e463eacc817c" 25 744 489 7223 14330 13 2 545 5976 319 33 1270 13 553 2859 1892 11660 13 357 150 3365 35 721 25337 22185 4 9900 -1 -1 0 0 0 0 5 4 5 6 4 4 3 7 5 6 0 0
"0e93aadf064cb3e1" 34 2014 10625 27291 13 4505 61 738 10191 2 66 347 3338 27292 33 27293 13 553 532 7814 13 191 901 14113 3588 13 13792 1568 150 2889 28 125 27294 27295 4 9901 -1 -1 0 0 0 0 6 7 6 4 4 5 3 3 4 5 0 0
"cceac9bddcdcf7a5" 23 27296 609 2846 27297 13 2 5881 13 553 191 8412 5011 147 13 61 95 1509 87 731 21596 927 27298 4 9902 -1 -1 0 0 0 0 4 5 5 3 4 4 2 2 3 5 0 0
"a2a87f601a05ed0a" 34 171 27299 27300 6240 13 191 27301 13 553 357 27302 3456 13 1622 373 27303 357 1863 2832 13 553 8318 8319 8320 8321 13 357 93 609 102 386 125 26115 4 9903 -1 -1 0 0 0 0 6 5 6 5 4 3 4 3 6 6 0 0
"8be156a741f40b1b" 28 347 36 2852 330 1889 13 4638 95 1716 13 553 28 5607 13 4638 4715 27304 424 27305 13 553 1488 95 63 25 2303 61 110 9904 -1 -1 0 0 0 0 5 5 5 4 5 4 4 3 3 5 0 0
"e37b71a7ce6974b1" 26 20 373 1070 5643 13 1109 2931 566 1795 578 13 2664 13 553 1122 724 818 3358 13 27306 11526 6057 27307 8091 200 4 9905 -1 -1 0 0 0 0 4 3 4 4 4 3 3 4 3 4 0 0
"a6135a2c844c0a1c" 16 508 13221 27308 384 2 386 297 27309 13 553 27310 23738 27311 27312 27313 4 9906 -1 -1 0 0 0 0 7 7 7 5 6 6 3 4 4 5 0 0
"898b69f2ee3e6281" 24 840 14288 611 16053 171 115 13 553 27314 27315 7134 55 27316 13 2957 150 36 27317 2 11430 113 1057 20086 4 9907 -1 -1 0 0 0 0 8 6 5 4 6 3 3 4 3 6 0 0
"d625fa7413ef9f1a" 28 7040 3939 7041 801 15334 13 553 1321 1381 27318 9204 20 1071 3627 17652 1881 13 553 1386 425 2 27319 27320 1712 27321 7223 27322 4 9908 -1 -1 0 0 0 0 0 0 0 0 0 0 0 0 0 0 0 0
"a9c5eda849ac30a3" 28 2213 2214 515 1013 95 286 27323 1664 13 553 5140 1004 8453 1825 1807 20 347 36 737 26504 146 25 2327 3405 1016 27324 388 4 9909 -1 -1 0 0 0 0 5 8 6 6 3 5 4 2 4 6 0 0
"1629435e37370de5" 27 9738 1928 15035 1109 27325 13 553 858 421 373 3358 357 417 347 151 27326 4 553 330 150 304 17852 13 27327 1303 27328 4 9910 -1 -1 0 0 0 0 6 7 8 6 6 7 3 2 6 3 0 0
"fa6edce823ce7731" 37 150 545 890 20 171 1868 787 2500 7113 13 553 1187 35 417 9625 27329 4793 27330 12385 4 553 326 521 66 23 545 13 87 61 2303 27331 87 1981 504 27332 27333 4 9911 -1 -1 0 0 0 0 5 6 8 6 6 4 4 4 4 7 0 0
"ed3cec2be15c2c63" 33 23 3907 1580 2318 27334 61 1489 13 553 14311 27335 1122 939 13076 5795 4 553 27336 11607 27337 4361 61 722 3180 13 553 20 23 8483 4738 27338 27339 4 9912 -1 -1 0 0 0 0 8 7 9 8 6 6 4 3 5 5 0 0
"29126c96cde80891" 41 2 20096 27340 93 20 1109 27341 479 13 553 20 25146 425 5140 27342 13 1580 27343 394 27344 27345 4 553 113 1109 102 27346 27347 621 3497 13 553 2 1319 39 113 358 774 6987 27348 4 9913 -1 -1 0 0 0 0 6 8 6 6 4 4 3 5 5 6 0 0
"7cf1da8027cc3756" 37 5477 27349 27350 1109 27351 18420 13 553 1319 1270 35 36 20602 331 188 27352 27353 2666 4 553 34 113 18330 10164 774 15 27354 13 553 191 27355 35 4793 27356 27357 2533 4 9914 -1 -1 0 0 0 0 5 6 6 3 4 4 5 6 6 5 0 0
"1c21476f9a51d3d0" 43 1071 474 61 14941 2 27358 18237 27359 13 553 41 27360 102 27361 4 251 282 27362 27363 27364 8766 4 553 2 25 34 1319 22479 388 362 27365 13 553 1071 2369 1735 27366 27367 27368 24294 27369 200 4 9915 -1 -1 0 0 0 0 5 7 7 6 4 4 4 5 4 6 0 0
"0c7d0af865be015f" 42 191 27370 150 36 2265 20 95 27371 27372 27373 13 553 87 27374 35 373 61 2920 2317 1042 10442 2151 2777 4 553 1047 2227 357 134 102 1381 5399 13 553 345 27375 4103 357 150 27376 27377 4 9916 -1 -1 0 0 0 0 7 6 8 6 6 4 4 3 5 6 0 0
"86739b2154679ead" 45 1857 1043 25 347 151 1829 27378 27379 13 553 15913 15914 22440 425 25 1109 21954 22523 27379 4 553 588 20 452 27380 1043 297 171 27381 96 27382 13 553 2 1319 16490 1270 1232 17401 6252 10496 171 23773 15038 4 9917 -1 -1 0 0 0 0 6 7 7 6 4 3 4 5 6 5 0 0
"4278bbd969ab26ba" 45 35 1550 1297 20 26 1333 13 553 687 95 36 362 2723 24606 27383 18118 6404 4 553 4566 34 441 1862 25 6266 61 27384 27385 27386 13 553 47 596 452 5541 421 93 1580 150 27387 330 146 1029 27388 4 9918 -1 -1 0 0 0 0 7 8 7 6 5 5 4 3 6 6 0 0
"fa2879b969953b55" 45 113 1013 44 3032 66 151 2014 27389 524 13 553 41 66 23 13551 2 27390 566 326 171 7216 14937 4 553 23 326 7215 1032 13 548 76 36 2265 27391 13 553 113 4403 2094 2 6477 27392 27393 27394 4 9919 -1 -1 0 0 0 0 7 7 6 6 4 4 2 4 5 7 0 0
"05508fa69f6143cd" 37 7456 15019 2431 27395 13 553 1232 11946 35 73 61 4773 4757 4 553 11029 10916 13 541 704 353 24199 13 553 357 985 353 10917 13 35 5501 4429 1319 150 27396 27397 4 9920 -1 -1 0 0 0 0 6 5 7 6 5 6 3 3 4 5 0 0