"04b00a4237196310" 8989 8149 1985
"5ddb587cb02f6eb7" 9871 3429
"582c25b45fa77db1" 8810 822
"6108594a601c518f" 8275 9769 3501
"0fa1a612cacf68e7" 3536 4595
"5e4daa86070c173d" 9644 1724
"7e1ea21199d22967" 3416 4595 8943
"5056ba00563a2544" 11565 2831
"217cc96407d9415a" 3509 3536 1724
"80d225523d716305" 542 3404 1173
"a8fb4f553e8a4482" 5640 3509
"34dfda0e31f20e51" 3951 1263 3536
"3b06ed196d85593c" 9007 1173 9874
"c7769408cf5b8acf" 4095 8284
"9f2a1aa0e74640ac" 11426 2831 3515
"30d13b0d5ece9ed0" 8387 8943
"3b76997cd3fa6c1a" 2598 9568 6132
"4c9969d1338a31e1" 4099 10608
"638303e77ef08617" 8284 8989
"d958e4334ffad7a0" 4554 9022 10452
"8b6e4aae97be0d8e" 3412 9007 3416
"b137835824101ef2" 3520 3515 8275
"8309bd268f9cfa81" 1601 9022
"51a42f6cffa1bdba" 6685 11769 3778
"13064f52f004c2c5" 8771 822 3951
"93214414431ae89c" 8149 11195
"b05e6014e453f1a1" 3501 1173
"9d4cc309d9a9b000" 3951 11426 9871
"b81261ed1ea64035" 9644 1985 9769
"05fc0fbb266c1885" 9568 4099
"ad778683ce6049c6" 822 9007
"8f04ffb7abebe2fb" 9874 5640 3429
"0f459408cf5b8acf" 4095 3536
"d4fc296b6d0f1716" 3515 822 8275
"4ad12151f08a3927" 3412 4595
"52eae4e7ad5cf194" 10608 5640
"6bd265c1b91dfb7a" 9769 6132
"6f89065162ca52b7" 1263 6685 11565
"a9931ab7bb915fc5" 3509 1724
"7eaaf9287f7c8573" 4554 11192
"c8716e88fcfd99fa" 9874 1601 10452
"46e3b93a42d8cf02" 1173 2598
"3d24dd91dbd1943e" 8810 6132 9644
"b9aaf476be481b87" 3404 11769 1985
"46568a984a571afc" 11195 542 11426
"1d78e93ed9f2837a" 3416 3536 9568
"43f765185f1eba51" 9560 4687
"67440f36e03cce8c" 9435 6636 4254
"dc7f371630e2b4f1" 4283 8225
"0562dffe81314bdc" 2044 9751
"b2760ae7c66282e7" 1797 5949
"1dd6f83e745a8049" 9019 3960 2429
"bce1b581c374449a" 5044 9851 10799
"1ca0368f94d5c71a" 407 10473
"1bef73d51cc1d91f" 3088 10242 5054
"808096201a72c684" 404 1303
"77e4a1cbd9d7f940" 10797 9487 8950
"c060d358f67ca8a6" 4195 943 5061
"92104bf1df5d00f7" 242 754
"5f804a4bc6d8cf77" 2547 2929
"047e291b5c6eabec" 7734 3227 5682
"5155af0007ae7ffe" 11107 5198 6651
"671a08fe7a85bfcd" 9527 9301 12109
"283122049be7f25d" 319 9072 754
"4f1965185f1eba51" 9560 9487
"796325cf779e78bb" 404 11768 9858
"bc386ce40e5277f1" 943 4283
"ce59cc60f6afc143" 10797 8950
"fde42e911d99b73f" 5682 4254 8078
"c86885fe710addcb" 4547 3960
"2de098b565af6370" 1797 9851 5949
"25bee9e254a26e86" 12109 2429 3227
"2668256ea9a6beda" 9019 7734
"83f3badcac0dd514" 9435 6636
"cebac165c83e2310" 2929 319 9751
"9fe5a3545533667d" 10242 242
"c401c69e4958e187" 8225 1303 4687
"2f062dcd15d5a104" 4195 5054
"7dd826147275641a" 10473 9301
"0a8a394e1843c030" 5061 754
"fd07620705c1b9b3" 5198 2044
"b4813755a8372d4c" 10799 4283
"e1fbabd2fb37666f" 407 2547 9487
"948296201a72c684" 404 9560
"332542079768bfe8" 10797 1797 5044
"814e09a8ee374b82" 9072 6651
"5b118af47c40dbfd" 3088 3960
"fcd0405baf630d4d" 9851 11107
"5020f99c02897270" 5682 8078
"6c1b1b08eb0f7a8f" 12109 9019 10473
"feb985fe710addcb" 4547 9435
"700ea7855af8e519" 9751 943
"daf75276bb1626f9" 9527 11768 2429
"2a8c7b6da13626ef" 7872 9881 5652
"48db67b8a8ad6aeb" 11549 2142
"dfe878bbe6f8822e" 7962 10595 5443
"e1c6548c455ab858" 5368 4545 6032
"ff4efd2724602009" 5652 8870 10260
"fef0ee281b25a7d3" 10530 6984
"78ca1420b4dce874" 668 11763 3499
"3d56390948ae3b3a" 10513 2187 6018
"9b2a21da30b8473e" 5333 2875
"d581b05a64657a13" 11203 697 2484
"4bb9127c8c0c6694" 2235 11272
"dabf8a377588625a" 5240 10055 1617
"9feb531f32c847f3" 10829 611
"6e62336e36328a87" 10003 6717 11705
"ea32288b0e140f6a" 2130 10024 8635
"f0fddfbb18d5789d" 10564 3118
"f4a76161e94cd30e" 8213 145
"2b31eeade6da51d1" 9844 5836 11257
"12bfefae09e8b432" 9937 8919
"a6ca4ad5f3164849" 5178 4491
"259e93ec24d95d52" 5272 1581
"2b5b0f89ccf46396" 3679 11186
"ee76d31b0a97265f" 11410 2711
"ba27f189ebfa83b4" 3885 2422 8495
"f00ae27c7e75c6ac" 3231 7375
"67ffead0ec31eb99" 5227 11126 4876
"cf5a5491616aadf2" 10153 7354
"b3cb4ad634dbd28a" 1419 8703
"69abacc15df6c2a8" 3614 3619
"7645b402f5477c7e" 4494 11111 1765
"eec27c8019ae5a7e" 4284 2805
"47a69a3c82e8a107" 9770 2661
"d1a5b7ff3c93bed7" 3444 1228
"09cb6418a9e0b252" 10648 3991 1284
"435932621c7bce47" 5450 2181
"05c52dccd41017c2" 7954 3705
"093a570e0a96c5a1" 5272 11186 1765
"cbfd6c29859e21ec" 3783 9844
"1fafe26861d72e7d" 8919 7375 2422
"a3e07dcd74edbb3c" 1581 145 3231
"b83a5f24e204863f" 11111 3619
"66db6f1ab891c355" 3614 8495 4012
"82eb042e04ace99e" 3885 4494 3444
"4adaff5eb285d12d" 2711 5836
"2ee6d31b0a97265f" 11410 4491
"438d8beba234468d" 7954 5272 9937
"9413132d37b5e873" 5178 2805 2181
"142c7e083dc638be" 2136 2661 8703
"4503086939f0b7c2" 1228 1419
"2371b6c4fb38b982" 4284 3679 7354
"f583f3f5d54388c6" 8213 9770 3991
"1d34253acfb3d479" 10648 4012
"854b32621c7bce47" 5450 10153
"92b81a6889a8e735" 5227 8919 11410
"2c5b95057ee09917" 1581 5836
"1f2047c9acf7c61e" 11257 7375 1284
"84146679f267d62c" 3705 11126
"9a3e429b0546f949" 145 3231
"498e4965f249e636" 2805 2422
"a21404390ae97f66" 4876 9937 10648
"b6ba99b50ce89e2c" 1228 3444 7954
"8f4ccbfd8688c818" 11186 11126 8495
"cf8099fb95b851fb" 3619 2711 3885
"428bf01820cf5fd6" 6491 6332 5948
"f3bd276a71c2ca85" 6052 2636 1366
"dff87b2f65654ea3" 10139 5873
"b8e7819877142463" 11085 3987 4918
"1ae449b7c928febd" 2513 12119
"392c877ccea51eaf" 8875 9655
"d6beeee8a2d03f79" 4014 9898
"189446ee8a9392f1" 8800 9957 4983
"213d7b913a877470" 11173 3849 7975
"fc5471e311e0df11" 6909 1950 7675
"a843f059f19edb82" 7332 9956 2025
"b070146e6cb49375" 7691 3663
"a1fe9888868e513f" 11382 3875 740
"b765d24385ba9baa" 8536 7574
"f056f31de7575134" 8795 10250 11441
"1d7458167dc4df57" 5611 181
"6b7fc88ab04047a3" 6538 2417 8662
"fe02277656741b16" 859 3875
"cfc003d690f11c5c" 7574 2417
"ef325e1112c7272c" 2636 8795 9898
"9aa75586f0782a46" 7975 7332 11085
"c6d2687daa900b3d" 3849 9956 1950
"a9f6286e4194c5c9" 740 3663 6538
"3402339e851c667f" 4983 7691
"f0ce4677a9f99fcd" 4014 859 3849
"6afcd7e4f059b8a0" 6332 5948 181
"80c3b153fdf23d73" 8469 12119 9655
"8e5da33f6c94b782" 10139 11173 8875
"7919913abc75a8db" 6332 1950
"6d7d4df86c375ed2" 6491 10250
"6b0eb2f801972674" 8662 5611
"28ef8f9fd7af285d" 9956 8469 740
"9176000acdc1c4a9" 6052 8536
"68e6f7a7619f85eb" 11503 4918
"a3e6c2fd30cfc2db" 1366 2025 5782
"f838354f7ce4f583" 11441 9957
"93203f48131ec880" 9257 7675 8800
"cd35124622ad57b0" 11382 5873
"a25703ca7013f24c" 7332 9898 7675
"c5ec06965425afa3" 8469 1950
"eaa49a35ae353ae3" 11382 10250 6909
"9b26e0640acb198d" 5782 3663 7975
"ef22877d989a6695" 5948 4918 859
"13bd7b7c0d02d615" 3987 6538 6491
"1f5446d8dd6cec9d" 4014 8795 5611
"fd50cddeb09c0daa" 11503 7574 11441
"a90b08df1a9426ac" 9957 2636
"88e442fc39b84719" 8081 9342
"5abec1495a1ef104" 6915 4658 10839
"11bf293dc97978d0" 798 274 6928
"872083290ec1b99e" 7946 1801
"e3eae28c1cce9626" 7700 6349
"e84961622a027e3f" 4454 7027
"d33927c93b341a49" 11927 10341
"9e7ec6b6b3165354" 3284 696
"ae25031c58e36088" 6655 2506
"04961a159a9bad65" 687 280 4664
"0329d2bb5f9dcae0" 9985 11911 931
"09f76cd320530d37" 233 7694
"57eead53e15b21a9" 3241 6821 12026
"41fd4ec131e973c8" 5606 2937
"4b240c313a2bd85a" 7754 261
"cde7bca64f5c01c4" 10819 11933 4639
"1b48c961ca18c591" 3386 1234
"07778392bfa6e72c" 5398 613
"94579015849ec339" 7158 6778 7784
"48910a912161c301" 2006 8377
"76457120f07c3631" 9215 2375
"248a5fa7e5477ed7" 2637 4171 7829
"381e9838846b7f2a" 7363 7023
"e33a295c67f51fcc" 1929 924
"f049f890f90fb59a" 7320 7646 8232
"f203ab8e96b9d4f3" 10806 8324
"f8139932a4946263" 1007 11071
"5ff6bafe682bba89" 10855 10125
"68e8b7fd6d54403b" 11754 7262 8701
"320f35e5b1c9c5ff" 2006 8377 7023
"76cff9912161c301" 2006 924
"2a629bc9795cc47f" 2006 7158 7829
"c6f57d589d8be423" 7158 6401
"8cad86d9647108ad" 613 12026
"bca9206641568445" 931 233 1234
"0d72ab8c287a3f8c" 9215 1007 2637
"62782305f53beb98" 7754 9985 10806
"63f592989f7df4f2" 11754 10855
"d960b3cdf618940b" 7694 12026
"474498ae97e391a9" 973 7262
"126af96ef2897a79" 6682 8324 6778
"ddd778e8b2d9f605" 3386 11754 7784
"3a198392bfa6e72c" 5398 7320
"791e431aabcf8a4d" 7614 8701 2375
"eebdd3729da75fe0" 11911 5606
"ca9c86d9647108ad" 613 7646
"8ebc1d0c559342d6" 3241 10125 6821
"38747411003697db" 4639 7363
"afe478d993dc732b" 2937 8232
"36ac86d9647108ad" 613 7829
"025d333a906859fb" 8324 9215
"6766bafe682bba89" 10855 7694
"aa177d589d8be423" 7158 11071
"1591ea8404ed50bd" 2375 1929
"01bfed67c3f463bb" 931 924
"2ee3a9e1a5be87e1" 5970 2798 5985
"0755f1634c190812" 7652 4509 8682
"2949e2a5ba785ed6" 4387 1195 8127
"597abd6f3196b930" 3754 12130 7192
"e23fec9c7ec61953" 9334 7747
"45db97506235150c" 20 11747
"9c04092e5f43a24a" 10910 470
"750f61073313fa21" 9 6073 12152
"1d69f5602c9b3465" 2497 7255
"97b3ed969efffb8c" 2978 9810
"bc23ff5d383c451c" 3634 11735 1877
"26cfccd9988400d0" 8249 4048
"52ec1db9dc5edf98" 9589 2578 3125
"e8df627f66e05d00" 6409 6764
"c32287f14fb17567" 10713 4234
"d8900e5ab408af40" 304 3248
"90b396382d9140da" 4909 7994 4505
"f87ea89ca8764355" 6106 4091 2909
"dae07390278c647f" 3634 3062 7652
"8ff55e4df093b642" 9 470
"33779f345538dc3f" 5970 9810 10910
"16c9c4f26ea23413" 3634 8682
"03342b7506f02e90" 5985 11735 10803
"b5d0ab7f39269fab" 2578 4228
"d873acd90a78ffee" 8249 7255 12152
"04f181a5d5873f39" 4509 3754 304
"5e960113137d4c27" 4505 4387 20
"a93a28a56e61de5c" 4234 1195
"ddeed43cf4c63f8e" 2798 6106
"89106d1ff677e9a7" 7994 6073
"e2fc1be70454ad4d" 3125 4048
"c6caf1b86604c2d0" 4909 9334
"ff6db60ca71a5c05" 2497 3248 2909
"02742e5f910b4d4b" 11747 6764
"05ea7a8c0b2138a1" 1877 9810
"8ff9b10e70d62c19" 8127 7192
"a62488a708802b96" 12167 12130
"a9d85e4df093b642" 9 12152
"ec69c4f26ea23413" 3634 7255
"c24ada1a124397ee" 8682 2909
"4a2ba441a1dffe22" 7652 6409 2978
"6960f8e649bacc31" 4228 9589
"da1287f14fb17567" 10713 4091
"acc6092e5f43a24a" 10910 11735
"f369aa17d0560cad" 4048 7192 2798
"21887a8c0b2138a1" 1877 20
"cae0d198e46e47d3" 470 2978 11747