"a7b5522ea2d9fef8" 6360 1712 1577
"c8144a7e60061fa7" 4677 3934
"777177cf88323451" 8992 11571 4407
"038d21eb1eb7b1f8" 6043 12068
"0ab12e1725e45678" 2552 5763 1976
"888c94e264eea5b5" 4546 8988 9025
"38bcebd618be83aa" 3411 2591
"988d03864a8e2947" 348 5744
"9a27b580d6afc53e" 8180 8296 6532
"a4f261d0a816e54e" 7303 9868 8390
"94405237d9ff3ca8" 9879 1170 9575
"852cf2add4553f75" 7427 12068 1600
"f90a02ac97dc99a6" 523 5091
"af4b48f31a468f74" 543 9581 9585
"80db6dbde3735e7a" 2016 10478 3785
"70a59d2c51ec6860" 8953 6581
"5e006bc313336eb2" 9555 1921
"a9f52e63405b77b9" 1180 9025
"edcdf2add4553f75" 7427 12068 8390
"0276055629032ed5" 8180 1577 10478
"87204d126260472e" 6043 3785 9575
"87dde57569021931" 9555 8296 8988
"8cf901555f5556f7" 11254 8992 8953
"fb3bb90b62817726" 9581 9585 6532
"15abc5c82f743750" 1370 7303 5763
"0c2cebd618be83aa" 3411 348
"2d61d27fd583e968" 4677 5091 6581
"bedbc44ff38e4a65" 6360 9879 2591
"2c2739cc5bb45962" 4407 2552 1170
"ac78701e9c8c67a6" 1712 9868 9653
"dad540e2157ec469" 4443 3934 523
"0b1f3245c7d4cff4" 543 5744 1600
"aeb5ca779876fd6e" 4546 11571 1976
"cab1958aeefce0de" 3419 2016
"1a29ec57d3e64413" 1180 3785 9575
"a4dde72c01f84413" 7427 1170 8988
"76b3586485871314" 1921 8390 9575
"cb86e8dc8488bb6d" 1712 6043 12068
"16ed08453025d364" 5744 5763 9025
"1344dd75c58f2531" 8992 4546 10478
"b2be9548b567b8c0" 8180 1370
"dcfde57569021931" 9555 8296 9585
"c921fc10c466b039" 4677 1921 8953
"4d1a8aabdc28b8db" 4443 9868 348
"334fe6c5603421ab" 3419 3411 2016
"1ee1e0eb3abef332" 1577 5091 1600
"e81c22682960a20a" 7303 9653 6581
"a1b5b1ca39500d6f" 1528 7701
"7148101e3a3d4b72" 10604 5422
"1e1ee33c32af1983" 8271 10023 9142
"9daba3991d25ba99" 9323 5949
"c864f9e177c4a616" 9232 3151
"2f5f5644d8be5289" 9093 4996
"61aab07a73265b5f" 8093 1136
"ae370eaf1a43d3f5" 3854 8007
"b86eb09ebfbf5547" 1995 7951
"1a0efbd866551587" 11012 1792
"ee3af884d482e430" 51 5418
"c7b45263b20565f8" 658 10656 1841
"0a4406bee2e8ba70" 11469 6530 2280
"3819c5b8c4cab9cb" 9557 901
"bf40d9d92c3769ed" 4597 2781
"9fcb488a00d1cc54" 6739 4757
"db51bacd4f7990db" 1207 837
"3ab252de4cbc19f2" 6744 3518
"86d6a956be49c8b5" 10028 11199
"0e3b585b35c62483" 4692 10031
"3cd2710de498c68a" 11554 1308
"e73d01171aa0a37a" 8007 9142
"6b1030f4d16d4197" 8093 2781 3151
"be158f2ca0ef2301" 7951 8271 1528
"9cff88e6c79ef2ad" 6739 10656 4757
"07f00a22f57fd6d2" 1208 9093 5422
"3d637b673aaa9f75" 9769 10028 5949
"b7d0cca3338563f2" 11772 11554 1308
"b48e65e2c3c3e41b" 3854 6530 5418
"8f3ee7180f8d968c" 10604 4996 10031
"d052bacd4f7990db" 1207 4757
"02bbc5b8c4cab9cb" 9557 11554
"ca79f884d482e430" 51 2280
"5eea54b6edb9422c" 296 1136
"52defbd866551587" 11012 4996
"195eb09ebfbf5547" 1995 7701
"6a7cc070d2c33721" 658 3151
"c9aaa3991d25ba99" 9323 1792
"6f36ef3828454658" 1208 1841
"4bdacedd960232ad" 10656 10023
"e345a956be49c8b5" 10028 4757
"faa98d6d4abc063d" 7951 11199
"16ca1a9b8b239324" 9769 6739 9232
"d642bacd4f7990db" 1207 4597
"c7e95c03fa5e9518" 2280 8007
"76d5abb3c0625996" 5418 6744
"c9c1faa504c08169" 2781 4692 5418
"226f28e8a5e7fd06" 10833 4184
"0ca857935e237958" 6287 4176
"03649332c2619087" 4432 6902 10393
"ced96371b9f48e29" 3541 11124 9762
"f248ea82305a8a8e" 10032 4987 5047
"432023acd4ceb41c" 1851 1544
"cfe0bf078146bda7" 6347 10880
"af15a64424372dd6" 9425 5040
"1429750dc0bc2c68" 1415 8505
"c01dc14989bf3562" 9666 12116 6893
"da12b6047b1d1a4b" 6668 4772
"c6341b3fdae79270" 11365 11991 5067
"3bf5c262b27c5402" 6114 6988
"dc34a01ed03ed03d" 11268 7468
"7c968468179cb28e" 4524 1611 12003
"83fc0c98bd3b02fb" 8255 9432
"dd1d7aac46c3e7a4" 10815 9597
"ab39a03619c35253" 11287 2060 934
"871dbb10635ac3c8" 2243 3940
"678f593dc0e8ae4c" 10880 5047 9762
"15be28e8a5e7fd06" 10833 1415
"7cd18b9a97c5a1b3" 73 11365
"bb7d7aac46c3e7a4" 10815 11099
"8af8b268b5fe4ea3" 10815 8255 3541
"dcd816ef4cabc809" 11268 4432 4176
"f2c15e0483614104" 4987 5040 2243
"1cca0c76f12d2d76" 6835 9597
"20070f428487e9f7" 12116 10833
"d22ff412e6ecb7c7" 1544 4184
"132a0c76f12d2d76" 6835 6893
"f15ecd6ed5fa6bcb" 4524 6902
"ccc9c5f188fd251a" 6114 934 12003
"acc38236175ec75a" 4176 8505 2060
"410ddaf10a8b26db" 3541 10815 1851
"07c2e0b6a89672f8" 11099 4772
"1d58032cf53d3002" 11124 10880
"da7f7b9a97c5a1b3" 73 1611
"d6d9750dc0bc2c68" 1415 11365
"b902d82323b2297d" 6902 10032
"f0b223acd4ceb41c" 1851 12003
"f440a53281229eb5" 9762 7468 9432
"a13d21a868853d0a" 11268 6893 3940
"bdd706ec17002f69" 11287 5067 12116
"333857935e237958" 6287 2243
"f8d9ad5150d779bf" 6668 10393 3541
"ba81b3dd94617484" 12163 11991
"9afb56221d908d04" 7673 87
"5b2149514c05be99" 8807 8112 7037
"7da20aa08ee40949" 10234 7992
"136ec0def41e9818" 9197 4696 507
"8c9d1bd4a5c90e10" 9933 10930
"2244da177f2a299e" 5827 7042 1028
"fcd568082e1281ca" 8743 4263
"b42d2dd70d4ef519" 6989 10867 8598
"7c5b567aa889e9db" 6975 7881 10098
"6bdf09ebb6d3be2b" 10618 9739 11284
"491e266a187623f0" 10264 8431
"605b1d1038d620b6" 780 1968 5217
"b1aa6417a00e2db5" 2535 2572 2487
"bbc148ebaad69d43" 2633 2141 11848
"4a48f0e0e127382c" 2035 8480
"fe6b6796ec8f8576" 10129 9445
"f129dd1b791285d6" 3617 7482 5531
"804e39d88e16fd3d" 5822 7037 7992
"70a228b0ac924564" 4696 87 507
"96a24640ed8ad47d" 10930 7042 1028
"cb513fb824374bb5" 4263 6989 9739
"ac2595ab6a553b03" 8598 6975
"33345c137e4a4c88" 7881 10098 8431
"69eefb77c83afc90" 11284 10264 5217
"4fb8cbcd8c6bbb31" 2535 2572
"9327e24bdff2d010" 2035 8480 9445
"244ee860d51ef262" 7482 5531 6800
"6190628b3518763a" 10795 10938
"62f92477c60db008" 8112 10234 507
"9e8fbe7ef1f1db92" 9197 9933 7042
"b133720c54ce310e" 1028 4263 10867
"36f3c349250378ed" 10618 11284 780
"3b96be1b3c2b6fd4" 2572 2487 2035
"406cd8962bb8b4e6" 8480 9445 7482
"498a4c21e75ac33e" 3617 7482
"ddd7fd9a5043bf63" 7673 8807 7992
"eb2528b0ac924564" 4696 87 10930
"fd3d10b963b19f52" 5827 1028 4263
"a95e297ca298cecf" 10867 8598
"519f85a61e4ec6ff" 9739 7881 11284
"8f1b8c732d4cfa35" 8431 10264 1968
"d99cb6f1d8b36b19" 2572 2633 2035
"e7133124809672c6" 10129 9445 5531
"a36bf045351ce509" 10618 7881 10098
"03dfe92e10542b5d" 2535 2487 2141
"216ff361b7488f29" 11848 8480 3617
"e1999386e08fbef1" 1012 8013
"af114a400fe73e8f" 11682 3407 9852
"5227044ddcd1966a" 2709 7886 2441
"59afed55a5206ebf" 3980 5132
"fde3797e7e8cbe9f" 3681 8261
"e39f8be131329859" 8999 3828 978
"60786473746e7fdc" 8816 2537
"15600b7fdb03659f" 7583 2919 7958
"e4d6520300052a2f" 6684 11682 3407
"70993abc56df9577" 6311 7886 2441
"88c940d53f57a595" 8013 12018
"7db8b272e39ac9b5" 2458 6543 3681
"86fe06b810438429" 9889 1422
"b2f3a9a321abfec9" 95 8999 8816
"9e1236b24ef2174a" 2537 2919
"f89abdf4842eadea" 8764 5120 9770
"49a650b602a5ec3e" 10435 2176
"54d63f48451438fa" 8084 3108 1012
"fda28696156a2606" 4516 2478 9852
"2716b338e2dca21b" 7148 2709 5132
"25e61d5f33f0d9ab" 3980 2458 5579
"21c5e35bea61c840" 12018 95 3828
"c95591a9555b5d1b" 978 1422 11131
"0357a8743916d0be" 6048 5175 8764
"309453545ac21ccc" 8764 7958 5120
"364d6ac65623afdf" 10435 7368 5175
"1d173f48451438fa" 8084 3108 2176
"79c8b77bf3bc3f63" 4516 6311 3407
"76863178c59aa47e" 7148 2478 9852
"0aa203484195e07b" 3980 12018 9889
"22ad44370c19466a" 6543 3681 8261
"4a62a9a321abfec9" 95 8999 2537
"b389567fe5d1f766" 11131 6048 7583
"4a9b88d03e528e43" 2919 7958 9150
"e395c1a5ae76a8ba" 10435 6684 7886
"5cc29ecbffa048c1" 7368 1012 4240
"ca5e409725315487" 3591 6311 2441
"3b1480b8f41645e9" 9852 3980 12018
"3321ebedbf4e4973" 5579 8999 9004
"75051cd60b8af8e7" 978 8816 8764
"66d5dfe2106fa808" 6048 7583 9770
"5d39bd401f65e489" 8084 1282 9150
"13e22f002edd8767" 7368 4516 5132
"a0bf3a400fe73e8f" 11682 3407 3980
"b3d1a712b214b4cf" 12018 5579 9889
"cd7aa3f76d865b68" 95 9004 6048
"9ac8cc825fd2ec88" 5175 2919 7958
"3f9ed3cef6a69a18" 328 11078 11668
"e227190f70614fac" 10346 10509 130
"1cf21e5bc2e896fb" 11664 6660
"d52824ba61633e1e" 47 7373
"250e150209a4f97d" 2089 5878 2810
"e55c2400d6ae52c3" 3597 2056
"6f57b263e157f53b" 7480 3618 7163
"e7ccb432d607ac6d" 10150 8739
"a854a772e517509d" 6876 5871 6306
"38ed3285185f3efd" 3111 12123
"e8eb2b16cd77eedc" 2639 5873 673
"2164ce7613f1090c" 10155 10294
"0ce2a42d8130f985" 9629 4246 4276
"cb63c3e2509dd592" 10282 10845 2624
"0a0aa2c1984820f4" 6449 8566
"c4af87fc26cb13ce" 3084 1609 6818
"b92f8dde1c5eb74f" 6234 3882 10950
"938fbb322f68a83e" 3663 4873
"d415fae07ce94c17" 11664 5878 8566
"ed0ee00b0df673d7" 8375 3084 3882
"347d0d50a4debc17" 6660 6818
"0b3e2c0c72fd1439" 6385 11078 2624
"787356e5170e996a" 2639 1609 3618
"6092a42d8130f985" 9629 4246 2810
"d43ca9cf503ef643" 7480 2056
"16b00ad604d88f29" 3111 47 10294
"900359867d9c717e" 10282 5873 4873
"f114c1f635d7e40e" 328 6876 6306
"1bce2400d6ae52c3" 3597 12123
"96cadcec6d0e7cb4" 10155 7373 11668
"70cb91184f272920" 10346 2089 5871
"71b45fe64bcea597" 6234 10509 7163
"dd6d96256d3d6e69" 6449 8739 4276
"0b9488dbe1730508" 10538 673
"8b4db432d607ac6d" 10150 10845
"07febb322f68a83e" 3663 2624
"0737cfe674584f84" 47 8566 6818
"cd8e0db255454933" 10538 5878 12123
"2fb100ef227063b8" 6234 3111 6660
"52ac08d1a91b9b13" 10282 328 2810
"ff59824a7b161c5d" 2639 8739 2056
"f5189df3b5dd9b84" 8375 10294 4873
"3b7e2400d6ae52c3" 3597 10845
"0a044ab8cf543569" 3084 2089 4246
"40395d239ad565a4" 6385 10150 4276
"2ce5734d3980ca7e" 7480 3111 11078
"05a21c6c7985aa06" 11664 1609 130
"ea8bff6e50dea1a6" 7180 4005
"d54283f7811294a8" 4351 5851 10462
"86b3e9ffb677f4b2" 6100 1847
"e3d4cba2ee91842a" 577 8027 10669
"c570904226226c24" 1553 1685 1801
"e308133fb695fcf7" 5344 7286 11543
"5f17662a99022ac2" 10675 219 9122
"0d021e4ae4d92c31" 10954 7329
"41b05f7abb135a0b" 10700 2116 299
"28998cfa6503393f" 8642 6925 9918
"d16a98e820512ceb" 584 341 2107
"97def4d3149f592d" 9346 7172 6570
"472dfef9b25a766a" 9465 5321 6485
"8e2807414546b17f" 11704 4879 1828
"55484371a023bc5e" 10343 7445 11708
"d4502399763425ee" 8659 6505
"5edba2d3b61d25e0" 3400 11728
"eb5c90019c22a3f3" 8235 8027 10675
"20465d839974d6a4" 9122 5851
"36f0b09a8d8fa3bf" 4351 9465 10462
"c4a2e5476db89274" 8642 6100 10669
"165aca64473cd706" 577 11543 2116
"1b2af316781d43b1" 299 6485
"90ebb0fb4514113f" 7286 341 5321
"d9ddb6d51af31aab" 1553 8027 11708
"9373b7c1b64915d1" 9242 7180 6570
"2dd6fd55958cf214" 10954 9346 1685
"cf13467b294e0b56" 4005 1847 2107
"fa7bcf8aa0c74375" 584 4879 219
"a4790f4546f11b0b" 10700 7172 7329
"dca1dca54fe220ca" 7445 6925 9918
"f2efe377ac8f9081" 8235 8659
"22b5fe70732c6853" 9465 3400 11728
"082f6add915aa5f7" 5344 10675
"5759393d3a345675" 4351 341
"2cfe1387586f10f2" 11708 5321
"db30ef7a1928582a" 10343 4005 6100
"5832aac7ffdbb40a" 8642 9918
"214d80b3ceb19b7d" 6925 11708
"0bf1bcb0373532b1" 10343 10462 9122
"76ada39f1e568bf0" 584 5851 1847
"61733fe1ef836c34" 7180 1553 2116
"9f9dc5fecc72a829" 4879 1801
"fdaba2d3b61d25e0" 3400 10954
"4a252b51b539dbda" 577 6570
"f6d206014bbadc0c" 9242 11704 1828
"44aba71c3965b1e6" 7445 9346 7172