"21b71f5af1f9cab5" 1632 3781
"d75ada1b52092220" 4923 3409
"d52250740be458c5" 77 1991
"d77dce0401704181" 1509 7727
"5a636388e3ad7581" 8281 115
"a54a69e3515f36dd" 1050 8987
"6cf7f4a83508893a" 4092 6029
"3f615d4f02481db9" 6282 4100
"630d7659baf62329" 7302 118 11641
"e4a2fbbc2afe6a1d" 6278 3781 1998
"5de1782c17c8896a" 1980 2230 9010
"ce341d7f593f71ec" 5769 1509 3409
"6947181cc6818e57" 7313 77 3435
"78afb8d76fff8306" 3766 10866 1358
"e1d3429373ccdf83" 11780 1732 4541
"b4fac3853d6ae6c6" 7730 9161 1547
"1681cc82fa60ca84" 1999 1160 9865
"763b8a2c72d776b8" 11075 8267 8276
"0ecbba71dc934eff" 896 1991 8380
"25443a3b8ecd781d" 2412 7727 1050
"897e0f6f1691d265" 1632 1998 11641
"388ea99cb521a68b" 2230 7730 6282
"a993d32f66befaf7" 3781 9161 1999
"a4794eab60c6686b" 4923 9010 4100
"7e1506f024015e85" 1509 1547 2594
"41a717df05b5e5dc" 7727 8281 2815
"fd4f1caa841a3511" 1732 115 8987
"aa5e56a3b32b8570" 1610 118 9865
"7c5824872a7a5fd5" 10866 11780 1160
"385206a7a069d0fa" 4541 1358 2815
"76029d143818aacf" 3435 11075 8276
"afdef48b57656d9a" 3527 8281 6029
"51cf321a1b068a83" 7302 3409 11641
"0124ecb7641527c9" 5769 4100 2594
"bb413129521f3150" 115 11641 2594
"84b1bb0fcad2f699" 7313 3766 1160
"7da60797ed7c4ed9" 77 3435 6282
"db2c2e574ea14a4d" 1991 8380 9865
"dce9b86fa9b77371" 1980 9161 115
"e88b53ccfff253f9" 10866 9865 1358
"c72467c94d4fb45e" 8281 11075 8267
"e7c5dba1edb16dc7" 3781 1998 9010
"945d56ce880b3fff" 1050 4092 6282
"e1e2300fdfdb023a" 7302 7727 8380
"82c856a123e25e72" 1632 1732 1547
"8161bfa863637517" 1610 7730 3435
"4d3d2ec843ef7bd8" 9199 11652
"835b1bd626453392" 2415 1896
"71a1f456272f22b9" 3526 7050 10006
"99276776a1fcd573" 1191 1265
"181fa9f48ad67be5" 2092 728
"32fe47f5c26b5169" 10464 8790
"620adddf16104b0f" 1313 11894 3478
"e89c2fb78a0c05e1" 3950 165 9094
"dc4d99efcda55adb" 1299 3753
"fa23b870eab9ef64" 10286 3948
"82e687a9745560ac" 6377 8781 6885
"969ddfbc589b03de" 6805 1835
"d15be9574a872e44" 6601 6203
"3f3aa3cb6c2c82b3" 1749 1360 11261
"6d94f580add093a4" 5342 1167 9084
"2db63dc0b332cd12" 8037 1796
"92021d848eb1a688" 5031 12161
"fb72b79e7480d7b4" 769 11478 2415
"ae3ffc3fabaea94d" 1278 7017 5342
"eaff4e2f122acb2b" 789 10619 4745
"93fca46fa75f5cb1" 6880 5265 6131
"85f6d4c393a79b32" 1587 4756
"94a28bbb58d86678" 4456 10666 3254
"6be8a5d2e2a43192" 10811 2954
"8562e2f23f47b895" 1310 12005
"e321aac97067e97c" 1124 5821
"b0ef52e237638d40" 9420 1963 10535
"b3377d683bd4c4ac" 11627 6815
"11d58d1b94cdaeab" 9480 1960 2424
"41d7db8b53d58333" 7296 10535
"8b2ae7e99a25cde9" 6742 6509
"b20c461d507f5cf9" 6880 10590
"9746f7773d71f350" 7649 11627 6520
"d117f6f1a8c0efac" 10049 5923
"2d86c2c17ae05d5e" 7578 4929 10450
"cbce3f732b8672a8" 6977 11970
"1cc84e696d04bfe5" 8864 8500
"8869f918d133b5f9" 85 10634
"a177134a72481e88" 10795 11273 9401
"f9fc2eea0ffd505e" 10619 1587
"709caa522d193dcb" 11273 12005
"e9de2fa33657a5ba" 5265 4756
"7148a5d2e2a43192" 10811 235
"14a44b2439c4c4e6" 6131 5821
"cb44aafc1a8439ac" 3254 5265
"0651db47db99c948" 4456 1963
"89610f9178234789" 11970 9480 85
"942f683bfc406988" 2423 2617 9292
"fce93f9efe5b5534" 4843 10352 5299
"fba457738df2ebfa" 2057 6342 12023
"9fd7f86f48234017" 9908 4200
"a965b5c1789e9720" 2741 166 10982
"35b2e781d65ff917" 10000 2582
"660d67fc47a79230" 2569 2567 2065
"d314cde496cc5db4" 2603 737
"0e013ae4a91694df" 6911 6934 10146
"7027a356f062bfb7" 6872 10917 10245
"456aea08c9d30ab7" 4381 5856 2182
"ed9c6928d88bffb8" 3890 615
"f6cd8804e09e91c4" 3930 3363 10165
"8366e20701c39345" 11582 275 7370
"0e959123fc3542a8" 11358 10128 7865
"1ccc64f8ad0651ec" 4883 8488 1253
"fac3612c125a8fd1" 9132 2182
"dc8272e2704224f4" 4843 2057 9132
"55db93a62c127ef4" 9950 7970
"0a6ecea50b0847c9" 1125 5541 9993
"45d206358ffa87cb" 10441 4976 2474
"a6b592ac3ecd2f51" 1187 5878
"53457f92a3c0065d" 4887 11997
"38e60d09be08630f" 10628 2146
"232aba25d299c96d" 1708 9993
"1b587979122fb3d9" 3415 3018 5687
"2da285a79b3384b3" 8515 2622
"b8297a5db4aa37a6" 9770 3415 11997
"20d1a60f5c35d8ba" 10344 9293
"6bd3b1246c19db22" 3653 4253 7335
"1f8983968d7cfa23" 3697 3415 1252
"a76d64b7fb9a39c7" 11656 4901
"58b4f464bdcbcf4f" 1252 10628
"a4d0612ddaeb8e64" 9669 7335 9657
"33e993a62c127ef4" 9950 0
"236a654bf84b0a81" 11690 1187
"23c051f5e9c02493" 3160 9293
"c1dd614291c3c4e5" 7525 6709 7477
"f3902c5fc0fe4f4e" 1739 4976 8515
"b2f79ac32f15097f" 2168 9770 11656
"5ecf602482acc12b" 7970 2622
"0798e5a96c1e1e27" 4253 11997 9993
"6f6c8533093697b6" 7387 2474
"c7f7f3e05e64de0f" 5687 10628
"601c5e7e1a35d000" 9657 11508
"f8b210fc37b0759f" 9669 7387 11354
"23fe79aaa5614da9" 1125 10344 11508
"22f90c64d358288a" 9884 10441
"e55f1cc07640a2bc" 6709 0
"42f0280792e32c2c" 12170 7477
"dd9055cf5b767a9d" 2168 3160
"af7bb4b0862f1059" 3653 3018 2146
"6ddb0f2255589991" 5195 4976 11354
"45e4668c2eb03f6b" 3697 9950 1708
"645891cae0d197be" 5541 4887 4901
"fc00c0b08bdd3abc" 3415 5687
"946de366ce7036c6" 7525 2939
"5f9cd663ac61b09b" 7335 9293
"6d6a1c5945e69991" 1739 11354
"7b959c6b8e21db1e" 9770 2939 7477
"137851e049d0d2ca" 8313 993 11354
"41fd06a654e5213d" 11690 9950 5195
"8bd2b7a99692fff0" 3653 12170
"2e58ae8fcc15c7b9" 7970 12170 4901
"7efa705a5fdabf37" 149 3103 5614
"f109f0300dbb7eb6" 7934 3656 1024
"b2444cdb721f9f88" 67 4247
"bbe3d18d1f9216f1" 2613 6493
"186ccf249ec9ac1f" 5165 11882 673
"7aaf1cbf883138f1" 5999 5847
"f0c36731e9fa8157" 2110 5116
"e7812bd1a59b7fde" 975 6758 2784
"689e5f5a4d629513" 1964 8541
"612b6184e52053b4" 5874 5599
"21e5b7d48cb13ac9" 4236 9927 5122
"42a94855e52948b1" 12127 8996
"d2174790cfc65d3a" 2445 3671
"e8a5bd5219619d47" 4232 7878 12143
"f376fff66553ca90" 1367 5868 4747
"1dbd723fbdc64a74" 3652 10224
"60ce3eddff01ace2" 9992 7473
"20b690407c7a39b1" 2038 10391
"3fbcd2bc279fc938" 5988 6514
"a0f880948f2239ae" 3657 208 1024
"24602cbf883138f1" 5999 8818
"18676760a7650da4" 2445 5116 1367
"203e3eddff01ace2" 9992 5165
"c36ffbc909c1df3f" 2784 12143
"ad4581020470181b" 7878 5599
"d221739291fbdaaf" 3103 11882 4747
"193ca97948a3c29c" 5847 5868 8541
"a24544686a5c34d8" 67 7473 5865
"e3f7db9d71aa882f" 4247 6758
"8de96184e52053b4" 5874 673
"502fe09e7d885c83" 3671 9927 6514
"567e776ac44a5b01" 6493 12127 8996
"3c7a05abc364a558" 7934 10224
"29dc06f84858415d" 4232 5599 5614
"00343a2870b45c75" 3656 4247 3652
"c9d2d18d1f9216f1" 2613 2110
"8c39a68a2cee0c34" 4747 4236
"8791813b6a0c422d" 5122 5988 3657
"340d4ffaaa4c8caf" 975 1964 10391
"c3f127657865a06b" 149 7934
"8907af7257ab152d" 1024 2784 5999
"c8b2daa386e8f845" 673 2038 5116
"33949377d21cc4ba" 7878 6514 11882
"61dfad6313eb979d" 9992 3656 6493
"53294790cfc65d3a" 2445 12127
"e4fcbcd646c3dd85" 4247 5599 67
"00c9c32510222c57" 8818 149 8996
"15c14628dd4aeec7" 7131 9989 12020
"ac09136a386b6041" 9307 6942 8552
"9acb8ceb6bd04a6f" 4868 6920
"3e314b0739ba9e8c" 917 11558 2511
"721f501fc57ba011" 7177 9989
"a0494ab6094e74de" 858 6573 8654
"70bd3f840995ec53" 7687 2943
"ba3f792ca7ada618" 3973 5437
"60dde1174fed3104" 10623 5928 7134
"cd99e891e37f989b" 678 4225
"eec77fd76bb25a79" 3968 4609
"b782b9566eb0d058" 11924 10096 10830
"913395886e71cb5c" 10937 7687
"43df42bc80ae348d" 5324 619
"61eb8b8f13284afe" 9181 6920 3968
"5a8b6f4af307046e" 1199 10623 8866
"88f223bdb2dd2fc6" 2561 8654
"07ec5f5d3849708e" 1909 5127 2511
"b398547126c7fdff" 1215 9307
"9cb0ae7e65bd9b5d" 9989 7131
"4a9bdec21890a3b4" 2511 12020
"2f787e039cef1123" 11558 7134 3405
"e0a46e56191962ee" 9307 1215 2879
"129fa798b8838546" 2943 3201
"291f501fc57ba011" 7177 10096
"025c50d7b7d9a3da" 678 5437 8552
"350a2882629d5fa5" 6573 9181
"cbcde10c7da86599" 858 5437
"ae985a82ec61a580" 9229 11924
"89f14b5bb66fd7e3" 1698 5324 4225
"c15788c88a862265" 3201 5928 8866
"bad6548dc9aa6a12" 10937 4609 12020
"ccc719453a49c840" 8654 1129
"4eaca135e7452328" 5480 4030 3405
"11ac012a783b33a7" 1199 2561
"b7dab0577742eba8" 10432 10830
"6e1a7e5c88a0d708" 917 3973 2879
"caf67fd76bb25a79" 3968 1215
"85320fa68e1fc4a9" 9989 7177 9229
"c67003c4722d0760" 10623 5324
"eeea8ceb6bd04a6f" 4868 3405
"0ca348e833ac5e2b" 619 4225 7687
"6bfe169a23475603" 8552 4609
"088c79f93632e27b" 5928 1909 6942
"6550ae7e65bd9b5d" 9989 5480
"8f115987be57cbab" 4225 4030
"75cb7c4f305dc444" 5127 11558 2561
"ba0810c31921b191" 7134 10432 11924
"cc2a21b6f31f3d46" 11431 11556
"131cb122cc603601" 2029 7035
"4e2afc45338bfc44" 2172 10751 11148
"0f046bf83ddbd265" 4167 5160
"18d25696af9d6a01" 8801 2791
"9c559bbd5c63487e" 8644 4801 9103
"748b66f3825b7f64" 1867 5963
"76419276d36f108d" 10334 692
"37717eca1fd37ba8" 2013 5773
"dbed9742dda41ae5" 9941 2005 4806
"d2afd0736120534f" 4500 10044
"f97bec76c2236e68" 4274 5976 8156
"62f50ae686ace7a6" 5556 3733
"c37e4599f0186bb9" 11315 7288
"e25995c472928eb5" 9263 10962 4020
"6026a40a1ef11cac" 11696 681
"425ff359bf83726b" 6898 9453
"a61b2ba75b3a9ab1" 368 8525
"e9cf25e8399a5723" 7181 2376
"6f11203e5554011b" 5160 2005 692
"80af2c169f11a773" 9801 7035 9103
"5b2bec76c2236e68" 4274 5976 6898
"9331227599657e8e" 535 11556 9453
"617c08ade1a18ddb" 7697 2029 5963
"c5952f586922ef32" 4167 11315 2013
"0348951a2cc872d7" 7288 5773 4806
"64d06952c0994cc0" 11148 10962 2791
"f81b924e01379cac" 10334 5556 4500
"dbbe8c9ea0c512e3" 8801 1867 8156
"e1687725a311181e" 9941 11696 2376
"40c427940c3a6050" 8644 9263 4020
"4d352bf579aaa53c" 4801 681 8525
"666fa708d6409cab" 11930 2172 11431
"37ac6c3b99cf18eb" 925 3733 692
"582eb911f986892a" 368 10044 704
"db213a2fdde82c8d" 2005 6898 7181
"b350c036bf7f6295" 9801 2029 7288
"2ea2ee7b1a8d849b" 4167 8644 4806
"bfe91971aab683b5" 5773 368 9453
"5dd93d3538aed39b" 5556 5976 704
"a01619716cc452f2" 10334 535 2376
"c2307f22a1c93400" 2029 9263 5963
"0288f6fdf5892e15" 11148 11315 4500
"868a739dc143b2c9" 7697 7035 2791
"3502b1d4d4a3068d" 11696 4801 8525
"652c3c8f18eb32f8" 2172 5160 681
"9aba8fec18e37b83" 4761 6199
"caefe13d965a8f47" 10506 317
"7267093f3d521df4" 11620 9638
"7d1f12c1f1579a3a" 5785 10853
"c922bdf3f4655128" 4939 358 2850
"69504fa705795c0a" 5348 5013
"d832c6e58e11fb25" 5331 8361
"2da1fa65d62c9756" 4797 5260
"ab88c29a8e89af2c" 5019 8241 865
"833a4e9d47f69957" 7235 932
"5002f80905d8a1b6" 5648 7112
"d4a53a8a3f2d38d1" 9063 11493
"7a02ac1efb3ff104" 1080 9285 293
"55fb85222b272dfb" 6677 5015
"15fe4bbf96c7d7e9" 5003 7957
"833523de3e26790b" 7740 8639
"4c81f0881e417459" 5293 7502
"6e914fb9234e5106" 2299 5882
"a4a49a09e8bb52d6" 7640 7909
"0aedcfb9c93fe6b0" 2963 9212
"1443b882098ee460" 7237 19
"74afcbaadf475b54" 7235 6199 1080
"410ea152d7316913" 317 7502
"6d2bc36f51026359" 3600 5785
"b43459db8f4570b3" 4797 865 5648
"3483cc2c6f631858" 7957 2949
"a58c401ab6936f70" 10853 5260
"ac9eb45753664196" 293 7740
"d6c98fec18e37b83" 4761 2299
"342f0b28bc6ea0e8" 5882 932
"e11ed23c4c533c36" 5015 7909 9285
"9761c6e58e11fb25" 5331 5013
"1e962e620095ec78" 4939 11493
"bee68e9634eee054" 5348 2850 11620
"7ab1f0881e417459" 5293 8241
"0c4c32b340747c89" 7237 8361 6677
"ece23a8a3f2d38d1" 9063 358
"cf2662e589696f7f" 19 7640
"408595adead06085" 1080 8639
"f9089e0744549242" 5019 2963
"32c27bc7e1551512" 9638 7112
"41b7256fe96c491c" 5260 5003
"20eb509dc2db21e2" 5648 4761 932
"fa77e31fd8b9dcae" 11493 865
"cba423e1acb01938" 932 2299
"e788d1c0661935ab" 9212 7237
"2dfac36f51026359" 3600 5013
"dc96dec12caabbfb" 317 1080 9063