"e050c6237e12585a" 19 373 150 2888 2887 13 7168 66 23 26424 18135 26425 55 26426 13 1869 171 4508 5136 4 9594 -1 -1 0 0 0 0 6 6 7 5 6 6 9 4 5 3 0 0
"960a2576e5dcd1e9" 21 35 113 1297 25 547 138 13 1389 3641 13 553 297 748 20 66 2310 13 2280 357 200 4 9595 -1 -1 0 0 0 0 8 9 9 8 8 6 5 5 4 4 0 0
"2906a61fca02f736" 19 878 228 3110 13 521 150 36 362 17852 13 553 720 588 1109 566 26427 877 787 4 9596 -1 -1 0 0 0 0 7 6 7 8 7 5 4 4 4 4 0 0
"8242bc8ab48b62a3" 19 95 150 36 566 855 990 3635 13 553 26428 1109 1589 9048 55 26429 530 2729 2730 4 9597 -1 -1 0 0 0 0 6 7 7 5 5 5 4 4 5 5 0 0
"3e4c2eab51b5afec" 23 41 3527 408 342 13 76 61 415 2684 13 553 303 13 303 13 134 26430 9695 805 26431 435 26432 4 9598 -1 -1 0 0 0 0 6 8 7 6 6 4 3 3 4 4 0 0
"44dacc0407cc95ce" 18 4421 6030 13 347 26433 361 26434 13 553 26435 26436 150 36 2512 4489 6745 26437 4 9599 -1 -1 0 0 0 0 5 7 6 5 5 4 3 6 6 5 0 0
"02c7c4edf6666dd4" 20 20 66 999 8133 93 6106 13 553 823 8536 13 537 8104 113 311 25 150 286 8062 4 9600 -1 -1 0 0 0 0 8 7 8 7 8 4 6 4 8 6 0 0
"0b71fa362830090f" 17 1110 1664 26438 26439 3304 13 553 26440 596 188 361 1674 1795 26441 1639 16695 4 9601 -1 -1 0 0 0 0 5 6 5 6 5 7 4 5 7 6 0 0
"26bcb6428c928b08" 18 774 26442 5509 171 9515 26443 13 553 191 313 314 13 315 316 188 317 200 4 9602 -1 -1 0 0 0 0 6 8 7 6 6 6 5 5 5 5 0 0
"ce8dbfe9d4f0ea1d" 16 9011 15578 15909 13 228 15580 3305 13 553 26444 712 373 12577 520 2303 4 9603 -1 -1 0 0 0 0 6 7 6 6 6 6 4 4 5 5 0 0
"f9892442102a6604" 18 26445 26446 423 95 26447 1032 13 553 23 2891 1420 25 113 13 28 12066 12371 4 9604 -1 -1 0 0 0 0 5 6 6 5 5 5 3 4 5 6 0 0
"92e51de1e0545604" 27 20 15023 454 607 13 282 26448 17652 553 26428 1109 1589 13 2729 2730 13 297 748 20 1403 4356 26449 26450 8185 13065 2094 16483 9605 -1 -1 0 0 0 0 0 0 0 0 0 0 0 0 0 0 0 0
"d59519cb5c11ae40" 17 1071 171 12577 61 2652 10460 26451 13 553 878 228 3110 13 878 102 8245 4 9606 -1 -1 0 0 0 0 7 8 7 6 7 4 4 4 4 4 0 0
"2e4dd1ce09788e57" 16 5739 150 796 93 3951 5738 13 553 20 188 26452 14666 66 26453 6879 4 9607 -1 -1 0 0 0 0 8 7 8 7 6 4 4 3 4 6 0 0
"db7efc66ad793751" 21 359 1842 13 134 7123 326 13 357 1842 417 13 553 23316 515 66 3027 576 13 449 449 4 9608 -1 -1 0 0 0 0 6 6 5 6 5 4 3 4 4 5 0 0
"53a115d0c87863f4" 20 23 20 10650 13 95 5603 349 26454 553 2 716 87 297 890 13 1511 2 24173 901 4 9609 -1 -1 0 0 0 0 7 5 6 4 5 9 5 2 3 4 0 0
"29f0020bcd9eed6b" 24 796 22217 3551 4421 171 8323 13 3335 113 171 3336 553 87 1067 1213 515 2047 13 1043 993 20 104 26455 4 9610 -1 -1 0 0 0 0 8 8 8 6 7 6 7 4 9 4 0 0
"3392bdfd588311e2" 22 20 14933 4691 13 4594 1065 13 341 1492 504 553 34 35 545 87 452 13 1978 18 20 1067 4 9611 -1 -1 0 0 0 0 6 6 6 4 4 4 4 2 2 3 0 0
"f08863a8d35d7ad3" 23 150 36 4212 1580 3094 13 26456 26457 553 720 588 1485 737 373 7159 578 13 2 2135 3923 61 1246 4 9612 -1 -1 0 0 0 0 7 5 6 5 6 6 3 4 6 4 0 0
"5c64d5a9a12ec31f" 18 347 361 547 13 26458 26459 553 10647 10648 96 23674 13 2 1494 174 616 2284 4 9613 -1 -1 0 0 0 0 6 6 9 5 6 4 5 3 3 3 0 0
"57af3cb341667ca3" 35 852 373 150 151 2258 13 2888 39 13 553 15913 26460 13 1628 20 373 1775 5374 777 1315 1297 13 553 12774 26461 4123 13 5894 15580 2007 13 15578 15579 3302 4 9614 -1 -1 0 0 0 0 5 5 4 4 4 5 3 6 4 6 0 0
"b49d11e27b61f333" 23 347 36 26462 13 1578 25 3735 13 553 20 10650 66 26463 774 26464 26465 13 26466 26467 394 13 4862 4 9615 -1 -1 0 0 0 0 6 6 7 4 5 9 5 5 3 3 0 0
"a2c6da2f2983602d" 24 23 5136 13 12610 55 4757 537 326 26468 13 553 150 95 5603 4337 171 23048 13 26469 113 188 13160 5191 4 9616 -1 -1 0 0 0 0 7 7 6 4 6 4 5 3 3 4 0 0
"08fe70358632a33c" 25 547 26470 146 13 982 26471 2 1664 26472 553 2 26473 26474 26475 13 23 2652 26476 13 26477 2852 313 939 744 4 9617 -1 -1 0 0 0 0 6 6 6 3 4 3 4 2 2 3 0 0
"e2d8eabd3cb07066" 36 171 2 15680 26478 1060 13 102 26479 394 26480 553 20 61 2729 26481 13 102 920 1007 609 13 553 574 8257 12387 13 35 61 545 5412 13 150 1109 1007 26482 4 9618 -1 -1 0 0 0 0 6 6 6 5 5 5 5 7 4 6 0 0
"0217f9938f15fd53" 37 191 10648 96 10647 13 171 19762 2 1284 16396 13 553 61 415 2684 1511 2888 13 308 20 373 637 10099 93 26483 13 553 308 26484 3516 3450 13 20 4424 1420 19288 4 9619 -1 -1 0 0 0 0 6 6 9 5 5 4 4 5 4 3 0 0
"692d8bae8f56a2cf" 38 2 2976 34 26 13 93 23 53 2168 13 1947 1428 576 26485 553 1568 150 2889 13 150 1071 15357 26486 13 553 28 26487 26488 1047 744 13 675 1775 5901 10543 723 11067 4 9620 -1 -1 0 0 0 0 6 6 5 5 4 4 3 4 2 3 0 0
"4958b54dba8f8fe6" 35 2 26489 26490 26491 13 125 87 10176 2284 171 2737 553 26492 26493 13 1194 136 316 188 26494 394 553 357 4071 284 17394 2 61 26495 1651 286 7317 388 4467 4 9621 -1 -1 0 0 0 0 7 7 7 5 6 4 4 4 3 5 0 0
"7cbf18c1cbf98db0" 33 28 574 1013 361 588 13 26496 10619 10619 553 20 188 4591 14666 6879 13 20807 367 359 26497 1842 13 553 87 1067 1047 1043 993 6659 1842 2 11026 4 9622 -1 -1 0 0 0 0 7 6 5 6 6 4 4 3 5 4 0 0
"ea7f22e13876be6e" 32 6726 353 13 449 449 3327 13 26498 396 553 2506 1854 53 358 13 3478 3302 6561 2568 150 1869 553 19700 3516 4423 13 102 297 26499 13144 489 4 9623 -1 -1 0 0 0 0 5 4 4 2 3 4 3 4 3 2 0 0
"fc44cb8f0bff1584" 34 23 3367 162 13 417 721 5290 13 553 26500 1924 26501 1775 26502 499 417 622 26503 4 553 7171 34 26504 13 3845 26505 13 548 26506 26507 18891 330 3450 4 9624 -1 -1 0 0 0 0 0 0 0 0 0 0 0 0 0 0 0 0
"fbb7637de0a954f3" 33 150 9499 4361 305 5407 13 553 28 637 13 76 61 415 2684 13 9462 150 26508 504 26509 4 553 6892 2358 8536 13 2006 925 8538 146 388 26510 4 9625 -1 -1 0 0 0 0 0 0 0 0 0 0 0 0 0 0 0 0
"7719551232c39355" 36 171 8131 20132 1753 2777 10200 13 553 417 24027 10730 8409 26511 566 419 4 553 26512 15578 6682 13 11978 26513 330 26514 13 26515 113 26516 13 38 5255 1192 3472 26517 4 9626 -1 -1 0 0 0 0 0 0 0 0 0 0 0 0 0 0 0 0
"b88cf04c54aa24ff" 34 8246 2675 8247 26518 26519 13 553 2 6083 6084 1639 26477 13 600 93 170 566 7239 576 4 553 4361 5561 482 2905 13 2 21585 96 13 1298 18830 26520 4 9627 -1 -1 0 0 0 0 0 0 0 0 0 0 0 0 0 0 0 0
"09374b8965a3b6ce" 33 303 13 15577 15578 4646 5894 26521 3305 13 553 574 742 61 737 3324 13 41 9999 1529 4 553 26522 24455 26523 22012 13 574 482 1016 61 1069 1795 4 9628 -1 -1 0 0 0 0 0 0 0 0 0 0 0 0 0 0 0 0
"e72f3e3604650bf2" 35 357 171 10215 5452 2652 10217 13 553 1664 3951 5738 5739 150 1510 463 3531 13 150 19762 19915 553 87 1067 1047 1043 993 13 2245 26524 504 125 13 26525 35 1336 9629 -1 -1 0 0 0 0 0 0 0 0 0 0 0 0 0 0 0 0
"074dbaa57d8a991f" 40 203 204 205 206 13 1869 9394 358 26526 13 553 5287 5288 5289 1886 5260 13 2652 2731 726 4 553 17805 395 7949 8816 26527 7774 13 4862 520 12086 588 1193 13 66 1002 26528 26529 4 9630 -1 -1 0 0 0 0 0 0 0 0 0 0 0 0 0 0 0 0
"a292aafdfee2d393" 42 720 588 1765 737 102 1604 364 13 553 11603 4885 6209 13 1549 6480 1109 417 26530 4 553 66 13428 93 13429 13 35 799 3253 13420 13 553 8864 150 26531 1550 13 373 388 6727 2353 8634 4 9631 -1 -1 0 0 0 0 0 0 0 0 0 0 0 0 0 0 0 0
"ef663017851ea3e9" 48 93 94 66 435 26532 13 26533 6907 66 26534 13 553 5603 61 590 446 13 87 61 134 308 9287 9721 4 553 303 13 23 26535 6601 13 1071 26536 26537 13 553 2219 12960 13 1481 26538 26539 13 23 53 26540 26541 4 9632 -1 -1 0 0 0 0 0 0 0 0 0 0 0 0 0 0 0 0
"8ac1848e021c5cae" 46 191 188 4591 14666 66 6879 13 26542 21003 13 553 357 66 13428 93 13429 13 35 330 367 2861 4 553 2506 2505 358 724 1761 13 26543 1947 26544 13 553 18 1193 359 361 26545 13 357 2652 1552 26546 637 4 9633 -1 -1 0 0 0 0 0 0 0 0 0 0 0 0 0 0 0 0
"9509e49b5ec4eaa8" 45 13987 44 6030 35 171 61 1641 415 2684 13 553 357 20 61 14933 2 66 5189 4110 13 26547 34 1492 504 4 553 23 18229 26548 26549 13 14831 26550 13 553 66 6058 20096 20083 13 150 330 26551 26552 4 9634 -1 -1 0 0 0 0 0 0 0 0 0 0 0 0 0 0 0 0
"efcece6e46e2ce91" 40 4773 4757 5136 13 540 87 26553 13 553 3331 87 3332 3333 13 423 66 1192 1930 5709 4 553 12066 12371 13 347 8414 2536 13 357 19228 566 26554 13 553 11503 26555 26556 26557 5881 4 9635 -1 -1 0 0 0 0 0 0 0 0 0 0 0 0 0 0 0 0
"5b8a20b494e5767f" 40 347 361 1979 547 13 41 347 637 1305 26558 26559 26560 13 553 26561 353 13 2 8816 8765 1319 26562 4 553 2 8285 26563 23163 13037 12851 13 553 2556 26564 887 26565 26566 26567 26568 4 9636 -1 -1 0 0 0 0 0 0 0 0 0 0 0 0 0 0 0 0
"24ec7e2cbdeb9858" 52 171 5254 26569 10199 10200 13 553 1109 26570 26571 13 13734 26572 66 26573 26574 4 553 10647 10648 13 26575 26576 13 26577 330 26578 13 13672 953 11446 553 11603 4885 6209 737 1821 26579 26580 13 553 26581 1655 13 297 26582 3081 566 171 26583 26584 4 9637 -1 -1 0 0 0 0 0 0 0 0 0 0 0 0 0 0 0 0
"c916359e65fdbe8b" 31 373 150 2888 39 13 26585 823 13 26586 14594 13 553 282 2976 515 66 3027 53 576 13 347 151 2851 21647 13 2793 901 13 19852 4322 4 9638 -1 -1 0 0 0 0 0 0 0 0 0 0 0 0 0 0 0 0
"146ae01f5edc3759" 20 2 87 1745 113 13 20 10650 3727 13 553 150 286 15352 13 25 5287 5288 1109 26587 4 9639 -1 -1 0 0 0 0 0 0 0 0 0 0 0 0 0 0 0 0
"bb167806d0a7a50c" 14 191 9459 26588 34 12726 13 553 26589 8868 3714 84 1592 3001 4 9640 -1 -1 0 0 0 0 0 0 0 0 0 0 0 0 0 0 0 0
"8613d2140b95db0f" 17 34 35 3807 2324 16723 26590 13 553 113 26591 26592 26593 3183 3184 742 7521 4 9641 -1 -1 0 0 0 0 0 0 0 0 0 0 0 0 0 0 0 0
"e6ffdc3d547d7742" 22 26594 5404 1342 1877 26595 9805 13 553 26596 7900 1142 13 1071 21211 21290 26597 305 26598 3221 10881 4 59 9642 -1 -1 0 0 0 0 9 8 8 8 6 5 5 4 4 4 0 0
"28320c6e1e6d8005" 18 520 61 415 13 520 61 19182 13 703 1187 553 102 920 25571 2273 2274 2275 4 9643 -1 -1 0 0 0 0 0 0 0 0 0 0 0 0 0 0 0 0
"6c22f39a1d5462b3" 17 87 61 326 1506 351 547 3746 13 553 1506 113 534 10164 2336 1552 23281 4 9644 -1 -1 0 0 0 0 0 0 0 0 0 0 0 0 0 0 0 0
"196ebe564ee1f9be" 16 41 26599 484 8328 13 18365 396 3434 553 925 1463 609 34 3298 7834 4 9645 -1 -1 0 0 0 0 0 0 0 0 0 0 0 0 0 0 0 0
"e9b19669cc6acd11" 20 357 520 361 2333 13 20 1710 1643 12718 553 113 16046 26600 13 2 507 5337 297 9190 4 9646 -1 -1 0 0 0 0 0 0 0 0 0 0 0 0 0 0 0 0
"ac3b8b7935b26b29" 23 66 8093 5803 1029 326 13 20 6817 3488 553 66 431 432 433 434 13 2 134 34 6020 171 12648 4 9647 -1 -1 0 0 0 0 0 0 0 0 0 0 0 0 0 0 0 0
"73484b1d3c607392" 22 796 10071 169 8812 13 2 93 26601 553 2321 2287 35 297 87 61 13 548 721 286 990 1780 4 9648 -1 -1 0 0 0 0 0 0 0 0 0 0 0 0 0 0 0 0
"fcfef3cbcc40455b" 23 1760 7675 267 13 1122 457 26602 553 347 36 1299 146 188 26603 13 1122 150 10636 297 722 277 278 4 9649 -1 -1 0 0 0 0 0 0 0 0 0 0 0 0 0 0 0 0
"1276b60f2d530237" 23 171 3358 61 20 8952 13 373 11002 553 41 392 12138 13 347 463 3467 13 9598 188 115 347 388 4 9650 -1 -1 0 0 0 0 0 0 0 0 0 0 0 0 0 0 0 0
"5771ba948f774d86" 26 9505 9491 13 191 150 26604 2135 36 1780 3053 553 2348 1131 3123 13 35 95 61 2735 134 87 3387 13 1069 6612 4 9651 -1 -1 0 0 0 0 0 0 0 0 0 0 0 0 0 0 0 0
"0810baf79206f7a4" 69 34 6020 13 1109 125 26605 8720 13 2 26606 0 8089 26607 553 191 1109 26608 2 13840 13 95 967 61 3838 26609 26610 4 68 13657 4 26611 305 297 26612 13 26613 2455 26614 13 26615 15137 15138 15139 26616 17652 68 517 66 23 297 3040 13 357 2455 1187 13 25 1342 26617 553 2 15137 15138 13 15139 15140 2480 26618 4 9652 -1 -1 0 0 0 0 0 0 0 0 0 0 0 0 0 0 0 0
"a852d17a0f253201" 18 3327 7664 7665 7666 26619 13 553 347 388 2142 367 13 23 2846 4748 188 20154 4 9653 -1 -1 0 0 0 0 0 0 0 0 0 0 0 0 0 0 0 0
"81177251cf4d1f9b" 24 171 823 150 11000 13 28 267 515 26620 26621 13 553 744 373 2652 1511 13 357 331 373 150 151 9054 4 9654 -1 -1 0 0 0 0 6 7 9 8 7 6 5 3 5 4 0 0
"bc2ebea3498436d9" 22 796 61 373 17478 13 482 1552 7277 16083 13 553 1842 20 15286 26509 3157 13 18483 599 1245 2809 4 9655 -1 -1 0 0 0 0 7 7 7 8 6 7 6 6 4 5 0 0
"4f42f6239cb098cd" 24 588 388 93 1567 13 35 5530 61 19840 13 553 35 95 150 113 286 12295 13 35 146 3807 292 3867 4 9656 -1 -1 0 0 0 0 5 6 7 5 5 5 4 5 5 3 0 0
"a197543f20c173d5" 23 1971 26622 1737 2292 2 26623 13 553 596 9745 6622 13 357 150 26624 9054 417 19801 3327 7664 7665 7666 4 9657 -1 -1 0 0 0 0 6 6 6 6 5 6 7 6 5 4 0 0
"580dc82402c69e0d" 48 1568 150 1599 297 12430 1600 13 191 719 386 35 171 26625 636 367 26626 13 553 311 150 36 2248 3251 14291 13 2155 87 3203 26627 4 553 66 3425 13 347 4337 6857 353 26628 1928 26629 26630 1842 359 767 188 26631 4 9658 -1 -1 0 0 0 0 8 6 7 7 6 7 7 5 8 6 0 0
"21021ce821b837ad" 25 731 7159 3536 641 9592 3416 9593 13 553 26632 767 6050 13 326 7563 7564 4 553 8642 8643 1083 1577 26633 8644 4 9659 -1 -1 0 0 0 0 9 5 5 4 5 8 7 5 9 5 0 0
"004f827408e6e1d1" 16 41 2839 1192 13 34 2839 26634 2840 13 553 1192 1122 26635 171 26636 26637 9660 -1 -1 0 0 0 0 8 5 5 5 6 8 6 5 8 4 0 0
"4f7682879553b70f" 19 1407 26638 26639 6524 13 17137 2861 13 553 14355 14356 6069 14357 13 548 5044 36 5045 4 9661 -1 -1 0 0 0 0 7 7 7 6 6 7 6 6 7 5 0 0
"3ba9d67a22e83b09" 18 347 1667 14596 9413 2852 1381 14597 13 553 466 3248 26640 13 2436 2852 5045 26641 4 9662 -1 -1 0 0 0 0 5 6 6 7 5 7 8 4 5 5 0 0
"a26b513e460ac555" 17 25 87 113 286 990 13 553 9991 2573 10251 6585 13 341 600 26642 25041 4 9663 -1 -1 0 0 0 0 6 6 4 4 6 6 6 5 5 5 0 0
"136dd8215f88bbde" 23 2 102 1929 202 2075 20596 2076 13 553 47 1795 8305 357 13839 3998 87 6786 3296 26643 55 26644 26645 4 9664 -1 -1 0 0 0 0 5 6 5 4 5 5 6 7 4 6 0 0
"1c6c568e887e48e3" 27 9431 12975 188 12976 12977 13 553 1336 25 113 13 357 347 26646 13 347 1463 26647 4 553 47 26648 15196 26649 923 737 4 9665 -1 -1 0 0 0 0 6 5 5 4 5 6 6 8 4 6 0 0
"75671bd76a944ab5" 23 25 704 330 1187 13 553 845 11754 134 13 26650 13 26651 13 26652 6501 26653 26654 26655 55 26656 68 4 9666 -1 -1 0 0 0 0 8 5 5 6 4 7 6 5 6 4 0 0
"ae5094f023814a00" 32 774 1383 26657 171 115 5480 13 553 34 186 835 1093 13 171 26658 6634 1103 26659 4 553 3889 3890 3891 3892 3893 3894 13 26660 171 26661 26662 4 9667 -1 -1 0 0 0 0 6 6 6 7 5 4 4 8 6 7 0 0
"c15c8f2d05977005" 23 20 10190 87 26663 26664 13 1374 357 455 13 553 47 596 87 113 26665 26666 628 13 150 1720 26667 16483 9668 -1 -1 0 0 0 0 8 7 6 6 6 5 6 4 6 3 0 0
"c26c6e72210b2abd" 16 87 3089 6054 412 9451 9452 9453 13 553 357 95 9128 61 134 26668 4 9669 -1 -1 0 0 0 0 7 6 6 6 6 8 6 4 4 3 0 0
"5016e76cf555f783" 20 731 7159 3536 13 641 9592 9593 13 553 2696 14257 13 22413 87 61 87 3006 520 26669 4 9670 -1 -1 0 0 0 0 8 7 9 8 7 8 6 5 7 4 0 0
"1eca3355296137e2" 19 66 10546 171 10547 125 13 553 25 704 1187 13 87 61 359 9146 482 6736 388 4 9671 -1 -1 0 0 0 0 7 6 7 6 6 7 5 6 4 4 0 0
"e90d1cabe13a35de" 19 13681 13682 13683 13 34 170 774 66 556 13 553 26670 5621 13727 61 53 8533 10056 4 9672 -1 -1 0 0 0 0 6 7 6 6 6 5 4 5 3 4 0 0
"eaf27536366f97d6" 19 10473 13 341 1319 1352 13 26671 116 13 553 357 66 5262 417 13 655 4591 833 4 9673 -1 -1 0 0 0 0 6 8 6 6 7 5 4 4 4 3 0 0
"9a592fd8c63d8c44" 17 2 9717 13 26672 16138 1109 16139 13 553 1071 588 1342 8307 26673 3207 16139 4 9674 -1 -1 0 0 0 0 7 6 7 7 6 6 5 6 4 5 0 0
"2f2c31d712a89ec4" 20 20 66 12206 13 845 87 26674 13 553 2722 9363 126 13 852 150 343 361 330 5344 4 9675 -1 -1 0 0 0 0 6 7 8 6 6 6 5 6 6 4 0 0
"5e124ffccc0ec302" 24 223 224 225 204 226 13 191 342 6830 26675 26676 13 553 191 999 14312 7994 13 3297 26677 26678 41 26679 4 9676 -1 -1 0 0 0 0 6 6 6 6 6 5 4 3 4 3 0 0
"11a370bceb2c0f92" 29 2 1013 14567 6209 14568 521 14569 13 553 171 15152 1655 13 26680 22356 150 2886 4 553 9025 5753 12960 12961 13 87 3210 26681 26682 4 9677 -1 -1 0 0 0 0 6 6 6 7 7 5 4 6 4 6 0 0
"7781154a3733e9a7" 24 6787 14291 13 41 2839 1192 1374 34 2839 2840 13 553 1947 1806 3963 6551 2 15003 93 25364 21579 12906 2840 4 9678 -1 -1 0 0 0 0 7 8 7 6 7 7 5 6 6 5 0 0
"e84e6ad1d3592fa1" 21 171 15152 1655 13 9991 2573 10251 6585 13 553 34 26683 9224 1047 13 2859 26684 26685 26686 1584 4 9679 -1 -1 0 0 0 0 6 5 6 6 6 5 4 4 5 4 0 0
"47e64b26e45c9e3c" 22 191 767 6050 326 7563 7564 13 553 6876 13 457 3302 6876 13 330 150 26687 26688 26689 26690 26691 4 9680 -1 -1 0 0 0 0 7 7 6 6 6 6 4 5 4 3 0 0
"e07a48ed73c986b0" 19 347 1667 14596 689 2852 1381 14597 13 553 581 582 13 297 4400 8188 9630 20945 24847 4 9681 -1 -1 0 0 0 0 7 7 7 7 6 6 5 5 5 4 0 0
"754e7936cd96d508" 22 8642 8643 1083 171 1577 8644 13 553 47 8305 217 4546 13 1122 6791 26692 171 13160 15571 18381 146 4 9682 -1 -1 0 0 0 0 6 7 6 6 6 5 4 3 4 4 0 0
"f0fb165ae8d1431e" 21 150 21195 5045 13 191 1651 7131 26693 13 553 767 326 6050 7564 188 3370 13 87 18095 26694 4 9683 -1 -1 0 0 0 0 8 7 8 6 6 7 4 4 6 4 0 0
"7fae4d70a2c16adc" 30 782 35 286 14405 13 1114 367 2861 13 553 17137 2615 367 2 636 367 2735 13869 13 553 1336 25 3302 13 113 347 463 367 26695 4 9684 -1 -1 0 0 0 0 8 8 9 9 8 8 6 3 6 8 0 0
"91a24a3e21c8081a" 45 704 16138 16139 2 628 17541 13 553 774 11 13036 10637 13 3110 26696 68 13 68 223 224 225 204 226 13 223 224 13651 204 26697 13 553 224 13648 11062 235 217 13 184 26698 26699 13 184 26698 26700 4 9685 -1 -1 0 0 0 0 7 7 9 8 8 7 8 6 9 6 0 0
"46cdf7783a84c303" 36 16538 1509 3307 26701 7845 13 553 113 596 1449 425 1911 2 4404 26702 13 553 1886 61 12840 13 113 1109 1110 2218 13 553 1109 16508 373 12838 2 1485 5719 6531 4 9686 -1 -1 0 0 0 0 8 6 8 9 6 7 5 8 9 8 0 0
"069766c778cfc31b" 47 449 34 35 36 330 2056 13 482 34 330 7674 13 553 359 6995 13 16335 93 1567 1621 68 13 68 13995 13995 13996 13997 13998 13 87 102 61 349 1093 4207 13 553 171 7610 7609 26703 2 1821 26704 93 26705 4 9687 -1 -1 0 0 0 0 7 7 7 6 6 5 7 5 6 7 0 0
"59d6a27e22c8463b" 48 26706 1099 26707 13 188 23940 150 26708 2920 26709 13 553 15179 796 26710 492 95 61 188 2 171 26711 26712 26713 68 13 68 95 425 8897 8898 13 537 26714 20199 21171 13 553 2200 22015 26715 2 1575 1492 3802 4228 13951 4 9688 -1 -1 0 0 0 0 9 8 9 9 8 6 9 9 7 6 0 0
"84841bed3bc4681f" 51 95 61 11133 9575 13 1109 102 1029 61 3405 417 13 553 1109 26716 1016 26717 13 150 26718 388 349 26719 4 68 13 68 6209 6210 6211 61 2227 13 28 1762 12049 35 645 2652 2605 13 553 113 956 26720 12952 704 92 1571 26721 4 9689 -1 -1 0 0 0 0 9 9 9 9 9 8 9 7 6 8 0 0
"aef594880e4bd01a" 35 23 4339 13 1628 170 2573 17652 1881 3089 2 2265 26722 26723 13 553 357 435 436 150 437 438 1978 4093 13 553 26724 26725 881 38 26 26726 14818 13 26727 4 9690 -1 -1 0 0 0 0 0 0 0 0 0 0 0 0 0 0 0 0
"1b9912309469a3cd" 51 13600 13610 12312 13611 13 13612 237 26728 13614 13 553 26729 11061 13602 13579 26730 13618 17439 13 13587 231 1823 26731 26732 4 68 13 68 4154 2852 2567 13 2 2214 35 26 2218 13 553 95 7577 150 36 330 2067 13 113 26733 2 5659 4 9691 -1 -1 0 0 0 0 8 9 7 7 7 6 6 6 5 7 0 0
"f3f14463c878abf5" 49 499 2846 737 1979 116 19801 3278 13 553 537 34 3298 26734 13 87 388 357 6145 26735 4 68 13 68 20 87 4127 4128 901 4129 13 34 26736 87 1047 963 13 553 1109 1110 2464 3427 13 357 517 26737 2 24842 26738 4 9692 -1 -1 0 0 0 0 9 8 8 7 6 7 7 8 9 7 0 0
"9ce03629fb0aa64a" 51 361 2897 1108 188 4169 13 2 1710 373 26739 13 553 357 1109 16510 18 359 3302 18939 13 16510 712 2620 1516 68 13 68 113 1514 1515 1516 13 1015 35 66 347 36 326 13 553 1016 15419 2696 19886 1043 26057 95 61 3302 26740 4 9693 -1 -1 0 0 0 0 9 8 9 8 7 7 6 9 9 7 0 0
"e5a1dd2d61334311" 44 150 3949 9638 1568 13 150 36 362 12527 13 553 1109 113 9661 417 419 13 1878 26741 7086 4 68 13 68 4062 9489 13 2 5769 14610 1033 13 553 742 150 36 3761 13 113 95 1509 61 1016 4 9694 -1 -1 0 0 0 0 8 9 9 8 8 8 8 7 7 6 0 0
"e615ea48a1778c9f" 53 530 2128 1993 13 1664 93 858 26742 13 553 28 347 36 589 26743 13 4352 19206 13 44 1188 4 68 13 68 532 87 608 14718 13 102 373 3411 2 26744 13 553 20 95 150 2439 13883 146 330 13 2049 61 171 26745 2358 26746 26747 4 9695 -1 -1 0 0 0 0 8 7 7 8 6 6 6 5 6 6 0 0
"48831103389dd801" 50 26748 26749 26750 13 26751 8132 1029 13 553 23 27 26752 1122 8339 835 2155 20 373 1047 26753 1561 4 68 13 68 1047 3249 3539 13 357 1052 66 23 26754 13 553 347 530 7963 330 18483 13 2 9719 93 25 2958 3327 26755 4 9696 -1 -1 0 0 0 0 7 6 6 8 4 5 3 5 7 6 0 0
"553aa4ea962d4fda" 26 150 4149 500 5886 4880 3307 13 553 191 165 1286 1287 1288 1289 13 553 1109 8078 1621 2 3993 384 14566 21202 14729 4 9697 -1 -1 0 0 0 0 0 0 0 0 0 0 0 0 0 0 0 0
"33e93570626df24b" 30 4114 174 1463 13 347 26756 689 13 553 341 5188 13 35 12727 26757 393 26758 13 553 34 186 106 1665 197 1029 2777 26759 55 26760 4 9698 -1 -1 0 0 0 0 0 0 0 0 0 0 0 0 0 0 0 0
"c683445b3620703f" 29 26761 26762 2 4107 26763 26764 26765 13 553 659 660 1284 26766 13 553 621 1047 297 722 467 13 87 2521 412 3638 76 22551 15729 4 9699 -1 -1 0 0 0 0 3 1 3 2 1 2 1 5 1 4 0 0
"7de01da1da65de0a" 28 9678 87 26767 22810 13 14996 170 6991 13 553 687 373 3148 642 26768 26769 26770 13 553 5796 1352 10788 2 150 345 3180 36 4 9700 -1 -1 0 0 0 0 5 4 4 3 2 2 3 2 3 1 0 0
"2b58fc0da05770bc" 29 15166 26365 13 26771 1714 19212 13 553 150 487 26772 26773 13 14311 150 36 330 26774 13 553 2 26775 106 2505 25816 102 26776 26777 4 9701 -1 -1 0 0 0 0 8 7 7 6 5 4 5 3 4 4 0 0
"b1544a4c0bd93178" 26 722 26778 26779 26780 20 26781 13 553 357 566 950 4751 10708 3872 4576 13 553 2 4134 1461 2 150 134 2062 2331 4 9702 -1 -1 0 0 0 0 7 6 5 5 5 3 2 2 4 3 0 0
"b69f4382640ef14d" 30 20 6995 25075 26782 13 553 35 26783 2284 1775 3420 683 13 357 346 87 36 23125 13 553 357 566 950 4751 10708 44 588 8665 3195 4 9703 -1 -1 0 0 0 0 5 4 5 3 3 4 3 2 4 3 0 0
"2227a5517b6a56b7" 33 35 34 6910 171 26784 13 66 629 18 2512 13 553 2914 61 10911 13 1043 25 1930 150 1315 13 553 26 26785 353 61 151 26204 26786 13 1251 4 9704 -1 -1 0 0 0 0 6 7 6 6 5 4 3 2 5 5 0 0
"200507d16933c306" 51 698 2077 8341 11321 1389 18202 26787 170 4391 26788 13 553 63 26789 26790 26791 1342 10 764 26792 13 553 357 26793 26794 698 13 188 3880 7946 26795 15086 7548 13 553 13587 13588 13589 13590 13619 224 14491 217 13 224 26796 217 26797 9539 26798 4 9705 -1 -1 0 0 0 0 8 7 5 6 4 7 4 5 6 6 0 0
"5a881cda953333cc" 43 35 106 34 26 21364 106 26 26799 26800 26801 774 13 553 10328 35 34 10829 705 540 21770 24808 13 553 2 1108 737 1664 13482 7207 13 553 2 66 23 1889 13 3073 26802 26803 87 7793 276 4 9706 -1 -1 0 0 0 0 4 3 4 3 2 2 3 2 4 3 0 0
"2899e9af2584dd4a" 38 2 1099 2165 5802 26804 373 15751 13 553 20 519 2650 1643 26805 26806 712 13 553 188 1342 26807 142 13 1109 26808 13 553 1201 1643 6752 13 7548 457 425 373 17912 26809 4 9707 -1 -1 0 0 0 0 7 6 5 6 5 3 3 4 5 5 0 0
"7cb6374f1b587310" 36 2 7054 521 326 13 26810 7055 19182 20987 13 553 26811 188 845 457 26812 2 636 26813 13 553 20 1191 23 9234 16270 13 26814 15419 26815 23280 26816 2 4862 1981 4 9708 -1 -1 0 0 0 0 5 4 4 4 3 3 3 3 4 2 0 0
"ff20393575f5d52b" 58 3951 14298 13 188 1498 22810 3222 13 1042 150 4386 676 13 553 26817 188 26818 26819 3302 26820 13 553 742 150 36 545 2023 13 4715 6785 13 188 26821 13 3951 14298 13 553 34 41 26822 2941 305 373 26823 13 217 4546 239 12702 1823 232 213 13579 13586 26824 26825 4 9709 -1 -1 0 0 0 0 7 6 5 3 3 6 3 3 5 5 0 0
"9ab99fb7053116b0" 60 687 2999 10043 36 396 13 347 388 151 26826 6478 13 553 1071 66 26827 1188 359 353 26828 26829 596 608 3302 26830 26831 13 553 5530 13296 188 26832 61 4623 5579 20 7584 1580 125 150 36 26833 13 553 13587 13588 13589 13590 13619 224 14491 217 13 224 26796 217 26797 9539 26798 4 9710 -1 -1 0 0 0 0 6 5 4 3 2 5 3 4 4 4 0 0
"0ea16b4374c465e5" 36 888 5260 13 4234 25 4395 672 13 553 66 347 36 87 2006 26834 13 553 1071 4727 547 23 26835 23 87 26836 26837 13 553 13665 8150 26838 8151 13 1122 6105 4 9711 -1 -1 0 0 0 0 6 5 5 4 3 3 3 2 4 2 0 0
"2fc922095a17f5fc" 41 66 347 36 1559 26839 9120 188 351 1029 13 553 11734 2284 26840 2236 87 150 13 553 2 66 23 1889 1580 746 901 188 26841 26842 13 553 26843 26844 26360 8625 2 2737 13 1801 26845 4 9712 -1 -1 0 0 0 0 7 6 5 6 6 4 4 5 5 4 0 0
"3259f7b4e317ef77" 27 1885 586 1580 26846 3299 13 553 1549 61 26847 10273 749 13 150 304 1655 4234 13 553 9234 16270 13 347 598 8026 26848 4 9713 -1 -1 0 0 0 0 7 6 4 4 3 5 3 3 4 3 0 0
"cea5ea71bcda1cd0" 15 171 2578 61 13729 3338 2024 13 1549 150 3890 36 1588 3302 6575 4 9714 -1 -1 0 0 0 0 6 4 6 5 2 3 4 8 2 7 0 0
"97015f05c67e98c0" 36 3840 2028 26849 457 13 410 87 13428 26743 26850 13 553 357 347 12395 2335 13 191 860 12818 6693 13 553 2 1218 1517 26851 26852 6273 13 1549 22675 347 2652 4657 4 9715 -1 -1 0 0 0 0 9 8 6 9 5 5 7 6 4 7 0 0
"fe11f41845d881c0" 34 28 347 36 5632 146 5633 13 66 26853 13 553 150 26854 14827 13 888 5260 330 417 4234 13 553 5534 803 11405 26418 2 26855 13 1580 34 26856 2605 4 9716 -1 -1 0 0 0 0 8 7 6 7 5 2 3 5 9 6 0 0
"97f8b0dd5441b50c" 22 15598 15599 13 20 8224 26857 13 553 6132 7080 171 1202 7282 7081 13 21824 532 117 93 26858 68 4 9717 -1 -1 0 0 0 0 6 5 7 7 4 6 2 4 2 3 0 0
"74ec8c731cb62181" 44 5534 856 35 26859 150 13 2 2813 18279 13 553 357 347 26859 7766 26860 26861 1315 26862 68 13 553 68 66 6912 2 1002 26863 13 2 87 61 7780 20 87 2866 26864 13 3951 14298 4589 14969 26865 4 9718 -1 -1 0 0 0 0 9 6 7 8 4 2 2 2 8 6 0 0
"f0a2a75df8cb4b62" 43 66 347 308 26866 26867 11665 26868 13 553 18326 417 13 20 1192 150 1641 1774 2859 22675 61 26869 13 553 357 1131 171 5630 4 4 4 87 26870 4 113 66 23 3284 13 87 171 603 1101 4 9719 -1 -1 0 0 0 0 4 7 5 8 5 6 8 9 6 6 0 0
"c0eb6c8c5ac0c6fe" 35 35 13 13546 61 3302 26871 13 347 26872 26873 13 553 188 26874 26875 13 93 17749 8347 1319 4 553 357 0 1 13 171 8131 8115 13 4192 116 10941 68 4 9720 -1 -1 0 0 0 0 6 5 7 6 4 6 5 6 8 7 0 0
"8debf3f28c88239d" 39 66 347 4378 10232 35 66 23 9234 13 553 47 35 3146 134 596 421 13 1580 15930 125 61 26876 4 4 4 553 2271 26877 451 10682 13 63 171 26878 6828 26879 26880 3395 4 9721 -1 -1 0 0 0 0 6 7 6 5 4 3 1 6 4 6 0 0
"a85885be62e8bcf6" 13 26881 2 26882 13 553 22776 63 3890 14667 87 26883 331 4 9722 -1 -1 0 0 0 0 5 2 6 5 2 7 3 5 3 4 0 0
"dc687f0f3f2efb1a" 40 10421 171 10422 13 718 93 388 134 26884 282 4 553 150 87 36 26885 13 4728 1109 26886 13 553 61 10865 13 1580 9411 61 9412 13 553 150 6783 26887 752 13 41 4576 8090 4 9723 -1 -1 0 0 0 0 6 6 4 7 5 4 2 3 6 7 0 0
"a23b6dd137d77a47" 21 1325 1918 6458 2 1664 7206 7207 13 553 1549 11734 704 917 13 687 1568 4337 859 547 3727 4 9724 -1 -1 0 0 0 0 5 3 6 6 4 4 3 7 8 8 0 0
"70a50b9ca8958c89" 22 41 3527 25 14501 13 553 26846 367 478 13 357 61 26847 10273 13 553 26888 26889 3358 547 26890 4 9725 -1 -1 0 0 0 0 4 5 6 4 3 5 3 6 5 5 0 0
"8ae5467b08fca2e4" 41 2914 61 10911 1043 3838 1781 13 553 499 26891 1539 362 26892 4778 13 553 113 26893 18 188 26894 26895 4196 3001 13 553 2 26896 3478 3478 191 158 1534 13 553 7129 26897 7442 2675 7475 4 9726 -1 -1 0 0 0 0 8 7 7 7 6 5 3 5 7 6 0 0
"76e53105d95da3a0" 40 23 738 384 26898 26899 13 553 22712 6270 6271 6272 6273 13 66 1192 39 26900 13 553 357 23 9234 16270 13 347 598 721 26901 13 553 357 134 26 410 53 26902 26903 26904 229 4 9727 -1 -1 0 0 0 0 6 8 7 6 4 1 2 1 4 2 0 0
"2f38a235265d51e7" 21 26905 508 2 519 13 1013 26906 7184 13 553 347 39 4414 326 134 13 66 23 1889 417 4 9728 -1 -1 0 0 0 0 6 5 6 6 3 4 3 4 4 3 0 0
"95154f7a72022412" 15 13665 26907 8128 26908 7502 13 553 3951 14298 87 9982 1874 1603 2278 4 9729 -1 -1 0 0 0 0 8 7 9 5 7 5 2 2 3 4 0 0
"5481f706fa491f71" 23 357 102 25 117 13 87 2813 61 1259 739 13 553 15420 15419 6727 18095 13 26909 14311 999 4 68 13 9730 -1 -1 0 0 0 0 7 8 7 6 6 7 4 4 4 5 0 0
"39c3456d77495a20" 21 18954 320 13 1488 731 12281 113 13 553 357 320 4414 774 12920 19236 13 38 26910 723 790 4 9731 -1 -1 0 0 0 0 6 7 6 8 5 4 2 2 7 7 0 0
"a690cfd6d6c104d6" 22 1674 1389 7972 134 13 191 722 61 1173 13 553 13729 61 2578 13 2006 1885 607 171 26911 4703 4 9732 -1 -1 0 0 0 0 7 7 7 6 5 6 3 3 4 3 0 0
"acf50ad346e90021" 25 95 9910 150 13457 13 150 2852 13458 13459 13 553 23376 26 737 13067 13 35 441 25 1449 607 23572 5399 607 4 9733 -1 -1 0 0 0 0 8 6 6 4 5 4 2 4 4 4 0 0
"36a354bd3f726cfd" 24 6209 26912 7728 3358 13 5749 3314 888 26913 351 13 553 9412 1641 9411 13 347 6727 151 7505 193 4 68 13 9734 -1 -1 0 0 0 0 6 7 6 5 4 6 2 3 3 4 0 0
"7d7004f0a1b38d9b" 21 653 3248 14419 13 41 739 26914 26915 13 553 25 188 61 26916 110 41 26917 10420 102 373 4 9735 -1 -1 0 0 0 0 4 5 5 5 4 5 3 4 2 3 0 0
"fe62a62d86d72b74" 23 26918 136 13 5515 25 188 61 8382 1726 13 553 9751 26919 13 499 26920 26921 26922 26923 23976 26924 737 4 9736 -1 -1 0 0 0 0 7 6 6 6 5 5 3 4 3 3 0 0
"fcd5cb5935c113e3" 28 3840 457 6437 26925 13 15795 1664 1552 357 26926 151 13 553 66 15795 8812 116 2770 13 26927 26 1235 1342 1294 134 26928 165 4 9737 -1 -1 0 0 0 0 6 6 6 5 5 4 3 3 5 4 0 0
"b6f3b0a2dac92ccd" 30 26929 7478 13 373 1122 504 979 26930 13 2846 2340 5501 26931 13 553 19558 13 35 731 12281 1331 566 20378 13 373 26932 4361 26933 26934 4 9738 -1 -1 0 0 0 0 6 6 6 5 4 4 2 4 3 3 0 0
"ab8546b7c2d35041" 25 35 36 5632 146 5633 13 3020 547 1559 3104 13 38 2284 13546 13 553 20871 1559 125 2999 13 13870 26935 26936 4 9739 -1 -1 0 0 0 0 5 5 5 4 4 4 2 3 3 3 0 0
"9ad51ad67b614401" 22 7946 3942 7054 13 7056 7055 2132 13 553 6132 23415 16273 13 5441 7317 19102 21585 2006 11565 372 26937 4 9740 -1 -1 0 0 0 0 7 6 6 6 6 6 4 7 5 6 0 0
"91634885b277bb8d" 23 888 5260 4234 13 1034 1200 35 3456 26938 421 13 553 26939 26940 17695 13 8151 10432 15735 2809 777 13 4 9741 -1 -1 0 0 0 0 6 7 6 5 4 4 2 4 2 5 0 0
"1656e94815ba051c" 31 10421 26 171 10422 13 520 26941 297 26942 553 188 163 61 87 38 360 61 660 676 3186 417 14536 2128 26717 2 26943 27 26944 4 68 13 9742 -1 -1 0 0 0 0 7 6 6 5 5 6 3 3 3 4 0 0
"6f3e45323ccbde69" 14 191 860 15418 1402 13347 13 553 63 3890 799 102 26945 268 4 9743 -1 -1 0 0 0 0 7 7 7 6 5 4 2 2 4 3 0 0
"e618e9cd9560dc9f" 16 1325 1580 95 731 637 26946 13 553 357 2652 5399 15240 3302 1303 11732 4 9744 -1 -1 0 0 0 0 6 6 8 4 5 5 2 2 2 3 0 0
"96cbbb6109286c2e" 24 13280 3872 13 357 13281 10273 61 26947 13 553 188 163 26948 13 4611 4612 13 171 4910 4576 26949 4 68 16496 9745 -1 -1 0 0 0 0 6 6 7 5 7 6 3 2 2 3 0 0
"4c9125cd15924e6b" 23 7613 13 7389 95 11519 319 61 2092 13 553 722 9595 1420 171 11 1897 13 1109 26950 3302 396 5399 4 9746 -1 -1 0 0 0 0 8 7 8 7 6 8 3 2 2 3 0 0
"927c36586580bcf0" 21 3880 125 15653 860 2957 1568 150 4337 3523 13 553 35 6910 171 13546 13 17137 113 26951 15240 4 9747 -1 -1 0 0 0 0 6 6 6 5 6 5 3 2 2 2 0 0
"a87c851bbbd31baa" 14 4715 3840 457 6437 26952 13 553 16475 3248 2720 10442 2809 330 4 9748 -1 -1 0 0 0 0 5 4 7 7 4 5 3 3 2 2 0 0
"6f7ba8b5ea60d5e4" 24 2914 61 10911 1043 1781 13 171 8131 6132 7080 16273 13 553 16475 3248 2720 10442 2809 13 26953 2652 22153 1836 4 9749 -1 -1 0 0 0 0 8 8 7 7 5 8 3 2 4 2 0 0
"ef7f7a32de0c01ba" 28 4170 395 396 13 548 1095 330 26954 13 553 150 4848 13 548 26955 61 326 2848 14965 13 26956 26957 26958 171 8049 26959 18577 4 9750 -1 -1 0 0 0 0 5 4 6 5 4 4 3 6 3 5 0 0
"d486a658fb525153" 34 1821 353 10864 13 26960 457 22681 26961 13 553 744 7329 10328 11029 13 357 1939 1940 330 26962 6880 47 1942 18792 13 1941 134 26963 26964 53 26965 26966 26967 4 9751 -1 -1 0 0 0 0 6 7 7 6 5 6 3 2 5 8 0 0
"64dd1159e420b672" 22 185 13 185 13 297 1628 26968 6259 13 553 547 61 6567 13 1568 150 330 474 7743 21344 3220 4 9752 -1 -1 0 0 0 0 8 8 7 6 5 6 4 2 4 3 0 0
"23d08cd26baf8ab5" 19 1365 4286 4186 13 63 26969 877 13 553 2 8412 61 373 9071 13 1178 4129 26970 4 9753 -1 -1 0 0 0 0 7 6 7 6 6 6 2 2 2 3 0 0
"df82a188e357b207" 28 5576 84 7444 13 349 24520 13 188 26971 463 482 13 553 1394 1395 1052 1247 1033 13 26972 22736 150 284 26973 362 11354 26974 4 9754 -1 -1 0 0 0 0 6 6 7 7 6 5 3 3 2 2 0 0
"b04727c979ec145a" 21 66 8495 8223 13 170 61 6457 2805 13 553 66 3474 353 457 13 102 3829 26975 4 68 16496 9755 -1 -1 0 0 0 0 8 7 7 6 5 5 3 2 4 5 0 0
"2ed773bae8c25f56" 22 2591 61 3468 13 345 20122 10859 61 26976 13 553 1071 1160 1729 1184 1886 13 297 26977 4 68 16496 9756 -1 -1 0 0 0 0 8 7 6 4 5 6 2 4 2 2 0 0
"bc6ad0133acc2d1c" 27 1868 688 13 1868 688 13 63 17671 1043 6984 2859 21606 13 553 2 608 8432 1476 13 150 36 1978 4386 4387 26978 26979 4 9757 -1 -1 0 0 0 0 9 8 8 7 6 5 2 2 2 3 0 0