"eb05e1178ae56344" 39 150 36 2820 13 28 34 26 8936 13 553 35 1868 6864 13 20 102 165 6907 25989 13 55 25990 1192 13 553 2826 25991 2650 13 1821 17945 13338 357 11621 373 134 504 1381 4 9434 -1 -1 0 0 0 0 5 3 4 5 4 1 1 1 2 2 0 0
"3026d3ecfe9930c4" 24 474 25992 35 1786 25993 21491 13 134 34 4403 1981 13 553 774 5316 25994 13 596 1464 6883 25995 9960 1857 4 9435 -1 -1 0 0 0 0 4 6 4 5 4 2 1 1 3 2 0 0
"c6ae7bc33b33d8fa" 30 2502 1016 25996 132 728 13 553 25997 704 15495 13 95 860 3497 504 25998 13 553 357 1109 24560 1033 13 6444 1033 13 295 25999 3076 4 9436 -1 -1 0 0 0 0 7 7 6 6 5 4 2 3 5 4 0 0
"7b93906d794e9419" 23 16369 26000 1303 20718 13 8555 8556 3104 553 357 34 2609 26001 13 188 26002 26003 2 26004 26005 26006 736 4 9437 -1 -1 0 0 0 0 4 5 6 6 3 2 1 1 3 2 0 0
"4ad13a7a9b8703a7" 30 587 990 1091 2070 23315 566 13 4101 4102 13 553 8241 2851 13 357 17561 2014 1749 26007 13 553 946 26008 6303 13 26009 1775 26010 1113 4 9438 -1 -1 0 0 0 0 6 6 6 5 5 3 2 2 3 3 0 0
"82405d82bfeebce5" 27 6121 134 6629 116 6159 13 150 116 2569 1559 2007 13 553 3277 2601 12343 61 1042 26011 13 2 37 26012 9051 530 26013 4 9439 -1 -1 0 0 0 0 6 5 4 6 3 5 4 4 4 4 0 0
"294a05888216a83f" 23 21918 34 171 2 10198 26014 26015 26016 13 553 499 457 6780 713 13 35 34 4310 26017 26018 504 1088 4 9440 -1 -1 0 0 0 0 7 7 6 6 5 4 3 2 4 3 0 0
"7e270499ebeb4f33" 25 188 819 767 820 13 6361 6105 125 13 553 1303 855 13 28 26019 8221 8222 13 34 26 457 6727 26020 1203 4 9441 -1 -1 0 0 0 0 8 6 7 8 8 6 7 5 8 7 0 0
"19b3877b8cc4d7cc" 34 2878 3581 1754 20 26021 13 7550 6030 553 2 1071 11505 18 13 20 21549 13 150 87 171 25035 26022 1203 553 3581 150 330 9161 13 26023 2349 2902 125 4 9442 -1 -1 0 0 0 0 6 6 5 7 3 4 4 3 5 5 0 0
"24a50d4291f07901" 31 34 8521 26024 16830 26025 13 2 188 10201 553 44 26026 134 1534 988 13 13431 26027 20122 13 553 19546 14 2 341 26028 26029 13 3195 11614 4 9443 -1 -1 0 0 0 0 5 7 6 6 5 2 1 2 3 2 0 0
"37199c1f8d7a1cf2" 22 347 8790 2777 26030 13 3066 13447 13448 13 553 855 26031 13 265 6644 125 13 297 774 286 13097 4 9444 -1 -1 0 0 0 0 6 6 6 5 4 4 3 2 4 3 0 0
"91dc19c5e2dc10ec" 30 10313 125 13 20 34 26032 26001 6363 13 553 35 146 1817 2853 13 1013 722 26033 26034 1029 4374 26035 457 26036 26037 8676 26038 19260 2151 4 9445 -1 -1 0 0 0 0 6 4 5 7 4 3 2 2 4 3 0 0
"359fea4570f4253a" 24 26039 20 23 1125 1126 13 4209 519 1013 95 553 10741 731 61 13308 2 26040 1732 815 13 26041 1109 1546 4 9446 -1 -1 0 0 0 0 5 4 5 7 5 7 6 5 6 5 0 0
"59c29daa4931475f" 22 95 125 61 1163 13 423 1110 13105 11006 13 553 1509 13111 13 95 676 297 2067 4374 2154 12811 4 9447 -1 -1 0 0 0 0 4 5 4 6 3 5 4 4 4 4 0 0
"6cca4bc1882004da" 32 3365 515 3366 13 14115 13 20 5765 13 553 188 26042 20 35 675 5293 13 423 26 134 504 530 3086 26043 26044 26045 13 22942 2619 2638 26046 4 9448 -1 -1 0 0 0 0 5 4 5 6 4 2 4 3 4 3 0 0
"aaa391adc61d8653" 13 20 8709 417 6475 13 553 188 10436 150 286 1550 26047 4 9449 -1 -1 0 0 0 0 8 7 7 6 7 9 5 3 4 3 0 0
"5afa8ff0a7cd3cca" 18 9721 13068 13 704 1511 102 535 13 553 8555 26048 3104 13 1110 297 87 10632 4 9450 -1 -1 0 0 0 0 7 7 8 8 6 6 4 2 3 2 0 0
"60c80998ddef3672" 18 134 347 286 628 621 25 425 142 13 553 37 26012 26049 13 132 26050 1420 4 9451 -1 -1 0 0 0 0 8 9 6 7 8 7 6 3 4 3 0 0
"3b4c46152b28c2d3" 17 10313 13 357 34 26051 113 13 3316 1067 553 26052 117 13 11614 14207 9468 4 9452 -1 -1 0 0 0 0 7 8 6 6 6 7 4 3 4 5 0 0
"1d949d3c931eab66" 16 7550 6030 13 357 7926 2826 26053 13 553 26054 5399 13 150 26055 26056 4 9453 -1 -1 0 0 0 0 6 6 7 7 7 7 5 5 6 6 0 0
"578d0cf2bd896b47" 16 8555 8556 3104 13 87 61 9142 553 20 5765 13 297 87 286 13097 4 9454 -1 -1 0 0 0 0 8 8 7 6 7 7 5 3 4 3 0 0
"d2e84e55270191bc" 18 9721 13068 718 13 87 61 9142 553 11505 13 18 20 5571 13 3277 11351 12343 4 9455 -1 -1 0 0 0 0 7 7 7 7 6 7 4 2 3 2 0 0
"21f9c2155f13c221" 16 41 4547 61 3661 931 13 553 11165 132 2696 55 87 61 297 26057 4 9456 -1 -1 0 0 0 0 7 8 7 6 5 7 5 8 7 8 0 0
"9450fb25d2a1dfe0" 16 1110 13105 11006 13 3638 3089 553 1509 3912 3302 13 3581 150 330 9161 4 9457 -1 -1 0 0 0 0 7 8 8 7 6 7 5 3 4 3 0 0
"7e6ab57e288bc23e" 18 2455 12041 2485 13 7204 26058 553 2 188 10201 26059 12933 26060 26061 18143 4793 2851 4 9458 -1 -1 0 0 0 0 8 7 6 5 6 8 5 3 5 4 0 0
"4d8ddbfe964db552" 18 2 26062 26063 13 26064 515 1604 13 553 819 820 767 13 47 6467 347 7020 4 9459 -1 -1 0 0 0 0 7 6 6 6 6 6 7 3 5 4 0 0
"f035610f07c71ae5" 19 134 353 4403 6760 1981 553 2 1693 7350 1473 13 188 10436 150 286 1550 331 26047 4 9460 -1 -1 0 0 0 0 8 9 7 5 6 8 5 3 4 3 0 0
"16259c89ef3cf424" 31 160 8935 13 66 23 8936 13 553 3066 13447 2 13448 13 553 4160 93 13 504 4161 1351 13 357 8969 61 9287 2 87 19892 331 457 16483 9461 -1 -1 0 0 0 0 7 7 8 7 6 5 4 6 5 5 0 0
"0ea614d243c39e6f" 19 6444 1033 13 125 547 26065 13 553 587 4099 1765 737 4100 13 2 4101 26 4102 16483 9462 -1 -1 0 0 0 0 6 5 7 7 6 5 4 5 6 6 0 0
"c72967a7a29eaabc" 21 35 3004 737 3005 26066 13 553 357 13431 13432 26067 13 553 966 8486 15222 1506 23 4882 3327 4 9463 -1 -1 0 0 0 0 7 6 6 6 5 4 5 3 5 6 0 0
"400c3af38e9ada2a" 20 7550 18667 5580 633 1808 270 13 553 5316 26068 1331 15238 13 553 1125 24834 6059 26069 787 4 9464 -1 -1 0 0 0 0 1 2 4 3 1 1 1 3 2 3 0 0
"c83b0b37bbee6c15" 29 95 125 61 530 1131 1163 13 4421 26070 26071 13 553 1303 855 8221 8222 26072 5399 26073 66 574 13 553 548 2852 304 10797 1780 4 9465 -1 -1 0 0 0 0 6 7 8 5 7 6 3 3 2 4 0 0
"0f7004cd91e577dc" 31 6121 6629 134 95 977 13 150 304 330 26074 17852 13 553 188 15494 26075 2 16508 683 13 553 26076 3064 38 1693 2 574 35 87 1094 4 9466 -1 -1 0 0 0 0 6 8 7 6 5 4 2 4 3 5 0 0
"cbd4e8f84fa89320" 19 5271 353 19024 13 188 26077 66 6605 13 553 3365 515 3366 13 66 703 364 93 4 9467 -1 -1 0 0 0 0 7 6 4 7 6 7 7 4 6 6 0 0
"90229720c13b407a" 29 134 347 286 628 13 25 142 425 13 553 359 5765 13 1182 13905 113 26078 13 553 297 93 645 13097 13 25 353 26079 12066 4 9468 -1 -1 0 0 0 0 5 5 7 4 7 5 6 4 4 5 0 0
"4aa1e91ff121951f" 17 10313 125 13 347 2000 364 13 553 20 3277 26080 12343 25684 61 2920 26081 4 9469 -1 -1 0 0 0 0 3 2 3 3 2 4 3 6 3 3 0 0
"daed0121ce3f45de" 20 704 1511 102 535 13 347 9481 116 3536 13 553 14207 93 11614 2 26082 93 435 26083 4 9470 -1 -1 0 0 0 0 8 6 8 7 7 6 5 3 5 6 0 0
"5e7fa78219dfdbdb" 28 35 3004 330 26084 2014 457 358 13 553 8555 8556 3104 13 353 66 26085 22525 13 553 2546 16350 6363 13 106 367 1319 3929 4 9471 -1 -1 0 0 0 0 6 6 6 6 5 4 4 7 4 8 0 0
"9b2120b004aecb34" 31 1303 855 8221 8222 13 347 993 66 304 13 553 8241 2851 13 35 26086 26087 1714 13 553 87 383 12394 543 1420 13 1232 6659 102 21481 4 9472 -1 -1 0 0 0 0 6 6 5 5 4 4 3 3 4 4 0 0
"0cdfe85edca9577e" 32 2502 11165 132 728 13 8669 21045 125 26088 13 553 6121 6629 134 95 977 13 3301 20 12142 26089 13 553 14115 359 26090 13 712 26091 731 26092 4 9473 -1 -1 0 0 0 0 6 8 6 5 5 7 4 3 3 4 0 0
"5975107da99c8066" 22 7550 6030 13 35 2204 1808 14074 26093 26094 13 553 2455 4145 2485 13 26095 27 53 738 384 26096 4 9474 -1 -1 0 0 0 0 6 6 5 5 5 3 2 3 5 4 0 0
"679205295130b91c" 27 13082 9721 718 13 66 5574 353 26097 93 13 553 7168 11505 61 18 20 5571 13 553 1509 3912 2 134 87 676 26098 4 9475 -1 -1 0 0 0 0 6 5 4 7 7 6 5 3 3 4 0 0
"48efa305f7850f18" 36 134 353 4403 6760 1981 13 4093 66 347 39 12624 13 553 704 1511 102 535 13 774 26099 364 13 553 191 8709 417 13 26100 13 1868 1863 61 680 53 21524 4 9476 -1 -1 0 0 0 0 8 7 6 7 7 4 4 2 3 4 0 0
"4def458a2ca977c8" 20 5580 6490 174 6491 20469 13 553 13431 13432 13433 966 13434 13 553 819 767 820 2 11067 4 9477 -1 -1 0 0 0 0 7 6 7 6 6 5 4 3 6 7 0 0
"9ab93ec2aeffe8c9" 29 5271 14929 359 14929 13 553 2 1753 1977 2785 13 87 1901 113 331 13 553 3365 515 3366 13 286 35 7829 38 13246 1363 265 4 9478 -1 -1 0 0 0 0 8 7 7 7 7 7 6 3 5 6 0 0
"f146cf6cc736a7e7" 23 2826 26101 13 191 1693 7350 1473 13 553 150 1817 2852 2853 13 191 102 61 14243 13 26102 359 1402 4 9479 -1 -1 0 0 0 0 3 2 1 2 1 5 1 4 1 2 0 0
"f01035edb88f5dc3" 21 26103 4366 22364 10201 1580 23 4882 13 553 35 455 26047 648 13 1580 102 61 1093 297 9213 4 9480 -1 -1 0 0 0 0 8 9 8 7 6 8 3 2 9 5 0 0
"a95e946ba65e1103" 19 26104 35 283 12264 113 26105 13 35 2760 1315 13 7027 2902 2 191 13 132 10611 4 9481 -1 -1 0 0 0 0 6 4 8 7 4 2 1 2 2 3 0 0
"79e41800a21334f9" 19 41 26106 146 26107 1750 6907 14275 13 553 26108 26109 645 26110 2451 13 102 3314 297 4 9482 -1 -1 0 0 0 0 5 6 4 5 3 1 1 1 2 1 0 0
"37184dc87b82dd29" 27 26111 36 26112 26113 13 20152 3291 61 134 13 553 26114 367 38 1693 8311 609 13 117 4176 13 35 188 25673 18392 26115 4 9483 -1 -1 0 0 0 0 9 7 9 8 4 2 2 1 9 5 0 0
"e11875e9d278b58a" 19 26116 23 26117 2720 26118 26119 13 553 357 719 150 36 6019 417 20 26120 3744 26121 4 9484 -1 -1 0 0 0 0 7 5 3 4 1 1 1 3 1 2 0 0
"e82dc63f08ef9ab5" 40 191 26122 357 1029 26123 35 3526 15690 13 553 504 744 6772 26124 13 191 2195 113 26125 22761 13 553 297 6371 9908 3221 979 26126 13 553 191 4904 5381 6659 6660 737 20131 132 26127 4 9485 -1 -1 0 0 0 0 5 3 3 2 2 3 1 1 1 1 0 0
"febb55a950c2103e" 28 26128 15247 1314 590 2764 13 26129 386 13 553 191 7688 504 3169 5972 13 1042 2265 2 191 1718 373 26130 61 20374 3537 26131 4 9486 -1 -1 0 0 0 0 6 4 5 5 4 3 1 3 2 3 0 0
"ca8249a24b668dd7" 28 26132 19456 23 22227 23944 26133 845 13 553 41 26134 61 26135 268 13 5477 26136 7327 367 13 1580 18177 26137 25913 14838 61 2047 4 9487 -1 -1 0 0 0 0 9 6 10 6 6 4 1 3 3 4 0 0
"27da0a79f110b6d6" 8 188 552 744 26138 13 2 41 26139 9488 -1 -1 0 0 0 0 3 2 2 1 2 1 5 4 1 1 0 0
"faf3b4492a391e10" 20 598 504 13 95 967 61 297 1609 13 553 347 1760 19936 2568 6971 26140 13 1664 26141 4 9489 -1 -1 0 0 0 0 4 3 2 2 1 2 2 1 1 1 0 0
"431ef5dce2662da3" 21 5141 3248 6543 13 2 102 1144 359 8160 13 553 150 1568 4384 463 10191 1664 323 1259 26142 4 9490 -1 -1 0 0 0 0 8 8 10 7 7 3 1 1 3 2 0 0
"22272189f51f7a74" 23 2 1123 4645 26143 2 1758 1319 26144 13 553 308 1303 520 1750 6907 727 13 12697 150 7977 1052 8896 4 9491 -1 -1 0 0 0 0 6 4 4 4 3 2 1 1 1 1 0 0
"ab48ef404ca6b8e6" 20 347 286 628 417 2185 2186 13 553 191 188 855 26145 171 1659 2 414 4882 20 7075 4 9492 -1 -1 0 0 0 0 9 7 8 6 5 3 1 2 7 3 0 0
"b40cb2c697c5a8b7" 26 4964 858 1015 2715 13 2 66 495 1032 13 553 5393 744 2476 305 5394 5395 5396 13 357 347 26146 1795 358 2963 4 9493 -1 -1 0 0 0 0 5 3 3 2 2 1 1 3 1 1 0 0
"ec4ab7c48ea675b4" 23 20 66 767 38 325 7543 26147 13 553 15056 417 11131 15057 1434 13 357 150 330 362 1173 2 26148 4 9494 -1 -1 0 0 0 0 6 5 7 5 6 7 3 3 5 4 0 0
"87d9231abb9e50ae" 23 297 2785 1016 4403 6777 6778 6779 6780 13 553 61 2652 1069 6030 13 687 95 1342 36 330 331 1925 4 9495 -1 -1 0 0 0 0 5 6 6 7 4 6 4 7 5 5 0 0
"6bb7e74c23c54781" 23 1250 3970 15475 13 87 150 36 1697 26149 13 553 87 61 2327 2328 13 191 22185 9702 1750 4107 26150 4 9496 -1 -1 0 0 0 0 4 6 7 4 4 4 7 6 1 8 0 0
"3902d75f24d7d8da" 26 10945 13 66 347 2062 362 26151 20 26152 116 5670 13 553 66 117 4176 134 13 2 386 297 8655 8896 19187 12553 4 9497 -1 -1 0 0 0 0 6 7 8 6 5 6 4 6 3 4 0 0
"8d999a1cf70f02a9" 27 1580 11065 20 14551 26153 13 1071 3744 777 331 22580 13 553 150 1568 4384 463 10191 1664 323 1259 13 5141 1376 1747 26154 4 9498 -1 -1 0 0 0 0 8 7 9 6 8 6 3 6 4 8 0 0
"1232feae6e348df9" 26 1868 10885 10886 1821 13 297 150 304 713 330 2873 13 553 412 3291 3269 95 13 191 5561 687 547 722 36 11540 4 9499 -1 -1 0 0 0 0 6 6 5 5 4 6 3 6 8 5 0 0
"7eaddc61ef206200" 20 2 1123 4645 26144 26155 13 553 14340 1747 13 187 823 20 1047 171 26156 26157 26158 796 4 9500 -1 -1 0 0 0 0 4 6 6 5 4 5 2 5 4 6 0 0
"5000234971787890" 25 347 417 2187 13 357 574 1314 590 386 4334 13 553 5141 1033 396 13 2 1110 3302 1109 483 636 362 26159 4 9501 -1 -1 0 0 0 0 6 7 7 6 4 7 3 6 7 6 0 0
"b3640c5d9a17f27b" 21 2245 8380 355 11548 26160 13279 13 553 20 66 767 6911 5381 20 26161 33 4273 26162 2770 384 4 9502 -1 -1 0 0 0 0 4 5 4 5 4 3 3 6 4 4 0 0
"d4931d9f8e3a1d13" 28 41 4361 150 36 15773 282 3307 61 1069 9431 26163 13 553 1250 3970 15475 13 3327 61 2049 7548 2076 7003 2 1817 26164 26165 4 9503 -1 -1 0 0 0 0 4 6 5 4 3 4 3 6 4 7 0 0
"9cbee5dfe1da28e5" 25 2 457 5856 435 7543 881 13 553 3970 9153 361 9154 10153 9155 394 13 26166 55 134 76 61 5141 1033 396 4 9504 -1 -1 0 0 0 0 4 4 4 4 4 5 2 3 6 4 0 0
"b0ae3977ed1631df" 26 41 14274 1750 14275 13 553 2 373 353 1720 455 13 61 2652 1069 6030 13 553 1580 61 95 1342 2652 6059 19843 4 9505 -1 -1 0 0 0 0 5 5 5 6 4 3 2 5 4 5 0 0
"f3412d2f4812826c" 17 347 286 628 13 417 2185 2186 13 553 2 1750 23641 13 1552 26167 26168 4 9506 -1 -1 0 0 0 0 5 5 5 4 5 5 2 4 4 4 0 0
"c7cda2ee72636ccd" 26 598 504 13 2651 53 21481 35 2506 150 1641 1067 13 553 1096 23 3970 15475 13 6141 20 452 26169 26170 55 676 4 9507 -1 -1 0 0 0 0 3 6 5 4 3 4 2 4 4 6 0 0
"b80505009e7820c2" 20 41 141 142 13 26171 388 188 26172 13 553 113 371 3689 13 330 22163 26173 4 68 16496 9508 -1 -1 0 0 0 0 3 4 4 5 4 3 3 3 4 5 0 0
"ccf7d20f55d12e21" 17 35 707 38 708 709 13 553 1664 171 1009 26174 361 2042 5478 19213 2047 4 9509 -1 -1 0 0 0 0 4 5 6 7 8 3 1 2 5 4 0 0
"f04c721796b04f91" 24 150 636 14848 13 347 36 26175 20848 13 553 2 41 373 504 1720 455 313 13 553 608 10308 66 23551 4 9510 -1 -1 0 0 0 0 2 3 4 7 5 2 1 1 4 3 0 0
"362a5608dc72bfb5" 18 1793 53 3327 13 26176 1529 13 553 132 10611 13 25010 443 13 3942 26177 26178 4 9511 -1 -1 0 0 0 0 7 7 8 5 6 6 2 1 2 2 0 0
"4c894c8cc03cdd1b" 20 530 1363 1364 1365 13 23335 55 489 13 553 4904 823 2056 452 13046 55 9347 187 125 4 9512 -1 -1 0 0 0 0 4 5 4 6 5 3 1 1 3 3 0 0
"5664fe7e5f85f308" 21 1182 1179 61 4799 2720 12873 1018 13 553 134 228 229 2 26179 26180 15049 2 146 1043 26181 4 9513 -1 -1 0 0 0 0 3 4 5 7 5 4 2 8 5 8 0 0
"d85eda2350bacc86" 18 347 417 2187 304 13 8140 26182 553 3131 3132 13 553 347 4337 330 26183 1953 4 9514 -1 -1 0 0 0 0 6 6 6 4 7 4 1 1 7 5 0 0
"014601e256942c9a" 27 14340 1747 13 3993 26184 373 13524 13 553 414 2166 636 367 13 357 704 1192 305 12583 13 553 573 367 1693 8311 609 4 9515 -1 -1 0 0 0 0 8 7 6 6 7 3 2 1 9 2 0 0
"18dd64f897c65fde" 23 20 767 7180 13 26185 11067 5580 13 553 2 1750 493 126 26186 13 297 10328 35 331 150 17965 2551 4 9516 -1 -1 0 0 0 0 5 5 6 6 5 5 1 1 4 7 0 0
"fa05cf9540853450" 22 1868 10885 10886 1821 2 1110 26187 13 553 15056 417 11131 15057 1434 13 553 26188 26189 26190 9063 25672 4 9517 -1 -1 0 0 0 0 7 6 6 6 7 3 1 1 2 3 0 0
"ecfeadf29ef7d8d7" 28 2245 8380 355 11548 13278 13279 13 553 2 9446 4645 9447 13 26191 53 3314 13 553 282 6371 165 12767 13 191 8380 61 14551 4 9518 -1 -1 0 0 0 0 4 6 7 6 4 5 2 2 3 5 0 0
"6e1a17badf5943e7" 16 347 286 628 2185 2186 13 553 357 5141 3248 6543 13 38 6687 26192 4 9519 -1 -1 0 0 0 0 5 4 6 4 5 5 2 1 6 4 0 0
"d95d92050745ca17" 22 113 371 3689 13 191 150 410 1510 566 193 553 10945 1109 134 36 146 26193 435 26194 188 16003 4 9520 -1 -1 0 0 0 0 3 3 3 6 4 4 4 2 3 4 0 0
"8401acc95a7d14d6" 21 76 61 5141 1033 396 13 1580 6543 20932 13 553 4964 858 1015 2715 13 28 26195 1109 26196 4 9521 -1 -1 0 0 0 0 6 5 7 6 7 4 2 1 6 3 0 0
"46821bd0d584f4c8" 29 150 1568 4384 193 774 2518 1259 13 553 297 2785 1016 4403 6777 6778 6779 6780 13 553 357 76 61 5141 1033 396 13 3675 1773 4 9522 -1 -1 0 0 0 0 5 6 8 7 6 5 3 2 6 7 0 0
"013cecab31c2edd7" 17 87 6659 6660 14619 6716 13 553 6188 6189 6190 13 35 1821 774 21380 26197 4 9523 -1 -1 0 0 0 0 7 6 7 6 4 5 5 1 3 4 0 0
"6b5c6157914ab781" 22 8818 188 8819 13 26198 1032 171 3873 13 553 2 26199 4235 13 19150 26200 61 530 588 26201 18970 4 9524 -1 -1 0 0 0 0 5 7 9 8 6 7 3 3 2 5 0 0
"4ad0072a42177d4d" 30 5580 6474 1182 26202 13 553 93 11 61 2176 722 1193 13 297 93 1517 607 1187 13 553 14052 14053 14054 13 1109 26203 774 10432 17763 4 9525 -1 -1 0 0 0 0 8 6 9 9 8 6 4 3 3 5 0 0
"73a4a22fbc9a884b" 29 47 5419 5420 5421 13 26204 9147 953 13037 13 553 1306 2564 609 14977 1664 7924 13 553 13270 13 95 1494 61 20 3905 425 26205 4 9526 -1 -1 0 0 0 0 7 8 7 6 6 6 4 4 2 6 0 0
"25b9f133ba9062ad" 24 35 26 13664 13 188 23281 96 1494 13 553 66 556 25 313 7192 13 191 18338 26206 5525 7300 95 1494 4 9527 -1 -1 0 0 0 0 9 9 8 7 7 9 4 3 4 5 0 0
"c5d01711b0c3ecf3" 21 2 1511 2531 13 357 17840 188 798 13 553 35 957 1749 13 357 66 5189 2652 5881 125 4 9528 -1 -1 0 0 0 0 6 6 7 8 7 5 3 3 3 3 0 0
"2506e301c13d8575" 22 20 16820 13 282 93 5174 13 282 4386 26207 13 553 184 8706 7314 10955 4153 13 357 18405 26208 4 9529 -1 -1 0 0 0 0 5 6 6 7 6 5 4 4 2 5 0 0
"969ff9fd1c3ec260" 19 20 12981 13 1523 1351 17504 13 553 771 7290 93 93 93 13 170 11565 26209 26210 4 9530 -1 -1 0 0 0 0 7 7 9 8 8 7 4 3 2 6 0 0
"23fea77cbc4a72b1" 21 2 2605 13 2371 125 2620 901 13 553 11355 11721 11342 13 26211 330 347 3507 26212 26213 26214 4 9531 -1 -1 0 0 0 0 7 6 8 7 6 5 3 3 3 6 0 0
"fb1aee92601870de" 28 66 629 13 6050 796 18830 150 193 26215 4103 26216 13 553 2 10302 20078 5894 792 2777 13 41 26217 13 87 1628 1047 9604 4 9532 -1 -1 0 0 0 0 8 8 7 7 7 5 2 7 2 8 0 0
"d74ef241670d8974" 22 359 9349 13 3081 357 17692 1408 26218 13 553 6890 1319 25 66 1628 13 2 66 8982 113 26219 4 9533 -1 -1 0 0 0 0 9 7 8 7 6 7 3 3 4 5 0 0
"aae4f4ab254597f7" 22 4970 2868 15257 13 655 26220 66 347 2437 26221 13 553 1354 26222 26223 13 87 1342 2346 26224 14568 4 9534 -1 -1 0 0 0 0 4 5 8 5 6 4 3 4 2 6 0 0
"138595b37ff6e88f" 16 26225 730 20779 4703 26226 13 553 3951 87 14984 26227 188 26228 1022 68 4 9535 -1 -1 0 0 0 0 3 2 4 3 2 3 5 5 6 3 0 0
"7b1c7bce68d6ca42" 26 34 564 11663 13411 13 687 367 26229 26230 553 26231 353 229 13 357 66 84 1775 10348 297 20 26232 26233 1083 68 4 9536 -1 -1 0 0 0 0 7 6 6 6 3 2 5 3 2 3 0 0
"d4c23de1cbe60243" 23 61 6601 6602 93 66 574 13 1071 357 26234 138 26235 2340 553 1768 17198 13 737 26236 26237 26238 68 4 9537 -1 -1 0 0 0 0 6 7 7 6 4 5 3 4 3 6 0 0
"ad0420f1074253e2" 22 76 61 11470 11471 13 66 347 1379 26239 553 188 12988 26240 1144 13 66 703 1604 349 26241 68 4 9538 -1 -1 0 0 0 0 8 6 7 7 5 3 7 3 4 6 0 0
"792bd3959f000602" 35 1016 311 150 36 18861 26242 13 87 61 797 26243 1178 23751 1602 1191 553 553 14602 14603 61 14604 14605 13 297 738 384 53 23 986 1618 7215 633 515 68 4 9539 -1 -1 0 0 0 0 7 6 8 8 8 7 5 3 5 4 0 0
"4af0e1bd1edaff93" 52 87 4304 171 15166 15167 13 26244 1517 25571 132 22602 553 41 474 134 566 275 13 1109 26245 1529 297 20 1016 1184 26246 26247 14861 553 2 1043 93 1813 1814 13 87 14384 305 26248 26249 26250 26251 26252 26253 26254 26255 1048 47 26256 26257 68 4 9540 -1 -1 0 0 0 0 8 7 5 7 6 5 8 4 4 7 0 0
"8aba2f1f3d04274e" 25 20 3640 1374 102 343 3641 13 87 61 26258 2006 7738 20 746 26259 394 764 26260 2 3537 22070 26261 26262 68 4 9541 -1 -1 0 0 0 0 8 7 9 7 8 7 4 4 3 2 0 0
"e9d5ace4b6265de5" 38 184 8706 7314 10955 4153 13 357 26263 1047 6025 7920 553 3939 7298 7299 7300 13 13270 13 66 347 20602 10211 188 26264 13 188 26265 11633 467 357 87 26266 26267 847 1933 68 4 9542 -1 -1 0 0 0 0 6 4 6 8 7 4 3 5 5 4 0 0
"cc909948dd989d44" 28 87 6659 6660 6716 14619 13 1109 17479 26268 11492 2 26269 170 6991 553 357 191 2605 13 704 1207 305 26270 26271 188 729 68 4 9543 -1 -1 0 0 0 0 9 8 8 7 7 8 5 4 4 3 0 0
"fb19904744b3c6d9" 30 113 197 198 297 359 1109 1578 13 1109 150 5354 393 1016 26272 21678 553 4970 2868 15257 13 1043 724 1109 8766 673 2683 2 1571 68 4 9544 -1 -1 0 0 0 0 7 7 8 7 8 6 4 3 4 5 0 0
"5d2999b785e0d0ef" 29 14602 14603 61 14604 14605 13 1549 1109 3436 6659 21133 2 2696 1109 26273 553 373 8221 2696 13 373 1047 17718 12507 1481 7638 1885 68 4 9545 -1 -1 0 0 0 0 8 7 8 7 7 5 6 4 4 5 0 0
"10ac4b3d2c022c80" 32 14602 14603 61 14604 14605 13 76 61 11470 11471 13 66 18841 26274 26275 553 47 5419 5420 5421 13 357 66 23 2891 15189 93 170 188 20743 68 4 9546 -1 -1 0 0 0 0 7 7 8 8 7 5 6 4 4 6 0 0
"c630ffcade68b3af" 30 34 564 11663 13411 13 150 20888 26276 26277 553 5580 6474 13 1109 24539 2696 19206 553 2 6178 4235 13 1109 134 1110 23672 2 21967 68 4 9547 -1 -1 0 0 0 0 8 6 7 6 7 6 5 3 8 5 0 0
"4dec16224669cda6" 48 66 556 25 313 7192 13 87 26278 171 8131 2 14875 26279 553 771 7290 93 93 93 13 87 4562 171 823 2 169 772 102 2441 1622 553 20 3640 1374 102 343 3641 13 66 347 600 93 330 22580 1016 26280 68 4 9548 -1 -1 0 0 0 0 9 8 8 7 7 3 3 5 7 8 0 0
"56d51335b0442d5d" 20 774 1088 4396 13 425 1077 26281 13 553 9540 847 13 341 6750 26282 13 598 113 26283 4 9549 -1 -1 0 0 0 0 4 6 7 5 5 6 4 5 3 4 0 0
"2e1c7251ad092d28" 14 10432 17763 10302 5894 5358 2777 13 553 1829 521 1342 6716 14619 4 9550 -1 -1 0 0 0 0 4 6 7 5 6 6 4 4 3 4 0 0
"32063f13ec2c973b" 21 41 35 737 5279 13 1002 188 26284 35 2783 1749 13 553 1762 4970 15257 13 10462 6188 6189 4 9551 -1 -1 0 0 0 0 6 6 7 4 4 7 5 4 3 3 0 0
"f15937d14d5c4abf" 20 9540 847 14683 174 2532 13 102 425 2018 1210 13 553 93 8728 2578 457 171 734 11067 4 9552 -1 -1 0 0 0 0 8 7 8 5 6 5 4 3 3 4 0 0
"5621f8e815361ff3" 23 6597 61 603 6602 6601 93 13 66 574 13 553 321 1593 13 93 11 457 2176 1193 457 2 26285 4 9553 -1 -1 0 0 0 0 6 5 8 6 7 6 4 4 3 8 0 0
"51c857e847075bb1" 27 588 1182 1420 2720 8627 1201 13 150 437 330 421 548 26286 1814 13 553 1718 102 712 18454 125 13 2 2731 726 5399 4 9554 -1 -1 0 0 0 0 8 7 7 6 6 6 3 2 2 3 0 0
"e6b0037321ba25bf" 25 283 113 26287 13 95 1489 6178 4235 13 553 12243 26288 26289 8940 8812 26290 22357 26291 13 41 435 26292 737 26293 4 9555 -1 -1 0 0 0 0 8 8 6 7 6 7 5 4 3 2 0 0
"f5cc965f2f24d62a" 23 347 10636 3401 5419 5420 5421 13 6338 499 26294 13 553 14604 2308 26295 14603 13 7168 3503 2531 8188 11412 4 9556 -1 -1 0 0 0 0 7 6 7 5 5 5 5 2 2 2 0 0
"58552c8a40d90b1a" 17 5252 737 26296 26297 191 3436 2696 13 553 17478 26298 1319 25 1342 521 5153 4 9557 -1 -1 0 0 0 0 9 8 8 7 8 8 5 3 4 3 0 0
"48d0d9f57a620564" 15 26299 9917 609 6891 95 26300 13 553 8706 349 10955 1837 10275 26301 4 9558 -1 -1 0 0 0 0 9 8 7 6 6 6 4 4 4 3 0 0
"a33f086849723f86" 21 150 1007 7822 113 9080 26302 8457 13 553 1071 1342 361 2227 13 3747 61 35 9063 17940 26303 4 9559 -1 -1 0 0 0 0 6 5 6 7 6 5 5 4 4 3 0 0
"93d0ae394f8a9b4d" 20 796 61 17912 7070 1109 26304 13 553 26305 2868 15257 13 297 738 5362 53 547 752 2722 4 9560 -1 -1 0 0 0 0 8 8 7 7 7 6 5 4 5 3 0 0
"a5142e3eae1e9c55" 30 102 95 26306 6907 3751 1580 150 26307 13 553 357 93 11 2176 1193 113 297 3744 349 1580 21571 2615 13 26308 1580 286 1707 26 13664 4 9561 -1 -1 0 0 0 0 7 6 6 6 6 6 4 3 4 4 0 0
"bc72fcbc5e5a1cd5" 16 102 87 5141 737 1485 13 553 2531 20939 6631 19700 13 1718 17977 9063 4 9562 -1 -1 0 0 0 0 8 7 7 6 7 6 4 3 4 3 0 0
"ab38dec16afa4ee7" 23 18586 26309 927 13 191 1485 16822 26310 13 553 1378 162 10348 17 13 188 12988 191 388 353 1720 26311 4 9563 -1 -1 0 0 0 0 6 5 7 5 6 6 6 4 4 3 0 0
"b0c581b934e62ecd" 22 34 564 11663 13411 13 2 742 1047 9604 13 553 357 134 102 61 26258 13 95 61 1173 26312 4 9564 -1 -1 0 0 0 0 6 5 6 6 5 7 5 4 3 2 0 0
"d20412d0a179a95c" 18 87 4304 15166 15167 13 93 574 13 553 2 10302 521 5894 5358 2777 26313 1129 4 9565 -1 -1 0 0 0 0 7 6 7 7 6 6 5 3 4 3 0 0
"4a93d97e2a8f7e01" 22 8818 188 8819 13 41 150 637 1304 13 553 1862 20 3640 13 102 343 26314 13 1664 7539 26315 4 9566 -1 -1 0 0 0 0 7 6 7 7 6 6 3 3 3 3 0 0
"127c83d3d36a186d" 21 359 9349 1754 26316 13 14052 14053 14054 13 553 347 26317 5815 5421 13 26318 2 12080 7327 739 4 9567 -1 -1 0 0 0 0 9 8 8 6 7 6 5 4 4 3 0 0
"a5fc1a09ee4e231f" 22 16469 4589 5881 13 26319 87 26320 13 553 1354 13 1013 11429 13 16262 14568 13 35 2324 26321 26322 4 9568 -1 -1 0 0 0 0 7 7 6 6 5 7 4 4 3 3 0 0
"b9e09fa754f58db1" 19 26323 171 10569 13 983 1928 6906 8093 13 553 228 229 13 4404 1604 8475 8750 26324 4 9569 -1 -1 0 0 0 0 5 7 8 7 4 5 3 3 2 4 0 0
"8bd8f6055b7e58b2" 25 41 34 12162 26325 12163 13 2 2166 305 13 553 11096 4649 1420 11097 170 13 986 61 1182 1604 26326 4 68 13 9570 -1 -1 0 0 0 0 5 7 7 6 5 4 2 3 2 4 0 0
"70405c1e68bdc9fa" 21 1065 8442 26327 13 1842 8131 26328 13 553 66 4352 500 5863 13 28 14074 26329 26330 7301 26331 4 9571 -1 -1 0 0 0 0 6 7 8 6 4 5 3 3 3 4 0 0
"f3372bb1c1038487" 22 1342 61 417 13 25 1319 976 13 66 93 793 13 553 1549 6561 61 16293 13 20457 20410 26332 4 9572 -1 -1 0 0 0 0 7 8 7 6 5 5 3 3 3 3 0 0
"78a737e7d9e59d47" 19 13524 13525 13 9792 8028 26333 13 553 14733 17478 26334 13 150 4732 13 150 26335 26336 4 9573 -1 -1 0 0 0 0 8 9 8 7 6 5 2 3 2 3 0 0
"2fa1ce5e8a4c9fe4" 29 2 1178 61 188 8309 13 191 1342 3938 2151 13 553 2 9022 607 13 1829 53 138 297 26337 482 1029 2416 1152 55 4 68 13 9574 -1 -1 0 0 0 0 7 8 9 8 6 5 3 3 3 4 0 0
"b27fe4e5994e4b6b" 28 188 61 12098 13 1829 410 4703 17917 13 553 6223 150 311 36 6276 13 87 7990 2737 3764 329 20 26338 17987 1374 26339 55 4 9575 -1 -1 0 0 0 0 4 6 7 6 5 4 5 3 3 3 0 0
"00185a55a513da88" 21 723 4227 452 13 353 5374 3318 3019 13 553 357 8412 3485 13 7317 1016 8864 13 636 26340 4 9576 -1 -1 0 0 0 0 6 7 8 7 6 4 3 3 3 4 0 0
"25d254ea330fdebc" 33 297 4403 9711 9712 9713 2 698 13 553 357 1510 1145 150 286 151 1511 188 10806 282 26341 13 553 548 1774 36 1888 3044 7269 26342 20 2852 13736 4 9577 -1 -1 0 0 0 0 3 4 5 5 4 5 4 4 3 3 0 0
"3544ba301e369d14" 23 14298 1066 13 26 20 5707 26343 13 553 3714 508 2 5537 845 2 1628 359 15162 26344 2 351 170 4 9578 -1 -1 0 0 0 0 7 6 6 5 5 5 4 3 5 4 0 0
"9bda94a01d6114f3" 17 150 428 36 737 8647 13 553 586 11662 737 7303 1088 521 14484 999 18763 4 9579 -1 -1 0 0 0 0 6 6 5 5 5 5 4 4 4 3 0 0
"a37a2b9368c91da3" 37 95 16241 1588 7282 7317 13 553 144 1338 286 13 150 2852 353 3155 13 553 35 7524 95 20727 1509 150 13 553 1109 1110 1588 2696 191 76 188 26345 2088 5881 7572 4 9580 -1 -1 0 0 0 0 5 5 5 5 5 4 4 4 4 3 0 0
"f5167add5b62a5cb" 33 73 1534 4059 20122 26346 388 13 553 26347 150 445 4136 13 1301 150 1510 17816 355 13 553 106 10788 3970 26348 13 18116 19722 10819 61 35 367 4123 4 9581 -1 -1 0 0 0 0 8 8 9 7 6 4 2 5 2 5 0 0
"9c4e3ac38ee85380" 32 1783 607 457 13 2 1371 1783 113 26349 13 553 2 2200 20083 13 191 1109 26350 23314 19783 13 553 63 21238 13 1109 26351 113 26352 26353 2809 4 9582 -1 -1 0 0 0 0 8 7 8 7 6 5 3 3 3 4 0 0
"a8a98b0a37610161" 35 20 5735 7659 16219 2 1523 367 13 553 26354 359 616 326 26355 347 3278 367 13 553 35 3386 347 13 359 26356 26357 11699 55 26358 2 326 26359 26360 367 4 9583 -1 -1 0 0 0 0 4 3 5 5 4 5 5 3 3 3 0 0
"9b67934a437725d2" 37 13765 26361 4346 5381 697 26362 13 553 330 191 13006 23 347 8349 47 26363 13 553 1842 414 14871 13 134 26364 7676 26365 359 4410 26366 26367 1002 26368 26369 815 1498 26370 4 9584 -1 -1 0 0 0 0 6 7 4 4 3 4 3 2 3 2 0 0
"ad744668fbf448ba" 37 357 188 162 286 1473 13 2 517 386 20 26 326 125 13 553 191 340 3310 2 18405 492 26371 3302 13 553 357 150 4732 13 23 457 521 13 367 26372 26373 4 9585 -1 -1 0 0 0 0 8 8 7 7 7 6 3 2 3 4 0 0
"6a6f8eb745209da2" 43 26 171 2454 13 2 23 20553 737 188 26374 13 553 184 297 13 6170 2247 11603 718 6170 125 13 553 357 297 61 9911 13 26375 10211 66 4352 500 113 13 553 26376 151 26377 188 171 3141 4 9586 -1 -1 0 0 0 0 7 8 8 7 7 9 2 2 3 2 0 0
"c4febed5a40dec7b" 48 1549 6561 61 13 38 1187 102 1016 26378 13 553 228 229 1109 26379 13 2 102 19679 61 26380 26381 3901 6830 13 553 1099 1100 26382 3339 61 26383 21745 13 553 1760 18079 26384 2 41 61 17802 5677 9721 1628 93 457 4 9587 -1 -1 0 0 0 0 9 8 8 7 7 4 3 6 5 6 0 0
"a02d5c3bd20c1e63" 55 8028 14732 2 14733 13 26385 26386 26387 13 553 6893 1796 26388 2 1913 19949 936 26389 26390 1750 852 347 713 13 553 2 9530 13 26391 21249 7593 26392 13 5217 482 1628 26393 9456 26394 13 553 1946 61 661 1947 1948 482 26395 1184 16014 1301 26396 899 26397 4 9588 -1 -1 0 0 0 0 7 6 6 3 4 1 2 7 3 4 0 0
"52ae6a3a4881ca16" 44 6223 150 311 36 6276 13 95 2928 61 11026 1303 13 553 2 1022 26398 1246 508 26399 1130 7036 13 553 3385 508 547 13 359 4412 17493 13 553 3301 774 26400 1016 13 388 2664 1013 275 326 25948 4 9589 -1 -1 0 0 0 0 9 8 7 6 7 7 2 3 9 7 0 0
"fc24c1d05fac2a95" 67 357 8412 3485 13 26401 7813 1032 1033 76 796 13 553 171 744 26402 268 26403 26404 13 95 6884 11096 26405 26406 3405 61 1374 26407 13 553 2 1983 396 23 1328 349 21596 7091 26408 26409 191 373 304 504 26410 22336 4401 13 553 297 4403 9711 9712 26411 9713 1043 1122 26412 26413 26414 26415 18533 26416 26417 4 68 13 9590 -1 -1 0 0 0 0 9 7 8 7 8 4 5 6 5 6 0 0
"0ecf6b464b9b66f8" 53 357 1510 1145 150 286 1511 188 10806 13 553 2 13736 13 38 340 586 11662 35 1016 807 125 26418 13 553 34 564 174 12675 13 357 347 36 737 2891 24703 367 13 553 7168 1837 12298 774 170 1882 5580 6490 13 26419 2 26420 188 394 4 9591 -1 -1 0 0 0 0 10 9 9 8 9 8 3 3 10 8 0 0
"345091162acb6ca2" 40 359 15162 1109 20087 547 13 2805 18420 170 13 553 150 428 36 13 113 547 26421 2696 6902 13894 13 553 357 35 7524 95 1509 150 13 553 17805 113 21364 5141 26422 2 2284 14551 4 9592 -1 -1 0 0 0 0 8 9 9 7 8 2 2 5 6 7 0 0
"e2f39f324f257ad6" 39 73 1534 4059 3536 13 2626 6140 13 553 4060 5358 26423 13 1568 150 286 331 800 13 553 4135 445 4136 13 5253 25 5253 13 553 357 134 150 4337 396 330 18939 6864 6907 4 9593 -1 -1 0 0 0 0 9 8 8 5 6 6 5 6 4 5 0 0