142
602
611
697
740
798
973
1173
1221
1234
1797
1865
1985
2012
2017
2018
2025
2044
2235
2341
2417
2429
3062
3125
3499
3536
3634
4095
4469
4491
4509
4534
4739
4909
5044
5094
5198
5450
5606
5665
5682
6106
6139
6153
6409
6491
6636
6682
6685
6764
6769
6981
7151
7255
7531
7652
7734
7883
7954
8081
8232
8306
8558
8703
9007
9022
9260
9301
9487
9660
9734
9957
9985
10003
10250
10260
10473
10512
10829
10839
11173
11192
11257
11272
11367
11426
11441
11549
11590
11698
11768
12000
12152
9
19
20
53
62
145
181
206
233
242
261
274
280
304
319
402
404
407
412
414
470
489
542
613
627
667
668
687
696
754
822
848
859
924
931
943
966
1007
1195
1228
1263
1284
1303
1366
1405
1419
1581
1601
1617
1724
1765
1801
1877
1905
1929
1931
1950
2006
2098
2130
2136
2142
2181
2187
2300
2314
2321
2375
2379
2381
2382
2403
2422
2484
2497
2506
2513
2547
2578
2580
2598
2636
2637
2661
2711
2798
2805
2831
2861
2875
2909
2929
2937
2960
2967
2978
3006
3012
3049
3080
3088
3118
3192
3215
3227
3231
3241
3248
3284
3320
3351
3357
3386
3404
3410
3412
3416
3429
3444
3501
3509
3515
3520
3614
3619
3663
3679
3702
3705
3754
3778
3783
3792
3824
3849
3875
3885
3918
3951
3960
3987
3991
4012
4014
4034
4048
4058
4064
4091
4099
4107
4171
4195
4228
4234
4254
4270
4283
4284
4385
4387
4404
4425
4454
4481
4494
4505
4545
4547
4554
4595
4639
4658
4664
4687
4811
4876
4918
4950
4983
5054
5061
5076
5106
5178
5227
5240
5272
5279
5333
5368
5375
5395
5398
5443
5486
5552
5611
5640
5652
5782
5836
5841
5873
5948
5949
5970
5985
6018
6032
6052
6073
6090
6132
6162
6251
6328
6332
6349
6401
6468
6538
6579
6631
6651
6655
6702
6717
6735
6778
6821
6909
6915
6928
6984
7023
7027
7158
7171
7192
7253
7256
7262
7269
7320
7332
7349
7354
7363
7375
7499
7574
7614
7646
7675
7691
7694
7700
7747
7754
7784
7816
7829
7872
7946
7962
7975
7983
7994
8020
8078
8127
8142
8149
8213
8220
8225
8249
8275
8284
8324
8377
8387
8469
8495
8526
8536
8556
8572
8635
8662
8676
8682
8695
8701
8771
8795
8800
8810
8870
8875
8887
8897
8919
8943
8950
8989
9019
9072
9112
9138
9215
9248
9257
9315
9329
9334
9342
9380
9435
9527
9560
9568
9589
9604
9644
9655
9751
9769
9770
9810
9844
9851
9858
9871
9874
9881
9898
9937
9956
10024
10055
10125
10139
10153
10242
10326
10328
10341
10387
10452
10513
10530
10545
10564
10595
10608
10648
10713
10797
10799
10803
10806
10819
10824
10855
10910
10943
10953
10959
11071
11085
11091
11107
11111
11126
11186
11195
11203
11207
11210
11277
11308
11358
11382
11410
11438
11488
11503
11529
11565
11580
11610
11617
11647
11704
11705
11735
11747
11754
11763
11769
11876
11911
11927
11933
11943
12012
12026
12109
12119
12130
12167