0
165
293
486
493
548
673
704
763
838
925
932
1050
1144
1187
1252
1313
1358
1397
1732
1964
1991
2110
2385
2387
2511
2561
2594
2879
2943
2963
3018
3228
3405
3652
3657
3671
3821
3950
4020
4043
4236
4419
4500
4609
4681
4747
4761
4797
4901
4923
4929
5013
5165
5229
5299
5324
5437
5541
5599
5769
5821
5865
5999
6091
6096
6146
6342
6377
6601
6805
6906
6942
6977
7017
7047
7131
7134
7145
7177
7181
7488
7591
7687
7909
8996
9084
9094
9103
9212
9252
9292
9669
9723
9989
9992
10128
10245
10352
10535
10623
10666
10908
10917
11478
11620
11652
12161
19
59
67
77
85
115
118
149
166
175
208
235
259
275
317
345
352
355
358
368
384
497
500
529
535
595
598
615
617
619
633
678
681
692
728
737
769
789
858
865
896
917
938
961
975
993
1024
1031
1080
1124
1125
1129
1160
1167
1191
1199
1215
1253
1256
1265
1276
1278
1281
1299
1310
1360
1367
1509
1547
1587
1610
1632
1698
1708
1739
1749
1796
1835
1867
1892
1896
1904
1909
1960
1963
1980
1998
1999
2005
2013
2022
2029
2030
2038
2057
2065
2092
2146
2168
2172
2182
2230
2299
2311
2350
2376
2388
2412
2415
2423
2424
2445
2463
2474
2498
2567
2569
2582
2603
2613
2617
2622
2651
2682
2698
2741
2784
2791
2815
2850
2901
2939
2949
2954
2979
3041
3052
3103
3148
3160
3201
3223
3254
3345
3348
3363
3388
3409
3415
3435
3438
3478
3511
3526
3527
3579
3600
3653
3656
3686
3695
3697
3733
3753
3766
3781
3839
3860
3890
3923
3930
3948
3968
3973
4030
4092
4100
4116
4167
4200
4205
4225
4232
4247
4253
4274
4381
4420
4440
4449
4456
4477
4541
4577
4745
4756
4801
4806
4843
4868
4883
4887
4939
4976
5003
5015
5019
5031
5083
5107
5116
5122
5127
5160
5195
5260
5265
5293
5331
5342
5348
5359
5384
5454
5480
5503
5556
5559
5614
5648
5687
5689
5773
5785
5847
5856
5868
5874
5878
5882
5923
5928
5963
5976
5988
6029
6084
6087
6131
6162
6169
6188
6199
6203
6278
6282
6327
6375
6390
6493
6509
6514
6520
6573
6673
6677
6709
6742
6758
6771
6815
6836
6872
6880
6885
6898
6911
6920
6934
7035
7050
7112
7138
7235
7237
7288
7296
7302
7313
7335
7370
7387
7473
7477
7502
7518
7525
7534
7578
7610
7640
7649
7697
7727
7730
7740
7756
7791
7803
7850
7856
7865
7878
7934
7957
7970
7982
8012
8023
8037
8063
8117
8127
8137
8156
8241
8267
8276
8281
8313
8361
8380
8466
8488
8500
8515
8525
8541
8552
8561
8639
8644
8654
8666
8685
8762
8781
8790
8801
8818
8864
8866
8893
8987
9010
9063
9132
9148
9160
9161
9181
9199
9229
9237
9263
9285
9293
9307
9345
9382
9401
9420
9453
9480
9547
9595
9638
9657
9767
9770
9801
9815
9865
9884
9908
9927
9941
9950
9993
10000
10006
10044
10049
10087
10096
10146
10165
10224
10237
10286
10290
10334
10344
10391
10432
10441
10450
10464
10506
10590
10619
10628
10634
10647
10661
10751
10795
10811
10830
10853
10866
10937
10962
10982
11075
11116
11148
11222
11261
11273
11305
11315
11354
11358
11380
11417
11431
11493
11508
11518
11556
11558
11582
11589
11611
11627
11641
11656
11690
11696
11760
11778
11780
11860
11882
11894
11924
11930
11941
11949
11970
11997
12005
12020
12023
12127
12138
12143
12150
12170