153
219
299
474
523
543
549
651
673
780
919
1180
1528
1577
1600
1685
1792
1847
1851
1976
2384
2624
2998
3419
3436
3541
3617
3647
4025
4052
4276
4328
4443
4478
5067
5157
5662
5822
5851
6043
6093
6287
6385
6478
6485
6499
6505
6532
6694
6751
6787
6925
7163
7172
7243
7286
7368
7618
7859
7925
7992
8072
8079
8255
8271
8533
8886
9093
9142
9425
9465
9762
9807
9933
10240
10294
10435
10446
10509
10669
10833
10867
11124
11179
11322
11772
12003
12116
47
51
73
87
95
130
172
270
296
328
334
341
348
359
389
408
410
507
577
584
607
614
658
662
689
721
745
837
901
930
934
944
946
978
1007
1012
1028
1059
1073
1130
1136
1143
1170
1207
1208
1227
1282
1308
1370
1415
1422
1544
1553
1609
1611
1631
1712
1746
1801
1828
1841
1869
1884
1887
1904
1921
1966
1968
1995
2016
2033
2035
2048
2056
2060
2089
2105
2107
2116
2141
2176
2243
2280
2317
2326
2332
2377
2383
2386
2390
2393
2404
2441
2458
2478
2487
2535
2537
2552
2572
2591
2633
2639
2649
2709
2781
2810
2827
2919
2975
2983
2996
3008
3038
3058
3081
3084
3108
3111
3151
3164
3214
3239
3270
3302
3335
3339
3375
3376
3400
3407
3411
3425
3516
3518
3530
3591
3597
3618
3663
3681
3729
3785
3809
3816
3828
3854
3882
3927
3934
3940
3974
3980
3995
4005
4040
4141
4161
4176
4180
4184
4220
4237
4240
4246
4263
4282
4351
4407
4432
4482
4516
4521
4524
4546
4568
4597
4602
4603
4677
4692
4696
4710
4754
4757
4772
4837
4857
4873
4879
4892
4900
4912
4987
4996
5004
5024
5040
5047
5063
5072
5091
5102
5120
5132
5168
5175
5181
5204
5217
5235
5248
5300
5321
5344
5349
5372
5377
5387
5416
5418
5422
5446
5492
5531
5579
5645
5700
5744
5763
5785
5787
5827
5871
5873
5878
5930
5949
5950
5981
6003
6022
6048
6063
6068
6100
6114
6142
6158
6194
6234
6306
6311
6347
6360
6449
6490
6530
6543
6570
6581
6660
6668
6684
6700
6711
6739
6744
6800
6818
6835
6837
6842
6846
6876
6882
6893
6902
6975
6988
6989
7012
7037
7042
7077
7083
7086
7148
7180
7187
7197
7198
7274
7303
7329
7361
7373
7427
7445
7468
7480
7482
7506
7512
7537
7545
7583
7597
7605
7622
7627
7641
7660
7673
7701
7768
7802
7810
7822
7852
7881
7886
7914
7928
7941
7951
7958
8007
8009
8013
8021
8027
8031
8070
8084
8093
8112
8130
8147
8180
8228
8235
8245
8261
8296
8322
8341
8355
8359
8368
8375
8390
8422
8431
8460
8472
8480
8495
8505
8520
8546
8553
8566
8582
8598
8642
8659
8739
8743
8764
8786
8807
8816
8884
8903
8908
8953
8988
8992
8999
9004
9025
9064
9105
9122
9150
9197
9216
9232
9242
9271
9304
9323
9340
9346
9432
9445
9555
9557
9575
9581
9585
9597
9629
9653
9666
9678
9713
9725
9739
9769
9770
9819
9852
9868
9879
9885
9889
9894
9918
9986
10023
10028
10031
10032
10098
10102
10129
10150
10155
10184
10234
10264
10282
10339
10343
10346
10362
10393
10398
10462
10478
10520
10538
10604
10618
10656
10675
10700
10736
10795
10815
10845
10850
10872
10880
10890
10929
10930
10938
10947
10950
10954
10977
11012
11029
11078
11099
11131
11199
11226
11254
11268
11284
11287
11365
11418
11469
11517
11527
11543
11554
11561
11571
11601
11613
11644
11664
11668
11682
11704
11707
11708
11728
11745
11748
11848
11853
11886
11936
11955
11958
11991
12018
12068
12123
12163