"2ecbc0e8b6856c8a" 16656 182693
"f3d59a2169837ab9" 111605 9891 182066
"d04626c8b94d7ee4" 136808 28712 55700
"689acc71d4be3cfd" 11507 9474
"d59555531739c64e" 61018 123614
"8d1993d99e7a33cf" 68385 61359 28963
"11897931e671693f" 19553 119671
"c1cab4e591af9025" 48459 27247 10477
"59138d3b2d07e512" 92112 136856
"28e1d53b6099f72c" 82816 69525
"cc11c964a932df27" 37134 41769
"133db6c2862ee7bc" 87680 163134 143682
"f93e07f6bd79b8d7" 171686 93764
"e9df1c22c89b3a6e" 59670 115859
"a2e62f66c2b018fa" 30866 19684 107
"e34ead110213615b" 32721 1662 184598
"7bb520a6cee6eb7a" 141041 14797
"6a36e6a87e30f5f5" 111585 97676
"77b36eae0dfd41ca" 128233 95733
"8f3c1bedd5941b2c" 10477 143682
"9800f4b6d478c55e" 30866 182066
"488107f6bd79b8d7" 171686 41769
"0edd29a5e0a6e589" 28712 97676 115859
"2f6b86908370a645" 136856 14797
"c1b0d6a87e30f5f5" 111585 9474
"988f7c2e9476727d" 107 10477
"95c820a6cee6eb7a" 141041 27247
"7723d788b6706e91" 28712 9474
"49b5ea88d0968adf" 143682 19684 182693
"90493336bd3a49f8" 68385 61359
"9ad1aaaa93631f9c" 33452 87680
"6c336eae0dfd41ca" 128233 93764
"b9def489dcbdae07" 82816 111585 182693
"b9a08aa295ecc79d" 9891 19684 28963
"717d3dfdcbdc8dea" 32721 14797
"78dcc5b4f5a8037c" 9474 87680
"321931969a10e53b" 95733 9891 59670
"2d751f1f9fdfdcce" 19553 69525 61359
"3fa06a70e6f760c0" 163134 69525 107
"8e952bedd5941b2c" 10477 182066
"78ba8279e46ecda8" 28963 115859
"079444c9740a1d79" 143682 41769
"a37e93baa26ae51c" 119671 9474
"877a7931e671693f" 19553 123614
"26c71f072707bcc0" 95733 93764
"a164894f777d0ac3" 182066 9891
"5b3607f6bd79b8d7" 171686 61018
"1b0d85ae656aa725" 159925 1355 79708
"554f17e44fe6c564" 144829 26383
"0debe636efa70bba" 80767 104551 66997
"12412c44708d2301" 1355 106272 66997
"1bb27609495981cc" 107829 26451
"49974b748f02730e" 37967 2069 111571
"3fd273626338d632" 134833 87656 60297
"03f1f4a1d789b6cc" 167 124296
"c78128b8edca40c8" 66997 148728 96542
"9f023c69e80101b5" 171521 167743
"4a6e87c2263ab510" 125409 60390 136868
"e868f61b2cf76655" 150469 67808
"b8054d2f4948fec3" 12131 176215
"2387ff3972b73f98" 1355 87656 96542
"6ee4b6ae548cbc78" 58793 40868
"0439bf2a65127a07" 124296 30699
"ca1a163a8f4881fb" 26763 82032
"31e85958db516a93" 120691 150469 65438
"9a0891c1335e4238" 125409 23695
"1ce3534b0582e64d" 114483 62072 159925
"f3c0d0404a95952c" 17157 176209
"2a459fdacd0b5a9c" 188242 45963
"de32cb4cbfe7ba7c" 53125 173242 155877
"d10e401909a96ae7" 6619 60297 131340
"9d811acb78cac326" 37967 58793
"d8542c69e80101b5" 171521 111571
"a4fbed5b458b2809" 26451 60390
"7397b24434176e45" 79708 96542
"b242bc8c2e99816d" 67808 23695 80767
"3f0315c15fc6a7d1" 65438 12131 2069
"4da31f5bd632f432" 144829 134833 60297
"7fac4223a6a12a43" 188242 114483 159925
"c405f4a1d789b6cc" 167 136868
"21a8942c71d403d7" 87656 131340 17157
"0d4997fd0cd577ec" 40868 26383
"c5f862a0ef406545" 45963 106272
"3c1fb96a787ee0fc" 125409 96542 30699
"13cc20cb692fca85" 176209 104551
"3a3435a39f715de8" 53125 107829
"c50e000c7603254c" 148728 176215
"4d3ff3e18a2e00ac" 62072 37967
"ae97fa578d4ad054" 173242 26763
"b0a0d09776ff5f31" 2069 176209 124296
"47d071b519ae5ea0" 120691 82032
"9879e61b2cf76655" 150469 6619
"a31deb4529096e01" 1355 12131 167
"2c4593e440b4f27a" 80369 31704
"8a1f02ccd840e044" 174774 80765
"e65f792911b01c9e" 9192 42243 101782
"5aa5d0684155fcbf" 71286 113594
"e09a6fe079a8b3ff" 19631 16638
"9cb016dad132f039" 176622 63942
"3f3ad06aeaec2166" 100845 66091 84294
"61685d7e0409cf31" 63712 133867 140222
"4a13a93058b7fca6" 88089 158551 119727
"75c42dd0bb167c51" 147581 131921
"8e402eb3e43af861" 118537 85283 26663
"2cd265fe1285b9ca" 64359 133210
"38f2e70eea07e8d1" 128564 186938 11764
"545de2b2a7051381" 169915 124788 31141
"75323fd87f01d0d5" 32507 23890 89777
"384b7a39f95d1d73" 171241 26369
"1cae9fabf200c1cb" 186195 26461
"aabbbab9ee7ff6b4" 2180 136774 119727
"5be04235b6ef96e3" 133210 63942 11764
"40a80dd0bb167c51" 147581 16638
"e45a2f3e7de91afd" 174774 31141 140222
"c0e5892911b01c9e" 9192 42243 128564
"4695c89982ee011e" 63400 31704 169915
"15238dbb5b56372a" 63712 88089 85283
"70d8c57fd4f1c4f9" 32507 124788 26663
"6793a8d06f1fcb2d" 149 71286 23890
"09a8833a5c0c5836" 2180 118537 176622
"48e17b4316b41fdc" 75451 84294 113594
"c5680ae2e95b5403" 75451 100845 158551
"284caab0b348533e" 80369 19631 80765
"5dac0de242ccf5bf" 186195 64359 63942
"b7e032176c4bc44d" 133867 136774 26369
"dccbf9f7c6135b71" 110766 98407 66091
"340413745d34f2bc" 89777 186938 119727
"c30787b907573557" 71286 147581 11764
"2db607b00c941801" 63400 42243 186938
"c2b286c964bb1a23" 174774 169915 16638
"f4d73822383a44fa" 64359 23890 26461
"1444b3e440b4f27a" 80369 158551
"6b6bb867695fdcdc" 186195 124788 140222
"9b6ab99f456dc331" 9192 2180
"f069004f93e289f6" 84294 133210 16638
"f0b28487faa6f6f3" 118537 100845
"3dbf3a07b5006850" 110766 31704 128564
"bcff8fe079a8b3ff" 19631 169915
"fa96fe17b2ea4817" 98407 149 101782
"1d9f33cf9ab13789" 74775 46969
"f41cfad8e282fcd8" 84947 13163
"0631c82bf5886056" 69288 76929 42466
"673b1f8ae4b24b70" 120208 71097
"0b3ff2825fa2c464" 171013 89540 156710
"ca225c46304a71f3" 13031 61132 41864
"0f8aaeac68f1cbc1" 11681 119213 7253
"208de40816140765" 158249 83948 31404
"fa851987af909522" 93943 184567
"1d548c45754d201e" 163164 14264
"86ce36de649213b4" 86655 42184
"4e8bf4eca838e971" 67076 67
"db697c7da8ea71e6" 69091 125589 170952
"cfb7d50c537c3764" 50219 25119 57085
"72f52e48c7a97a25" 105668 42377 99269
"7099d17ae8e8b84b" 134652 164580 53582
"9b8f46b721d64cdf" 179293 44371
"b20cc005ec1568f4" 100774 170960
"11c7a9db83995d92" 170960 83948 134652
"9427f8176a008dc0" 99269 67 61132
"16d53511c2778ae2" 69288 105734 42466
"b52fdd4c4c5768ff" 137169 42377 164580
"aca55d4601a58c20" 158249 44371 46969
"c049b5d7e323be60" 184567 76929 13031
"16c1ccd385a8b8d2" 105734 156710
"45f5e954651d80ab" 50219 7253 74775
"5b245495ab8021e9" 13163 42184 11681
"4eb9129833d3b002" 85163 41864 170960
"4c040881a47a5681" 25119 67076
"b322ceb6d16a8b02" 14264 163164 53582
"a4358ba8d27c96ac" 57085 89540
"e6c454918a7a729e" 93943 171013 125589
"41fb1aea5b9f2690" 170952 86655
"a5b979e5c7a481c5" 119213 179293 69091
"37c6994fe33872a0" 120208 105668 100774
"517bd173ee7c051c" 84947 31404 99269
"c7c02332b5f22f43" 83948 164580 44371
"a870a0b95a110c13" 89540 158249
"fbaa6d6c8bc19d54" 53582 163164 61132
"fb1c02a65aa0d3ba" 13031 67 170960
"829fee27d06bab83" 134652 184567 14264
"764d0ed3eac27c1f" 42377 67076 46969
"df3066de649213b4" 86655 179293
"8026b90e3edf7e7f" 153162 18521
"f1160b3233dfdfb0" 167980 166518
"f30b5e36d5a3734d" 120579 66138 132841
"4b58836313c468c6" 10548 124062 20753
"2e5fa967a63524be" 115907 108494
"98b1de244c03f084" 10447 15833
"5238a314629038d6" 53177 10421 64330
"94d92e3b61800868" 164861 169205 64330
"ac9c8cf2676e4f68" 28270 164861 64330
"c2cfbfa69b4aa4fc" 120579 114200 61104
"3861096776cae8a6" 120579 144409 147642
"5db8b3fa47789ff3" 182572 167980
"57cbd7e0b81f58e5" 176221 183683 184416
"d92fc1ebc486dad5" 41628 174961 100571
"0bb734818113ff24" 80934 66138 159423
"d13dc266eb29e917" 141272 173496
"86df84f0a28f4182" 17944 134421 166518
"57c6c1042032f562" 30598 129978
"10b1b90e3edf7e7f" 153162 338
"1c946d7013e18420" 136218 63618
"9a44d23fdc3bf8d6" 184416 71260
"161c24e7add7eacc" 41628 132841 9351
"533e841a60d221d8" 15833 183683
"2dcf66677202f3dd" 53177 129978 166518
"b4d65fa9312b26e0" 176221 141272 50085
"049a523dec8eddff" 156714 159423 64330
"547b47a480b5bcaf" 18521 100571 71260
"6c42ddc4af6efa7f" 144409 124062 166518
"da16fe244c03f084" 10447 164861
"f1e023ec0b37ec00" 156714 167980 184416
"c4cde33a78ac4db9" 10421 167980 64330
"78310ce994227db9" 41628 151854
"ceb75ffcd18a1805" 107170 167980 169205
"a0d107cfe2815940" 136218 173496 159423
"f5ada3ebfde0b36f" 114200 129978
"8344e9cb419e2106" 10548 53177 166518
"3e6283f9707588d9" 147642 61104 184416
"6a1114fbb4ddaaa0" 134120 174961
"9b11a967a63524be" 115907 50085
"c10224e56dd75201" 10447 136218 66138
"d8d185792623084c" 100571 129978 159423
"856f9cf2676e4f68" 28270 164861 141272
"b19ea17c4c34cada" 114200 30598 167980
"384c12bc20c71c46" 80934 20753 9351
"8970b881198648a6" 40902 129949
"581c153d9ad1856b" 104540 37996
"dc24cea4df1caa31" 842 139294
"e30e34f795e032a3" 93284 42509 169096
"652eceaddbfeec03" 42274 106927
"314f296d81c61e5b" 92689 156041
"7b7020d7646a00ba" 163 128835
"3b7c0bc69bdb5274" 49039 147091 165068
"0819ff7b79985640" 112976 127747
"846da49ef6b435f8" 67132 37209 155934
"a85687ede9374372" 133087 123524 140374
"092174151b0ad20f" 94772 61311
"47c43d9157cd5daa" 80921 146818
"2872bdc782037438" 51148 178230 126927
"a8b4b43b3d74cdf4" 186657 110896
"3b7e76e95288c5ae" 34988 86666
"b380158e85c44adc" 77769 183641
"b3b7fe28390ee1c5" 55555 169447
"20fb820412025f3d" 181959 55720 46290
"bb0bb3463e364301" 163568 155934
"5fe889030417ae5d" 112976 49039 183641
"03381b61dbe8f0d5" 93284 123524 106927
"eb0a9a7b19166443" 61311 139294
"3ffadfb4925fe2d8" 126927 128835
"e250c98ceca3cb9e" 181313 94772
"f165211b39804841" 37996 178230
"3a898d4c7d374a94" 181057 42509 169096
"57b7eda434132d49" 34988 92689 127747
"945c82093b508849" 133087 77769
"b9eb9e957c6f6d16" 131149 58548 37209
"e32cafdf0fc74fb2" 169447 140374
"2ed0a180806fa1a4" 51148 80921
"24cc6bf3d5ae79db" 55720 156041 104540
"8ea0f1d30b1aa6ed" 86666 129949 165068
"eb3100d7646a00ba" 163 842
"224fd85d9748c9ca" 110896 146818 49039
"5148a572f5cf5225" 55555 40902 128835
"5cae668c89a7a189" 147091 186657
"157b77f2ca8ceab2" 110896 155934 46290
"6e858f2098d30721" 163568 181959 46290
"4beea689b3a25f90" 178230 37996 77769
"31235e9259e9a4ec" 67132 139294 55720
"faf93ceab149d255" 123524 40902 94772
"01b296e95288c5ae" 34988 169447
"b9c715955c739935" 112976 61311 126927
"12c62f245435cd7c" 58548 55555 129949
"70876870a3f41e72" 131149 181057 104540
"b61596933599f31d" 180641 49822 126547
"0046d8ebc639463b" 75483 42164
"4bf72ba07d137466" 93847 128631 9457
"faedd233f14eac6f" 109236 113950
"4b8a3034eadd6ae3" 170732 15346 149845
"63a4a495f99b5719" 85499 165450
"ee4a3d09826157fd" 182037 50781 184271
"0dbd86ee5d54bd8b" 91456 75299
"98ea48bdf9bcf90c" 38775 129105
"a5ac6f93e8c18616" 113853 51881 41591
"0b36584a6194aa07" 109151 60848
"62a92ccdbe190395" 106017 183597 58251
"2df98db71f9d69ea" 37731 60318
"7ddd77cb1115fa57" 109910 138636
"d08435e316b6bcee" 71001 90331
"ab6e093f0e821ee0" 156044 60465 106184
"a8199fed50b67756" 160005 49420 14424
"8beed8f12eec2257" 48494 176236 132565
"c8cf14d132ed6e9d" 85002 158967 124126
"9f746d97676de207" 113887 1880 175617
"dec36f8d0d8ba7be" 164884 96025 15723
"79fa5dceceec4184" 45793 5757
"01b6a8c5c2a7a527" 28623 143968
"6e57c3d5c4486340" 27116 172157
"19d9137c049abbd0" 71001 15723 14424
"a08abc16785de3a7" 176236 106017
"c2c5b7d64691581d" 90331 60848 143968
"3854d31a68c03b23" 109910 49420 14424
"76988e05e3cddada" 5757 96025 164884
"9ce9e8e7a1930825" 10027 37731 109910
"301133e585bfa0d5" 106184 48494
"e12f3692ea58a4ff" 113887 60318
"cdc61729f80823e4" 132550 45793
"7798d7bb82825167" 15723 90331
"b9f6100d4cd163a6" 85002 5757 171679
"560a8db71f9d69ea" 37731 60465
"a154518ad5490b75" 58251 124126
"b46679666f7abe8c" 14424 132565 71001
"0829fd67e1ddad9d" 45956 109151
"12df69120a7d8e5f" 51881 158943
"6ab9aa1092aef30f" 49420 96025 176236
"8d2673ca72c1157e" 138636 158967 1880
"867ca9ed25227212" 129105 60318
"859f23e585bfa0d5" 106184 42435
"69769afab8885c17" 175617 51881 28623
"d7c8484a6194aa07" 109151 5757
"efa6caa524ca9144" 27116 38775 60318
"8b96a525b9bce46d" 138636 60465 132550
"ba1e4506cdc838b0" 132565 183597
"6b2e3bf92a2614da" 160005 48494 85002
"76a98c388047c74d" 96025 132565 156044
"f2276bf60d1e9b6a" 41591 158967
"75d4945f615d0ac7" 5757 113853 60848