"53e4dc68210b6a47" 67829 122771 72440
"3bdf49e2b115879b" 64621 183677
"819ddae1580ead5d" 39374 186995 121530
"507e2c5c33a26b12" 32125 47104 71479
"e1bb3404dd764443" 153874 129863
"dad7ce781ece7a5f" 16649 177596 61159
"308ed4ccc16f71a9" 27900 34506
"b8ea563124458686" 181729 168284 180749
"c4c2d2eb85fc4db3" 184112 96956 129863
"bf4fb5993884dc63" 71791 181291
"2f6e4fd1353f4d59" 152430 83974 121533
"64725ed48f7d310d" 143944 82796 86649
"9a29f4b47368810f" 144879 127987 126082
"7f8f67dfd15870e2" 9183 187717 1462
"54b3b3e7031175a0" 54085 50774 27281
"f36442af2fa66637" 147553 1636 178137
"f221f61bd2c53c80" 39044 129863 61159
"e4cddad62e7e352b" 89754 64621 153874
"ac4c472907845866" 121530 47104 71479
"f99a6fd40a3ed001" 72440 34506 168284
"ad8cb92b1e8d5c2b" 144879 187717 16649
"65f1b6eb7dd33333" 121533 96956 177596
"92876599f3065223" 19519 27900 183677
"cc5604c42a5fcbdc" 127987 122771 181729
"e069b4303a56a9d1" 181291 180749 86649
"78b4117b5fd9d6ee" 165687 32125 50774
"93520b76ec88f54b" 67829 147553 83974
"ff0ee81200e27b56" 166221 22051 36442
"2e621a0f97393088" 164854 39031
"af5196a2c407309a" 53851 187364 168202
"9765389c565cfc70" 153884 44960
"7d8d5878ab1cba2f" 85051 7083
"736c82ecf6029271" 83888 157316 3466
"783c4e15488e1681" 1555 45155
"401e928d698e481d" 102679 65787 142861
"152a71e36732d77c" 36447 38993
"dd9d073cd160c9a7" 147029 94970 122437
"65d7fcd52617b317" 81779 84935 111175
"8dd212bf215dcb99" 153889 69696 121222
"3fdee47356d0efd7" 35330 2477 131791
"3b02c0c8bc3a7f0c" 42177 7298 68583
"f0ccebe05596c6aa" 42027 112273 128198
"a6c78a2834566510" 50243 87254
"5350fe512eccb314" 110394 52054
"2dfb6750c13e528c" 97940 65787 87254
"579c5a572499f6dc" 81779 68583 128198
"07e1eb623cebe458" 97023 180923 112273
"0ef77e0e772a57f5" 122437 45155 50243
"96bf41af7081f980" 93419 166221
"645c1b9917e8e675" 164854 153884 7083
"515c87bf9731fd55" 42177 44960 50243
"9c29b777130b8b08" 102679 45155 3466
"0e6a0f785fd8ea1f" 39031 122437 111175
"144345083a8dd9dc" 85051 157316 38993
"0ac536ca37197845" 153889 97940 168202
"2c3ec562041949fe" 42027 1555 36447
"1532839fe306f58f" 35330 84935 53851
"3e25d2b8b3cc1a1f" 22051 110394 142861
"6540a6f204df4d72" 147029 35330 52054
"a2916e5ffe906757" 121222 83888 65787
"ef4036a65e51d083" 7298 187364 131791
"2ee52bbb0467b56e" 94970 50243
"704232e0a247591f" 153889 2477
"0005f0c2fb5bb0dd" 180923 2477 85051
"1f81ae455142ce65" 42027 7083 87254
"0d518d21edd7e925" 94970 83888 142861
"8b72024aa44bcc9e" 69696 39031 187364
"afac24aacdfe9d54" 93419 68583 1555
"6e4d489c565cfc70" 153884 142861
"a832581f109cc388" 80783 93419 42027
"0cdd8ed3a008daac" 168202 38993
"17d04ecd13367e2a" 81779 52054 36447
"8fc7e28c3b2c9a2a" 164854 97940 122437
"73f7c72d380b561e" 159552 153936 82206
"3a91d5869319300d" 153862 185704
"1dc0bb7b2423eb13" 77758 66366
"9bcae1c2a0b36dd4" 76957 7699
"b79475a24cecf6b2" 44223 35561 10246
"409449e16d4393b6" 128524 134651
"e3ff0387da02b100" 26495 157342
"d83f39e5547dfc5d" 8319 46573
"c7479ca14a1a4ec5" 144870 65761
"aafcb2a01defd5b0" 1270 95295
"c89d8954ca4d169e" 137502 187929
"9d24ad4733ba70f5" 156974 50838
"1b170468e6d92436" 393 27844 78083
"f809cf43bc876cdb" 174666 13024
"ed534ba24b2951ef" 151970 123455 137776
"026e045404d0a7bb" 85024 151059 174976
"1be51555b9ebcd33" 162510 162631 44943
"28f62c8d39a66441" 105279 116258
"2bad83f9667ae25c" 11039 103199 83871
"e197b1ac741a0a79" 150385 89268
"395eaf52ce92e6c6" 182562 184556
"fa1ae9c15a0b3105" 45319 39719
"d82c384adf2bd270" 184082 165046
"a29dee39e438b8ea" 71384 51397
"192d799b2bc25284" 8777 108335
"f2cfc2755db88803" 89356 181798
"d55402039ef65272" 164326 40836 90890
"92dc4bf4967f5736" 154278 117710
"dcd1d01430dbbcfe" 3833 123259
"0274d1e3b2ba92d9" 36779 123204
"6e030da4cf25ed16" 179282 5839
"51ba059922fd36c2" 27252 33256 102384
"2ac2596dc8338f05" 153165 13324
"0735e8632014c07b" 66125 163476 117710
"7c23519a55b9901d" 17695 45319
"0cf2769cc2373ad7" 181798 55525
"66b5b01430dbbcfe" 3833 7956
"6309996d7875919d" 123259 159434
"f126e18cfcb5c5a2" 51397 150385
"e8fe91f67bdf01cc" 165046 108387
"3b66284adf2bd270" 184082 75996
"eb83b7b196a762db" 7956 153165
"690d2b3e815da9dc" 123204 42421
"d7b47f5b5b438cbe" 13324 27252
"3b71839576c83f6a" 159434 40836
"63bf90b4195417fc" 108335 154278
"079fc27e9f7cc71e" 55525 182562
"19346b4cc4d998ae" 75996 5839 8777
"b31b63ee31d40520" 117710 71384
"d214115fb0ccf13c" 40836 89356
"34383bf4967f5736" 154278 33256
"6888696dc8338f05" 153165 102384
"ad2c0ac15a0b3105" 45319 179282
"7de04b7600b3dc6e" 5839 39719
"72e0e78acb2a8a3f" 42421 89356 51397
"e7c880b4195417fc" 108335 60398
"8b1914cf5a46e30c" 90890 8777
"cc5b419a55b9901d" 17695 13324
"f4d47f8b5218562d" 71756 83206
"cde06aed8f5173f8" 39719 89268
"1e9dcd8a427b647f" 13379 66125
"027951013251b543" 86568 36779
"07f432cafd2adc0c" 47217 27142
"be5931bd89434be3" 165550 67112
"c53d400798c54604" 184556 150385 159434
"7a387d4d05faedc4" 164326 13324
"a7e8062f46deccb5" 7956 33256 42421
"ef817ed6c503e18b" 126687 67710
"3a95e2709d6a9d42" 158817 83619 144970
"487becc50c03ff25" 16501 49028 6986
"7a25673cf7d7bbfb" 67496 141272 83198
"33ad90c25e2a745b" 34 146060
"4b73bba666b5d711" 84388 163753 12498
"b2a79b2e0d97f02b" 134186 125980
"91bc34f009a0871d" 53911 127239 159494
"b52e23233aace221" 139307 125997 128806
"aa7f02c4527f3913" 33549 155181 71235
"707666e4dd59a532" 52664 146178 67884
"618707fbada5ec02" 182492 23391 96126
"6e65599608eea740" 72597 14248
"41981c8397158ea0" 12505 139054 128692
"48a677dd250d0f05" 1692 37931
"9c03ecfacdb48d10" 73076 44450 163762
"6c0a883368ff56c6" 45991 21926 20304
"22ad9f6865395980" 126687 158817 16501
"d65622a79d240766" 66062 34 67884
"6cf2f89279f16169" 67496 12117 49028
"94d33ec40bf86564" 83619 140097 141272
"51d798cddf0cf20c" 67710 125997 72597
"834493d1f91f06bb" 134186 53911 144970
"9430304d9f773f21" 139307 33549 128692
"f773f51c64734bec" 127239 125980 37931
"a39b56e4dd59a532" 52664 146178 23391
"b81adbfb7b33a208" 182492 14248 83198
"8f6b50e43b5691ed" 146060 12505 96126
"605d538a0e6287c1" 12498 71235 73076
"5ba412e4049e2043" 139054 1692 44450
"c9b81d1a734cb335" 84388 155181 159494
"24501942cb36a628" 163753 6986 128806
"cece4bac2c6eb7a9" 20304 71235 67884
"3cc08f8cfb34387c" 158817 163753 1692
"0879ac7ecac3dbbf" 16501 52664 44450
"e24e6fdc8378cdf1" 83619 146060 139054
"7f794d7398f11c78" 140097 146178 37931
"da75e5a8ae98399a" 134186 182492 83198
"ee663f822d26f30d" 139307 141272 6986
"57a78dcc5134ed38" 127239 49028 12505
"c11417696066e22d" 125980 72597 159494
"932102c4527f3913" 33549 155181 12498
"e7639ea4c7b97069" 144970 71235 128692
"1bfbe0c73e330a9c" 53911 23391 128806
"2cf5c7fb50fd20b5" 45991 14248 163762
"f9693505c66e05e1" 21926 126687 155181
"e697f89279f16169" 67496 12117 67884
"ea7167ae96b30b08" 89695 32174
"fa2831d108c1f861" 144333 125593
"4c5be7f399543554" 168127 131149 186683
"d10e1ad9c77d12c2" 34835 176889
"ebe8df1c43772553" 1992 10226 167971
"c5cf0f3c27dadaf2" 71767 80723 123821
"9bb20f468b5fcb77" 162393 58247
"f22817ddf9c5fad9" 14274 156994 58746
"13f09521094adcac" 55461 94755
"c88668cc3967f462" 1978 167981
"bab666b86bbb4f76" 10221 75253
"09894d9ca1472169" 129954 86889
"e5f4be3c3849a12f" 149319 46444 159418
"0672fc6e6624acc0" 18315 176932
"c70ccb976ebe3131" 101732 167931
"e758b9b66c158e0b" 96986 52351
"e2b3acf834ecf091" 80758 97091
"e672057a0a245cbc" 51877 4698 37670
"edc1a64f0b2073e0" 178414 126939
"0ca93ff7ab9a2d96" 42480 167971
"fcc6e70a08ac1182" 561 55461
"0c389c5486177b40" 71767 176889 94755
"de1c57ae96b30b08" 89695 10221
"287a369a43c36aaa" 97091 167931 52351
"394b839d67de7b1c" 156994 176932 101732
"f636313f256c54b1" 1992 96986
"59970c1b63e6319a" 186683 86889
"a748e2ab49806f7d" 5278 58247
"303f2883a8248181" 168127 94755
"edb91ad9c77d12c2" 34835 159418
"cd06f5a5fd6a79cf" 106747 42480
"a2dc43145160a65b" 18315 131149 75253
"246fccd45ff3532c" 80723 10226 101732
"85bdfe468b5fcb77" 162393 37670
"974c5e32dcbcf61f" 126939 167981
"0cff6f6cc8357e37" 120970 129954 167971
"ea7ecab1a4caa525" 32174 14274 123821
"8b301dd1af121d8c" 71767 149319 51877
"93694cbd31d5b145" 561 1978 51877
"bd7e29cf0917ea94" 34835 162393 156994
"1e9503ab49806f7d" 5278 178414
"f9e44876db3f8feb" 125593 14274 167931
"d731f6ce41a77ce6" 80758 55461 167981
"09e0ed8501be7f49" 32174 144333
"81f1ef176783167a" 89695 1992 42480
"9d2ee5a5fd6a79cf" 106747 10221
"3fac595a8cb29eac" 58746 46444 176932
"be509f8c60f84dc8" 83116 124098
"df8a72150a87a173" 137473 71747
"74df947f31828162" 38971 156699
"fbcbcb53fa8ed0f9" 38748 187558
"460803c1e3c0fa42" 6781 107870
"00a2adbf94d91442" 158185 13182
"7ccd0f48c2d44b43" 181205 38971 131362
"e8c409be80b53c70" 5774 177771
"660eff92976e4ec8" 115583 155155 78479
"85d620fa343a6366" 178256 138203
"a690ef034a5e5689" 96646 130735
"c7c4a603313817a4" 175740 14275
"0a828bed72663871" 176454 55589
"4de6587bf21f2cce" 178256 78479 81720
"f70657fb18d9c4c5" 168342 30964
"70bbf87f363a0e08" 44283 156699
"f427b8ef4ad2323d" 75234 129000
"1e8ef147d00a2a5b" 82554 124098
"fe08a088fa8ed42c" 155155 128459
"9bb1da8c10c8f5c5" 77472 5164
"ac248897563be179" 67842 14275
"557baa09c0b3af7f" 127928 96144
"fdc3486de364481c" 131727 134219 77472
"48e4166b80f1f852" 156699 41720
"6a8d07b9166e5377" 187558 179531
"6e04ab53fa8ed0f9" 38748 24781
"e7beff41363bafce" 16871 168342
"44319a47f8428d98" 138203 41720
"a57c5747318c1c58" 134219 107870
"2bd3a47f31828162" 38971 173190
"95c0166b80f1f852" 156699 24781
"6becfe24240b3e2d" 130735 187558
"692c4c5e22e9379c" 13182 71747
"671dc470c2aeec9f" 51870 131362 55589
"59d003c1e3c0fa42" 6781 78479
"712acf034a5e5689" 96646 38748
"ece00cc5448c0a2e" 107870 156699
"60e6fa5aa255e723" 131727 168342
"4527aa09c0b3af7f" 127928 78479
"80e506c4ee6aad43" 14275 30964
"33f18897563be179" 67842 5164
"ec2f9713c0fa4736" 181205 178256
"2ad5201f98db20a5" 51870 130735
"9f2491730811e8f9" 5164 178256
"8df19f8c60f84dc8" 83116 130735
"82e66c5e22e9379c" 13182 181205
"7fec4747318c1c58" 134219 44283
"e353ef0807ca1e90" 88436 100982 78947
"86b7071eba548273" 154311 58912
"b499923097b2ea49" 100982 14674 153842
"30e66ccd236c41fb" 3199 78947
"34bc77169c8b1478" 58912 154311 3199
"0f5d24f6057a8d11" 77984 78947
"75c59d55826dce82" 153842 58912
"0dd37d304cee27a2" 88436 3199
"b23c1c185d38bba7" 14674 153842 100982
"68a529ddc20fb2fb" 78947 14674
"4b568d304cee27a2" 88436 78947
"9076a3793daff5ac" 58912 14674 100982
"0cf16ccd236c41fb" 3199 58912
"a23576dce69ef815" 100982 154311 77984
"c338bbbd9d801fba" 3199 153842 14674
"625db9d5a43654f0" 58912 78947 100982
"7c1af61eba548273" 154311 3199
"23820cf217c914c7" 14674 88436 78947
"45cf34f6057a8d11" 77984 154311
"8aa739ddc20fb2fb" 78947 88436
"d3cb6b346e48f391" 100982 14674
"bf32c4fed6a12f16" 58912 77984 153842
"a77e13716b7864a7" 14674 78947
"7c4202392bdfe891" 88436 153842 77984
"ac0efb3c308f8596" 58912 100982 78947
"fdad14f6057a8d11" 77984 14674
"6b288d55826dce82" 153842 3199
"cbee071eba548273" 154311 88436
"24ca823e906c5ecf" 78947 100982 58912
"2debb2b9df457a36" 14674 77984 154311
"6fd5cb98571277da" 3199 88436 153842
"17133e08fc68eca1" 78947 154311 153842
"3714a6fe8a59b9a9" 88436 58912 100982
"c0ea14f6057a8d11" 77984 3199
"6e4c0f0d72cd229d" 154311 153842 88436