"28c660f0de3e8fc9" 86653 168290 51514
"d5ab34abd7cbdcda" 172251 84241
"680e3a2ce00e3272" 22523 111476 171686
"c774b88385061475" 93528 144023
"c2838913e579d175" 78360 95623
"86361b252e0294ca" 2040 101475
"085352d8c276e928" 8368 88261 5190
"0dd641c11aba2b60" 109958 48917
"e08f7627ff64b2a9" 184429 66520
"f482a4655b36aa3e" 140244 81595 29523
"cc6c80887750ee9e" 4629 164622
"eddb8f29bbfaca86" 82698 61039
"b11dfa88baf754b5" 122746 37884
"44fe131474cef590" 81752 176223
"29202c068effd450" 35696 127093
"71d72988a3a49b8f" 134 120668
"76aea3ad937d22b0" 119044 8902
"2119d215194ed7fc" 47755 34262
"659bcb72e16f9c08" 111589 174600
"446e9322388d3652" 94403 121904
"ca862edd72b33eff" 24779 121904
"5fd0eb033c555d06" 121904 78360
"7e4912f4f1d3969b" 18985 51219 34262
"a4ad6517bc3c4255" 184429 48917 81595
"2ac3b0a99ec5f43b" 66520 171686 29523
"aa79031474cef590" 81752 88261
"87ca62b849b6ec5f" 95623 35696
"a4c5b82cbb05ed9a" 168290 101475
"0a422088611aeaaf" 51514 122746 172251
"daa18fb479bbcb01" 111476 120668
"388f3ef45da95406" 22523 144023
"8305149ab73c1065" 5190 140244 127093
"a19efa252e0294ca" 2040 4629
"6c66f82e55243ad4" 176223 8902
"f740d3be6f0baf79" 119044 37884 5190
"5c8e1988a3a49b8f" 134 82698
"65c3a2fef0b0ed35" 61039 109958
"896a481164cd1661" 174600 94403
"20acb320061fb5b5" 121904 81752 84241
"44779627ff64b2a9" 184429 164622
"ad3a21af1fa1dc08" 29523 8368 34262
"e7c35acd741502ac" 24779 172251 29523
"b67577da29847cd2" 101475 122746 48917
"eac01ac7a9a81dc6" 37884 127093
"f1add714fdfb7932" 92726 134 168290
"4dcbbb72e16f9c08" 111589 109958
"481bb13a7694ab92" 81595 66520
"c818f4d270b6c1f0" 4629 144023 22523
"56a5a48ac06cb032" 22277 87254 152433
"a6172f90f5a5507f" 57098 46587
"540a0958e89156f4" 31752 82032
"18e7f015322c1450" 135804 37248 65884
"e5d104b28d4a67cd" 21986 8413 4586
"38ed8824f147de28" 118320 98109 12721
"7803a27561c4e1b6" 29212 1198
"eca9a0744e40ce71" 71339 21986 104360
"450725df994b2616" 66449 111178
"94b50886912d2ae4" 32003 43628 88713
"1896bc9b5d3e2da9" 50236 159020 27104
"37b5d20184da9ecc" 163491 91391
"ce41c1e673fb528d" 25502 45305
"44853ccf54e91f6b" 35066 59194 133631
"cc176e937a80692e" 180232 40439
"6bd7f186f890b43e" 59164 8413
"da30fef3fa51c039" 87422 8026
"cd7b8c99e4bf106f" 35066 98109
"b25245f3fbd63c6c" 83989 50033 180232
"b8f88cbe6ab882ce" 32463 136293 59194
"6862887e2d9e3a86" 62497 159020
"683c1b4100d54ed9" 163491 6773 152433
"07f592be13fa8ef1" 37248 46587 104360
"17fd1ca2cf374360" 66449 91391 113596
"85f3329b76b5685e" 32463 20847 22277
"f1211958e89156f4" 31752 111178
"028c9fd6b2371f69" 98109 8026
"85cb6966a2fd9c26" 127263 32003 12721
"98d294446372e9c2" 82032 43628
"4aa6d3d01bb5dd4b" 136293 87254
"1b60c879fc581886" 71339 118320 83989
"469f9880fe4faf9a" 20847 1198 87422
"136f0b5400268b20" 29212 57098 4586
"94c645588ada5ff9" 27104 135804
"1a0a8f01a04f0a4f" 88713 133631
"6515b589362a325f" 65884 82032 62497
"49f6352fab048ff3" 25502 50236 50033
"f11380969cb444fb" 180232 6773 8413
"4524687e2d9e3a86" 62497 35066
"e5fc1feac161f811" 59194 43628 32463
"c0ba60aa5c6c230b" 152433 113596 25502
"cf2c99ad17b2b3ea" 20847 159020
"e8ca3f90f5a5507f" 57098 127263
"a988749271314769" 83989 71339 22277
"ef3ed3d01bb5dd4b" 136293 118320
"642cdccfddf40776" 163491 37248 21986
"f510edd5431609ba" 99544 187130
"728aa0eb70da775e" 14369 18085 134772
"fb7b78cd334c826a" 73482 179280
"321e5d1484f563a1" 79249 137497
"0e8a1ea551e8fc60" 116707 10796
"f18a9ba401f364e8" 31664 153865 14193
"eb53a7ac34ab396d" 42038 116454 14369
"70ac09570e5aa4b2" 43657 176172 74257
"9090a2450bfa3b18" 48067 157342 44159
"812ead0171e39ec1" 86389 183930
"a77c6547f744bf9c" 26726 9055
"1a8357530c7d89c6" 84283 29224 12125
"1ab7c8e176941084" 97954 53114
"1f44ee71d13514e5" 28950 140262
"ebcf07d4fb8a4cc7" 4953 44940
"49f702f92dfebc08" 19026 44925
"1cc594b676a387e9" 79588 18103 174953
"445f694e23a447ed" 174638 22799 2714
"c065c092ee9ff91e" 31984 106607
"b7ae465fe8e7512a" 176172 79249 153865
"2122ad0171e39ec1" 86389 134772
"cca258cd334c826a" 73482 12125
"1798ce71d13514e5" 28950 26726
"1b9f07d4fb8a4cc7" 4953 44159
"6c994419e03bb7ec" 157342 187130 44925
"9cee8ad84c81672e" 84283 137373
"bf12ba9690599d03" 74257 14193
"8c5462237142b267" 14053 53114
"7c33f8f30eba2abf" 140262 10796
"4eb074e78872d875" 186947 116707 137497
"46552be3531b31ef" 48067 179280
"0fa9000b311bdf33" 153865 10796 183930
"4bf43d8d76988fa6" 106607 79588
"98e04d5581d16a12" 18103 74257
"da9952237142b267" 14053 9055
"7fefaa9cb931ab7d" 97954 44159 153865
"5bea6547f744bf9c" 26726 2714
"d44702f92dfebc08" 19026 42038
"3a1541f2ab22f5fc" 29224 174638
"ade2e5bc99bdf7b5" 174953 99544
"6ef7ee00dd844307" 31664 43657
"ecb37fcb1f2eb26c" 14369 134772
"b4d2c589b3f7bb17" 86389 44925 176172
"dab7a73ad349f8bc" 31984 106607 74257
"04b8ee71d13514e5" 28950 158261
"5f3da59af1b5e5b2" 31664 14369 22799
"32e4bd2666d38b73" 14053 29224 18085
"29fedcee95731f52" 38948 131921
"18530470322c2293" 97773 26354 127225
"975d62e9d835eafb" 45998 131921 170869
"42a205f48a64126a" 26354 97773
"05dd1fd6cc8ad33c" 88092 131921 45998
"d0b19201077d20e9" 178278 26354
"81a62eac88defc95" 97773 127225 170869
"434364db3682bae7" 38948 45998 131921
"2db79a0df39f9df9" 97773 88092
"dfa262e9d835eafb" 45998 131921 127225
"f3c49201077d20e9" 178278 38948
"be5fbd1622eca8da" 170869 88092 127225
"97ba053465752b0f" 131921 26354 97773
"defdb14377e84804" 127225 45998 97773
"6b78ecee95731f52" 38948 170869
"72ccdef1911a61b3" 131921 88092 127225
"d94615f48a64126a" 26354 178278
"c36decbc88966db5" 88092 97773 45998
"3cb1dc2738831470" 131921 127225
"4d87d1b46fdc69f4" 26354 38948 170869
"59530eac88defc95" 97773 127225 26354
"6e28cc2738831470" 131921 88092
"869762a14625e5ed" 45998 38948 97773
"79641ae68c7d7f31" 170869 127225
"f321eeb2b609580f" 88092 178278
"cd1264db3682bae7" 38948 45998 127225
"0fc68fc2cdf8f79c" 26354 97773 88092
"8bee2f21e027ec6c" 127225 178278
"d02a972a6d74fbb4" 97773 45998 127225
"5dc3ab8aa367644c" 170869 131921 26354
"09de81e0752eac28" 88092 127225 178278
"babec5140d335e9d" 38948 170869 97773
"87edbc2738831470" 131921 45998
"c7b508576825c487" 127225 88092 178278
"adbb8a0df39f9df9" 97773 38948
"1aa5f358f5486236" 170869 26354 131921
"415aa201077d20e9" 178278 127225
"0b6998aeb5ccdb8b" 45998 97773
"4262e5140d335e9d" 38948 170869 178278
"47edf322156fc846" 19804 16475
"34de5918bdd4b15c" 14208 162390
"7b8a293187fc353e" 79365 79305
"e84f7af5daeea021" 44354 66119
"f21381abd771c9d9" 149485 118105 65452
"aa277efb38859566" 11661 15316
"b4872b76cfea9a35" 159403 115356 58675
"504efdc014425693" 83964 173004
"8b5786edd4b0c888" 167964 144782 103869
"5496a8dbe6d3a11f" 33446 141563 92519
"d23acf119901b426" 93514 106110
"be9d20a53fb7f776" 109728 81400 151786
"5d3e01aec66a4a00" 51821 114079
"4c21ae8c83b37b5e" 109731 23458 43046
"25b60d236e740ddc" 159493 5852 160912
"2adc4bab48359bf2" 45476 144865
"e07c7cf1f4477806" 121858 148743
"5e0e876c853c6052" 51599 4451 162670
"33527985f7fa99ff" 87006 65024
"b006d314218f7e59" 109731 159493 33446
"1643991199b259bd" 109728 173004 115356
"f6d03881c91a53b3" 15786 81400 15316
"b7c68d993c7e2c03" 141563 51599
"024a8efb38859566" 11661 93514
"a31ef0b0cb02cd6f" 5852 4451 162670
"6dd7044fbc075c57" 65971 144782 65452
"41b1293187fc353e" 79365 43046
"d45e826dfd2fe137" 144865 58675
"3ddc0cfb07e2253a" 79305 92519 87006
"dd1fddc014425693" 83964 45476
"41579dc41301d9df" 149485 167964 151786
"00a5f291c4f44bd2" 148743 121858 106110
"882fc33ed1fa67f7" 51821 23458 160912
"f851247862c025cc" 16475 44354 118105
"87ca8d453ed54374" 135097 159403 114079
"4bdecfe8023e670f" 19804 103869 162390
"5cde4079d21a17d9" 14208 79365 141563
"3e96ebcef81546af" 79305 173004 11661
"0c6cd6d244339306" 144782 66119 87006
"24eb46edf29a010f" 33446 45476 51599
"481cbdd5d4a82bc1" 159493 93514 65452
"1952b11b77c36c3b" 15786 109728 162670
"66ad18103607874b" 167964 92519 43046
"177c9c7b91cc657b" 83964 144865 114079
"989bc39d03e97e9f" 44354 5852 121858
"364714e9d18a0b8f" 65971 16475 160912
"b749456defb17ab3" 79305 51599 106110
"9f7a6d5e23b69c79" 85726 73781 125617
"e484e31adf0ba44e" 9453 102315 35617
"9588cdc618676708" 76197 167499
"78dd2c4cd403dc96" 78041 159413 22924
"7370767b91cb4680" 41212 131582
"af5e87dd250d0f05" 1692 135073
"f7a6aed797224453" 47997 74361
"597d2b6527c41709" 154643 10470 138899
"c9f1c93d2f484b57" 26912 34871 88872
"5c0dcc07e8e40bc9" 183127 114733
"655eabe25bb26433" 152291 174960 36226
"3be6cb0e1d7d0c75" 125580 43306
"7e68385ba36d5cec" 79623 78431
"c786bcd80d46aa32" 11676 186147
"00cfa8dc1e2d3695" 66923 174948
"e1db715df41bac56" 94043 12114
"f14b8101aba2ca82" 131925 24609
"abb71d9c38e51c1a" 84597 99100
"9b9e1837ada45f3e" 10458 55994
"17e746f98c412873" 159413 138899
"651d3351b71014d5" 96118 66923
"d0fc228ba3beae93" 85726 10458
"9313f44af98c274e" 135073 78431
"e1ed88dc1e2d3695" 66923 36226
"0bc9283659e26b59" 74361 99038
"1f1eeb685dc2ab17" 174948 174960
"68e1eca46adf228a" 73781 88872
"2bff68190c21fb75" 9453 41212
"d01d15c6cb9fd1e4" 26912 35617 34871
"5dda9349fe7703b4" 152291 24609
"41e3cbea4708175e" 125617 102315 10371
"4724360cce4bcd94" 125580 22924 186147
"bc8f042e3ca9091b" 10470 154643 84597
"b76308fdee88917b" 131582 28584
"2008681bbab3ea09" 11676 12114 138899
"86783351b71014d5" 96118 47997
"29792ae1dc1a52b1" 114733 1692
"ead301fd3d114d89" 55994 85726 131925
"833aadc618676708" 76197 43306
"92ee46f98c412873" 159413 167499
"d4839ce4b077c706" 78041 99100 183127
"8a026ae59730bf5d" 174960 159371
"97081b997a2e748e" 78431 74361
"d5bcd05ed2c84111" 66923 85726 102315
"d009cb685dc2ab17" 174948 22924
"81f893aa6b0e3333" 10458 186147 99038
"fb6a160e34cd50ea" 154643 94043 125580
"7931686fd9e7e58c" 159438 94772
"b007cb0920bf450c" 184343 81420 24055
"ca324ea4bc591b04" 150704 29007
"22f59a2e511f9d4c" 57927 2138
"eb449d27420527df" 12629 72384
"506ce78f46d3d4a4" 17518 41858
"b623e2925577e645" 94784 37822
"375e8f89623a5b74" 23956 108807 180187
"96ba4e838bed27bc" 10118 150190
"90558229134eea4d" 51545 133377 99250
"c230c5b2c5eacb71" 46898 177077
"71c14c41a59f054e" 27342 175796
"cf50118797aadcde" 84315 58928
"830efcdfa141ee59" 76077 47682
"feceb53124f02b19" 45143 64343
"c7f4db65d272e8ac" 110962 146117
"95e84069c2124fee" 187151 103273
"be117d6ec6343542" 94242 49732
"58ac3e5097df3dd0" 10118 71729 13193
"f15b959ca5f17704" 31535 121944 8023
"6686acd542e57229" 188266 184343
"88c8251fe202b39f" 72384 175796 180187
"e8c2493fd898c5d9" 41858 108807
"b60a564bc583e34c" 76077 24055 94242
"97fbb270552b5a40" 103273 71729 94242
"f170aa2e511f9d4c" 57927 45143
"7c67b21429463b33" 81420 37822
"8d35e78f46d3d4a4" 17518 12629
"38d07a617be54c8a" 109219 187151
"5d07ada94d7a0ab2" 159438 94784 27342
"e0c9b46e1d8ec5af" 10118 41858 177077
"7a29212bf653d059" 51545 184343 99250
"112d89ccdbaecb63" 108807 13193
"a1f79a55161038af" 150190 64343
"ea27bb65d272e8ac" 110962 24055
"954f7c06e05bf2e7" 137290 133377 103273
"6b9ee11f2cf0f24e" 23956 146117
"126911f9c767deb8" 80996 94772 150704
"fecfae11fe127ee2" 2138 121944 49732
"32f3018797aadcde" 84315 8023
"9135f94bd5fad3ef" 137290 188266
"691c9a2e511f9d4c" 57927 27342
"ebd1be5a9264de59" 46898 29007 58928
"5f52f6a9c202e9da" 47682 150190
"8a9a0ddfa141ee59" 76077 99250
"0ea187364468bef1" 29007 103273 180187
"2eeb266992461fcc" 17518 31535 121944
"e35a868cca750c1a" 159438 110962 76077