34
385
393
542
561
1270
1291
1462
1470
1555
1636
1692
1978
1992
2477
2521
3199
3466
3833
4374
4393
4698
5164
5170
5278
5774
5839
6262
6781
6986
7083
7298
7699
7956
8319
8592
8777
9183
10038
10221
10226
10246
10850
11039
12117
12498
12505
13024
13182
13324
13379
13492
14248
14274
14275
14674
16501
16649
16871
17695
18003
18315
19179
19519
19599
20297
20304
21926
22051
23171
23391
24232
24362
24781
25145
26453
26495
27142
27252
27281
27844
27900
29144
29980
30453
30964
32125
32174
33256
33452
33549
34059
34506
34835
35330
35561
36252
36442
36447
36779
37670
37931
38748
38971
38993
39031
39044
39374
39570
39719
40836
41720
42027
42177
42421
42480
44223
44283
44450
44943
44960
45155
45319
45991
46444
46573
47104
47217
48486
49028
49443
50243
50774
50838
51397
51870
51877
52054
52351
52664
53280
53851
53911
54085
54756
55178
55461
55525
55589
58247
58279
58296
58746
58912
59354
60398
60829
61159
62332
64621
65114
65761
65787
66062
66125
66366
67112
67496
67710
67829
67842
67884
68583
69696
70695
71235
71344
71384
71479
71747
71756
71767
71791
72440
72597
73076
75234
75253
75996
76957
77472
77758
77984
78083
78219
78464
78479
78947
80723
80758
80783
80793
81720
81779
82206
82554
82796
83116
83198
83206
83619
83871
83888
83974
84265
84388
84935
85024
85051
85085
86568
86649
86889
87254
87728
88436
89268
89356
89498
89695
89754
90102
90890
91315
92729
93419
94755
94970
95295
96126
96144
96646
96956
96986
97023
97091
97940
98647
100682
100982
101732
102267
102384
102679
103199
103841
105106
105209
105279
106747
107870
108335
108387
109738
109915
110394
111175
111320
112273
113417
113433
113733
115583
116258
116522
117710
120743
120970
121222
121530
121533
122437
122457
122771
123204
123259
123455
123821
124098
125593
125980
125997
126082
126687
126939
127239
127928
127987
128198
128459
128524
128692
128806
129000
129863
129954
130735
131149
131200
131362
131727
131791
132189
134186
134219
134222
134260
134651
135064
137473
137502
137776
138203
139054
139307
139397
140097
140801
141272
142861
143944
144333
144870
144879
144970
146060
146178
147029
147553
149319
150385
151059
151970
152430
153165
153842
153862
153874
153884
153889
153936
154202
154278
154311
155155
155181
156699
156974
156994
157316
157342
157437
158185
158275
158295
158817
159418
159434
159494
159552
162393
162510
162631
163476
163753
163762
164326
164854
165046
165550
165687
165843
165864
166221
167931
167971
167981
168127
168202
168254
168284
168342
169593
173190
174666
174976
175740
176454
176889
176932
177037
177414
177596
177771
178137
178256
178414
179282
179531
180397
180749
180923
181205
181291
181729
181798
182492
182562
183677
184082
184112
184556
185704
185950
186683
186995
187364
187558
187717
187929
188194