46
134
1198
1692
1745
1954
2040
2138
2307
2714
4430
4451
4586
4629
4953
5190
5852
6761
6773
7619
8023
8026
8368
8413
8757
8902
9055
9428
9431
9453
10118
10371
10458
10470
10507
10552
10796
11661
11676
12114
12125
12198
12414
12629
12721
13171
13193
13662
14053
14193
14208
14369
14418
15316
15499
15786
16344
16475
16646
16888
17518
17895
18085
18103
18597
18985
19026
19804
20847
21986
22212
22277
22523
22799
22924
23458
23956
24055
24609
24779
25141
25356
25502
25931
25941
26354
26726
26793
26912
27087
27104
27342
28006
28584
28950
29007
29152
29212
29224
29280
29523
31535
31664
31752
31984
32003
32317
32463
32893
33446
34262
34871
35066
35143
35617
35696
36226
36635
37238
37248
37285
37822
37884
38948
39054
40439
40729
40765
41212
41376
41858
42038
42194
42266
42269
42277
42616
43046
43133
43243
43306
43628
43657
44159
44354
44732
44925
44940
45143
45168
45305
45471
45476
45483
45998
46587
46755
46898
47682
47755
47997
48067
48698
48917
49077
49732
50009
50033
50236
51219
51233
51514
51545
51599
51821
53114
54274
54386
54830
54949
55788
55994
57098
57927
58281
58295
58675
58928
59026
59080
59083
59164
59194
61039
62497
62583
62863
62997
64343
65024
65452
65884
65971
66119
66449
66520
66568
66923
67375
68666
69659
69879
71339
71469
71713
71729
72384
73199
73482
73781
74257
74361
76077
76197
76918
78015
78041
78360
78431
79147
79249
79305
79365
79588
79623
80257
80817
80996
81400
81420
81456
81492
81595
81752
82032
82698
83964
83989
84241
84283
84297
84315
84597
84741
84836
85010
85726
86389
86653
87006
87040
87254
87422
88091
88092
88261
88713
88872
90999
91391
92519
92726
93514
93528
94043
94242
94403
94772
94784
95623
95884
96063
96118
96379
97477
97551
97773
97954
98109
99038
99100
99243
99250
99544
99896
100562
101475
102298
102315
103273
103869
104360
105688
106072
106110
106607
107966
108702
108807
109219
109728
109731
109958
110454
110962
110997
111178
111476
111589
113178
113596
114079
114733
115070
115356
116231
116454
116707
117079
117530
118105
118320
119044
119318
119330
120668
121858
121904
121944
122746
124960
125580
125617
127093
127225
127263
128459
128607
128623
130259
130393
130759
130960
131582
131767
131921
131925
132100
132857
133377
133631
133993
134028
134356
134772
135073
135097
135268
135334
135804
136293
136579
136675
137290
137373
137497
138343
138899
139596
140244
140262
140665
141492
141563
143980
144023
144749
144782
144799
144865
145446
146117
148743
149092
149485
150190
150704
150895
151786
152045
152291
152433
153136
153332
153402
153518
153865
154291
154643
155195
156376
157342
158261
158276
159020
159371
159395
159403
159413
159438
159493
160912
162390
162512
162670
163491
164622
165042
165642
165665
167499
167964
168290
168502
169093
170772
170869
171272
171686
172251
173004
174600
174638
174948
174953
174960
175493
175796
176041
176172
176223
176864
177077
178278
179280
180187
180232
183054
183127
183130
183930
184343
184429
185807
186147
186685
186947
187130
187151
188194
188266