67
107
149
163
167
338
396
587
842
1080
1355
1662
1747
1880
2069
2180
2532
2561
5164
5757
6619
7253
8984
9192
9351
9457
9474
9891
10027
10285
10421
10447
10477
10548
11507
11681
11764
12131
13031
13163
13889
14264
14424
14797
15035
15346
15723
15777
15833
16638
16656
17157
17944
18521
19553
19594
19631
19684
20753
21868
22371
23695
23890
25119
25303
26163
26369
26383
26451
26461
26663
26763
27116
27172
27247
27351
28257
28270
28623
28712
28963
29333
30598
30699
30866
31141
31404
31704
32507
32721
33452
33478
33847
34510
34988
35082
35655
37134
37209
37731
37967
37996
38113
38775
40868
40902
41591
41628
41769
41864
42164
42184
42243
42274
42346
42377
42435
42466
42509
44198
44371
45793
45956
45963
46290
46969
48459
48494
48737
49039
49420
49822
50085
50219
50781
51148
51860
51881
53125
53177
53217
53345
53582
54191
54763
54884
55555
55569
55700
55720
56540
56891
57085
57291
57363
58251
58548
58793
59670
60297
60318
60390
60465
60848
61018
61104
61132
61311
61359
61671
61850
62072
62534
63400
63618
63712
63942
64330
64359
65438
65526
65780
66091
66138
66351
66997
67076
67132
67808
68385
68966
69091
69288
69525
69669
71001
71097
71260
71286
71373
74775
75299
75451
75483
76929
77769
78123
78783
79482
79708
80369
80765
80767
80921
80934
80938
82032
82816
83856
83948
84294
84947
85002
85163
85283
85499
86024
86655
86666
87656
87680
88089
88452
89540
89777
90331
90789
91456
92112
92362
92689
92888
93284
93764
93847
93943
94772
95453
95733
96025
96542
97676
98407
98646
98875
99269
99898
100571
100774
100845
101782
101930
104540
104551
105668
105734
106017
106184
106272
106927
107170
107829
108494
109151
109236
109591
109850
109910
110766
110896
111571
111585
111605
112756
112935
112976
113064
113594
113853
113887
113950
114200
114483
114623
115859
115907
117439
118537
119213
119291
119520
119671
119727
120208
120579
120691
123524
123614
124062
124126
124296
124788
125409
125589
126311
126547
126927
127747
127976
128233
128564
128631
128835
129105
129949
129978
131149
131340
131921
132125
132550
132565
132841
133087
133210
133498
133867
134120
134421
134652
134833
134893
135498
136218
136774
136808
136856
136868
137169
138636
139212
139294
139642
140222
140374
140666
140843
141041
141272
142034
143394
143527
143682
143968
144409
144829
144892
146818
147091
147581
147642
147686
148728
149845
150469
151854
152068
153162
155184
155194
155268
155877
155934
156041
156044
156710
156714
157003
158249
158551
158943
158967
159423
159925
160005
162853
163134
163164
163568
164580
164861
164884
165068
165450
166518
167743
167980
169096
169205
169447
169915
170358
170732
170952
170960
171013
171241
171277
171521
171679
171684
171686
172157
173242
173496
173558
174774
174961
175617
176209
176215
176221
176236
176622
177406
178230
178256
178818
178967
179293
180397
180641
181057
181313
181959
182037
182066
182542
182550
182572
182693
183597
183641
183683
183948
184271
184416
184567
184598
186195
186657
186938
188242