"42e6e92741eb28d5" 17 95 1342 20465 667 18670 504 13 553 20204 1052 66 1934 446 20 20466 113 4 7924 -1 -1 0 0 0 0 9 9 8 7 7 6 5 2 5 4 0 0
"788122f3d0341449" 16 20467 6396 4828 20468 13 553 11484 600 171 113 305 13 160 161 162 4 7925 -1 -1 0 0 0 0 8 9 7 7 7 7 4 3 6 3 0 0
"ed65d9e16c470cf0" 34 5580 6490 174 4400 134 20469 13 553 76 150 36 3867 1549 188 4403 1315 13 553 102 1552 20470 18987 9012 13 553 95 154 150 193 151 195 196 13853 4 7926 -1 -1 0 0 0 0 9 8 8 6 7 6 4 4 6 5 0 0
"d18a1b6bdecb89a4" 33 87 61 95 340 38 388 357 17962 13 553 188 61 410 1069 777 3125 13 553 150 36 1995 4828 39 9897 13 553 4330 20471 20472 134 457 1094 4 7927 -1 -1 0 0 0 0 9 9 8 7 7 9 5 3 4 4 0 0
"bab9f1c7f08f3c87" 17 953 297 359 432 20473 20471 95 13 553 547 10255 20474 6907 10257 1837 10258 4 7928 -1 -1 0 0 0 0 8 8 8 6 6 7 6 1 4 3 0 0
"9af5f022223cd555" 41 171 12893 499 1328 188 305 13 553 18347 357 297 20 16014 3951 11861 347 668 13 553 20475 5640 2 66 7054 1331 13 553 95 150 36 1716 13 95 61 171 845 134 6849 1842 20476 4 7929 -1 -1 0 0 0 0 9 9 8 7 7 9 4 7 8 7 0 0
"a33677d154212b44" 18 974 1399 95 1342 61 20477 13 553 547 61 171 8709 2 1109 13840 2700 934 4 7930 -1 -1 0 0 0 0 9 8 8 7 7 6 5 3 4 5 0 0
"727f6b3c5b95905b" 22 171 2534 939 13 357 5260 373 150 13 553 2601 12049 12050 13 357 66 13017 373 9919 6338 20478 4 7931 -1 -1 0 0 0 0 9 9 8 6 7 9 5 3 5 5 0 0
"f095c51c9ed271c3" 39 507 5337 13 2 721 13259 731 13 553 188 12988 20479 20 20480 13 2 2652 720 34 26 953 297 20 20481 13 553 41 26 9048 2 1601 102 34 20482 8812 134 61 1093 4 7932 -1 -1 0 0 0 0 9 8 8 7 7 8 5 2 4 5 0 0
"d00d427c1f7e98b6" 20 3972 1947 5822 5823 5824 20483 609 13 553 1303 10776 10893 286 421 10302 835 7749 20484 609 4 7933 -1 -1 0 0 0 0 9 8 8 7 7 8 4 3 4 4 0 0
"f6a9d02291e05f38" 27 787 7329 877 20485 23 170 13 553 1549 1071 417 2536 150 305 2797 2511 13 1007 1342 20486 20487 454 660 20488 4 68 13 7934 -1 -1 0 0 0 0 9 9 6 7 6 7 5 4 5 4 0 0
"70bc383acffb1d5d" 31 191 7231 7113 14957 14958 13 553 66 347 36 20489 13 113 3313 61 415 297 2 20490 4153 1882 146 1043 13 553 1071 3405 171 18924 9048 4 7935 -1 -1 0 0 0 0 9 8 6 7 7 7 5 5 5 4 0 0
"2832397f759edab2" 38 1498 61 8410 13 2 15405 19381 13 553 2 596 2204 150 36 457 890 1450 4 553 357 66 3503 93 13485 2 1071 347 20491 13 553 171 3358 61 457 171 1643 2047 4 7936 -1 -1 0 0 0 0 9 9 7 7 7 7 5 3 5 4 0 0
"059344febb04f2a4" 29 347 304 13157 499 2888 13 553 532 18788 6858 6859 6860 13 2 326 7572 20492 13 553 10708 588 1785 305 7549 6521 18012 4 68 13 7937 -1 -1 0 0 0 0 8 6 5 7 7 8 5 4 5 5 0 0
"15193121e8e7cbe3" 16 14693 23 499 3313 20493 13 553 357 4641 113 1923 20494 61 737 20495 4 7938 -1 -1 0 0 0 0 8 6 5 6 6 7 5 3 5 4 0 0
"0b4b19207dc1247e" 28 20496 5557 20 7425 940 13 10432 17763 87 113 20497 553 4872 777 4873 13 979 4874 4875 13 357 150 463 171 20498 20499 3929 4 7939 -1 -1 0 0 0 0 7 9 8 7 6 5 3 1 2 3 0 0
"f49fd0b5c3a47fb8" 20 482 61 373 20500 5256 13 1806 1297 1029 1920 553 5674 20501 13 1778 4400 20502 12541 20503 4 7940 -1 -1 0 0 0 0 6 8 7 6 7 4 2 7 5 7 0 0
"3f4494592b381782" 20 10055 20504 3610 13 41 12779 150 330 12815 553 20505 2382 2384 13 504 763 2200 20506 20507 4 7941 -1 -1 0 0 0 0 7 5 6 5 3 7 2 6 4 3 0 0
"b98f532e8a999e33" 20 95 1342 61 8410 13 16625 19802 357 136 553 357 4339 20508 7494 13 2 20509 5408 20510 4 7942 -1 -1 0 0 0 0 6 8 6 5 4 5 2 3 4 5 0 0
"2377a467e2ae36e5" 24 134 102 373 1122 20511 13 20512 373 660 553 4872 777 4873 13 357 171 4874 4875 13 93 3929 20513 660 4 7943 -1 -1 0 0 0 0 7 8 7 6 7 5 4 2 3 3 0 0
"a5cecf0a162d1fd9" 22 102 61 13898 13 330 347 20514 5881 553 547 171 8709 13 1537 3735 13 87 20496 457 939 940 4 7944 -1 -1 0 0 0 0 8 6 6 7 7 4 2 5 6 6 0 0
"1888e9399f286d25" 16 95 154 150 5769 20515 13362 553 6564 20516 4339 13 20517 20518 20519 20520 4 7945 -1 -1 0 0 0 0 7 5 5 5 4 6 3 2 3 4 0 0
"416fb04425d6e315" 25 188 4403 1315 102 13 357 1043 2333 2652 61 553 774 892 1496 388 357 2090 13 95 20521 150 36 3221 12501 4 7946 -1 -1 0 0 0 0 5 7 6 6 5 4 3 2 4 5 0 0
"6e08061444223798" 19 361 410 1674 171 2534 1007 20522 553 357 20019 13 66 788 14484 1071 20523 20524 3901 4 7947 -1 -1 0 0 0 0 6 6 6 4 3 3 4 6 5 5 0 0
"227c4d9517bd400c" 24 188 61 410 1069 1825 628 102 25 108 553 14693 13 357 150 18728 13 3358 1122 7214 357 20525 20526 524 4 7948 -1 -1 0 0 0 0 5 6 5 4 4 4 3 3 4 3 0 0
"ff05b0985f5ec179" 25 191 10255 10256 6907 10257 10258 13 87 388 353 20527 1617 553 35 6659 337 200 13 667 6025 20528 1552 20529 20530 4 7949 -1 -1 0 0 0 0 7 7 5 4 4 4 3 3 4 3 0 0
"1f7e44dc17ca3b3c" 21 20475 13 5217 5913 13 2 87 1854 297 553 1071 20531 20532 13 11484 13 66 372 171 434 4 7950 -1 -1 0 0 0 0 6 6 7 6 6 5 3 2 3 4 0 0
"a943aa264d17dcb7" 21 20533 13 20534 5709 13 2 1577 20535 553 188 6859 20536 13 2 66 4366 349 5141 20537 3838 4 7951 -1 -1 0 0 0 0 6 7 6 7 6 3 7 2 6 4 0 0
"2ed3dd5f3532cbe9" 26 66 347 1328 353 305 188 3406 13 2 504 371 553 787 7329 877 13 20538 7031 13 28 347 304 13157 47 2888 4 7952 -1 -1 0 0 0 0 8 7 7 7 6 4 2 3 5 6 0 0
"d3ff08f1a2dc36ac" 26 2978 357 6377 61 5889 20539 13 357 1498 61 8410 553 20 20540 20541 13 2 2601 1122 20542 13 1580 23 20543 457 4 7953 -1 -1 0 0 0 0 7 6 5 6 5 3 2 5 4 5 0 0
"8fc0075b06cfa74b" 27 150 286 18939 6864 13 6615 20494 20544 20545 13 553 7231 6436 4356 14957 20546 1204 553 5292 687 36 357 16263 1016 3021 61 16264 7954 -1 -1 0 0 0 0 4 5 5 5 6 3 2 1 1 1 0 0
"f8533467085ba961" 46 113 20547 9751 5580 6490 134 1717 20548 20122 13080 13 553 95 154 150 9332 936 1464 36 195 196 20549 7102 20550 13 553 61 95 340 38 515 388 1967 8798 2 20551 359 89 5882 13 23 20552 20553 2 20554 113 7955 -1 -1 0 0 0 0 7 6 5 5 6 6 5 1 1 2 0 0
"ff1ae712418d12a7" 53 347 441 4638 87 963 13 20555 1874 3009 61 13 553 6787 4415 547 61 3472 2135 38 1015 19901 20556 8188 553 20557 146 35 93 2578 188 61 410 1069 2852 6477 1698 2200 110 553 34 93 8940 53 13 191 20558 20559 451 18510 2 6846 20560 2094 7956 -1 -1 0 0 0 0 5 5 5 5 4 1 1 1 5 3 0 0
"7a28a5eb4218f753" 54 13256 3912 6729 2 20561 96 357 13 553 20562 20563 2356 524 20564 20565 20566 372 963 13 956 23 1232 20567 13 553 7989 20568 13 20569 974 3307 106 150 417 305 4 3093 20570 2824 13005 20571 13005 3093 20570 38 1509 33 20572 35 1109 1110 373 2871 110 7957 -1 -1 0 0 0 0 5 4 6 5 3 2 5 1 1 2 0 0
"50957e5dc03e3fda" 47 125 20573 20574 6633 20575 20576 13 20577 13 553 66 23 20578 20579 160 161 162 13 553 20580 13 449 7123 297 20581 18645 13 553 20582 93 20583 357 7123 5771 13 553 6836 191 20584 774 18789 13 1481 347 1188 7235 4875 7958 -1 -1 0 0 0 0 3 4 2 5 3 3 4 1 1 3 0 0
"084459be3bb542ee" 38 435 2100 20585 2862 171 20586 13 499 3042 13 553 835 15159 6591 13 347 7428 3497 6790 1071 20587 2100 20588 20589 20590 13 18940 5525 359 20591 20592 16511 5140 6258 20593 20594 68 13 7959 -1 -1 0 0 0 0 6 6 7 6 5 4 4 3 2 2 0 0
"d4b75fc78a73ba6e" 52 1071 20595 9733 6890 41 11034 5525 13 5140 20595 6111 20596 110 553 7989 20597 174 191 372 20598 20599 13 20600 1113 13 20601 61 20602 1534 102 20603 13 553 20604 20605 20606 20607 20608 553 20609 20610 20611 1664 20612 20613 20614 323 1923 1122 20615 1588 110 7960 -1 -1 0 0 0 0 6 7 8 6 5 3 4 2 2 3 0 0
"25d91ad7d1e98803" 68 1319 13868 1580 171 1218 20616 20617 20618 20619 61 13 66 294 20620 61 1710 191 347 2902 13 297 4103 20621 20622 20623 20624 20625 11064 13 553 93 10071 20626 188 20627 13 20628 20629 20630 13 1319 188 20631 20632 347 1667 20633 61 13 553 20634 20635 20636 20637 23 20638 13 1549 2887 20639 13 847 499 18169 2067 8451 20640 20641 7961 -1 -1 0 0 0 0 7 7 8 6 5 2 2 2 2 4 0 0
"b29295999c535412" 38 23 20642 20643 20644 95 13 10809 20645 20646 20647 13 553 4211 66 372 13 1806 417 20648 20649 504 4434 20650 1148 13 553 772 20651 20652 2652 20653 13 20654 1013 6576 6930 538 20655 7962 -1 -1 0 0 0 0 7 6 7 5 4 3 3 1 3 1 0 0
"4befb79b419c0a42" 72 66 3972 1947 20656 609 5823 5824 5825 13 553 8107 20657 20658 3307 20 330 20659 347 1817 13 553 20660 87 2 87 939 940 5501 20661 3939 20662 13 347 93 1487 13 553 499 15198 188 305 357 19077 20663 113 13 20664 13 553 1947 20665 1442 467 20666 61 12202 27 20667 20668 20669 47 20670 20671 20672 20673 20674 13 20675 20676 20677 357 20678 7963 -1 -1 0 0 0 0 6 5 6 6 4 3 3 2 3 1 0 0
"3ce591397aaf119e" 68 20679 20680 20681 20682 20683 1580 134 712 13 7490 20684 20685 13 553 1669 6785 6786 6787 4415 13 20686 20687 6561 1817 66 17940 1517 6612 13 2785 20688 20689 47 4638 20690 2385 13 553 20691 20692 20693 4899 13 452 20694 20695 125 1043 1038 13 553 41 150 146 12779 36 330 1157 3797 13 61 20696 5889 297 20 20697 20698 467 7964 -1 -1 0 0 0 0 3 3 2 7 4 2 3 2 2 1 0 0
"2eb4c56a9494ed24" 64 20699 20700 20701 3935 20702 20703 13 20392 1246 14839 13 553 23 20704 20705 171 20706 13 667 18670 20707 4337 326 13 553 20580 13 1890 1821 19901 20708 19734 13 17967 20709 13 553 1042 20710 20711 150 7977 20712 13 20713 1929 1033 20714 20715 1250 2002 20716 482 14536 113 796 20717 20718 13 14791 20719 3478 8626 20720 7965 -1 -1 0 0 0 0 4 4 3 5 5 4 4 2 3 2 0 0
"4fe5efe7bda3d951" 28 180 180 5555 974 1399 13 20721 20722 20723 20724 47 4730 482 61 20725 13 553 20726 20727 55 676 13 251 55 20728 20729 20730 20731 7966 -1 -1 0 0 0 0 5 2 3 4 2 2 3 2 2 2 0 0
"a67a4cd430f2e990" 25 787 7329 877 1109 3610 13 9717 2 8676 20732 13 553 7325 367 20733 13 2 12676 367 20734 13 11484 341 16140 2247 7967 -1 -1 0 0 0 0 5 5 6 7 7 6 4 4 3 7 0 0
"10712b6cb1e66f78" 28 35 2204 20735 13 35 20736 13 675 20737 3032 20738 9055 553 10848 7053 61 113 4906 13693 13 932 5580 6490 174 10207 20739 18667 1091 7968 -1 -1 0 0 0 0 7 4 5 6 4 2 2 2 6 3 0 0
"3698b276ec70a1ad" 23 983 1052 106 34 12157 305 13 713 20740 61 3405 367 553 4447 6561 13 34 26 297 722 18 359 20741 7969 -1 -1 0 0 0 0 10 8 8 7 9 6 3 4 7 4 0 0
"7e84970169f53a2c" 31 357 1602 20742 188 20743 330 12531 13 553 347 20735 2443 136 367 13 16730 347 20744 2 14688 20745 23 20746 11067 13 13489 1165 20747 9655 1737 1121 7970 -1 -1 0 0 0 0 8 9 8 6 9 5 5 3 5 4 0 0
"ee947540495bddf6" 25 150 857 13 20748 367 20749 13 553 720 1052 6290 1817 20750 13 664 665 666 737 13 150 4505 803 7521 4337 2439 7971 -1 -1 0 0 0 0 7 9 7 5 6 8 6 4 4 4 0 0
"4cb408ffca30dd2e" 19 113 1651 7678 621 13 25 20751 13 17160 553 10686 7159 628 704 13 3372 7159 20752 20753 7972 -1 -1 0 0 0 0 6 7 7 6 4 8 5 3 5 6 0 0
"892c381ce9d1a4a0" 31 5962 5963 3906 1123 20754 13 7958 113 347 20755 20756 13 3302 18005 20757 13 553 17945 17946 20758 13 93 19236 150 388 4007 20759 2340 184 20760 4 7973 -1 -1 0 0 0 0 4 5 4 3 2 2 10 9 2 7 0 0
"71a08579b8416041" 25 6863 9151 20761 13 61 6863 9066 188 9067 553 113 607 5304 799 13 20762 20763 20412 20764 13 357 18330 845 20765 4 7974 -1 -1 0 0 0 0 5 4 6 5 3 5 6 8 2 8 0 0
"9bd7dbc03f232bb5" 28 61 8215 20766 13 713 34 2 10302 188 20767 13 553 191 20768 20769 3302 313 13 3802 796 532 188 573 2 2546 636 20770 4 7975 -1 -1 0 0 0 0 8 7 6 4 7 5 7 2 9 4 0 0
"66a4805312c62aca" 30 2 20771 2724 13 191 20772 1664 722 326 20773 20774 553 2 607 2874 125 20775 13 1016 20776 20777 13 2 20778 20779 170 20780 13 7329 20781 7976 -1 -1 0 0 0 0 6 7 8 5 4 5 7 6 3 7 0 0
"c2315f2d63cc55d8" 15 9655 1737 1121 297 20782 3089 13 553 33 1047 2104 967 2105 2106 20783 7977 -1 -1 0 0 0 0 7 8 9 7 6 8 5 3 4 6 0 0
"885f8e175ebfd740" 21 35 151 20784 847 13 412 20785 20786 20787 553 621 9127 13 888 20788 888 20789 7584 1043 20790 3722 7978 -1 -1 0 0 0 0 4 5 5 5 6 8 7 9 6 9 0 0
"7299e0dd1ff72c76" 28 20791 20792 9664 13 6475 2087 13 347 6858 20793 146 20794 553 13477 13478 13479 61 6173 1109 20795 13 553 150 151 8375 1993 8376 8377 7979 -1 -1 0 0 0 0 8 7 7 6 4 8 6 4 4 6 0 0
"40639b94ed8cd82d" 33 2251 320 2 7557 13 25 34 20796 41 171 20797 3038 188 14484 553 2 1151 3459 11068 1988 1842 20798 20799 1622 20800 20801 16483 16483 17652 55 124 68 13 7980 -1 -1 0 0 0 0 0 0 0 0 0 0 0 0 0 0 0 0
"4b2d41a4af8131f8" 34 357 1602 4414 2284 20802 5599 1173 20803 553 1043 2093 191 1420 1213 13 87 15243 2 1182 9340 1964 13 553 347 11437 11438 2700 384 6791 20804 13 20805 320 2 7981 -1 -1 0 0 0 0 4 6 7 6 5 6 3 3 3 6 0 0
"038a41e04fd9c8d9" 16 3115 4058 2 1651 18122 13 553 4605 590 1071 433 384 13 1069 6612 4 7982 -1 -1 0 0 0 0 9 8 7 5 6 7 3 4 5 6 0 0
"f213bfafd3c77877" 20 20806 11988 8867 4715 13 553 357 2652 20807 367 1071 574 55 553 150 1641 93 731 737 4 7983 -1 -1 0 0 0 0 8 7 8 6 4 6 3 4 6 6 0 0
"058321b3c4e502eb" 32 1 61 171 7013 13 4107 200 20808 4576 13 553 3747 61 1207 305 2720 6302 14100 13 553 1071 3477 3478 20809 87 13 38 15197 150 342 689 4 7984 -1 -1 0 0 0 0 7 7 6 5 6 3 5 4 6 6 0 0
"33d9ea8941389f6c" 24 15418 15419 3764 1800 13 553 499 600 4729 1293 436 171 20810 13 553 3497 3498 13 357 3313 20811 774 20812 4 7985 -1 -1 0 0 0 0 8 7 8 8 7 4 5 3 6 5 0 0
"227431b8ed02e2b3" 19 20813 20814 5625 728 20815 13 553 7040 3939 7041 20816 116 20817 4862 20818 3514 1071 20819 4 7986 -1 -1 0 0 0 0 7 6 6 6 6 7 5 4 6 5 0 0
"f6342aef93bb61be" 20 28 25 20820 13 3635 1033 171 11967 154 13 553 624 20821 4093 13 191 999 305 9048 4 7987 -1 -1 0 0 0 0 9 7 8 7 7 7 4 3 7 5 0 0
"96b36aa7707e8459" 21 13804 20822 20 2859 4103 7943 13 20 20823 8062 13 553 357 15421 15422 20824 20 93 20825 20826 4 7988 -1 -1 0 0 0 0 6 7 6 5 6 5 4 6 4 3 0 0
"b0e5aeeeec409290" 31 1990 87 20827 672 13 1488 20828 10812 20829 986 553 113 1651 13 38 16017 38 5381 13 191 171 798 20830 20831 13 191 11302 55 18523 2777 4 7989 -1 -1 0 0 0 0 7 8 7 6 6 7 6 5 7 6 0 0
"b0a13866ae5220e7" 31 5551 17625 2 402 772 87 3909 13 553 2104 967 191 20832 20833 13 1122 20834 457 20835 13 553 66 4605 590 20836 20837 41 171 10275 20838 4 7990 -1 -1 0 0 0 0 7 9 8 7 6 6 6 4 8 6 0 0
"b7f8253e39071550" 29 721 1043 15242 355 13 553 8541 53 748 1862 14155 13 553 17160 13 347 20839 417 330 13 87 723 481 4110 20840 20841 2 20842 4 7991 -1 -1 0 0 0 0 8 6 7 6 6 3 4 5 5 5 0 0
"65c709810ababffc" 39 3948 2724 20843 13 553 357 20844 171 20845 20846 20752 1556 61 20847 15618 5256 19135 20848 20849 7675 20850 1408 20851 17652 1881 20852 20853 13 520 20854 20855 20856 2 20857 20858 20859 1038 1038 4 7992 -1 -1 0 0 0 0 0 0 0 0 0 0 0 0 0 0 0 0
"766c87826745ea45" 24 1071 20860 13 113 2652 20861 13 621 9127 13 553 2 607 2874 125 2870 13 20 20862 20863 20 5477 20864 4 7993 -1 -1 0 0 0 0 8 7 6 6 5 4 5 4 8 5 0 0
"fa98b95b9f341c85" 25 13477 13478 13479 61 6173 13 553 2 4729 394 20808 4576 13 6501 6209 2 6787 20865 38 742 61 20866 7659 20867 4 7994 -1 -1 0 0 0 0 6 6 7 7 6 5 7 4 9 7 0 0
"1c0308e1dfc931ed" 16 171 5282 6290 2 736 13 553 93 2735 5303 13 347 600 330 20868 4 7995 -1 -1 0 0 0 0 9 7 6 6 7 6 4 4 4 4 0 0
"36def3b8daa82e13" 23 3497 3498 13 357 87 150 20869 13 553 3747 61 1207 7066 13 772 20870 13 3302 6787 3531 170 20871 4 7996 -1 -1 0 0 0 0 8 6 6 8 6 4 5 4 8 5 0 0
"434094494c8d50a0" 13 150 151 8376 304 1993 8377 553 28 8669 20872 1932 20873 4 7997 -1 -1 0 0 0 0 5 4 6 5 7 4 4 4 6 6 0 0
"99b19f8c8011d98d" 18 34 26 171 5962 5963 553 28 150 1641 566 188 731 553 2696 20874 20875 3411 4 7998 -1 -1 0 0 0 0 6 6 6 7 7 4 4 2 5 4 0 0
"8fd579de75bc9ea5" 19 12447 3939 7041 2777 553 2 10440 4356 11068 553 150 1268 347 1945 13771 13 347 12067 4 7999 -1 -1 0 0 0 0 5 6 7 5 4 3 3 5 2 4 0 0
"a2924cbaf8a620fe" 16 6863 9151 13 20876 19244 188 20877 553 20878 664 90 13 357 20879 20880 547 8000 -1 -1 0 0 0 0 4 7 5 6 3 6 2 3 2 5 0 0
"6ffb99a9a2085ffc" 19 2828 2829 13 2 9322 20881 2028 553 15797 500 3089 763 13 191 102 1473 125 16317 4 8001 -1 -1 0 0 0 0 5 7 6 5 3 5 1 8 2 4 0 0
"896d9a75820f08db" 23 11438 66 347 3397 13 357 87 20882 171 8131 553 2336 3100 20883 13 150 2062 20884 191 1187 297 20151 4 8002 -1 -1 0 0 0 0 7 8 8 6 7 4 5 3 4 3 0 0
"0922a419c779692d" 31 1488 34 16017 13 110 553 38 20885 457 7456 20886 1463 4 553 1194 20887 191 14769 412 2780 150 4378 20888 13 113 20889 17531 20890 2400 13742 4 8003 -1 -1 0 0 0 0 6 5 8 4 5 3 2 4 4 3 0 0
"039efdb8d9cd6f66" 17 600 6531 1765 553 983 20891 20892 3032 20893 553 10252 1602 646 1192 20894 20895 4 8004 -1 -1 0 0 0 0 6 6 5 4 4 3 2 8 3 5 0 0
"05e49343edaaf20d" 23 20 20896 20897 20898 11168 20899 20900 20901 553 4447 150 151 1268 13771 553 12952 20902 20903 609 10708 20904 18510 4 8005 -1 -1 0 0 0 0 5 6 7 5 4 2 4 3 3 4 0 0
"c463069cd13f59cb" 16 28 1793 3478 150 4312 20905 20906 553 20907 20908 191 20909 15735 146 20910 4 8006 -1 -1 0 0 0 0 6 7 5 5 4 4 3 2 3 4 0 0
"ee6ac6d96d13bd4e" 28 1029 20911 61 722 20912 553 357 125 20913 7123 2168 93 553 4799 15100 18759 20914 1817 553 357 534 1207 35 20915 61 10164 87 16483 8007 -1 -1 0 0 0 0 5 6 6 5 4 4 3 3 3 6 0 0
"6405828e9ec6b31d" 12 15418 15419 18095 7576 6132 553 9655 1737 1121 20916 20917 20918 8008 -1 -1 0 0 0 0 5 5 6 5 3 4 1 2 3 4 0 0
"08a5b63a34ceedf2" 25 3635 1033 154 20096 2 4651 20919 11184 11296 553 20920 41 6282 87 20921 20922 384 553 20897 169 2316 20923 20924 3537 1819 8009 -1 -1 0 0 0 0 7 6 7 5 4 3 3 4 4 5 0 0
"620a407ea5d311b7" 24 347 4729 1293 487 28 636 20925 13 553 1015 1456 1580 150 20926 351 553 150 151 18891 1993 8376 13 8377 4 8010 -1 -1 0 0 0 0 6 5 6 5 4 3 1 2 3 4 0 0
"76f13cdfc7cc1c6b" 25 2 1043 20927 953 4183 20928 14410 13 553 113 2652 20807 4110 553 20878 664 665 666 13 357 93 521 1032 20929 4 8011 -1 -1 0 0 0 0 5 6 6 5 4 4 3 5 3 5 0 0
"086e385bfa777bd4" 31 1047 2104 967 20 20930 698 2106 13 553 2 28 478 1534 353 19024 38 6132 13 553 1069 4214 13 2 6777 20931 13 35 20932 566 5551 4 8012 -1 -1 0 0 0 0 7 7 6 7 5 7 4 3 4 5 0 0
"410dd421cc0ebacd" 41 11879 8540 19187 20933 13 16997 386 20934 13 553 1762 642 18074 19872 20 20935 20936 20937 13 553 347 39 305 326 13 39 305 188 200 4730 13 553 774 1712 2735 5303 1511 20938 1221 20939 4 8013 -1 -1 0 0 0 0 6 6 6 6 4 5 3 3 4 6 0 0
"53c3a90785f321c1" 32 457 113 607 13 2 5171 20940 3478 13 553 3497 3498 13 357 1182 1693 8155 13 553 6290 113 13 357 1718 20941 28 3037 35 347 600 601 4 8014 -1 -1 0 0 0 0 5 6 7 4 6 4 6 5 5 7 0 0
"91addb1e83f53fa3" 30 66 574 520 3746 61 3747 13 956 13 553 34 35 39 1863 20 20942 188 20943 20944 13 553 297 1559 576 1319 35 20945 950 20946 4 8015 -1 -1 0 0 0 0 4 6 5 6 4 7 2 4 6 5 0 0
"fd6c0c9f4c2d43d9" 22 20947 2 20948 4120 11 13 20949 1065 13 553 357 1765 3312 61 373 20950 4087 13 20951 13 13337 4 8016 -1 -1 0 0 0 0 6 5 8 3 7 3 3 6 4 4 0 0
"af1cc81d18442cc6" 20 1602 61 2615 2 1007 3178 13 553 719 95 20952 2 20953 10112 7588 20954 13 553 9485 4 8017 -1 -1 0 0 0 0 3 5 5 5 3 5 3 5 4 3 0 0
"aac0035c80c32867" 24 547 7743 731 165 53 9055 13 553 191 102 25 12676 61 1187 20955 2856 13 553 1122 150 7412 1349 6821 4 8018 -1 -1 0 0 0 0 7 8 6 4 6 2 3 6 3 4 0 0
"3b8e15335abf2ea1" 23 474 61 6538 6412 13 2 87 20956 13 553 188 85 20957 13 2 87 61 1031 18 359 113 304 4 8019 -1 -1 0 0 0 0 7 7 6 6 5 6 4 4 5 6 0 0
"244606b1fb21d972" 36 1613 596 774 1082 2 347 993 39 596 774 13 553 20958 95 61 17411 13 28 2248 150 7273 6463 13 553 2 282 5017 35 39 1007 2859 787 13 12378 774 4 8020 -1 -1 0 0 0 0 5 7 5 5 7 5 5 4 6 5 0 0
"6f1950d2b68f8261" 39 20959 388 722 535 13 41 113 6141 39 13 553 357 852 417 20960 35 25 18503 13 20961 1109 1110 53 13 191 1109 3737 13 553 2 20962 20963 13 20964 5819 1883 20965 3675 4 8021 -1 -1 0 0 0 0 8 9 8 6 7 4 3 6 3 8 0 0
"aeb37f0a82b17797" 21 66 703 578 481 482 61 171 8373 13 553 357 150 362 3165 13 357 20966 26 639 640 4 8022 -1 -1 0 0 0 0 8 7 5 6 5 3 3 5 7 5 0 0
"522d95e209255442" 31 102 20967 20968 20 5567 3141 13 357 534 2284 2114 13 553 150 4393 36 2076 47 87 150 8213 8856 13 47 966 20969 305 20970 47 20971 4 8023 -1 -1 0 0 0 0 4 6 5 5 3 4 4 5 4 6 0 0
"98824b05c14e3ad1" 31 20972 14698 2 372 1831 986 229 13 553 17422 727 19899 20973 13 87 150 20974 325 20975 13 553 1877 5331 435 2 7347 326 774 20976 7346 4 8024 -1 -1 0 0 0 0 4 6 7 6 3 5 5 4 5 7 0 0
"e1b345c6df9da857" 42 5374 66 23 20977 13 11694 61 20978 20979 13 553 9551 223 9552 9544 9546 13 87 150 36 113 19666 20980 13 553 1016 4403 305 20981 113 3302 1511 20982 20983 13 13 359 1365 16116 16117 16118 4 8025 -1 -1 0 0 0 0 6 8 8 6 6 7 5 5 5 6 0 0
"77896491784d0369" 41 8086 13 1821 20984 357 347 566 1817 3313 20985 13 357 6083 13 23 10536 1860 134 13 553 8086 13 347 441 2691 20269 47 20986 1493 474 20987 504 134 20988 20989 2662 9425 2 20990 20991 4 8026 -1 -1 0 0 0 0 5 6 7 6 5 6 5 5 6 7 0 0
"27fc4dd6f0227ed9" 17 357 1568 150 36 1303 20 9467 388 13 553 1071 34 20992 1774 20993 14417 4 8027 -1 -1 0 0 0 0 3 4 5 4 3 3 4 3 6 4 0 0
"93206874d307b6a4" 14 9049 5288 672 25 695 13 553 1071 20994 150 20995 20996 20997 4 8028 -1 -1 0 0 0 0 4 6 5 4 5 4 5 6 5 6 0 0
"6db0788ab35b5694" 21 1651 3938 2 386 35 308 5272 13 553 357 4715 4995 150 36 16293 191 5272 1881 4410 286 4 8029 -1 -1 0 0 0 0 5 3 4 2 3 4 4 1 1 1 0 0
"2a2276b732ea0f2b" 15 4905 20998 2316 16583 13 553 357 150 373 1297 25 20999 305 9048 4 8030 -1 -1 0 0 0 0 2 8 5 8 7 5 3 8 2 8 0 0
"1e4912bbd8ecffec" 11 2 7335 2363 21000 13 553 3314 4228 636 4309 4 8031 -1 -1 0 0 0 0 2 3 3 6 1 3 3 2 1 2 0 0
"fde4ba8c429c7a5c" 12 2 7335 117 21001 21002 13 553 1602 2615 21003 1831 4 8032 -1 -1 0 0 0 0 2 3 4 5 6 3 3 2 1 2 0 0
"74dfc9de29752091" 24 95 1342 286 305 20969 13 553 1071 21004 20 10212 4581 13 553 357 2337 639 1299 13 102 521 21005 3764 4 8033 -1 -1 0 0 0 0 3 7 8 2 9 3 6 3 1 4 0 0
"aeba1aa2afa3d599" 24 326 7347 774 7346 13 553 357 574 1580 21006 5981 21007 125 18519 13 553 2 2696 1109 596 1589 1043 21008 4 8034 -1 -1 0 0 0 0 4 6 9 7 6 5 6 6 2 4 0 0
"b81151a25c9cb898" 26 1765 6563 61 19722 3747 553 1071 637 7014 2013 8856 13 357 150 1109 6613 1007 553 3747 1187 35 520 3746 61 956 4 8035 -1 -1 0 0 0 0 6 5 3 5 10 2 3 7 4 8 0 0
"551be910ec3fdfc2" 18 117 1065 191 23 21009 13 553 16583 704 1157 13 357 3774 150 36 3280 7369 4 8036 -1 -1 0 0 0 0 3 4 5 4 3 2 6 2 2 3 0 0
"b97a294a8bef5580" 27 1131 171 4980 1869 1580 21010 66 21011 13 553 21012 20 9467 388 3282 21013 13 2 553 3314 4228 636 1580 21014 36 4309 4 8037 -1 -1 0 0 0 0 4 5 3 3 8 2 2 2 1 2 0 0
"56903757ce511c69" 19 2 1250 25 13 553 4905 5585 1808 4906 13 553 357 3736 1109 3373 2619 1109 3737 4 8038 -1 -1 0 0 0 0 1 7 3 7 5 3 1 7 2 7 0 0
"9c27633500873a57" 17 113 313 6601 13 553 1230 25 150 10099 3255 13 553 2 1831 445 21015 4 8039 -1 -1 0 0 0 0 2 4 5 7 3 3 2 1 1 4 0 0
"7a64699087f49d98" 15 20 1550 337 15332 13 553 297 1559 576 41 87 1047 171 2684 4 8040 -1 -1 0 0 0 0 2 2 6 5 2 1 1 6 3 3 0 0
"28963de14cefaadf" 25 41 150 3456 1071 21016 1234 13 553 1765 6563 61 855 2 1461 13 553 9049 5288 672 25 695 2 357 21017 4 8041 -1 -1 0 0 0 0 4 4 5 6 8 1 2 7 4 7 0 0
"0532278812dfa7a6" 19 4905 4906 13 1192 1193 1016 6412 13 553 1688 1352 1602 13 578 4110 1109 18471 2014 4 8042 -1 -1 0 0 0 0 1 6 3 9 5 3 1 6 2 7 0 0
"8da0a06e25b9f000" 18 20 1365 16116 21018 21019 1420 13 553 4505 21020 21021 13 357 150 87 19897 1507 4 8043 -1 -1 0 0 0 0 2 2 3 2 2 1 9 1 1 1 0 0
"c03b3b3db9e55c4a" 20 102 165 11607 2340 13 359 6377 21022 21023 13 553 4715 4995 17559 13 61 3774 3280 21024 4 8044 -1 -1 0 0 0 0 5 8 6 7 5 4 3 4 2 5 0 0
"470a8855ae141040" 20 20 9467 1511 21025 13 21026 21027 19437 355 13 553 357 2652 372 353 13 14416 21028 21029 4 8045 -1 -1 0 0 0 0 7 8 7 5 6 5 5 4 4 3 0 0
"8298822794e7d0ad" 15 21030 21031 13 21032 21033 13 553 21034 21035 13 8380 530 2038 5353 4 8046 -1 -1 0 0 0 0 5 6 5 7 4 3 2 3 1 5 0 0
"fc93d6127be2432b" 25 9551 223 21036 5065 12312 13 21037 4708 13621 184 13793 223 13 553 21038 13621 21039 13 21040 9544 4708 9546 20919 21041 4 8047 -1 -1 0 0 0 0 8 9 9 7 6 6 5 4 4 3 0 0
"7c51220198345bb6" 19 66 23 7036 13375 95 13 860 1400 519 13 553 2 21042 2317 286 113 2683 21043 4 8048 -1 -1 0 0 0 0 4 8 6 6 4 5 3 6 3 6 0 0
"e4464924ed18f5ef" 22 21034 20395 787 13 1192 35 713 21044 13 553 1230 188 10112 150 2131 13 3314 113 4228 636 21045 4 8049 -1 -1 0 0 0 0 6 7 5 4 3 3 3 2 2 3 0 0
"ee033b341083a46b" 21 282 21046 2453 5017 13 720 452 21047 21048 13 553 576 1319 13 20 6659 347 27 621 9142 4 8050 -1 -1 0 0 0 0 6 7 5 6 4 3 4 2 2 4 0 0
"a6d09a5f28ed1b7b" 21 66 703 578 4110 13 305 1232 188 4450 13 553 1651 6677 3369 13 191 7347 7329 7346 326 4 8051 -1 -1 0 0 0 0 8 9 7 8 8 6 2 5 8 4 0 0
"b5028ef14e2b6a02" 22 1602 1007 2615 13 20 21003 150 286 3832 13 553 21049 2731 13 357 3736 21050 13 2619 2905 1109 4 8052 -1 -1 0 0 0 0 7 8 6 5 4 3 3 4 4 5 0 0