"0c89240638740c5b" 7328 6634 1013
"4a459f9b81cafd3d" 1294 513
"5ff4054b2323edc5" 898 2285 10513
"a54998e1ee5ab053" 7572 9577
"20b82d0b927a96da" 5057 950 7314
"3e96b7ecdd091faa" 10252 9434
"0fc448224cfbf881" 9997 2714
"31ecfd041ff6e079" 513 10329
"c811c6d3605ce639" 8380 8083
"8cb334ae8f94f29c" 6532 11437 6098
"fe3d7f2c8048e3ed" 11277 4249
"40c43e32f4c4b966" 6651 11288
"68f05050ce4b4edd" 6175 5830
"967854a245c54d54" 1727 2915 4930
"83e7eddb56f150b8" 2059 9084
"5fc27293b28a57f7" 311 10237
"69d617db080ec31f" 11623 1864 6822
"3871308d3bbf55d1" 621 6477
"fe603318c4b01362" 8954 4697 8279
"e069999928a49bf4" 1508 9997
"931077e4b52550ad" 898 1013 2285
"8c5f2b0cfa29ed29" 9084 6634 5057
"358c4f44508bd9c7" 4930 10252
"221f09281764827b" 2830 6532 11623
"389a11d521d006ad" 9009 10329
"8c3c588edee373b3" 6822 621
"620b789cb0e66cb4" 6047 7328 5830
"682bd0a27678a318" 950 8380 2059
"eefb7f0b05ef99a9" 6098 8279
"abc2c5f233ef1101" 1294 10237 2714
"2a13666694dc37fe" 10513 11288
"fe6ec694f7f77ede" 1864 9434
"40ab89c7b2f99994" 7314 11437
"53ece5c3d099b6a7" 2915 513
"d84c7f2c8048e3ed" 11277 311
"32a495bae046ede3" 7572 5830 11288
"4ec29b30a1980b15" 9997 1727 8083
"0944b5707e6c4981" 6634 5057
"97d9c323076cd6db" 4930 6477 1013
"e71246823332e338" 4249 10252
"e988aeaa77cdac45" 11260 8380 2285
"eaa59f9b81cafd3d" 1294 2059
"12e8c2a63aa81eec" 8954 898
"e6c449da422c7fa8" 11623 8279 6651
"2c837bda40efa44f" 2830 6175
"07a308789cd022b1" 1727 1508 9084
"733d565587d5b685" 2714 2915 10237
"5ba0919c21bd80ec" 10509 11871
"2b6d6ebe29016120" 6655 9122 3160
"77b67e0c82129b1f" 9738 5118 9902
"493db80d88729da8" 5399 5180
"13aa6b0327da2852" 179 6923 11374
"e6c6f1ef167c764b" 10632 2810 11435
"597699e5cff9999e" 6484 10091 1065
"2f6419fe84480a69" 8863 9650
"50d71a7a45c58fc8" 3881 7916 1967
"f7a41b6eb4269f36" 1204 5870
"f2a143c667108d54" 9921 6313 5544
"a56e04dc99771708" 181 5225 1279
"fe73253acfb3d479" 10648 970
"cefbd33270a7df25" 10657 3676 174
"526f677212c332ea" 9257 4102 6909
"3215fc05efe5bcaf" 10545 505
"beee548d9ef10dba" 10434 9400 1720
"f5d7db1c82b86c2f" 11871 154 10509
"048e88fd5b3b3605" 3160 1967 4284
"893d16ad41100ad5" 9902 143 5870
"ab33be738495eced" 6313 11640
"6fe511ad64b39f52" 6923 7916 11374
"5bc7e8657871f8a4" 5118 9650 1204
"f36219fe84480a69" 8863 1279
"6a602b63739f9f5d" 9122 970 1065
"24e5af7ef9829fc9" 3676 6655 9738
"c9b0163ae27cbae4" 3881 179 10091
"f8860931cddd3277" 4102 6484
"25acb80d88729da8" 5399 2810
"39936bac7d141a56" 5225 181 10632
"988df3587fcdd72a" 10657 1967
"02c2588670a819cb" 9257 9650 5180
"2e37fc05efe5bcaf" 10545 9400
"5206ac576b5cf9d9" 9921 11435
"6943c7552b104c2d" 10434 143 1720
"4c06a1e391d26c9e" 9738 10648 6313
"628421605e0e7e6f" 11640 10657
"067055ef0998a408" 11374 7916 6909
"d8e5364b80e21a2f" 505 9122 3881
"42588fe87242bf11" 1204 5544 1279
"450f819c21bd80ec" 10509 5118
"e37fa93dcd2e40a8" 1065 10091 181
"55fb6f2a32a16201" 3676 5180
"a69b5f27de075a1a" 11435 6313 5225
"6ee0c4f4f37273ea" 10632 6923 4102
"6a2202d6dec4a9e8" 3160 11374 1967
"98d127f2e607c9a3" 11871 4284 6909
"d67e9537d7584e06" 7470 4906
"66b4463d79b83d5e" 5385 2242 5074
"c9b68382126d08a2" 929 2242
"040d732728dbbbbc" 172 5340 703
"ca8972b366f3c27d" 7930 3647 5606
"7d67cf73c1870853" 7641 293
"1051c2f62656de77" 10263 9592 6001
"220cfea7b9f091bc" 5016 10749
"99b34fdaae96ab3a" 7478 5358
"67e6500c87a86186" 10830 1894 2177
"b2c2864db6b85a69" 5500 7282
"97734fdaae96ab3a" 7478 4302
"3b97cb99a288d1df" 4164 11218
"ddd6b7fdbb188965" 10962 5958
"d51b393e7af9e0b6" 592 7648
"2d23a25927298c98" 5238 11751
"8cf48eef695e6c3c" 7275 5164
"3ad685b66d59d88b" 5976 4998 7540
"39dfec60bef8f1a0" 8233 10396 1357
"17b4f0cc958d2e34" 8133 2499
"a2568382126d08a2" 929 592
"978a24ed0b808d4e" 2177 3647
"151f3bed211dd589" 10809 703
"d25ffe0a036b49fd" 7470 5074 5340
"c736f22967d024e3" 7282 8133
"54e3e0ce0f7b52b7" 11218 10396 5358
"aad27785ba42a887" 5385 10962 5958
"5c468eef695e6c3c" 7275 10537
"59a5f0cc958d2e34" 8133 6375
"e0858eef695e6c3c" 7275 7282
"d17bb5df91715b00" 2177 7275 5500
"b9ce43409d4f0547" 5358 5016
"993acf73c1870853" 7641 11751
"bd9fa01f0fc6287b" 10830 10537 3647
"27b1e88d01b73b9f" 4165 172 7648
"14a9f793b3903e1e" 4906 5500 7282
"d1acfbb6aa373012" 9592 5016
"fd072acc68c270ef" 4302 5500
"ad44c7f8cb678041" 7540 4164 5385
"eb204bed211dd589" 10809 5164
"a8e6988135a9bf2f" 8233 10263 4165
"1530be1ca4fc941e" 5238 4302 172
"06fdb45753664196" 293 5074
"869063d9354d334b" 9592 4302 6001
"6c0e0b07311666a4" 703 5606
"4152a25927298c98" 5238 8233
"94c6ff285817c249" 11858 2098
"e44b940a42f9b3b9" 2710 8570 10957
"2d2debd5d7f8f869" 7170 4299
"1760a9c3d95632e9" 3694 759 8895
"41c05062ec1053d9" 3126 617
"31d33e43d2d32421" 7361 2969
"1b2af807c35d8223" 323 2333 3700
"6698516cca64927d" 11889 9724
"65cc6ef203b1f99f" 11490 7139 5396
"7a8ae4d70013221b" 6139 8891
"3bb070d0afefc66f" 2710 8895 11889
"7394b1d16fefb74d" 2872 2969 11889
"341cd050654cd398" 6839 4299
"9482f84c36ac0426" 7170 7665 6833
"8829ff285817c249" 11858 11889
"01cbb1204ce4019e" 9547 5396
"5532d3d6826b6c64" 8570 3126
"f23ea5b1ed2b07a8" 10957 617 9724
"44102d6691c57862" 3694 7361
"f7fa4579b575bbb6" 2377 2333
"d8b17f704bf365ff" 3700 6139 6833
"e260e18b64ffb404" 2969 8895 11889
"cd90f60d66328484" 323 7361 9547
"86870d78c3249d97" 8570 2710 759
"c86790dfd368e04a" 11490 7665 5396
"e7898a6ddd6f6f4a" 4299 7170
"d6ae927c320a0eb2" 5087 2098 7139
"6d86bab0b8bdbd12" 3694 8895 9724
"333dd050654cd398" 6839 8891
"d5eb4579b575bbb6" 2377 6139
"bd3b5003ff27fb38" 2872 10957 11889
"9e022d58760bc1d2" 2710 3700 3126
"001a44bf4e56db19" 11490 2969
"71e4ad81a371827e" 323 6139 5396
"b84c342670ebfffb" 5087 4299 9724
"8891d3d6826b6c64" 8570 617
"70948ff9c62a4722" 7361 7170 8891
"5cd933c1b528d5f9" 10957 2098 2333
"4ad1eba0e6afa3de" 2377 2872 11858
"44985fc227b21a11" 3694 11490 7139
"e468990af8aa34fb" 323 6839 8895
"128a3236bb927e29" 7665 5396 8891
"534b9e80a28fa2cc" 5087 6139 3126