"79d1cfd6d9e1191c" 30 191 10231 17959 1182 13 8982 417 19816 13 553 1762 1762 19817 1842 566 2247 1750 3248 4 553 7214 1923 1927 1928 13 171 18855 5577 2316 4 7774 -1 -1 0 0 0 0 6 5 5 5 4 6 2 1 4 7 0 0
"fccb5a311ad9e740" 20 19818 566 1580 2157 19819 188 18789 1251 13 553 860 1473 357 102 1113 13 19820 150 388 4 7775 -1 -1 0 0 0 0 8 7 7 8 6 5 2 3 4 8 0 0
"75f750ae901d0143" 39 284 11773 82 23 19821 2 19822 13 553 1753 1754 2 3581 607 1755 13 87 61 113 2303 4 553 1721 19823 13 621 357 3693 704 2429 13 553 796 17806 61 1885 113 19824 4 7776 -1 -1 0 0 0 0 7 6 7 6 6 5 3 4 4 6 0 0
"e8414c7259afe76d" 31 19825 150 854 19826 13 357 10463 1215 13 553 1842 33 19827 2 134 87 6591 323 1696 4 553 66 23 10658 1093 28 6567 171 14407 1736 4 7777 -1 -1 0 0 0 0 5 6 4 6 5 5 2 3 4 6 0 0
"eddfc15c0b4d4078" 26 191 7310 7031 13 4404 4589 19828 19829 19830 13 553 113 347 39 188 741 13 66 113 703 741 1834 13 2 2815 4 7778 -1 -1 0 0 0 0 7 8 7 6 5 7 6 4 6 7 0 0
"67689a2b6b1dd983" 17 102 11978 61 1786 78 13 553 357 1109 113 19831 457 16510 1015 297 19832 4 7779 -1 -1 0 0 0 0 8 5 6 6 6 7 3 2 4 6 0 0
"d817e9c21409eb30" 22 134 1109 2905 19833 19834 13 35 712 2318 5551 13 553 15432 19835 791 13 1109 1110 297 4316 9949 4 7780 -1 -1 0 0 0 0 7 6 6 5 5 5 2 2 4 5 0 0
"bffa957e0573381f" 30 8115 2 1402 1113 13 2785 1109 19836 13 359 19837 19838 13 553 1109 113 13729 19839 13 1109 150 19840 1276 19841 13 11636 150 36 362 4 7781 -1 -1 0 0 0 0 6 5 6 5 4 4 3 3 4 4 0 0
"c941ea4a49852c78" 17 19842 347 18890 330 1460 13 1392 6209 13 553 87 150 36 12068 12527 11053 4 7782 -1 -1 0 0 0 0 6 6 5 5 4 2 2 2 1 3 0 0
"d9efe664b287e2c3" 32 402 687 19843 19844 113 19845 13 553 41 9161 637 19846 150 361 8185 13 553 14265 986 19540 588 138 13 553 388 93 5201 972 19847 8614 8615 4 7783 -1 -1 0 0 0 0 6 6 5 5 5 3 2 3 3 5 0 0
"6b8900e1dfcadd13" 36 350 1199 95 19679 371 13 553 2646 35 19848 9598 20 35 388 19849 13 553 35 191 5709 1293 6132 2 596 6260 19850 13 553 10525 19851 19852 1284 607 698 19853 4 7784 -1 -1 0 0 0 0 7 8 6 7 6 3 4 4 3 7 0 0
"c593836350e22dec" 33 3277 19702 9322 19854 13 553 23 1145 20 5751 12689 19855 19856 13 553 553 553 61 731 12604 14390 95 16241 13 553 1182 3751 515 19857 2 19858 1721 4 7785 -1 -1 0 0 0 0 5 6 5 5 4 4 4 4 3 7 0 0
"c70d2bfb79f687d8" 32 8694 19859 13 402 19860 713 13 553 19861 5368 6209 19862 4 553 19863 19864 981 61 3189 13 553 66 347 1038 35 5381 3282 609 3048 8312 19865 4 7786 -1 -1 0 0 0 0 4 5 4 5 4 4 2 3 4 6 0 0
"c9f760089b325957" 49 2204 191 35 34 5851 19866 463 13 553 373 388 4568 19867 4570 13 553 6837 15755 3963 1862 19868 13 4589 4 553 553 553 6561 19869 19870 19871 13 553 2 6561 388 1879 2 61 6018 358 13 553 19872 19873 19874 19875 19876 4 7787 -1 -1 0 0 0 0 5 6 5 6 5 4 3 6 5 6 0 0
"ce9c8825903bc7c5" 17 3425 35 6599 19877 23 2891 13 553 23 12645 4748 13 35 23 93 19878 4 7788 -1 -1 0 0 0 0 6 6 6 6 5 5 4 4 5 5 0 0
"a53a461167421fec" 19 360 676 738 739 396 171 660 329 741 13 553 357 4862 3514 1331 742 1303 8969 4 7789 -1 -1 0 0 0 0 6 7 8 5 5 7 7 3 6 5 0 0
"36e281527a900d2b" 32 15614 14958 188 15566 13 87 61 7014 13 553 357 8412 9528 9529 134 13 2014 9929 2 4434 6603 13 553 731 3155 2368 13 1034 283 87 19879 4 7790 -1 -1 0 0 0 0 7 7 7 6 6 8 5 6 5 6 0 0
"707ce586252f2e5c" 18 1303 1304 10264 1306 1202 5286 13 553 357 102 9071 9072 13 19880 19881 17491 19882 4 7791 -1 -1 0 0 0 0 7 6 6 7 5 7 5 5 3 7 0 0
"df323203ebe1581e" 20 12289 4404 13 35 637 171 8387 13 553 4415 6787 3472 13 28 860 11489 454 95 61 4 7792 -1 -1 0 0 0 0 8 6 6 7 5 9 6 6 6 7 0 0
"63dd71cb9034c234" 17 2728 1429 2727 1109 1522 1315 13 553 19883 19884 14249 14779 5551 171 19885 142 4 7793 -1 -1 0 0 0 0 7 6 6 6 6 8 6 4 4 6 0 0
"253ddbaa787ce49f" 29 2 1753 1754 13 77 19886 13 553 1923 1927 1928 13 95 19887 19888 5203 13 553 3693 704 2429 13 28 102 1825 1315 357 19889 4 7794 -1 -1 0 0 0 0 5 7 7 5 6 9 5 3 4 5 0 0
"7be7e168b37ab23a" 38 12645 4748 66 23 13 986 150 362 286 13 553 1762 4652 37 357 596 3248 13 191 1297 35 44 1754 19890 13 553 7310 877 117 7311 13 2 596 19891 35 981 19892 4 7795 -1 -1 0 0 0 0 9 7 7 6 6 8 5 6 6 6 0 0
"4fd1597099f6fba3" 24 3963 7132 357 6310 13 102 61 1786 13887 13 553 1622 1042 61 3289 13 548 113 2838 2 19893 4 68 13 7796 -1 -1 0 0 0 0 6 8 6 5 6 6 4 5 5 5 0 0
"8b63acc9560b7182" 30 4447 4448 4304 1015 737 4449 13 553 3581 150 330 9161 13 113 102 19894 2963 941 13 553 15565 19895 14958 13 357 6791 463 19896 367 4 7797 -1 -1 0 0 0 0 7 6 7 6 7 8 5 6 4 6 0 0
"a462a1f6b4904db2" 20 357 3951 415 12370 13 87 1657 1930 13 553 13729 13970 13 150 19897 286 1381 18074 4899 4 7798 -1 -1 0 0 0 0 6 7 6 5 5 9 5 3 4 4 0 0
"16e752971d7b07b4" 30 8412 9528 13 19898 102 13 19898 102 171 19899 13 553 1303 1304 61 1305 1306 1301 1307 13 347 39 35 1303 1611 504 47 1493 2265 4 7799 -1 -1 0 0 0 0 7 6 6 6 5 7 5 5 3 7 0 0
"2fb7ce18d9d71286" 30 61 2519 8563 95 19900 13 553 6521 13 12021 417 18 20 1780 13 553 150 5381 8311 1464 193 8312 13 36 417 19901 13160 13870 2187 4 7800 -1 -1 0 0 0 0 6 6 7 6 6 8 6 5 4 6 0 0
"2454f713107946ba" 32 113 703 1666 1834 13 171 18444 19902 13 553 3302 4885 6209 1837 66 1817 3041 13 553 357 3425 13 23 2891 93 2513 13 347 8790 4120 3965 4 7801 -1 -1 0 0 0 0 6 6 7 5 6 7 8 5 6 6 0 0
"529621d2ad409961" 27 357 8614 8615 150 19903 13 150 504 388 19904 13 553 1071 860 11489 61 13 87 150 504 19905 13 499 66 721 19906 4 7802 -1 -1 0 0 0 0 6 6 7 5 6 7 7 5 5 7 0 0
"c066d881ed4f7a03" 35 2157 2314 188 2315 2316 13 341 1379 13 553 1071 1331 8969 7543 13 188 12038 547 941 13 553 3302 4316 4317 61 87 19901 19907 13 6727 87 1604 6270 19908 4 7803 -1 -1 0 0 0 0 7 6 7 6 6 8 5 4 5 6 0 0
"15a488256d7eec57" 26 95 1342 61 14164 13 548 986 36 19909 4 553 414 19910 609 19911 1203 19912 13 357 87 19913 5751 12689 19914 17996 4 7804 -1 -1 0 0 0 0 6 4 4 6 3 4 2 2 3 3 0 0
"cd1ead4fcabf0b87" 26 731 150 19915 13 87 3302 171 19916 457 3302 1621 19917 4 553 357 66 523 19918 13 321 330 19919 1621 19920 286 4 7805 -1 -1 0 0 0 0 7 5 6 6 5 4 3 3 4 3 0 0
"a4241471df14e232" 24 23 6701 2859 12462 3313 7548 13 87 355 19921 4 553 2 1930 588 138 13 687 2886 286 1510 8987 2307 4 7806 -1 -1 0 0 0 0 7 6 6 6 4 3 3 6 4 6 0 0
"e92c3be1710cac34" 30 12070 191 16292 61 19922 13 150 146 19923 1187 2042 2396 19924 19925 4 553 357 35 13 600 13452 1930 13 839 61 1552 4371 19926 19927 4 7807 -1 -1 0 0 0 0 6 7 5 7 5 6 4 8 6 7 0 0
"0974c4644fcd89ca" 29 191 19928 349 19929 17392 19930 13 3302 19931 4 553 357 1376 19932 13 15222 353 19933 93 6209 19934 13 41 93 737 1621 66 19935 4 7808 -1 -1 0 0 0 0 6 6 7 6 5 7 6 5 7 5 0 0
"ac7df5deed1b6f47" 36 150 19936 15471 330 19937 1042 1892 13 19938 5519 19939 19940 19941 4 553 2356 1882 87 3320 8453 13 35 1071 1651 371 297 19942 573 13 87 19943 5751 12689 19914 2316 4 7809 -1 -1 0 0 0 0 4 3 6 7 3 3 4 5 6 4 0 0
"f5a997098d6957bd" 27 1664 19944 1552 19945 3302 19883 19884 13 19946 4 553 2 7126 13 3327 19947 61 3302 3019 13 2 19948 18603 11053 19949 384 4 7810 -1 -1 0 0 0 0 6 3 5 4 3 6 4 2 4 3 0 0
"199f55cb628204eb" 26 6604 19950 19951 13 126 4478 1015 4 553 357 7389 200 19952 13 3318 877 19953 13 19954 722 373 19955 37 35 19956 4 7811 -1 -1 0 0 0 0 6 4 6 4 4 5 7 3 4 4 0 0
"b5e0c78084933887" 25 66 326 3341 191 3963 19957 13 19958 19959 13 357 639 4 553 102 19960 19961 13 5253 1515 1923 19962 93 19963 4 7812 -1 -1 0 0 0 0 6 4 5 4 3 5 4 4 5 4 0 0
"d3796665ade53e06" 23 8241 16208 2 53 19964 1754 19965 4 553 357 2 35 13 5253 373 11978 19966 19967 13 19968 2 1786 4 7813 -1 -1 0 0 0 0 5 4 5 3 3 5 4 3 4 4 0 0
"824124ee24101ade" 31 15433 8225 19969 845 13 19970 2 19971 19972 4 553 11603 93 13 87 6209 7848 14683 504 1750 457 3302 19973 13 3693 1122 5577 2316 19974 3970 4 7814 -1 -1 0 0 0 0 6 4 5 5 3 3 4 5 6 4 0 0
"361e202cf70c36c4" 38 19975 19976 1093 12910 87 3093 87 102 1052 19977 10854 13 553 357 188 3358 941 13 805 19659 2 3425 35 13 1071 19978 1379 55 93 2513 87 882 19979 1842 359 7123 2891 4 7815 -1 -1 0 0 0 0 8 3 7 4 2 6 5 4 6 6 0 0
"5ad61ffb40ba7387" 33 5501 19980 13 19981 19982 2 15346 19983 19984 13 87 1113 2 1113 4 553 357 188 4304 13 19985 34 19986 13 2 796 19987 188 19988 142 1754 19989 4 7816 -1 -1 0 0 0 0 7 5 6 5 3 5 5 5 7 6 0 0
"ac251aa1324d5981" 34 19990 19991 13 15614 1718 1232 61 297 722 13 687 1510 606 4 553 347 1829 3278 13 357 10834 23 11489 19992 13 19993 55 1250 7677 737 19994 19995 19996 4 7817 -1 -1 0 0 0 0 7 8 5 7 4 5 3 7 5 5 0 0
"d5f0e25193264024" 24 191 860 3706 13 577 3302 6966 19997 4 553 4447 19998 95 19999 44 1363 13 20000 1319 607 20001 20002 20003 4 7818 -1 -1 0 0 0 0 6 5 6 5 3 8 6 3 4 3 0 0
"3466ee29710e851b" 26 2204 35 14414 772 12667 20004 13 553 13099 4356 1109 701 6090 20005 13 553 35 23 4748 13 2316 7198 10314 20006 20007 4 7819 -1 -1 0 0 0 0 7 6 5 7 4 1 4 7 5 8 0 0
"f8d28373a20f1513" 22 20008 4316 4317 20009 20010 13 553 20011 20012 4570 20013 20014 68 553 1331 8969 7543 13 20015 2854 20016 4 7820 -1 -1 0 0 0 0 6 8 9 4 7 3 2 8 6 9 0 0
"19bc3735f42a6d6f" 17 14155 14156 14157 13 1633 20017 13 553 16016 8859 13 8614 454 2024 415 319 4 7821 -1 -1 0 0 0 0 6 7 4 6 5 4 1 2 8 3 0 0
"cf90a77324890798" 21 3970 9334 457 23 20018 8380 13 553 20019 18946 23 13 347 1352 12670 13 553 4920 2316 7198 20020 7822 -1 -1 0 0 0 0 9 8 8 5 6 6 5 2 4 1 0 0
"3864e1facc84cf67" 36 347 863 12740 28 20021 14615 13 553 7380 2151 771 2781 5519 13 20022 1924 13 553 11672 13487 2267 1199 14304 20 9982 13488 13 134 61 20023 20024 8200 20025 7108 68 4 7823 -1 -1 0 0 0 0 3 6 8 7 4 9 4 5 8 7 0 0
"eaba7fe177c60d3b" 18 2 7739 7740 13 20019 10219 20026 68 13 553 41 7460 150 847 20027 20028 3302 4 7824 -1 -1 0 0 0 0 2 4 6 4 7 5 8 4 4 3 0 0
"4cffdcc833fbe1f8" 26 20029 2700 20030 150 36 330 20031 13 20032 150 20033 553 20034 1780 13 330 20035 8213 13 15271 15272 373 20036 104 68 4 7825 -1 -1 0 0 0 0 4 5 3 5 6 7 8 6 6 4 0 0
"7aa66189bf06d203" 19 41 14308 14309 14310 20037 20038 13 553 6547 20039 13 20040 110 20041 13 15355 15356 68 4 7826 -1 -1 0 0 0 0 8 7 4 6 5 3 4 5 7 5 0 0
"f2311918a8d5ac3e" 36 228 3216 20042 13 20043 1774 20 13 553 9086 9087 13 3437 11738 13 553 13729 457 13730 4944 13 2 20044 349 13 553 20045 20046 20047 68 13 553 4562 2253 20048 4 7827 -1 -1 0 0 0 0 7 6 8 6 7 5 6 7 9 5 0 0
"5774bfe50f690d1c" 16 113 12205 2204 13 20049 1043 20050 13 553 28 386 13155 13 20051 19416 4 7828 -1 -1 0 0 0 0 5 3 5 6 4 2 5 6 7 6 0 0
"cd30a302366a4963" 30 282 66 2374 13 53 93 1588 20052 13 553 341 1352 610 13 7235 20053 20054 13 553 41 3302 2931 1795 578 3275 13 1793 6563 20055 4 7829 -1 -1 0 0 0 0 8 7 6 6 8 3 2 6 9 8 0 0
"5039ac22e2de9a57" 13 2181 1763 584 2182 13 553 2 8359 371 13 11318 20056 4 7830 -1 -1 0 0 0 0 4 6 3 5 4 6 5 3 4 6 0 0
"600a1a0c648b7a5d" 19 41 402 13 35 1109 3760 351 547 8851 13 553 7950 7951 13 20057 150 36 20058 4 7831 -1 -1 0 0 0 0 6 5 2 5 3 4 5 4 2 3 0 0
"6587e793ee88eed2" 29 481 482 483 305 484 13 20059 20060 13 553 191 7533 13 20061 13 11394 11080 20062 2506 13 553 596 61 457 452 1145 20063 1938 4 7832 -1 -1 0 0 0 0 7 6 8 6 7 4 6 5 9 6 0 0
"b06a3ca4fa1097dd" 19 191 489 7223 14330 13 10056 20064 13 553 1868 504 13 341 20065 13 7926 20066 20067 4 7833 -1 -1 0 0 0 0 5 4 7 6 6 4 4 3 6 3 0 0
"a3fa44a697396f2b" 34 34 14341 3478 14342 14343 13 553 2 66 7539 349 17126 13 297 359 461 462 13 553 357 41 920 1795 2867 13 553 297 1627 3302 2 5709 93 1795 4 7834 -1 -1 0 0 0 0 7 7 7 6 8 6 7 2 4 4 0 0
"4085f023fa942ce2" 33 373 941 20068 2 87 2183 13 553 66 1664 1319 20069 557 6087 4 553 171 20070 2777 93 20071 2151 13 553 347 2440 18939 417 13 87 386 5343 4 7835 -1 -1 0 0 0 0 5 3 3 4 4 4 3 6 2 6 0 0
"7121b65c8752e81e" 37 191 9738 14202 14203 20072 20073 13 553 610 736 3868 13 35 193 1750 13 553 357 150 1109 20074 13 1109 1110 308 20075 13 553 2 1071 1385 20076 297 102 386 8655 4 7836 -1 -1 0 0 0 0 8 7 9 6 7 9 5 2 5 3 0 0
"d7a07a0a58cd1a91" 44 3405 3532 4880 13 2 150 2371 12959 13 553 357 66 7557 3019 13 35 95 61 171 3923 1082 13 553 2 1071 1863 2451 13 66 805 435 20077 13 553 150 1408 9499 14405 13 20078 61 18215 20079 4 7837 -1 -1 0 0 0 0 8 7 6 8 9 5 7 4 6 7 0 0
"55ce00281b94229e" 32 347 39 20080 8859 13 553 1549 25 349 1319 355 13 25 349 355 110 553 14155 14156 20081 14157 13 553 499 151 600 601 1071 142 657 7779 4 7838 -1 -1 0 0 0 0 6 6 6 5 4 8 6 9 3 7 0 0
"ea1deebfd909bb4a" 40 1109 2931 4920 9431 15434 2 20082 20083 13 553 357 41 3302 2931 1795 578 3275 4 553 188 61 1069 20084 13 1034 4376 451 3998 6294 13 553 66 347 600 188 1795 499 367 1379 4 7839 -1 -1 0 0 0 0 7 6 5 6 7 7 6 7 6 7 0 0
"0037acdcf802edc9" 35 11672 13487 150 437 13488 13 553 282 66 377 378 353 171 8812 13 553 2 8359 371 13 1549 534 2014 1319 524 13 553 347 7428 188 393 330 5881 20085 4 7840 -1 -1 0 0 0 0 7 6 3 7 6 4 5 7 3 6 0 0
"721635ce1d6ac0c1" 35 1109 150 3323 351 547 8851 13 553 13906 1830 20086 331 18406 13 553 15576 1886 1450 13 25 1016 704 376 3396 13 553 357 2652 1109 20087 2 20088 116 3222 4 7841 -1 -1 0 0 0 0 5 6 4 3 5 6 4 6 6 8 0 0
"4f6b3846259d4f87" 40 8720 1047 308 20089 2 7120 566 4328 20090 13 553 357 34 35 1352 20091 13 1071 520 188 1696 1381 4 553 87 421 13 1580 15271 15272 1094 13 20 34 26 4486 20092 2886 20093 4 7842 -1 -1 0 0 0 0 7 5 5 5 6 6 6 4 3 4 0 0
"a83c61418dfa9941" 31 1319 12636 771 2781 1517 5519 13 553 28 386 13155 2775 1192 4 553 588 171 61 20094 16108 1709 1055 13 553 321 36 15973 1993 20095 2182 4 7843 -1 -1 0 0 0 0 8 6 6 5 5 5 6 6 3 5 0 0
"443c7310d798c5e4" 39 171 6601 61 20096 12205 13 553 357 373 61 2735 1192 13 1122 504 5072 13 553 191 373 61 750 13 347 1667 25 2941 13 553 357 457 373 171 11067 13678 2734 6105 15081 4 7844 -1 -1 0 0 0 0 5 6 5 4 4 6 5 4 7 6 0 0
"0507ef0a1179cd2f" 45 66 347 7235 12670 13 347 7235 305 6094 13 553 357 1868 504 13 66 347 9002 1832 2451 13 553 1071 171 394 114 9322 61 297 3251 2774 13 553 66 347 890 20097 713 500 23 3935 20098 170 394 4 7845 -1 -1 0 0 0 0 7 7 6 4 4 7 7 4 6 5 0 0
"eba97ca1f87bd746" 42 20099 47 504 20100 150 330 15561 13 553 3970 9334 347 388 15358 330 499 1754 20101 4 553 1016 1829 93 10729 150 36 362 13 553 347 863 12740 13 347 367 330 1352 499 2861 574 170 4 7846 -1 -1 0 0 0 0 5 5 3 5 4 3 4 8 3 7 0 0
"0b7f85b6c560fd6a" 52 297 66 2374 13 347 330 4268 13 1093 405 188 660 13 553 474 475 150 36 476 477 330 478 479 4 553 13729 17652 1881 61 2684 721 13 1200 1109 20102 13730 134 297 20103 13 553 423 703 1015 349 35 66 4352 721 134 547 4 7847 -1 -1 0 0 0 0 0 0 0 0 0 0 0 0 0 0 0 0
"c43529f5e7cc04ab" 31 66 1664 1319 20069 557 6087 13 553 2056 1047 590 13 2 34 20104 14093 4 553 87 1047 297 9086 13435 13 553 321 7428 330 1550 993 4 7848 -1 -1 0 0 0 0 5 4 6 8 7 5 8 3 4 6 0 0
"c301fa4ecae7e8d7" 23 20105 20106 2766 13 2 7739 93 7740 13 553 68 95 860 61 7816 13 1016 20107 61 53 20108 1040 4 7849 -1 -1 0 0 0 0 5 6 6 6 7 4 4 3 6 3 0 0
"73bd6b4ce6ab7551" 32 2195 2197 20109 20 11450 20110 20111 20112 13 553 87 17917 20 1664 93 13 482 483 305 484 4 553 20113 18924 20114 13 41 13 18784 2 20115 4 7850 -1 -1 0 0 0 0 6 5 7 6 5 4 4 2 4 3 0 0
"79fd685773520ba7" 26 34 14341 8090 13 2 171 1651 2615 8442 13 553 41 3302 2931 1338 578 3275 13 1842 359 87 20116 20117 20118 8442 4 7851 -1 -1 0 0 0 0 5 7 7 6 6 6 4 2 6 3 0 0
"8471c4f54306fa7d" 20 373 941 20068 13 28 386 3143 13 553 927 6864 170 13 41 7460 150 6510 20119 4467 4 7852 -1 -1 0 0 0 0 7 5 6 7 7 5 4 6 4 6 0 0
"bb539f3e67d38032" 25 1651 20120 13 191 1588 20121 13 553 357 1680 704 13 9738 14202 14203 4 553 20122 20123 13 16510 3302 712 12959 4 7853 -1 -1 0 0 0 0 5 4 6 4 5 5 6 4 5 4 0 0
"2bfef2b96dff2d1c" 24 1103 5231 13 2 402 13 10800 1603 61 20124 13 553 1389 20125 13 15355 20126 20127 13 15356 1104 12235 20124 4 7854 -1 -1 0 0 0 0 6 5 7 5 6 4 4 7 4 6 0 0
"392e8fa3fd20fbb0" 22 1378 3405 3532 4880 13 2 66 377 378 13 553 282 3018 20128 3019 1082 13 20091 20129 20130 20131 4 7855 -1 -1 0 0 0 0 6 6 6 6 6 4 4 6 5 5 0 0
"e04c42c084a9d8a4" 27 347 863 330 12740 13 1004 3261 13 20132 13 553 28 489 13 7223 14330 13 102 0 1480 373 5240 20133 13 7282 20134 4 7856 -1 -1 0 0 0 0 4 5 5 4 4 4 4 3 4 4 0 0
"15255572e251b6b0" 25 20135 15576 1886 13 1450 25 704 376 3396 13 553 34 14341 8090 14343 13 20136 20137 20138 13 20 20139 3972 20140 4 7857 -1 -1 0 0 0 0 5 4 6 5 5 4 4 5 4 4 0 0
"8f607e4338a5db92" 28 15271 15272 13 20141 669 13 20142 20143 13 553 341 1352 610 13 347 20144 13 87 1047 9633 9634 13 134 20145 13 20146 14049 4 7858 -1 -1 0 0 0 0 5 4 5 4 4 4 6 4 4 4 0 0
"d2b3ea2537b7d425" 36 5525 610 61 521 13 347 1206 12670 13 553 347 20147 13 20148 13 2720 20149 13 553 297 66 2374 13 737 20150 20151 297 1093 20 1847 13 150 7592 20152 4530 4 7859 -1 -1 0 0 0 0 6 4 5 5 6 5 4 4 4 5 0 0
"b2a1aa11f3232a63" 25 23 2181 1763 3906 2182 13 553 7950 7951 13 1065 319 150 457 10848 13 28 3872 12115 13 19206 881 13 17850 4 7860 -1 -1 0 0 0 0 5 4 5 6 5 4 4 5 4 5 0 0
"4ac110b6cc6e1206" 33 14155 14156 14157 13 1829 171 20153 13 553 7380 2151 771 2781 5519 13 1709 20154 20155 13 553 20156 20157 13 2785 1923 20158 13 20159 737 13 20160 20161 4 7861 -1 -1 0 0 0 0 4 4 6 5 4 4 4 4 3 5 0 0
"a36ee622f17cdb5c" 37 1533 13 2 1998 457 13 8131 13730 4944 13 553 20162 33 13 2 1939 956 13 2 2304 481 13 553 482 483 305 484 13 8131 20163 4404 13 102 20164 20165 2805 4 7862 -1 -1 0 0 0 0 6 6 5 6 6 6 6 4 6 4 0 0
"3596332ac8fcde51" 34 807 1109 3554 5607 5608 13 553 41 7460 150 6510 4682 13 4012 17747 313 13 372 13 553 359 14893 1643 1875 20166 13 357 20167 93 13 305 13560 7082 4 7863 -1 -1 0 0 0 0 6 5 6 5 6 4 4 5 4 5 0 0
"9808dae286e381b2" 26 66 347 545 116 1925 20168 13 15355 15356 13 553 35 1109 3760 351 547 8258 787 13 20169 1664 6087 13 191 7533 4 7864 -1 -1 0 0 0 0 7 7 6 6 5 5 3 2 2 3 0 0
"5185ca36ca9a88ff" 28 41 14308 738 14310 20170 20171 13 553 8720 20172 20173 2265 20 1043 5942 13 553 66 2614 1664 6087 1319 20 20174 1251 425 1631 4 7865 -1 -1 0 0 0 0 6 6 7 5 5 5 5 4 4 4 0 0
"d7fae0d99ab71d40" 29 4920 20175 13 20176 20177 13 553 1016 15271 5009 20178 18457 20179 20180 13 553 2 41 2931 1795 578 3275 13 297 1199 9880 2760 20181 4 7866 -1 -1 0 0 0 0 8 7 8 6 6 5 3 3 3 4 0 0
"cd525095785a7e51" 57 16016 8859 655 20182 13 553 20183 282 4456 20184 4954 1109 20185 20 12576 9633 9634 13 553 150 20186 20187 3076 20188 20189 123 59 55 20190 20191 20192 20193 20194 20195 20196 20197 20198 13 20199 1934 1319 6239 20200 13 357 1842 20201 171 8091 15311 20202 4 124 20203 4 68 124 7867 -1 -1 0 0 0 0 7 5 6 5 5 3 2 8 2 7 0 0
"a8a8c00566af8140" 34 2 87 61 10351 10352 20204 20205 5515 2353 10352 13 553 5868 2480 93 20206 20207 13 28 772 20208 1795 1173 9409 5515 553 20209 20210 20211 20212 20213 150 20214 4 7868 -1 -1 0 0 0 0 6 7 5 5 5 8 7 4 2 3 0 0
"2b700f06c7dafce3" 26 3993 384 7728 7729 61 2353 20215 20216 13 553 1488 412 4403 1488 20217 20218 20219 20220 13 553 2 3307 20221 20222 20223 4 7869 -1 -1 0 0 0 0 7 6 6 6 5 4 3 2 2 4 0 0
"93ea30abe8e1475b" 69 20224 1807 3591 20225 10043 13 553 1488 87 4083 20226 20227 20228 20229 61 2120 8676 20230 20231 20232 20233 20234 20235 20236 20237 13 20238 20239 3034 20240 20241 20242 2354 20243 20244 20245 20246 19039 20247 13 20248 20249 20250 20251 20250 20252 20253 13 20254 20255 20256 20257 13 453 3412 20258 20259 13 20260 20261 61 20262 655 20263 20264 13556 10478 4 124 7870 -1 -1 0 0 0 0 8 8 7 7 6 5 3 3 2 4 0 0
"5f66508aa8092ffc" 74 25 41 5530 61 484 305 19601 20265 449 13 553 2 20266 5474 20267 1712 20266 20268 20269 417 20270 20271 20272 1906 20273 20274 13 553 2 7659 20275 20276 13 20277 20278 106 1774 33 1043 20279 20280 13 532 3037 6858 20281 13 20282 20283 13 4268 20284 13 2 20285 20286 7123 20287 20288 138 20289 19807 20290 20291 20292 1356 20293 20294 20295 20296 20297 13 84 4 7871 -1 -1 0 0 0 0 6 5 5 5 5 8 9 6 8 7 0 0
"0a6b945d82750313" 36 10858 10859 10860 13 2 19731 9865 2652 3302 3104 835 20298 13 553 20 20299 61 20300 20301 20302 4 4 4 553 17137 20303 20304 20305 13 17137 20306 418 20307 20308 124 4 7872 -1 -1 0 0 0 0 5 6 5 5 4 7 4 4 3 6 0 0
"498d9c5b4155d4f2" 33 134 10538 10539 13 357 596 588 737 1485 452 20309 20310 13 553 20311 20312 20313 20314 20315 18487 675 1029 20316 11516 16997 637 566 20317 2 20318 68 13 4 7873 -1 -1 0 0 0 0 8 6 7 6 5 6 4 3 3 5 0 0
"bf44f8c6632d14ca" 45 1976 200 27 13 35 20319 1315 20320 9251 13 2 566 18 1199 20321 13 13 553 20322 3210 1403 737 20323 20324 13 35 61 1069 8497 18 20 20325 421 93 18256 20326 20327 20328 20329 20330 171 6892 68 13 4 7874 -1 -1 0 0 0 0 6 7 6 7 5 7 8 5 7 4 0 0
"7d1c159972adaa66" 23 4361 61 134 3935 20331 20332 20333 2 20334 13 553 14460 170 14261 7198 949 351 6787 9617 4 68 13 4 7875 -1 -1 0 0 0 0 9 8 10 7 8 6 4 3 6 7 0 0
"060b5c487e722f3f" 50 13 68 20 10361 7153 2316 2 1240 20335 20336 20337 305 20338 20339 13 553 191 313 6787 7589 351 2 699 13 20340 20341 20342 970 2079 20343 349 20344 145 20345 8032 20346 20347 1651 8032 20348 1419 13 87 20349 171 12088 20350 4 68 4 7876 -1 -1 0 0 0 0 6 6 6 6 5 6 8 4 4 6 0 0
"31b6f4ed90984b77" 43 191 150 36 8185 14616 2848 13 87 20351 451 20352 20353 20354 3838 20355 504 13 553 3181 26 8416 20356 66 20357 13 553 2 3533 3302 20358 417 739 13 191 2303 138 6671 2 102 8766 4 68 4 7877 -1 -1 0 0 0 0 5 4 4 4 4 7 5 3 2 5 0 0
"f0c4c473a1c1009f" 28 191 5557 7887 2 1079 13 20359 4337 326 13 553 113 171 8091 10175 5579 2 5709 1592 14729 1319 13 25 347 2440 6030 8094 4 7878 -1 -1 0 0 0 0 8 8 7 6 6 6 5 3 2 4 0 0
"c994d416ddbff7df" 19 20 20360 20361 297 1854 87 2867 13 553 66 347 36 20362 330 20363 499 20364 20365 4 7879 -1 -1 0 0 0 0 6 6 5 5 6 5 5 6 4 4 0 0
"54fd0f7f25adb248" 21 283 160 171 6167 13 87 61 188 20366 13 553 3478 66 3503 142 188 20367 2164 20368 20369 4 7880 -1 -1 0 0 0 0 7 5 7 6 7 5 6 6 4 5 0 0
"bbfc7061680955ef" 20 57 14779 14780 2200 20370 13 63 8452 13 553 66 113 19970 6906 95 102 4899 20371 20372 4 7881 -1 -1 0 0 0 0 7 6 8 6 6 6 4 5 4 4 0 0
"e6dd7b2a5a950405" 20 20373 13 15391 359 20374 150 1568 20375 13 553 102 1187 10544 11118 4310 20376 61 9355 127 4 7882 -1 -1 0 0 0 0 3 3 8 3 3 4 2 3 2 3 0 0
"e255d995a3cd53ea" 22 417 7545 457 7546 13 20 95 1403 13 553 1071 1109 20377 13 87 150 2977 35 20378 737 95 4 7883 -1 -1 0 0 0 0 8 6 7 5 6 6 5 5 4 4 0 0
"668a800268a31716" 19 10167 10168 798 10169 20379 7316 13 553 134 373 170 7442 3532 2 16425 521 1016 13160 4 7884 -1 -1 0 0 0 0 6 5 7 5 6 6 4 5 4 5 0 0
"ba470f16653e9ebc" 26 2 4403 2721 8467 13 87 61 9287 3006 7389 13 553 357 95 1321 2308 2 628 25 95 931 4304 956 20380 36 4 7885 -1 -1 0 0 0 0 7 5 6 5 7 6 4 5 5 5 0 0
"a43ac5cb36656da7" 31 1522 1109 305 113 7763 13 721 1559 1094 13 553 1549 20 160 1022 10475 10708 357 981 110 553 2 2455 20381 2505 13 1624 87 704 4377 110 7886 -1 -1 0 0 0 0 5 7 5 7 5 5 6 6 5 5 0 0
"3096830254cca667" 26 2 11373 11374 13 1192 655 20382 61 13 553 20 18353 20 3995 2 20383 20384 2 8001 61 774 1088 150 1568 221 4 7887 -1 -1 0 0 0 0 8 5 6 6 7 6 5 5 5 6 0 0
"b9c5b7209d70c744" 19 1806 1807 621 2457 25 23 27 13 553 16485 95 4970 12527 721 16114 20385 20386 4684 4 7888 -1 -1 0 0 0 0 6 6 7 5 6 6 4 6 5 5 0 0
"12cd810535af7ac4" 23 3533 20387 13 3125 359 5555 13 588 20388 20389 20390 13 553 3533 34 1297 25 3581 61 188 20391 2477 4 7889 -1 -1 0 0 0 0 7 5 7 6 6 5 5 6 4 5 0 0
"e483a009c561e139" 23 359 9982 14588 14589 1737 20392 20393 13 553 66 20394 20395 15006 13 1463 20396 19381 13 15716 737 20397 1453 110 7890 -1 -1 0 0 0 0 7 6 6 5 6 5 5 5 4 5 0 0
"497332b219d0dfa3" 32 2 87 61 10351 5865 13 359 134 20398 23 13 553 2 1862 519 13 730 1487 41 19385 20399 55 20400 1396 13 53 1232 17470 637 603 20401 110 7891 -1 -1 0 0 0 0 7 6 6 5 6 6 4 5 5 5 0 0
"8ceab9e2ff14d5a9" 25 20402 13 357 113 2028 7624 13 20 3500 20403 20404 13 553 2 113 171 8091 10175 2 1420 373 20405 53 134 4 7892 -1 -1 0 0 0 0 7 6 7 6 6 5 5 5 5 6 0 0
"7c248383ecb2c98a" 37 2280 3478 13 20406 191 2310 13 553 20 20407 191 160 4684 20408 2 357 981 13 25 3209 20409 110 553 20 23 1720 6787 7589 13 2 20410 20411 20 87 113 61 4 7893 -1 -1 0 0 0 0 7 6 6 5 6 6 4 5 5 5 0 0
"0aee721bd4e656b2" 20 3993 384 7728 7729 61 4404 13 553 57 20412 14780 481 13 359 8452 2354 3873 636 125 4 7894 -1 -1 0 0 0 0 7 6 9 4 5 6 6 4 5 4 0 0
"cc1615243c0cb70e" 14 2 10168 10169 116 798 13 553 9464 515 17765 2 7159 1773 4 7895 -1 -1 0 0 0 0 6 5 7 6 6 6 4 3 5 3 0 0
"d48d1fb7695fee48" 17 2 11373 11374 704 8091 3189 13 553 359 8950 20413 13 347 20414 330 330 4 7896 -1 -1 0 0 0 0 8 6 8 7 6 5 5 4 6 4 0 0
"0a51ce8d9da2b8b5" 14 2 3972 428 1561 13 553 10168 10170 13 357 8091 10175 2398 4 7897 -1 -1 0 0 0 0 9 6 8 8 7 5 4 3 5 3 0 0
"b3c044754959e201" 13 18792 20415 17445 20416 13 553 191 20417 19332 1882 20418 3935 4 7898 -1 -1 0 0 0 0 6 5 7 6 6 5 5 4 5 4 0 0
"654e3df7c24d3752" 16 191 313 3037 353 6787 7589 13 553 20419 934 981 425 13 7258 3935 4 7899 -1 -1 0 0 0 0 6 6 5 7 6 7 6 5 7 6 0 0
"c841e2be719bc865" 14 10539 187 2 20420 20421 13 553 15742 645 1071 150 20422 4348 4 7900 -1 -1 0 0 0 0 7 6 7 5 6 5 4 3 5 3 0 0
"682d9af50f010d88" 19 191 150 36 8185 14616 13 548 20423 677 13 553 14195 7079 359 5555 20424 11390 787 4 7901 -1 -1 0 0 0 0 5 5 6 6 7 5 6 5 5 6 0 0
"ec40217a00ed499b" 42 1539 171 71 6168 13 6787 20425 13 553 1182 20426 305 1333 2 9048 13 357 8340 8336 457 20427 5381 13 553 9355 127 283 134 9142 13 102 1187 10544 38 10545 61 13 18483 2 20428 20429 4 7902 -1 -1 0 0 0 0 7 7 8 8 6 9 6 5 7 6 0 0
"68f4b7d5fc2ec52a" 14 7084 7085 7086 553 7087 7088 20430 13 20431 1307 1842 8131 8202 4 7903 -1 -1 0 0 0 0 6 5 6 6 5 6 4 4 5 4 0 0
"ba65573f7b612dba" 20 13122 3210 13 357 150 20432 4317 13 553 4623 1414 19159 2 6836 305 737 953 20433 6561 4 7904 -1 -1 0 0 0 0 8 6 8 6 7 5 6 4 5 4 0 0
"89ed4e9faae5a024" 17 165 988 2999 13 25 420 474 13 553 17392 18202 20434 13 191 5557 7887 4 7905 -1 -1 0 0 0 0 6 6 6 6 6 5 5 5 6 6 0 0
"a8898e05f1b9cfb4" 44 66 23 113 10439 25 931 4304 61 13 553 160 4856 61 20435 13 283 87 171 20436 358 13 553 3993 384 7728 7729 61 102 373 9929 11518 20437 13 347 3302 1667 61 596 25 3313 737 9664 396 4 7906 -1 -1 0 0 0 0 7 6 8 6 7 6 5 4 5 5 0 0
"283ef771b5963741" 19 359 14588 14589 1737 14590 13 553 134 373 102 20438 7443 13 2 1523 1342 20439 20440 4 7907 -1 -1 0 0 0 0 9 5 9 8 6 4 5 3 5 3 0 0
"4d8e7c1ed95b718c" 18 1522 14373 305 113 7763 13 553 1976 200 27 737 18 13 2 1534 2696 6168 4 7908 -1 -1 0 0 0 0 8 6 8 5 6 6 4 3 6 4 0 0
"bf4babd415873e73" 20 417 7545 7546 13 1854 297 2867 13 553 453 102 361 19601 457 2 1342 361 7493 20441 4 7909 -1 -1 0 0 0 0 6 6 6 4 4 6 4 3 2 3 0 0
"c3827eaa9156a07c" 20 596 588 13 191 102 61 53 697 13 553 2 1862 519 13 25 6252 15225 2941 1337 4 7910 -1 -1 0 0 0 0 6 8 7 6 4 6 6 5 3 4 0 0
"c4e28387c8d90f9d" 19 20442 7348 858 14415 504 3110 13 553 357 1854 125 297 2867 13 1069 61 113 8497 4 7911 -1 -1 0 0 0 0 8 6 8 7 6 7 4 3 6 4 0 0
"593b1b206e4675b0" 17 1451 1452 1453 13 482 102 361 9142 13 553 8003 9332 13 11026 504 20443 4 7912 -1 -1 0 0 0 0 7 9 9 7 5 5 3 5 9 5 0 0
"ab2eec49256bb6bd" 21 417 7545 7546 13 20444 347 7428 13 553 357 1522 1109 305 7763 13 1071 34 26 53 749 4 7913 -1 -1 0 0 0 0 6 6 6 4 4 6 4 3 2 3 0 0
"12a2bfc3f9187732" 19 1331 9325 15972 13 1071 150 1892 13 553 548 2248 330 3456 13 102 386 297 20445 4 7914 -1 -1 0 0 0 0 6 7 6 5 5 6 5 7 4 6 0 0
"a820dd1c08d6b0b5" 43 3314 4228 636 4309 13 6836 113 20446 373 13 553 977 3253 4899 13 171 3261 345 6849 20447 13 553 14747 14748 14749 14750 5579 14751 13 553 357 66 534 1403 13 347 7428 1580 1510 1079 504 20448 4 7915 -1 -1 0 0 0 0 5 7 5 4 5 5 2 4 1 5 0 0
"3a6a11d92142997f" 21 10051 10052 13 191 102 386 20449 13 553 6302 263 1765 1882 3411 13 12072 61 6785 25 388 4 7916 -1 -1 0 0 0 0 4 6 6 7 7 6 6 6 7 8 0 0
"2d84d1c7e6dcecbf" 20 35 5626 134 1593 13 1109 1545 13 553 5870 12238 13 134 61 20450 87 1304 9076 20451 4 7917 -1 -1 0 0 0 0 6 8 8 6 6 6 3 5 4 7 0 0
"42c2e4677268d2cc" 21 41 452 93 4871 1602 2861 504 5881 13 553 191 610 898 13 1200 1842 102 1047 297 7493 110 7918 -1 -1 0 0 0 0 5 7 4 4 5 4 2 4 3 5 0 0
"426dc53cd8a6aa25" 23 20 10254 3416 1043 13 87 61 20452 20453 13 553 200 979 13 191 102 7131 2 19843 16241 3302 355 4 7919 -1 -1 0 0 0 0 7 6 8 6 7 4 3 5 3 4 0 0
"a9e1d067b07b1fd5" 23 452 388 357 770 13 28 2652 20454 18317 13 553 3048 3751 3752 13 1071 61 93 3381 1333 2 10092 4 7920 -1 -1 0 0 0 0 8 8 8 6 5 6 5 3 5 6 0 0
"26dc524249bbafb9" 20 16040 20455 13 1695 113 17541 1360 13 553 13228 20456 13 504 150 151 12624 330 20457 7585 4 7921 -1 -1 0 0 0 0 7 6 6 5 3 7 3 5 2 3 0 0
"3fa8df1fd5d708c9" 33 15400 61 17763 13 150 20458 20459 13 553 16871 979 20460 13 2683 20461 636 3753 13 553 704 7736 13 321 20462 1890 7123 6019 2 1314 386 305 326 4 7922 -1 -1 0 0 0 0 6 6 6 4 4 5 6 7 3 9 0 0
"7d87a69813f0cac0" 21 357 134 793 13 35 1568 150 2889 1550 13 553 12232 12233 13 357 150 151 20463 12583 20464 4 7923 -1 -1 0 0 0 0 7 5 7 7 3 5 3 3 4 6 0 0