"a22ac3dec403b513" 31 66 23 5782 13 87 4109 1016 8958 4 553 16377 11773 3635 19249 19250 553 41 34 35 1297 171 19251 13 34 35 19252 36 265 19253 1925 4 7624 -1 -1 0 0 0 0 6 7 9 4 6 6 2 3 2 2 0 0
"a96e895607f11551" 18 102 920 2273 2274 2275 13 553 35 34 286 4079 504 2265 1188 13 1071 19254 4 7625 -1 -1 0 0 0 0 7 7 9 5 6 7 3 2 4 2 0 0
"cbe6d59c38e91f0b" 24 297 12463 2883 10591 13 95 860 61 297 4184 4 553 357 1494 150 151 1495 13 87 61 2348 1131 3123 4 7626 -1 -1 0 0 0 0 6 6 9 5 6 6 2 2 3 2 0 0
"a623bdd98fa63cce" 23 1020 1114 2888 2890 13 357 331 150 1363 4 553 66 15077 15078 1928 9190 766 13 191 801 116 621 4 7627 -1 -1 0 0 0 0 4 8 7 6 5 4 2 2 3 7 0 0
"fd8936a927c499c1" 29 66 4827 2813 1084 13 1580 368 18292 1033 4 553 704 633 1181 13 35 8480 4302 19255 553 6615 10827 3706 13 357 66 10219 3189 4 7628 -1 -1 0 0 0 0 7 6 8 5 6 4 3 2 3 6 0 0
"12092fee871536bc" 21 1842 19256 9443 13 1837 3081 19257 4 553 357 347 600 6677 3401 13 294 13069 361 125 6949 4 7629 -1 -1 0 0 0 0 6 6 8 3 5 4 3 2 2 2 0 0
"b4c85e0d0170dd51" 26 586 13 35 3235 35 367 573 4 553 13310 13657 5054 6203 349 5124 160 13 553 171 2165 19258 13 188 19259 3842 4 7630 -1 -1 0 0 0 0 8 8 9 7 7 7 5 2 8 2 0 0
"33e18f1591430630" 24 93 6020 4421 171 19260 13 347 2977 417 3956 4 553 2 1022 1088 396 703 590 19261 704 359 10927 19262 4 7631 -1 -1 0 0 0 0 8 7 8 6 5 6 4 2 7 2 0 0
"76c8d53aedda85a8" 23 10576 10577 13 35 286 19263 171 660 14858 4 553 357 34 26 504 2520 13 12980 13 93 793 66 4 7632 -1 -1 0 0 0 0 6 9 9 5 5 4 6 2 4 4 0 0
"275c3e4a0b246501" 28 1042 61 16020 16021 15529 16022 16023 4 553 150 151 11016 13 28 19264 19265 19266 553 20 23 1125 1126 13 102 61 297 1733 4 7633 -1 -1 0 0 0 0 5 8 7 4 6 3 2 6 4 5 0 0
"c9524e78d6a1833a" 19 15042 15043 15044 13 19267 530 4 553 2 12425 15434 3110 1113 13 6831 2018 2 2796 4 7634 -1 -1 0 0 0 0 6 6 7 5 6 5 3 2 3 4 0 0
"aa6fa9ecd8138bd9" 25 787 13697 13 95 61 87 102 19268 115 4 553 2 76 61 8695 8325 8696 13 34 186 35 1934 1749 8612 4 7635 -1 -1 0 0 0 0 8 6 7 6 7 5 3 2 3 2 0 0
"50e4ca21b329c129" 23 41 484 8328 9486 5658 13 34 139 2056 942 4 553 35 637 2507 13 113 3845 545 34 13 457 4 7636 -1 -1 0 0 0 0 8 7 6 6 6 3 4 2 7 2 0 0
"27d718b552cac6aa" 20 2 3753 13 87 61 87 19269 4 553 2 4702 4703 188 4704 1842 20 396 19270 3497 4 7637 -1 -1 0 0 0 0 6 8 7 6 6 2 4 2 7 4 0 0
"294008a846674d94" 22 16464 11963 19271 13 2683 2777 492 4 553 20 5779 361 5780 13 2 19272 2327 2368 13 2054 1750 4 7638 -1 -1 0 0 0 0 7 7 7 5 6 4 3 2 3 5 0 0
"cd46936211914f25" 16 34 3275 578 35 151 8213 13 553 34 3302 19273 7323 171 19274 394 4 7639 -1 -1 0 0 0 0 5 3 6 5 3 2 3 4 2 4 0 0
"9fc64aec3504e156" 15 171 19275 61 457 19276 13 553 1109 16318 578 13 150 362 19277 4 7640 -1 -1 0 0 0 0 7 7 8 3 4 5 3 2 5 2 0 0
"d158c66d9f9dab1d" 16 95 61 87 6132 38 150 6915 13 553 482 12849 19278 6784 19279 19280 4 7641 -1 -1 0 0 0 0 6 8 7 8 5 5 2 5 3 6 0 0
"f9ff786f223c7508" 18 1016 19281 19282 3488 3939 2518 13 553 34 3004 2087 10324 9387 19283 19284 1498 19285 4 7642 -1 -1 0 0 0 0 8 9 9 9 4 7 2 4 3 5 0 0
"086a0c8d4513bbe7" 15 1837 621 2941 1201 19286 13 553 357 13399 9269 457 19287 18074 2465 4 7643 -1 -1 0 0 0 0 5 4 5 4 3 4 3 3 3 4 0 0
"af91f24f8ed904bf" 14 134 10275 190 19288 13 553 66 3302 13099 6369 13 18764 9733 4 7644 -1 -1 0 0 0 0 6 6 7 7 6 2 2 6 5 5 0 0
"6bb16aac66744927" 17 171 839 150 1550 6915 13 553 2 66 4460 4703 188 19289 19290 6659 6660 4 7645 -1 -1 0 0 0 0 7 6 8 6 5 6 3 4 4 2 0 0
"715505b3202b4d48" 20 66 15077 15078 1928 897 9190 13 553 188 9216 125 13 357 9933 1403 297 748 93 6091 4 7646 -1 -1 0 0 0 0 5 5 4 3 3 4 2 3 3 4 0 0
"da85e4b253802486" 15 19291 61 1052 297 5980 13 553 357 19292 19293 19294 96 18074 3132 4 7647 -1 -1 0 0 0 0 8 7 9 6 5 5 4 3 2 5 0 0
"ab5ff9c4df1c341a" 17 6615 1494 8797 19295 19296 13 553 87 1131 2348 3123 1331 6706 19297 19298 2056 4 7648 -1 -1 0 0 0 0 9 7 8 9 6 8 4 7 5 6 0 0
"d52bbc109690fa80" 18 787 19299 13 5709 171 18405 6332 13 553 3890 3488 19300 2 16020 16021 19301 146 4 7649 -1 -1 0 0 0 0 7 6 6 3 4 4 2 5 5 2 0 0
"a06f0451fefec880" 16 95 2859 17828 953 3003 13 553 357 588 1114 2888 1162 2 323 3003 4 7650 -1 -1 0 0 0 0 6 3 4 6 4 4 4 9 5 9 0 0
"f2ca3cf6dde82114" 19 16464 16465 16466 1165 13 553 2 4827 2813 12771 13 2 9463 19302 19303 2 1879 19304 4 7651 -1 -1 0 0 0 0 0 0 0 0 0 0 0 0 0 0 0 0
"20792c2ee3c03ce9" 19 102 763 728 19305 19306 19307 13 553 357 1494 1495 1550 13 87 19308 2 1328 18895 4 7652 -1 -1 0 0 0 0 8 7 7 9 5 4 4 5 3 7 0 0
"c91b09a738e7b785" 18 3890 457 18074 16020 16021 13 553 357 66 14207 457 13 76 61 8695 1737 11652 4 7653 -1 -1 0 0 0 0 5 6 6 5 5 3 4 8 3 5 0 0
"4e4f71b0d6f4b257" 19 1342 61 14620 19309 13 1016 6270 19310 13 553 704 633 3175 2 3488 28 19311 19312 4 7654 -1 -1 0 0 0 0 8 6 7 8 7 5 4 3 9 8 0 0
"f78afa567bd28e1d" 22 35 19313 2265 1188 13 548 19314 4337 19315 13 553 20 4153 1055 10682 19316 2 649 19317 731 1093 4 7655 -1 -1 0 0 0 0 4 7 7 6 7 5 3 2 8 5 0 0
"41ded24a6e1625d6" 17 35 66 1379 13 321 322 13 553 3385 15077 12931 19318 2 19319 578 170 4 7656 -1 -1 0 0 0 0 4 6 5 7 6 4 2 3 6 5 0 0
"ff14044f01002998" 23 4827 1389 19320 19321 13 191 23 1126 1125 13 553 655 19322 19323 454 13 150 1408 151 6915 19324 467 4 7657 -1 -1 0 0 0 0 7 7 9 7 8 7 4 2 5 4 0 0
"d9b1e20cdf0dfd58" 17 35 3299 3253 13 66 15077 15078 9378 19325 766 13 553 15042 19326 19327 19328 4 7658 -1 -1 0 0 0 0 4 6 8 7 8 6 3 2 6 4 0 0
"b38cf4f22c589713" 21 297 7559 2807 10591 13 347 993 3003 286 13 553 2 7737 1529 19329 1113 20 19330 116 19331 4 7659 -1 -1 0 0 0 0 3 5 5 6 7 4 3 5 4 7 0 0
"63e2b6fec2563ebe" 15 19332 16020 19333 15529 603 16023 13 553 12980 545 942 19334 19335 19336 4 7660 -1 -1 0 0 0 0 6 4 5 6 6 3 5 4 6 7 0 0
"98cb6069b3dcea69" 18 19337 2 1022 13 588 1114 2888 2890 13 553 7325 7392 19338 2 19339 19340 170 4 7661 -1 -1 0 0 0 0 5 5 7 5 6 2 3 4 5 6 0 0
"dafb7af9f1bcc8d4" 18 19341 19342 19343 53 19344 13 553 1664 174 6132 134 165 13 1533 19345 19346 19347 4 7662 -1 -1 0 0 0 0 6 6 6 7 7 5 4 2 4 4 0 0
"4c4448fdf50c8a9d" 18 1842 16434 9443 13 19348 4827 1389 19320 19321 13 553 19349 417 19350 6547 4254 14281 4 7663 -1 -1 0 0 0 0 7 7 7 6 7 6 4 2 5 4 0 0
"8f49bcf383eb7f25" 21 1900 7322 7323 13 87 655 6412 13 3020 4109 8958 13 553 19351 104 19352 2094 2 19353 3104 4 7664 -1 -1 0 0 0 0 7 8 8 7 9 5 4 4 5 5 0 0
"92ad68e14de02df6" 21 16464 335 19354 9721 13 16465 16466 1033 13 553 13399 9269 1808 5358 19355 113 787 61 19356 2316 4 7665 -1 -1 0 0 0 0 6 6 8 6 7 5 3 4 5 5 0 0
"ac438fefe70005e8" 27 1160 19357 2 150 1510 19358 4703 188 19359 13 553 20 4153 19317 1055 3125 4514 10682 2 1047 19360 18177 1160 14359 2644 6470 4 7666 -1 -1 0 0 0 0 6 6 6 6 7 5 4 3 6 5 0 0
"82c29906fb5da4a9" 27 102 920 19361 19362 19363 13 297 61 2348 1131 3123 13 553 19364 417 8307 2 19365 13 1374 87 19366 174 19367 19368 1033 4 7667 -1 -1 0 0 0 0 5 7 7 7 8 3 3 8 6 7 0 0
"56aabba5faca87f3" 18 1342 61 14620 19309 13 1016 6270 19310 13 553 704 633 3175 2 351 19369 845 4 7668 -1 -1 0 0 0 0 8 6 7 8 7 5 4 3 9 8 0 0
"45576714167a967d" 20 12849 12852 12850 13 1750 13697 5795 6907 13 553 2842 19370 13 191 17938 19371 19372 19373 19374 4 7669 -1 -1 0 0 0 0 2 2 5 2 2 2 5 1 3 4 0 0
"5ba58648a788a0ce" 34 15576 1886 12291 13 25 704 669 376 13 19375 19376 19377 13 553 1109 113 1872 19378 2 9356 19379 13 1071 2652 19380 1192 19381 13 1122 61 19382 15255 8688 4 7670 -1 -1 0 0 0 0 6 5 4 6 5 2 4 3 2 4 0 0
"f8ca915677a51f09" 28 8047 3189 1162 1160 7630 13 1182 19383 388 354 13 553 4638 102 796 2890 13 102 95 19384 13 956 1016 845 1250 3221 1773 110 7671 -1 -1 0 0 0 0 6 5 5 5 4 2 4 2 2 3 0 0
"c26d52b078cf4694" 35 347 39 2941 362 2999 13 1580 34 19385 504 2370 13 3302 15128 19386 515 13 553 2652 796 1571 2 4386 19387 13 2 170 19388 7212 7949 731 19389 2 9234 4 7672 -1 -1 0 0 0 0 2 3 3 2 2 2 2 3 5 6 0 0
"fcc60cdca89ad02a" 25 5583 5584 13 341 1593 19390 3178 13 553 1071 19391 361 772 3198 13 1549 345 275 7165 35 174 860 361 1487 4 7673 -1 -1 0 0 0 0 4 3 3 4 3 2 2 3 5 4 0 0
"aa79f6d67300b997" 38 1047 19392 6604 2620 515 13 357 66 347 19393 13 553 373 39 15368 357 1750 1750 13 357 600 4589 13 66 5709 3100 2 1934 19394 297 748 20 771 25 19395 19396 19397 4 7674 -1 -1 0 0 0 0 5 5 3 4 4 2 2 6 2 7 0 0
"4051bbb928c67035" 32 508 15617 2 2398 698 19398 19399 19400 13 1122 1964 2165 19401 13 553 6083 4667 19402 19403 13 95 19404 150 8493 515 13 985 19405 171 19406 5399 4 7675 -1 -1 0 0 0 0 6 5 4 4 4 2 2 3 5 4 0 0
"5262ad1fee17122b" 30 16274 19407 823 13 357 1029 150 6666 14281 3389 13 553 5140 61 171 8373 2 171 19408 13 347 1593 1842 20 19409 188 19410 19411 19412 4 7676 -1 -1 0 0 0 0 5 5 3 2 2 2 2 6 4 7 0 0
"4f55fe8cdac6a776" 49 313 170 617 13 1255 102 373 19413 17652 13283 19414 9011 1901 13 3883 19415 19416 13 553 357 753 19417 13 19418 1660 171 2757 13 2 2880 7721 188 6417 55 19419 55 19420 55 19421 13 345 188 6326 2 19422 19423 19424 19425 4 7677 -1 -1 0 0 0 0 2 4 3 3 4 2 2 3 7 6 0 0
"a8da975455073623" 47 3241 321 2928 367 13 1549 7558 34 4799 13 7677 53 2891 19426 12114 435 13 553 171 19427 2809 286 990 19428 13 357 66 5896 4051 2 19429 13 596 20 4402 93 13 114 150 2062 993 13 359 19430 171 19431 4 7678 -1 -1 0 0 0 0 4 3 3 4 3 2 2 5 6 7 0 0
"94d83641e858ef3d" 37 346 87 445 19432 2340 13 772 2155 102 286 2385 13 553 357 9088 61 9089 13 2 25 5863 19433 19434 13 19435 1889 1319 13 1580 1002 412 722 13 412 953 19436 110 7679 -1 -1 0 0 0 0 2 2 3 2 2 2 2 4 6 3 0 0
"89a6b591a116376b" 50 25 349 355 191 746 171 2258 358 13 19437 150 355 993 20 171 19438 19439 13 553 357 19440 19441 722 13 2243 388 4766 19442 2 9603 19443 13 2 515 607 188 19444 19445 2737 19446 13 515 1420 323 188 19447 2 19448 19449 4 7680 -1 -1 0 0 0 0 6 5 4 5 5 3 4 3 7 6 0 0
"c6b55b10321f7982" 32 1071 1793 3477 3478 13 19450 174 616 349 3478 13 553 150 4337 362 3438 2451 13 113 18939 25 731 1669 13 1042 150 2131 721 19451 13 5609 4 7681 -1 -1 0 0 0 0 4 3 3 4 3 2 2 4 5 4 0 0
"171f28c715a72270" 33 2 7054 326 13 7055 2132 19452 13 586 1580 19453 305 2696 13 553 1549 4089 4090 23 19454 13 134 920 305 2227 13 18827 171 6030 4092 330 4093 110 7682 -1 -1 0 0 0 0 4 4 3 4 3 2 2 3 7 4 0 0
"b7bbf16627a8fdc0" 39 607 12095 2 639 1825 19455 13 102 19456 358 19457 13 6659 1208 16822 19458 13 553 357 7112 1736 737 13 1609 7180 10834 19459 5501 19460 13 66 574 1580 87 19461 19462 19463 19464 4 7683 -1 -1 0 0 0 0 5 3 3 4 3 2 2 3 5 4 0 0
"e351df46585514c0" 17 722 1121 1420 171 11 1897 1665 553 530 415 1489 96 2 1109 480 1516 16483 7684 -1 -1 0 0 0 0 9 8 9 6 8 8 2 1 3 3 0 0
"323efcca3cbba752" 25 217 13591 19465 19466 13 13810 13811 13 219 13812 5065 13 553 6223 66 6243 566 1043 2747 13 19467 19468 2936 5881 4 7685 -1 -1 0 0 0 0 8 9 9 8 8 9 4 3 5 4 0 0
"7726636452256912" 25 2929 9464 453 9465 8175 9530 553 8470 1047 8471 8472 8473 8474 13 553 19469 23 5515 35 66 4352 8062 621 68 4 7686 -1 -1 0 0 0 0 8 9 9 6 7 7 4 3 5 3 0 0
"e3eb23cdd3ba5377" 19 423 66 827 134 10884 19470 553 650 15437 19471 553 10477 1296 10478 357 25 331 19472 110 7687 -1 -1 0 0 0 0 7 8 7 6 6 6 4 3 5 2 0 0
"23db41ee49aa8c10" 25 6843 6867 6844 13 38 10560 537 8412 107 553 61 9355 127 2 19473 5885 553 1109 1110 3253 125 13 5111 19474 16483 7688 -1 -1 0 0 0 0 9 9 9 8 8 9 4 3 5 3 0 0
"f93fa61da3874312" 30 2 1315 171 6285 6286 13 2929 9464 453 9465 553 8470 1047 8471 8472 8473 8474 553 357 134 66 824 191 102 1602 6633 6864 2042 4401 4 7689 -1 -1 0 0 0 0 8 9 9 7 7 7 4 3 5 3 0 0
"b3d26bbf158bffd7" 14 2 7437 66 5583 5584 553 1735 1736 2 95 2027 61 19475 4 7690 -1 -1 0 0 0 0 7 8 8 6 7 7 4 3 6 4 0 0
"bd772cce1d691315" 27 2 6004 13 66 7054 326 7055 2132 7056 553 15576 1886 1450 25 704 376 3396 553 357 66 10219 1129 2 3200 489 18538 4 7691 -1 -1 0 0 0 0 8 9 8 6 6 6 4 3 5 3 0 0
"af65c31b31f6046c" 23 3971 13 282 1109 19476 12993 553 8047 3189 1162 7630 553 722 1121 1420 171 11 1897 13 282 66 113 1220 7692 -1 -1 0 0 0 0 7 8 8 6 7 8 2 1 3 3 0 0
"625429afbbad9372" 29 687 2999 19477 13 150 36 4309 19478 553 8341 15280 15281 2 2652 66 113 6564 19479 553 1047 1646 4134 2620 76 1890 66 579 621 4 7693 -1 -1 0 0 0 0 7 8 8 6 7 6 4 3 5 4 0 0
"f11ae1c5f00a8019" 30 15332 93 15332 19480 6927 9192 553 13803 13804 13805 13621 13646 209 5090 9405 4546 13 553 217 13810 13811 13812 5065 13 213 9551 19481 61 19482 4 7694 -1 -1 0 0 0 0 8 9 9 8 8 9 4 3 5 4 0 0
"f00354ab84e753d1" 31 5324 15617 2 2351 13 547 171 1342 61 19483 553 4667 1093 297 35 66 19484 134 2 19485 553 16274 61 823 2 87 1841 150 19486 8655 4 7695 -1 -1 0 0 0 0 8 9 9 7 6 5 4 3 5 3 0 0
"a94f7414ba1cbc52" 49 1029 150 653 3388 3389 13 1109 19487 113 6332 553 313 170 617 13 1034 347 1379 362 553 13579 13580 13581 13582 11061 13583 13 66 19488 1720 19489 13 93 1376 294 93 13 373 14683 93 19490 2 2261 34 19491 209 1604 19492 4 7696 -1 -1 0 0 0 0 7 8 8 7 6 5 4 3 5 4 0 0
"9409edb3c5c365de" 27 3241 321 2928 16740 13 357 719 61 545 19493 19494 5937 553 9088 61 9089 13 150 350 19495 698 19496 25 19497 19498 3307 4 7697 -1 -1 0 0 0 0 7 8 7 6 6 7 4 3 5 3 0 0
"d42a0bee01b186c4" 33 25 349 355 25 349 355 553 28 150 6712 3663 990 13900 200 362 553 7168 66 827 134 10884 13 372 93 6170 20 2035 61 3307 171 19499 410 4 7698 -1 -1 0 0 0 0 7 8 7 8 7 6 4 3 4 3 0 0
"f4d8b5b869e5ced0" 35 4366 349 19500 25 4361 61 2165 2358 13 553 6843 6867 19501 1016 13277 2316 13 553 357 7389 6198 774 17126 38 19502 7804 66 19503 116 19504 19505 19506 19507 15 19508 7699 -1 -1 0 0 0 0 5 6 7 3 6 3 5 3 3 5 0 0
"7a0b4cd8f9e760a6" 15 28 1793 19509 4412 3478 13 553 5609 13 19510 19511 19512 2733 19513 4 7700 -1 -1 0 0 0 0 7 5 4 3 5 7 4 4 4 4 0 0
"2e976decfe63c055" 31 66 23 10477 608 1953 553 38 19514 4738 107 13 102 19515 19516 13 553 38 10560 537 8412 107 61 9355 19517 553 19518 13432 4412 19519 19520 4 7701 -1 -1 0 0 0 0 4 7 8 6 7 6 3 3 3 4 0 0
"f231c58bee41dab0" 34 19224 1882 19521 11 13 61 1069 4377 274 94 553 737 3253 125 13 1110 17492 1071 150 14905 553 530 415 1489 96 13 87 4766 19522 61 25 14319 305 4 7702 -1 -1 0 0 0 0 9 7 8 7 6 6 2 3 3 7 0 0
"7804c18c593e1aba" 29 347 598 357 720 588 566 949 2747 18 553 19523 13 999 19524 19525 2 18 359 281 553 949 14234 19526 2675 482 18460 999 704 4 7703 -1 -1 0 0 0 0 5 5 4 4 6 3 6 3 6 3 0 0
"cb9235f417da68f6" 28 3307 150 6712 3663 2664 13 553 2 1029 4549 17872 457 1754 13 553 7437 95 13 357 95 1016 4711 61 3437 19527 14052 8735 4 7704 -1 -1 0 0 0 0 8 6 7 5 6 5 4 4 3 6 0 0
"88657cf10baf3429" 34 102 15576 1389 1450 106 61 19528 3396 376 553 19529 61 19530 19531 13 19532 7465 19533 553 3971 13 19534 19535 19536 1047 8470 13 8474 1047 1016 19537 18979 8473 4 7705 -1 -1 0 0 0 0 6 6 5 3 5 6 3 6 5 4 0 0
"83d2b3aef247f5a9" 21 423 66 827 10884 134 13 553 6843 6867 6844 3067 7585 19538 13 553 687 1568 361 16293 19539 4 7706 -1 -1 0 0 0 0 9 8 7 6 7 3 5 2 4 2 0 0
"fe0a045cce54aee1" 28 35 19540 19541 19542 113 553 357 191 19543 19544 297 66 19545 349 15866 553 6004 13 2 191 19546 19547 13 95 2902 1093 297 4 7707 -1 -1 0 0 0 0 5 5 4 4 6 5 3 3 6 3 0 0
"8dcdd6623e472d69" 16 25 11551 349 355 553 357 7389 66 6198 17126 38 4766 1981 4 68 13 7708 -1 -1 0 0 0 0 8 6 6 5 7 4 3 3 6 3 0 0
"20514fca10961f65" 30 15280 8331 18405 15281 13 553 19548 13 5583 5584 116 1429 434 553 170 774 9038 737 9039 13 553 3500 349 19549 2 2439 150 3323 10824 4 7709 -1 -1 0 0 0 0 7 7 6 5 6 3 4 4 6 3 0 0
"3fb0ff6745b4e758" 37 687 1568 361 16293 19539 13 687 1568 19550 14176 19551 16293 19539 553 12095 13 19552 61 1069 171 19553 553 6004 13 2 1315 171 6285 19554 13 2 93 609 361 415 351 4 7710 -1 -1 0 0 0 0 6 6 7 6 6 5 3 3 4 2 0 0
"2f6a5d7c8e435a84" 32 7123 467 5828 2 1756 703 170 2747 14860 553 574 1580 16274 61 7313 2316 174 616 553 357 598 358 9025 18653 13 772 2155 87 19555 102 19556 4 7711 -1 -1 0 0 0 0 5 5 5 5 7 6 3 4 6 3 0 0
"dee008be68fc41b1" 30 217 13810 13811 13 13812 14568 553 720 414 3284 1043 4421 188 19557 13 553 102 18893 1093 13 19558 566 13 553 170 774 9038 737 9039 4 7712 -1 -1 0 0 0 0 7 5 6 5 6 8 4 4 5 4 0 0
"9e1ed90ca680866f" 53 28 1793 3477 3478 66 185 23 2735 20 19559 19560 19561 13 553 209 5609 13 18074 10817 467 297 3372 308 150 4208 295 19562 19563 3853 19564 19565 19566 737 553 2 3241 321 2928 16740 13 19567 19568 13 1109 19569 19570 18759 19571 19572 19573 508 19574 4 7713 -1 -1 0 0 0 0 6 3 3 3 4 5 4 3 3 4 0 0
"94025c44542c1527" 45 28 150 305 6712 3663 8776 13900 200 362 13 553 2916 55 19575 608 2855 113 373 61 53 200 2 8776 19576 4 553 13803 13804 13805 7044 19577 19578 13 553 19579 1990 357 19580 19581 19582 19583 373 1015 19584 4 7714 -1 -1 0 0 0 0 5 7 5 6 6 5 3 5 5 5 0 0
"d4a7e16fa21784bb" 31 3971 13 2717 457 1886 2801 61 415 11440 13 553 4088 610 457 4090 2 4091 421 330 19585 1713 110 553 9088 457 9089 19586 19587 19588 19589 4 7715 -1 -1 0 0 0 0 7 7 6 7 5 8 6 4 6 5 0 0
"4fe96b4372267d3a" 50 347 151 11869 19590 13 66 23 19591 33 1091 384 4 553 7026 7027 1109 7028 13 19592 799 19593 4 553 11061 11062 13 11063 11064 11061 11062 13 33 150 545 19594 20 19595 4 553 19596 2 19597 19598 61 1990 1305 2785 19599 19600 4 7716 -1 -1 0 0 0 0 8 8 9 7 6 6 6 8 6 7 0 0
"38ff8bbba2673ec5" 36 453 102 455 305 19601 457 449 13 553 742 3075 3125 19602 305 19603 19604 4 553 19605 19606 61 1093 8244 19607 13 553 415 286 1867 297 6245 35 19608 19609 134 16483 7717 -1 -1 0 0 0 0 6 7 5 6 6 5 4 6 4 6 0 0
"bf0f5919a7fa4fe1" 19 20 19610 15193 102 18049 457 113 13 553 113 521 313 1110 13 493 102 535 134 16483 7718 -1 -1 0 0 0 0 8 8 7 6 6 6 6 6 7 6 0 0
"106bbef7c8db10ba" 31 499 1832 10288 739 7303 18256 13 553 13065 13066 23 6701 19611 4 553 150 16410 742 1852 1795 524 19612 4 553 19613 61 1429 13 19614 19615 4 7719 -1 -1 0 0 0 0 8 6 6 6 6 5 4 6 6 5 0 0
"2e80c12b1862aaec" 39 35 598 599 13 13 5255 19616 61 9983 357 19617 19618 19619 534 19620 4 553 150 36 297 11452 13 347 283 19621 95 102 520 19622 19623 13 1071 19624 1804 150 19625 330 1057 4 7720 -1 -1 0 0 0 0 6 6 6 7 5 6 6 7 6 6 0 0
"bb0e5cca6b3c4731" 21 4570 19626 19627 13 553 17180 1792 134 2 361 10316 1517 3663 19628 19629 66 19630 61 7484 53 4 7721 -1 -1 0 0 0 0 7 6 6 8 5 4 5 5 7 8 0 0
"a7389db5cdd7081e" 47 2 2349 19631 1038 13 19632 19633 19634 5577 6864 3019 12261 13 17717 636 10244 4 553 2 14615 373 7214 125 13 5419 14881 19635 19636 19637 835 19638 19639 16483 553 2 15347 417 8414 722 386 566 19640 636 39 19641 19642 4 7722 -1 -1 0 0 0 0 7 7 6 6 6 6 6 6 6 6 0 0
"afbe9a8a49fe1dc9" 38 357 999 353 13554 1747 13 457 19643 953 113 305 19644 13 553 35 36 37 38 39 40 13 357 19645 9683 417 151 13 553 2 7797 7800 7804 13 38 627 737 7068 4 7723 -1 -1 0 0 0 0 7 7 6 5 6 6 4 7 8 6 0 0
"7bb5c679a9c234a5" 22 102 1187 1178 10316 93 13 7804 5886 3302 136 19646 4 553 11972 361 1069 803 2451 13 19647 19648 4 7724 -1 -1 0 0 0 0 6 7 6 6 6 5 6 6 6 5 0 0
"804a571fb6fdf926" 31 2652 10171 18299 19649 13 553 341 847 417 5525 13 1726 4284 16483 553 357 25 487 13 191 102 3314 4228 2 19650 13478 10859 286 113 1113 4 7725 -1 -1 0 0 0 0 6 5 5 7 5 4 4 7 7 8 0 0
"dfbde68e8bac08ab" 17 474 10145 15311 8688 19651 13 553 35 388 1747 19652 1787 113 19653 3951 19654 4 7726 -1 -1 0 0 0 0 7 6 6 6 6 6 5 6 6 6 0 0
"beefb46b3238b8f3" 20 10125 16907 61 19655 19656 13 553 299 1239 302 19657 87 61 1034 566 19658 1363 19659 999 4 7727 -1 -1 0 0 0 0 7 6 6 5 5 6 5 5 6 6 0 0
"7778301fb0f4d939" 18 1675 7816 20 150 11413 25 66 1821 13 553 6836 737 18 774 19660 19661 10326 4 7728 -1 -1 0 0 0 0 6 7 6 5 5 6 5 6 6 6 0 0
"3aa73df168aa8e08" 25 19662 19663 4866 2208 35 1511 357 6623 19664 13 553 9678 19665 599 19666 19667 19668 357 13 2 6184 150 36 19669 4 7729 -1 -1 0 0 0 0 8 9 9 7 8 8 3 5 2 3 0 0
"3e186dc67abbc0fb" 19 25 487 25 1863 5568 19670 13 553 66 14249 14040 19671 13 999 353 18761 12938 17950 16483 7730 -1 -1 0 0 0 0 8 7 7 5 6 6 4 5 5 4 0 0
"2b94d9e7980dbaef" 15 2208 35 102 373 1817 1108 19672 13 553 113 19673 660 721 19674 4 7731 -1 -1 0 0 0 0 7 6 6 5 6 6 3 6 4 3 0 0
"3a87801b464e6823" 30 66 320 13 19675 553 2308 19676 537 1405 388 19677 200 16483 553 414 14102 2006 171 823 4777 13 19678 2 1669 19679 19680 134 1081 14985 4 7732 -1 -1 0 0 0 0 9 8 9 6 7 7 5 7 6 6 0 0
"b6f33ac2b24700ea" 15 19681 13 553 50 15487 19682 12277 553 373 19683 19683 19684 16483 68 13 7733 -1 -1 0 0 0 0 7 6 6 5 6 7 4 6 4 4 0 0
"e936542fb6585381" 14 345 774 3327 14443 19685 13 553 4763 1187 35 373 19686 1747 4 7734 -1 -1 0 0 0 0 8 7 8 6 6 7 6 5 4 2 0 0
"4e55223e35d5779f" 14 19687 3248 19688 13 553 1549 19689 102 10428 1376 19690 7065 2697 4 7735 -1 -1 0 0 0 0 7 6 5 4 5 5 4 3 3 3 0 0
"1d74d82c52a81f9d" 33 2 19691 19692 19693 13 13220 13 553 373 14615 18 20 34 645 15352 68 19694 68 124 553 19695 5392 110 16111 61 415 2941 1043 2817 953 4 68 124 7736 -1 -1 0 0 0 0 8 7 6 5 6 6 5 4 4 5 0 0
"7772098224c568c0" 19 19696 487 13 188 815 19697 19698 13 553 87 6132 607 19699 188 2151 19700 367 2340 4 7737 -1 -1 0 0 0 0 7 6 5 4 5 4 3 5 4 2 0 0
"a1d24646cafd76e8" 28 347 1832 10288 1978 10043 7412 13066 13 553 102 1187 35 87 10316 3338 4 553 373 10032 25 19701 193 13 5474 0 19702 10743 16483 7738 -1 -1 0 0 0 0 9 8 7 6 7 8 6 6 4 3 0 0
"07c816349d931041" 33 19703 19704 61 19705 68 553 15714 143 68 357 19706 68 553 171 1032 19707 93 19708 113 359 68 553 2236 68 19709 68 19710 19711 19712 2208 4 68 13 7739 -1 -1 0 0 0 0 6 5 5 5 4 7 7 6 5 2 0 0
"a4e84a10659cbebb" 23 20 1836 2 19713 19714 13 553 19715 766 2151 17619 4 553 2 19716 68 19717 68 13 19718 1270 3531 4 7740 -1 -1 0 0 0 0 7 6 5 5 4 5 4 4 3 3 0 0
"b0e838717d94a00e" 34 191 8370 8387 13 19719 1192 19720 110 553 19721 415 20 932 19722 19723 110 17652 68 347 19724 13 1549 20 19725 4 553 2453 10420 102 19726 19727 150 68 13 7741 -1 -1 0 0 0 0 7 6 6 7 6 6 5 6 3 5 0 0
"404fcb639d36e74b" 26 345 7026 7027 7028 19728 13 19729 301 553 150 8199 19730 5408 17806 13 553 2 7797 2316 61 7804 19731 19732 19733 188 4 7742 -1 -1 0 0 0 0 8 7 5 5 5 5 6 4 3 3 0 0
"6e305560fc12e6a8" 29 1071 19734 13 50 2652 15487 19682 4 553 357 999 353 19735 1747 13 7123 13556 1580 449 13 553 19736 10032 2696 13 11612 7848 11603 4 7743 -1 -1 0 0 0 0 9 8 8 6 7 8 5 6 4 3 0 0
"3bb0f4a3636f3869" 20 6836 18 20 95 1342 19737 553 1041 87 297 11452 13 191 12936 12937 3436 6659 1232 19738 110 7744 -1 -1 0 0 0 0 7 7 5 5 6 3 3 5 4 4 0 0
"8a6d2a3316983c49" 16 17180 992 357 2652 19739 11586 553 345 61 3327 162 38 1765 457 1173 19740 7745 -1 -1 0 0 0 0 6 5 4 6 6 5 2 7 2 3 0 0
"1c6ba789153feb56" 18 347 598 330 3401 13 347 36 330 1303 553 7101 7102 19741 2 18049 19742 19743 7104 7746 -1 -1 0 0 0 0 5 6 4 4 5 6 2 3 3 3 0 0
"7f7681410b7392d6" 21 20 1842 9362 13 35 1821 993 359 621 553 1821 1747 2780 1729 2 1857 722 13 564 171 19744 7747 -1 -1 0 0 0 0 6 7 7 7 6 7 5 6 7 6 0 0
"4be7288ef7e99cf4" 29 2 102 1047 9035 13 3302 3812 342 553 357 25 487 13 134 102 61 53 2730 553 113 313 703 421 13 35 774 1000 19745 19746 7748 -1 -1 0 0 0 0 8 7 6 7 7 8 7 5 9 7 0 0
"e3dcaf045c6cccd4" 17 19747 188 1803 104 11026 553 2652 1610 13 35 737 8414 1199 19748 19749 1232 19750 7749 -1 -1 0 0 0 0 5 7 5 4 5 5 3 4 5 4 0 0
"5b3322f3e0e4f122" 29 66 347 1356 8790 2700 1009 19751 200 13 553 9463 10125 13731 2 19752 171 8131 553 6836 737 18 351 4341 845 13 628 170 3327 4284 7750 -1 -1 0 0 0 0 8 8 6 7 8 5 6 5 6 6 0 0
"96ac066dc03907ad" 44 2006 3163 1247 3164 13 297 9652 606 1232 19753 13 553 4763 1187 337 2615 1232 13 452 12666 1213 553 2 14615 373 7214 13 171 3358 16083 113 13 435 19754 347 36 19755 357 66 5709 170 19756 11 1863 7751 -1 -1 0 0 0 0 2 4 3 2 4 3 2 3 2 9 0 0
"f80f2d0ba704c70f" 42 373 10032 25 10033 10034 13 373 150 362 323 1669 553 102 1810 13 19757 286 305 1065 53 553 1863 1420 297 20 3048 13 150 14311 36 3053 553 515 1094 603 3006 13 150 9499 305 2265 19758 7752 -1 -1 0 0 0 0 5 5 5 4 6 6 4 6 5 6 0 0
"10eba8df58a0330b" 37 102 4338 13 1510 150 2663 19759 553 357 18338 1016 2738 2 1930 1047 2321 553 102 1187 1178 10316 93 13 19760 102 4228 388 553 4763 1187 13 18829 61 1605 3434 520 113 7753 -1 -1 0 0 0 0 7 8 6 7 8 5 3 7 7 8 0 0
"a514569b9c0bb638" 37 2208 35 95 102 61 452 19761 19762 13 553 1058 1059 2 2652 102 606 8776 553 12936 12937 12938 357 18344 76 36 362 3165 553 20 1778 116 1773 2 23 9048 2859 19763 7754 -1 -1 0 0 0 0 3 5 6 5 6 3 3 6 7 4 0 0
"a5995f8b6f67976c" 35 2652 10171 1737 1192 19764 553 357 999 353 19735 171 19765 13 171 19766 553 1675 7816 1549 134 102 61 9142 553 34 6828 171 2684 13 66 347 36 330 326 19767 7755 -1 -1 0 0 0 0 5 7 6 6 6 6 3 5 5 6 0 0
"85abdc84d5015276" 44 3327 61 3327 162 13 38 19768 188 2429 446 553 2 191 171 15777 2160 297 19769 19770 553 95 150 36 19771 697 13 19772 6291 61 588 553 113 313 1778 774 2 5709 19773 457 305 113 297 359 61 7756 -1 -1 0 0 0 0 6 7 6 7 6 7 6 5 8 6 0 0
"bfcf6dd28fa3795a" 31 2 5124 13 188 19774 61 359 10927 553 347 1832 10288 1978 739 19775 347 704 19776 553 299 1239 302 134 102 1473 13 19777 19778 931 19779 19780 7757 -1 -1 0 0 0 0 8 8 6 6 7 6 5 5 7 5 0 0
"39ee53035e0c2f55" 35 453 102 455 305 456 457 449 553 474 10145 13 1184 1420 1890 39 553 357 1649 19781 113 5610 2 361 19782 3248 553 2 7797 7800 7804 1109 2722 2070 19783 4 7758 -1 -1 0 0 0 0 9 8 6 6 7 5 4 3 6 7 0 0
"1daea3ec45a47322" 21 305 15112 1250 3307 113 351 2 4414 110 553 150 36 297 11452 13 357 1069 268 15513 15487 4 7759 -1 -1 0 0 0 0 5 6 7 7 6 3 6 7 6 8 0 0
"f3bd73ef8c1a23eb" 21 38 1693 17471 2 2060 13 553 7101 7103 515 7599 13 357 150 330 5525 13 341 847 417 4 7760 -1 -1 0 0 0 0 8 8 7 8 6 8 3 5 3 6 0 0
"a0a07f7f1135fb15" 23 1983 361 588 19784 19785 35 455 13 553 171 15266 19786 61 19787 13 553 1405 26 53 19788 16483 68 13 7761 -1 -1 0 0 0 0 6 7 5 7 6 4 6 5 4 6 0 0
"da0b8fb83d7b9bab" 25 4570 13 19789 13 150 373 847 1780 553 191 6132 4691 2 19699 14479 12298 553 2349 61 1605 13 357 629 7804 4 7762 -1 -1 0 0 0 0 7 6 8 8 6 7 4 7 6 8 0 0
"4ed5c0bf9741cc3d" 19 1872 687 3763 13 357 346 87 36 963 13 553 1971 313 191 19790 13 25 11429 110 7763 -1 -1 0 0 0 0 7 7 5 5 4 6 5 6 5 4 0 0
"8289308a1b6de155" 18 41 3302 455 19791 125 19792 13 553 28 10920 10921 13 61 4304 5633 4 68 13 7764 -1 -1 0 0 0 0 3 5 9 4 2 5 2 4 3 3 0 0
"b07332ae09d54a0f" 17 150 437 13 136 6113 878 2123 93 19793 4 553 19794 607 5217 2200 134 4 7765 -1 -1 0 0 0 0 8 6 6 7 6 7 4 4 4 6 0 0
"aa6fbfbf30763f85" 26 6432 13 11978 13 2767 150 2747 19795 2056 13 553 1169 19796 150 1094 350 474 3746 4 553 25 5127 4699 1179 15110 110 7766 -1 -1 0 0 0 0 7 6 6 7 6 6 7 6 6 6 0 0
"514b5a5658e5af6b" 20 171 11302 150 36 1780 13 28 347 19797 19798 13 553 1718 150 330 36 331 19799 19800 4 7767 -1 -1 0 0 0 0 5 6 7 7 6 6 5 4 4 7 0 0
"6fa06d70f163cd7e" 30 532 13 102 421 35 13067 150 36 19801 13 553 357 4361 61 19801 13 102 421 423 504 19802 4 553 66 417 7123 2383 4862 19803 4 7768 -1 -1 0 0 0 0 8 8 6 6 5 8 5 6 6 7 0 0
"4614eebf28ce7d01" 28 41 737 313 19804 13 2 102 641 865 13 553 548 3763 13 150 305 343 362 13 553 28 150 36 10947 1890 1109 10965 4 7769 -1 -1 0 0 0 0 6 6 6 6 5 5 5 5 4 6 0 0
"d226465337228c2c" 25 66 7123 2383 4862 13 357 347 286 4589 3253 13 553 19805 19806 8508 171 3261 1207 113 553 12249 11342 8380 135 4 7770 -1 -1 0 0 0 0 7 7 7 5 4 5 6 6 5 6 0 0
"6eb85b504044b157" 24 8373 13 604 13 6826 13 61 2312 13 2 942 61 4304 13 553 28 10920 10921 13 87 723 171 923 4 7771 -1 -1 0 0 0 0 5 5 4 7 4 4 4 5 6 5 0 0
"e7038ee2cace474b" 20 1052 4415 13 7965 19807 171 19808 6591 13 553 1169 61 19809 5577 2316 13 19810 3307 19811 4 7772 -1 -1 0 0 0 0 6 5 6 6 5 5 5 6 6 6 0 0
"008146e9fb07fc45" 24 1971 313 19812 13 3198 325 13 588 171 19813 4 553 596 7077 1735 1680 4 2 19814 93 2767 566 19815 4 7773 -1 -1 0 0 0 0 4 3 7 3 4 4 4 4 4 4 0 0