"b510f43f83235bac" 6640 4798
"b1502a75820c17c7" 8270 56
"734918be656647d0" 4443 72 7731
"c0d21ff27ed99124" 1131 10608
"3ea49d1cb39398e6" 4484 7362
"64686c73efe7ea49" 9348 2560 3929
"497d625eea8803db" 1230 6193
"7414543c5ec5a9d3" 2134 8700
"dd63f868a4717e46" 3478 9432 790
"da5636d40a11fbbf" 3957 11279
"e2b5186cc75dc3e0" 5070 6347
"7dc68a5a7fd4df1d" 11107 163
"9f0ad4683091c72a" 9109 9444 1727
"a133543add4a7461" 9652 4745
"bb1bb5d6b1c6e7e1" 10894 6040
"4ca805ad44efcaca" 416 3127
"2b41e75e2d22bae6" 7870 10271
"9badc80027dea9c6" 9241 967
"2e32d96f298c115c" 3664 2741 11992
"3dcf48ce870e764f" 9579 3127
"66ce459beccdc60e" 64 6193 416
"ac1b4620cef9fb27" 72 2741
"235d62b886afaa08" 7731 1131 11279
"b6ec7dd7999691fc" 1971 2134 9241
"fabf66c60fbc07c4" 10608 10894 64
"e381299bb7160a3e" 7362 1727 6640
"0d95b80d86163fc0" 3929 8270 3664
"0f6abad5704d123a" 9348 4745 1230
"370fe594ab99adc3" 2560 5070 9652
"d746a45d56a76ed3" 9109 967 8700
"0c85399b61dc08e6" 6040 11107 11992
"f6a718be656647d0" 4443 72 1131
"9880496b8ad6f272" 4697 4484 6347
"030d6b8706fe16bb" 9749 7870 9444
"e38776965ff49a4d" 56 3934 3127
"449f3320595c6781" 6193 11279 10271
"e3b65c806fa30851" 790 7731 6040
"1ccb27e5fb40b73e" 9432 163 3929
"c966ce70a2de7f38" 10271 3478 4798
"6a7c21d9d8f9afff" 3957 416 2560
"d7161f0d72e23439" 4697 7362 9241
"fdb61bb04c564278" 3934 6640 11992
"4b28b95db9e6759a" 64 1230 2741
"217f639843fc27ec" 4798 8700 11279
"e046a2743bed4317" 2134 6347 10608
"a43e6f3993816850" 5070 4745 8270
"3738ff5bf7904710" 1727 6040 4443
"27e97468e5fce0f3" 671 7474
"a0dcd0ee435abc78" 7372 8217 6928
"be7bc0cb9301693c" 371 276 4275
"bf6f3a156c6ab0a3" 11694 11320
"83e210daf2c62cc8" 4005 1578
"a8e99fbc0d134871" 6473 10280
"be2af316781d43b1" 299 6543
"2865465739ae9609" 2471 8365 10225
"3b98201359159c03" 6928 1142
"4496a65502469791" 10135 6508
"98aa9acbc9e99535" 12144 9897 5883
"93a2f464bdcbcf4f" 1252 2104
"2e287756347582ea" 7372 8217
"2c549653b3af06b4" 2534 3623
"0384ef720604ad36" 1020 6878 8261
"9a7eb93369823331" 3020 299 2117
"9745f654ca32bee4" 11506 5850 2140
"a5c91957581ecd3c" 5605 4876
"a7cc51c49e3a5640" 8631 258
"9b926ed5ad450a91" 10158 11510
"bf1ad89a441c2298" 11872 11694
"bbe3e83c8a0af270" 2437 1142 3623
"386494beb0f73540" 11357 6033 11320
"81e1ae70f539c0df" 2471 12144
"08567b4fe8b0297a" 6878 6508 8365
"e084bf5ce681e15d" 9897 3020
"0b7a9d62699457cd" 4275 8812
"44ed83fa738cabfe" 2140 299
"8ec340a2953a5665" 5883 1020
"cd4d33009a901173" 4005 8261 5605
"421d3cfcb5454a60" 4876 2104 10135
"67779fbc0d134871" 6473 276
"cb0ef5a5e39d8881" 1578 8365
"ec72433d9682400c" 8217 11694 10158
"8abebd806aae8be7" 11872 10225 258
"c0e97468e5fce0f3" 671 7372
"150c45c9c8048ce2" 6543 7474 10135
"7d65db6ad77d39fe" 2117 9897
"444c8cfe739a3890" 2437 6543 299
"74559707fbe29671" 11506 6928
"c137e92c4d5f8961" 8631 1252 12144
"54b10a8d961a9fb8" 5850 371 5883
"88b55393d9ed3d75" 11357 6878 276
"d0e7e4a0cf7f13d4" 1142 3623 7587
"ac7ecfed34e6373d" 6033 3020 8812
"4622eab75ef5debf" 10280 4275 2140
"31f0df9b89fbc965" 2329 7510 6251
"76967bfd4cb324f5" 491 9803
"1d86c78bc88b9b36" 1892 10398 6782
"3bab586c13d59e3e" 5402 7284
"c310efdf547f7285" 4466 3205
"51dbf1414def40d3" 7318 5029 3237
"f3ac01e45492efdd" 675 2322 3825
"3b75c32a99001f2d" 4519 267
"e593865fd48d5f55" 2451 6330
"c6af66394a4dc390" 948 5083
"b96e0a2410f7fed1" 6842 11305 11955
"c23459a97a75a021" 5645 7638
"5218001babd03f54" 6762 10710
"069a9b16359a31a7" 9595 5108
"f6b217880f903e1a" 4598 3420 3220
"25bedcbceb4e6ceb" 3153 2952
"391e725189e42fe9" 5072 2710
"1e0f8b3474f241f6" 5072 1892 948
"f5a14d6a9e51ba35" 3220 11955 267
"a78a6768c4275706" 5083 7284 6842
"7d77068079d3e5ab" 9803 6330 2329
"8432a02c1ffb6563" 491 2952 5108
"e88dadf829987479" 3205 6762 2710
"e3d33c5e5c047140" 7318 3153 2322
"8bce923ae4e64072" 941 10398 948
"850d141dd59b162f" 4224 6251
"46de52e5c7813809" 11305 9803 9595
"8b349f7a80794256" 3153 267 4519
"7fd439c95918c6a4" 11955 7510 5029
"ccddf8e11862c193" 2451 3220 5108
"a9875b3055860280" 6762 3205 10710
"b3ff0bb6c27d54f9" 3420 6782 5072
"7ea970bfef9fd42e" 6842 2952
"82c0eef2b7bec6b1" 7638 2329 3220
"3162cd4f1a992553" 6782 10398 2710
"9795223b933cc8c7" 3237 6251
"16733af36ff34f67" 4519 4598 5083
"8c7d5171d86f2178" 1892 5645 2322