"0dec43003e46fb1e" 4094 6383 12150
"24a0a85cc0058912" 1265 8792
"24c3cf02e7ff62bf" 7689 721 1835
"2bc2894fa38126ce" 1634 11211
"db17aee50214a602" 9234 2119 4535
"8982ed955e3a615b" 6737 4814
"f2185a846deccaf2" 1711 10015
"6aaa1ec474cdc489" 9116 6989
"2a756076598bd9a2" 7678 9423
"2fa0438ff5a38d91" 11874 523
"7c440543009ed185" 11192 11522
"fce0d51058dae26d" 10058 6176
"12de47f5c26b5169" 10464 8276
"d1f6637b47fe6f29" 9668 2997 12159
"f2e71ea3f8658a45" 3937 4757
"d8e3e17010b55296" 1986 5062
"e2031f045ce80cde" 1841 6916
"ac9b2f6e6e55519e" 6184 9301
"874b50eb2c4e51e0" 5047 7936
"c81ab97d894feebb" 7772 9843
"ed848bdc9e76362c" 10431 4094
"a7f4ddd787df9959" 1976 2997
"d86fcacec27cdab6" 11211 6585 9116
"40a36076598bd9a2" 7678 1841
"ebcf997e4d0aec13" 4535 1835 5047
"1152d51058dae26d" 10058 11874
"27065a846deccaf2" 1711 1634
"2b4edef33142cd62" 12159 9234
"bbae985cc0058912" 1265 721
"7012438ff5a38d91" 11874 6176
"c043436b76e11690" 10834 2119 5062
"144a7778ff836750" 8792 7772
"980b2026b7af2c30" 120 6916
"2e0d54d6295cf12f" 9234 523
"2a96c78371ba12c4" 1986 11211 11192
"4219a979ba2d386c" 7689 11522
"6bd2438ff5a38d91" 11874 9423
"8ff3bdf065f386ee" 6989 1634
"bf416f8de69fd443" 4094 6184
"cd93ed955e3a615b" 6737 9234
"ae807eb8f01f66bc" 5062 6383
"317edef33142cd62" 12159 9843
"5e849a76ecb7aad9" 4535 2997 7772
"51fe985cc0058912" 1265 1835
"e5836d538ea3a392" 10834 2119
"848621835ae1fd16" 9301 10058
"7bb12319dea515fd" 11640 2489 5393
"fdfeb20b2f5c2b60" 5613 5161
"e97aba25d299c96d" 1708 11381
"9d08b1fdd28d4c9f" 3658 3882
"62f9cc5b7d679c1f" 2571 11420 10158
"5b2843d5aba44c78" 11665 8875
"01de58af5a4cbde7" 12001 2038
"c0b1052284369741" 6013 9990
"6a8ce71e7418a75b" 5113 2900
"0149de294686ec26" 10699 6485 6451
"ec9821b9b4500df9" 154 5647
"ae36986e0ce08335" 2117 10259 3677
"c4f27f92a3c0065d" 4887 2548
"4cbcfd137c8a26b1" 8741 4918
"3f8fa0dfa89ff214" 993 729
"91bc9d94c20c0cbc" 10164 4232
"4cf860bb118d2ece" 6759 5980
"52d3c26ebb7f82f1" 7950 11525 7581
"0b655cadde19247b" 4748 7662 7653
"cad4796d84e9c168" 4268 6759 5980
"2ee21479e048ee32" 5161 4918 3658
"f8a4d6761bd5eba3" 4031 11640 4887
"49f5ce0cf33dfeb2" 2489 5613 993
"1902f46ec8e40310" 1708 11381 2571
"fcba58abf95bea85" 11420 10158 10164
"251d24aaafbb862a" 11665 8875 12001
"ec145096d7b4ec52" 2038 6013 9990
"34f64f0da36e9265" 5113 2900 6485
"359b00c19cf03c2a" 154 10266 7950
"d5e6c40af13741f5" 5647 4748 5393
"4da211fc4bc2c460" 2117 3677 11525
"9ab68dc9d772cadb" 7581 7662 8741
"707b4104769ba953" 2548 729 7653
"8139559970132552" 4232 4268 10699
"d719e8e5022fcd31" 10259 5161 2900
"20e12319dea515fd" 11640 2489 5980
"d4e324a59c57f153" 7950 4748 3882
"073cc59605533277" 5217 4031 8875
"7f06f8b036be39bd" 154 5393 6759
"bfe6179f97d59cb7" 11381 3658 6451
"d22ea339395293f5" 4031 8741 4268
"90bf84007f3d3324" 4232 12001 10699
"e9993b6d3a2d1d82" 10164 9990 6451
"8c1111fc4bc2c460" 2117 3677 5113
"adb4f50343d5e4e7" 10266 7581 10158
"321e7bc674754956" 2489 2548 6485
"6ac6f5ea6cf541b6" 8552 4866 8091
"4bdbdee51474136b" 172 4235
"08e7708d8638203f" 953 9326
"36242a2fb12a0898" 9525 12126 6871
"1ce0b84d319c9044" 8156 8232
"26bfb454922581e2" 11570 11755
"bc2c57ee77fba4fd" 8674 10828 7924
"089ae1a92d53439d" 9960 11 5440
"2fa0d9c70e6264f1" 7646 8639
"ad0471d9e32fe627" 7276 9322 2019
"b21766ce58a20bc1" 7255 915
"2e1a4e9d47f69957" 7235 590
"7964ac47cd032a50" 5452 9550
"e929a2d276579aaf" 7159 486
"009c431de322c517" 3228 9383
"97acfd15fc065b24" 1223 4913
"9b18ad42fb1df335" 10456 1876
"211d3d16197de1c7" 11587 5246
"591e9525b983491a" 10519 7741
"0798b40eec14c20c" 11779 4892
"26220c95cea181c8" 10828 9322 4235
"0d1dad89349a7dc3" 2019 4892
"3000e01cb23fc955" 9525 7646 7159
"db3e439f900b5918" 11570 7255 1223
"4d5a4980ffc39896" 953 6871 8639
"98687b38c0d7205d" 5880 172 5452
"1a170871b41cafe3" 4866 12126 5440
"6606668d83b5230a" 9960 11587 590
"6f34313e1ea64f0d" 9550 8232 9383
"ff0488fb17c4d5a4" 11755 7276 10519
"ac10b84d319c9044" 8156 4913
"e1c461548889c9d0" 6682 915 7924
"0b41e6d35299805a" 8674 2019 9326
"43de199d50d5bc99" 927 7924
"6e4022810aa3fba7" 8552 7235 9550
"2ec9c197b905fc7c" 1876 7741 10828
"3cbe826e20d9848f" 7159 4235 3228
"74528c9f6c5f2c61" 11779 7646 7741
"d732cb752bf4d8e8" 1223 486 9383
"92a7aae954bd094c" 7276 9960 5452
"952b7b808c55cd00" 10519 8639 9326
"c10f8fcd66c28fb0" 6388 9525 590
"0c0b44e15253c7a8" 172 7255 5440
"7e10586bf944c585" 8091 8232 11587
"e165aa9ee3c8fe42" 5246 4913 9322
"a5a796b275f49cf2" 915 486 10456
"91c266b72804b042" 11570 4892 8674
"56881f6bdff83570" 2342 2698
"28b3fe725df62270" 4899 7977 4297
"9f054b365799c9d2" 3082 3210
"366d189e82744fcc" 4694 548 6144
"533ce97906a503c9" 8021 823
"5d7dd6f94f9df1ea" 2023 6160 10813
"dea023370980c2e7" 377 2342 8021
"4dfa67811390df0d" 10813 6006 8904
"b07020882cd71441" 4297 7977
"8680d47cadd0422a" 5555 548
"214e4c66af4c185a" 2698 4899
"a380356802eaa0ee" 3082 5555 6144
"86652700802e2a51" 548 377 6006
"e0edaf982b16f5d8" 8021 3210 2342
"faa5daff39b1027f" 3923 823 6160
"2c953a40c2ff5a64" 8021 4297 2023
"a99723ed779b2181" 5555 6160 4694
"d10ced10ed2e0a93" 4899 7977
"aa32fe1c4cfd7ea9" 6144 10813
"84440ac50b44ad62" 377 6006
"29db3273f98a3902" 6160 8021
"57f9a7284c4d32ba" 8904 2023 7977
"b825f0514ea8fcaf" 2342 4297 823
"e67635410d602bf5" 3923 3082
"7fea0a54dfb166f1" 3210 5555 10813
"9b7290335b51f46a" 6006 6144 3082
"dfed4c98c662e1bf" 4899 6160 4297
"2ac6fe151737cfe5" 8021 7977 2023
"f1418ebb8f6b82da" 8904 3210
"871d2412f47367bf" 548 823
"18a07c029ff59083" 4297 4899 6144
"bfb40ac50b44ad62" 377 7977
"b2e0d47cadd0422a" 5555 2023
"66e17c6911ea9f19" 10813 3210 4694
"01494e0c32387858" 3082 4899 2342
"16f6c46968177c45" 6160 6006 2698
"ef7de97906a503c9" 8021 6144
"bc1bf931527450fe" 8904 5555 4899
"2adbd8381d067b32" 548 823 3210
"8321e45d702f79c2" 7977 6006
"2513f5046cd525e3" 10813 2342 4694
"b43635410d602bf5" 3923 2023
"4081463f1312c679" 377 6160 3082