11
915
1708
2038
2900
4535
4887
5062
7689
7924
8674
11381
11874
12150
120
523
721
729
823
927
993
1634
1835
1841
2019
2117
2119
2489
2548
2571
2997
3082
3210
3228
3658
3677
3937
4094
4232
4268
4299
4694
4742
4748
4757
4866
4899
4913
4918
5047
5113
5161
5246
5452
5555
5647
5880
6006
6013
6388
6451
6682
6737
6759
6916
6989
7581
7653
7741
7772
7950
7977
8091
8156
9234
9301
9383
9423
9525
9668
9843
9960
10015
10158
10164
10259
10266
10431
10828
10834
11192
11211
11420
11522
11587
11755
11779
12126
12159
154
172
377
486
548
590
953
1223
1265
1273
1711
1876
1976
1986
2023
2342
2698
3726
3882
3923
4031
4235
4297
4814
4892
5217
5393
5440
5613
5980
6144
6160
6176
6184
6383
6485
6585
6871
7159
7235
7255
7276
7646
7662
7678
7936
8021
8232
8276
8552
8639
8741
8792
8875
8904
9116
9322
9326
9550
9990
10058
10456
10464
10519
10624
10699
10813
11525
11570
11640
11665
12001