143
2098
2714
2915
3647
3881
4302
5087
5225
5238
5396
5870
7665
8233
9084
10434
10749
10809
11374
11889
174
179
293
513
592
703
950
970
1013
1065
1204
1279
1357
1720
1727
1967
2059
2242
2499
2872
3160
3676
3694
4299
4697
4930
5016
5057
5118
5180
5385
5500
5606
5656
5958
6001
6098
6139
6175
6375
6477
6532
6634
6651
6655
6822
6833
6923
6931
7170
7275
7282
7314
7470
7641
7648
8083
8891
8895
9009
9122
9257
9547
9724
9902
9997
10237
10252
10329
10509
10513
10537
10545
10957
10962
11197
11437
11490
11623
11871
154
172
181
311
323
505
617
621
759
898
929
1294
1508
1864
1894
2177
2285
2333
2377
2710
2810
2830
2969
3126
3700
4102
4164
4165
4249
4284
4906
4998
5074
5164
5340
5358
5399
5544
5830
5931
5976
6047
6313
6484
6839
6909
7139
7328
7361
7478
7540
7572
7916
7930
8133
8279
8380
8570
8863
8954
9400
9434
9577
9592
9650
9738
9921
10091
10263
10396
10632
10648
10657
10830
11218
11260
11277
11288
11435
11640
11751
11858