163
4519
5070
5072
5083
6033
7510
7638
7731
7921
9348
9897
10398
11107
56
64
267
491
675
790
1020
1131
1142
1230
1578
1727
1892
2104
2117
2329
2437
2471
2534
2741
3020
3127
3153
3205
3220
3237
3623
3664
3929
3957
4275
4443
4466
4697
4745
4876
5029
5108
5645
5850
6040
6251
6473
6508
6640
6762
6782
6842
7870
8180
8261
8270
8631
8700
9109
9652
9749
9803
10135
10158
10608
10894
11305
11320
11510
11694
11758
11872
11992
72
258
276
299
371
416
671
941
948
967
1252
1971
2134
2140
2322
2451
2560
2710
2952
3420
3478
3825
3934
4005
4224
4484
4598
4798
5402
5605
5876
5883
6193
6330
6347
6543
6878
6928
7284
7318
7362
7372
7474
7587
8217
8365
8812
8872
9241
9432
9444
9579
9595
10225
10271
10280
10710
11279
11357
11506
11955
12144