"943cec4d050d608a" 24 150 171 228 36 3774 13 150 14360 504 35415 13 553 188 1602 61 8634 13 35 95 53 1473 20025 23446 4 12300 -1 -1 0 0 0 0 4 7 7 8 7 6 5 4 6 4 0 0
"ed7edabf18f14aea" 19 125 521 61 855 3838 4723 4724 13 553 191 860 35416 13 12757 14613 326 490 355 4 12301 -1 -1 0 0 0 0 4 6 5 7 8 3 4 5 7 6 0 0
"16bcdd06e2d1c32c" 14 34 1376 4594 4595 432 13 553 357 3053 9425 347 330 7157 4 12302 -1 -1 0 0 0 0 6 8 7 5 6 9 2 7 4 3 0 0
"089acde4fd594e30" 20 8317 171 2683 61 1737 13 553 35 8380 61 277 13 357 2652 35417 1165 1109 1872 150 4 12303 -1 -1 0 0 0 0 6 7 7 6 7 6 1 6 5 5 0 0
"4bdcb4efb68dfd31" 21 2 979 150 14827 13 191 603 813 799 8307 13347 13 553 345 1109 35418 17531 35419 13 1094 4 12304 -1 -1 0 0 0 0 9 8 8 6 7 9 4 3 6 3 0 0
"f21f040d98f491f2" 29 373 6858 15154 15155 13 31493 9322 17438 35420 13 553 61 1016 6412 12295 13 1016 7659 35421 20680 19212 6907 13 35422 1389 2 35423 35424 4 12305 -1 -1 0 0 0 0 7 8 8 8 7 8 3 4 7 6 0 0
"f14f59c121bb31b6" 20 1178 2851 11623 11624 13 3485 3486 2 10442 34081 13 798 763 13 326 10298 35425 35426 35427 4 12306 -1 -1 0 0 0 0 7 5 5 6 7 4 2 8 3 9 0 0
"46c52879369c7475" 22 616 394 95 102 1473 13 2696 14257 35428 13 553 2 3027 4670 13 357 1319 82 1109 1110 440 4 12307 -1 -1 0 0 0 0 8 8 7 9 7 6 4 5 8 7 0 0
"8d402583aea47aea" 19 25 14176 1886 515 3699 297 13 553 2651 35429 35430 358 13 191 744 35431 35432 35433 4 12308 -1 -1 0 0 0 0 6 6 6 5 6 6 5 3 5 4 0 0
"79f1e6fad67f98ed" 31 188 1602 61 8634 13 1580 5140 1342 361 3221 35434 13 553 442 95 349 308 4207 13 1250 3906 53 1193 6659 13 191 17786 61 1351 446 110 12309 -1 -1 0 0 0 0 5 7 7 7 6 5 3 4 7 6 0 0
"627d737ee1021eb3" 18 12989 7586 35435 1473 13 553 34 1376 4594 4595 432 13 357 4404 1511 35436 358 4 12310 -1 -1 0 0 0 0 8 7 6 5 6 8 3 6 5 4 0 0
"45789a438311490b" 24 87 61 17300 13 35437 10065 1990 1882 13 553 4931 6729 16334 13 1756 150 2062 330 35438 9169 25717 146 35439 4 12311 -1 -1 0 0 0 0 5 5 5 6 7 6 2 3 4 6 0 0
"d49ccc60bc2a1c40" 24 174 1016 1023 3314 417 1188 15547 13 553 22328 35440 13 1580 61 457 1656 11488 13 457 16575 11713 35441 1033 4 12312 -1 -1 0 0 0 0 5 6 6 7 6 4 3 5 6 6 0 0
"abc24cd0a6f344b6" 20 2 12657 191 860 504 777 1848 13 553 150 171 228 330 151 7592 35442 845 35443 35444 4 12313 -1 -1 0 0 0 0 7 8 7 6 6 5 5 4 6 5 0 0
"9d9134374990686b" 33 95 150 36 1602 1603 13 113 23745 537 6653 1511 13 553 2 1087 53 1088 1089 1090 1015 13 553 4330 711 61 13 357 6791 373 2652 2080 35445 4 12314 -1 -1 0 0 0 0 8 7 7 6 7 5 3 6 6 5 0 0
"3f2312294e418480" 20 347 39 151 330 284 3033 13 553 35 3299 3319 3253 13 87 361 2321 28203 95 35446 4 12315 -1 -1 0 0 0 0 7 6 7 8 6 7 6 4 9 3 0 0
"7050ee4ac71cad80" 34 35 573 13 93 115 35 15814 13 357 1109 2703 35447 18759 1886 12425 13 553 13310 13657 8508 6203 349 5124 160 13 1494 799 35448 13 2 35449 22642 35450 4 12316 -1 -1 0 0 0 0 7 8 8 9 7 6 9 2 8 8 0 0
"5a32857fa402f08d" 24 3526 1747 13 357 347 388 35451 116 35452 13 553 125 1029 61 855 3838 4723 4724 13 35453 61 412 3291 4 12317 -1 -1 0 0 0 0 6 6 6 4 5 4 5 8 6 4 0 0
"059436ad60482486" 18 405 4110 13 5187 1543 504 18094 13 553 2 38 2095 13 23142 2696 6787 35454 4 12318 -1 -1 0 0 0 0 8 7 6 7 6 7 7 4 9 4 0 0
"7edf54ee51df5523" 36 297 606 1047 925 13 357 1109 35455 102 32129 13 553 2 11630 13 14407 35456 2 35457 13 553 35 5603 150 8940 719 18 13133 13 311 2 1494 331 858 2696 4 12319 -1 -1 0 0 0 0 8 9 9 10 7 6 9 7 9 9 0 0
"2a490600287b8159" 41 66 23 5459 5460 13 1523 102 2 14566 1592 35458 1606 799 13 553 34 8282 14625 26 13 347 39 1482 367 151 13 113 25455 2905 5399 13 553 519 134 13 25 15159 15913 28764 61 4 12320 -1 -1 0 0 0 0 7 8 8 7 6 7 6 5 8 6 0 0
"f1b61f9c6b1e2f56" 33 2 7739 7740 13 102 61 171 21527 35459 13 553 93 2735 5303 13 2785 188 12577 507 171 845 13 553 1171 4538 13 1549 23 9048 35460 1013 703 4 12321 -1 -1 0 0 0 0 6 5 6 8 4 7 3 7 8 6 0 0
"415e9ed4ea1921a0" 34 8479 8480 13 357 1829 4403 35461 14235 13 553 9566 14024 14025 11555 1319 14026 13 35462 1094 1605 3635 1033 13 553 35 363 364 13 357 35463 35464 102 9394 4 12322 -1 -1 0 0 0 0 7 8 9 9 7 10 8 4 6 9 0 0
"643044355da6fc84" 48 34 11473 11474 11475 13 1549 347 1593 13 113 7539 8091 7872 13 553 35 8774 95 1296 474 5297 13 357 1494 727 170 358 1319 35465 31457 13 553 1488 1446 731 6187 1029 13 102 32650 13 373 493 142 10811 35466 24808 4 12323 -1 -1 0 0 0 0 8 9 9 9 6 8 7 6 8 9 0 0
"ea46f588fd711ea8" 30 1336 722 1337 13 41 949 1338 13 2 26276 170 3451 13 553 87 61 297 6546 13 359 5504 7928 13 2 1494 14075 799 32120 35467 4 12324 -1 -1 0 0 0 0 8 7 8 8 6 7 6 3 8 7 0 0
"1c048b0548c9dc43" 40 2 447 61 448 13 357 35468 6105 19105 21300 13 553 8517 3451 1674 8518 8519 13 1494 61 20772 35469 2 311 17535 35470 13 553 347 11055 11056 13 113 5709 1592 14415 799 170 2151 4 12325 -1 -1 0 0 0 0 8 7 8 8 6 6 8 9 9 8 0 0
"495d38445d058c9d" 38 1013 14161 61 87 14162 13 38 800 799 35471 13 553 35 12025 12026 13 113 35472 1592 35473 353 171 4182 13 553 1109 15190 170 2999 13 1549 1494 18137 1765 457 20556 3338 4 12326 -1 -1 0 0 0 0 7 8 8 9 6 6 7 4 9 8 0 0
"09d215716889f717" 34 6417 6418 6419 6420 5256 13 359 35474 14779 35475 13 553 15403 15404 13 1549 1494 3081 799 5881 35476 13 553 9106 13 1580 3302 35463 2 35477 61 21756 3803 4 12327 -1 -1 0 0 0 0 7 8 7 9 7 6 6 7 9 6 0 0
"6b7fe69bf61b6c81" 30 13587 13588 13589 13590 13 1494 150 330 7588 3322 13 553 5748 15378 13 1122 35478 799 13 553 10887 8128 13 2 771 3302 1592 2165 2358 4 12328 -1 -1 0 0 0 0 7 7 6 5 6 4 4 3 7 4 0 0
"99c3b8be64cc45e9" 36 9939 13764 737 57 13 35479 102 35480 2 1552 11550 13 553 16011 16012 13 1549 1494 16028 331 17563 5343 13 553 499 10861 4093 13 1494 2 311 18202 170 25 7559 4 12329 -1 -1 0 0 0 0 8 8 7 9 6 5 4 7 8 7 0 0
"c1d9c9cfd51e1d99" 16 600 1592 1606 353 492 13 553 10741 10742 61 35481 13 93 793 35482 4 12330 -1 -1 0 0 0 0 6 6 7 6 6 6 3 1 4 3 0 0
"81b0a06caf1fd6e5" 13 2 679 21172 35483 18468 13 553 478 3048 35484 353 35485 4 12331 -1 -1 0 0 0 0 7 5 6 8 6 6 4 2 6 2 0 0
"51cc04fd568c0377" 18 2213 1850 171 358 10177 35486 13 553 347 39 351 330 24906 13 87 61 35487 4 12332 -1 -1 0 0 0 0 8 5 6 8 6 5 3 2 4 4 0 0
"fba249b61d371b0a" 16 1342 7715 7716 630 13 553 4557 4558 171 35488 357 347 2652 1593 4162 4 12333 -1 -1 0 0 0 0 6 6 7 6 6 6 4 3 4 6 0 0
"2544d53126a90664" 15 171 7030 150 193 330 29013 13 553 6469 6470 61 8676 134 5571 4 12334 -1 -1 0 0 0 0 7 4 7 6 6 6 5 2 5 5 0 0
"e50a897d9fe61767" 20 10287 1604 6302 35489 13 553 66 23 53 2507 5399 13 347 330 35490 5045 35491 4 68 13 12335 -1 -1 0 0 0 0 6 5 6 6 6 6 3 4 4 5 0 0
"5bbe7a1b34065c10" 14 7686 457 7687 13 553 150 330 2864 13 3302 3753 2 35492 4 12336 -1 -1 0 0 0 0 8 6 6 8 6 6 7 3 8 4 0 0
"212f394525f60443" 20 357 2335 8308 13 87 61 6110 23407 13 553 519 134 13 1013 3299 358 35493 535 953 4 12337 -1 -1 0 0 0 0 8 5 8 6 7 7 4 4 6 8 0 0
"840ffb82c565b0cb" 30 34 326 14625 26 13 553 457 4117 188 4118 13 171 23136 35494 13 553 357 35495 44 13 373 1047 113 35496 35497 2 35498 2 13887 4 12338 -1 -1 0 0 0 0 6 5 6 6 6 6 7 2 4 3 0 0
"31a60eafd2a6755b" 21 16011 16012 13 2 7739 7740 13 553 23 1029 3302 171 18432 1549 5646 2278 13 93 2735 5303 4 12339 -1 -1 0 0 0 0 6 5 7 6 6 6 9 4 4 3 0 0
"71fb4007f43e6083" 20 1171 4538 499 36 330 8479 13 553 357 478 3048 1981 15220 35499 2 2356 93 2033 35500 4 12340 -1 -1 0 0 0 0 6 5 7 6 6 6 6 3 4 3 0 0
"630cde4d9cabb586" 20 2 6090 171 1342 386 7847 13 553 87 7715 7716 630 13 553 9566 14024 14025 11555 1319 14026 12341 -1 -1 0 0 0 0 6 6 6 6 6 6 8 5 4 5 0 0
"e9dbbc9b6ff628ac" 27 35 8774 95 1296 774 5297 13 553 499 10861 4093 13 553 1488 1446 731 6187 1029 13 150 35501 11692 394 28 2777 35502 4 12342 -1 -1 0 0 0 0 6 5 6 6 6 7 7 4 4 4 0 0
"80fa9ce1966b11e5" 18 15734 8022 13 87 61 297 6546 13 553 1336 722 1480 35503 13 347 330 35504 4 12343 -1 -1 0 0 0 0 8 9 6 7 7 6 5 3 6 6 0 0
"9d2f419f188145f0" 25 2 447 61 448 13 553 357 10887 8128 13 553 347 11055 11056 13 600 35505 11607 1795 1712 5523 19391 1558 675 4 12344 -1 -1 0 0 0 0 5 5 6 6 6 6 5 3 5 4 0 0
"363ddf80cf9471d7" 35 1640 5124 35506 13 27882 7949 17679 553 4361 61 6469 6470 13 2 14162 188 35507 2385 35508 11460 13 553 35 330 12025 35509 6864 1071 29527 31398 55 34862 55 35510 4 12345 -1 -1 0 0 0 0 10 8 6 7 6 7 5 4 6 4 0 0
"7ca9d7f231c8e107" 29 15403 15404 1079 330 150 388 13 553 23 53 2507 5399 35511 6852 13 35 6240 16341 13 553 357 23548 35512 2 8101 3125 27091 19801 4 12346 -1 -1 0 0 0 0 6 7 6 8 7 5 6 4 6 7 0 0
"0422364a1718d344" 29 9939 349 2 515 35513 566 8434 1389 13 553 2 34888 1592 1606 35514 35515 7802 9578 13 553 18221 2307 2042 2571 191 326 18430 24040 110 12347 -1 -1 0 0 0 0 9 8 7 7 6 6 5 3 9 7 0 0
"b0de83df8133d5e5" 39 5748 15378 2137 34470 25699 15650 35516 13 553 35517 2 35518 1604 35519 35520 35521 13 16444 35522 11996 359 35523 2 35524 553 35525 7739 7740 8094 13 1580 860 61 26135 636 688 17679 11996 4 12348 -1 -1 0 0 0 0 5 4 6 6 2 2 7 8 5 7 0 0
"3ce592038bd8b2e8" 41 2213 1850 358 171 35526 10428 17679 2056 87 61 35527 16483 553 134 1171 4538 2 1182 610 504 187 4 553 357 9566 14024 14025 35528 35529 17652 20 23 35530 35531 13 35532 23153 20442 934 35533 4 12349 -1 -1 0 0 0 0 0 0 0 0 0 0 0 0 0 0 0 0
"b3acb95e16a1eabe" 34 1693 7715 7716 2 35534 330 330 3278 13 553 34 11473 11474 11475 171 3646 357 35 2852 3278 13 553 66 347 10861 4093 150 7235 8996 35535 35536 35537 3208 16483 12350 -1 -1 0 0 0 0 6 7 6 7 8 5 6 6 4 6 0 0
"b5b5a0bfc2e46bbd" 45 20152 10742 35538 2 35539 355 229 4 553 35540 2905 7086 737 35541 2097 13 553 357 3138 384 8022 35542 35543 13 636 35544 4 553 1199 1199 1199 1199 1199 24010 13 1336 722 1337 188 32730 6457 3261 53 35545 4 12351 -1 -1 0 0 0 0 7 6 8 7 7 8 6 5 6 7 0 0
"a89411342773f0fb" 29 20 1097 61 35546 4557 35547 13 553 357 87 61 297 6546 13 347 463 330 35548 16483 553 548 9058 193 29013 191 66 6659 35549 4 12352 -1 -1 0 0 0 0 6 5 7 5 6 5 7 6 7 4 0 0
"c32d3b01b85b83b3" 43 95 61 282 8519 1960 13 1378 1580 1109 35550 16483 553 35551 1016 35552 603 3405 4404 17652 150 87 410 2248 448 36 4 553 21382 125 61 11775 35553 8128 13 35554 537 35555 347 35556 22882 47 431 4 12353 -1 -1 0 0 0 0 0 0 0 0 0 0 0 0 0 0 0 0
"2ca24be794cbe7d4" 32 1109 35557 35558 2 15819 13 553 25 14176 35559 3032 19119 110 553 1109 8669 102 2999 13 357 6469 6470 3104 13 2 15797 35560 4638 35561 47 150 4 12354 -1 -1 0 0 0 0 7 7 6 6 8 6 5 7 7 7 0 0
"85ee389785442c7c" 43 6469 6470 61 5571 284 35562 35563 4 553 1013 14161 61 87 14162 21418 110 25 840 6911 553 35564 13 1580 10287 1182 1825 110 55 150 13 553 113 3302 10288 6302 2 35565 772 7949 3478 373 24410 4 12355 -1 -1 0 0 0 0 8 7 6 7 9 5 6 7 6 8 0 0
"2aff7520c198be46" 30 6417 13 6418 6419 6420 35566 13 35567 16483 553 15403 6644 13 1777 1109 35568 3993 384 4 553 66 23 53 2507 5399 2 35569 3093 35570 4 12356 -1 -1 0 0 0 0 7 6 7 7 6 7 6 6 6 8 0 0
"a6968d87a547d740" 51 41 95 35571 1693 1047 35572 35573 13 553 347 1550 1817 13 35574 13 308 1071 35575 13 35576 13 553 357 34418 1550 13 9106 13 25 4361 61 35577 4 553 547 66 53 519 35578 373 586 13 357 2652 23 2865 35579 326 5615 35580 16483 12357 -1 -1 0 0 0 0 8 6 6 8 6 7 6 7 5 7 0 0
"3928aca78c98e037" 17 9001 2864 1109 6754 20 35581 13 553 35582 35583 13 35584 5000 13 13168 2 13169 12358 -1 -1 0 0 0 0 6 6 6 6 5 6 5 3 6 5 0 0
"e3a1f35d42fd1fcd" 30 347 1667 520 35585 13 347 1667 520 35586 13 553 357 34 113 35587 3939 6717 171 2258 4 553 13168 13169 13 1664 367 35588 5497 675 16483 12359 -1 -1 0 0 0 0 0 0 0 0 0 0 0 0 0 0 0 0
"125a0e640b6f92ea" 32 357 2335 8308 13 1624 8416 29871 13 553 66 23 5459 5460 13 34 35 1667 25 5525 61 1246 553 34 8282 14625 26 13 10752 3159 737 313 110 12360 -1 -1 0 0 0 0 7 7 8 7 6 8 3 4 2 5 0 0
"bbe78a840dc28e84" 33 855 1737 5748 15378 13 553 16011 16012 13 3261 35589 35590 553 2213 1850 358 13 347 863 330 116 2666 13 553 852 171 1342 61 457 2625 22973 35591 110 12361 -1 -1 0 0 0 0 4 7 6 5 3 6 2 6 2 7 0 0
"b9a8bea11a4da77a" 34 93 2735 5303 13 347 600 4107 330 4623 6499 553 8479 3395 13 28 12700 61 8581 35592 18135 553 2 6090 35593 61 171 6766 13 357 1778 2652 93 2340 4 12362 -1 -1 0 0 0 0 5 6 7 6 4 6 3 3 4 6 0 0
"ab4a2f4fb20e5576" 33 34 11473 11474 11475 13 357 35 596 5515 16966 553 15734 8022 35594 823 13 35595 150 36 35596 553 548 9058 193 9059 13 66 326 21787 499 2861 367 4 12363 -1 -1 0 0 0 0 6 7 7 5 4 7 4 3 2 6 0 0
"b53fcd306b042118" 34 347 11055 11056 330 13 28 2436 35597 28145 553 1013 14161 61 87 14162 13 38 800 799 8812 110 553 10287 10288 6302 13 357 66 15795 2 1714 737 35598 4 12364 -1 -1 0 0 0 0 5 6 7 6 5 5 4 4 3 7 0 0
"9ec36ee023d4dbf0" 14 1175 7076 95 12700 13 553 2864 142 326 117 2 35599 11412 4 12365 -1 -1 0 0 0 0 4 6 6 5 3 6 3 5 2 6 0 0
"5c2314bb350d0a0d" 32 35 36 2172 1890 93 2173 13 499 1319 2380 553 357 4484 607 10384 10385 10386 13 11623 35600 11474 331 553 28 8611 1013 13 347 363 7068 35601 4 12366 -1 -1 0 0 0 0 4 5 6 5 5 6 2 5 2 6 0 0
"ab8e96b8cfde7b87" 25 20 4631 4632 4354 35602 13 66 8132 8065 2 22996 1425 553 2 66 12676 358 5141 35603 13 482 347 286 7551 4 12367 -1 -1 0 0 0 0 6 6 6 5 5 6 3 4 4 7 0 0
"35f997b43f1e6a27" 34 20 8650 358 171 8651 13 14806 13 2 14122 8652 553 308 3951 4724 357 35604 125 367 553 8498 8499 150 337 928 1512 188 35605 13 1549 35606 87 4124 4 12368 -1 -1 0 0 0 0 6 7 7 5 3 6 3 4 2 6 0 0
"e08b2739b4be3130" 17 150 87 146 1031 796 1032 1033 13 553 8086 35607 2 14060 9929 1351 136 4 12369 -1 -1 0 0 0 0 3 5 3 4 3 6 2 2 3 4 0 0
"36fd3206f8bdd0b3" 19 113 9512 9510 1765 13 1523 19523 2 33275 553 35608 6791 330 7428 1754 12800 1851 68 4 12370 -1 -1 0 0 0 0 7 6 6 6 6 7 3 4 4 7 0 0
"d5886ea654d0016f" 30 35 36 2172 1890 93 2173 13 553 308 3951 4724 23565 13 357 35609 6892 3110 553 4304 35610 3727 13 3093 12725 3764 13 35611 27357 22878 4 12371 -1 -1 0 0 0 0 4 6 7 6 6 7 4 5 5 7 0 0
"81639ab8387b580f" 36 2151 2014 347 1817 13 8840 359 6252 7920 1029 22720 553 357 4484 607 10384 10385 10386 13 6436 35612 13 347 12639 35613 553 2 532 8065 13 20150 712 2852 1428 18329 4 12372 -1 -1 0 0 0 0 4 6 6 5 4 5 3 4 2 7 0 0
"1837aec31e43540e" 35 1580 6603 61 6604 13 2 16259 727 33601 35614 553 20 4631 4632 4354 35615 13 35616 31565 5501 6592 1580 6278 4899 553 28 8611 1013 13 347 463 1807 1552 18317 4 12373 -1 -1 0 0 0 0 5 6 6 5 5 6 3 4 4 7 0 0
"cbb3026365053dec" 32 20 8650 358 171 8651 35617 712 347 1817 553 8498 8499 150 337 928 1512 13 357 150 1669 1507 553 8086 8132 1029 13 7539 7728 38 35618 35619 4 12374 -1 -1 0 0 0 0 5 6 6 5 3 6 3 4 2 6 0 0
"18a7529248720a53" 30 2 13314 171 13315 452 1078 553 357 66 9463 35620 28340 8065 553 3890 736 1851 2 373 35621 35622 553 66 125 35623 31723 171 35624 35625 4 12375 -1 -1 0 0 0 0 0 0 0 0 0 0 0 0 0 0 0 0
"c74bd2c01fa18d5a" 40 150 36 2172 1890 353 949 2173 13 553 357 188 35626 1522 106 113 21827 553 2 28 35 14414 1032 1033 13 7490 487 25 87 1187 553 66 23 188 35627 1029 265 9946 35628 9268 4 12376 -1 -1 0 0 0 0 0 0 0 0 0 0 0 0 0 0 0 0
"e138d96030de2937" 38 28 23 35629 326 774 35630 2151 553 347 36 2891 6612 35 6603 61 412 6604 553 2 27977 2056 13 4828 600 3401 1664 35631 553 95 542 150 36 2891 13890 2963 357 358 4 12377 -1 -1 0 0 0 0 0 0 0 0 0 0 0 0 0 0 0 0
"7547bf6a1e73f5e7" 32 20 452 39 357 358 10177 171 35632 35633 553 347 66 600 3401 171 8175 13059 35634 553 5922 4304 357 18406 553 35635 2056 8498 8499 2 8500 35636 4 12378 -1 -1 0 0 0 0 0 0 0 0 0 0 0 0 0 0 0 0
"f995da8b81699d6b" 43 357 4484 607 3302 452 10385 10386 553 347 36 151 35637 1033 4145 35638 35639 35640 553 1034 6497 2905 2 4631 265 9946 35628 35641 553 21049 13 95 61 171 5258 9046 13 347 388 1319 93 4093 9142 4 12379 -1 -1 0 0 0 0 0 0 0 0 0 0 0 0 0 0 0 0
"87562d1f054d4e68" 39 150 36 2172 1890 93 286 2173 13 553 357 66 13146 721 35 95 171 35642 719 607 35643 553 2 297 11879 13314 171 13315 13 553 9512 35644 35645 1099 20 66 740 795 35646 4 12380 -1 -1 0 0 0 0 0 0 0 0 0 0 0 0 0 0 0 0
"33eb7c1f64416919" 36 28 386 35 6564 326 774 35630 2151 553 66 347 1543 367 35647 35648 499 35649 35650 553 2 41 8982 35651 351 13 553 95 542 2284 6141 20 14421 2735 774 31121 4 12381 -1 -1 0 0 0 0 0 0 0 0 0 0 0 0 0 0 0 0
"f9abceda8a3ce586" 40 102 25 66 27878 1837 2284 35652 553 2 87 355 35653 35654 28 87 9529 171 394 2029 13 553 35655 1549 308 6059 1031 87 61 18237 553 548 171 35624 2062 330 35656 5171 357 1851 4 12382 -1 -1 0 0 0 0 0 0 0 0 0 0 0 0 0 0 0 0
"daf385eb06063e08" 38 357 10420 187 3302 16241 10385 35657 553 191 14513 35658 16327 553 548 66 441 852 171 3261 61 1664 35659 35660 553 20 8498 23931 970 35661 3248 2 8500 675 1511 1182 19762 358 4 12383 -1 -1 0 0 0 0 0 0 0 0 0 0 0 0 0 0 0 0
"f9977ebfd03a3022" 54 2 596 25146 1182 18924 6543 35662 13 553 150 36 993 357 32925 7180 87 35663 13 35664 146 35665 13 553 423 1109 11879 13314 171 35666 13108 13 553 28 8611 1013 13 23 35667 35 7180 373 10562 125 3820 35668 3086 446 35669 2128 53 8597 35670 1851 4 12384 -1 -1 0 0 0 0 0 0 0 0 0 0 0 0 0 0 0 0
"12385947d2057d08" 56 357 1868 13 534 1315 353 1720 28 35 36 35671 18179 553 20 402 35672 1577 13 1122 171 1892 35673 1829 13 553 357 1109 136 171 10311 394 7030 1885 23200 553 588 347 146 1667 13 852 87 297 35674 171 31449 13 35 415 35 35675 35676 1033 35677 349 4 12385 -1 -1 0 0 0 0 0 0 0 0 0 0 0 0 0 0 0 0
"1bf06ca48c810291" 49 150 36 39 1007 330 774 35678 35679 13 553 35680 4183 228 2 7900 2 12933 35681 2151 13 553 20 35682 4421 9515 3044 35683 18 35684 20 35685 13 2546 35686 35687 14041 35688 553 9512 607 1765 2 9025 4261 10149 23735 35689 2 553 12386 -1 -1 0 0 0 0 7 6 6 6 5 4 6 4 4 6 0 0
"a54cf76fa5bf37d6" 33 35690 2151 35691 35692 24263 553 352 35693 2 35694 10635 35695 553 28 8611 1013 13 34 3953 24620 553 2 41 777 2236 34 30156 10275 358 1842 359 25543 4 12387 -1 -1 0 0 0 0 0 0 0 0 0 0 0 0 0 0 0 0
"53bae7e67685a237" 47 20854 8258 6604 4851 6563 150 35696 305 1641 7493 553 20 703 2014 774 35697 35698 553 852 35699 297 6659 18130 41 8651 901 20 38 17581 35700 35701 4589 553 357 35702 35703 20 29258 13 347 20199 35704 11518 87 3104 326 4 12388 -1 -1 0 0 0 0 0 0 0 0 0 0 0 0 0 0 0 0
"5f49c44812b08cc3" 41 20418 35705 7645 35706 553 66 347 863 633 35 5530 1920 16037 297 20 35707 20 35708 10 35709 553 357 8498 8499 61 35710 13 357 87 165 524 553 113 1081 25484 35711 9511 2 621 722 4 12389 -1 -1 0 0 0 0 0 0 0 0 0 0 0 0 0 0 0 0
"65b3079b920747e5" 27 35712 14714 171 35713 35714 357 10385 35657 13 553 66 6836 113 12920 171 29593 1730 13 553 12800 5858 171 35715 150 20800 35716 4 12390 -1 -1 0 0 0 0 6 7 6 8 5 5 3 2 3 5 0 0
"5b13692e55e8e60e" 26 35717 61 6604 13 815 5042 13 553 2453 35718 13 5196 35719 13 553 8498 35720 53 35721 2 14425 35722 35723 355 4 4 12391 -1 -1 0 0 0 0 5 6 5 7 6 5 6 4 3 6 0 0
"ac6e0c9e06c4e2df" 34 3873 171 35724 13 35725 481 13 553 1142 5141 347 116 330 863 13 553 228 676 35726 13 20 35727 676 171 3261 553 26189 53 7833 13 357 642 171 35728 12392 -1 -1 0 0 0 0 8 7 7 6 6 8 4 3 6 2 0 0
"ed15c659897edc3d" 33 150 36 35729 13 35730 13 47 35731 553 482 35732 93 30184 13 35733 13 35734 553 21049 13 3780 174 12834 13 553 191 395 35735 1319 35736 3753 14176 4 12393 -1 -1 0 0 0 0 6 9 7 6 4 6 3 2 5 4 0 0
"f609d1c54499b13a" 35 23820 2151 1712 13 357 7889 15653 10385 10386 13 553 14738 6705 15654 13 357 8498 35737 35738 13 553 2246 93 13 35739 13 35740 87 35741 150 134 463 297 7537 4 12394 -1 -1 0 0 0 0 5 7 6 6 6 5 5 4 4 6 0 0
"c8c8b11142e490b6" 37 20 26189 358 171 35633 35742 13 553 12164 47 347 3302 13 138 35743 13 553 1071 534 1013 13 712 35744 13 553 347 14414 4556 13 150 481 6746 35745 29213 47 35746 4 12395 -1 -1 0 0 0 0 7 7 6 6 5 6 5 2 4 4 0 0
"59e50a14719de7e7" 32 35747 2128 35748 4632 35628 35749 34 35750 4 553 113 520 8047 2475 35751 35752 110 553 9512 35753 35754 35755 35756 35757 9432 35758 35759 21718 4 4 4 4 12396 -1 -1 0 0 0 0 7 6 6 5 5 7 5 5 4 5 0 0
"36e8a99855087063" 37 357 4484 607 10385 10386 13 481 920 2620 35760 13 553 35761 35762 1376 499 35728 484 2852 1033 4489 35763 13 553 150 87 4393 2852 146 35764 35765 150 35766 13178 35767 1979 4 12397 -1 -1 0 0 0 0 5 7 6 6 4 5 5 3 3 5 0 0
"31201115611abba8" 39 6603 675 36 6604 13 66 53 574 13 553 28 1778 35768 13 504 979 35769 4304 13 553 286 305 2303 87 13 357 373 741 500 13 553 331 5602 35770 588 1559 35771 35772 4 12398 -1 -1 0 0 0 0 8 8 7 7 7 7 6 3 4 5 0 0
"bb37a0c985933ccb" 42 150 36 35773 13 35774 35775 13 35776 4908 35777 13 481 34 23277 13 553 35778 7926 358 26189 13 35779 742 457 35780 35 23903 35781 17652 17136 553 113 347 39 367 32219 13 3832 9512 55 7863 4 12399 -1 -1 0 0 0 0 0 0 0 0 0 0 0 0 0 0 0 0
"a1c5da377608ba09" 35 4631 35782 2176 4632 35783 13 553 35784 35785 14087 8776 35786 13 553 23060 12931 35787 35788 451 675 358 13 553 357 3923 35789 1071 13 191 5377 66 134 35790 421 4 12400 -1 -1 0 0 0 0 6 6 5 6 5 4 5 4 6 5 0 0
"ea2889f9bb002859" 45 283 3302 171 5894 13 26189 13 2 35791 35792 13 553 482 150 1404 35793 35794 13 191 61 6969 566 35795 10848 113 13 553 41 1071 35796 6252 3152 18781 125 13 553 35797 150 35798 2280 4732 27397 35799 17390 4 12401 -1 -1 0 0 0 0 8 6 6 6 6 5 4 6 3 6 0 0
"f9a55ac8702782d5" 40 102 61 35800 35801 35802 13 18022 388 19114 35803 35804 13 553 35805 13 35806 13 134 297 17688 13 553 772 1199 435 7659 87 628 150 35807 35808 13 2280 417 1250 150 1825 3302 13 35809 12402 -1 -1 0 0 0 0 6 7 6 5 5 7 5 5 3 6 0 0
"709ea2cf313a2d9a" 34 35810 6603 13 675 920 27208 13 553 357 13314 22965 35811 35812 13 553 21049 13 171 35728 35813 35814 13 553 2 66 999 3302 1007 492 35815 35816 35817 35818 4 12403 -1 -1 0 0 0 0 6 7 6 6 5 5 4 3 4 6 0 0
"6494e85bbac2d18c" 38 2151 35819 13 2506 202 749 13 553 2628 532 7123 4304 13 553 357 150 87 146 796 13 772 722 171 1651 2615 13 553 1032 1033 1013 492 87 146 1389 566 35820 68 4 12404 -1 -1 0 0 0 0 7 8 7 6 5 4 3 2 3 6 0 0