"7755a63b425cd4ce" 17 263 264 13 1071 188 8160 637 10320 13 553 7845 35147 15236 13 504 3606 4 12201 -1 -1 0 0 0 0 7 6 7 6 6 6 4 0 2 8 0 0
"277292e746f34975" 43 23314 35148 66 347 36 15225 349 1293 169 13 553 548 36 25 134 392 1655 191 347 28885 9142 14414 4 4 4 553 1510 150 3076 331 3077 13 639 35149 13 553 7675 3358 3093 35150 21283 113 4 12202 -1 -1 0 0 0 0 6 8 9 7 6 7 4 4 3 5 0 0
"c3b8ba5685ece17c" 30 34 108 357 13660 13 188 35151 66 1778 13 553 113 10328 35 15913 15914 66 827 35152 13 553 2 4882 44 305 38 1693 125 1621 4 12203 -1 -1 0 0 0 0 9 8 9 7 8 5 4 2 9 3 0 0
"c9bf0af038ce17f0" 23 95 61 6561 6562 2 423 3611 63 35153 13 553 283 35154 35155 188 1258 13740 1747 2 1604 21388 35156 4 12204 -1 -1 0 0 0 0 8 9 9 6 7 8 3 2 5 2 0 0
"587628f4139cfabb" 19 23 2891 35157 170 25 87 840 13 553 547 61 4813 15115 8688 13 3327 35158 1604 4 12205 -1 -1 0 0 0 0 7 8 7 6 5 7 6 4 4 4 0 0
"f1bd14ef9a47712f" 24 15011 61 35159 357 125 35160 13 553 12381 12382 13 93 35161 2447 13 553 357 4505 2958 7847 53 35162 1498 4 12206 -1 -1 0 0 0 0 7 8 6 6 5 8 6 6 0 4 0 0
"3837f9d4fe319649" 39 2531 35163 66 63 35164 13 184 35165 12281 13 553 35166 23119 2014 13 10186 10187 2 18669 35167 9304 449 1109 13 553 41 1052 1298 9709 9710 13 297 35168 87 63 35169 457 1420 4 12207 -1 -1 0 0 0 0 7 8 8 7 6 8 6 4 7 5 0 0
"61ed46d10071e35f" 43 508 13277 10422 2 519 1143 4302 13 553 10708 3048 4576 13 2280 1389 35170 13 1071 35171 6591 8535 13 553 35172 35173 13 35174 35175 19840 6644 35176 13 134 286 24703 35177 20 15286 622 35178 25007 35179 4 12208 -1 -1 0 0 0 0 7 6 8 7 5 7 7 8 4 8 0 0
"63917169f03a685c" 31 1549 7109 609 782 138 7110 13 553 1047 2719 1604 150 1511 1780 1978 1581 13 553 7180 2 35180 66 35181 7881 13 357 35182 524 746 35183 4 12209 -1 -1 0 0 0 0 9 8 9 7 5 7 8 4 3 6 0 0
"108f785d704df145" 41 6270 1712 609 13 2 95 61 87 340 13 553 102 1122 545 188 8307 24173 1408 13 553 2 15117 15118 2 12024 35184 66 27264 354 13 2 87 6865 297 8098 1580 347 975 1817 14729 4 12210 -1 -1 0 0 0 0 8 7 8 7 6 6 6 3 0 7 0 0
"a5972e3746cb04cb" 21 34 26 566 1333 13 5101 388 2451 13 553 14421 170 2 27171 13 449 1549 87 1841 95 4 12211 -1 -1 0 0 0 0 8 6 7 7 5 6 6 3 5 4 0 0
"f56975669846d065" 32 1131 61 608 6561 13 66 3037 1628 53 93 13 553 191 66 35185 9239 13 1109 2703 35186 2 35144 5615 13 553 10186 10187 2 1408 14040 35187 4 12212 -1 -1 0 0 0 0 7 8 8 7 6 8 6 6 3 4 0 0
"398eaff2df3e3bab" 46 347 349 31277 35188 1978 4093 13 553 548 373 1495 504 1550 63 1004 13523 13 553 548 990 1780 51 2746 13 66 12676 927 113 26743 20799 33646 31987 13 25 3369 66 23 13 66 35189 2 134 8678 796 633 4 12213 -1 -1 0 0 0 0 8 8 7 6 6 8 6 4 7 6 0 0
"71d8136cadef3eff" 28 95 61 35190 35191 1389 35192 13 553 10708 3048 4576 13 297 24730 35193 13 553 66 4766 7603 1013 722 10704 386 19807 16483 68 13 12214 -1 -1 0 0 0 0 9 8 9 7 8 5 4 3 2 5 0 0
"06e970326b0970e6" 27 6851 6843 6852 6853 6854 13 553 20 8618 35194 63 35195 13 553 34 26 566 1333 13 35 600 2859 3362 188 20499 18598 4 12215 -1 -1 0 0 0 0 8 7 8 7 5 7 7 4 0 8 0 0
"ddfe43c0c0878a17" 17 7123 8108 367 8109 13 553 191 3436 1109 8221 2696 13 2 521 7180 10205 4 12216 -1 -1 0 0 0 0 7 7 6 6 5 3 3 2 5 4 0 0
"f46e1870bb146790" 21 171 4403 9431 8185 13 553 150 3456 9982 30758 35196 13 553 20 28803 2536 7327 1201 35197 6849 4 12217 -1 -1 0 0 0 0 5 3 3 2 4 2 2 2 3 3 0 0
"54f18ddabcca2249" 21 6830 13285 6572 13286 2475 13287 13 553 34 1376 357 457 13660 13 553 34 1376 357 457 13660 4 12218 -1 -1 0 0 0 0 7 7 6 5 6 2 2 2 5 3 0 0
"4dfdbf48d7b61b13" 16 2128 457 15045 13 2265 15046 18 13 553 191 61 452 38 5217 35198 4 12219 -1 -1 0 0 0 0 6 7 6 7 5 4 3 2 4 3 0 0
"55368c530cbd293e" 25 3003 452 38 150 1495 1550 13 63 1004 13523 13 553 508 13277 10422 2 5537 191 1342 2385 20 817 358 4267 4 12220 -1 -1 0 0 0 0 6 6 4 3 4 3 2 3 3 3 0 0
"41ebdb69efd2a5b0" 14 548 986 286 134 362 13 553 2128 457 15045 2265 15046 18 4 12221 -1 -1 0 0 0 0 5 7 6 7 5 4 3 2 4 3 0 0
"cb85349475ce9589" 34 150 36 25 134 392 1655 13 553 1510 150 3076 3077 2 20086 95 454 13 553 617 170 2 2652 188 23281 61 1043 13 1341 34 35 39 12516 535 4 12222 -1 -1 0 0 0 0 8 7 6 4 6 3 3 4 6 4 0 0
"276b9e9a1e2b227e" 30 2 95 61 87 340 191 102 90 13 553 1549 4365 1342 61 697 13 25 4505 61 9664 110 553 1747 417 13740 13 2 1411 102 4 12223 -1 -1 0 0 0 0 9 8 7 5 6 3 3 4 6 4 0 0
"69f34ee05461d3f0" 35 1194 1510 713 330 2833 13 553 170 25 87 840 10708 587 35199 3189 110 553 6851 35200 6852 417 35201 35202 13 553 191 102 606 35203 8307 386 3302 412 35204 110 12224 -1 -1 0 0 0 0 7 8 6 8 5 4 2 5 7 5 0 0
"4203db2cb1818c56" 35 1747 417 13740 13 20 788 35205 636 362 17942 13 553 7327 2 7327 2245 347 330 463 20659 13 553 1549 7109 609 125 4404 35206 2 3297 645 24443 17652 22042 16483 12225 -1 -1 0 0 0 0 0 0 0 0 0 0 0 0 0 0 0 0
"d288bdd71e19fe62" 37 2546 16350 2609 13 341 35207 5881 13 553 150 2941 362 35208 1890 596 6371 35209 13 553 34 26 566 1333 13 283 95 1342 5000 540 35210 35211 1680 150 113 330 863 4 12226 -1 -1 0 0 0 0 8 6 6 4 6 3 2 5 7 6 0 0
"375eec47305a55ae" 45 34 26 737 1333 13 341 600 35212 35213 35214 35215 13 553 2447 106 1213 590 1882 7033 35216 35217 13 553 2546 608 35218 1890 4505 1047 4103 4386 2 93 609 188 858 113 628 2 22562 11067 2 125 11067 4 12227 -1 -1 0 0 0 0 8 6 4 6 6 4 4 3 5 7 0 0
"52f01c85a0520637" 30 41 150 9942 1294 13 61 1105 13 553 34 26 1331 1303 11727 3302 6982 24075 13 553 41 452 2841 35 23326 20019 423 349 20076 14711 16483 12228 -1 -1 0 0 0 0 7 7 7 7 6 5 4 3 4 3 0 0
"f0f6920a94bcf65d" 53 13579 13580 13581 13582 11061 13583 13 553 61 742 7548 6659 1043 1890 1109 35219 2 1890 150 2062 378 13 553 41 1109 14071 14072 1923 125 2 125 13 553 8470 1047 297 890 1854 21025 3663 20 2337 1047 125 35220 20340 35221 38 35222 1511 2 35223 4 12229 -1 -1 0 0 0 0 6 6 5 7 6 4 4 3 4 4 0 0
"104257c5d48cf5d6" 34 347 388 2142 6833 13 553 63 3890 38 1142 35224 337 35225 13 553 34 186 1178 197 2 1178 49 13 553 150 993 20 35226 20078 61 722 1053 2008 4 12230 -1 -1 0 0 0 0 7 7 6 5 6 5 4 2 3 3 0 0
"76dfb1301d388e23" 20 722 8031 3302 8032 8033 13 553 357 11443 13 35 504 1487 3313 35227 7215 61 553 8588 4 12231 -1 -1 0 0 0 0 4 3 5 5 4 3 2 4 3 3 0 0
"f37de0305a8a8f6b" 29 35228 4824 15799 13 1250 35229 3497 95 553 35230 547 5870 113 35231 35232 852 553 796 7159 35233 13 2 373 61 113 373 2606 9664 4 12232 -1 -1 0 0 0 0 2 4 6 3 4 6 3 4 3 5 0 0
"e6807f74e1202cc9" 22 835 1093 1215 35234 466 1217 13 553 596 6134 6135 1031 13 553 35 286 330 704 417 35235 11548 4 12233 -1 -1 0 0 0 0 6 5 7 4 4 3 2 5 2 4 0 0
"583712d1ec5c6901" 20 6707 6708 6709 6710 13 553 16904 920 1078 504 7443 13 553 150 36 993 191 653 2082 4 12234 -1 -1 0 0 0 0 3 5 6 3 3 3 3 3 2 3 0 0
"4b2463e319e77b97" 22 20 1857 171 5736 6015 13 553 87 1047 282 6247 13 35 1325 12525 553 2720 11815 22580 171 35236 4 12235 -1 -1 0 0 0 0 4 3 6 3 4 6 4 3 2 4 0 0
"245a8399e227d60e" 25 2530 2531 2532 2533 13 553 548 87 1231 2902 13 357 93 87 704 553 26296 18363 191 981 386 5589 87 704 4 12236 -1 -1 0 0 0 0 3 3 4 4 3 4 2 1 2 3 0 0
"d7455d7ac5d729b1" 26 134 87 61 10879 13 150 36 35237 520 61 4766 553 87 361 11526 191 11010 35238 13 553 359 66 14669 10955 93 4 12237 -1 -1 0 0 0 0 5 3 4 5 3 5 2 3 4 3 0 0
"d3438df30f40b327" 32 6521 7931 7932 13 150 36 1568 1204 3141 13 553 1408 712 18500 1043 13992 35239 1488 1568 553 13729 61 13992 13993 13 548 417 1510 286 8328 13994 4 12238 -1 -1 0 0 0 0 3 3 4 3 3 4 3 5 3 6 0 0
"23d866b7bb9b5aa5" 32 1509 61 113 13 12065 1628 93 697 32805 13 553 1200 6962 3297 6828 3302 7089 35240 13 553 2 10475 1179 7303 10476 191 9048 32580 2777 93 1079 4 12239 -1 -1 0 0 0 0 5 6 6 5 5 4 3 2 3 2 0 0
"52c6fcc35fb7b7fe" 37 28 61 8688 950 8689 13 457 4125 1109 1110 1720 553 87 61 148 149 13 150 14 13 553 345 346 331 36 330 13 1109 4278 305 993 359 35241 7779 61 35242 4 12240 -1 -1 0 0 0 0 3 4 4 3 3 2 2 4 2 3 0 0
"153e6eb81f47267f" 22 5394 2318 13 150 87 362 13 553 113 8354 35243 13 150 36 362 13 553 993 359 87 35244 4 12241 -1 -1 0 0 0 0 3 5 4 4 3 3 2 2 4 3 0 0
"4d70dcf8e6e4e7a5" 36 1122 327 4633 13 150 1568 36 297 35245 359 87 553 41 150 36 1319 7405 13 191 35246 66 283 553 35 87 25 66 847 13 95 150 36 720 297 963 4 12242 -1 -1 0 0 0 0 5 6 5 5 3 8 7 5 3 5 0 0
"40103c9d02546cc5" 28 2369 14927 2024 13 66 7123 35247 35248 35249 553 687 1678 1679 1680 13 499 746 35250 553 1200 171 7614 35251 35252 35253 2 3536 4 12243 -1 -1 0 0 0 0 5 4 5 4 4 5 2 3 3 4 0 0
"dea15d8f46a24b17" 41 2546 1376 4469 171 2340 13 35 388 417 113 3251 35254 358 553 357 9202 13 66 35255 20 14154 953 21043 4110 553 687 1678 1679 1680 13 150 36 362 191 171 1669 1060 150 136 19495 4 12244 -1 -1 0 0 0 0 5 6 4 4 4 4 3 4 3 3 0 0
"6f32d622019e7c9f" 26 1071 1915 61 1737 7377 13 347 66 1550 8213 35256 13 553 1034 4469 171 2340 13 95 32854 435 1510 150 1179 35257 4 12245 -1 -1 0 0 0 0 4 4 5 4 4 5 3 3 3 3 0 0
"92132d2863946dfd" 22 1218 35258 35259 2151 13 34 186 1178 197 13 553 15795 142 13 35260 2265 13 345 87 61 2697 4 12246 -1 -1 0 0 0 0 7 8 9 8 7 8 7 5 6 7 0 0
"8499517906f0063c" 20 2838 5795 13 35261 13 35262 24499 6710 13 553 35228 66 8586 15799 13 1250 35263 125 35264 4 12247 -1 -1 0 0 0 0 8 5 6 4 5 3 3 5 4 4 0 0
"75a89ad606eec636" 32 41 452 125 2841 13 1580 23 21785 35265 2 35266 13 553 20422 150 993 417 33879 13 1580 23 1331 1303 11727 13 35267 21608 2 35268 35269 35270 4 12248 -1 -1 0 0 0 0 8 7 7 6 7 5 6 4 5 5 0 0
"14546597de7832ff" 22 12021 38 13385 13 1664 1714 5399 13 553 134 87 61 10879 13 9929 355 6864 13 66 4352 1713 4 12249 -1 -1 0 0 0 0 7 8 8 7 7 6 5 5 7 8 0 0
"e66998300b69e089" 54 3297 4884 5980 4542 22166 13 197 6727 28 3185 13 87 504 2775 13 553 134 797 936 578 360 1047 16904 13 20 1857 171 5736 6015 13 35271 13 15066 7522 13 35272 2 2533 32712 35273 35274 87 197 631 357 1795 858 13 4415 61 1674 343 4732 4 12250 -1 -1 0 0 0 0 8 9 9 8 5 6 8 4 6 6 0 0
"e1972d7cf892408b" 38 852 1765 1029 1052 452 3314 13 35275 1852 113 1580 999 1131 1993 15091 13 553 1200 6962 6342 6828 3302 7089 7090 13 596 6134 6135 1031 13 28 373 18392 35276 20439 35277 35278 4 12251 -1 -1 0 0 0 0 8 6 7 7 5 6 5 3 4 5 0 0
"2d49ef69e65d7c50" 20 1762 3675 2082 13 2902 13 113 11667 13 553 2890 61 35279 13 2 35280 150 6510 4391 4 12252 -1 -1 0 0 0 0 6 6 6 3 3 4 3 5 4 4 0 0
"0342a7725de22077" 26 2 596 25146 23 113 1029 2369 14927 2024 13 553 499 14414 35 87 520 61 3935 2024 13 361 87 25 66 847 4 12253 -1 -1 0 0 0 0 6 7 6 5 4 5 4 4 4 4 0 0
"4a643dedd7aba99c" 26 6659 20 1857 171 5736 6015 13 1047 102 35281 13 553 134 860 61 21785 13 1052 102 61 113 148 149 2 35282 4 12254 -1 -1 0 0 0 0 7 6 6 5 4 5 5 4 5 5 0 0
"92042c0d9c7dfc73" 41 35283 515 35284 13 1122 35285 35286 35287 35288 20 1370 150 36 515 1780 13 553 35289 718 2 3282 1032 35290 1083 13 297 484 1199 1990 13 41 150 36 1319 7405 13 34 186 1178 197 4 12255 -1 -1 0 0 0 0 8 8 7 6 5 6 7 6 7 6 0 0
"f80ab9a3d1fc5932" 31 7557 5748 1509 13 1122 1854 53 13 553 1829 386 35 28 23 8688 950 8689 13 23 28825 170 13 113 11667 23820 23 22869 1305 93 4211 4 12256 -1 -1 0 0 0 0 5 7 6 6 5 5 6 6 6 6 0 0
"3687ba5e3559a24f" 22 320 41 1109 14071 14072 1923 13 553 2280 35291 35292 13 35 17873 282 6247 13 341 125 14281 35293 4 12257 -1 -1 0 0 0 0 7 6 5 6 5 4 4 6 5 6 0 0
"8965fc33ee888a92" 54 20 347 36 35294 774 32223 1464 1493 18183 8054 35295 35296 35297 13 553 6521 7931 7932 13 835 1093 1215 1216 466 1217 13 12467 35298 13 1122 35299 35300 2 35301 35302 35303 35304 35305 35306 35307 2852 35308 1232 482 1109 9988 2134 5881 2 10475 1179 7303 35309 4 12258 -1 -1 0 0 0 0 8 7 7 6 6 4 6 7 6 5 0 0
"509e71a0ac2fac72" 21 2628 2 27982 13 347 388 2142 6833 13 553 14612 402 13 359 2261 23 10534 353 171 35310 4 12259 -1 -1 0 0 0 0 6 6 6 5 4 3 4 6 5 6 0 0
"b448c57b49fced11" 45 14406 13042 2 11443 13 772 492 23 53 7526 13 553 35228 66 8586 15799 13 1250 35311 125 35312 13 553 373 14738 61 3302 13 330 150 36 845 13 61 113 4388 860 13 2 66 347 1817 2852 21827 4 12260 -1 -1 0 0 0 0 7 6 5 4 3 3 4 5 4 4 0 0
"21322a5aa03a9f20" 42 41 163 150 12811 515 9491 13 35313 113 12812 33488 13 553 13729 17652 1881 13992 13993 55 24949 150 2889 35314 13 87 61 34654 2284 13 553 796 35315 10390 35316 2 25751 35317 359 10175 35318 35319 4 12261 -1 -1 0 0 0 0 6 7 8 6 8 6 4 3 3 4 0 0
"b9394a72f59b266f" 20 61 11526 2775 2265 359 19213 13 553 171 35320 24507 13374 61 13 150 11639 330 713 21491 4 12262 -1 -1 0 0 0 0 7 8 6 7 7 7 5 6 5 7 0 0
"e60f22afd2ac6099" 27 23 1331 1303 11727 357 1571 1473 13 553 150 36 330 331 113 8027 35321 13735 823 13 553 9202 35322 35323 13069 35324 763 4 12263 -1 -1 0 0 0 0 6 7 7 8 7 5 5 6 5 6 0 0
"4c9ca70acdbe52f8" 18 8471 23046 35325 35326 8472 13 553 347 35327 10955 359 35328 610 1047 17068 13 35329 4 12264 -1 -1 0 0 0 0 6 7 5 8 6 7 4 3 3 5 0 0
"3f2d2e8a5d99b247" 30 11548 35 286 330 504 704 13 553 8032 8033 34 35 1667 1314 87 386 13 553 150 1069 10971 1697 1160 35330 2652 11757 17652 35331 68 4 12265 -1 -1 0 0 0 0 7 8 6 7 7 6 6 5 5 5 0 0
"a48f609f42d31b64" 25 9604 126 5253 2533 13 553 2318 150 35332 13 20357 35333 113 13 553 35334 2958 21521 13 357 772 4214 35335 35336 4 12266 -1 -1 0 0 0 0 8 7 8 7 9 8 6 3 3 6 0 0
"2b5fbbe59d98d152" 30 14178 13 35337 2 35338 35339 35 1079 13 553 35340 15691 35341 2 35342 35343 1928 35344 13 553 548 6561 3455 1679 1680 7180 5929 20 16163 4 12267 -1 -1 0 0 0 0 6 7 6 7 6 5 4 3 3 5 0 0
"0c3b6ddd1d284436" 26 2369 14927 2024 877 13 553 3302 14738 3327 19652 823 13 553 3081 7494 21467 13 35 286 2852 35345 1552 35346 35347 3740 4 12268 -1 -1 0 0 0 0 7 7 6 7 8 5 5 7 6 7 0 0
"53914bba0e3b09b1" 14 61 5462 35348 13 553 35349 35350 414 660 35351 4 68 13 4 12269 -1 -1 0 0 0 0 6 6 7 6 6 5 5 4 4 5 0 0
"3f8df3a8bc433a57" 21 596 6134 6135 2 1031 35352 721 13 553 41 353 23938 330 13 352 35353 1251 13 553 1923 4 12270 -1 -1 0 0 0 0 8 7 7 9 7 5 7 5 6 5 0 0
"3585da0cde310f6f" 27 12021 38 35354 25004 13 553 359 1693 35355 6501 13662 7931 7932 13 553 41 35 1817 3041 13 1002 35356 2644 35357 35358 61 4 12271 -1 -1 0 0 0 0 7 7 6 7 7 6 6 6 7 8 0 0
"4f9add2ef75abf42" 15 282 35359 13 553 35315 4374 35360 35361 13 553 2902 359 35362 13 53 12272 -1 -1 0 0 0 0 5 7 6 5 6 6 7 4 4 5 0 0
"7aa61604e731ecf6" 21 7129 9423 607 13 23 20006 1246 27 13 553 16309 5829 2151 2 1964 16310 460 16311 2 35363 4 12273 -1 -1 0 0 0 0 7 7 6 7 6 6 5 3 3 5 0 0
"a9751a495c915b33" 18 1071 7164 35364 13 553 855 2028 3110 13 11904 71 13 553 35365 26722 35366 24790 4 12274 -1 -1 0 0 0 0 6 7 8 7 8 7 5 3 3 6 0 0
"7dd60ac6623d92e9" 21 16432 35367 1925 990 35368 61 16435 13 553 474 2277 305 2536 13 4326 150 4337 34485 586 2076 4 12275 -1 -1 0 0 0 0 6 6 5 7 6 5 4 6 5 6 0 0
"657016dce0f106c1" 15 47 35369 47 5115 7126 12425 13 553 11099 8444 117 2 15795 142 4 12276 -1 -1 0 0 0 0 4 5 6 3 2 3 8 1 2 1 0 0
"4eb964746a6ac86d" 25 6563 537 13324 13 61 8248 13325 13 2 1331 13 553 1200 102 931 61 3302 15862 13 1002 349 550 13 35370 4 12277 -1 -1 0 0 0 0 7 6 9 8 7 9 3 5 4 7 0 0
"3c8120f7a853e280" 21 15025 15026 18202 15027 15028 13 553 1173 1174 13 150 1568 14231 13 113 722 35371 2 35372 1577 4 12278 -1 -1 0 0 0 0 5 3 3 4 2 5 3 1 2 4 0 0
"d0dcaafa81528fca" 18 5217 607 13 2628 2 18949 13 553 6094 5828 970 6095 13 150 330 4103 35373 4 12279 -1 -1 0 0 0 0 4 8 6 4 3 4 2 2 3 3 0 0
"d7262b6b564bdec7" 23 2 10245 165 1709 13 1122 18202 13 553 341 283 13 283 1065 13 1549 341 2380 13 113 1760 87 4 12280 -1 -1 0 0 0 0 7 6 5 6 7 7 4 4 6 5 0 0
"6c7e5e4f64572d82" 20 2 1922 35374 13 2 1110 3290 13 553 144 1370 657 35375 13 297 87 150 35376 3081 4 12281 -1 -1 0 0 0 0 6 7 4 5 6 5 3 4 4 6 0 0
"f98d40a7a00e1d6e" 22 347 66 737 598 11030 13 7959 7960 23948 13 553 117 349 14769 13 357 2340 150 2131 330 23948 4 12282 -1 -1 0 0 0 0 5 6 6 4 5 6 3 3 4 4 0 0
"157b460d8e1765d4" 21 2 134 15991 13 27430 603 1169 35377 13 553 1488 8527 425 13 2 6647 329 35378 4824 35377 4 12283 -1 -1 0 0 0 0 8 7 4 6 6 5 3 2 4 5 0 0
"37905be23198b34c" 17 347 66 1667 3380 13 362 13 553 169 13 7129 23 113 35379 35380 1094 4 12284 -1 -1 0 0 0 0 3 2 2 5 1 4 2 3 2 7 0 0
"9aa5264efa7dba94" 15 35381 9641 13 35382 13 553 5101 35383 35384 358 13 1071 1319 9585 4 12285 -1 -1 0 0 0 0 6 4 5 5 5 4 2 3 3 3 0 0
"1cdfce632f084f69" 25 2 37 11876 1877 13 2 3361 504 313 297 13 553 95 977 1677 13 1549 5709 170 13 1034 347 405 358 4 12286 -1 -1 0 0 0 0 7 9 7 8 6 6 7 3 6 5 0 0
"1dc856e9783b55bd" 25 2 3721 1737 3722 13 347 3739 13 553 4361 61 2928 13 87 371 13 2 1110 21133 13 1071 87 6591 2227 4 12287 -1 -1 0 0 0 0 6 7 5 6 4 4 3 5 4 6 0 0
"e773bcb36a05a1df" 18 2087 2920 1775 12340 15797 1119 13 553 28 174 860 1473 13 1016 6543 150 33594 4 12288 -1 -1 0 0 0 0 4 6 5 4 3 5 3 2 4 5 0 0
"95517882af9ba1e8" 19 11477 11478 13 4549 35385 35386 13 553 95 61 171 1342 2 66 347 441 3380 362 4 12289 -1 -1 0 0 0 0 9 8 9 7 8 7 4 4 4 6 0 0
"a4a914f4e8e8b49e" 17 41 949 15079 8688 1007 7479 13 553 150 2277 24411 8783 13 1793 113 35387 4 12290 -1 -1 0 0 0 0 4 5 7 4 3 2 3 2 5 3 0 0
"27d6d3c3514d1b91" 19 1988 13 25 13 347 3278 35388 13 553 34 1801 4228 13 1034 18332 2 283 35389 4 12291 -1 -1 0 0 0 0 7 8 7 9 6 8 6 5 4 6 0 0
"29f1a9c744c7cc08" 21 25 13 34 7584 35390 9025 13 357 956 553 347 441 146 106 34 26 13 5101 3278 362 4 12292 -1 -1 0 0 0 0 7 7 6 7 5 6 5 3 4 6 0 0
"ac3147a2693595d3" 22 25 13 41 949 15079 8688 1007 7479 13 553 113 347 388 13 191 9512 8871 61 4361 35391 35392 4 12293 -1 -1 0 0 0 0 5 6 7 6 4 7 5 4 4 6 0 0
"3e242734479ab8b7" 16 499 7428 305 171 4840 35393 13 553 113 9512 8871 61 515 20 860 4 12294 -1 -1 0 0 0 0 5 6 8 7 6 4 3 5 5 8 0 0
"65ada99ee48ec182" 26 2 66 1325 13 1580 34 26 1734 13 931 18406 13 553 1988 13 25 110 66 11386 13 34 26 9982 1874 31314 4 12295 -1 -1 0 0 0 0 8 6 5 8 6 7 4 2 3 2 0 0
"c8cc7aa356c050f4" 22 1988 13 25 13 2 66 1325 13 1580 22092 35394 61 13 553 357 34 12184 9982 171 35395 35396 4 12296 -1 -1 0 0 0 0 7 5 4 6 5 6 2 2 3 5 0 0
"f180387f2e9fec7d" 28 2 66 1325 13 1580 28 35397 188 35398 13 26597 305 35399 13 553 41 949 15079 8688 1007 7479 13 282 361 3764 5856 4110 4 12297 -1 -1 0 0 0 0 6 4 5 7 6 5 2 3 4 6 0 0
"7a549ed641ae107c" 43 347 7428 330 113 9512 9510 1765 13 297 35400 35401 35402 429 35403 35404 32065 68 13 553 2 66 1325 13 35 34 564 171 35405 13 553 7141 66 2852 441 188 35406 35407 13 35 3845 171 35408 4 12298 -1 -1 0 0 0 0 4 5 4 6 5 3 2 4 4 6 0 0
"b797b9ca040881bd" 23 25 13 35409 34 305 171 35410 35411 13 553 41 66 19197 15079 8688 7479 13 35412 34 35413 171 35414 4 12299 -1 -1 0 0 0 0 6 5 6 7 4 5 3 2 4 7 0 0