"a0941547dea098d4" 11275 6734
"3628131fe6408c96" 10497 8617
"2c4b6894e08d20d8" 8283 791 10619
"a895840270cdaefd" 11530 10267
"b17424c6799c9e44" 4355 8224 9015
"588f6f5ddbcea131" 5806 6338
"94f7c02a2db2784a" 867 6933
"490446a4fe40c8ad" 5669 9222
"d25e856b401a148a" 7376 743 665
"66d1b1951fa788cc" 6916 5061
"1e55da3f1217195e" 10002 7347 7775
"e7cfad99d1e35d4d" 6488 11161
"6ccf887b892a3871" 11245 5577 7571
"ad9b7e42ed86544d" 11452 11233
"e08eafe506ed6373" 1168 10065
"560bdfdb536b9d40" 11168 1709 8179
"c06abca220450a41" 6036 1307
"66df66272c78ce94" 3997 10176
"bb01d512d85618df" 2540 6994
"7a8829288d03356b" 3558 7436
"09d34e36c3e660c5" 6734 1709
"3ee03a579500f8a1" 6933 5669
"d47e7852a245f6f0" 8617 11275
"8e4d0e07ad530d87" 4355 6036
"77eeef9fab557fe9" 1709 10497
"29bc42e494100a2c" 457 665 7571
"fbaecd6d9535d09a" 8283 8179
"4e8bc5c9a2d92486" 10267 6488
"5bedd1a47c321ea2" 5061 9222 11153
"3928c02a2db2784a" 867 7775
"5f7d7852a245f6f0" 8617 7347
"46503306b1af7f5b" 6916 6338 3997
"2be629288d03356b" 3558 791
"299b7e42ed86544d" 11452 11161
"eb33149e07c31fe3" 743 1709 11245
"bff45094468708c8" 9015 4355
"c1d14393a4f3b700" 1307 1168
"141df3a029cea8c9" 10002 11452 11530
"cf43455adecea73a" 5669 6734 7376
"baa24a49465d9a05" 10065 11233
"4348578270240f9d" 5577 6994
"b5b3840270cdaefd" 11530 2540
"8d85b26f141048e3" 2272 11275
"46c46377069e0bc6" 7571 10176
"fff2dfb7ef67cc7b" 10619 11168 867
"db751547dea098d4" 11275 10497
"032ac900f96d0009" 9222 9015 3558
"05546e1ca50de8fe" 5480 923
"d9d89d564e7a0b70" 708 6190 11930
"f2cf9911f6577499" 10947 27
"50f2fc54018bb88c" 10836 3796 7684
"cf06d0e7f32d304c" 5628 10947
"757b4aa888351cf6" 10145 10950 6711
"7ceb2d2468204064" 8455 2111
"ca085ea599296d09" 3256 645 11114
"f7aabd35ec2040d9" 9829 10929
"365885d3d346bdac" 5456 8527 8455
"79b0b14f19813e38" 10512 11832 358
"ba7b6133107d3a67" 8552 6614 5340
"f9cb288b851ee5b8" 7684 5608 11114
"7b06c895485df98a" 8159 10145 7114
"b96507b0bfe042ef" 11051 11071
"284e8290415d930b" 6886 6614 645
"2ef8d96ff8da136e" 1145 220 2956
"403ce0327840b572" 5502 7857
"0d1284d0571c8440" 1882 9809
"d867001a6b1b9423" 10521 7835
"d5f3ad0e64e04a4a" 7616 2864
"c65fd73da1d960b2" 2691 11416
"b0d41d866443bdb6" 651 5502 10521
"c975afc10e6018ef" 12152 914 7857
"3cd61f5cfc1e9701" 5502 12138 7146
"bd2569df3e316e3c" 550 2864 2956
"e1b12ae403f618dd" 9809 2326 9662
"4fd914c956d109b7" 651 1145 2691