"9a6f08f4a6f3cac5" 100 12072
"ff870a75ce1567e1" 835 6528 1787
"4b7a6a979992c69a" 10022 9177
"3631dcdad84a9a02" 4490 10100
"e35894186da46a49" 8564 11245
"5ccec5ecdf9b2313" 11164 9016 1320
"de8e6888f66185c1" 7813 7293 6974
"103e2057d05156fd" 9768 6028
"2f310cfca2fe1f6f" 4914 6267
"9149998824193864" 11247 5651 1106
"c5f3e3edbf08b2f0" 1845 254
"c9bfa8549e51839a" 11473 1745 7293
"58251ece0ed17f5a" 9932 1522 10822
"e85a2df6e87c027f" 11974 11413 6974
"2592d182722ce082" 4743 9481 1845
"546a8e770ce4fb2f" 5658 11117 7305
"a255f8a58df77e17" 7798 4814 7813
"96a5f37b4e3610d8" 9772 10022 10022
"80c83abdd85a8702" 11193 10742
"4508b5cf75533ced" 1711 9932 9768
"c24a1afc7393a3f1" 2590 11193
"10f612e80966016a" 835 1787 254
"fd9d6a4b584e5f40" 1106 6528 10100
"bbcc8f7158238880" 1583 8564 4743
"090f1cb891ba684c" 10100 7813 4914
"c8dcf35a437dc9d8" 12068 1522 1845
"27a31b62a0fdff1d" 1845 1320 12068
"61579077a87e7f25" 8738 11965 1794
"5aa56e18f16cc61c" 9990 10418 5980
"11c9c4a2a3109ccd" 4954 9293 10165
"e99ddd68c28e332e" 5604 8319 8222
"b08913720b1cfd02" 11798 10526 10934
"693bdbfd938a8491" 577 4142 8846
"1858a57c1ba2c863" 4627 7233 9760
"88ccdbe327ab4706" 4038 4237
"afc47a2587110f00" 1376 11693
"99bd4eae25060412" 7945 10871
"da06bc4b9c25d0bf" 5535 10349
"d6ee4ce79ebdbc99" 8817 4907 7580
"de74e8518a3414ac" 6172 10184 128
"3a094e5846d8f147" 9987 8437 5294
"d12609e6cb60f485" 2951 5134 2175
"4398159d74b157bb" 11066 853
"a7e855ab942c3bc0" 2843 6573 853
"4ff08ba8b4935cba" 12060 2843
"d552d21f9bc7b149" 10165 8319
"a3ddf593c5c88395" 4627 11798
"b646c4dafcb595a8" 1794 5727 11965
"b08c821f405fe6eb" 9833 7945
"0ca1e3b8956f3e4e" 7233 4038
"a83097c3b47c67c7" 4907 4142
"7ea0af5373295a8b" 9760 11693 8437
"e5e8159d74b157bb" 11066 2175
"3c3edbe327ab4706" 4038 10184
"85df35b96e8fbe42" 5134 10165
"348175151e39922a" 8817 6172 8437
"4838d7e48b4d7c59" 10418 4237
"9600dde390b5685f" 5535 577 7580
"d2ca3c4fc456f154" 4954 5294
"be1638c60445ec05" 8222 11798 10934
"fb4ee54b7f9a55b0" 9270 10349 2951
"6a4639e5547dfc5d" 8319 9990
"b3bd4cfd3798ec93" 11965 128 6573
"09a8390950517c04" 5980 10871
"7084903d0eef9984" 8846 5604
"05647a2587110f00" 1376 9987
"8cec0a5ea706f0c1" 10526 853
"590b159d74b157bb" 11066 10934
"6d4ab5c5d3b77d27" 10184 7233
"5f314983ef35155c" 4142 10418
"f820f85207f18209" 9833 5535 8738
"6a06159649eb3769" 4237 2951 11693
"76c886a30a03f8c9" 9760 4954
"82d21e757804c469" 12060 4038 853
"22b9815769bb3cb0" 11428 1121
"1e792615b23bfe4b" 6714 12034
"26e98f1880eac483" 4950 8585 5022
"cc4ee109bc67a5e5" 12135 7012
"7efe59d150899035" 3235 5397 8114
"1dcd5fa3a787e440" 9790 5159 11615
"301bd2a1802f3421" 11178 551 10565
"879015157549d3e5" 5386 4105
"1feb8b4500a5d978" 11642 3026
"b2b7b65d7051123d" 1008 1946 3232
"6c1259d2bf014cb0" 8063 10958 5552
"c7fd111aa80dbf88" 11849 6170
"c3cfe69c953cdb8d" 2030 3129
"1fc9517cf38f4f63" 8896 9220 7988
"af73cf3ef985b337" 8560 2013
"d2676d5a130f87cf" 2308 2928 6160
"0f2d756b49bc1277" 9052 519 9040
"36cba618e0cc36ec" 8259 821 2030
"066552eee906f87c" 11213 9802
"53f3a8a2760648f8" 1056 40
"fb38bf7173e08676" 40 9802
"b224339aaf9da32f" 1056 11213 6809
"f372b496cbbab9e0" 6809 11213
"1ede622d69fdf91b" 6096 1056 40
"dd65a8a2760648f8" 1056 6096
"ac63152653584e90" 6096 11213
"4250c8bac5e4fe07" 6809 6096 9802
"aa47bba72f1257a7" 40 11213 6096