"8e31f198d2e787dc" 18 34915 520 4304 13 188 28670 15155 13 553 25 3032 2724 13 188 1764 12467 113 4 12126 -1 -1 0 0 0 0 5 8 7 7 6 6 5 4 4 5 0 0
"d645b583f24b49ed" 19 6601 102 6077 3302 1196 18895 13 553 87 61 25 87 61 13 150 286 1807 1697 4 12127 -1 -1 0 0 0 0 6 7 6 5 6 3 2 4 5 7 0 0
"c47934c0ec019b01" 20 547 19006 6543 11490 357 11491 13 553 2374 35 95 150 1602 36 13 87 61 6787 14291 4 12128 -1 -1 0 0 0 0 8 8 9 6 7 8 7 6 9 6 0 0
"bee0eebc51e8bdfc" 17 3063 113 4603 34916 15446 764 13 553 2 588 41 2277 2525 297 999 93 4 12129 -1 -1 0 0 0 0 7 6 7 5 6 6 6 5 4 5 0 0
"62b6f2e70d8022a5" 15 3930 6361 150 636 6362 13 553 357 1990 11445 11446 6105 2369 5297 4 12130 -1 -1 0 0 0 0 6 5 5 4 6 5 6 5 7 7 0 0
"eb4e75461d4a8d90" 17 3744 8279 504 1193 13 553 2 1071 102 5603 297 150 2652 87 31349 1669 4 12131 -1 -1 0 0 0 0 4 6 5 5 4 5 5 7 5 6 0 0
"9271aa987fba4f3b" 15 347 36 1201 11380 1706 1707 13 553 26852 34917 23 113 34918 34919 4 12132 -1 -1 0 0 0 0 6 7 7 6 6 7 6 4 4 8 0 0
"4a3148f0ae61716f" 16 171 3261 61 359 8124 7313 13 553 2 5477 34920 87 1101 34921 16060 4 12133 -1 -1 0 0 0 0 5 5 6 5 5 4 5 4 3 6 0 0
"5e1622ef49b0fd2d" 18 134 515 1094 13 330 347 1379 13 553 331 150 286 1526 13 1071 34922 1381 4 12134 -1 -1 0 0 0 0 7 7 8 6 6 5 5 5 6 8 0 0
"fc648606d7672963" 17 5881 5189 13 34923 660 578 13 553 3327 3488 7320 7321 13 1246 27240 34924 4 12135 -1 -1 0 0 0 0 7 7 6 6 6 6 5 4 5 6 0 0
"344a460443f51a36" 25 357 772 26598 102 95 61 13 553 499 39 305 34925 10244 13 553 2 125 10690 125 13 347 151 417 34926 4 12136 -1 -1 0 0 0 0 6 6 6 6 6 6 5 5 5 5 0 0
"1897697fb225114a" 17 5290 29463 1016 34927 9093 13 553 357 1568 150 36 835 2050 20 1016 15008 4 12137 -1 -1 0 0 0 0 8 7 8 7 8 6 5 4 4 4 0 0
"35f8b07dcfc400ea" 17 34928 4813 15115 8688 34929 110 553 6787 8001 61 93 6447 13 150 286 9295 4 12138 -1 -1 0 0 0 0 7 7 6 8 6 6 6 7 7 6 0 0
"7b39b99a8345a6d0" 17 731 1213 981 15375 13 553 34930 15103 15104 13 17917 8028 25525 297 748 1862 4 12139 -1 -1 0 0 0 0 5 5 4 6 4 5 4 4 3 6 0 0
"b26155927a836849" 31 1071 34931 628 188 15777 13 553 297 87 150 1550 5891 13 553 6605 5556 63 2453 5724 13 553 357 20 347 367 388 13 1664 61 113 4 12140 -1 -1 0 0 0 0 7 7 6 6 5 5 4 4 7 6 0 0
"b42041f9138132e9" 21 191 574 25 61 3923 13 553 134 3000 3001 13 23 744 11494 553 34932 150 504 34933 388 4 12141 -1 -1 0 0 0 0 7 9 8 7 6 6 6 8 6 8 0 0
"22a639c468ffd60b" 18 19 8544 13 34934 15415 13 553 357 20 367 33714 13 174 34935 165 53 10618 4 12142 -1 -1 0 0 0 0 7 7 9 7 6 6 7 6 6 6 0 0
"fde057d3448387fa" 19 66 23 5952 13 5953 5954 661 13 553 2 6846 4280 13 357 34936 347 796 330 4 12143 -1 -1 0 0 0 0 8 6 6 5 4 7 8 5 5 3 0 0
"9325526696a778dd" 25 4067 4068 457 4069 4070 13 553 2 2023 6874 9722 609 13 553 8343 150 34937 487 36 442 822 443 1250 1720 4 12144 -1 -1 0 0 0 0 6 6 8 7 8 6 7 4 4 6 0 0
"f90e1542e85d4f27" 24 171 5451 5452 5453 34938 5455 13 553 1145 6412 150 36 330 171 31289 13 553 34939 2 1193 1420 4623 34940 4 12145 -1 -1 0 0 0 0 4 5 7 4 3 8 5 8 7 5 0 0
"677ead09a3a80d6b" 19 2 1764 297 25 3032 2724 13 553 134 3000 3001 13 20 3150 35 331 150 6510 4 12146 -1 -1 0 0 0 0 6 8 6 7 4 6 6 8 4 7 0 0
"7723efbc6c0e682f" 18 5127 9366 41 9659 61 9660 13 553 61 7313 8124 13 2 18517 3631 530 34941 4 12147 -1 -1 0 0 0 0 4 7 6 5 6 6 6 4 3 5 0 0
"e31554209481438f" 24 87 61 417 25 87 61 13 553 2 4715 188 23405 1015 2416 34942 34943 13 553 20 347 979 191 34944 4 12148 -1 -1 0 0 0 0 6 8 5 6 3 5 6 3 7 4 0 0
"4a1c44e518283907" 21 6361 3455 150 6362 636 13 22217 61 3583 13 553 2 1109 8544 698 35 34 102 361 1093 4 12149 -1 -1 0 0 0 0 7 7 6 8 6 6 6 4 5 7 0 0
"c11f75763bcb15af" 19 134 3000 3001 20 102 14136 34945 13 553 357 1510 150 1667 596 13 520 61 1112 34946 12150 -1 -1 0 0 0 0 7 8 7 8 6 6 5 7 4 6 0 0
"b6fe2b1420eb3dcc" 26 66 1006 1007 1008 530 13 20 1380 1381 13 553 548 9045 396 6107 13 553 150 34937 9295 13 20 87 313 12178 4 12151 -1 -1 0 0 0 0 5 5 4 3 3 6 5 4 3 4 0 0
"5a182f00254d4ef2" 24 774 10432 6543 11490 357 11491 13 553 357 347 36 11407 11408 13 553 87 12612 113 1319 13 25 1201 12676 4 12152 -1 -1 0 0 0 0 6 6 7 6 5 6 5 4 4 6 0 0
"2515e12418f0dbf0" 18 41 2883 588 34947 282 13665 93 13 553 2 5290 621 3472 34948 34949 34950 13 553 12153 -1 -1 0 0 0 0 8 7 4 6 5 7 6 5 4 6 0 0
"037b52bce4de0259" 29 3327 3488 7320 7321 13 34951 655 14478 13 553 2 5477 2940 87 34952 16060 13 553 357 2652 38 1693 87 6426 1765 1043 1173 1669 4 12154 -1 -1 0 0 0 0 6 6 7 7 5 6 6 4 4 6 0 0
"a5cebadff079a262" 27 1705 23 1706 1707 13 10690 125 5903 3254 13 553 102 34953 34954 34955 737 2219 13 553 347 2371 171 34956 284 2070 34957 4 12155 -1 -1 0 0 0 0 7 6 6 6 5 5 6 5 4 6 0 0
"97905394e439dddc" 24 87 61 417 25 87 61 13 1109 150 19759 1315 13 553 499 4337 10908 10244 13 113 1643 31346 457 7630 4 12156 -1 -1 0 0 0 0 7 8 6 7 6 4 3 2 5 5 0 0
"e909e8fd8cff72d7" 24 20394 19722 2859 34958 13 357 150 1568 1669 31349 13 553 2511 492 23 316 13 134 113 13069 578 61 1246 4 12157 -1 -1 0 0 0 0 7 5 6 6 6 4 3 4 5 6 0 0
"25e377314db6546a" 25 150 36 1602 1603 13 171 5451 5452 5453 34959 13 553 1114 34960 504 21406 457 26522 13 191 373 2711 284 697 4 12158 -1 -1 0 0 0 0 6 6 5 6 4 3 3 7 3 3 0 0
"730c2cf144355b1d" 19 2657 19270 13 34961 34962 4361 6884 13 553 1200 1510 116 34963 55 9562 150 1885 29026 110 12159 -1 -1 0 0 0 0 6 4 4 5 4 3 4 3 4 3 0 0
"31774f3968f30ae9" 20 1071 6200 1559 688 1526 13 5877 11577 10666 13 553 34964 96 13 4720 19666 15115 8688 481 4 12160 -1 -1 0 0 0 0 5 6 6 7 5 3 3 3 3 4 0 0
"11ed68b4eb806f79" 22 22712 34965 12377 34966 13 12379 34967 34968 13 553 6361 1842 150 36 545 13 357 2652 3455 6362 636 4 12161 -1 -1 0 0 0 0 4 4 5 4 5 4 5 2 2 4 0 0
"9028452bb6f823eb" 23 191 95 705 1913 150 367 330 8173 34969 13 553 347 2143 151 1760 13 87 1603 11890 171 4484 313 4 12162 -1 -1 0 0 0 0 7 6 6 7 7 3 4 3 8 5 0 0
"60d4336f5f3f5cba" 30 13587 13619 13620 251 9456 13 11064 28181 34970 34971 9456 26730 237 34972 13 553 34973 34974 34975 34976 230 13 469 34977 632 1981 4713 34978 34979 4 12163 -1 -1 0 0 0 0 5 6 5 5 5 4 3 4 4 4 0 0
"8922381af472a4a6" 25 34980 15337 326 113 1800 116 34981 34982 13 553 9648 670 981 13 150 744 1817 981 10955 13 1664 23 835 34983 4 12164 -1 -1 0 0 0 0 4 6 6 6 4 4 4 3 2 5 0 0
"e52eb2d263d422ed" 23 5556 6605 13098 21171 359 2453 5724 13 553 150 12403 36 2135 34984 13 1047 4361 265 34985 34986 53 15104 4 12165 -1 -1 0 0 0 0 5 5 5 5 4 3 4 3 4 4 0 0
"bfa049d43c0e9b8a" 33 34987 8001 34988 13 33706 34989 13 76 61 953 24090 34990 18237 13 553 34991 14207 13 357 68 6787 8001 68 150 36 297 161 321 34992 6907 23556 2439 4 12166 -1 -1 0 0 0 0 6 7 6 7 6 4 3 4 7 6 0 0
"f2ffe17f7abddfa4" 25 347 36 596 1568 359 102 1863 34993 13 553 632 1981 34994 15445 34995 764 13 34996 3646 13 5515 34997 457 15107 4 12167 -1 -1 0 0 0 0 6 5 5 5 4 6 4 5 4 4 0 0
"f854fba97ef2fe0e" 26 34998 34999 35000 35001 35002 35003 9910 35004 13 553 373 188 35005 15155 13 34 26 34788 520 150 35006 2286 35007 55 91 4 12168 -1 -1 0 0 0 0 4 6 3 5 4 6 4 3 2 3 0 0
"6e8612ef16b647bb" 22 150 36 35008 4739 35009 35010 35011 13 553 2 6846 188 4280 457 171 17423 35012 35013 19457 35014 2475 4 12169 -1 -1 0 0 0 0 5 5 4 5 4 3 3 4 5 4 0 0
"1dfa7ba32cb1f552" 40 35015 660 35016 11637 523 35017 3753 13 553 311 61 457 171 14291 13 191 574 25 3923 61 13 553 1705 23 3956 1707 13 102 61 697 2644 616 13 1319 21770 35018 35019 4478 35020 4 12170 -1 -1 0 0 0 0 7 7 6 5 6 5 4 5 7 4 0 0
"9099fc162603a1cd" 22 414 125 14428 2 1389 26531 35021 13 553 373 7159 4589 2 188 15155 28673 13 35022 35023 14136 34945 4 12171 -1 -1 0 0 0 0 7 6 7 6 5 8 6 4 5 4 0 0
"8ad0e5db15af86b4" 41 5477 34920 87 188 557 35024 822 16060 13 553 7120 287 188 394 2 35025 12378 12379 12380 13 553 171 6412 5452 5453 5454 5455 13 553 34 35026 93 26715 2 66 1664 93 188 9723 35027 4 12172 -1 -1 0 0 0 0 5 3 5 4 3 6 3 3 4 5 0 0
"a5e49d850bdf2eb9" 40 66 7807 188 35028 2 34 504 35029 13 553 34 3241 35 4505 61 35030 467 13 191 515 35031 13 553 508 547 35032 4359 14039 13 553 519 2691 66 151 1983 21908 2 504 35033 4 12173 -1 -1 0 0 0 0 4 3 5 5 4 6 3 4 4 4 0 0
"5618ade7eca6da13" 39 1462 1463 609 125 1735 2028 13 553 2 1109 3280 13220 7664 13 553 1032 35034 373 188 8864 13 1122 61 134 823 3394 13 553 2 66 801 367 14407 2 34 33798 125 16094 4 12174 -1 -1 0 0 0 0 7 8 8 6 7 6 6 5 6 5 0 0
"0f5a3b6621e393b7" 37 24255 4243 359 14759 13 553 4505 61 35035 12933 2 2104 6412 13 553 76 61 90 91 13 1549 87 150 367 35036 13 553 191 21686 2696 13 297 386 359 10903 6561 4 12175 -1 -1 0 0 0 0 8 7 7 8 6 8 5 5 6 6 0 0
"f74e46c0d938f502" 35 1664 359 22059 6833 359 35037 55 17966 13 553 14883 188 18161 297 738 384 13 553 925 14622 10328 1580 5141 35038 2151 13 553 1549 38 1693 1778 9257 2644 94 4 12176 -1 -1 0 0 0 0 6 5 6 5 4 5 4 4 4 4 0 0
"e4c87a3f6bb98e6f" 30 767 35039 35040 13 553 33263 359 15 35041 13 553 1549 66 347 2305 13 191 7638 1016 1729 13 553 2 772 411 12637 8100 27877 384 4 12177 -1 -1 0 0 0 0 7 8 8 6 6 8 6 5 6 5 0 0
"698a399971d40845" 41 66 347 3278 3736 87 286 2902 13 553 359 14371 14754 13 5749 102 61 890 13 553 1083 286 1046 9418 2 1378 165 9419 13 553 1549 66 113 1634 9420 2 534 2284 35042 93 35043 4 12178 -1 -1 0 0 0 0 4 3 4 4 3 3 3 5 3 4 0 0
"6ce582ef591ab342" 42 1069 11472 30910 13 347 410 66 362 31744 13 553 10918 3469 2 87 150 36 92 35044 13 553 113 87 61 504 13 2 417 66 7153 7189 13 553 1778 297 359 1842 32785 33801 14430 35045 4 12179 -1 -1 0 0 0 0 5 4 5 4 4 3 3 3 4 3 0 0
"cc39853c9795b449" 38 150 457 304 3314 13 1522 113 35046 13 553 2796 3313 35047 35048 1122 1042 61 9664 13 553 2 66 10769 102 373 2317 14968 590 13 553 6270 35049 2 482 2007 3351 4623 4 12180 -1 -1 0 0 0 0 6 5 6 7 4 4 6 5 5 4 0 0
"70eb2580f60f68cf" 45 66 347 1667 25 61 1730 13381 2316 13 553 1549 66 23 2891 169 349 93 13 25 66 556 13 553 1109 3436 14558 2 396 361 545 737 13 553 1549 87 1854 697 2 1109 1647 2637 1016 35050 11730 4 12181 -1 -1 0 0 0 0 5 4 5 5 5 3 3 4 4 4 0 0
"17a8191df6ac50ef" 39 347 66 484 547 6551 2 22165 590 13 553 1071 1232 637 621 13 347 66 113 463 13 553 347 66 151 35051 6030 20 11850 13 553 1549 1069 6687 11679 13 499 18483 5658 4 12182 -1 -1 0 0 0 0 6 5 5 5 4 4 3 3 3 4 0 0
"cc74b32d046df7fa" 42 191 95 340 31363 13 2 4404 1511 125 171 35052 13 553 386 359 35053 361 1043 14163 13 553 2 15968 61 504 1925 13 191 1109 2948 2696 13 553 2 1016 3805 61 636 35054 2284 2696 4 12183 -1 -1 0 0 0 0 7 7 7 7 5 5 5 4 4 4 0 0
"447f08c72566029a" 40 1549 66 23 87 38 150 1550 11869 35055 13 553 41 1785 93 35056 35057 13 553 66 23 87 38 457 607 35058 7661 394 13 553 1488 87 61 7820 6561 171 35059 35060 13 1331 4 12184 -1 -1 0 0 0 0 4 4 5 3 3 3 3 5 3 4 0 0
"25ba931051b6d16a" 39 1778 38 1693 3599 29439 1925 13 553 191 860 18161 3706 2 2546 35 4337 521 13 553 61 2153 29829 35061 35062 13 553 1549 532 3302 10769 170 14969 14968 2 586 1580 35063 5881 4 12185 -1 -1 0 0 0 0 6 7 7 6 5 4 4 4 5 5 0 0
"f2a7e61268879c3d" 26 548 36 742 3247 35064 13 3314 1480 4107 32496 11396 13 553 3736 87 7412 1696 35065 13 4447 892 4401 493 9976 9977 4 12186 -1 -1 0 0 0 0 8 9 10 6 7 8 5 2 3 2 0 0
"598b35c448c85398" 18 410 14919 313 14918 35066 3993 1129 13 553 3327 6869 35067 411 6787 395 14852 35068 4 12187 -1 -1 0 0 0 0 8 8 7 10 8 8 7 3 9 5 0 0
"701c594eb3675d7a" 32 44 93 3381 6864 18939 13 2 7926 1338 13 553 7123 9264 160 41 3302 2747 13 3302 35069 1669 553 1344 19381 14319 3717 2 3313 18763 2601 1669 4 12188 -1 -1 0 0 0 0 8 8 8 8 8 7 6 5 6 8 0 0
"65b71f4f7eca9276" 38 3387 1047 14702 35070 636 6833 13 35071 25092 553 35072 1033 22797 772 558 367 13199 13 553 4638 35073 9728 3348 55 9038 4640 13 35074 727 35075 35076 4447 35077 35078 61 35079 35080 4 12189 -1 -1 0 0 0 0 8 8 8 7 7 7 7 4 3 2 0 0
"510d1efffd355542" 21 347 39 646 417 29007 35081 13 553 1488 66 347 39 6731 116 527 35082 4104 47 35083 17830 4 12190 -1 -1 0 0 0 0 9 8 8 6 8 6 8 5 4 4 0 0
"ec2b835dc9de30cc" 18 7171 3167 14625 2204 191 25259 17885 13 553 721 3663 191 35084 687 35085 637 13351 4 12191 -1 -1 0 0 0 0 8 9 7 6 7 7 5 3 3 3 0 0
"fcb6806c5d7d8549" 16 87 1047 29926 3302 35086 13 553 357 6631 353 10749 3332 24075 18504 35087 4 12192 -1 -1 0 0 0 0 8 7 7 4 6 9 4 2 3 2 0 0
"c28af4378e5ad64a" 38 414 297 3152 35 1047 3302 35088 15208 553 414 35089 3638 35090 13 537 27288 35091 388 35092 15208 553 22617 4505 2067 13 2 3257 93 35093 2625 35094 35095 35096 394 150 110 68 13 12193 -1 -1 0 0 0 0 8 7 7 7 5 6 3 2 3 2 0 0
"df0506a8e2e91192" 22 150 742 4119 545 2536 8062 981 35097 13 553 1821 3302 14913 188 15265 15208 35098 134 35064 44 35099 4 12194 -1 -1 0 0 0 0 7 7 6 6 6 6 4 2 3 2 0 0
"eaf850cbcd1bcd67" 24 1354 2042 2043 1052 174 845 13 553 1071 325 35100 61 1052 13 553 1534 34808 415 35101 87 61 13 14171 4 12195 -1 -1 0 0 0 0 8 7 7 7 6 6 5 3 7 5 0 0
"ad468bf981510d96" 44 1821 351 2 18763 35102 35103 11633 394 13 553 357 66 1778 2 5709 1795 35104 553 345 325 35081 347 39 151 305 35105 13 553 1549 10730 1990 35082 87 35106 13152 1552 35107 159 35108 4 3262 171 787 4 12196 -1 -1 0 0 0 0 8 9 6 6 7 7 6 5 5 6 0 0
"01bbc35ec8a047d4" 58 325 35081 66 18613 93 603 35109 25892 13 553 6990 858 16439 11472 191 171 543 35110 35111 35112 361 13 553 3348 55 35113 87 3302 9296 7983 2 35114 35115 87 17718 61 35116 13 553 35117 637 35118 7494 2 35119 162 727 799 5554 697 35120 2 35121 2 3098 35122 35123 4 12197 -1 -1 0 0 0 0 9 8 9 8 6 7 8 7 4 3 0 0
"03cf63e7bc838628" 35 1171 35124 35125 13 553 22617 349 2067 191 12066 353 35126 35127 35128 13 553 4638 4639 35129 3369 11026 35130 35131 15265 2777 6907 13 35131 35132 4146 20 150 35133 17196 4 12198 -1 -1 0 0 0 0 8 8 8 6 6 6 6 4 3 2 0 0
"b5021eb833c5ddee" 32 35134 61 297 25734 35135 13 553 1071 742 722 2035 150 35136 13 1130 35137 3302 35138 35139 553 35140 3302 35141 13 1071 373 966 35142 14683 265 35143 4 12199 -1 -1 0 0 0 0 8 8 8 6 7 5 7 6 6 6 0 0
"283fe1a0aceb5715" 23 1354 3302 521 102 17912 13 553 191 35144 2111 2 15204 13 553 184 35145 13 346 1016 2280 417 35146 4 12200 -1 -1 0 0 0 0 8 8 8 7 7 7 5 4 3 4 0 0