"0df60f4545c8a9ab" 839 11272
"442b491f4d38285f" 3014 10825
"5640de26cc8e16f6" 2929 10235
"488666ac9c84265c" 5835 7688
"824db09c3f3430d4" 9513 2918
"72f9d5db85859187" 11275 524 8959
"769e3f95e6a4571e" 8397 2129
"8b36ce2d8f9d126e" 2173 10590 2980
"0c26af69f57e95b8" 10524 11239
"a1a575e7445d874f" 11272 2629
"32c940f7fa758a0b" 9433 2929
"186fca5b0b1335bb" 7680 12052
"5d98f4a6b48c54c7" 11610 8278
"a628356288c8653a" 9102 839
"01b97ff1639c9454" 791 501 5863
"db84ff069cf8edc3" 10438 1986
"d85025ee3a773b9d" 933 10008 10015
"efeb105582bac411" 2167 3014
"002c22a2c495d1e2" 8207 1552
"50b3d4eb4a8a2efb" 11278 8403 9607
"3c652e39638f7339" 3560 10839 4775
"a46a1e7340794efa" 5399 8812 5718
"bc1581f6739ffab1" 5984 10370 136
"0593d74f48ed36bf" 8257 6243 4183
"63ed48ae4c6bc64c" 641 4604
"a4c273be68acf64e" 170 6010 8085
"627c9190a91de440" 10511 8680 11310
"03687d5ee7eec259" 4386 11492 6497
"4ac00c07a2ae2399" 9993 11458 7952
"1ed589322a8237f0" 10126 11867 7931
"5d25c4bed6767a28" 794 7830
"c7ac32e5a3088556" 280 7281 11742
"f819f1a5087923a3" 11717 6625
"518636f6c53fc035" 5377 2907
"1e9c500ee76c3656" 6467 4429
"0544b67d692f8eca" 7398 8237 552
"36d4e85bdbb7b93e" 5356 2298
"ff6f9d48395399ae" 9179 4775 3560
"38dd4dce924c2419" 10839 2559 280
"3b55c3117f1d4445" 11867 5399 8812
"0e93c80fbf58b8eb" 5718 5984 7281
"1a3de95669e44230" 6625 5377 10370
"a7876afeeef841d8" 6243 7931 4183
"02f836899e715a34" 11742 641 4604
"860dc0d3a1522c4c" 170 7952 8085
"985efebd49a1d081" 4429 10511 8680
"2c0b02e477041939" 11492 8237 5356
"0bc97f9af8d7db2f" 10126 794 10839
"a2aab7bd6685e269" 11458 280 5399
"6b707d1ebb1ae77d" 11717 5718 10370
"a744e65880912be5" 5377 8257 7931
"6126d68cfc41dc5d" 7830 11742 641
"b64fd5224bb3d73a" 2907 4604 6467
"586cb57658fdd6ab" 6010 170 7952
"9cc9cf033aa030d7" 8085 11310 4429
"780efebd49a1d081" 4429 10511 7398
"cfc87d5ee7eec259" 4386 11492 8237
"646cd75f2e61d9b9" 6497 552 5356
"c6ed0a4f4a72bb79" 2298 9677
"df60c4a5da421f9b" 9993 9677 794
"bff6c80664154f30" 9179 3560 10839
"ffdb75a43e79219f" 11458 11867 11717
"6d873b0df8989935" 8812 5984 6625
"b364a9e2e451470b" 8257 11742 6467
"f02c704f58c80d92" 8085 10511 7398
"f60009eb58921ec1" 552 2298
"6aa9540b3bf1bcc8" 1197 7495 6093
"6ba02cc1b6063ded" 2950 5627
"30a9fd7c5b934f77" 6136 3152 6002
"fbf1cdb1fc9f0e84" 473 5645
"0af1b496cbbab9e0" 6809 9262
"753144a029856719" 1197 3152 4297
"837b19f0e7c48a94" 8305 7495 5627
"99e8c607739b62d7" 4525 2950 6093
"8d5c02596ba5b1af" 6136 6002 5645
"0cb3f39310054a0c" 9786 5627 9262
"5a36b820cc09dd97" 1197 2950 473
"b3ca543d619c8fcd" 8305 4525 3152
"86ce66b274f89c59" 6136 4297 6002
"386a0477d5a246a6" 7495 2950 5645
"98c87ae146780d09" 1197 9786 6809
"3434a6cc28859ffa" 8305 6136 4297
"c058083992a95cbf" 3152 473 9262
"91f983134afd9378" 7495 5627 6002
"aeb7cdecbd98fc57" 9786 6093 9262
"06389f37c4c9b102" 1197 4525 473
"a2d9fd7c5b934f77" 6136 3152 6809
"df797d1669dbab63" 8305 2950 6093
"11f3ffad3245566f" 4525 6136 5627
"c7430696c89e77b2" 3152 6002 6809
"bc7a082e4b742df9" 7495 4297 9262
"e3e8c607739b62d7" 4525 2950 6002
"34ef24cd7886e477" 6136 9786 3152
"43fa0225def7edb4" 1197 6093 5645
"fa8b19f0e7c48a94" 8305 7495 6002
"3cce66b274f89c59" 6136 4297 6093
"8e8983e3b2f7c678" 2950 3152 6809
"372ac5395f027518" 7495 9786 473
"eef7cabde86d492b" 4525 4297 5627
"fae2e1d68bb2c13f" 1197 6136 6809
"c54983e3b2f7c678" 2950 3152 5645
"270fe1a7637213d7" 6136 5627 6002
"9997b820cc09dd97" 1197 2950 6093
"dfc988c8fcfa9149" 4525 9786 5645
"035771dcdead82c6" 8305 4297 473