40
100
254
670
835
853
1008
1056
1068
1106
1121
1320
1522
1711
1787
1946
2175
2928
3026
3232
4038
4142
4438
4814
4950
5134
5386
5535
5552
5604
5980
6028
6160
6172
6528
6714
6809
7012
7233
7293
7488
7798
8114
8259
8319
8437
8564
8585
8738
8817
8846
8896
9052
9177
9220
9481
9730
9790
10100
10418
10565
10871
10958
11117
11245
11247
11413
11615
11642
11693
12034
12072
128
519
551
577
821
1376
1583
1745
1794
1845
2013
2030
2050
2308
2590
2843
2951
2984
3129
3235
4105
4237
4490
4627
4743
4907
4914
4954
5022
5159
5294
5397
5651
5658
5674
5727
6096
6170
6267
6573
6974
7305
7580
7813
7945
7988
8063
8222
8560
8771
8965
9016
9040
9270
9293
9760
9768
9772
9802
9833
9932
9987
9990
10022
10165
10184
10349
10526
10742
10822
10934
11066
11164
11178
11193
11213
11428
11473
11798
11849
11965
11974
12060
12068
12135