27
358
457
550
645
665
708
743
867
914
923
1121
1145
1709
1854
2326
2540
2956
3997
5189
5340
5456
5474
5480
5577
5608
5669
5779
6036
6082
6338
6488
6916
6933
6994
7114
7415
7436
7571
7684
7775
7857
8159
8224
8447
8455
8537
8552
8569
8617
8646
9015
9036
9222
9379
9662
9809
10065
10145
10267
10521
10619
11051
11114
11153
11233
11245
11530
11832
220
651
791
1168
1307
1483
1882
1967
2111
2272
2691
2864
3256
3558
3658
3796
4355
5061
5502
5628
5806
6190
6280
6614
6711
6734
6886
7146
7347
7376
7538
7616
7835
8069
8179
8283
8527
9523
9829
10002
10176
10497
10512
10836
10929
10947
10950
11071
11161
11168
11275
11416
11452
11930
12138
12152