170
280
473
524
641
933
1981
1986
2173
2298
2907
2929
3152
4183
4297
4386
4429
4604
4775
5399
5438
5627
5645
5718
5863
5984
6243
6467
6587
6809
7398
7830
7931
8207
8237
8305
8680
8812
9102
9161
9513
9677
10015
10235
10370
10438
10511
10590
11239
11272
11550
11742
11867
136
501
552
791
794
839
901
1197
1552
2129
2167
2559
2629
2918
2950
2980
3014
3560
4303
4407
4525
4700
5356
5377
5835
6002
6010
6093
6128
6136
6497
6625
7281
7495
7680
7688
7952
8085
8257
8278
8397
8403
8959
9179
9262
9433
9463
9607
9786
9993
10008
10126
10524
10825
10839
11088
11275
11278
11310
11458
11492
11610
11717
12052