"e2f019210f542d7b" 16 12175 3081 9702 13 414 35821 13 553 35822 87 2321 35823 113 66 1821 4 12405 -1 -1 0 0 0 0 7 6 8 5 4 7 3 2 4 2 0 0
"e2c01f9415cf52c7" 20 134 9444 35824 9445 2 35825 13 553 95 340 61 87 38 388 357 2090 2 35826 5217 4 12406 -1 -1 0 0 0 0 6 8 9 6 5 7 2 2 3 3 0 0
"5ade42bd5ccb5865" 21 359 10885 10886 1821 13 18444 38 331 7528 737 13 553 188 35827 1232 737 359 35828 93 2571 4 12407 -1 -1 0 0 0 0 8 6 7 8 7 8 3 3 8 4 0 0
"57f9df9af27d9bc2" 25 191 0 3248 1301 13 1109 113 35829 14253 547 17667 326 13 553 1842 191 1342 35830 35831 373 35832 2 1016 35833 4 12408 -1 -1 0 0 0 0 5 7 6 4 3 6 2 2 5 2 0 0
"02df2b1a384363d7" 32 347 2507 1834 347 1662 13 410 347 36 151 13 76 61 25 61 545 13 553 7303 7456 2 946 7807 13 3253 191 801 113 134 5494 3873 4 12409 -1 -1 0 0 0 0 8 7 6 6 6 7 3 2 7 3 0 0
"dcf5ca10bcddb2aa" 21 744 66 586 35 95 22957 1232 165 13 553 357 26 9098 2191 372 13 3304 9063 524 737 4 12410 -1 -1 0 0 0 0 7 7 6 6 6 7 3 3 6 2 0 0
"3f2d0ece845ed05a" 21 7113 616 7114 7115 817 13 553 357 5881 125 556 359 6561 13 3906 1178 5217 9594 4 68 13 12411 -1 -1 0 0 0 0 7 6 6 7 5 8 4 4 5 3 0 0
"61dadc9b31b4040b" 20 191 9459 1319 12726 7614 13 553 402 321 36 14243 13 2 3497 113 558 5288 4 68 13 12412 -1 -1 0 0 0 0 6 7 6 6 4 6 4 3 6 3 0 0
"3e956e1fa6ce0492" 17 66 6198 3635 1033 95 7309 13 553 357 150 7178 388 13 548 463 7118 4 12413 -1 -1 0 0 0 0 7 7 8 6 5 6 2 2 5 2 0 0
"6a61d0ae33518e90" 24 357 5262 417 13 113 22028 1795 2619 14176 13 553 534 305 349 16098 13 499 388 347 2280 35834 1664 14176 4 12414 -1 -1 0 0 0 0 6 6 6 5 3 6 2 3 5 2 0 0
"773b3736eb0aa4ca" 22 347 847 8444 92 10266 548 373 3368 13 553 1109 35835 463 35836 35837 13 1071 102 688 7820 2615 4 12415 -1 -1 0 0 0 0 8 7 6 4 5 7 2 8 4 6 0 0
"de9ae15a7b3f0b0c" 20 347 1667 35838 20199 13 553 4638 1131 1250 1775 13 1549 13910 5525 1109 7389 1110 6601 351 4 12416 -1 -1 0 0 0 0 6 6 5 6 4 7 3 4 5 5 0 0
"c40a584a85c54e1f" 24 603 9455 4537 13 113 283 358 41 39 13 553 852 150 286 102 1604 297 102 388 9045 12260 4 68 13 12417 -1 -1 0 0 0 0 7 7 6 5 7 5 3 2 7 5 0 0
"66bbfbb9c5b85b76" 26 15151 4304 13 852 5545 41 61 13 553 357 330 7291 347 13 150 286 330 6783 23 6209 35839 297 359 3405 2047 4 12418 -1 -1 0 0 0 0 7 6 5 6 5 5 3 2 6 4 0 0
"bb5850382fd98f64" 27 12333 1763 35840 9530 13 95 150 36 35841 13 553 297 35842 35843 13 2 26 1131 171 2454 13 150 1276 113 5474 2919 4 12419 -1 -1 0 0 0 0 8 7 8 5 4 6 3 3 6 5 0 0
"bbd1d10a22833c8d" 20 4715 1067 5153 35844 3880 2 35845 353 358 13 553 66 5374 353 1664 2 3019 9390 6659 4 12420 -1 -1 0 0 0 0 6 6 7 7 6 6 6 5 5 5 0 0
"909f17649b28e523" 19 66 4249 35846 787 35847 25555 13 553 191 3985 425 13 171 319 35848 27340 4 68 13 12421 -1 -1 0 0 0 0 3 5 4 4 3 3 3 4 4 4 0 0
"526349976d9d962f" 22 87 61 359 35849 1981 367 15189 13 4625 13 553 357 26512 4481 15547 35850 2 35851 35852 4 68 13 12422 -1 -1 0 0 0 0 4 4 5 4 5 3 3 4 4 4 0 0
"dde7ef9090cea962" 20 796 2683 727 2436 10428 359 35853 13 553 2 378 357 25 13736 372 171 3942 4 68 13 12423 -1 -1 0 0 0 0 6 6 7 5 6 6 5 4 5 5 0 0
"a914feb82265f26c" 30 66 6209 1821 7548 2 22217 35854 359 113 13 553 1071 4162 61 2 61 1042 608 1775 13 2 3324 1007 11067 35855 737 35856 26178 999 4 12424 -1 -1 0 0 0 0 7 6 8 7 9 6 5 4 6 5 0 0
"baffb2f5c51688fc" 25 2826 5374 2 1009 609 11858 8495 13 553 817 7113 616 7114 7115 13 28 25 20820 171 1584 2 21187 66 579 4 12425 -1 -1 0 0 0 0 6 7 6 6 7 5 4 6 6 7 0 0
"3aefaae288b4b5fa" 34 347 999 20362 36 35857 13 28 1571 1808 61 35858 7008 3394 13 553 357 3472 8071 5911 150 2265 13 504 3302 35859 23 12573 1696 359 981 2720 6892 1584 4 12426 -1 -1 0 0 0 0 5 6 7 6 6 6 3 4 5 4 0 0
"068d3f60527032ad" 23 35860 796 8423 61 515 6994 35861 35862 13 553 423 586 13295 35863 2311 4093 12035 35864 35865 150 4 68 13 12427 -1 -1 0 0 0 0 5 5 5 5 6 5 3 5 6 7 0 0
"af1ee771d269e278" 25 113 4254 23 5714 2 87 61 2507 41 10625 13 553 2 603 1342 13 35866 8225 35867 2 442 6756 578 125 110 12428 -1 -1 0 0 0 0 4 4 3 4 3 3 2 4 3 4 0 0
"450551efcf93c39b" 50 341 36 151 609 504 1641 13 87 361 35868 11079 2 31781 3935 4 553 852 14253 484 4970 35869 13 346 87 4337 2227 6380 32415 110 553 852 102 386 687 151 1604 1374 621 14319 1187 13 388 4970 1750 7403 47 9929 4 68 13 12429 -1 -1 0 0 0 0 7 8 8 7 8 6 5 7 8 8 0 0
"deb57bf4216fb226" 24 95 340 35870 1374 150 35871 35872 2090 13 553 347 1888 600 2452 2941 8444 92 10266 13 2852 3368 4 68 13 12430 -1 -1 0 0 0 0 7 6 6 7 8 5 4 6 6 6 0 0
"18c103e17488bfbf" 32 7303 7456 13 720 7807 7303 13 2 28 2571 347 36 403 13 553 357 16410 150 388 330 35873 13 499 1667 35874 25 87 26155 35875 4 68 13 12431 -1 -1 0 0 0 0 6 7 6 6 7 5 4 6 7 7 0 0
"e6385f5d34f8d077" 19 34 6459 35876 35877 35878 3302 13 553 534 305 16098 28 35879 5501 20506 25846 4 68 13 12432 -1 -1 0 0 0 0 6 7 7 6 6 4 5 7 6 5 0 0
"ff1c46b55c000f25" 43 191 20506 9459 358 13 355 25311 13 22028 18365 3488 13 553 1842 87 1580 12726 9459 1319 35880 803 3488 3635 2930 150 4 553 1250 4638 297 687 2852 35881 35882 7178 388 25 2720 35883 12624 4 68 13 12433 -1 -1 0 0 0 0 6 6 6 5 6 4 3 5 5 4 0 0
"77a0cbc440dd0536" 25 357 21883 357 9659 61 35884 150 36 35885 13 553 1028 23 8688 35886 7543 3663 13 2 15151 4304 1511 35887 35888 4 12434 -1 -1 0 0 0 0 4 6 5 5 4 3 2 4 4 3 0 0
"8bde037710bd58cc" 26 373 150 463 3434 688 13 373 150 151 388 688 35889 13 553 1071 603 9455 4537 13 347 330 7291 347 7429 396 4 12435 -1 -1 0 0 0 0 5 4 8 7 5 6 6 3 3 5 0 0
"a95bf586c8b18efd" 19 1110 2696 35890 2151 1463 13 553 367 5374 3019 3318 13 32012 35891 20941 1818 30185 22456 4 12436 -1 -1 0 0 0 0 6 6 6 5 5 5 8 3 4 4 0 0
"1db5fcf36515fdef" 24 1763 35892 9530 13 7543 9792 35893 96 13 553 1232 35894 35895 13736 13 2 35896 3189 35897 35898 26769 35899 96 4 12437 -1 -1 0 0 0 0 8 6 7 6 6 5 5 3 3 4 0 0
"73124d28e67cc6df" 23 26 171 2454 13 330 150 36 35900 553 66 35901 2023 13 1494 727 2436 10428 35902 35903 7056 14487 32150 4 12438 -1 -1 0 0 0 0 7 6 9 6 6 6 6 3 4 4 0 0
"8e2ff0504aee3727" 23 47 1067 13 66 18904 20 3985 1047 3034 13 553 66 5995 5996 13 687 35904 5716 484 35905 171 1834 4 12439 -1 -1 0 0 0 0 4 6 5 3 3 7 4 3 3 3 0 0
"9b3de6d65e56dc4e" 21 13399 9269 5358 13 3461 1109 13 55 553 231 13621 13622 17123 217 4625 13 7490 1016 5474 35906 6915 12440 -1 -1 0 0 0 0 8 7 8 7 6 7 5 6 3 4 0 0
"84ef992be1499c5b" 32 2 15340 13 578 19746 2 7456 975 22068 13 553 7025 2546 2571 13 519 3906 331 1178 9594 5217 13 553 357 1109 35907 7675 3581 704 32150 35908 4 12441 -1 -1 0 0 0 0 6 6 7 5 4 6 3 4 5 4 0 0
"32f5e2d0d8f82952" 32 8373 9381 2826 2485 13 9382 578 4110 13 553 2 1534 14253 1664 13 1580 26 171 2454 13 553 35909 17901 457 1775 1131 35910 35911 394 7254 3071 4 12442 -1 -1 0 0 0 0 7 7 7 6 6 7 6 4 5 4 0 0
"8a934e632fa4872b" 56 10082 9702 13 1303 8709 457 13 23331 35912 463 35913 13 6132 35914 13450 13 553 134 9444 35824 9445 13 609 774 2564 35915 35916 87 1016 35917 13 553 1868 10885 10886 1821 13 1109 1110 17718 35918 93 4261 13 1110 282 35919 35920 359 15367 4478 8487 55 18277 35921 4 12443 -1 -1 0 0 0 0 8 8 8 7 7 7 6 4 5 4 0 0
"4792ea1df594a18d" 32 35 388 8895 8896 13 113 979 504 1052 13 553 578 125 13 102 61 975 24204 13 553 9098 6300 357 3751 13 1187 17652 3304 2724 1043 19801 4 12444 -1 -1 0 0 0 0 0 0 0 0 0 0 0 0 0 0 0 0
"a9771ef3cacc7180" 40 7113 616 7114 817 7115 13 1071 3203 35922 13 553 87 61 95 340 38 388 357 2090 13 35923 2 20457 35924 13 553 357 5262 417 13 1110 636 35925 1518 35926 35927 35928 35929 16142 4 12445 -1 -1 0 0 0 0 6 5 7 6 6 5 4 5 5 4 0 0
"08566da11b079a8f" 42 7303 7456 13 7303 7807 13 1071 1934 2696 13 35930 1428 13 553 191 12726 9459 1319 13 2 13115 5867 13 553 727 2436 10428 13 7548 6561 35931 13 345 61 10451 1580 87 53 712 27209 2151 4 12446 -1 -1 0 0 0 0 6 6 6 6 5 6 5 3 4 4 0 0
"779667f30a506dae" 42 3304 3038 524 13 34 35932 171 8131 13 574 13 553 150 7178 388 13 357 35933 150 151 283 25337 13 553 330 7291 347 13 6121 87 337 1664 13 5140 61 11388 20 35934 457 35935 4 4 12447 -1 -1 0 0 0 0 5 6 7 6 5 6 5 3 4 4 0 0
"712e18e5f5f92b63" 39 2 402 321 36 403 13 34 17809 504 24199 13 553 6198 3635 1033 7309 13 2957 66 2374 1580 367 35936 13 553 47 1067 13 47 1321 13 25 9936 13 1109 3302 35937 35938 4 12448 -1 -1 0 0 0 0 6 7 8 7 7 7 6 4 5 4 0 0
"c58dd5afe4c22219" 49 347 847 8444 92 10266 13 113 347 3368 1667 25 87 61 13 553 20 3985 1047 3034 13 66 5995 5996 13 10708 484 737 35939 35940 13 553 2 13736 13 742 87 61 13 1071 150 457 35941 35942 13099 115 35943 2508 35944 4 12449 -1 -1 0 0 0 0 7 6 7 5 4 6 5 4 4 4 0 0
"08e6c4e1679edc76" 22 852 150 102 193 35945 13 2652 102 388 110 553 683 1110 13 13910 35946 13 13399 9269 5358 68 4 12450 -1 -1 0 0 0 0 6 7 7 8 7 7 4 5 4 3 0 0
"a371c0c4758bdc1d" 33 596 35947 20 35948 1464 13 12418 35949 55 1071 1296 2394 4452 63 4453 13 553 29404 449 1110 35950 13 35951 1625 35952 744 636 35953 17942 13 55 35954 4 12451 -1 -1 0 0 0 0 6 7 6 7 6 8 5 4 5 4 0 0
"43f1bd994a41ac13" 30 41 7460 150 6510 297 15797 28142 35955 1698 13 553 15987 1643 15988 13 63 15989 15990 55 41 35 4337 1889 1374 27099 113 171 1698 68 4 12452 -1 -1 0 0 0 0 7 6 5 6 7 6 6 5 6 5 0 0
"d1edb9f7a4c949ac" 24 150 36 2218 35956 35957 20 7384 35958 7386 7387 13 553 457 1774 35959 35960 35961 13 457 9166 10153 35962 68 4 12453 -1 -1 0 0 0 0 8 7 6 7 8 7 6 5 4 4 0 0
"ebfc200f202a2cd5" 29 35963 2794 2 9002 35964 35965 13 553 1052 744 1578 2735 25 9952 13 33977 116 73 14052 14053 55 5991 55 24331 35966 1621 35967 68 4 12454 -1 -1 0 0 0 0 7 9 9 8 7 9 6 5 4 3 0 0
"64a2daa6bdfbb633" 44 3304 3514 573 367 13 1947 6240 35968 13 553 1235 4757 150 4966 13 18995 22211 347 35969 13 553 35 6291 61 3247 3497 8985 2 1774 3033 35970 13 553 1882 35971 2128 2 35972 35973 34882 35974 35975 68 4 12455 -1 -1 0 0 0 0 8 9 8 7 6 8 7 6 5 4 0 0
"2512d0a11bced198" 28 282 1378 704 1434 1435 13 2 2979 5368 35976 24832 35977 1558 13 553 452 1379 10252 13 452 35978 2291 35979 3838 3277 2734 68 4 12456 -1 -1 0 0 0 0 7 6 6 7 6 5 5 8 5 7 0 0
"323c3087101dd08e" 24 286 35980 455 8634 11498 35981 13 553 939 2 704 1235 2018 13 636 35982 55 16740 35983 15539 457 2092 4911 4 12457 -1 -1 0 0 0 0 9 6 7 6 7 7 6 5 3 4 0 0
"24d56c99c9f19c97" 53 35984 150 1885 193 35985 13 326 27441 35986 421 13 553 10028 3104 13 35987 5911 3596 305 2321 13 1145 2813 61 13 8520 3314 41 3804 13 553 25 61 956 47 4856 13 2317 1576 35988 11704 606 61 23385 15112 13 28 35989 13 347 7598 68 4 12458 -1 -1 0 0 0 0 6 7 6 8 6 7 6 7 8 5 0 0
"2936a3924223483a" 32 35990 35991 22194 636 1580 87 13 1200 13 553 20256 5749 35992 7090 13 553 35 15561 3748 3746 61 3749 13 14406 35993 2684 1747 35994 3302 6757 35995 4 12459 -1 -1 0 0 0 0 9 6 5 7 6 4 4 8 4 7 0 0
"e1a41bb20b4d7c3a" 41 35996 41 7550 35997 35998 21966 35999 13 553 326 55 5331 36000 25846 191 23 2242 3427 13 553 5884 920 1148 453 61 93 13796 1190 13 25 507 604 13 308 28761 47 36001 1052 412 36002 110 12460 -1 -1 0 0 0 0 8 7 6 6 6 5 6 8 6 5 0 0
"0ec23a7ebe2d3555" 27 36003 36004 33746 36005 9724 13 553 3998 36006 36007 2 36008 36009 36010 36011 36012 13 553 36013 55 3455 13 26837 787 355 68 4 12461 -1 -1 0 0 0 0 6 5 4 6 5 4 5 6 6 6 0 0
"4f2c764e14fc712a" 39 1533 9936 47 22280 3497 36014 2018 13 553 2 15276 36015 1047 415 26276 36016 412 953 36017 36018 13 553 414 4224 36019 36020 2423 16511 13 29126 452 36021 47 12200 3302 33638 36022 68 4 12462 -1 -1 0 0 0 0 7 7 8 6 5 8 6 5 4 3 0 0
"852b5220183904b3" 33 8448 36023 36024 10432 36025 13 17681 13 553 2 36026 3599 36027 722 11637 36028 7894 36029 55 1232 102 17179 36030 36031 25892 500 36032 36033 6849 14537 36034 68 4 12463 -1 -1 0 0 0 0 7 8 8 7 6 7 6 7 4 3 0 0
"2b62d3c2ed8b66e1" 42 19144 2521 23 36035 2 36036 13 15755 3905 13 3302 134 13 553 19589 36037 12848 8755 36038 55 1456 5878 18180 32056 3302 36039 13 553 2 5047 13 26 36040 2053 55 3993 1376 36041 36042 7863 68 4 12464 -1 -1 0 0 0 0 0 0 0 0 0 0 0 0 0 0 0 0
"4593b2f979c32ac1" 21 171 12933 36043 13 1988 414 66 297 4254 13 553 357 4625 36044 939 2 102 6591 308 36045 4 12465 -1 -1 0 0 0 0 6 8 7 6 7 7 8 3 6 5 0 0
"2f6461c6efed24f2" 15 17490 36046 13 2 1998 36047 13 553 11854 4899 2 174 11860 34667 4 12466 -1 -1 0 0 0 0 8 8 9 8 7 5 6 2 4 2 0 0
"f0513a9abb1a5995" 17 3736 3765 3766 36048 13 553 2 35 34 3004 10880 13 1071 5893 435 881 4 12467 -1 -1 0 0 0 0 3 7 5 8 8 5 4 8 6 8 0 0
"74aa7f3ce4369082" 24 779 2775 367 13 41 6291 150 36 362 993 13 553 4862 3514 13 573 367 174 2165 8676 953 2255 36049 4 12468 -1 -1 0 0 0 0 6 8 7 9 6 5 8 4 9 6 0 0
"fb45c8264f182b06" 21 174 892 14273 188 394 13 553 1927 1928 84 12133 9849 13 12135 2 24802 36050 313 1088 394 4 12469 -1 -1 0 0 0 0 8 8 9 7 6 7 8 2 5 4 0 0
"317b36ae88c0500c" 21 66 9242 9243 13 35 1795 13 36051 93 36052 394 13 553 7171 2928 171 2358 13 4684 13983 110 12470 -1 -1 0 0 0 0 7 7 4 5 5 6 6 6 6 5 0 0
"109807e5560aa915" 17 20 13538 292 36053 13 553 1651 3942 7571 2 2001 8160 13 21160 188 36054 4 12471 -1 -1 0 0 0 0 7 8 8 9 6 5 5 3 8 6 0 0
"b43e9a68a6744508" 18 2337 577 13 321 330 13 553 15355 15356 13 87 191 1240 305 3302 36055 36056 4 12472 -1 -1 0 0 0 0 8 5 7 3 6 5 2 4 9 7 0 0
"46f1e027c927decb" 25 481 482 483 305 484 13 877 787 13 553 3736 3765 3766 36048 13 1071 484 305 53 12652 13 47 36057 36058 4 12473 -1 -1 0 0 0 0 7 6 8 7 7 5 4 7 5 8 0 0
"488336da2d0edff7" 30 588 627 628 13 35 1109 3436 1091 13 553 2 5047 1067 13 297 24533 359 17655 13 26859 7357 18063 10353 797 488 2 36059 55 8721 4 12474 -1 -1 0 0 0 0 6 4 5 6 4 5 5 5 6 6 0 0
"7de63feecc0634df" 24 190 9066 13 41 36060 36061 47 23335 23339 13 553 6089 73 163 13 1109 15987 1643 15988 13 63 15989 15990 4 12475 -1 -1 0 0 0 0 5 8 9 6 6 8 6 7 4 4 0 0
"487485f20c04542f" 25 15355 15356 13 1071 66 29921 15352 13 553 35 76 61 3247 3497 8985 13 588 2785 349 2 188 36062 2 30892 4 12476 -1 -1 0 0 0 0 6 5 7 4 7 6 5 4 6 7 0 0
"1c525ef72279bb5f" 24 95 4014 4015 13 4016 4017 13 553 4910 457 2092 4911 13 25 507 36063 13 150 362 993 297 3125 36064 110 12477 -1 -1 0 0 0 0 7 9 8 4 6 8 6 6 5 5 0 0
"5ff3e45ff290985a" 26 1200 6962 6342 6828 3302 7089 7090 13 553 2 2337 577 13 1071 588 4620 13 1013 36065 305 2 772 1913 36066 15352 110 12478 -1 -1 0 0 0 0 7 5 7 4 6 5 4 5 8 8 0 0
"24739c80c0ab472d" 19 596 150 2664 6712 3663 13 36067 3599 13 553 414 4224 4225 13 47 7389 36068 7996 4 12479 -1 -1 0 0 0 0 7 5 5 7 4 5 4 6 5 5 0 0
"b8de1597df11394a" 26 347 14414 367 13 357 372 13 20 8091 20469 6864 6907 13 553 95 61 171 1342 13 548 22907 6510 13 10028 3104 4 12480 -1 -1 0 0 0 0 7 8 7 5 6 9 5 2 4 3 0 0
"1af400672d780574" 23 1712 36069 13983 36070 515 19737 13 553 150 36 171 8382 330 22341 326 7384 13 150 151 330 326 36071 4 12481 -1 -1 0 0 0 0 6 7 7 5 6 8 4 2 3 2 0 0
"05c1af546b7bfe4c" 36 191 12952 3025 2 2928 609 723 13 553 855 2 1651 752 125 2 920 1148 13 553 34 35 36 330 1828 13 499 1667 25 2941 13 150 330 6300 2278 2807 4 12482 -1 -1 0 0 0 0 7 8 7 6 6 9 4 3 4 3 0 0
"f7bd4070cede4e42" 26 125 977 920 13 1651 22402 13 553 11854 4899 2 23 2891 24560 13 553 788 188 36072 36073 13 150 331 9054 1510 4 12483 -1 -1 0 0 0 0 8 9 9 7 7 8 4 2 4 2 0 0
"85ec2f1e2cd5568c" 17 2 1998 4862 520 1047 566 13 553 1800 2018 13 38 388 357 18453 36074 4 12484 -1 -1 0 0 0 0 6 7 6 5 5 9 3 2 3 2 0 0
"b92fc1a0f49dcb36" 32 5140 61 171 7238 13 1549 9463 38 19468 13 553 66 84 170 4824 435 2 352 12630 12668 13 553 9391 840 722 13 357 25 956 61 2605 4 12485 -1 -1 0 0 0 0 8 9 8 7 6 7 4 5 5 6 0 0
"0ec4591240dfe4dd" 25 1052 17479 2 1521 25 113 13 553 1109 1578 2735 25 16510 13 553 174 892 14273 188 36075 13 2696 170 36076 4 12486 -1 -1 0 0 0 0 9 9 9 8 7 8 5 3 4 3 0 0
"3a2e12b7a6c1997d" 28 515 193 2687 113 3791 349 36077 13 553 796 13386 13 36078 2 36079 2785 13 553 102 36080 23561 2 13152 150 18231 330 362 4 12487 -1 -1 0 0 0 0 7 7 7 6 6 7 4 3 3 4 0 0
"7eceb03a392cde56" 40 102 6463 14243 13 25 66 134 117 13 553 3901 116 25989 13 330 347 4766 1667 13 553 282 1378 704 23314 36081 1435 13 553 1549 588 607 36082 13 20 3302 704 268 3998 36083 4 12488 -1 -1 0 0 0 0 6 6 6 5 6 7 3 4 4 4 0 0
"21570cdf442ff2f0" 33 347 36 913 3455 13 499 1379 10252 13 553 1549 297 1378 628 13 1580 3748 1498 61 87 3749 13 553 87 150 17772 36 9066 13 25 16510 1511 4 12489 -1 -1 0 0 0 0 8 7 7 6 6 7 5 5 5 5 0 0
"5b6b1a9af1d23175" 49 7675 13386 1094 515 13 347 2062 362 993 13 553 1325 742 7847 1513 6473 13 1580 15276 36078 61 415 1765 13 553 357 134 1192 6644 150 36 4391 13 191 9242 9243 13 553 588 627 628 13 35 3497 5709 2 117 349 4 12490 -1 -1 0 0 0 0 7 6 6 5 5 7 4 4 4 5 0 0
"db6d86394ee1bbb0" 39 1052 481 482 305 484 3302 1109 483 13 553 1589 25 16510 2 2796 18764 13 553 2464 3427 13 1513 5876 61 2846 1643 13 553 347 7428 17411 417 32745 7412 6991 359 188 394 4 12491 -1 -1 0 0 0 0 9 9 9 8 7 8 4 3 5 4 0 0
"8ba3c20079f652b2" 48 347 39 18939 330 6864 13 1016 1829 150 36 36084 13 553 188 394 1109 3302 36085 2 1578 25 1589 16510 13 553 330 347 863 1710 188 36086 2 36087 13 553 20 367 21678 981 13 347 36 151 1550 330 20799 8375 4 12492 -1 -1 0 0 0 0 7 8 7 6 6 7 4 3 4 5 0 0
"2010e9b96d253cce" 47 452 1379 10252 13 87 61 297 22649 13 553 1549 87 61 87 3749 25 142 304 21097 13 553 87 452 150 330 36 92 452 13 87 26 34 13 553 2 3748 3746 150 36 2838 13 113 87 1580 26 13067 4 12493 -1 -1 0 0 0 0 8 8 7 6 6 7 5 4 5 5 0 0
"113ffcf3aab2ce98" 43 102 373 13 1178 504 3093 113 36088 13 553 357 793 2243 34 36 3013 13 4505 61 603 8131 36089 13 553 102 29128 36090 2 36091 150 4966 13 553 1109 2731 116 73 36092 2 1589 36093 12347 4 12494 -1 -1 0 0 0 0 9 9 9 7 6 8 4 3 4 4 0 0
"890305acecdf2132" 19 34 26 457 9166 13 113 7490 545 3140 13 553 191 414 4224 4225 13 326 6861 4 12495 -1 -1 0 0 0 0 4 5 6 7 4 9 2 3 2 3 0 0
"d5a93fc2db7f5cda" 18 36094 9369 13 341 1379 13 2 1998 13 553 36095 845 13 36096 28283 36097 18958 4 12496 -1 -1 0 0 0 0 5 5 7 6 6 5 2 2 2 5 0 0
"4c5d9c985dd162cb" 25 150 1016 4910 36 2092 4911 13 499 1667 25 61 956 13 553 3302 1651 2 5282 13 1122 36098 6501 5630 1331 4 12497 -1 -1 0 0 0 0 9 8 7 7 9 8 4 8 4 7 0 0
"630f7aaf93306a3f" 16 1200 6781 286 9636 36048 3766 13 553 2785 373 36099 36098 36100 36101 394 4 12498 -1 -1 0 0 0 0 7 9 8 9 8 6 4 9 6 8 0 0
"9ddc5048316f6855" 34 4862 3514 13 573 367 8676 1913 13 553 25 507 171 36102 13 61 1806 113 2873 13 553 2 373 5877 1456 36103 36104 13 1420 981 7816 2 953 36105 4 12499 -1 -1 0 0 0 0 9 9 7 7 9 7 8 7 9 6 0 0
"49ec092204004870" 32 191 3503 36106 16908 13 2024 2284 855 8949 13 553 36107 36108 229 2 18578 417 3125 1259 359 34 13 553 847 116 1130 2734 13 1079 1013 4348 4 12500 -1 -1 0 0 0 0 7 8 8 6 7 9 3 3 4 4 0 0
"c220bd7d56ce885d" 25 13905 2999 13 2 1726 53 386 33278 13 553 9733 188 25329 2 34 1601 13 553 36109 7951 13 1714 7548 358 4 12501 -1 -1 0 0 0 0 8 7 8 6 6 5 6 5 5 8 0 0
"687a3a730f70581a" 36 347 39 15111 10124 15706 136 14211 13 553 1549 588 113 4403 13 2 85 3812 2441 13 553 357 3385 7456 353 13239 13793 36110 36111 13 347 637 1029 134 35083 20426 4 12502 -1 -1 0 0 0 0 7 6 6 6 5 8 4 3 4 4 0 0
"731905644f3f1759" 22 331 150 2248 7830 13 113 8455 13 553 797 15972 36112 3572 2851 13 1109 1446 36113 2720 20772 23393 4 12503 -1 -1 0 0 0 0 8 8 9 9 8 6 5 7 7 9 0 0
"1b6f19b7671ab3d0" 34 1091 13727 13 2 2247 14457 36114 36115 14963 13 553 357 449 13 87 1747 113 9953 435 13 553 34 35 39 305 393 27180 13 26 1734 2 4367 1319 4 12504 -1 -1 0 0 0 0 6 7 8 5 6 7 4 5 4 4 0 0
"5e4ddad0081662ac" 34 38 1693 15795 265 26141 6930 142 13 553 1549 66 6605 93 13 66 23 6458 1071 36116 13 553 34 392 27955 9953 435 13 357 66 347 7428 367 3715 4 12505 -1 -1 0 0 0 0 8 8 8 6 9 7 2 7 6 7 0 0
"8141d87aa362a644" 34 41 7144 26839 36117 3497 13 1934 93 15 36118 13 553 10949 2 953 36119 13 704 3302 8131 36120 13 553 1862 777 1841 13 2 61 731 3248 4110 8032 4 12506 -1 -1 0 0 0 0 6 6 7 6 7 9 4 5 4 5 0 0
"3c62ecb8943ae5b6" 27 347 2305 25 590 36121 13 20 3998 66 1218 3999 13 553 66 23 8940 722 7863 38 13246 13 2 12067 347 388 31036 4 12507 -1 -1 0 0 0 0 6 4 8 5 6 8 3 4 3 5 0 0
"3b031154524886af" 32 191 7934 21671 2 6536 36122 13 17925 1013 326 66 23 13 553 7950 7951 13 1341 417 993 27628 13 553 1182 1693 1734 13 1549 326 23 1331 4 12508 -1 -1 0 0 0 0 6 5 7 5 6 7 4 4 3 4 0 0
"624414a8e1be7d6c" 23 7171 6083 772 7113 31187 17763 13 553 15 3478 102 1473 13 2 2247 607 95 1352 36123 20 3302 3890 4 12509 -1 -1 0 0 0 0 5 6 6 7 7 6 3 5 4 5 0 0
"88ba3e226c05cdc7" 30 1109 3436 19601 13 1763 160 4061 13 553 2546 4137 36124 13 15736 29192 15738 4 553 5101 600 7412 36125 353 13 35 2852 22149 36126 36127 4 12510 -1 -1 0 0 0 0 9 8 7 9 6 2 7 4 6 6 0 0
"c4349df5998340a9" 24 1793 36128 13 87 361 950 1943 13 36129 36130 553 134 1934 170 36131 13 87 61 171 36132 13 87 16926 4 12511 -1 -1 0 0 0 0 8 6 9 7 8 5 5 5 5 4 0 0
"c455bc048fb80805" 38 66 1934 9409 13 3500 21300 13 1935 13 553 28 36133 36134 13 18855 36135 36136 553 6059 36137 1342 13 8669 578 9626 13 553 357 14575 1113 36138 13 2 36139 774 36140 36141 4 12512 -1 -1 0 0 0 0 10 8 8 10 7 10 4 9 5 10 0 0
"eeb735e33eaee325" 46 1735 7948 7027 26268 36142 13 553 388 5779 36143 13 9313 8307 87 36144 36145 36146 3606 4 553 4650 3572 150 193 4651 13 357 87 61 4400 6805 13 553 282 675 66 1778 2 4827 13 1762 1108 36147 488 36148 4 12513 -1 -1 0 0 0 0 7 8 9 6 8 10 4 6 3 5 0 0
"f9d90654606a7374" 20 2 21960 36149 36150 13 7879 7880 13 553 66 414 720 988 36151 13 357 414 410 2166 4 12514 -1 -1 0 0 0 0 6 7 8 6 7 4 4 2 4 4 0 0
"ee749a485bd585bd" 42 191 767 24459 36152 11351 13 1480 361 1337 13 553 13460 13461 36153 13 1745 36154 36155 4 553 357 20 2195 36156 36157 13 1488 150 445 36158 5924 13 102 1854 719 36159 13 1854 3032 988 2867 4 12515 -1 -1 0 0 0 0 7 7 8 7 8 7 5 5 5 7 0 0
"9bc0637dc81cb646" 41 1480 9160 5869 13 13579 36160 36161 221 13 553 20 3921 36162 13 1013 14161 61 87 36163 13 553 36164 36165 13 33447 7301 36166 1013 4410 1013 87 32340 457 36167 36168 13 3314 4228 636 4309 4 12516 -1 -1 0 0 0 0 6 7 8 4 7 8 6 6 4 7 0 0
"2d1f6ef0e14658c4" 31 35877 95 36169 13 3972 13234 1709 13 553 150 4361 36 13 362 36170 36171 36172 13 36173 13 2852 358 2048 36174 150 13 3443 24634 150 36175 4 12517 -1 -1 0 0 0 0 7 8 8 7 6 5 4 6 5 3 0 0
"97ea6863f3646936" 23 357 25 487 13 125 3650 188 36176 36177 340 13 553 38 1693 13 347 36 3277 6272 36178 1108 19860 16483 12518 -1 -1 0 0 0 0 6 7 6 7 5 4 3 2 2 2 0 0
"9a31e3ab1d040f67" 33 41 134 452 425 13 184 520 13 93 3381 675 13 5581 4410 13 36179 61 452 36180 36181 13 553 357 6059 2050 26900 13 2 14457 14961 14962 14963 4 12519 -1 -1 0 0 0 0 8 7 7 6 5 6 3 6 5 3 0 0
"c6537533b158254f" 29 36182 36183 2056 16908 13 347 847 36184 553 1747 9953 435 19779 36185 13 76 36186 5244 553 36187 174 36188 358 36189 13 2 373 1534 4 12520 -1 -1 0 0 0 0 7 6 6 6 5 5 3 4 4 4 0 0
"0e5c6a4aa4763b92" 48 20 4129 171 36190 2 36191 36192 13 87 36 361 950 1943 13 1016 1764 4232 4 553 3972 13234 1709 13 3327 36193 36194 36195 4 553 361 36196 20064 12507 1862 36197 13 1775 15972 16039 3572 2851 13 20 66 10309 36198 36199 4 12521 -1 -1 0 0 0 0 8 7 8 6 7 6 4 6 5 8 0 0
"21d4660e1154119f" 39 6843 6436 36200 36201 9259 36202 36203 13 553 20 36204 36205 13 87 61 36206 13 3314 4228 636 4309 4 553 2 160 4061 13 14445 25 36207 13 13898 36208 13 36209 36210 7793 22174 4 12522 -1 -1 0 0 0 0 7 7 8 5 6 6 4 5 4 5 0 0
"3dac6e6c4cc52313" 35 2 85 3812 8328 13 191 36211 36212 13 553 66 534 305 36213 36214 499 36215 36216 36217 13 534 2 7551 36218 13246 13 1511 116 36219 13 847 116 1099 2734 4 12523 -1 -1 0 0 0 0 6 8 8 6 6 7 5 4 4 6 0 0
"5bd12559d21c094a" 43 2 36220 61 13 373 2123 2024 13 36221 13 457 36222 553 357 36223 1533 36224 28 66 5893 1258 36225 13 553 1220 7479 13 191 93 2001 2174 13 20 87 39 1315 6241 1749 11394 38 1765 5561 4 12524 -1 -1 0 0 0 0 0 0 0 0 0 0 0 0 0 0 0 0
"b1d9188f20d752a0" 15 66 23 13460 13461 13 553 1549 102 386 2652 12525 457 113 2999 4 12525 -1 -1 0 0 0 0 8 7 8 6 6 6 4 3 3 3 0 0
"8f8db8f6a320fe48" 29 191 6531 61 125 697 2 777 15994 13 553 3068 36109 36226 2 32686 7335 13 553 85 3812 979 504 13 357 504 150 3668 1978 4 12526 -1 -1 0 0 0 0 9 6 7 8 6 7 4 3 3 4 0 0
"1286d91b9cd1c17f" 22 703 351 1712 13 38 9160 5869 61 13 553 357 1013 14161 61 87 14162 13 520 171 7204 12298 110 12527 -1 -1 0 0 0 0 9 7 7 8 6 6 3 3 4 3 0 0
"20d482cceededb56" 20 6563 36227 36228 524 13 87 6501 1860 13 553 150 515 36 890 13 357 16908 20749 950 4 12528 -1 -1 0 0 0 0 8 6 7 8 6 6 3 3 3 3 0 0
"f1840eb084de99ec" 31 4650 1029 3572 150 193 4651 13 553 341 36229 1511 1720 504 13 34 5963 14280 13 553 66 26365 358 1408 13 347 1832 1007 1032 7693 36230 4 12529 -1 -1 0 0 0 0 9 7 8 6 6 8 4 2 2 2 0 0
"2121fe73bacb0757" 16 171 1552 34116 66 1934 1935 36231 13 553 1549 30469 6603 66 6605 326 4 12530 -1 -1 0 0 0 0 8 7 6 8 6 6 3 2 3 3 0 0
"11f5a1f94f229d26" 18 184 520 1042 956 61 13 553 1735 7948 20083 2 373 11141 590 5753 9313 8307 4 12531 -1 -1 0 0 0 0 8 6 6 8 7 5 4 3 4 3 0 0
"2e781e99f3d009d9" 14 357 25 487 588 13 553 191 1934 6892 8949 13 827 22794 4 12532 -1 -1 0 0 0 0 8 7 6 6 6 5 3 2 3 3 0 0
"5f730707f769919c" 26 3277 1693 13 3277 36232 13 553 330 150 12430 936 36 9664 13 134 87 16926 13 553 36233 504 142 36234 13 3890 4 12533 -1 -1 0 0 0 0 7 6 6 7 6 7 4 3 2 3 0 0
"38095796bf97ad0a" 24 20 17196 16605 16605 16605 13047 3999 13 553 66 347 863 330 620 36235 36236 13 553 36237 1013 6436 5750 4146 110 12534 -1 -1 0 0 0 0 7 6 6 6 6 5 4 3 3 3 0 0
"d6df3cf50fe705ce" 17 66 23 27 2 8940 722 13 553 357 34 35 7428 6659 305 393 394 4 12535 -1 -1 0 0 0 0 8 6 6 7 6 5 3 2 4 3 0 0
"72de2a372f127e3a" 15 66 23 1812 8665 36238 13 553 1775 15972 36239 13 27541 6978 2851 4 12536 -1 -1 0 0 0 0 7 6 6 7 6 5 3 3 3 4 0 0
"7ff9227693db8a4f" 26 36240 102 13 357 87 36241 578 9626 13 553 36242 36243 3038 566 6955 13 553 41 113 7144 7145 566 950 36244 36245 4 12537 -1 -1 0 0 0 0 9 7 7 8 7 6 4 3 3 3 0 0
"2f61187d54d46bdb" 19 20224 386 13 6062 15705 15706 136 14211 13 553 28136 66 519 13 1013 1480 361 1337 4 12538 -1 -1 0 0 0 0 8 7 6 6 6 7 2 2 4 3 0 0
"3bd56ef56f8de4ca" 25 347 545 330 87 2453 4007 13 553 36246 12322 13 36247 7879 7880 13 553 1093 1096 7900 920 6551 2 777 15994 4 12539 -1 -1 0 0 0 0 9 7 7 7 6 5 3 2 3 3 0 0
"fc99335f8024d337" 14 36248 36249 504 36250 13 553 357 188 36251 36252 941 29192 15738 4 12540 -1 -1 0 0 0 0 7 8 7 6 7 7 4 2 6 2 0 0
"bdd295e6f135a4e2" 25 38 1693 66 771 13 772 353 452 36253 13 553 1549 66 6605 31864 2 23 36254 36255 13 87 361 950 1943 4 12541 -1 -1 0 0 0 0 6 8 7 6 6 7 4 2 4 2 0 0
"386cc107332c90d7" 12 9022 507 2 373 1534 13 553 66 7799 36256 36257 4 12542 -1 -1 0 0 0 0 9 8 9 6 6 8 3 2 4 2 0 0
"619a5fafcdff4ae2" 23 414 410 2166 13 553 357 596 1854 988 2867 13 553 87 386 359 14161 14162 13 520 150 4312 18408 4 12543 -1 -1 0 0 0 0 6 7 7 6 5 6 4 2 3 5 0 0
"c2d9f11fccae3f9b" 25 1602 720 1602 17883 36258 23337 553 2 93 2852 13159 13 20 93 1303 855 553 3480 1750 28145 1016 557 6272 17996 4 12544 -1 -1 0 0 0 0 7 7 6 7 4 7 5 2 3 6 0 0
"b54a44d3ef4b7bb6" 21 36259 36260 36261 553 10978 15735 18764 13 36262 553 61 1480 9160 5869 13 134 23 36263 359 281 4 12545 -1 -1 0 0 0 0 8 7 8 7 6 6 4 5 5 6 0 0
"6294578b9ac77b7b" 20 6601 36264 553 87 1698 36265 2200 22878 553 134 87 16926 13 113 688 8455 2 1534 36266 4 12546 -1 -1 0 0 0 0 9 8 8 6 5 6 4 4 4 5 0 0
"8294b0d7d1a464a8" 15 3976 4077 2 13671 13 553 1052 23 5017 2 788 11 36267 36268 4 12547 -1 -1 0 0 0 0 9 8 9 7 4 7 6 4 4 6 0 0
"eb0ca36ccc190319" 29 15180 508 13 1071 29975 6132 12484 2 553 87 36269 36270 4457 4458 15744 2 1052 36271 14207 1071 6535 21958 13 41 999 4 68 124 16496 12548 -1 -1 0 0 0 0 6 7 6 6 5 6 4 3 4 6 0 0
"2eb044c4ccc12738" 19 191 14585 14586 13 36272 5141 3792 13 553 36273 36274 32492 15110 1071 417 66 1842 36275 4 12549 -1 -1 0 0 0 0 6 6 7 7 5 6 4 4 3 5 0 0
"86e8ba2797ec3220" 22 36276 14898 1258 524 36277 553 66 23 1312 2 1728 1628 16445 553 6485 357 1607 13 283 22583 36278 4 12550 -1 -1 0 0 0 0 8 7 8 6 6 6 4 3 4 6 0 0
"681991bbde4dccc3" 19 36279 17786 13 191 373 24802 8307 21458 13 553 357 36280 2724 3358 36281 13 412 36282 4 12551 -1 -1 0 0 0 0 6 7 7 6 4 5 5 3 4 5 0 0
"a09dfc671e1c92f9" 30 547 36283 7728 36284 36285 13 553 2 1628 1331 357 319 61 36286 13 553 9463 1319 13 1747 9708 2 16513 13 345 11684 150 3456 36287 4 12552 -1 -1 0 0 0 0 6 7 8 6 5 6 5 2 4 5 0 0
"464bf92f8755b849" 23 1941 10530 13 36288 953 36289 553 20183 36290 13 35 2978 13 36291 15180 359 36292 934 3993 384 4 68 16496 12553 -1 -1 0 0 0 0 5 6 4 6 4 5 4 3 3 5 0 0
"fb1e80d84b1bdaf7" 36 6534 53 6132 1381 2 320 5141 553 1549 1765 6563 61 13337 2 9982 24187 4 553 7933 87 12911 2 36293 6927 697 294 4183 13 553 3768 331 150 2652 5622 355 4 12554 -1 -1 0 0 0 0 6 6 6 5 4 6 4 4 4 6 0 0