"db1840c451583bda" 7303 9653
"e15e1fd1381cb0f0" 1577 10451 8269
"4176a78776e9c203" 6050 10277 4920
"461dfafeb3a385e6" 11187 11552
"58e5a3545533667d" 10242 126
"4ed763cdab9fc9ad" 7362 541
"6c3f564faf625184" 8628 4978 5343
"6d570d8071a5c11b" 4798 898 6533
"2a8df7111374c379" 8955 950
"5e4d4eb19390a34f" 1137 4987
"45671f36b550c0dd" 7730 11229
"87ea76f2a5ae72f7" 1939 6638 11918
"95ba18c49b2397b3" 1812 232
"0554eda9fbad7191" 9164 4804 2279
"0db4f888490ed8d7" 9200 4484 7651
"5769e3db5561994a" 337 10800 5443
"f9d22763f7e97be8" 7667 11291
"1f295aab3738663c" 6046 11261 5057
"9e77905fc90e7ef9" 10266 8874
"a22dc3f8ae263e3e" 9860 3197 10148
"32bf18b1f028b1bf" 4922 6908 9028
"d6ded2ccc4e8a9b1" 10457 10427
"6a1285a79b3384b3" 8515 274
"ae119dd523ea41df" 9923 10157 10973
"8a6745a8999fb051" 130 4227 9894
"756c555fe79d9da4" 3885 683 11754
"6f65f83caef5f0e6" 7778 7695
"a480efe182448771" 1417 680
"edc7342e494918b8" 9112 2994 6451
"628ca096e9980470" 8266 7525 5410
"537d9143beedcfe6" 158 10251 10959
"efaa39f83ac3465c" 9901 8410 9454
"5d6ef400c818b2db" 4593 5611
"8d715f99b5c60e6d" 8480 8139
"f0489cabb2c637d3" 2111 4527
"6a10629c1327e0f4" 11505 4540
"3a008c6adef3d09f" 6926 4880 9676
"1110a0dbd97d4cb4" 910 8686
"2bdb2024372407cd" 7638 9959
"16da456b5142e94b" 941 8247 4440
"3c5db739bacd51a9" 3126 9807 9105
"3728db9eb1602360" 488 7742
"9c472b9d48b2b8d7" 6883 8658 9595
"9d9faeb13b6a800c" 4170 8372 530
"a883535bdddfac92" 7622 175 5992
"a67e0eb3fc29db5d" 11938 10094 409
"adf3aefb06c45c8e" 1006 5519 752
"88f959010e85d9b2" 6146 4481
"d65dea1f212bd87f" 5006 9802
"d7616bff0925687a" 11 8082 2311
"68587184e45362b5" 175 488 8686
"9d7d3af11c057388" 9676 1852 4440
"af06d4c1132c66cf" 9105 752
"5375f4655727bf1b" 2311 5519 9802
"04c472c4db2c71b5" 9959 4440
"6de51850680b73ee" 11853 488 752
"4b13cbab302a77db" 8658 9802 2311
"1041955b0f61d42f" 941 4110 11853
"7b93413552259ced" 9676 8686
"07d160300d422dd0" 9676 175 4440
"161ef27f1b45b6f6" 1852 8082 530
"1cf27cfad6b98e6e" 9959 9807 3126
"47699adcba52e4da" 9959 6146 530
"d93c54bd996c991a" 4110 7742 752
"a8cd6653b4886db6" 4170 9105 9802
"8b17d234d091c0c2" 2375 7622 6146
"00309b100d75144b" 7742 9802 2311
"2cadb15218d84985" 4440 5992 409
"79aaa98f8f2a9bfd" 3126 11922 7742
"1616d894efd47a1d" 6883 9595 7742
"6ff382011fe1a706" 9959 9676 8658