"fcc414844e46ab22" 525 1607 150
"cca065a03eb4b146" 4590 6345
"4009aee71792d9ea" 7441 9850
"97c53c09cc9e03f6" 9632 2540
"6973309dd809355b" 5090 10031
"a0640fc2e07bc931" 8273 9183 7733
"d96eadabffa85249" 3439 1229
"6b244392643e1dce" 5066 10631
"cc736d334311f39f" 1896 11287
"b373740022272d11" 3929 7689
"3ecb14fa1a7d31b9" 2804 10258
"2af61dfbaf1baf93" 10001 1048
"6e22740022272d11" 3929 2484
"fd15933ffab865e9" 4980 11918
"07d0f515f1298ffe" 9422 10287 4742
"bcee96dcf2dd14cb" 4455 11107
"ab6409ce8527cfd6" 77 7972 9672
"94b08b9957001772" 3832 6468
"de0f2752d5ef1dcd" 1896 11277 6035
"40392b7de03edcf0" 4590 7779 10326
"47666fd4dc563e5b" 126 4897
"b5929578c038ebd2" 6468 9850
"a177e3771c2e84c5" 4897 7689 6483
"42c61dfbaf1baf93" 10001 154
"d9275cdf413156e7" 150 10258
"4038a35595f8f0be" 6483 9632
"a2e6edeab38595f0" 10287 154
"76034c43d2956ce5" 4455 3832 10631
"edd6ff902172e468" 5066 9672 6035
"5353309dd809355b" 5090 9422
"9cb00ffe9fb7eac4" 1048 7972
"0f163f0bb967de4c" 5766 7733
"79ea2ea687c1a663" 7779 11107
"58fb427809628a92" 2484 2804
"a6f76fd4dc563e5b" 126 11287
"a8883dd312cc5d4f" 1229 4980
"3b9b368f41725081" 10326 1607 6345
"b60aaec7e07cf24a" 525 6035 10326
"3619640f018e4622" 4455 6483 7972
"93a50fde897c060f" 5066 3832 126
"58283dd312cc5d4f" 1229 3439
"4c517c5beef5e5db" 9672 10031
"4f41ea71a553c080" 9183 4980
"3318a979ba2d386c" 7689 7441
"f53c14fa1a7d31b9" 2804 11918
"a067db7cb6f97f48" 10258 4742 10001
"0bc3edbbf520b6a7" 1845 8273 11277
"114e273098100ba8" 5829 5858 4545
"82f0f5f67ab606d7" 5045 3658
"403f0b05b09a3132" 8221 9950
"4c991d1fabfe1f4a" 7662 3009
"915ea217fd83549a" 9999 3625
"d115baeecad1ea00" 6386 6886
"b1897254126f63e8" 269 4175 8314
"f7965daf052e39d4" 5856 132 8226
"b9362b51b539dbda" 577 10913
"acbe3404a5c01913" 3680 6013
"1b51eafc3e5c5acc" 4916 7517 8091
"5acc82bb13c3bb33" 9313 4102 133
"aa7b8e497de9ca40" 258 5283
"f30ecdeb9b06cfed" 10442 2471 11489
"d0bb1a190541209f" 11379 11112 11665
"6a00d9c98eed8964" 128 6329
"c95ca0a94e21f330" 10140 579
"e8e802e5cb0012dc" 8251 11931 10675
"5c3f112e475de9f6" 1282 7358
"d6525685c19eff46" 8091 5217
"8b9eb80963be83d5" 10140 3009 6886
"6940df7ecbf55a6c" 7517 128 11112
"fc6fb31306ee4ca9" 5283 4545 9950
"e3158064ab6ac6fb" 11489 11112 6180
"cd3df1da2222a746" 6329 10442
"db76e8ffe6422e67" 133 9313 8314
"2907474b159a743c" 128 579 8226
"a73d45dd41910d8b" 10913 5829 2471
"aacc0b05b09a3132" 8221 132
"eccc93a62c127ef4" 9950 11931
"83208701b79ab370" 4545 7358 3680
"2d18c745090e6069" 132 4916 577
"2382b194dee1fd8b" 10675 7662
"ee725685c19eff46" 8091 5858
"be874ab2f732d892" 7517 133
"f9164df6ef7b4637" 3658 11489 4175
"5bf60931cddd3277" 4102 8314
"266ff7240a1e56cb" 6180 6886 2471
"e946ef8e958f897a" 269 11379 3625
"51b1052284369741" 6013 9999
"58d2a0a77d11b9ef" 5045 11665 8226
"59e8d3dcf0112a70" 11705 6386 5217
"eb503a419c157ea2" 3625 1282 10442
"298047892ca59ab6" 5283 2471 11379
"809d945c7732922f" 4102 7662 10675
"e4c1eea95943cb05" 9999 1282 132
"ad829d4f986c18e9" 7358 3658 9313
"82ecb574a23b7f64" 63 2494 5410
"de02d48ecba54716" 2506 2494
"868a6698dbca0ccf" 2506 11911 5290
"ce05639a02728a7d" 5232 2511
"081c69dbd39fa8c0" 5410 11911 5290
"304a6bca6bdd5221" 5232 2494 1060
"e671d48ecba54716" 2506 63
"0c5870218484ce61" 2511 2494 5290
"746cd3729da75fe0" 11911 63
"e562512983fd63c3" 5290 2511
"182c84363837a841" 2506 5410 1060
"6eb9a4aefca62536" 11911 1060 5290
"f3c5639a02728a7d" 5232 5410
"c417d4b822224c04" 5290 2506 11911
"fea8dec21890a3b4" 2511 63
"1ec8951b631e9e77" 2494 5410 5232
"50e3ae2432712f91" 11911 63 5290
"72d0e682d9d5cc93" 5410 5290 2506
"66ec6bca6bdd5221" 5232 2494 11911
"6b54d48ecba54716" 2506 11911
"59c7951b631e9e77" 2494 5410 1060
"214de83c674d7e32" 5232 11911 2494
"4dad1c20ec508704" 2511 5410 5290
"9db2d48ecba54716" 2506 5290
"fa188246b3ca1e5c" 5232 1060 5410
"4e7161830b073807" 63 5410 2506
"d462512983fd63c3" 5290 2494
"a6628daaf4be061f" 2511 5232 2506
"9c8be4240de716d8" 2494 5290 5232
"83def9285d03a555" 2506 63 5410
"6cfcd3729da75fe0" 11911 2494
"6e0ff110f914fb62" 5410 63
"9bd7e827df5befae" 2506 2494 5232
"faf9fd8280f3ea82" 2511 11911 1060
"4b86c20e1365c612" 63 5232 1060
"9a73f8f3585ad35d" 5410 5232 2494
"00c102484d8873a2" 4282 9272 2965
"b8547de7e3503375" 3420 4299 759
"0c711527931ed8d1" 2337 3430
"3c4b846b74590d02" 4513 7145
"ce06a2afcc2a4b7f" 5029 1246
"a4ff9e92e6451e4a" 4478 3401 8030
"a51998f30d2fb54f" 4523 4478
"648ec749700199dc" 7077 9272
"45a2a7a631fe6523" 2965 2337 8129
"65ad2da67d4d22cc" 4299 3430 3420
"c57e099b75c6f408" 7145 5029 4513
"1938b5a59815cd24" 1246 8030
"10919ea0010af3e1" 759 3401
"a7d839644645c1a6" 4513 10290 1246
"815b3ca2f85fea9b" 3430 9272 2337
"a9c53aae7bc642c9" 2965 3420
"f41a5f48549bf82c" 4478 4523 7145
"e6ced00357cc2378" 7077 4513 4299
"2aba8da94c71c7db" 4282 1246 3401
"0ff29ea0010af3e1" 759 9272
"8507c897b5bf067a" 8030 5029
"5ff28f690209efc3" 8129 3430 2965
"50c11527931ed8d1" 2337 4523
"fad75e5d9edc86cb" 4478 3420
"fe7222eed6c8f2ab" 10290 1246 8030
"387e16085dc551c6" 7077 7145 9272
"12098a6ddd6f6f4a" 4299 5029
"846393688745068d" 4513 3401 8129
"0c06de8d40ae4f88" 3430 7077
"35cc91743ebe2508" 4282 7145 4523
"38e4a820aef5815f" 3420 1246 9272
"c9e63aae7bc642c9" 2965 8030
"c4ed9696a57e8572" 5029 3401 2337
"13d58d4a4ed89686" 10290 4282
"414a98f30d2fb54f" 4523 9272
"7c30bc76cb8b69ff" 4299 4478 2965
"f7647bd089233796" 8129 3420 2337
"b46fd74e8fd8da6d" 3401 7145
"61b29ea0010af3e1" 759 8030
"3de6caf4c7c8965b" 3420 4282
"4e3ebcb3370d064c" 2965 9272 3430
"7851f069860c19d2" 7145 4299 8030
"9454dc6327fb08fb" 3430 3420 4478
"22815df8179faee6" 5029 759 4513