"5097ba00563a2544" 11565 7951
"28461310370617d7" 6738 1131
"ad2f7d699b32aef0" 7951 4862 4676
"d7c08de30b8ef726" 6030 10586
"6ade693af65005b4" 841 5444
"ee9931e85ebf8ccd" 1711 9633 1969
"e6cefd372e93d8a0" 4920 2812 6881
"8e6a2ec843ef7bd8" 9199 152
"0e543ff9db586491" 5056 5043
"63be6e83d666f11a" 10450 11935
"81329c42be2bd8cf" 9128 6179
"5c01213f256c54b1" 1992 10288
"bd50f13ed6102a88" 6747 2319
"9391407d6b81e1c2" 11271 5041
"9c1c847b12a2ec8b" 8982 5822
"5029b8b723376903" 1849 10867
"2d666d66ec3e33cf" 4026 9843
"e7d287e061b20bac" 10003 11610
"1ad5321b26b4753f" 9418 10098
"b477aa7b500cf676" 2832 2592 1618
"9791a30fefe732d7" 6692 4920
"f4c470586c8fab8c" 6341 9633
"f9578d6d4abc063d" 7951 1711
"839137f9af5684be" 11426 2812 1969
"b96efde0188771bd" 841 10586 2319
"44721ff27ed99124" 1131 9128
"d29659583c35ccd9" 5444 152 1992
"08611504973a692b" 4676 11935
"38aaa2daa3678e58" 9199 5056 5043
"e98e6e83d666f11a" 10450 11271
"47d08ceaad9ceb05" 6179 6747 5041
"052e13659c414b7d" 10288 10867
"d72d847b12a2ec8b" 8982 10098
"952524fe2235ac44" 5822 2232 9418
"c477b8b723376903" 1849 4026
"717b96a7d825af19" 9843 10003
"2092c68805c42e15" 11426 4862 6881
"d56348f9968c0414" 6692 10586 5822
"7b8e68e6ca35966b" 11565 6738 7951
"3c933a7178b3e786" 6341 2812 9633
"2c615f9babb1dbe6" 4920 1131 10450
"a5d4c06c7c5c96c1" 5444 9199 9418
"aa4dd48688194693" 1969 5043 5041
"a184de352374c57d" 152 5056 1849
"514c0f10b5d157f5" 9128 4026 10098
"3155fd83d24b3672" 2319 10288 9843
"21fd5c8131d563e1" 2832 1618 7951
"1519eb9fcf311a0c" 11848 5180
"6fed5c47729a5ff2" 5120 6537
"4f6f9c13e32040fe" 7081 2482
"f4d45b5a2c83a344" 7886 3190 6410
"18fd96dd3393befc" 696 7356
"b4c2f208eb78d9af" 2103 3155
"e0021072871bce59" 7150 6704 7351
"77cf87c3b47c67c7" 4907 2331
"cf4effa04d0780d2" 2065 3888 11786
"1bc324610b11bf83" 11533 11355
"90e14d6cbe7ea0ae" 11378 2642
"66b2179303baaefa" 5955 3282
"64e0c530c55246f5" 3877 3256
"4732bb731848460b" 2661 4006
"51df77c026105ba9" 1065 8531
"f713895091909089" 2344 7946
"7d7cff6e50dea1a6" 7180 7886
"7e64ea936171a5f5" 10603 8779
"dd95544cfb1f795d" 6603 10337
"5f4f54e7076b6cd9" 9944 5264
"98c709308d18a736" 7861 11435
"6035bd04c38e161c" 181 2344
"9544f83e2f712659" 260 3256
"ae2a5cb3fcb9cfcc" 7351 2482 11848
"6e7bf580673ee368" 11435 6410
"8ccd7926d2b62d6c" 2510 3155 11786
"112197c3b47c67c7" 4907 7861
"67752c16db8bc652" 10259 2642
"76b4b4caa5ad9352" 5180 7150
"a94032d56eb22113" 10337 5120
"7e150f3327f3a4bf" 3888 7946
"4f9dc8fe39cf3f0c" 8531 5264
"9f3e77c026105ba9" 1065 2103
"c2adc380ec5aad8d" 8779 6704
"da61ac13e32040fe" 7081 10603
"00e2c530c55246f5" 3877 11378
"e03124610b11bf83" 11533 696
"3496d5687e57d6b6" 2331 7351
"e154f12b87254707" 11378 6603 260
"ca79b19e69a78421" 181 7081 2065
"1a966cc1028ef74b" 3282 6410
"417c240f86e8c782" 7356 2331
"d96a7daf73524e3b" 3190 2482
"8aba5b918bc63484" 6537 7180 2642
"db22179303baaefa" 5955 1065
"49e847a1add5c7f4" 3155 6704
"d493895091909089" 2344 9944
"ee4207e193d7dfac" 7886 11786 3877
"aab7b26cea01f1ed" 7236 6374 8143
"4bfb2aa2d470e41d" 6675 10520 5544
"0a36a59d1ba2ec66" 11730 9737
"3d1c99b963474bf7" 10446 11888
"64050eb183f1c580" 11119 7082 148
"7faf0c6fa1284c34" 5246 4526 7082
"0786d4e80a94aec8" 4934 8638 11851
"fec000b468869004" 2502 7924
"6ec7c507de6ed99b" 11509 5544 12120
"37440dd655a0be00" 4739 5023
"d9840bc32cddbc08" 8696 11745 10607
"77d5477ef3b878c4" 1025 7613
"8b7e89e2ab69920f" 1021 6906 1080
"4a45285d38e4ea03" 11961 2962
"24c01214c836a2c1" 5493 1188
"06d7f4c794d241e3" 4880 9885 4302
"dd0dd71f9ba869e6" 6531 10511 2710
"8da0ca8ad52ecd8c" 9727 9656
"233dad89349a7dc3" 2019 5246
"fd820da13bf73a6d" 10127 11119
"7e1058881788019f" 7236 7082 10520
"511456ded1734994" 1025 9727 11888
"ad4ac22a710da966" 4739 2710 8696
"1fbece136ef386c9" 9737 8143
"4fa395adead06085" 1080 1199
"9bad31eeac14dd07" 9885 6675
"d5cbf7f37703e79a" 11851 5544 9737
"3e478d4b8e9e21c7" 6531 10511
"21b43ce74146c8b2" 4453 7236
"c4e98a2a392f56ea" 2962 10607 8638
"438272a49099c1b2" 1021 4526
"92c20da13bf73a6d" 10127 11961
"a97dad89349a7dc3" 2019 6374
"95430bd723a3e809" 12120 7613 5023
"e70000b468869004" 2502 4739
"5699f0134b8eec1b" 7924 148
"4e52fd67c3f463bb" 931 11888
"acac6a8f0d67bee5" 6906 11509 4934
"7a05a59d1ba2ec66" 11730 4880
"9e531214c836a2c1" 5493 11851
"1b5109d7b942e363" 11119 11745
"e43e0c6fa1284c34" 5246 4526 1025
"2443da9f825fee96" 10520 9885
"21d78fc2e2fe893e" 1188 4302 10511
"dbb6290441792b73" 9656 8696
"15843ce74146c8b2" 4453 6531
"41e70eaed98d39b4" 7613 10446
"159cb6a107e4324a" 2491 3237
"4d0d884714d36808" 472 4463
"6c17d0097f758a70" 10807 6094
"c2aecfdcc5136667" 624 3343
"951635302f51b04b" 3213 6019
"78b6353fde9b160a" 6972 8462
"1abf26e8576e5f4c" 7626 6206 472
"b1c34080d91c71ff" 4463 9803
"feac3b062daa7384" 7626 2491 3213
"86d685229636ad61" 3237 6094 6972
"5fedcfdcc5136667" 624 472
"adaeaf34ed6b1359" 9803 10807 6019
"8535c6dbf28ae232" 624 4463 6972
"75ec65f5b87219c9" 6206 3213 10807
"91fb02d575e5e323" 8462 9803 6019
"66586e5a63069a23" 472 6094 3343
"b9d4223b933cc8c7" 3237 3213
"15f4a69fb9f11a02" 7626 3237 3213
"7536e07fc8763125" 4463 10807 6972
"3c28648f548b88ae" 2491 472 3343
"db8f18b88f01694e" 624 8462 6094
"d787961b40ee25c2" 6206 9803 10807
"1985223b933cc8c7" 3237 6019
"5a38bb8b48cf128d" 624 3213 6019
"15c4353fde9b160a" 6972 472
"4cf2c4e4ffd1c23a" 7626 4463 6206
"3e6eb6a107e4324a" 2491 10807
"a49934c7d2fb7fe6" 8462 472 9803
"02a438f1262564c9" 624 7626 3237
"e9d24080d91c71ff" 4463 6094
"2250b18431a81e02" 6206 3343
"8f6bcda3daa821c6" 3213 10807 3343
"912c329df675fcda" 2491 9803 6094
"847e3146ab33871e" 3237 9803 6019
"637f3dfc2053a38c" 624 2491 6206
"b2c0ddab5254efa6" 8462 3237 6019
"7cf445a6785267ef" 4463 3213 6094
"a57274a6330ef1fa" 6206 6019 6972
"a2ec0dab3a99a942" 7626 472 3343
"efa0897c00b68b60" 9803 6094 6972
"49120e63e3e3f86e" 2491 3237 10807
"a38b5df4ffb035f0" 8462 6206 3213
"ee01eab9dc831e7e" 7626 9803 6972