"634b697f5b7c6e35" 15 188 10201 6897 941 13 553 12697 23 4882 170 7329 609 999 36816 4 12705 -1 -1 0 0 0 0 10 7 9 8 10 7 7 5 8 6 0 0
"39d5f8fbbca23a84" 16 2826 26101 343 358 13 553 35 1215 4110 36817 23500 13 2014 535 113 4 12706 -1 -1 0 0 0 0 8 7 7 9 9 7 5 3 9 7 0 0
"ed318a3c797ca22c" 20 8565 8566 13 8567 1013 388 8568 13 553 357 13906 515 95 311 61 13 7113 817 7115 4 12707 -1 -1 0 0 0 0 9 8 9 8 8 8 4 6 10 7 0 0
"39e5657e8e369433" 16 2652 2165 1737 18378 13 553 15472 15473 13 188 31869 388 357 17459 1093 4 12708 -1 -1 0 0 0 0 9 8 10 10 8 8 5 5 8 7 0 0
"c9d71d87d10907fb" 18 1487 2477 95 36818 13 553 188 335 53 336 13 405 373 338 134 34 113 4 12709 -1 -1 0 0 0 0 7 8 9 6 8 7 5 5 2 4 0 0
"38a3fd67ef9339d7" 17 10255 10256 6907 10257 26420 13 553 47 1158 36819 13 95 1342 61 171 3302 4 12710 -1 -1 0 0 0 0 9 5 8 5 7 6 5 4 3 4 0 0
"48c520eaed056f48" 16 20 11961 36820 188 12083 13 553 7209 36821 13 95 1496 93 14182 7668 4 12711 -1 -1 0 0 0 0 8 7 9 9 9 8 6 6 9 7 0 0
"3ef3aa7d9080d17e" 19 772 6576 6930 538 6931 13 553 2 1753 1754 13 77 6211 2332 13 8412 9162 113 4 12712 -1 -1 0 0 0 0 6 8 9 6 9 9 3 5 6 6 0 0
"65989ab21e4c73af" 14 191 12290 7615 13 553 113 703 188 660 1666 2 1795 36822 4 12713 -1 -1 0 0 0 0 7 9 6 8 7 6 6 4 9 7 0 0
"fabbdc6903520acf" 18 20 61 87 340 13 87 327 13 553 66 556 93 13 25 313 14253 7192 4 12714 -1 -1 0 0 0 0 8 7 10 8 9 6 6 5 8 7 0 0
"eee37d91b5fb42e1" 23 20 10650 13 66 414 14667 36823 13 553 66 1274 170 53 15098 13 7047 1580 34 504 5557 36824 19743 4 12715 -1 -1 0 0 0 0 7 6 7 7 7 4 6 5 8 5 0 0
"8e0f76db5cf7bec7" 17 600 576 13 1664 66 12676 13 553 191 607 1762 13 10191 36825 953 15303 4 12716 -1 -1 0 0 0 0 7 8 6 6 6 6 5 5 3 4 0 0
"102fcac216b4e97a" 19 66 23 3107 3069 200 13 553 2 577 504 5881 13 297 66 10328 7389 95 36826 4 12717 -1 -1 0 0 0 0 9 8 9 7 7 5 6 6 8 6 0 0
"f002e8ef13405048" 25 113 855 9630 13 6936 417 6937 13 553 41 360 4361 61 9048 55 26429 125 953 2 36827 36828 8307 36829 396 4 12718 -1 -1 0 0 0 0 7 6 7 8 8 7 4 5 6 6 0 0
"792138b746e126da" 24 12727 12728 11101 12729 13 1319 150 4337 36830 13 553 953 297 13 1016 10071 61 10549 13 2626 113 331 1319 4 12719 -1 -1 0 0 0 0 6 6 7 6 6 5 5 6 7 7 0 0
"03a5e3342dc2fa24" 28 796 797 798 737 799 800 13 553 191 14573 14574 2942 13 150 151 19133 3766 553 359 7806 13 2920 13233 3411 113 386 21147 4 12720 -1 -1 0 0 0 0 7 4 5 4 6 6 3 2 3 4 0 0
"bfae6b62573e292b" 19 2 1071 772 1378 736 13 35 36831 553 343 386 1029 20 1762 150 689 975 2626 4 12721 -1 -1 0 0 0 0 8 8 8 7 6 7 3 2 3 3 0 0
"245597623c3a2c6a" 23 95 61 171 5258 13 150 8561 113 553 15137 15138 131 12920 15139 15140 553 2 36832 23 7310 877 36833 4 12722 -1 -1 0 0 0 0 9 6 6 7 8 4 6 2 4 3 0 0
"5407c7f3077e4e75" 18 28 150 6712 3663 990 13900 200 362 13 553 673 12215 12216 2 36834 880 36835 4 12723 -1 -1 0 0 0 0 6 5 8 5 7 5 6 2 4 4 0 0
"231a5c99e32872ee" 16 102 13421 36836 373 4970 4971 553 7273 36837 2 1934 6892 8949 38 36838 4 12724 -1 -1 0 0 0 0 6 6 7 6 7 7 6 2 3 5 0 0
"f83f06b95b6e2b9e" 28 34 26 2785 515 3037 36839 13 35 23 5909 553 9602 1588 942 34 12023 504 2 87 61 3523 553 417 12397 823 12398 12399 4 12725 -1 -1 0 0 0 0 8 9 7 8 9 5 4 3 6 5 0 0
"f25751be35b25be1" 17 6521 737 13850 1106 13 553 357 95 14080 925 14081 2 102 386 36840 36841 4 12726 -1 -1 0 0 0 0 6 5 6 5 6 5 4 3 4 4 0 0
"511393a896f69212" 22 36842 796 36843 53 36844 7231 553 2 655 656 150 657 415 3455 13 1071 36845 628 36846 20 36847 4 12727 -1 -1 0 0 0 0 5 5 5 4 6 4 4 6 3 7 0 0
"83e5b6012c37ec2f" 31 979 13509 13510 13 87 61 1400 553 13579 5090 55 171 36848 6224 36849 553 41 34 746 357 36850 13 603 15994 1376 1007 14803 14804 14805 14806 4 12728 -1 -1 0 0 0 0 5 7 7 6 6 6 6 9 4 6 0 0
"f3c74a3fbbb90e38" 31 1376 34 1201 990 36851 13 76 150 721 36 6650 553 113 352 353 354 13 18221 34 392 305 553 27610 36852 13 6240 4183 20 1762 13470 4 12729 -1 -1 0 0 0 0 6 6 7 6 7 7 4 3 3 3 0 0
"3e88ea4f56526769" 24 191 23 545 1029 326 13 66 574 13 35 23800 21790 553 17179 13 134 1906 36853 628 357 2 36854 2318 4 12730 -1 -1 0 0 0 0 7 7 5 6 7 6 5 3 4 4 0 0
"9d4488c540540d1b" 30 36855 61 2846 367 8387 13 22552 8013 10694 553 357 9025 10600 150 36 10601 13 87 61 171 603 4400 2 188 4403 134 113 27182 87 4 12731 -1 -1 0 0 0 0 7 6 6 7 8 6 7 3 3 3 0 0
"6da1160cb318a6ab" 36 34 35 36 3472 13 1034 341 2335 3497 171 36856 396 553 20 36857 10859 5871 15579 13 423 95 36858 61 1203 36859 553 2 95 61 744 1517 3006 13 1408 87 4 12732 -1 -1 0 0 0 0 7 6 7 9 7 6 4 2 3 3 0 0
"1f85e3133c4b1bed" 30 347 151 3554 774 36860 13 87 61 171 27406 2 1304 553 87 13 38 1533 4697 13 87 113 19805 4699 553 170 774 6089 737 9039 4 12733 -1 -1 0 0 0 0 7 5 7 6 8 6 3 2 4 6 0 0
"fc37a8f6229829f2" 31 7638 367 11482 13 28 1110 3290 2 749 30611 553 10421 171 10422 13 150 36861 304 36862 305 553 1192 7754 6631 3019 7755 5602 36863 7666 36864 4 12734 -1 -1 0 0 0 0 9 6 7 7 8 6 4 3 4 6 0 0
"4550c3d687167a70" 36 34 35 36 17407 13 410 36865 409 13 553 2 2652 171 1651 2284 36866 4 553 357 7490 87 36867 36868 422 1507 13 553 66 347 113 863 330 116 5659 23691 4 12735 -1 -1 0 0 0 0 8 7 5 6 6 4 3 2 2 2 0 0
"635aaccf0e229c9d" 41 852 66 457 23 188 13485 13486 13 553 35 18343 14965 13 28 36869 113 1131 11640 4 553 2 36870 13 34 35 13015 12574 171 183 13 553 357 7521 13 188 36871 13 367 410 36872 4 12736 -1 -1 0 0 0 0 7 8 6 6 6 4 3 3 2 2 0 0
"aae061c0cd6269c4" 21 34 26 6672 3478 13 2 36873 16408 8045 13 553 28 186 1093 1580 66 23 31680 36874 125 4 12737 -1 -1 0 0 0 0 7 8 6 6 5 3 3 2 4 4 0 0
"a0378ffdf906aab3" 16 34 26 359 11699 13 297 1737 10022 13 553 2652 36875 599 386 36876 4 12738 -1 -1 0 0 0 0 8 8 9 6 6 5 4 2 4 3 0 0
"2c574b431391826a" 18 3470 3471 188 3469 13 36877 24745 2571 13 553 3327 87 4576 13 787 6869 6606 4 12739 -1 -1 0 0 0 0 9 8 9 6 6 5 7 2 3 3 0 0
"b2690be6d711348e" 14 410 1820 2717 737 4655 13 553 1122 39 188 660 5498 6624 4 12740 -1 -1 0 0 0 0 6 7 4 4 3 2 3 2 3 3 0 0
"84860097e2d299da" 21 2 8720 742 13 373 457 748 5042 13 553 191 767 13 586 1580 1480 361 134 26982 125 4 12741 -1 -1 0 0 0 0 7 7 6 5 6 4 3 3 2 3 0 0
"a0f1591c68d924c6" 21 1774 1047 1775 1776 13 188 2 171 132 13 553 297 26982 815 13 2 7168 4361 1492 1094 4 12742 -1 -1 0 0 0 0 7 8 6 6 5 3 3 2 3 4 0 0
"1c9fc9ad5c3bcf25" 16 10536 1129 66 125 23 13 553 3261 21572 36878 13 3221 23503 530 529 4 12743 -1 -1 0 0 0 0 6 7 5 5 4 3 3 2 3 3 0 0
"5d526cd611230ea7" 30 113 1822 237 1823 1824 190 13 2 36879 13 553 1947 36880 13 2 1821 125 36881 13440 36882 4 553 16586 5928 3110 13 2963 32854 351 4 12744 -1 -1 0 0 0 0 8 7 7 6 6 4 3 4 2 4 0 0
"87a9c675f16da1c4" 34 25 41 452 970 607 13 2 150 2928 76 1065 13 553 35 3278 13 17120 87 35 2928 116 36883 113 4 553 3485 4334 93 13 308 1031 66 25915 4 12745 -1 -1 0 0 0 0 7 7 5 5 5 3 3 4 3 6 0 0
"f0e55bcf90c8a473" 16 19166 748 66 12524 10971 13 553 191 347 388 36884 13 548 10655 1187 4 12746 -1 -1 0 0 0 0 6 7 4 4 3 2 2 3 2 5 0 0
"eb730f4efe6480f9" 26 66 36885 3302 20362 13 347 2626 2265 13 553 2 7168 357 36886 2 36887 4 553 36888 162 113 704 191 373 23853 4 12747 -1 -1 0 0 0 0 8 9 7 7 6 5 4 3 2 3 0 0
"57f5ebf4e9ec2d70" 29 1808 6171 61 11011 13 150 997 13 553 357 150 87 331 1507 13 1071 331 373 421 36889 4 553 19473 1138 13 14566 36890 36891 4 12748 -1 -1 0 0 0 0 8 8 9 6 6 5 6 3 4 4 0 0
"9c94e29f9caec06a" 32 36892 457 13 346 87 36 1173 12639 13 553 357 347 463 36893 13 36894 504 87 12534 4 553 5090 8487 33568 13 357 347 36 14449 20 36895 4 12749 -1 -1 0 0 0 0 7 7 6 4 5 3 4 3 2 3 0 0
"fb35a2103b6095e6" 18 66 113 24324 13 16100 494 2 13731 13 553 347 146 928 36896 8655 3365 66 4 12750 -1 -1 0 0 0 0 7 6 5 8 7 4 2 2 3 3 0 0
"9d7b996a5faf99cd" 24 113 95 61 2735 171 1622 13 499 286 20 10326 13 553 93 191 2337 7903 13 521 1539 113 171 660 4 12751 -1 -1 0 0 0 0 8 7 7 9 8 6 3 3 5 4 0 0
"378312b92189bfca" 21 386 27309 13 359 95 36897 6163 19210 13 553 150 437 188 6550 13 345 297 639 3302 36898 4 12752 -1 -1 0 0 0 0 6 6 8 7 7 5 3 3 4 2 0 0
"949416140b4248a9" 18 359 7243 7244 36899 820 125 13 553 7141 1667 8783 13 357 7539 116 3993 125 4 12753 -1 -1 0 0 0 0 7 6 7 6 6 7 4 5 3 3 0 0
"b4b3fbd636543c84" 37 35 36 37 13 38 171 10812 39 40 13 553 357 9854 150 11051 3368 13 423 4254 2711 13 150 36 36900 13 553 357 95 61 634 13 35 3727 61 1042 95 4 12754 -1 -1 0 0 0 0 8 8 7 7 7 4 7 3 6 4 0 0
"1447c9e596c7a03b" 32 20 347 388 146 1061 13 6567 87 113 457 2028 4484 13 553 888 330 36901 465 13 423 76 61 12036 3261 548 3774 6209 9665 3368 3456 10913 4 12755 -1 -1 0 0 0 0 6 9 4 8 5 3 2 7 5 7 0 0
"50389795ceee0ae8" 35 359 8380 13167 1511 2 386 3143 146 646 126 35320 13 553 1622 796 36902 2 36903 36904 13 5928 6487 6488 2 1207 13 23 53 621 17581 2 36905 1983 36906 4 12756 -1 -1 0 0 0 0 6 7 6 8 6 4 3 3 7 7 0 0
"93205c27ba058950" 18 14359 1153 36907 18022 36908 13 553 2 66 3474 13 5709 113 36909 1534 171 660 4 12757 -1 -1 0 0 0 0 6 6 6 6 7 4 6 4 4 3 0 0
"7d65f2270ed62d6d" 42 35 3727 61 783 3003 13 297 36450 2 36910 13 553 125 1029 1109 150 1315 36911 13 191 2337 588 7903 13 308 36912 66 36913 499 1045 1890 36914 66 795 13 357 1539 171 660 66 36915 4 12758 -1 -1 0 0 0 0 7 6 8 7 8 6 4 4 6 5 0 0
"6b6df3ef792600f9" 20 41 125 361 171 36916 113 699 13 553 13553 358 13296 16251 13 5928 6487 6488 2 36917 4 12759 -1 -1 0 0 0 0 4 8 5 7 4 7 5 3 5 7 0 0
"a6cd03d144677abe" 23 15996 13 36918 19123 22027 358 5254 7023 13 553 20 347 330 388 146 1061 13 521 1539 171 7091 737 4 12760 -1 -1 0 0 0 0 7 9 5 7 6 5 5 4 6 6 0 0
"ca0316e69c884eec" 34 22459 36919 2035 13 639 1641 36920 440 13 553 7141 1667 8783 13 12467 466 19210 358 2 1011 12430 18 13 35 3727 61 2852 737 1011 2 36921 102 3474 4 12761 -1 -1 0 0 0 0 5 7 6 6 8 4 3 5 6 7 0 0
"523c4ca688381213" 46 113 36897 6163 13 20 421 13 87 96 3478 17117 13 553 1822 237 1823 1824 1990 2852 1639 355 33631 17577 6864 10178 22233 36922 13 29037 5537 36923 36924 2 15996 55 87 61 24000 1720 13 350 286 36925 11026 4216 4 12762 -1 -1 0 0 0 0 7 8 6 8 7 6 4 3 7 6 0 0
"ae38b420f8468e1d" 33 8380 36926 1511 2 36927 345 22928 13 26839 36928 14738 19779 125 13 553 423 76 61 29159 1945 12036 3261 13 150 286 4159 113 5087 55 36929 3822 66 4 12763 -1 -1 0 0 0 0 6 6 7 7 6 4 3 5 6 6 0 0
"f0f9d10fff507a82" 24 8380 13167 1511 13 357 347 463 36930 464 465 13 553 457 36931 13 357 5928 6487 6488 2 3248 2340 36932 4 12764 -1 -1 0 0 0 0 6 5 6 7 5 3 3 4 4 5 0 0
"b218297bdca9fe23" 22 36933 36934 386 36935 646 13 553 9854 150 11051 481 36936 3368 13 553 1137 1138 35 31789 36937 36938 4 12765 -1 -1 0 0 0 0 8 7 5 7 7 6 5 3 2 5 0 0
"778850e0365cf6ff" 39 28 17120 23 13 347 66 388 134 1716 13 553 113 13553 3972 353 66 36939 1750 13 2978 530 41 87 1602 13 553 41 452 171 6601 61 1602 13 3972 93 4421 36940 22056 4 12766 -1 -1 0 0 0 0 7 6 5 6 6 5 6 4 3 4 0 0
"52dca508e1e91b41" 45 174 36941 13 3972 353 36942 10139 13 553 357 150 171 36942 3176 13 2978 113 396 10725 13 347 286 330 5392 36943 13 553 21770 36944 36945 33540 481 1032 13 1137 1138 1842 25 415 1015 13 36946 1071 2278 4 12767 -1 -1 0 0 0 0 6 6 4 6 5 6 5 3 2 4 0 0
"14988a23fe30caa5" 30 14721 36947 8275 13 596 36948 995 36949 13 553 457 36950 36951 36952 1868 13 596 5492 927 36953 171 660 553 10655 1187 25 7958 66 6062 4 12768 -1 -1 0 0 0 0 7 6 5 6 5 6 7 5 4 5 0 0
"248734574ff0cad8" 31 1808 6171 150 36 2329 6172 13 87 61 11978 553 1488 3530 347 19149 13 25 474 36954 13 2 66 3474 466 13 1580 36955 474 4 68 553 12769 -1 -1 0 0 0 0 6 7 6 6 6 6 6 4 3 5 0 0
"6a49dcfa4156542d" 39 4703 36956 1220 36957 13 34 866 36958 553 687 31886 1488 34356 13 19412 36959 36960 553 347 993 957 35 35 87 61 13 47 36961 36962 13 553 36963 10522 35 36964 16633 36965 36966 4 12770 -1 -1 0 0 0 0 6 5 4 5 5 5 5 4 3 4 0 0
"cbcd3ec097b93638" 49 1109 1446 36967 4211 36968 36969 13 553 2652 66 2214 35 35 19153 36970 305 553 10655 1187 1341 676 2536 2 1341 676 530 36971 13 553 7141 1667 8783 362 13 3998 676 482 34 4087 36972 774 1464 596 36973 4715 36974 1232 36975 4 12771 -1 -1 0 0 0 0 8 6 5 6 6 6 6 6 4 6 0 0
"2491680e23158c3b" 31 5928 6487 6488 13 553 357 36976 36977 777 3486 13 553 19014 36978 2 4278 36979 13 5090 8487 2056 36980 553 66 347 847 928 36981 20 367 4 12772 -1 -1 0 0 0 0 7 6 5 6 5 6 6 7 4 5 0 0