"c37a486b0d14772e" 21 1129 1130 13 2860 36294 305 326 13 553 191 367 150 304 305 397 13 1109 36295 2094 726 4 12555 -1 -1 0 0 0 0 8 8 6 7 7 5 3 2 3 4 0 0
"9eaaadc7aadb44d4" 21 3358 6669 13 744 171 603 3261 263 13 553 357 8901 920 8902 13 20 3630 66 5896 20230 4 12556 -1 -1 0 0 0 0 7 9 9 5 6 7 4 3 2 2 0 0
"c6f5df1b3624d544" 24 87 361 87 1131 515 36296 13 1580 999 3081 171 10323 13 553 191 579 13409 1122 4576 63 1793 13410 326 4 12557 -1 -1 0 0 0 0 8 6 7 6 8 5 3 4 7 4 0 0
"a8aed304c626f1b2" 19 66 13146 171 13147 13 28 36297 4068 553 1876 171 13381 2 36298 13 297 36299 36300 4 12558 -1 -1 0 0 0 0 6 8 7 8 7 5 3 4 3 3 0 0
"c2503b3d4176f881" 22 574 7349 877 13 28 3911 61 1806 712 13 553 61 2652 1069 6030 13 1580 573 367 9154 36301 4 12559 -1 -1 0 0 0 0 7 7 6 7 6 8 4 2 8 4 0 0
"22fff4d08f61935a" 26 66 347 1832 305 11485 13 28 171 7086 61 1806 305 13 553 35 12720 954 362 12721 13 1122 1842 349 10652 35106 4 12560 -1 -1 0 0 0 0 6 6 7 6 8 5 4 2 7 6 0 0
"0d29f9a310751606" 26 1908 5296 13 2243 2014 504 547 36302 36303 13 553 35 2215 66 990 362 13 1580 415 14893 36304 2 36305 36306 36307 4 12561 -1 -1 0 0 0 0 7 5 6 7 8 5 3 5 5 4 0 0
"522c0b31ec5a8ff9" 21 4125 817 5568 5523 13 1768 1379 3254 13 553 38 8062 14307 13 2 1862 2439 993 3302 36308 4 12562 -1 -1 0 0 0 0 6 6 6 5 7 4 3 4 2 5 0 0
"46136d80462538bf" 26 2 2775 3140 3183 3184 13 305 171 1828 2042 2571 36309 13 553 87 4304 15166 15167 13 357 36310 150 36 2439 36311 4 12563 -1 -1 0 0 0 0 7 8 7 8 6 3 4 2 6 7 0 0
"13bb216d4e1c8a32" 23 5912 5913 13 36312 1821 36313 36314 13 553 297 629 2883 10591 13 2243 4127 712 15830 36315 515 18 4732 4 12564 -1 -1 0 0 0 0 5 6 6 5 7 3 4 4 6 5 0 0
"ea50fe302f2749c8" 29 66 574 4409 61 2218 13 28 347 14414 698 520 171 1920 15237 553 13893 4242 13894 13895 13 38 349 1842 4667 359 36316 2 36317 4 12565 -1 -1 0 0 0 0 7 5 7 6 7 5 3 5 3 6 0 0
"527da2cbcbbaef69" 32 629 15002 18370 353 578 13 4326 26 3302 14243 13 553 948 14 1930 13 1122 171 1961 704 13 1857 774 2681 36318 13 5749 150 4386 36 11388 4 12566 -1 -1 0 0 0 0 7 5 6 8 7 4 3 2 4 7 0 0
"cfbbc8983865760a" 21 5912 5913 13 36319 61 171 36320 19447 13 553 20 3962 13 26599 36321 36322 36323 2 1093 2453 4 12567 -1 -1 0 0 0 0 5 3 5 4 6 3 4 1 2 3 0 0
"285e6dc1381fe2d0" 23 772 1109 7211 13 1071 102 637 36324 13 553 10191 16080 953 15303 13 297 1411 102 1029 36325 36326 36327 4 12568 -1 -1 0 0 0 0 6 7 5 6 7 5 3 2 4 6 0 0
"f62b3709e802c280" 29 1099 1155 12979 13 2066 132 446 1374 36328 578 1215 9496 13 553 1122 13909 357 2340 13 6849 892 6850 13 1109 1110 36329 102 9435 4 12569 -1 -1 0 0 0 0 5 8 6 7 6 3 4 2 5 6 0 0
"0343ecc56251beca" 24 6083 6522 13 191 7231 7113 36330 14958 13 553 4415 1604 515 1605 13 321 36331 28201 36332 113 805 31248 36333 4 12570 -1 -1 0 0 0 0 7 7 7 8 8 6 3 5 2 6 0 0
"d85264b413177371" 23 203 204 205 206 13 66 9733 27610 13 553 188 10913 150 8213 3838 106 5863 13 113 8522 1043 31281 4 12571 -1 -1 0 0 0 0 8 9 9 7 7 8 5 4 3 4 0 0
"0f6fbb5aa331ca2b" 22 66 23 1468 13 87 61 12911 95 13 553 362 993 150 36 3970 9060 1664 9061 9062 13 36334 110 12572 -1 -1 0 0 0 0 10 8 7 6 7 9 3 2 4 5 0 0
"31d859698bcae891" 27 7592 2340 13 437 3140 3183 3184 13 1109 1485 87 358 13 553 191 15157 15158 13 188 1651 1657 2 6337 13296 4576 358 4 12573 -1 -1 0 0 0 0 5 9 6 9 8 7 8 7 3 9 0 0
"177fe9dc153cf7da" 21 3358 6669 13 3176 36335 13 553 10695 13 1016 6864 31348 13 553 2 13967 13 3923 1016 12107 4 12574 -1 -1 0 0 0 0 8 7 8 5 6 6 4 3 6 3 0 0
"4e66a95c9161baa5" 27 188 335 61 53 336 13 337 338 13 553 6726 7072 5791 5441 7073 13 553 347 1543 367 13 1071 171 1651 3093 36336 4 12575 -1 -1 0 0 0 0 6 7 7 9 7 8 9 6 5 6 0 0
"85341682ed33f673" 33 362 993 150 36 3970 9060 1664 9061 9062 13 553 191 579 13409 1122 4576 63 13410 13 553 23 7780 20 151 13 330 1568 150 388 504 358 36337 4 12576 -1 -1 0 0 0 0 8 7 9 6 8 9 5 3 4 8 0 0
"540e6e16b7c9d091" 25 6726 7072 5791 5441 7073 13 553 297 10590 2883 10591 13 553 66 23 2891 36338 13 330 347 2615 36339 36340 36341 4 12577 -1 -1 0 0 0 0 5 7 7 6 8 7 8 6 6 9 0 0
"4f0b05475beff68e" 26 224 13615 13616 11061 13617 217 13618 13 553 25 349 355 25 349 355 13 553 347 388 367 578 13 22681 36342 723 4 12578 -1 -1 0 0 0 0 7 6 7 4 5 3 4 3 3 6 0 0
"16c821dea198fbef" 25 191 367 150 304 305 397 13 553 13893 4242 13894 13895 13 553 134 61 126 20718 13 1179 61 36343 126 36344 4 12579 -1 -1 0 0 0 0 7 6 6 6 7 5 3 5 4 6 0 0
"5e6e603b5e77c3ae" 18 9083 9084 9085 13 553 66 13146 171 13147 13 553 636 698 347 1031 4047 36345 4 12580 -1 -1 0 0 0 0 5 8 7 5 6 5 5 3 4 6 0 0
"d40485e64bccc2ad" 24 1122 13909 357 2340 13 553 25 349 355 25 349 355 13 553 66 18562 417 739 13 191 1109 36346 36347 4 12581 -1 -1 0 0 0 0 6 6 7 6 7 3 3 4 4 6 0 0
"6d1e68f102016750" 18 6083 6522 13 553 66 23 1468 13 553 38 14307 6513 13 2 36348 1420 16072 4 12582 -1 -1 0 0 0 0 7 9 8 7 6 7 3 2 3 4 0 0
"f2a11091be58a27b" 29 4125 817 5568 5523 13 553 66 7559 2086 1122 150 1293 3302 2 1795 13 553 66 1695 8543 2675 13 2 9145 25991 358 36349 764 4 12583 -1 -1 0 0 0 0 6 8 6 5 7 7 5 4 6 6 0 0
"7968623e9adf30a4" 22 574 7349 877 13 553 1099 1155 12979 13 553 87 61 171 1342 13 134 87 61 330 36350 36351 4 12584 -1 -1 0 0 0 0 7 6 7 4 5 6 3 3 2 4 0 0
"75cff20b3e58f6ba" 34 2 134 703 421 948 14 1930 13 553 36352 36353 36354 171 2018 13 553 6858 36355 150 1182 286 2014 13 553 191 34 26 297 1734 13 2 504 36356 4 12585 -1 -1 0 0 0 0 7 8 7 7 6 9 5 5 5 3 0 0
"02e51e39ca279309" 37 5303 36357 2 13175 6020 33920 13 553 5115 36358 47 36359 28115 553 1842 20 5174 13 35 87 36360 515 3497 553 1746 2126 1427 18759 66 13 26411 3277 1389 13 3443 3277 36361 12586 -1 -1 0 0 0 0 5 7 6 7 7 5 5 4 5 4 0 0
"76010dcdd352ef21" 38 521 9169 7231 7113 17961 13 553 588 36362 35 87 113 36363 14958 13 553 28 18312 1029 3901 36364 13 553 347 39 628 171 35583 13 171 10695 13 171 20720 13 36365 36366 4 12587 -1 -1 0 0 0 0 6 7 7 8 8 9 7 6 6 3 0 0
"b053d548491b6e8e" 41 1109 1110 6255 13 18759 3962 2 36367 13 553 357 8777 36368 15434 13 1179 61 661 2868 13 553 66 574 4409 460 61 2218 13 553 34 26 698 1122 17473 13 191 102 1863 53 36369 4 12588 -1 -1 0 0 0 0 7 8 8 8 9 6 4 2 9 8 0 0
"ec09dc12f6919860" 55 347 36 36370 13 347 36 6785 13 553 537 1380 361 2507 697 2 36371 13 553 36 1559 326 13 2546 47 66 13 553 1109 1110 483 13 1110 8229 53 748 13 553 188 335 61 53 336 337 338 13 553 2 93 12920 13 38 15166 15167 68 4 12589 -1 -1 0 0 0 0 5 6 6 8 8 8 5 3 5 4 0 0
"464d0b20176e9349" 35 34 457 3241 35 286 2941 1780 13 553 357 1099 66 788 36372 12666 36373 13 553 36374 36375 13 150 1780 8776 993 13 553 36376 171 36377 2 2652 19167 4361 4 12590 -1 -1 0 0 0 0 7 8 9 8 9 9 3 5 4 3 0 0
"25bec8f0537321dc" 39 36378 2 3246 36379 13 36380 1109 36381 530 13 553 2860 13 36382 4521 2 21301 36383 13 553 357 8901 53 36384 36385 36386 13 553 2135 3606 1250 7991 13 26604 1250 36387 14100 4702 4 12591 -1 -1 0 0 0 0 8 7 6 5 5 6 6 8 5 6 0 0
"d6a8fe71c3e2190e" 44 191 18759 950 2013 17704 13 2920 36388 36389 13 553 34 26 1129 13 36390 171 36391 36392 13 553 36393 36394 13 410 34 2346 2 6020 9721 1148 13 553 66 1695 2652 36395 35 87 361 545 415 31289 4 12592 -1 -1 0 0 0 0 6 7 7 7 8 7 5 6 6 6 0 0
"4a52505b02fb471f" 49 2 28 360 1732 3588 36396 13 10893 36397 13 553 9083 515 9084 13 499 330 36 1648 36398 13 553 34 35 286 504 1983 8155 13 553 191 34 26 188 1617 394 474 2 134 13 2 188 36355 150 8213 3838 106 5863 4 12593 -1 -1 0 0 0 0 8 8 8 8 8 4 5 4 5 5 0 0
"f9209b45778be06f" 75 36399 2 36400 13 66 372 357 36401 13 553 10708 3025 36402 13 102 5153 412 36403 13 553 66 36404 331 13382 8505 36405 36406 13 553 36407 36408 171 36409 13 36410 553 171 1735 361 36411 36412 13 36413 18635 7927 24173 36414 2717 13 553 36415 596 53 36416 13 1370 150 13 553 34 3472 26 13 38 504 36 13 36417 188 335 53 336 337 338 4 12594 -1 -1 0 0 0 0 6 7 8 5 5 6 8 7 6 7 0 0
"6bba0234648873df" 49 34 17561 35 117 36418 1780 13 553 357 36419 36420 13 347 1667 730 90 13 553 36421 3751 36422 13 36423 13 6563 2601 661 36424 13 553 1099 14 36425 36426 36424 13 5501 146 13 35 36427 18863 13 36428 13 36429 36430 36431 4 12595 -1 -1 0 0 0 0 6 5 5 8 6 7 6 6 5 7 0 0
"8981387a843c7bda" 40 66 629 353 36432 36433 36434 13 553 150 286 305 4326 13 1863 61 36435 3838 412 36436 36437 13 553 1099 224 798 113 8775 36438 55 13 553 417 704 36439 2 61 2652 1069 6030 4 12596 -1 -1 0 0 0 0 7 6 5 6 6 6 5 6 6 7 0 0
"c8eeff1035812b7a" 44 34 577 36440 13 35 36441 954 1780 802 13 553 347 441 362 36442 13 61 282 3251 305 504 36443 13 553 2620 1296 3253 13 18126 36444 36445 36446 13 553 191 574 11751 35 1863 13 772 1109 7211 4 12597 -1 -1 0 0 0 0 7 7 7 7 6 6 4 5 6 7 0 0
"9580b19c4bfe9159" 72 34 3241 13 5537 1780 4310 13 2683 36447 13 553 36448 36449 13 36450 36451 305 13 553 357 6659 36452 13 297 19144 967 13 34 139 36453 13 36454 13 553 297 66 629 2883 22149 16730 13 2 596 93 2004 36455 36456 13 193 13 553 1559 188 27939 2128 357 10275 36457 13 553 2767 171 10566 13 10566 36458 976 36459 3302 36460 36461 4 12598 -1 -1 0 0 0 0 7 8 8 6 6 6 3 7 5 4 0 0
"27e6a3bda2e5fe3b" 42 852 66 1628 297 36462 13 23 36463 13 499 441 852 12729 1628 13 553 442 87 36464 1250 417 2236 457 36465 530 13 553 357 66 574 4409 1029 4 553 373 14994 10191 16080 1071 953 15303 4 12599 -1 -1 0 0 0 0 5 7 6 4 5 6 4 5 5 6 0 0
"ee61860782961804" 27 13893 134 36466 3663 13 191 1735 5581 2 340 7998 4 553 7559 15002 5881 36467 1925 13 34 6828 358 2 87 36468 2165 4 12600 -1 -1 0 0 0 0 7 7 6 5 6 8 4 7 9 7 0 0
"d070b5bfee641d64" 24 34 26 737 1333 357 1342 4267 1665 34033 13 553 66 347 1832 1007 326 1071 2183 13 191 15157 18669 15158 4 12601 -1 -1 0 0 0 0 8 7 7 6 7 8 4 6 5 7 0 0
"e318492b7e46293d" 30 347 304 2536 47 6565 7134 13 113 711 13 15349 44 2307 4 553 2 191 24801 4434 731 777 13 2054 17938 12260 18669 806 13 3898 4 12602 -1 -1 0 0 0 0 8 8 7 5 8 7 6 7 8 9 0 0
"28c5607c0a2d6717" 16 547 36469 9169 36470 23127 13 553 5583 5584 13 15099 24933 2 33568 22291 4 12603 -1 -1 0 0 0 0 6 5 6 4 5 6 4 2 5 4 0 0
"edf489bbc4e1b023" 18 457 11442 1580 34 35 6910 171 13546 13 553 36471 36472 3203 20 5581 7478 36473 4 12604 -1 -1 0 0 0 0 6 5 6 5 4 6 3 4 5 4 0 0
"4762e927330eafac" 21 34 26 171 15930 146 36474 13 38 9728 11002 13 553 12052 504 2767 282 772 36475 1 2777 4 12605 -1 -1 0 0 0 0 8 7 8 7 7 9 4 2 9 5 0 0
"5ed8ba9cd23b7d1e" 20 66 2 34 36476 22467 3766 36477 13 553 36478 35 36479 13 34 35 417 14240 36480 1471 4 12606 -1 -1 0 0 0 0 7 6 8 6 6 9 5 4 3 4 0 0
"6fd366346712a992" 23 9200 34 504 357 13 35 286 17852 1580 25250 353 13 553 596 6363 3253 2 5866 171 3370 36481 1402 4 12607 -1 -1 0 0 0 0 8 8 7 7 7 7 6 7 8 8 0 0
"01c8215d8cc5d893" 23 645 66 357 1207 13 297 36482 171 36483 648 13 553 18389 36484 36485 188 36486 36487 36488 2 607 36489 4 12608 -1 -1 0 0 0 0 7 6 7 7 6 8 6 6 9 6 0 0
"b5699f0c2257294f" 34 347 36490 39 14858 188 36491 13 553 1774 102 15193 20 356 353 13 553 66 1010 4211 15194 188 36492 20266 13 553 2 6272 7282 2128 36493 36494 2 36495 4 12609 -1 -1 0 0 0 0 6 5 5 4 3 7 4 8 6 5 0 0
"394fb92bf984cefe" 21 150 2062 1511 1759 13 102 14566 636 36496 13 553 87 61 36497 5256 36498 2 26851 4773 36499 4 12610 -1 -1 0 0 0 0 6 5 5 4 4 4 3 8 5 3 0 0
"31481e9c340d5bf3" 19 5525 61 5613 20 34 2257 13 553 313 5530 34 3235 36500 18074 36501 474 36502 1772 4 12611 -1 -1 0 0 0 0 5 4 5 5 5 6 3 5 6 6 0 0
"b488618d1079d2c0" 20 341 34 34866 13 102 388 36503 13 553 28 12966 61 4436 3219 13 47 417 150 36504 4 12612 -1 -1 0 0 0 0 7 6 6 5 6 6 3 5 5 5 0 0
"1a053d12e8ef349c" 35 1868 452 36505 457 3314 3497 13 553 1664 1319 36506 3007 704 2317 36507 26016 150 36508 4667 113 13 553 188 603 36509 349 14666 537 12157 3832 357 13 358 113 4 12613 -1 -1 0 0 0 0 5 5 6 5 4 4 3 3 5 4 0 0
"873ed88a2a103b9d" 32 624 4337 2277 4093 13 36510 61 53 36511 13 68 553 357 1042 1047 5875 2 87 1094 515 297 13 36512 36513 36514 2 466 61 774 36515 8692 4 12614 -1 -1 0 0 0 0 6 5 6 5 6 6 4 5 6 4 0 0
"95e67bd82595c5f3" 19 34 36516 14093 13 357 66 2136 36517 13 553 3948 2724 13 15399 61 2652 8724 36518 4 12615 -1 -1 0 0 0 0 7 7 7 4 6 7 3 1 2 2 0 0
"b8d0610fad3bbe18" 20 442 796 34376 171 2844 1983 13 553 191 1664 353 329 13 36519 4467 13 2 4249 23548 4 12616 -1 -1 0 0 0 0 6 6 7 5 6 7 5 3 5 4 0 0
"1aea4c541aac1dd5" 20 150 331 36 330 13 34 6698 357 326 13 553 357 76 61 417 1584 13 999 36520 4 12617 -1 -1 0 0 0 0 6 7 6 3 5 6 3 1 2 1 0 0
"61f65022e3bf05dc" 21 20 36521 34 504 36522 13 66 1240 36523 13 553 347 3186 639 8590 13 1221 1222 66 1675 4 12618 -1 -1 0 0 0 0 8 9 7 6 7 7 3 2 4 3 0 0
"03aa0d00ed486298" 20 1109 14367 25455 13 36524 2 36525 13 553 1088 20800 323 13 28 150 9896 36526 87 36527 4 12619 -1 -1 0 0 0 0 9 9 8 7 8 8 2 2 4 4 0 0
"e47ade7f49b36604" 21 36528 34 95 340 13 36529 35 36530 13 553 66 33406 347 36 13 2 36531 36532 188 27489 4 12620 -1 -1 0 0 0 0 7 7 6 5 6 5 3 4 3 3 0 0
"e58fae116dd84f18" 21 171 1165 9304 27948 13 188 36533 3302 3089 36534 530 13 553 139 36535 36536 330 35 417 36537 4 12621 -1 -1 0 0 0 0 8 8 8 6 7 5 4 2 3 3 0 0
"e5b229b369890bad" 21 20 493 15368 13 36538 13 36539 13 21389 13 553 4717 4431 1029 1882 61 2767 13 4717 2767 4 12622 -1 -1 0 0 0 0 9 9 9 7 8 7 4 3 5 4 0 0
"82ac276f01f2a160" 25 28 66 10809 2922 3497 13 36540 17598 2059 188 13 553 34 7150 3282 13160 13 150 8514 20 36541 36542 14751 3635 4 12623 -1 -1 0 0 0 0 7 8 7 4 6 6 2 1 2 1 0 0
"03753967555d9606" 22 191 1765 1042 20800 1016 36543 36544 13 553 34 35 6910 1938 26784 13 34 15 3898 530 36545 36546 4 12624 -1 -1 0 0 0 0 8 6 7 6 7 8 5 5 6 5 0 0
"a2006efc7f0145ae" 23 36547 36548 441 13 7677 1201 36549 13 1869 13 553 34 10621 7033 3282 53 13 323 36550 24225 36551 1869 4 12625 -1 -1 0 0 0 0 6 5 5 4 5 6 3 2 4 3 0 0
"b8a4cc1f2cb4805e" 18 499 863 349 66 36552 31768 13 553 171 5894 61 76 18861 36553 36554 36555 36556 4 12626 -1 -1 0 0 0 0 7 9 6 5 6 6 4 2 4 3 0 0
"9ec2979e83a22842" 21 3302 358 13 373 1178 763 22291 36557 36558 13 553 36559 30747 353 1543 13 4967 4126 18412 36560 4 12627 -1 -1 0 0 0 0 8 6 6 5 6 7 2 6 5 5 0 0
"51c08c668d327a93" 28 150 331 36 330 13 28 442 95 36561 13 66 2136 36562 13 553 66 1010 36563 1550 524 36564 36565 13 744 95 4211 36566 4 12628 -1 -1 0 0 0 0 5 7 5 3 5 6 3 2 3 2 0 0
"7cdde2f762f72a5c" 22 14712 6052 36567 2724 36568 13 553 36569 13 2652 13146 711 4 353 36570 621 347 286 1981 7195 36571 4 12629 -1 -1 0 0 0 0 6 7 6 5 6 7 2 2 4 4 0 0
"818bf90f8b013dd5" 17 34 36572 93 35049 171 1552 13 553 34 36573 357 6130 191 8131 515 36574 4 12630 -1 -1 0 0 0 0 7 8 7 8 6 8 7 5 4 5 0 0
"7357af7efa837cc9" 17 35 6910 171 36575 191 28138 1123 13 553 2 29130 188 394 34 20568 36576 4 12631 -1 -1 0 0 0 0 8 7 7 6 7 7 8 4 5 3 0 0
"8af93dc19436c2b3" 23 3898 95 61 655 6132 13 553 3739 504 188 2699 134 191 1110 36577 1318 13 553 10308 607 11026 36578 4 12632 -1 -1 0 0 0 0 9 8 7 9 6 8 3 2 6 8 0 0
"171e6b78f24500bb" 21 34 356 357 901 359 36579 13 553 341 1352 1990 368 36580 13 553 835 1093 5141 14700 32185 4 12633 -1 -1 0 0 0 0 7 8 6 7 6 6 7 6 4 5 0 0
"9c3cd18a9e07bfb0" 18 36581 36582 1109 14367 2696 13 553 2 1182 1496 25 66 117 61 26050 9355 127 4 12634 -1 -1 0 0 0 0 9 9 8 9 8 8 7 5 7 6 0 0
"2371e6fd1cb53811" 17 24107 1862 150 689 13 553 1549 20500 9648 61 87 8709 8341 94 36583 31118 4 12635 -1 -1 0 0 0 0 8 7 6 6 5 8 6 8 7 5 0 0
"77a669d9aed03c6d" 17 7478 2536 2505 2 9217 425 13 553 357 352 15618 17912 9600 2 113 7934 4 12636 -1 -1 0 0 0 0 6 5 5 4 6 6 5 3 4 5 0 0
"0811fdbaed7ac89e" 22 5584 5583 35 36584 2 36585 13 553 6984 2039 2006 1376 20549 18294 2 36586 191 188 6177 27397 17749 4 12637 -1 -1 0 0 0 0 8 8 7 8 7 6 6 5 4 7 0 0
"a9126a155a91ccdf" 20 66 1664 93 36587 2735 6087 13 553 286 125 313 2863 2 1363 13 34 26 737 521 4 12638 -1 -1 0 0 0 0 7 8 7 8 6 7 7 6 5 5 0 0
"5aa6d911144fb896" 35 1930 13049 507 95 9721 323 13 553 12564 5881 2 3232 170 500 34 10925 36588 13 553 2 191 102 8612 304 7863 13 66 4192 29941 3032 36589 636 28848 55 36590 12639 -1 -1 0 0 0 0 8 8 8 9 8 6 6 8 7 8 0 0
"e034e26895b21249" 34 645 646 188 1643 647 648 13 553 2511 4638 3327 737 188 36591 1250 36592 737 13 553 188 150 2062 151 24411 5546 13 134 367 347 36593 113 11426 1016 5630 12640 -1 -1 0 0 0 0 7 8 7 9 7 6 5 7 8 8 0 0
"cf7b7402eaba4c81" 17 564 1043 2006 36594 14893 15225 1534 13 553 357 22877 417 12583 150 15225 17992 4 12641 -1 -1 0 0 0 0 9 9 7 7 8 9 4 3 6 4 0 0
"4777060ac9c622cf" 28 7123 53 4326 2988 22776 7293 13 553 1034 36595 1750 2 283 87 35155 18510 4 553 66 1010 11448 20083 93 115 17923 347 36596 4 12642 -1 -1 0 0 0 0 8 8 6 7 7 7 7 5 5 6 0 0
"721f0ff4caf7a7c6" 26 41 150 25943 15670 13 553 150 87 1507 13 295 417 1379 4 553 2 188 1389 36597 359 1735 5515 13 10921 36598 4 12643 -1 -1 0 0 0 0 9 7 6 8 5 8 7 5 6 5 0 0
"239e0094cba746b5" 35 188 150 2062 5545 5546 13 345 66 1010 590 13 553 150 93 4093 13 500 34 8085 5141 892 2299 110 553 2 1588 1110 36599 13 357 21012 19927 7317 877 4 12644 -1 -1 0 0 0 0 8 8 7 9 7 6 5 7 8 7 0 0
"7fc831874a4aa145" 21 742 1047 5875 13 553 357 3948 2724 13 2 36600 3313 553 150 3456 28703 18446 36601 36602 36603 4 12645 -1 -1 0 0 0 0 6 5 4 3 3 4 3 3 2 4 0 0
"b0ef96a058ad4da5" 32 66 1664 1319 6087 2951 13 553 10560 38 8412 107 13 61 9355 127 36604 13 553 14367 7379 1529 13 87 96 553 783 357 2652 3751 93 5286 4 12646 -1 -1 0 0 0 0 8 7 9 6 6 7 5 3 4 5 0 0
"c7f70095098cf3c8" 22 224 13608 13609 5065 13 553 2297 1626 1664 892 36605 13 553 744 66 18326 188 20669 13 28 3916 93 12647 -1 -1 0 0 0 0 8 7 6 4 5 6 4 3 3 3 0 0
"1f2e6eb7ef2906c2" 26 489 1159 3939 13 553 5583 36606 13 150 11411 330 12868 95 553 3115 5158 36607 36608 13 2652 553 2971 1680 3110 36609 4 12648 -1 -1 0 0 0 0 7 6 6 6 7 6 5 4 4 5 0 0
"1958b56c520d0c1b" 28 41 179 13 6828 3302 1131 1749 36610 13 553 95 58 3982 150 146 3983 29902 13 553 7754 373 15230 13 21290 3019 373 36611 4 12649 -1 -1 0 0 0 0 7 6 6 6 6 7 6 2 4 5 0 0
"a1869804dc11cdb4" 15 20 4007 4008 13 4008 13 553 95 58 3982 150 146 3983 29902 4 12650 -1 -1 0 0 0 0 7 6 5 6 5 6 5 2 3 4 0 0
"b92dfbc2c8f56320" 37 20 4007 4008 13 4008 13 553 16069 9133 13 742 5875 1047 3212 36612 642 13 553 150 330 1029 15237 36613 36614 13 357 66 7539 553 350 722 556 1456 36615 2006 5262 4 12651 -1 -1 0 0 0 0 8 7 6 6 6 7 5 3 4 5 0 0
"e9c33fe93603e3dd" 34 1713 7539 6897 1923 13 553 4018 4019 4020 357 66 347 600 2452 13 553 573 95 26759 13 87 388 357 32684 553 1934 93 13 499 151 600 93 36616 4 12652 -1 -1 0 0 0 0 9 8 8 6 6 7 5 4 4 5 0 0
"8bf04f06e10fc3e0" 38 1192 7754 6631 3019 7755 13 553 16069 9133 13 655 5875 1047 2 393 36617 36618 553 3993 36619 373 36620 1651 36621 13 553 357 3627 13916 2329 26759 55 36622 12577 36623 2785 1549 16483 12653 -1 -1 0 0 0 0 8 8 7 6 6 7 6 2 4 5 0 0
"d78d354de7215073" 35 1713 7539 6897 1923 13 553 95 58 3982 150 146 3983 29902 13 553 35 1664 286 1993 13 1182 2733 9732 10793 553 8588 347 330 863 13671 774 7309 15272 14235 4 12654 -1 -1 0 0 0 0 8 8 6 6 6 7 5 2 4 5 0 0
"06e574cb09598de6" 37 20 4007 4008 13 4008 13 553 41 179 13 27441 113 36624 5881 13 553 7754 373 15230 13 21290 3019 373 36611 553 357 12583 2717 499 1488 7428 66 113 93 327 35 4 12655 -1 -1 0 0 0 0 7 6 6 6 6 6 6 2 3 4 0 0
"e4d09fb970ffdfb1" 36 4018 4019 4020 721 36625 553 95 58 3982 150 146 3983 29902 13 553 345 742 1047 5875 2 373 102 32294 553 36626 388 36627 2636 87 39 27345 9896 1342 388 4 124 12656 -1 -1 0 0 0 0 8 7 6 6 6 6 6 3 3 5 0 0
"57b75846991cce75" 44 16069 9133 13 742 61 32478 357 8459 553 41 179 13 2240 1993 2867 41 3688 13 553 357 3044 9048 55 616 87 1187 20085 123 1664 110 16483 124 553 3115 13 35 13 1510 15099 17873 1552 36628 36629 4 12657 -1 -1 0 0 0 0 7 6 6 6 6 6 6 2 4 4 0 0
"8c5a3b51d1a45794" 37 345 742 1047 5875 13 93 35038 53 1187 553 4018 4019 4020 102 1817 553 373 36630 150 463 36 1210 1643 36631 36632 13 93 36633 553 150 36 20094 66 2682 5141 36634 4 12658 -1 -1 0 0 0 0 8 7 6 6 6 6 6 3 2 4 0 0
"eb2863794683392b" 37 20 4007 4008 13 4008 13 553 1192 7754 6631 3019 7755 13 553 35 1664 286 1993 13 24484 1192 36635 13 553 134 373 61 2358 13 2 171 11478 1424 1160 2 6497 4 12659 -1 -1 0 0 0 0 7 6 5 6 5 6 5 2 2 3 0 0
"d7e3d26c5f875a20" 26 41 35 4799 265 36636 2440 1511 13 553 16069 9133 13 1109 1990 5561 25 2941 13 553 345 742 1047 457 1196 5875 4 12660 -1 -1 0 0 0 0 4 2 3 2 3 6 2 4 5 5 0 0
"822429c9197c2799" 32 36637 14261 3204 2617 13 125 6561 1693 7949 13 553 1713 7539 6897 1923 13 1122 737 15352 5093 13 553 1192 7754 6631 3019 7755 13 357 18474 331 4 12661 -1 -1 0 0 0 0 6 6 2 5 5 7 3 5 5 4 0 0
"8e3c1b481903073c" 33 345 742 1047 5875 13 1071 1550 22491 150 14613 13 553 20 4007 4008 4008 13 1109 3939 32653 18444 13 553 16069 9133 41 3080 13 1016 1651 36638 15335 4 12662 -1 -1 0 0 0 0 7 7 4 5 5 6 5 4 7 6 0 0
"df7cd91e768bf953" 29 746 36639 13 357 1109 4018 4019 4020 13 553 41 35 463 3044 36640 36641 15101 13 553 746 36639 13 36642 1109 493 353 1083 36643 4 12663 -1 -1 0 0 0 0 6 7 5 5 4 5 7 3 4 3 0 0
"312ff5a3a7e95e46" 37 1109 1110 58 36644 13 357 36645 36646 13 553 1192 7754 6631 3019 7755 13 106 146 1187 13 553 1713 7539 6897 1923 13 35967 359 1109 13 1071 150 188 12136 10539 6107 4 12664 -1 -1 0 0 0 0 7 7 3 5 5 7 4 5 5 7 0 0
"9b647cb2ae9fdf54" 36 41 26 36647 3186 13 16069 9133 358 171 6380 13 553 41 179 331 13 1109 5399 7548 36648 13 553 345 742 1047 1513 5875 13 87 927 9600 3918 2 1131 6132 4 12665 -1 -1 0 0 0 0 3 3 3 4 4 5 4 6 6 5 0 0
"927ae84c62814d2e" 32 345 1016 7754 1109 36649 13 7129 36650 797 36651 2 3722 13 553 1109 36652 34388 36653 9332 3722 13 553 20 4007 4008 4008 13 2 36654 36655 2864 4 12666 -1 -1 0 0 0 0 9 9 6 8 7 6 7 8 5 6 0 0
"972c353a0b0ef595" 43 24145 36656 13 102 36657 2 7305 13 2245 102 36658 36659 13 553 1713 7539 6897 1923 13 4412 1129 13 553 5140 58 3982 150 146 3983 3984 13 357 1109 102 36660 150 1641 78 113 19960 1016 2316 4 12667 -1 -1 0 0 0 0 5 4 4 3 4 5 5 3 4 6 0 0
"6d86c774b436baad" 39 41 746 36661 1580 24109 18803 6485 6897 13 553 20 4007 36662 13 33675 13 33675 53 13 1109 672 36663 1109 36664 13 553 16069 9133 13 357 596 607 17912 13 36665 1232 4334 305 4 12668 -1 -1 0 0 0 0 3 4 5 5 4 5 3 3 2 4 0 0
"bfadf910da6b9596" 34 1109 36666 36667 36668 24507 13 36669 13817 799 13 553 1109 36652 1192 13 359 36670 36671 13 553 5140 58 3982 150 146 3983 3984 13 106 39 13 106 39 4 12669 -1 -1 0 0 0 0 7 5 4 5 4 4 7 4 5 6 0 0
"e2fd2463de837355" 51 345 520 61 5140 13 87 61 6911 36672 2615 13 553 1713 7539 6897 1923 13 6599 2696 36673 13 553 16069 9133 13 1862 7882 13 925 36674 13 553 95 58 3982 150 146 3983 3984 13 596 457 150 36675 36676 55 36677 431 36655 2864 4 12670 -1 -1 0 0 0 0 5 5 4 6 5 7 5 3 4 6 0 0
"6f395f78b247d0fb" 49 1018 13 1018 13 36678 151 14979 1178 373 26866 36679 170 13 553 4018 4019 4020 13 2 1130 36680 13 553 1192 7754 6631 3019 7755 13 2 345 742 1047 5875 38 61 359 36681 13 553 1109 2243 14893 963 21756 2 636 14724 4 12671 -1 -1 0 0 0 0 5 3 4 4 3 8 5 4 3 3 0 0
"3e73aa128dbd62f9" 45 20 4007 4008 4008 13 297 331 608 36682 13 553 345 742 1047 5875 520 2128 799 2519 36683 13 553 2 1862 87 36684 13 1047 359 2519 13 150 3369 12295 13 553 637 2887 687 2107 36685 13724 13082 36686 4 12672 -1 -1 0 0 0 0 5 5 4 5 4 7 5 4 3 5 0 0
"d0f60449738c08ce" 59 1713 7539 6897 1923 13 36687 5441 435 1033 4970 446 13 553 35 1664 286 1993 13 1109 36652 359 36670 36671 13 553 1192 7754 6631 3019 7755 13 6597 1047 721 3663 36688 457 417 1696 687 87 1817 5141 1534 4412 2734 13 1013 87 21571 305 13 1200 2506 7077 1913 4020 2864 4 12673 -1 -1 0 0 0 0 4 6 5 6 5 6 5 3 3 6 0 0
"c158f28dcb6f77cd" 40 41 179 13 1109 36648 114 36689 2 114 36690 36691 13 553 1192 7754 6631 3019 7755 13 106 146 1187 13 553 20 4007 4008 4008 13 1109 36692 102 27919 8404 13 482 36693 11695 8185 4 12674 -1 -1 0 0 0 0 0 0 0 0 0 0 0 0 0 0 0 0
"37f68531179a7995" 20 345 742 1047 5875 2 4371 36694 13 553 191 95 58 3982 150 146 9221 36695 26074 36696 4 12675 -1 -1 0 0 0 0 6 5 7 4 6 6 5 4 5 2 0 0
"eaa7dbd1e2ed0906" 19 191 4018 4019 4020 13 2936 36697 5021 13 553 1713 7539 36698 13 20 4007 36608 36699 4 12676 -1 -1 0 0 0 0 5 4 7 5 5 6 6 4 5 3 0 0
"8763ac53ffd1f796" 25 20 16953 2303 515 36700 13 95 58 3982 150 146 36701 36702 13 553 345 742 1047 5875 13 1713 7539 6897 1923 4 12677 -1 -1 0 0 0 0 6 6 6 7 6 7 4 3 4 4 0 0
"e0539c9e0e0cf1b2" 22 20 4007 36608 36699 13 87 22617 4007 2852 1016 20434 110 553 41 3688 13 1192 7754 7755 934 3019 4 12678 -1 -1 0 0 0 0 5 6 6 4 6 8 5 3 4 4 0 0
"748ae061337ea123" 17 16069 9133 13 687 412 1378 36703 13 553 95 58 3982 150 146 36704 36705 4 12679 -1 -1 0 0 0 0 5 4 6 4 5 6 3 2 2 3 0 0
"e4b1a548199a0f80" 18 1192 7754 3019 7755 13 150 1357 36706 151 13 553 41 179 13 1376 36707 36708 4 12680 -1 -1 0 0 0 0 4 5 6 3 5 6 4 2 3 4 0 0
"71650aebbb5af9b0" 32 20 4007 36608 36699 13 102 920 305 53 412 18412 13 553 95 58 3982 150 146 36704 36709 27805 13 553 1713 7539 6897 1923 13 36710 1529 6990 4 12681 -1 -1 0 0 0 0 6 7 7 6 6 7 6 4 4 5 0 0
"648e7e590fe0c66d" 19 4018 4019 36711 13 16069 9133 36712 13 553 35 1664 286 1993 13 1069 305 1713 29011 4 12682 -1 -1 0 0 0 0 5 4 6 4 5 6 4 3 4 5 0 0
"cef444f51dc86d63" 34 41 179 13 23 25202 474 1486 2 1665 13 553 1713 7539 6897 1923 13 36713 9659 9322 36714 13 553 35 1664 286 1993 13 742 920 305 2652 950 487 4 12683 -1 -1 0 0 0 0 6 6 7 6 6 7 5 3 3 4 0 0
"1d94ba14dbab5870" 36 1192 7754 6631 3019 7755 13 150 36715 4337 2187 13 553 1713 7539 6897 1923 13 1002 474 7403 61 1321 36716 36717 36718 36719 13 553 95 58 3982 150 146 36704 36720 4 12684 -1 -1 0 0 0 0 6 6 7 5 6 8 5 3 3 4 0 0
"42c6b94b01cc22ef" 33 6293 492 358 405 13 586 1109 1485 351 3764 13 553 2 66 347 2217 2439 13 38 7868 1016 396 13 553 47 4653 13 87 36721 2035 36722 1510 4 12685 -1 -1 0 0 0 0 5 3 6 5 5 5 5 5 4 5 0 0
"e2bdabe35179a258" 22 5272 5272 13 2948 1071 12511 36723 13 553 6302 5297 2785 1109 1545 13 1589 1749 36724 36725 36726 36727 4 12686 -1 -1 0 0 0 0 4 4 6 5 5 6 5 3 4 4 0 0
"717f4880d2a77176" 33 23 566 474 1486 956 3056 13 36728 36729 36730 13 36731 36732 22410 26743 13 722 2750 4 110 553 5283 5284 5285 13 586 35 782 645 1188 20 66 4 12687 -1 -1 0 0 0 0 7 8 5 4 6 2 2 5 6 7 0 0
"3cb70808a56681fe" 26 1829 2183 13 35 36733 35 1341 1511 13 553 13982 47 482 36734 36735 61 36736 13 23820 113 150 36737 796 28775 20749 4 12688 -1 -1 0 0 0 0 4 5 6 3 5 4 4 2 3 4 0 0
"3a6fc2a8c5bdb7ec" 23 150 7273 6463 13 20 7159 36738 1647 36739 553 47 36740 36741 36742 13 34 23 9915 8433 22774 36743 12503 4 12689 -1 -1 0 0 0 0 5 4 5 4 5 6 4 3 3 4 0 0
"6a87274a15671469" 18 36744 66 4488 10328 36745 15576 13 553 357 18825 36746 13 1488 7141 719 36 7353 4 12690 -1 -1 0 0 0 0 7 6 7 6 5 7 4 3 5 4 0 0
"e6e096b9cc0990b9" 21 1868 22620 3302 10670 36747 36748 1023 13 553 61 36749 53 36750 47 36751 36752 13 36753 6599 6600 4 12691 -1 -1 0 0 0 0 8 7 8 6 5 8 6 4 6 5 0 0
"16d4f689b28c5e14" 26 357 449 134 9948 956 4317 3302 13 150 362 3497 13 553 2 352 36754 1697 13 66 347 2217 2439 13 308 36755 4 12692 -1 -1 0 0 0 0 9 8 9 7 6 9 6 3 4 3 0 0
"39c84f7c88789aad" 30 36756 36757 13 34050 36758 14214 13 553 23 1486 24728 13 11815 36759 33875 2 13 553 11369 36760 3025 57 13 2 4715 3313 607 297 36761 4 12693 -1 -1 0 0 0 0 7 7 8 9 6 8 2 9 2 10 0 0
"77667ae27c47c1f6" 30 1559 36762 13 93 36763 191 3195 13 9655 3038 68 13 553 68 1052 174 6302 6050 435 13 553 5283 36764 13 36765 2475 13 1052 5272 4 12694 -1 -1 0 0 0 0 9 8 9 6 5 8 4 4 5 3 0 0
"2f640e5d455fffde" 28 5894 18177 36766 357 150 362 13982 13 553 36767 6892 2316 125 2 2652 150 7273 6463 13 553 1829 2183 13 357 36768 4183 9192 4 12695 -1 -1 0 0 0 0 6 9 6 7 5 7 4 5 4 4 0 0
"defb6b394cc22476" 35 150 6253 3009 5588 13 150 719 36 7353 13 553 47 4346 14162 36769 36770 36771 2 1604 6830 359 36772 13 553 36773 87 3302 36774 2 548 600 93 36775 36776 4 12696 -1 -1 0 0 0 0 8 6 8 5 5 6 3 5 2 3 0 0
"0f6e061fccb4828d" 37 2 36777 596 35469 36778 13 2 6 36779 61 36780 13 553 36781 36782 13 1071 504 548 548 437 36783 36784 93 36785 13 2 36786 499 10861 36787 1885 359 14019 13 68 4 12697 -1 -1 0 0 0 0 8 8 7 6 6 7 5 7 3 4 0 0
"56ff5528363b54f0" 21 1829 87 2183 13 95 2532 13912 13 553 6781 4312 21344 330 36788 13 47 36789 36790 4 68 4 12698 -1 -1 0 0 0 0 6 9 5 7 6 7 4 5 2 4 0 0
"8701f408cc809bc0" 34 5283 36764 13 36791 5974 4410 13 553 163 55 36792 6105 11624 13 4326 36793 36794 13 553 23 566 24728 7329 2859 22794 13 2 347 2217 2439 36795 18789 2316 4 12699 -1 -1 0 0 0 0 8 7 7 8 6 8 4 6 3 7 0 0
"9ded5dfaf8808f8e" 19 304 10774 28197 36796 13 553 33154 353 7769 36797 13 36798 13 36798 13 1890 102 920 4 12700 -1 -1 0 0 0 0 9 7 8 5 6 7 5 5 4 3 0 0
"28f7c8a8d2cc2f1b" 30 36799 191 6547 36800 6717 36801 13 20083 6599 6600 13 553 6990 36802 737 297 36803 36804 13 553 36805 33117 1709 13 4866 61 2738 2785 13982 4 12701 -1 -1 0 0 0 0 7 9 7 8 6 8 3 4 5 6 0 0
"b9827c693fd860a4" 26 150 3445 2 36806 36807 36808 13 553 588 150 36809 28 41 9948 9949 13 553 31115 3141 13 357 22334 13 1552 5124 4 12702 -1 -1 0 0 0 0 7 8 7 6 6 8 4 3 4 7 0 0
"5f0b067d95264f9c" 23 16959 2996 855 13 358 36810 13 553 47 36811 492 1246 13 36812 13 553 36813 9495 13 7129 5776 2151 4 12703 -1 -1 0 0 0 0 8 8 7 6 5 7 3 3 5 4 0 0
"cefacf792dbeaca1" 25 36814 2696 13 297 150 2062 326 13 553 2 347 95 21647 22758 36815 13 553 347 2217 2439 13 357 7066 609 4 12704 -1 -1 0 0 0 0 9 8 8 6 6 8 3 3 4 5 0 0