77
602
1845
2511
2804
3439
4513
4545
4916
4980
5283
6886
9183
9632
10140
10442
11277
11946
9
63
126
128
132
154
380
759
1161
1174
1947
2471
2965
2990
3009
3401
3430
3625
3658
3680
3692
3832
3929
4093
4282
4299
4478
4523
4590
4693
5066
5232
5290
5410
5488
5521
5829
6345
6386
6468
7441
7544
7733
7972
8129
8226
8251
8273
8422
8559
8803
9224
9313
9672
9999
10001
10031
10533
10913
11489
11705
133
150
258
269
525
577
579
633
703
1048
1060
1229
1246
1282
1607
1615
1896
1954
2337
2377
2484
2494
2506
2540
3052
3420
4047
4102
4175
4241
4455
4742
4869
4897
5029
5045
5090
5217
5603
5766
5856
5858
6013
6035
6149
6180
6329
6483
6680
6871
7077
7145
7273
7358
7469
7517
7662
7689
7779
7850
8030
8091
8221
8233
8262
8314
8571
9155
9272
9422
9723
9850
9950
9986
10258
10287
10290
10326
10631
10675
11107
11112
11287
11379
11653
11665
11911
11918
11931
12000
12160