152
181
260
1711
2491
4739
5023
5043
5264
6650
7626
7924
7951
8531
9727
9737
10098
10867
11271
11786
11848
11935
148
624
696
841
1025
1065
1131
1188
1199
1618
1992
2019
2103
2319
2331
2592
2661
2962
3190
3213
3935
4026
4526
4907
4920
4934
5180
5246
5444
5493
5544
5822
6179
6206
6374
6410
6531
6675
6738
6906
6972
7180
7351
7356
7886
8143
8462
8638
8696
9128
9199
9418
9843
9944
10003
10127
10288
10337
10446
10520
10807
11253
11426
11509
11610
11730
11888
472
787
931
1021
1080
1849
1969
2065
2232
2344
2482
2502
2510
2642
2710
2812
2832
3155
3237
3256
3282
3343
3877
3888
4006
4302
4453
4463
4676
4697
4862
4880
5041
5056
5120
5955
6019
6030
6094
6229
6341
6537
6603
6692
6704
6747
6881
6974
7081
7082
7150
7236
7613
7861
7946
8779
8982
9633
9656
9803
9885
10259
10450
10511
10586
10603
10607
11119
11355
11378
11435
11533
11565
11745
11851
11961
12120