488
6926
7362
7525
7651
8139
9730
9959
10242
10251
10427
11291
52
126
158
175
232
530
752
910
1577
1852
2013
2279
2375
3411
3885
4110
4227
4481
4527
4593
4804
4920
4922
4978
4987
5410
5560
5611
5992
6046
6451
6707
6761
6908
7303
8082
8247
8515
9105
9112
9164
9200
9595
9676
9894
10094
10157
10165
10451
10457
11229
11505
11754
11
130
274
337
409
525
541
680
683
898
941
950
1006
1137
1417
1812
1939
2111
2311
2633
2994
3126
3197
3650
4170
4440
4484
4540
4798
4880
4885
5006
5057
5343
5443
5519
6050
6146
6515
6533
6638
6883
7622
7638
7667
7695
7730
7742
7778
8266
8269
8372
8410
8480
8628
8658
8686
8874
8955
9028
9454
9653
9802
9807
9844
9860
9901
9923
10148
10266
10277
10800
10959
10973
11187
11261
11276
11552
11853
11918
11922
11938