"5240754239532bb5" 187009 153453 93418
"452fc1bb7dd30896" 188851 36880
"97914c80c30727bb" 169265 151119
"1a1f6184cd18906d" 126162 16650
"0c04ab58c4bd5c84" 104839 178140 88108
"be55f9099288ba93" 36882 68372
"c9a1e74589d62036" 127282 153893
"5fa74c8db604d234" 90492 36668
"ad27cc0454b75711" 13972 98025
"8526e69ba5343fc3" 35695 105096
"133f210b4b797a40" 3621 81571
"4c92cc277f2e3857" 105081 165352 8914
"91b9d3f18c313741" 36303 23657
"51dcb689914c1b16" 143913 6995
"3b5f165b661cb9b9" 109033 155901 175744
"0baaf725cb91ee16" 103557 52034
"0ae71c2b2938c36b" 70864 154275
"07832b5e69ad7455" 136301 64667 97171
"06e3053d2180702c" 59183 155088
"4dd524655cd5f7ff" 26403 162016
"48c2fd63dfd1c560" 112453 44954 67164
"e0982c2a4e373c38" 3837 14822 89490
"ed5f59ef6e2136da" 61111 33126
"296d27142efdb7e8" 86732 144841
"4784cdaa7902cace" 82461 16974
"aa6950a94376175a" 39714 88067
"e42be28c08c24d72" 67844 4781
"8af28fdca250d63a" 150486 115421
"e5afe8757dcf2782" 157136 31073
"96b4f312a9fa9c52" 216 55556
"a873aa0254468e31" 63509 89482 69346
"d8568e5263d7717f" 136209 45315
"aac6325d5f4aad3d" 4657 67712
"47e6dd28c93723ca" 69346 57101
"8d2c9556f01eadb9" 65192 55523
"9bb48264f15caf55" 103433 92567
"af2d0e52e4ee9e0c" 15257 125576
"c7f3591ee47adac6" 127061 41598
"2ac7f0ea389cf57d" 144877 236
"45c7d02203bc0129" 151227 65192
"2a991bc2c3b69df7" 103032 137757
"a4551f25c345fc6f" 67164 4657
"49f65dcc7056cf97" 38192 61111
"8f9dfd193785532b" 69346 31073 157136
"268a6d6c35d59ca9" 67844 86732 15257
"429985130bcaee62" 92567 144877 55523
"4ce18294c06b4e93" 11671 236
"9e9e753da998bbe4" 14822 16974
"d9de5ec32fd7cb0c" 67712 63509 45315
"f64f27322c213869" 141106 29531 112453
"cf5c930e92b44b65" 89482 31073 236
"122b5f7d9904f241" 29531 127061
"ea0fddaa7902cace" 82461 125576
"034e5ecbf7b384af" 150486 115421 65192
"04692526ed1b57f2" 55556 39714 15257
"c5507044ae5d5527" 33126 61111 141106
"cd03fda8daad4b6a" 44954 137757
"62892776ce9a6d12" 57101 151227 103433
"8ef85a7b7ddfab6e" 31073 16974
"d3453cceafd37001" 89490 14822
"f675fd8179093aa3" 92567 11671
"f2fa491ee47adac6" 127061 4657
"d408f5abdba9e6dd" 157136 11671 144841
"1ad23f25c345fc6f" 67164 125576
"fd4121555485f35e" 216 86732 39714
"86850bc2c3b69df7" 103032 55523
"dc01dd28c93723ca" 69346 33126
"1ec4f81f5c5a3cb7" 137757 151227
"bd1045524749e83e" 55972 93601 32353
"8717b45df892a27a" 188077 111618
"2eebadec3946ed8d" 32343 186186
"b993050d2abb96bd" 751 98379
"e5dc0de719bec992" 105490 108373 86562
"a0eda67eb752c1df" 135436 164865
"32b3967c2f4abf19" 130233 117710 144835
"9658eb29f1a72947" 73560 115255 14333
"16d51d6da3cb7082" 7287 108073
"db04f81273169bc7" 50766 39444 29810
"673318f1cdaa48ca" 131665 21932
"99579ab5f0494d5d" 18448 152239 5789
"64af9e55e757ac4f" 34882 10495
"c642ff7e6cbeb989" 86580 172379
"48e8a4fdf898ac4f" 165163 127014 19050
"40e1430021f6968f" 92651 37608
"48c355fa0a39bcd1" 159456 10886 42125
"517cd5cc2d2ae6f0" 74253 1471
"44d53d14a2dead83" 124274 42125
"51d9be55e757ac4f" 34882 117710
"1667f0e2002f1522" 11505 144835 73560
"94cc862c453df073" 105490 124274
"3d26ffc2a4316855" 115255 14333 86562
"413fa952c72f5f0f" 130233 111618
"593fe69b5576415c" 5789 751
"93aa0c03c5deca74" 32353 21932 165163
"b01fd04fde636e8b" 29810 1471 42125
"b0f87e7dc573ec1b" 73560 127014
"a5df256b3ab024ee" 86580 19050 172379
"e7bbb67221f930ba" 9377 39444 37608
"e629b82a35b8219d" 10495 50766
"d900cb126f7c8239" 144835 186186 32343
"43b00cbf15b0ba4d" 125955 159456
"0ae020e9e6afc180" 98379 74253 92651
"f848867eb752c1df" 135436 10886
"17e8ae7b939cdf2c" 164865 93601 105490
"e6bcb9111530ce7b" 55972 188077
"d5b5094c7f7db753" 18448 92651 108373
"1683057992b22c89" 152239 131665
"0935bdf8f5a032db" 55972 50766 74253
"2815943bb431bc3d" 108073 5789 751
"10abcc1f6c8c1dfe" 32343 21932 42125
"39c4ec4e2b81fccd" 9377 130233
"90fac5b3bcffe605" 111618 152239 98379
"ec0416519e72b960" 2461 115255 108373
"be2ca45c88e1469c" 188077 186186 165163
"63c5694ecd566a43" 140468 100517
"6fbd066527772c42" 58965 16632
"e9f28936e307b3e9" 6991 174077 41493
"793104d9eed2e4fc" 27531 52059
"6d15fce77b856f21" 182997 139759 123917
"c05717c8f05f07a2" 180999 1156
"335b18d984164d91" 92655 65763
"fd5ecc5d73baad85" 17688 23766 185568
"e9443a84e560f3aa" 181811 141274
"685da20f4e3ccf37" 35602 2991
"03bc3b585f69332c" 94552 98891
"d806055ce7d148ca" 123199 120641 61472
"44511d00d01e6b1f" 14221 187502
"6deeb0324ba03507" 50195 177586
"b828ed47d810a130" 21899 120911
"68ae262ba5f24231" 169061 21688
"802acba559a748a2" 128838 83085
"2275e750500b6976" 23628 161257 133656
"2b54ab5d690c5192" 61302 25031
"9eab654eb98cc935" 413 6979
"27447310567ac53a" 187502 92655
"de369a0e69ae9270" 123917 1156 52059
"7a4a31f79f068b1f" 141274 182997 65763
"62024b585f69332c" 94552 120641
"ffcfa19ea139b55f" 2991 139759
"d671326fbe1cac4b" 23766 61302 185568
"bcd3562ba5f24231" 169061 174077
"89ca40ec685f82da" 181811 120911 30689
"cf9d85acf698efb2" 21899 133656 21688
"ea5596e80eb6d1c9" 98891 177586
"0976b3ed32ba440e" 16632 27531
"dec5d0cca08a6bfc" 135603 2991 23766
"278b3d16693bdf3f" 41493 140468
"176e37c8f05f07a2" 180999 161257
"44ef3e58fd9b7d94" 83085 187502
"146b066527772c42" 58965 6979
"9e946ccb4779ee47" 85370 17688 39774
"860aed39896d4393" 25031 61472
"e51c651e24746b87" 100517 413 92655
"d9641fd823146fcd" 14221 123199 23628
"e5e5cba559a748a2" 128838 65763
"2a5ff06d340e562c" 6991 120641 100517
"387e599c8c08ef31" 30689 58965 61472
"65d5ebe04e52d40b" 135603 35602
"43904178cb706f2d" 1156 50195
"dbbeaa62d44ffd83" 120911 83085
"339493b8cc89050e" 21688 187502
"933fb6727d8e46ac" 376 21591 187149
"c2166258a5c71848" 113834 113821
"af92a27b76b9001c" 11663 187149 62561
"a93ac800441648c1" 22728 169089 44796
"565ad44372e341ed" 21591 11663 113834
"ab095ea013fdb095" 143375 16546 185552
"4c06a15297b7141c" 11663 376 44796
"d822048ad8359c19" 16546 7270
"5c23405695057a9f" 169089 143375 185552
"42da363f76281035" 143375 139572
"3772d14fecd4cf63" 157651 11663
"895079636fa6121d" 187149 376 16546
"e901bc41ba42d544" 10822 113821 7270
"831a7c4746864308" 185552 113979
"624a9a420272fe5f" 21591 155278
"b81b9f6049b79577" 22728 113821 169089
"c4fd445b69e66716" 11663 44796 185552
"90a7d0974776b244" 62561 143375 139572
"78be06e0b5a0889e" 10822 169089 73659
"7c95ced2a9833f28" 62561 16546 165563
"b8840760e2f5327f" 187149 113834 115083
"6c34c15297b7141c" 11663 376 168446
"f73274a25c900f79" 44796 143375 69335
"b8e9b36ed4906005" 157651 113979 169016
"a8b194397e880e9c" 7270 139572 6343
"e1ed83c71ef3bdac" 16546 115083 22932
"0f66074f2d415727" 22728 143375 105628
"5cc33f4f0bf6347e" 11663 113834 116979
"82bdf6af07d4e517" 62561 185552 10822
"d0bed21ff2ebfee1" 44796 7270 105018
"31d25378cfbc78ac" 187149 113821 93180
"d2aa00ec510cec87" 21591 16546 165563
"1d60d9f0a0462861" 22728 11663 130301
"56be6f7707df00c3" 44796 139572 105628
"d75f0c152d5cbfd5" 113979 155278 115083
"1c1524200909681d" 376 169089 116979
"1fa3e3cfc2605ffe" 113834 16546 139572
"f7a5aab21b55bee3" 21591 113821 155278
"9bfb07af07d4e517" 62561 185552 69335
"3dfca27b76b9001c" 11663 187149 105018
"7b0d6e7811e37f85" 376 113834 22932
"b5acc40c3ab3f9f3" 34416 14654
"52b08b5f26491bd8" 143834 18214
"297f95bf316b90a1" 148225 181464
"0cf372ab26cdcf40" 155140 3871
"074d5cf50a4a2c9e" 46678 24357
"2c6e7d86c769958e" 65544 20138 102543
"781818747f23700f" 180332 69797 59601
"0e05466eee4416d2" 172157 169593 429
"8c6fe3f1961e188f" 141472 179515
"0692fa47a4159b55" 78580 17279 168272
"aaef950682a2185d" 178254 16839
"68db2761a943f90c" 66 119871
"d973e85564122b15" 133079 62597
"315f5514b8b14f22" 159671 177051
"1681f05d6226705f" 33235 19581
"33a20ea5a1a6eae7" 146613 54357
"bf16487298307331" 182536 121126
"7a63832409c6594c" 116791 153263
"c629f0c646ef4272" 15568 91759
"8c266fca98872be1" 93391 4376
"50c138d68713f81a" 13882 18214
"3a19eb7c9784e297" 66 119871 54357
"d87ba9c3a25af9c6" 14654 102543 33235
"27722716fce137ca" 141472 18214 177051
"6fc21bef5ce0d739" 168272 169593
"cfea23ea16d168b6" 15568 155140 123567
"4c57f044821951ca" 62597 46678
"3bd692b7ea18083c" 54357 146613
"5bf7fa94a708c7c1" 172157 153263
"e356ffcba15e43a0" 66 429 143834
"eb1638747f23700f" 180332 69797 182536
"98c07d86c769958e" 65544 20138 46678
"66c6d6436b527330" 19581 181464 141472
"5ef34b78a2c332d3" 148225 153263 168272
"68b961d2c4f7048b" 121126 123567 155140
"784e59a2ea123a1e" 16839 119871
"4bbddfb1a32683da" 24357 34416 178254
"1e1e259338e750f7" 169593 180332 179515
"c3b51910e80f2116" 177051 119871 429
"4bdeae07127feeac" 20138 24357
"e29029e150b48459" 82661 178254 66
"e0a0eb0c7af9aac5" 23851 59601 62597
"696c92c9f064b49b" 17279 18214 65544
"c797bcf1aefb1971" 155140 143834 19581
"33831d000247ba09" 3871 102543 34416
"3dda039f07e6b1f0" 13882 93391 172157
"f7815e6162edc9f1" 116791 182536 17279
"a004324fb4452eda" 873 150408 27016
"af5f2adc5d8d67aa" 111053 873 150727
"22b7792d10297c79" 150408 111053
"2110f590376c6777" 785 27016
"9d083ff526f250d4" 150727 111053 150408
"eb2d0b007fcd4c0c" 27016 873
"ebcc592d10297c79" 150408 873
"5df831d5359f2c55" 27016 150727 873
"a8b800e842797a65" 873 27016
"3b0806f2a441bf64" 785 111053 150408
"e97e651d78d2fc20" 111053 27016
"315200e842797a65" 873 785
"ddac851d78d2fc20" 111053 150727
"dda13b007fcd4c0c" 27016 150408
"a0b8c9c1ff89dd0a" 150727 873 111053
"7218651d78d2fc20" 111053 785
"fc3d10e842797a65" 873 111053
"1a98b4f81dedafa0" 150727 27016 785
"213e0690376c6777" 785 150408
"66cc592d10297c79" 150408 785
"108fc0bd550a9b71" 27016 111053 150727
"154e0690376c6777" 785 150727
"fe3563213b3d69be" 111053 150408 873
"22182b007fcd4c0c" 27016 111053
"5d1c63db39cac023" 150408 150727 873
"5111163558688d04" 150727 111053
"63015131149316c8" 27016 785 150408
"b40ed2b36935304f" 150408 111053 785
"bdea0a518f7e35bf" 126162 169265 188851
"43fe53dde09296b6" 3621 36882 68372
"c65b1d5c99a8f9cc" 187009 127282
"f04bfb2b2938c36b" 70864 36882
"fb21e689914c1b16" 143913 155901
"f9ac7aca013854f7" 178140 6995 81571
"8d25b914c175258b" 104839 155088
"7ff907ba06660031" 153893 23657
"5b6c9a0790f56884" 165352 175744
"71e8d43342d3782c" 36880 59183 64667
"e239121a54951367" 88108 103557
"169f14655cd5f7ff" 26403 136301
"ec6283c3151a96bd" 105096 105081
"513c6a680b49b29d" 98025 97171
"33fbbc0454b75711" 13972 52034
"b8e04c8db604d234" 90492 8914
"1f1c0248bcf57d61" 109033 35695
"32a42cca7355a68a" 151119 153453 93418
"c198001bfb9e1ddb" 36668 154275
"f4ea812a91de5a6f" 16650 162016
"a2c74c93866b95c0" 68372 36303 93418
"bfde1f33334ba778" 64667 70864 36303
"16dfbeed76fb4da0" 17007 105096 109033
"c33ebc2345739bce" 153893 143913 169265
"647784bfc194d1a6" 162016 105081
"4c89644616022fcf" 36668 88108 26403
"497066380068c0f9" 170020 6995
"0bb48cefac1cc98c" 25691 120741 188851
"8ea23ea411f4ed16" 81571 154275 155901
"eaf3da0a3da615ed" 187009 36882 126162
"a5599bdc9457cdb6" 175744 153453
"ca6521016ccc7250" 36880 3621 127282
"a92ff5336a7e577b" 104839 151119 35695
"4bc0e5229488324b" 52034 136301
"a04ebe0848293abf" 90492 23657 155088
"1691c27419f605f2" 98025 25691 165352
"952fadd1cf08e084" 59183 13972 103557
"142638aa7a17f29b" 8914 36303 97171
"e3abdd884a73ff51" 68372 105081 178140
"a6420c25a7b54404" 93418 64667
"6834f871d7e19285" 155901 109033 26403
"648c21c710b0099e" 169265 170020 155088
"f013ea491c227c70" 3621 126162 59183
"d8fdfc5c99a8f9cc" 187009 6995
"967973c3151a96bd" 105096 68372
"f3d5e90fa3dbb2a3" 36880 36882 90492