"6126c6e0a6540603" 35692 3636 175197
"d09651ce8f5a68f5" 45972 187420
"d2288cb95777bfc7" 180146 115708 167446
"c5c99db959389124" 105476 50619
"2b7ddca5b472bdf9" 175191 137754
"130bfe525f3f3d8a" 47098 139801 110553
"1a125bd028199477" 84237 64684 10247
"03e98f06c48f638a" 62999 84237 122063
"28d33f5c55bee7e2" 83972 97726 56047
"57c1bb6a2ebf3837" 107456 54541 7171
"b7b6160dbc10e572" 58846 109343 70353
"f8b8f89e844b4e67" 46560 150865 28553
"aed99cc6ccfdf3bf" 107456 157531 69634
"1b179dcf96ec3be6" 132416 105476
"aa8dab8e4c9b9757" 172741 50619 84245
"7da3a000142e14ad" 29187 151683
"2c4898d57a6dc06a" 179668 183684 6481
"80e5515ea2f260a9" 121669 75227 6227
"30120f1665d93f58" 122063 75227 3636
"86ba140f92471f3e" 45972 28553 161462
"d44cced49f6f2cab" 180146 56047 109343
"72b9a9a57cb766de" 167446 187420 35692
"ae3ff213f0cf961b" 50619 70353 150865
"1924acd33506da52" 137754 107456 58846
"94b6da7d241a6b8f" 64684 7171 54541
"7663d7bd5f8dea89" 36782 3636 187420
"50e4e92a0f8de31d" 47098 75227 6227
"5d48b27c1ea52149" 97726 122063 157531
"0507b7f4c420f505" 122755 139801 10247
"6a862571663ec1d7" 69634 58846 172741
"43a58c861f759958" 175197 151683 109343
"5285871b36e72f6f" 115708 84237 62999
"5c77fd827ff63dfb" 175191 83972 110553
"4c4ba3efec95b56d" 161462 137754 29187
"66fae7760c7fb7a7" 122755 6481 121669
"9e77916a029851de" 165324 83972 132416
"610e8949931d31de" 84245 56047 54541
"14aa999bbece28ed" 36782 64684 58846
"3ef8b52ce0b897c7" 105476 10247 157531
"6789021e56f82c43" 62999 132416 97726
"75ce4a91d7546780" 70353 179668 150865
"c7fcedc4d0165f61" 167446 175191 69634
"5fadab70db532921" 161462 7171 109343
"368b2242704d6f84" 150865 121669 46560
"ed3c3c7b0f494ba6" 139801 110553 122063
"95d367ee67569699" 3636 35692 107456
"69cddb18ff0f1582" 54541 151683 6481
"cc2439438af3cab2" 157049 18910 175068
"c0801717f24bd040" 15311 29532
"68dc3cd663375ef7" 3743 45126
"ac41298019d3f2ad" 26547 99049 110145
"fdaae9c7aa8fa77a" 18910 175068 29532
"a806a15737d6982b" 26547 45126
"3afac94f4acdd1bc" 18910 3743 157049
"ad8b8c5fb3f824c5" 175068 110145
"3750d058b70876e9" 6673 99049
"1ac704a73b8ec911" 157049 15311
"2ac7b1f8cb701a9b" 29532 26547 45126
"e1763cd663375ef7" 3743 18910
"9c03be55a176af06" 110145 15311
"58d9dfa335b8b18b" 157049 99049 45126
"b776ba63a29f3b0f" 175068 26547 3743
"44f326dc2af7ea7b" 18910 6673
"1bb80363d179c037" 15311 157049 29532
"3cb969b2d1cfcb9d" 26547 45126 110145
"c19c5cd663375ef7" 3743 175068
"8e7474f772df98cd" 29532 15311
"8255a38302d86343" 6673 157049 110145
"11e74fe895b09d5f" 175068 18910 45126
"03b8682a975e6f51" 26547 3743 99049
"045abe55a176af06" 110145 45126
"e24b04a73b8ec911" 157049 29532
"533eec3dd4bcd144" 99049 26547
"babd748fd9d164f4" 18910 15311 6673
"5aa7a5ecd472bc9a" 45126 157049 110145
"8ba174f772df98cd" 29532 3743
"39b2536a2762f1a9" 26547 15311 175068
"93510d1458474ba3" 99049 45126 6673
"86647c5fb3f824c5" 175068 15311
"95202f4db3333e3f" 157049 3743 29532
"55ac915737d6982b" 26547 6673
"527f06629a97cc1a" 110145 99049 18910
"a0e124d3491a32ff" 6673 29532 175068
"975d26dc2af7ea7b" 18910 45126
"8533d2d2f4ea566a" 3743 157049 26547
"64cf7e0a5c153085" 99049 110145 3743
"892350e09be390f8" 31277 44962
"84c498a015bb63d2" 53118 180392 38089
"8d78d6c37816b0d2" 139318 31277
"5a83875ca1fba89e" 44962 53118
"0310a39486abb0cf" 180392 121498 31277
"609c8b75bb3c8f2b" 121498 44962 12505
"550250e09be390f8" 31277 40287
"6b25753a74a2db11" 38089 139318 53118
"16c16e9da7cab8b3" 40287 180392 12505
"472ad6c37816b0d2" 139318 38089
"22eb4fdcf21eb4b1" 180392 31277
"72fc4a6cd83ca78a" 12505 139318 40287
"de07c07a910f9541" 53118 121498
"5ea9188eb85077bd" 31277 12505 44962
"e7c527f144079881" 40287 53118
"e1be49c0aac88e6a" 121498 38089 139318
"b7c2f6e9b1a8a79a" 44962 40287 31277
"48e3d6c37816b0d2" 139318 12505
"e49b26c2bd78c3ec" 38089 44962 121498
"37315fdcf21eb4b1" 180392 53118
"63da37f144079881" 40287 139318
"d92263060d5e9b4e" 121498 180392 44962
"472550e09be390f8" 31277 53118
"9c6ed75ee5510728" 44962 12505 38089
"dd1440978ab36fe3" 53118 139318 180392
"548ee6c37816b0d2" 139318 121498
"2e59ee479770bb37" 38089 31277 40287
"e79dcdc522fad5c1" 12505 121498 44962
"c1b2b07a910f9541" 53118 38089
"b996e6ebb8b63071" 31277 139318 40287
"3c3a27272d6ceb11" 40287 12505 53118
"cef75a2db1d4ee0a" 121498 31277
"d598975ca1fba89e" 44962 139318
"88fc1b08f9a69624" 139318 44962 40287
"a11da9a4ad814f0a" 53118 31277 121498
"eb8d4fdcf21eb4b1" 180392 38089
"a7da0bf41212af46" 12505 44962 139318
"85925f4c267572a6" 155290 28569
"1e25d0740c70cc36" 135816 175756
"419c8f01b44b63f2" 28569 146594
"fc5be4510d91e53d" 78778 119269 183131
"cf496f01b44b63f2" 28569 2186
"ae7d3ef733c94df7" 155290 175756 183131
"be2c89769a6754b7" 78778 175756
"e33c24ef32194a06" 135816 155290 183131
"7b4313d387d44a05" 28569 119269 175756
"1bad0bfe69b62ff9" 146594 2186
"cfb5ab32b79cf591" 135816 119269 2186
"f6791dfe871e2aa1" 78778 155290 2186
"829d6b7112519e79" 28569 155290 175756
"b80d79661194ed38" 119269 146594 183131
"5d81cf82855af669" 135816 146594 2186
"101589769a6754b7" 78778 146594
"fa334b4cfffd992d" 155290 119269 183131
"cbd1ac99e75cd819" 28569 135816 2186
"c15f28c18692904b" 119269 175756 2186
"7300aeedea58a96c" 135816 175756 2186
"790585ab7643709a" 28569 78778 183131
"9b3d5f9ccdbb9af4" 155290 146594 175756
"23f3d3b7e6421a67" 146594 175756 183131
"62334b7112519e79" 28569 155290 2186
"7debef82855af669" 135816 146594 175756
"6d44ae176d197441" 78778 135816 183131
"89cbec59c228c869" 146594 2186 183131
"0e614b4cfffd992d" 155290 119269 175756
"abd059661194ed38" 119269 146594 2186
"e8b4072455924bdc" 28569 146594 2186
"17d34dfe871e2aa1" 78778 155290 175756
"dce1db32b79cf591" 135816 119269 183131
"cb3b79661194ed38" 119269 146594 175756
"8c3385ab7643709a" 28569 78778 175756
"803cceedea58a96c" 135816 175756 183131
"0099e4510d91e53d" 78778 119269 175756
"055557a91f9ffbf9" 155290 2186 183131
"7f8fd1dc25406ec5" 13598 102788
"e9da558f67b6bd9d" 164311 42344 13598
"b8e3729ce0424d5f" 26624 13598
"8d971fa4b5e3b0ed" 78820 102788 164311
"61da2170d35f9b91" 136397 26624
"9ed663d84d9bcfa7" 42344 164311 136397
"b553e345c2aa3bb0" 102788 13598 42344
"5e908f60403ad8f8" 164311 136397
"759e8233d5878a4d" 26624 21842 78820
"23f02e01450aeaad" 136397 78820 26624
"66796ff8003f2274" 164311 21842 102788
"dc2faec443e3ab0c" 13598 26624 20278
"8ff2f41b834bd598" 102788 164311
"49be2fb043ba8873" 21842 136397 26624
"a658451d6e8b42a7" 136397 42344 102788
"10da04bd6e5682a5" 78820 26624
"cccb33e861b9788c" 102788 136397 20278
"7e82120eddb17f77" 21842 78820 42344
"3d6c1bb997e7e99f" 42344 13598
"e28e818260f441dd" 136397 20278 21842
"f1a704bd6e5682a5" 78820 13598
"5bc727abcdba3b51" 102788 21842 13598
"04c7e1dc25406ec5" 13598 136397
"2ed65ff8003f2274" 164311 21842 26624
"18790153e5ec3445" 13598 102788 20278
"98a308167bc77954" 42344 78820 102788
"de6c4170d35f9b91" 136397 164311
"557d84058e9c1a4a" 102788 26624 42344
"35a904bd6e5682a5" 78820 21842
"b153cec443e3ab0c" 13598 26624 102788
"c6ef05d8d0c09250" 42344 136397 21842
"44b8929ce0424d5f" 26624 164311
"5d9ddf1d94ab4ba7" 21842 13598 78820
"803831ce8f5a68f5" 45972 62999
"98fc84e30816306a" 175197 180146 6481
"b9f06e9d985e4db7" 187420 137754 183684
"956844be3b8c24e0" 35692 175191 139801
"073badb959389124" 105476 122063
"8e9b3c2884326374" 50619 7171 121669
"b771e5e4cf31813e" 47098 56047 172741
"7a10d84d9e65f1a2" 64684 6227 157531
"61f1b9c6697950c1" 83972 54541 107456
"4629e581e3b5137d" 97726 70353
"01df3c22d04c2be9" 110553 151683 109343
"e42834b65c508a85" 75227 69634
"08dc2cb907bea89a" 28553 58846
"17728669290aeaa7" 179668 132416
"98bf2ec8d867eada" 150865 29187 46560
"02322fb18bda8be1" 167446 84245
"81733fd7104a8f1c" 3636 10247
"b1f12bc70573822e" 84237 172741
"356acd46d41c9bc2" 115708 137754
"c44b51434d0e936f" 36782 28553
"5835a479abf3a857" 121669 175191
"dbe6a774ea80b3c7" 83972 187420
"4fef21ce8f5a68f5" 45972 29187
"a6b805c3122bb32a" 175197 6227 172741
"69b9d581e3b5137d" 97726 7171
"b2ad6669290aeaa7" 179668 47098
"822e30183ce8c1a8" 183684 10247
"cb08de30111ba149" 180146 172741
"9163c47bdbb1ef42" 84245 157531
"c06144b65c508a85" 75227 107456
"25eacd46d41c9bc2" 115708 139801
"4bf8d9a66a026766" 122755 46560
"990770b10f449da8" 161462 97726 183684
"1ebdadb959389124" 105476 132416
"cdce1fb18bda8be1" 167446 70353
"aeeb4fd7104a8f1c" 3636 110553
"8a49b6e2287a0b37" 151683 179668
"4612d432ebaccbf9" 187420 50619 46560
"2c3250fbe7708b4c" 54541 35692
"0e7631ce8f5a68f5" 45972 56047
"808570fbe7708b4c" 54541 180146
"c5723fb18bda8be1" 167446 150865
"cf42901e09e31c5d" 161462 70353
"82f58479abf3a857" 121669 47098
"9a589d40997a19a4" 62999 6481
"6717310f5f6ccfa6" 64684 122063 58846
"6f441717f24bd040" 15311 45126
"34416156859a1339" 16646 110145 9463
"54f8349d2d906aa6" 38942 146535 26547
"8fac9c5fb3f824c5" 175068 180319
"6d7e27434d2001d4" 63269 87083 32049
"b4e2261ad66cd3f0" 135399 26437 125634
"5debabc21ae9353b" 73790 24258
"e7298a85e20bcd86" 26547 81914 156632
"b569579db03d28be" 92365 6378 187483
"6e3424cf5a46e30c" 90890 54391
"3ed7fc3dd4bcd144" 99049 66145
"79da78ebb77210b1" 165201 92365
"f4af1c1ca5921b6a" 109738 185382 125406
"d438fbb74fa60e11" 34852 2455 45397
"6a2925d4f284cb90" 75169 125634 110778
"103b14a73b8ec911" 157049 94767
"d3e64be7ff4844a9" 63269 173231
"2bf4401c1b2fad5a" 98894 139328 87083
"c2d2f4589f3d5520" 185824 66492 9463
"a9349a6263c8f7d0" 29532 94767 161778
"acf82648981ad25f" 98894 135399
"feb08607d6a464aa" 73790 98894 125634
"5c64640a95347785" 121498 31277 38089
"c666086678bfe71f" 12505 14778
"d27027f144079881" 40287 31277
"e6945d70afae28b7" 162175 150620 44962
"bcaf090c9335cdc4" 9490 57076
"619f30bec8b37d92" 180392 178912 49413
"8cacaa0eb3c3fa67" 28569 44238 135816
"1b03ed7cf2c816d2" 16511 86801
"11e5454d1a421bf2" 63984 135028
"7af375c6e6dd87fc" 51118 74468
"1619ec9639062ecf" 121938 120650
"45541db8b8627e61" 33308 149883
"8da106c7eb6df1da" 93048 153171
"3604ad9c94acba10" 82441 178912 38089
"8dd3093d207486f3" 29007 3689 123859
"5b552d9a85854312" 107234 82510
"4df4e832b22b025b" 11 154904
"1d45531672a799f5" 59447 185561
"4928ff2b2335733b" 105750 75145
"e27fd9e43bf6a84c" 65065 32041 16511
"a3c54942d3a7a459" 71299 184961 75177
"b351592d560a79b2" 75145 28569
"526bbe56a845c364" 120650 135816 121498
"5e66dc9639062ecf" 121938 44238
"5d45332255da1cc3" 3689 123859
"c6c6c9d436bfd01f" 53118 14778 71299
"28e1b0740c70cc36" 135816 31277
"d4cc42adc94290ed" 180392 150620 63984
"2c78491a97c61319" 38089 135028 74468
"e040190c9335cdc4" 9490 59447
"01c9efcba123fe63" 75177 44238
"f776b18de1607f97" 178912 44962 33308
"697dac560070b5ee" 49413 153171 82441
"89897d66b5d703fa" 40287 86801 149883
"033b89733428ef50" 139318 93048 75177
"2cad30d166842bcf" 184961 123859 185561
"43b5ff2b2335733b" 105750 65065
"93d4dd7cf2c816d2" 16511 28569
"6bf179a6875f3dd7" 32041 57076
"c646ec1b4b73a064" 82510 75145
"34a986dcf71804ec" 71299 63984 29007
"95916ddb38db504c" 139318 49413 3689
"c627d6bb63d65af4" 178912 57076 40287
"5d2021e0d349975f" 162175 121938 11
"0d71f8ec33025589" 150620 16511 154904