"4f1c6d0c757cb1a8" 138381 14071 143947
"9298143eb0c80062" 20842 23227 84263
"be5800cfecc8b687" 175960 169734
"ee01146796702039" 94148 2445
"1fcd0bedd5941b2c" 10477 84539
"d895d5539f411217" 16657 7171
"d0b8d50ce646df27" 162337 106463 115944
"7f4ac5fac15cd5de" 185228 51822
"c1d2ebde3e661af0" 183677 97046
"9feab79ce1401b5b" 138101 186715
"7917708534cb1e39" 99016 50949 158021
"acb838ae0d57349b" 181340 19364 36081
"730dad40997a19a4" 62999 91103
"6446c8eaa45cf5eb" 124267 45994
"5e53faad2acbd4d1" 37125 45331 33944
"81796259af9ca540" 185338 53113
"a8e1ee7bccf9ddd6" 118302 43775 7488
"a7e6d32ab7e8591f" 49544 141093
"70f270accdc0a40d" 45738 17004 49544
"bcbd6373377c5477" 7488 118302
"c221b7e29741d932" 137892 124267
"220f92c31346230a" 16657 91103 2445
"ea083cb711da86d8" 143947 49544 185338
"fa5e4150b0c4aee5" 7171 186715
"bfbe4a0b5573a230" 115944 84263 62543
"e6a88f9b9b97ee7b" 106463 15598
"6a822124b0d7b607" 99016 16657
"5807de662bbbc2a5" 141093 14071
"8850432090d5518f" 36081 169734 175960
"9f9061845d96c2ae" 19364 162337 43775
"6d3be3d20a2a3282" 138381 53113 45331
"eecbee26dc366908" 45738 186715 185228
"3342f7aca82d02ac" 158021 50949
"ee01634d51fd75ca" 43775 44989 138101
"7d1b47a0d6671525" 51822 118302 20842
"b3d78cf5e3f4af77" 97046 181340 7488
"1b66ebe37769358d" 33944 185228
"00ae3430bf8ae140" 17004 62999
"e0547e3dd3c9a987" 37125 183677 91103
"58c9a7e29741d932" 137892 94148
"7fb40f471602cc95" 23227 143947
"c151033c3a72d365" 7488 84263 175960
"69471f0eb66a23d3" 84539 20842
"46c448d16ca4e672" 14071 118302 169734
"4a8c378974629295" 45331 106463 44989
"b22fa79ce1401b5b" 138101 138381
"1cdf6c474780d56c" 162337 181340 7171
"fcea6d0996c321ae" 43867 42174 64333
"c858032967d024e3" 7282 82389
"b96f27e561d316b3" 96045 23205
"78cda15c100f0d02" 160195 55915 17236
"0ef35507a9c48bc6" 159044 63743
"624e0aec4d20343e" 7099 8394 18856
"b12e70691e8a0a4c" 187483 35663
"40ecc3ef9a561320" 178198 144295 98682
"97c2019d1b3083ea" 35992 143700
"d1c93843d1313404" 120345 15147
"08548d18035a2c79" 49426 81321
"2b20e023d2c98559" 46299 60912 119206
"487d716f0fd358ae" 151138 11933
"117a4864498d1594" 185668 71728
"c3f8877535233f37" 185382 131681
"d049b1ee66e68460" 19113 97454 53213
"4add59f0cb5ade0b" 165804 135667 174904
"3f422c3b3903fb25" 165712 116745 38053
"61008260dabef54e" 46990 43867 71728
"cec817b8a4c3f80b" 34643 63761 7099
"b8f9029d8b98454f" 12215 159044 63743
"89db059875bef1cc" 135667 144295 81321
"fb2fc64cc74c1220" 174904 98682
"8ffc645e2a343754" 151138 11933 185668
"78c5386d6bfc6534" 7099 71728 187483
"c47df07f57f9545f" 34643 42174 49426
"9e161ef4cb409c6f" 97454 185382
"abeccd77e9b16cdc" 185500 131681
"ca151e0feb134635" 64333 178198
"67a04a0dbe26f9b8" 144295 35663 15147
"e7035f0532dc8486" 35992 143700 120345
"3b38b92fd1408b0b" 38053 23205
"ff55f313c1b8744c" 116745 53213
"40c03599878152e5" 63761 7282 174904
"0823d709bf000489" 160195 82389 55915
"57be1b930da75eca" 40841 103379
"d621c2ddfa34f486" 136851 21881 136372
"b248b27ef3f6d5aa" 79642 21881 103379
"2c291b9bfaa9a9f0" 70913 79368
"27aa71d5226c6a1e" 144748 40841
"ed998c67ca3d9de0" 11244 104555 79642
"6770711c1a70e642" 147670 33534 37121
"0ee57f836b334625" 136372 79642 150385
"aee83b917474f033" 104555 40841 71369
"d4cce03bcbcd4afb" 177220 104555 150385
"7cae7c9d3e613993" 70913 70925 11244
"c357c13e8df933e3" 103379 79642 147670
"82416b539398af7b" 136851 79368 144748
"57128e0230cab2f3" 33534 40841 71369
"d6bfcf34384818df" 136372 159371 37121
"44375c93afee25db" 147670 21881
"9e7d0f9820693079" 177220 79368
"7c171b9bfaa9a9f0" 70913 70925
"ac643b02eb4d18da" 79642 159371
"5e6c59afd3ff6d21" 103379 37121
"d7f20ffa76b8dd88" 136372 11244
"0eb3531a6f929a37" 104555 177220
"47201a2402b13093" 159371 144748 11244
"b9c4ad689b847b0a" 150385 37121 144748
"956f97beceb40e2c" 71369 147670 37121
"a98eefba6a98aecf" 33534 136851 11244
"39834b27d7f6731e" 79368 71369 70925
"8c4727738b6070d3" 147670 70913 144748
"a681d6372ba8a6d7" 103379 21881 150385
"5b2ac6ddd728c2e5" 71369 159371 11244
"e12f432aaf4f5eb3" 136372 177220 70925
"3f24e4f33331140d" 40841 37121 11244
"86477b051969c371" 21881 79368 147670
"2c54969435e4951f" 150385 177220 144748
"f7a73378e83265bf" 103379 136851 136372
"64293b9962764c59" 104555 70913 70925
"451653cf9a62fdea" 79642 71369 11244
"8bb1802421420812" 40841 150385 37121
"177f8279a9cb32b1" 33534 136372 147670
"3d65a10caa548a45" 79642 177220 144748
"cc8ce58d60e1c984" 79368 159371 11244
"065d9579a31f8f31" 164467 2433 162399
"13870a9ccb987537" 80945 29191
"6bbc4b82ea5d1405" 164467 55306 46976
"92274521bdc1125f" 55129 78071
"c66d07a12ed06ee9" 175408 175117 55306
"684719c447bbea82" 78071 103118
"3e5ed05f654437de" 40504 155038
"8f31965a999102d9" 186559 125720
"365f431360e60f2e" 164559 13164 151031
"806f723ab8cbe922" 112497 155038
"0f5d843e9860d11d" 69879 169016
"8a0b598d7c9bdfd6" 71721 184550
"e23a705f4ca01017" 25053 102472
"0e533e05a016dd92" 162399 12256
"9cb2ba262d2c45ec" 103118 46694
"c246e813856949f3" 2433 97522
"092fb1926843b957" 123362 125993
"6abd4e05a016dd92" 162399 120230
"cadfbff9be0b8e10" 95770 143981
"7620088e008f4766" 78071 151031 136388
"5490b8e3201b1005" 80945 163223 40504
"8dabe3b7ed17b936" 55306 71721 83232
"731a88cde28e94e2" 43576 97522
"c616ecfddafe9153" 167464 151031
"facedf3abe4ad0b0" 70583 12525 3662
"569688cde28e94e2" 43576 83232
"40db29bde28875fa" 46976 143981 97522
"c0fffb8447a013bd" 169016 96455
"8d44f813856949f3" 2433 155038
"1bff65d9774dcabf" 29191 125993
"483f7bdf55988d6a" 164467 46976
"713f1aabe24bbd36" 164436 46694
"4ad3965a999102d9" 186559 136388
"463b82f8e9711bee" 70583 72190 184550
"c0d988cde28e94e2" 43576 96455
"e730cf4ecf84ced0" 163223 120230
"abb651ddba8149a9" 12525 46694 3662
"2a2dbec02494f09d" 129985 167464
"c04c843e9860d11d" 69879 164436
"8e3c4726308d38af" 175117 164559 96455
"af37598d7c9bdfd6" 71721 169016
"6ea48462965f0522" 8106 122711
"cab38603e5bf4c47" 175408 164559
"58798426945ff59e" 125720 12256
"7f67b048856af626" 55129 13164 112497
"eb5eb1926843b957" 123362 122711
"aa6eaab892587fb1" 414 64695
"94b53b51c67d8cbc" 43044 130192 154220
"0cb9ff084d0c0d8d" 106834 30416 168773
"e54d67d587c8a166" 1526 142323
"dcfa8c56e8604951" 113665 167976 23763
"1c253be550f9bc8c" 64694 119597 29001
"6e4830f4581d0549" 65735 414
"645e6ee21effcff0" 90794 1526 168773
"60ac2495ccfbd6ad" 130192 29001
"864ad57119ee6467" 23763 43044 154368
"24aab64c1239780d" 39497 91872
"1a14812bbee46e8b" 45460 40116 154368
"b5587eb8c40b5ab1" 185494 30416
"22b570f7a9bd74da" 64694 73362 39497
"9614fca55ad7de34" 40116 21976
"34ca18912c6133f0" 73362 119597 76431
"e22c10f37c11c133" 39256 29001
"9e4cd7d97f7e7f7d" 17060 167976
"fbf581106dff47f5" 109915 142323
"432c012267cc4a4a" 59147 40116 81540
"6b5c1bc8d0058b8a" 154368 39497 248
"cb884d6615f37eef" 154220 23763
"73215fa46211e648" 61650 142752
"7806e27dfafce5b1" 89522 130192
"997ee171215ad3c1" 39497 65544 64695
"fd01258755e5f7da" 29151 39263
"f54321b62cc47876" 161625 119597
"15a3eec47eed5537" 113665 29001 173674
"1d1ecab708a58e93" 139580 117080
"1ceb02c2b3e6bf5d" 106007 177042 39263
"6357c09e37298016" 65735 414 65544
"d1e5b5e347316efc" 96459 95233 81540
"853eb7d6dc160abb" 73362 113665
"fed4e36b332ef9b5" 139580 43044 64694
"88de15bc7f8e6c7d" 23763 17060
"cc9ec64c1239780d" 39497 173674
"4530bd7bc381cbb4" 81540 90794 168773
"382032b7dde0886b" 248 106834 117080
"300996ea3148a344" 39497 113665 139580
"8f69641d662cd69a" 106007 89522 1526
"c73e5117bcd46cd3" 177042 130192 95233
"849e72d48352427d" 119597 106834
"1c0c72d48352427d" 119597 96459
"208d01b62cc47876" 161625 30416
"345c2cbe98c5a770" 1526 95233 65735
"45d8082ff18347ef" 61650 167976 14817
"bcacede933464e0d" 29395 170995 53280
"5984e267bd484cee" 62582 58282
"a146af88b3458da5" 33420 28505 53280
"5b59c9cf0641a066" 142887 44173
"525962c31e097881" 28505 170995
"35413c0bb6afd37e" 62582 29395 148525
"bf47bde7d3255af0" 170995 142887 33420
"cb3ab2be4896daa9" 58282 148525
"8ade42c31e097881" 28505 62582
"ac8ce0bdf4799f4a" 142887 44173 28505
"c791240c484a99eb" 33420 170995
"c3e283dc169cdb53" 148525 170995 142887
"7be70c98db145cdd" 53280 58282
"8711e267bd484cee" 62582 44173
"f6375bfe03b1e1bf" 28505 142887 58282
"61513f0141cae54e" 148525 53280
"65ce307e83d572a8" 29395 44173 28505
"4bb6c9cf0641a066" 142887 33420
"00732c98db145cdd" 53280 170995
"9b2b24ed45071cf2" 28505 58282 44173
"0725ba6839a83e3f" 62582 170995 58282
"d1374f0141cae54e" 148525 142887
"e5092fe51b53cf29" 53280 33420 28505
"3e6bb60c73821fab" 29395 58282 148525
"95c9e68f7b2cf589" 170995 62582 142887
"259c42c31e097881" 28505 53280
"3f40c551762c00fe" 148525 44173 33420
"5045a2be4896daa9" 58282 62582
"10afa03578a3bd81" 142887 53280 28505
"30ea5c1168e93e96" 44173 148525
"657ca8043b8db46e" 33420 29395 58282
"8a19cc640d628012" 62582 53280 28505
"b0776b3f8551bf3a" 29395 142887
"c02d2f6b920f061b" 44173 58282 33420
"d8039629586ad587" 53280 29395 148525
"217d87f35ad7ad92" 142887 62582 33420
"1149e99c085a0a0b" 170995 44173
"b9076e96bd6e7527" 45738 97046 185338
"00ccb2c31346230a" 16657 91103 124267
"e9c939ccd0f3fe8d" 138381 99016
"ffb9c9f7231bac0d" 62543 62999 19364
"e0b15430bf8ae140" 17004 141093
"3eb60010b0e922af" 33944 36081 158021
"57a1d6fa05dc9d9c" 10477 186715 175960
"436b3a5a3e39f50e" 115944 43775
"903441daed3189ed" 14071 181340 37125
"b097dbde3e661af0" 183677 50949
"7baeb71d9eecebdf" 143947 23227
"c8062239f992cb63" 118302 138101 94148
"732d88188684e66f" 162337 84263 20842
"5ca74175091cbed9" 53113 106463 49544
"34b989628cb9195b" 185228 169734 7488
"82fe4e934e6c633e" 45994 45331 51822
"46a15790cfc65d3a" 2445 46990
"47783124b0d7b607" 99016 106463
"f4a97a2d848765f9" 138381 15598 186715
"3a88905bd2eddf8b" 45738 43775 10477
"0deb98348bd9bdd1" 14071 62999 2445
"0112a7e29741d932" 137892 62543
"c5c95165e14b874d" 97046 37125 185228
"62132c0f1552f8b8" 183677 91103 158021
"89561f0eb66a23d3" 84539 17004
"f2f33df65f049827" 124267 84263 49544
"97e9d66e55279908" 16657 118302 36081
"bc3a08d72fa22f56" 138101 185338 45331
"3a9a5d0ede1391fa" 44989 143947 169734
"c41c6300e509eab6" 115944 162337 51822
"6929b626551449a2" 53113 94148
"30b4dacaefd2592d" 175960 20842 7488
"f27a7ce0418580e9" 181340 185228 46990
"f72a2df0cdea7559" 50949 23227 45994
"b6d981b89d2e8980" 19364 45994
"ce63ee471602cc95" 23227 7488
"b2a2ebe37769358d" 33944 169734
"6be1f7aca82d02ac" 158021 49544
"6c0f415e21430cd7" 162337 10477 124267
"166c18b2faf37545" 115944 14071 141093
"8f8110d7688a3c42" 137892 36081 51822
"550f599504e5d5ad" 62543 118302 106463
"e06ba2c31346230a" 16657 91103 53113
"aa075c552e6fc3c3" 181340 50949 19364
"de1962332472e060" 99016 143947 2445
"a90d7cba6b702ca3" 138381 84539 183677
"1e7ff106d32e23ea" 143700 71728
"40d96e285420541c" 53213 159044 151138
"8712730143d3e6de" 43867 165804
"473560fc5a1bb913" 35663 185668
"7971e09d1b3083ea" 35992 7282
"2000b4786ca630ee" 60912 12215 42174
"9866d890125046c3" 79368 136372
"e722fb9ff1f0b90d" 63761 38053 187483