248
414
1526
2170
2433
2445
2494
3662
3932
7099
7171
7282
7488
7725
7744
8106
8394
10477
11244
11933
12115
12215
12256
12525
13164
13547
14071
14321
14817
15002
15147
15598
16534
16657
17004
17060
17236
18856
19113
19364
20842
21881
21976
23165
23205
23227
23410
23763
23958
25053
26379
28505
29001
29151
29191
29395
30416
33420
33534
33944
34643
34872
35663
35992
36081
37121
37125
38053
39256
39263
39497
40116
40504
40841
42174
43044
43576
43775
43867
44173
44989
45331
45460
45738
45994
46299
46694
46976
46990
49426
49544
49976
50039
50191
50513
50949
51822
53113
53213
53280
55129
55306
55596
55915
58282
59147
60912
61650
62543
62582
62999
63743
63761
64333
64694
64695
65544
65735
66171
69879
70583
70913
70925
71369
71721
71728
72190
73362
76431
78071
79368
79642
80945
81321
81540
82389
83232
84263
84539
87620
89522
90794
91103
91281
91872
93852
94148
95233
95770
96045
96455
96459
97046
97454
97522
98682
99016
102472
103118
103379
104555
105653
106007
106463
106834
108429
109915
110645
110981
111572
112497
113096
113665
115944
115981
116745
117080
118302
119206
119597
120230
120345
122711
123362
124267
124357
125075
125231
125720
125993
129985
130192
131681
133397
135667
136372
136388
136851
137892
138101
138381
139580
141093
142323
142752
142887
143700
143947
143981
144295
144748
147670
148525
150385
151031
151138
154220
154368
155038
158000
158021
159044
159371
160195
161625
162337
162399
163223
163864
164436
164467
164559
165712
165804
167464
167976
168323
168773
169016
169734
170995
173292
173674
174904
175117
175408
175960
177042
177220
178198
181340
182168
182436
183677
184550
185228
185338
185382
185494
185500
185668
186559
186715
187483
188107