11
26
335
2186
2455
3636
3689
3743
4368
4398
6227
6378
6481
6673
6764
7171
8212
8452
9463
9490
10247
12472
12505
13598
14778
15311
16511
16646
18910
19683
20056
20278
21842
22940
23408
23731
24258
26437
26547
26624
28553
28569
29007
29187
29532
30003
31277
31615
32041
32049
33308
34852
35282
35692
36782
36847
38089
38942
38974
40287
42344
42855
44238
44962
45126
45397
45972
46183
46560
47098
47565
48501
49413
50619
51118
53118
53272
54360
54391
54541
55588
56047
56752
57076
58284
58846
59447
60475
60712
60717
62596
62762
62999
63269
63984
64684
65065
66145
66492
69634
70353
70862
71299
73401
73790
74468
75145
75169
75177
75227
78708
78778
78820
78888
79483
80707
81914
82441
82510
82784
83972
84237
84245
86801
87083
87638
90890
90961
92365
93048
93206
94767
97726
98894
99049
99416
102788
105456
105476
105750
106622
107234
107456
109343
109738
110145
110388
110553
110778
111753
112409
112874
114876
115708
118429
119269
120650
121498
121669
121938
122063
122755
123039
123859
125406
125634
126126
128445
129162
131226
132416
133081
134881
135028
135399
135816
136397
137754
139318
139328
139801
141926
146535
146594
149420
149878
149883
150620
150865
151197
151683
153171
154508
154904
155290
156632
157049
157531
159826
161462
161778
162175
162377
164311
165201
165324
167446
169069
172187
172741
173231
173563
175068
175191
175197
175756
178912
179668
180146
180319
180392
183131
183684
184961
185382
185561
185824
187420
187483