66
216
236
376
395
413
429
443
751
785
873
1156
1471
2461
2991
3621
3837
3871
4376
4657
4781
5789
6343
6979
6991
6995
7270
7287
8914
9377
10495
10822
10886
11505
11663
11671
13882
13972
14221
14261
14333
14654
14822
15257
15568
16546
16632
16650
16839
16974
17007
17279
17688
18214
18448
19050
19581
20138
21591
21688
21899
21932
22728
22932
23544
23628
23657
23766
23851
24357
25031
25691
26403
27016
27531
29531
29810
30689
31073
32343
32353
33126
33235
34416
34882
35602
35695
36303
36668
36880
36882
37608
38192
39444
39714
39774
41493
41598
42125
44796
44954
45315
46618
46678
50195
50766
52034
52059
54357
55523
55556
55972
57101
58965
59183
59601
61111
61302
61472
62561
62597
63502
63509
64667
65192
65544
65763
65787
67164
67712
67844
68372
69335
69346
69797
70864
73560
73659
74253
78580
81571
81727
82461
82661
83085
85370
86429
86562
86580
86732
88067
88108
88705
88732
89482
89490
90492
91028
91434
91759
92567
92651
92655
93180
93309
93343
93391
93418
93601
94552
97171
98025
98379
98891
100517
102543
103032
103433
103557
104839
105018
105081
105096
105490
105628
108073
108373
109033
111053
111618
112453
113821
113834
113979
115083
115255
115421
116791
116979
117710
119633
119871
120641
120741
120911
121126
123199
123567
123917
124274
124782
125576
125955
126162
127014
127061
127282
128838
129677
130233
130301
131297
131665
133079
133656
133960
135040
135436
135603
136209
136301
137757
139572
139759
140468
141106
141274
141472
143375
143834
143913
144835
144841
144877
146613
148225
150408
150486
150727
151119
151227
152239
152389
153263
153453
153893
154275
155088
155140
155278
155901
156383
157136
157621
157651
159456
159671
161257
162016
164865
165163
165352
165563
166569
168272
168446
169016
169061
169089
169265
169593
170020
172157
172379
174077
175744
177051
177586
178140
178254
179515
180332
180387
180999
181464
181811
182536
182997
184550
185552
185568
186186
187009
187149
187502
188077
188851