"a1e5306056f544bc" 291 1129 13 4
"c17bdcb4af511e57" 54 608 4 1
"1aed0544a13fe810" 1521 1522 4 4
"7488789d1da3c14e" 288 17 1 9
"36efe91313dc7077" 363 298 11 0
"f81f308c543fd304" 1668 85 21 1
"008bb7267a387278" 21 909 9 4
"d536cea581f55618" 32 1063 28 4
"eede92f0a4dcb6fb" 447 1857 13 4
"c276311101f599eb" 4 114 0 0
"675a983221f5c4f2" 11 157 1 0
"aa866e72b10dfb2f" 2883 4057 4 4
"2b5f1249b5ec7bbd" 1371 1801 4 3
"8d3129acbe51cf06" 5 4597 11 56
"ed2a3c99a4048cc7" 5020 4300 1 4
"9fdf8a578361bdaa" 264 411 9 3
"ad7ab66d4d9a1c89" 1410 5618 4 56
"bba3eaa0408fbf93" 5770 5771 4 4
"17128c13961fb6ff" 58 17 10 9
"a375ff682b811d06" 2406 6606 4 4
"ba2c53a1b1cac3d4" 3377 188 1 4
"501d85fb802f245e" 597 82 1 4
"bc10f371c7e12c42" 7411 17354 0 56
"2265a75c971f3058" 114 17354 0 56
"c60db8081d0d740b" 3499 7411 4 0
"11c9c9779f760707" 7711 2564 4 4
"75f7e7fefe512624" 19 310 10 4
"55ba6c1d650bdea8" 7038 17 3 9
"06ef652b3ee18b72" 7761 7761 3 3
"4b434552b9c8d7c6" 7763 7763 1 1
"d95f583e9cd10a84" 6809 5638 1 4
"50d18f1b5e37366e" 18022 6809 4 1
"e0eeaadb92689eff" 2191 17 3 9
"c4bc45cafa383f94" 49 7773 3 1
"f55ea4868aa30261" 148 14229 4 3
"ebd3b54bc04fd538" 2340 228 1 4
"ac6c7003bd382a88" 196 336 10 0
"2a8a00530144e92a" 8282 546 3 9
"a78eba87912ec159" 18444 8312 1 4
"1a76a8cd2b60e5ec" 18468 5063 1 4
"8f6900fe4b6011f3" 18475 1279 4 4
"37e7e7fefe512624" 19 82 10 39
"4868e73869d3e337" 2682 228 3 4
"60dbf19c3ffc6759" 2750 130 4 0
"65f50e884c866f49" 8397 1387 1 4
"a5ff8a578361bdaa" 264 764 9 3
"561b4b65d61f1d0e" 72 5063 10 4
"14ff796366d83019" 8449 8450 1 4
"a34a72f241dcd3d4" 265 3251 3 1
"6bcdecb351618fe2" 145 103 0 3
"47a029acbe51cf06" 5 2193 11 4
"af156e39478a3e1c" 220 168 10 4
"4d538c13961fb6ff" 58 5236 10 3
"c9d077f15c4f891b" 2963 14331 1 1
"5116cea581f55618" 32 479 28 4
"cfcdc7252c38e304" 112 246 0 0
"30fc2d8b878a943a" 234 371 3 0
"37574fae4df56019" 669 312 3 10
"5524b62d6314e7ca" 5818 1653 4 4
"6d9618c7838ac9df" 17 8711 9 88
"a0164300468ab4c3" 164 176 9 0
"ec98315a6b6857fe" 2667 7061 4 3
"d96396c1d944a229" 8758 4065 3 9
"5a04cafa39a322fa" 78 17 10 9
"051d422abca33029" 267 887 3 1
"19bd68699ccc1147" 13 102 1490 21
"82c2b10bda442c71" 8814 5236 1 4
"d4bdbec2ed2f74d3" 1318 3105 1 4
"1c4b5a2e2076b3d0" 6878 797 3 3
"5f4029acbe51cf06" 5 786 11 57
"c76f6f68ef6d8c59" 8840 7326 56 56
"6325ea87ca4814ff" 903 2689 1 4
"daf3d0fe2496d9f6" 8824 6239 1 4
"d3a38c13961fb6ff" 58 6365 10 56
"85c33301948a4338" 73 913 32 4
"c95bb7267a387278" 21 297 9 4
"8337302c856d8dd5" 8280 778 1 4
"fdf5cea581f55618" 32 169 13 4
"ed6536449c4fef29" 2977 1279 4 4
"da648081ab2b2396" 9103 1456 56 56
"02d90077dc818e91" 2497 14369 39 4
"bdc4141d3b3895b2" 63 9134 0 1
"116bdcb4af511e57" 54 341 3 1
"04c2395f2d2b691b" 9187 463 3 0
"5694423f964f4d25" 2655 8472 4 4
"62f7e7fefe512624" 19 261 10 1
"a82fc7252c38e304" 112 5764 0 1
"d07966aed71f9666" 128 2167 10 1
"657750055a384761" 14 258 9 1
"7ab3f8d33a381c5a" 7 882 9 0
"62f9c56a678a6923" 227 4021 3 9
"bc5c9591e261c577" 229 8 1 4
"282e7ca1c4b3d5dd" 701 2343 4 21
"d3359710a49a8e91" 941 882 4 0
"775de2a797ba2b6f" 2831 250 56 10
"fc17c1bf1f383506" 273 256 13 4
"b05fc6283e02d64e" 9490 9491 1 4
"d45062296ea3a1b4" 358 4065 4 9
"ab15241cec38074e" 154 250 9 3
"7e5e45245af51f07" 508 1653 11 4
"dd4a25c1412263b9" 10519 10520 21 21
"57dbc37ad3f5bfd6" 158 17 0 9
"7ce3821f4f06732c" 1642 4023 1 4
"cb4c66aed71f9666" 128 13862 10 4
"92b8e7fefe512624" 19 3336 10 1
"b42eb97f5d8a0c27" 549 10568 4 4
"b56d586f84b6b6e7" 10574 1223 4 4
"c3c144e5cf51496e" 61 10593 10 56
"8cea203cc51f93b5" 16 546 10 9
"0d8d4110b2f50b77" 95 19075 3 4
"3b12ecb0c85f8b4f" 3635 114 0 0
"2632a1b1cb3852ee" 91 441 0 3
"a8a63d9f132623d1" 2713 6899 88 4
"66991025a171217a" 1027 10709 4 4
"e6fa983221f5c4f2" 11 2709 0 3
"021b9cd4f69ae760" 1067 807 1 4
"8b98e7fefe512624" 19 2967 10 1
"7a46a2cbc5f58780" 263 882 13 0
"0539ce0fd0b3368a" 491 407 3 4
"25dc982f4832ca7f" 11765 8191 4 4
"35e85c37393219c0" 11814 11815 4 4
"834cd26f7b38fbc0" 77 7885 4 4
"b5cae7fefe512624" 19 11834 10 4
"04967414cc364a74" 4099 3503 4 4
"2e85c0924cc606e0" 11855 7973 56 56
"e2da07e258a3d3a9" 29 8051 10 4
"5346cea581f55618" 32 1279 29 4
"361e45245af51f07" 508 497 11 3
"0d7693ceab063ae6" 1446 1060 4 4
"44beaceb1b386aab" 56 54 9 3
"61928c13961fb6ff" 58 1974 10 3