"e61c7f2f4189a391" 1 0 -1 0
"e8eafcd54f1a6817" 2 1 2 -1 0
"2dd49ee8c2cb1047" 2 3 4 -1 0
"fe4389739d640030" 1 5 -1 0
"c3f7beed6630b5bc" 1 6 -1 0
"02596c6e19a89be9" 3 7 8 9 -1 0
"9d1147059d227874" 5 5 10 11 12 13 -1 0
"4a1d58914d7e03e0" 1 14 -1 0
"1fb19d0c164ab86d" 1 15 -1 0
"e6a7c7d5412d4e9f" 3 16 17 5 -1 0
"5d28e531cfc5e116" 3 18 19 20 -1 0
"fb9dccca3bf0ca88" 1 21 -1 0
"c042024514cc6015" 1 22 -1 0
"95e637bfec881691" 1 23 -1 0
"f4a4457be1448f01" 3 24 25 26 -1 0
"c0e2f4900b735e8e" 3 27 28 29 -1 0
"9c11a4b514b22d0c" 3 30 31 32 -1 0
"ec2a96f677548399" 2 33 34 -1 0
"5f9ea53d27f52ad7" 1 35 -1 0
"4b11019bbcce0fc1" 2 36 37 -1 0
"cd8c459cb1592b6d" 1 38 -1 0
"92318a079a15d0f9" 1 39 -1 0
"67d5bf7173e08676" 1 40 -1 0
"3c7ae4fb4cac2cf2" 1 41 -1 0
"012f1a662578d18f" 1 42 -1 0
"d5c35fd00e34870c" 1 43 -1 0
"4ce867d7ca55dd62" 2 44 45 -1 0
"e198605e68c4aa4c" 2 5 46 -1 0
"195624ba61633e1e" 1 47 -1 0
"c4dc9afdc1a83db2" 2 48 49 -1 0
"8744c31afbb63fa3" 1 50 -1 0
"4fb46299a34dc48a" 3 51 52 53 -1 0
"cad698e36fd5e5c5" 1 54 -1 0
"9f7bcd5e38a19b42" 1 55 -1 0
"c5a4014adf2ffb53" 2 56 57 -1 0
"0e696dbdc2059cd7" 1 58 -1 0
"d21e9238abc04264" 1 59 -1 0
"a7b2d7a2849ce7e0" 1 60 -1 0
"7c570d1d5d589d6d" 1 61 -1 0
"410c3297362443f9" 1 62 -1 0
"16a077021fefe876" 1 63 -1 0
"ea45ac7ce7bb9ef2" 1 64 -1 0
"bfe9d1f6c087448f" 1 65 -1 0
"849e0761a943f90c" 1 66 -1 0
"59334cdb721f9f88" 1 67 -1 0
"4f50aaace4092a44" 2 68 69 -1 0
"835a3cbf68aad174" 2 70 71 -1 0
"617a4620cef9fb27" 1 72 -1 0
"c57c446ad977f332" 4 73 74 17 75 -1 0
"403801f8f29fe8e4" 2 76 77 -1 0
"4e4685eed3b00e42" 1 78 -1 0
"13faba59bc7ca3de" 1 79 -1 0
"e79fefc39548595b" 1 80 -1 0
"bc34254e6e040fd7" 1 81 -1 0
"f8e71022e88d75e0" 1 37 -1 0
"81e85ab847dfa464" 1 82 -1 0
"2703aea34f4dd37d" 2 83 84 -1 0
"ffc6f918d133b5f9" 1 85 -1 0
"102d8fe201ce2e07" 2 86 36 -1 0
"9910640d83ca0103" 1 87 -1 0
"6eb499776c86b68f" 1 88 -1 0
"3369cee145526c0c" 1 89 -1 0
"5a0c7eeb98012c7f" 0 -1 0
"080ef36c1e1e0298" 1 90 -1 0
"195d7b847c9265cc" 3 46 91 92 -1 0
"76fb93cba871132e" 1 93 -1 0
"86c17f84925e2e46" 2 94 95 -1 0
"5c66185b10786b28" 2 46 96 -1 0
"b98e68951c90c930" 1 97 -1 0
"8e23ad00f46c6fbc" 1 98 -1 0
"29a27b3c5b6a61be" 2 99 100 -1 0
"24acb7fe5050ab16" 3 101 102 103 -1 0
"6b0fdcce0a1371e7" 1 104 -1 0
"30b31249e2ee1764" 1 105 -1 0
"055847b3cbaacce0" 1 106 -1 0
"2a7ad18869f0305f" 2 107 108 -1 0
"7346e613560ecd76" 1 109 -1 0
"88614c1dae6bbb87" 2 110 111 -1 0
"e1348672e061de0c" 1 112 -1 0
"b6d8bbecb92d7498" 1 113 -1 0
"be3463ea1d94ae1a" 7 114 115 116 117 118 119 120 -1 0
"3dfd5590907bd1cc" 1 121 -1 0
"022dd58fb345e978" 2 122 123 -1 0
"abebf4ff1bced252" 1 124 -1 0
"6014402409bf65b0" 2 125 126 -1 0
"1ad9945fa522e3e7" 1 127 -1 0
"7ebcd41d1259e09f" 3 128 129 130 -1 0
"5d6c692919419af9" 1 131 -1 0
"1418f062277fc0de" 3 132 132 133 -1 0
"b992af161ef23806" 5 134 135 136 31 137 -1 0
"0fecdd5217c342a1" 1 138 -1 0
"d39113dcef8fe72e" 1 139 -1 0
"48b6442b53042fd9" 2 140 141 -1 0
"428fa23c7ae2f8b3" 1 142 -1 0
"1724e7a653be9e30" 1 143 -1 0
"ebc81d113c7a44cc" 1 144 -1 0
"ea9740d22c106242" 2 145 146 -1 0
"5ab6bc70c6dd4552" 1 147 -1 0
"66f4e4d74e52048c" 3 148 5 5 -1 0
"638b73f82363c192" 2 149 150 -1 0
"2ed771565bda4515" 1 68 -1 0
"9d49815a2afcfb64" 1 151 -1 0
"c172ed8d68dd4dca" 2 152 153 -1 0
"066c7f90fb7ff4fa" 2 154 155 -1 0
"bce637ec81122bd2" 3 156 157 158 -1 0
"147e2bfdf04b5998" 1 159 -1 0
"e8136078d9070f15" 1 160 -1 0
"6059517506c0d304" 3 161 162 163 -1 0
"3c87019a1fff9281" 3 164 165 166 -1 0
"b8b29ec52b322730" 5 167 168 169 170 171 -1 0
"a2dadee51474136b" 1 172 -1 0
"777f0460fc30c8e7" 1 173 -1 0
"4c1449dac50c6e64" 1 174 -1 0
"11c87e45aec714f0" 1 175 -1 0
"e56da3cf7793c97d" 1 176 -1 0
"ba02e83a506f6ff9" 1 177 -1 0
"8fa61ea4392b1586" 1 178 -1 0
"545b432f02f6ca03" 1 179 -1 0
"29ff7899eab2709f" 1 180 -1 0
"fd94bd04c38e161c" 1 181 -1 0
"c249e28e9c4acb98" 1 182 -1 0
"97ed18f875167125" 1 183 -1 0
"6c825d635ed127a1" 1 184 -1 0
"313782ed27adcc2e" 1 185 -1 0
"06dbb758007972ba" 1 186 -1 0
"da70fcc2e8352837" 1 187 -1 0
"af15224db101ddb3" 1 188 -1 0
"74c957b79acc7340" 1 189 -1 0
"496e8c22739829cc" 1 190 -1 0
"ac8c1569ecc553d5" 2 191 192 -1 0
"5c363324133946e6" 5 193 194 195 196 197 -1 0
"ed72d057a3551211" 2 198 5 -1 0
"94386b4023a23c7d" 1 199 -1 0
"69dc90cafb6ed10a" 1 200 -1 0
"3e71d535d43a8786" 1 201 -1 0
"03260bafadf53d03" 1 202 -1 0
"2648becbf1af71c6" 2 203 204 -1 0
"7114aa0f38593e98" 1 205 -1 0
"a8e8f5bd3a4fe263" 2 33 206 -1 0
"ae2ce1f109e2e017" 2 207 208 -1 0
"528de0f68ba50765" 2 5 209 -1 0
"098d7a99b85d509c" 6 210 211 212 5 213 214 -1 0
"e1bbb8684bc3611c" 2 132 215 -1 0
"6627e312a9fa9c52" 1 216 -1 0
"3bcb198c72c642ee" 1 217 -1 0
"0eeab2d25ce33bef" 2 218 219 -1 0
"ef8247e2bd766dd4" 2 220 31 -1 0
"7e5eed56e5e5f8f0" 1 221 -1 0
"430323d0cea1ae7d" 1 222 -1 0
"a0dbbe7a15007e48" 2 223 224 -1 0
"b1f0c2305905af03" 1 225 -1 0
"8695f7aa22d0559f" 1 226 -1 0
"5b3a2d150b9cfa1c" 1 227 -1 0
"20ee529fd368a0a8" 1 228 -1 0
"f483970abc245625" 1 229 -1 0
"c928cc7495fffba1" 1 230 -1 0
"9eccf1fe6ebba13e" 1 231 -1 0
"63713769478757ba" 1 232 -1 0
"38166cd320530d37" 1 233 -1 0
"0dba915ef81fa2c3" 1 234 -1 0
"d16fc6c8d1ea5840" 1 235 -1 0
"a6040c33baa60ecc" 1 236 -1 0
"7ba831bd8372b359" 1 237 -1 0
"405d66286c3e59d5" 1 238 -1 0
"15f1ab92450a0f52" 1 239 -1 0
"e996d01d1ec5b4ee" 1 240 -1 0
"e6652d16b4cea3b9" 2 241 242 -1 0
"2b5fbe2938606bd9" 2 243 244 -1 0
"6f49504cbb02130a" 2 245 246 -1 0
"a343f15f3fa3ca2a" 2 247 248 -1 0
"3560bf2bcddfb79f" 1 249 -1 0
"0a05e4a5a6ab6d1c" 1 250 -1 0
"dea91a108f6713a8" 1 251 -1 0
"a35e4f8a5833c825" 1 252 -1 0
"78f28405310f6ea1" 1 253 -1 0
"4d97b97f0aca143e" 1 254 -1 0
"124ceee9e296c9ba" 1 255 -1 0
"e6e02464cb527f37" 1 256 -1 0
"bb8559de942e15c3" 1 257 -1 0
"803a8e497de9ca40" 1 258 -1 0
"2dfe8bb1548de81b" 2 259 260 -1 0
"fe182ea8084dcbd5" 1 261 -1 0
"c3cc5323e0197162" 1 262 -1 0
"9861989db9d427ee" 1 263 -1 0
"6d06cd0892a0dc6b" 1 264 -1 0
"32baf2827b6c72f7" 1 265 -1 0
"075f28fc44382874" 1 266 -1 0
"dbf36d672df3ddf0" 1 267 -1 0
"a0a892e106cf738d" 1 268 -1 0
"754dc75cde8b290a" 1 269 -1 0
"4ae10dc6b757de86" 1 270 -1 0
"1f86324190238413" 1 271 -1 0
"98b3d6027d1bb069" 2 178 272 -1 0
"b8df9c2642badf1c" 1 273 -1 0
"8d74d1a02b7685a8" 1 274 -1 0
"2f9e584a60aa765c" 2 275 276 -1 0
"9949e21e8507a8e8" 2 5 277 -1 0
"6b1f6b1157900a7c" 2 30 37 -1 0
"c017a67a8e953cba" 1 278 -1 0
"95bbdbe46761e147" 1 279 -1 0
"6a50116f303d87c3" 1 280 -1 0
"3ff446d919f83d40" 1 281 -1 0
"04a97b44f1c4e2dc" 1 282 -1 0
"d84ea0ceca809859" 1 283 -1 0
"0169ee05e3e0ff12" 3 284 285 119 -1 0
"473c402e55e399ee" 1 286 -1 0
"1cd085983eaf3f6b" 1 287 -1 0
"e085ba03177be4f7" 1 288 -1 0
"44b1fe3098978891" 1 46 -1 0
"894ba45384449a37" 1 210 -1 0
"ec4493cff8165c6d" 2 289 290 -1 0
"5f635a62a1dee58d" 1 291 -1 0
"24188fdc7a9a9b0a" 1 292 -1 0
"289b43e6a59e6fc5" 3 293 294 295 -1 0
"67aa54b6edb9422c" 1 296 -1 0
"3c4f8921c685f7a8" 1 297 -1 0
"01f3ce9b9f41ad25" 1 298 -1 0
"d598f316781d43b1" 1 299 -1 0
"6eeecdd010c0bd83" 3 300 301 5 -1 0
"81bae55762dc4f85" 4 302 303 30 304 -1 0
"b27433d49dc355dc" 1 305 -1 0
"8719684f669ffa59" 1 306 -1 0
"7f0db9c5bfcbd215" 1 45 -1 0
"440bd163fa903420" 2 307 142 -1 0
"2162d23428275662" 1 308 -1 0
"eeab0981ccaa8047" 2 309 142 -1 0
"caab3d19d9bea17b" 1 310 -1 0
"9f407293b28a57f7" 1 311 -1 0
"4767abe8ea0bcd39" 1 30 -1 0
"64f4a70e8b460d74" 1 312 -1 0
"a7c271aab4a0d5c3" 6 313 132 314 315 5 316 -1 0
"68aff9ba2a0d089f" 2 317 318 -1 0
"ac999bcdadaebfbf" 2 319 320 -1 0
"bfbe762c3b501035" 1 321 -1 0
"0b800662f2294bf7" 2 322 323 -1 0
"7c01993cde6ca3e3" 3 324 114 325 -1 0
"c7f58070874b6cc3" 1 326 -1 0
"9c9ab5ea50171250" 1 327 -1 0
"614fea5539d2c7dc" 1 328 -1 0
"e16b932d3fd63680" 2 329 330 -1 0
"94d13d392f077b7f" 4 316 331 332 333 -1 0
"4e1b2a145e89c9f7" 1 334 -1 0
"ae396856c9cb4df0" 2 335 336 -1 0
"b5554b48756ecece" 1 33 -1 0
"43b981fd6c165323" 2 337 112 -1 0
"81bdfeedb1b8701a" 1 338 -1 0
"565234689a742696" 1 339 -1 0
"f94a09b15544f6f7" 7 317 244 340 341 342 343 344 -1 0
"333e6327bf2b28b1" 1 345 -1 0
"08d2a89198f6dd3e" 1 346 -1 0
"dc77dd0c61c283ca" 1 347 -1 0
"4f9b1ec932c75afe" 5 348 68 349 350 351 -1 0
"4170c8cdf0529075" 4 352 68 178 353 -1 0
"d90b991a3e2dca90" 2 354 68 -1 0
"5c7d07c080fb0eee" 2 227 355 -1 0
"2841bc2a11dc867b" 1 356 -1 0
"8d43a607815bbd6d" 4 357 68 358 68 -1 0
"cd51f9c13c22f613" 1 294 -1 0
"963f4c89ab209701" 1 359 -1 0
"6bd3810484fb3d8d" 1 360 -1 0
"a505b406e0be1bd3" 2 142 361 -1 0
"052debe836839896" 1 362 -1 0
"5908e011fce76b3e" 1 323 -1 0
"d9c121631f4f3e13" 1 363 -1 0
"ae6656dde71be3af" 1 364 -1 0
"731b8b48c0e6992c" 1 365 -1 0
"48bfb0c2a9a24fa8" 1 366 -1 0
"1d54f53d727ee435" 1 367 -1 0
"e1092ba75b3a9ab1" 1 368 -1 0
"25d4fdcfefbf8674" 2 222 369 -1 0
"8b42959c0dc1f5ca" 1 370 -1 0
"50f6ca07e59d9b47" 1 371 -1 0
"45690e1fba12abdb" 2 372 373 -1 0
"75802ef52e222629" 2 374 178 -1 0
"a35078b3009c2714" 2 375 376 -1 0
"3dc20ac50b44ad62" 1 377 -1 0
"0b83542dd188b69d" 2 378 75 -1 0
"3bed682323ad098c" 5 132 132 132 132 5 -1 0
"d61c64babcdbf87b" 1 379 -1 0
"abb0a92595a7aef7" 1 380 -1 0
"7065de9f6e635484" 1 381 -1 0
"450a041a473ff901" 1 382 -1 0
"1aae3984200baf8d" 1 383 -1 0
"ee437efef8c6551a" 1 384 -1 0
"b3f7a379d1920b96" 1 385 -1 0
"889cd8e3ba5ea023" 1 386 -1 0
"5d311e5e832a56af" 1 387 -1 0
"4709daa7d63f291d" 2 388 389 -1 0
"cb2fadbd1e7d5735" 1 390 -1 0
"90d3e238f6490db1" 1 391 -1 0
"4fc9f583287fa31c" 1 158 -1 0
"657818a2df05b24e" 1 392 -1 0
"229fffa009b92c67" 2 393 30 -1 0
"0fb1829781ac0e47" 1 394 -1 0
"2ed3786223fc14a5" 2 395 396 -1 0
"7daf12f61cff0fdc" 1 397 -1 0
"6425df9e28444528" 2 398 5 -1 0
"17f88cdbcd876ae5" 1 399 -1 0
"28cfc80b29b5d6f5" 2 327 400 -1 0
"b075d895f8978bbf" 4 401 402 403 404 -1 0
"eb9db156a6531072" 1 400 -1 0
"91bb3da8c27b8ebb" 2 5 405 -1 0
"c879f015cb0a129d" 1 406 -1 0
"7c6f921a96b92c6d" 2 407 153 -1 0
"fc114d6f7fbf6052" 1 101 -1 0
"2211ae93f11d3086" 1 132 -1 0
"9b30c06253490e01" 4 408 317 409 410 -1 0
"d0b00b5908f47e2c" 1 411 -1 0
"633b93e9163a327d" 2 412 119 -1 0
"7af9654eb98cc935" 1 413 -1 0
"4f9e9ab892587fb1" 1 414 -1 0
"1443df237b14254e" 1 415 -1 0
"e8e705ad44efcaca" 1 416 -1 0
"bd8c3a182dab7057" 1 417 -1 0
"82317f82067726d3" 1 418 -1 0
"57d5a40dde33db50" 1 419 -1 0
"2c7ad977b70f71ec" 1 420 -1 0
"f02f0fe190da2769" 1 421 -1 0
"c5c3446c6996dce5" 1 422 -1 0
"a93fde5d44e3dfc7" 2 423 424 -1 0
"efdd3558456c0b97" 3 425 426 427 -1 0
"175bd4ab20d97756" 2 428 142 -1 0
"c2c356c17db31f4f" 3 33 429 30 -1 0
"4ce8ed0040e43a1a" 1 430 -1 0
"b3287628fd621975" 2 431 5 -1 0
"929c2a71f485462e" 5 432 433 31 33 434 -1 0
"5420f7548ccf86b8" 1 435 -1 0
"b314a4d2d08c4ec5" 3 436 437 350 -1 0
"71265487e2290c64" 3 222 438 439 -1 0
"6c57f1a8c8bae257" 1 440 -1 0
"51a7f4db56909fb0" 2 441 173 -1 0
"f28ca6c034a6fa91" 1 69 -1 0
"06a06c8d7a424e50" 1 442 -1 0
"326552b16816a347" 2 443 417 -1 0
"afe9c6723cd99969" 1 444 -1 0
"68bc702feae57489" 2 445 446 -1 0
"1ed766d1c63d9afe" 1 447 -1 0
"e28c9b4c9ff8408b" 1 448 -1 0
"b721d0c678c4f508" 1 449 -1 0
"52d9e703abe5766d" 3 450 451 452 -1 0
"6984e66bf87c332a" 2 453 454 -1 0
"063c029b10a42f8e" 3 455 456 457 -1 0
"d67581ee4f3ba65e" 2 458 428 -1 0
"2662bb9483615a9a" 2 459 460 -1 0
"71e84f34b2320a4e" 1 461 -1 0
"468d74be8bfdafca" 1 462 -1 0
"1b22b92964c95557" 1 463 -1 0
"4da18b96f72f3739" 2 17 464 -1 0
"b47b141e1651b060" 1 465 -1 0
"89105988fe1d56ec" 1 466 -1 0
"5eb48ef2d7e80c69" 1 467 -1 0
"2369b37da0b4b1f5" 1 468 -1 0
"f70ee8e789706772" 1 469 -1 0
"ef634382d948acbf" 4 470 428 471 472 -1 0
"46cdb1d9eaf8dcba" 2 384 473 -1 0
"0045f23cc56bb311" 1 474 -1 0
"d4e928a6ae27699d" 1 475 -1 0
"a98e5d1187f21f1a" 1 476 -1 0
"7e23929b50ceb4a6" 1 477 -1 0
"43d7c706398a6a23" 1 478 -1 0
"89b3bca3226ddc14" 5 479 480 132 481 482 -1 0
"5b0fc15a7575c6c1" 1 483 -1 0
"43d6b7fa6fdd7a84" 2 484 485 -1 0
"89a684e484de3c4f" 3 486 315 487 -1 0
"6346db9eb1602360" 1 488 -1 0
"38ea01199a2cc8ec" 1 489 -1 0
"dfecf8576f8beba6" 3 490 491 492 -1 0
"62fdb6c403c8a1f0" 1 152 -1 0
"563fb6add3c82e55" 3 261 142 142 -1 0
"a2af732b8e4dde01" 1 428 -1 0
"7b7dd5e20e4b7ffe" 1 493 -1 0
"40221b5dd617258b" 1 494 -1 0
"15c640d7bfd2da08" 1 495 -1 0
"a6d8a078258fc972" 1 492 -1 0
"e114b97df2dc6a82" 2 496 139 -1 0
"22aba7900c6bd5ef" 5 497 5 498 5 499 -1 0
"457684838bfa08c5" 2 500 501 -1 0
"c647b401bd5582bf" 1 502 -1 0
"9bebe97b8621383c" 1 503 -1 0
"60902fe56fecddb8" 1 504 -1 0
"3535546048b88345" 1 505 -1 0
"0ad989da118439c1" 1 506 -1 0
"2c41224ec7b8f25e" 2 507 508 -1 0
"78c7293aabd73a57" 1 509 -1 0
"4d6c5ea484a3efd3" 1 510 -1 0
"a4355564defb52ae" 2 511 512 -1 0
"bb5afd041ff6e079" 1 513 -1 0
"032cbff81476edd6" 2 514 515 -1 0
"4716511c97189507" 2 516 517 -1 0
"c39108585be14d08" 1 518 -1 0
"98363dc234bde294" 1 519 -1 0
"6dda624d0d799811" 1 520 -1 0
"328f97b7e5454e9d" 1 521 -1 0
"0724dc22ce01f32a" 1 522 -1 0
"2ee0fec6e3d5809f" 2 523 524 -1 0
"a17f8331c98b28ba" 2 525 210 -1 0
"4ab6a10c2230aa3c" 1 526 -1 0
"db2fb832b22b025b" 1 11 -1 0
"e0bc8752623c3faf" 2 527 68 -1 0
"e3001ce0e3c7f545" 1 528 -1 0
"b8a4416bbc83abc1" 1 529 -1 0
"052243274bd1e3cc" 2 530 19 -1 0
"52fdab407e1bf6da" 1 531 -1 0
"3095a12af4e0be63" 3 210 132 33 -1 0
"2792e0ca47e6ac57" 1 532 -1 0
"fb37163520b252e3" 1 533 -1 0
"c0eb4baff87ef760" 1 534 -1 0
"01723434a7ef0a11" 3 535 536 537 -1 0
"047e10896c9dae72" 1 538 -1 0
"2090cb5fffe21ec0" 2 539 540 -1 0
"9dbb318b77412b4f" 4 541 132 417 542 -1 0
"1123f0126c2675cf" 3 543 30 544 -1 0
"2cbcf7b6ff047032" 4 543 545 546 547 -1 0
"fd4c53d108d1c212" 3 548 537 542 -1 0
"f1c5b646d0a9db65" 3 432 549 550 -1 0
"e07671458b7a5c8a" 4 551 132 160 150 -1 0
"d35ff8a8e7a5450b" 3 552 553 544 -1 0
"2039d812fb625dc8" 5 554 555 142 417 556 -1 0
"c83f09eabb92db61" 3 557 17 558 -1 0
"0e4620d6fae1031d" 5 559 560 561 562 308 -1 0
"deace4abf471b948" 4 563 564 384 565 -1 0
"81fe59c86f01f5ea" 2 566 567 -1 0
"64c94c33062fc82a" 1 568 -1 0
"a0fa56edbb8ec52b" 2 46 569 -1 0
"0e03b628b7b62433" 1 570 -1 0
"24df5570382d2943" 2 571 572 -1 0
"1677f4052e5d065e" 2 573 5 -1 0
"b522163df97e7bb9" 2 190 574 -1 0
"164ab07cf3a180d1" 1 575 -1 0
"c6b06128f0496cab" 2 576 577 -1 0
"1421c8bee0d420f2" 2 132 6 -1 0
"843850db8ef48167" 1 578 -1 0
"bf2109fccdf82fe9" 2 579 17 -1 0
"2e71cab0409cdc60" 1 580 -1 0
"69916dcfb955af04" 2 581 582 -1 0
"ad8bfed24df65734" 2 583 584 -1 0
"36b8c4058c77390f" 1 585 -1 0
"0b5df97f5543ee8b" 1 586 -1 0
"dff13fe93e0f8418" 1 587 -1 0
"a4a6646417da3a94" 1 588 -1 0
"6a69c31cc7eb6ea4" 2 589 590 -1 0
"0098b813442c5eea" 2 591 190 -1 0
"e739393e7af9e0b6" 1 592 -1 0
"66bb5730d582ffd5" 2 194 593 -1 0
"8182a3233c814cbf" 1 594 -1 0
"c82ea89fc6f3fa5b" 2 595 470 -1 0
"414461d614a9593d" 2 596 597 -1 0
"c41578fc9fa0f2d1" 1 598 -1 0
"99b9ad67787c985e" 1 599 -1 0
"6e5ed2e151484eda" 1 600 -1 0
"3303185c2a04f367" 1 601 -1 0
"0e123600ae8e60bd" 2 602 603 -1 0
"b0d9dc0a880eae77" 3 604 605 606 -1 0
"10ee471b4fbaf582" 1 607 -1 0
"e4838c852886ab0f" 1 608 -1 0
"e4fcc3caea4c5b36" 2 609 610 -1 0
"53712ce4b2e9ac94" 1 611 -1 0
"43e33e5f20c6e67e" 2 612 613 -1 0
"4fd27304b07aee86" 2 523 614 -1 0
"9604f0ce160953b6" 1 615 -1 0
"cbc76185370a46ce" 2 616 617 -1 0
"05f1902ea06c544c" 1 618 -1 0
"0e66567e20d822f7" 3 619 620 33 -1 0
"73ef208d3bbf55d1" 1 621 -1 0
"0804d86b06f841ca" 2 415 622 -1 0
"145f9b6ee27ecb5e" 2 579 623 -1 0
"e1ddcfdcc5136667" 1 624 -1 0
"b6720557aede0ce3" 1 625 -1 0
"8b173ac187aab170" 1 626 -1 0
"2b8632668a0b90a7" 2 627 628 -1 0
"c0b8b8cbf171ecaf" 3 33 629 630 -1 0
"3d5ff97eef08b2d7" 3 631 632 424 -1 0
"e764079f05ffa718" 2 633 634 -1 0
"d6e019ef27b4c421" 1 635 -1 0
"465b61345a6a3350" 2 636 637 -1 0
"45dea84fb118c5b6" 1 638 -1 0
"1a73edb99ad37b33" 1 639 -1 0
"a80bec7c33346950" 1 396 -1 0
"ee18133473af11cf" 1 640 -1 0
"b3cc48ae4c6bc64c" 1 641 -1 0
"e9da396e7859f2cc" 3 579 33 642 -1 0
"2d260fee96282ed8" 2 643 644 -1 0
"55f04d2f7583f909" 4 645 646 178 647 -1 0
"654dbcd74aed7ee3" 1 648 -1 0
"3ae1f15223b92470" 1 649 -1 0
"0f8627ccfb75d9fc" 1 650 -1 0
"d33b5c37d4418f79" 1 651 -1 0
"a8df81b1bd0d2506" 1 652 -1 0
"7d74c62c86d8da82" 1 653 -1 0
"4229fb966f94801f" 1 654 -1 0
"17cd21114860369b" 1 655 -1 0
"eb62668b113cdb18" 1 656 -1 0
"b0179bf5f9f781a4" 1 657 -1 0
"0412a8072b645fb7" 3 579 658 659 -1 0
"2ff43b55845b823a" 1 660 -1 0
"f3a960df5d1738b6" 1 661 -1 0
"ee1d45eb0b945fdd" 2 365 662 -1 0
"9de2dab41fae83cf" 1 663 -1 0
"6297003fe77a394c" 1 664 -1 0
"373c35a9c046eec8" 1 665 -1 0
"0cd07a14a9029455" 1 666 -1 0
"a8920dbc0558e0c7" 4 579 139 667 668 -1 0
"7ace0a73346595ea" 1 669 -1 0
"4f634fed0d214b67" 1 670 -1 0
"53dc6a14e54b7d2c" 2 332 194 -1 0
"14187468e5fce0f3" 1 671 -1 0
"e8bca9d2ceb89670" 1 672 -1 0
"bd51ee4d97844cfc" 1 673 -1 0
"820614c77050f189" 1 674 -1 0
"3867b8cb9d305de4" 4 675 676 622 677 -1 0
"c598e891e37f989b" 1 678 -1 0
"9a3d1e0cbc3b4e18" 1 679 -1 0
"6fd153869507f3a4" 1 680 -1 0
"348688f07ec2a921" 1 681 -1 0
"084046ca1b1034e3" 2 682 683 -1 0
"a27428500926aab6" 1 684 -1 0
"77195dcad1f15043" 1 685 -1 0
"803479e022639334" 2 686 687 -1 0
"725ccd1f90e1cd2a" 4 688 689 690 691 -1 0
"2999c104df6408ea" 1 692 -1 0
"fd3ef67ea830bd67" 1 693 -1 0
"c2e23ce8810c53f3" 1 694 -1 0
"978761636ac70970" 1 695 -1 0
"6c2c96dd3393befc" 1 696 -1 0
"7c2ca152d7316913" 1 317 -1 0
"31d0db481c5f5489" 1 697 -1 0
"067501c2f42b0a06" 1 698 -1 0
"2137776992002218" 1 564 -1 0
"c6376d4c7d65a38d" 3 699 700 701 -1 0
"ce8b09ee212a6e3f" 2 139 702 -1 0
"398c884f9543cb61" 2 703 45 -1 0
"e25140811ad11c21" 1 704 -1 0
"2b634922fca45afc" 3 705 119 706 -1 0
"514fdfd0a4351db6" 1 707 -1 0
"1dcd1dbcb3d9160e" 2 708 150 -1 0
"838a5ae8453fb67a" 3 579 33 132 -1 0
"69aed3348a3e0cfd" 2 709 710 -1 0
"6f80b6334ad963c9" 3 711 31 712 -1 0
"3e1b1f9fb9eb1fd1" 1 713 -1 0
"03cf441a92b7c46e" 1 714 -1 0
"d76489847b737aea" 1 715 -1 0
"ac09befe444f1077" 1 716 -1 0
"e36ba1f8e9f15531" 4 317 142 417 717 -1 0
"465229e306d67b70" 1 718 -1 0
"1bf65e5ede92210d" 1 719 -1 0
"ef9b83d8b76ec689" 1 720 -1 0
"b440c843903a7c06" 1 721 -1 0
"e5601f2feaa39d55" 2 722 153 -1 0
"27541fa913b9e11f" 2 723 724 -1 0
"f7d29d1df3592328" 1 725 -1 0
"cc77c297dc15d8a4" 1 726 -1 0
"af3842df1afc416f" 2 727 728 -1 0
"3f992f4da31fd4d9" 3 729 132 730 -1 0
"d4beccdb19003543" 1 731 -1 0
"42294e77e21984c7" 2 732 733 -1 0
"43ac6c3ba36336d8" 1 734 -1 0
"b80bf7f0d7d11476" 1 17 -1 0
"9382c77b1ce58bda" 2 735 75 -1 0
"ece5d62065fa81e1" 1 736 -1 0
"34973c520ab4fa0c" 3 737 132 738 -1 0
"5bd3768fef4e8277" 1 739 -1 0
"2088abf9c81a38f3" 1 740 -1 0
"f42dd074a1e5ed70" 1 741 -1 0
"c9c116ee7aa1930d" 1 742 -1 0
"9e664b59537d3989" 1 743 -1 0
"cbd4e7e9f7e2b2b8" 2 744 745 -1 0
"0d54eab8edc04a1f" 1 746 -1 0
"c3fa484ecef89075" 3 747 748 749 -1 0
"40f6bf8251ffe031" 1 750 -1 0
"159be40d2abb96bd" 1 751 -1 0
"775d62d643b74996" 3 752 753 754 -1 0
"582eb9d69dda4dcf" 1 755 -1 0
"2dc2fe4176a6f25c" 1 756 -1 0
"559e1e6b0509540d" 3 190 757 758 -1 0
"9bb09ea0010af3e1" 1 759 -1 0
"6065c32bd9c5a96e" 1 760 -1 0
"2bc67e411110783e" 3 429 761 68 -1 0
"510364518e53923b" 2 762 68 -1 0
"b415ebfafba8e17a" 4 763 68 764 151 -1 0
"789ccd6f16b0060d" 1 765 -1 0
"8a5289ab9ee4576a" 2 766 767 -1 0
"ae4749930734a918" 6 768 30 769 119 770 771 -1 0
"2a1d32a81433bda4" 1 772 -1 0
"5be1f85d0a23156f" 2 321 773 -1 0
"8b2aefe7ac7b160b" 2 774 775 -1 0
"cf14810b202dcd2b" 2 776 777 -1 0
"07f8716739e9bfcf" 1 778 -1 0
"db9da6d112b5655c" 1 779 -1 0
"4808b42137603d7b" 2 780 781 -1 0
"1dace99b003cd208" 2 780 782 -1 0
"65592331412afa3f" 2 612 783 -1 0
"c0fbe7473ea39ccb" 2 784 785 -1 0
"8d1e1b0b00381df3" 1 786 -1 0
"52c25085e8f3c280" 1 787 -1 0
"4c17e97638dfddb2" 2 788 5 -1 0
"fb0cba6a9a8b1e89" 1 789 -1 0
"e6c711a40ae93ad9" 2 790 5 -1 0
"9555255f4c137992" 1 791 -1 0
"4b9ea4ef65fbfd38" 2 792 785 -1 0
"ebb027150e033f74" 2 793 794 -1 0
"b01004fbcfe5d7d2" 2 537 795 -1 0
"4aa781b9438dbabc" 2 796 797 -1 0
"47d599884a95214a" 1 798 -1 0
"80071817e68b41b4" 3 799 800 801 -1 0
"8a686e52bdb4d75c" 1 802 -1 0
"c49991641a77b5a2" 2 142 803 -1 0
"4b7fe7f55114895d" 2 804 805 -1 0
"cdfa333c11e38e6e" 1 806 -1 0
"83e5de1a4278483c" 5 807 801 45 808 809 -1 0
"019d080684033580" 1 810 -1 0
"9bae31d69201a69a" 3 811 812 606 -1 0
"7f7ba7651f563616" 1 813 -1 0
"4420ecdfe722eb92" 1 814 -1 0
"8f38bb6202674002" 3 815 816 817 -1 0
"0925237be98f5f6e" 2 818 819 -1 0
"210c1c9e0dd8edbd" 1 820 -1 0
"f5a05119e5a4934a" 1 821 -1 0
"ca458683ce6049c6" 1 822 -1 0
"ab062f13b2ab92d6" 2 823 824 -1 0
"393326e259c34a5c" 1 825 -1 0
"0ed75b5d229fefd8" 1 826 -1 0
"d28c80d70b5b9565" 1 827 -1 0
"4ee62bca7bb7d53f" 2 828 829 -1 0
"82e0ccddfe598d5f" 2 830 831 -1 0
"7293947fcaf23429" 3 832 833 834 -1 0
"59a13a7bd1a9f299" 1 835 -1 0
"2e466fe5ba65a816" 1 836 -1 0
"69bb5a984b1778e7" 2 837 838 -1 0
"41676f8ebb5c0a8c" 3 405 839 840 -1 0
"e1af8dbe426ad738" 2 841 842 -1 0
"dfc6d32fa8e750cd" 1 843 -1 0
"4096f75397d46370" 2 844 845 -1 0
"4eb4738e334b5153" 1 846 -1 0
"ae7d52f7dc4feea8" 2 847 848 -1 0
"213f9d19ac37035d" 2 190 849 -1 0
"81574858a66a0865" 1 850 -1 0
"56fb7dc28f26bde1" 1 851 -1 0
"2b90b24d58f1637e" 1 852 -1 0
"15f48ec87159385d" 8 853 68 854 855 856 857 858 859 -1 0
"4236c4eba3f1f0b1" 2 860 861 -1 0
"862066fe2793a8d1" 2 862 863 -1 0
"b723ccb67eda9f76" 3 864 30 865 -1 0
"a8c55136e2ea7feb" 2 429 866 -1 0
"5346c02a2db2784a" 1 867 -1 0
"8b7de06792f82a15" 1 114 -1 0
"28eaf594068e1ec6" 1 868 -1 0
"fc8f2b0fde4ac353" 1 869 -1 0
"c1346089b71679df" 1 870 -1 0
"014f427def10af75" 3 871 178 31 -1 0
"80986b9e927f143a" 2 190 31 -1 0
"105b825884c268d0" 2 434 872 -1 0
"8f7bb2e9a304e03c" 1 434 -1 0
"302200e842797a65" 1 873 -1 0
"05c635532b3520f1" 1 874 -1 0
"d96b6acdf301d57e" 1 875 -1 0
"ae00af38dccc7bfa" 1 876 -1 0
"4bd5a9ba70636358" 2 540 877 -1 0
"c53211b5d3cffd04" 2 11 878 -1 0
"1dfd3f9767208c80" 1 879 -1 0
"e1a2741240fb221d" 1 880 -1 0
"b647a98c19b7d799" 1 881 -1 0
"8bebdef6f1838d16" 1 882 -1 0
"50901471da4f23a2" 1 883 -1 0
"45adf7b0dd954d83" 2 884 885 -1 0
"ce7ea3d065a23438" 1 886 -1 0
"9323e84b3e6ed9b4" 1 887 -1 0
"68c71eb5173a8f31" 1 888 -1 0
"e78ef36896b180fb" 2 889 890 -1 0
"d6b5bd15a19d80d6" 1 891 -1 0
"a8598d50aea03e5e" 2 892 315 -1 0
"700f180a5325ebdf" 1 893 -1 0
"45a35d743ce0916c" 1 894 -1 0
"1a4882fe05bc37e8" 1 895 -1 0
"ce599123e27f6b74" 2 896 897 -1 0
"03533336661123a4" 2 898 899 -1 0
"228f8c3351a79387" 1 900 -1 0
"614a9dcaab8baedc" 2 901 902 -1 0
"907d2c92ebfa941d" 1 903 -1 0
"6512611db4c64a99" 1 904 -1 0
"3ab696879d82ff16" 1 905 -1 0
"0f5bcbf1765e95a2" 1 906 -1 0
"d300017c4f1a4b2f" 1 907 -1 0
"a8a436e628e5f0bb" 1 908 -1 0
"8817dccb7cf5e454" 2 909 632 -1 0
"42fd90dbd97d4cb4" 1 910 -1 0
"1792d546b249f141" 1 911 -1 0
"eb370bb09b05a7cd" 1 912 -1 0
"b0eb303b64d05d4a" 1 913 -1 0
"e06b2bff9e891081" 2 113 914 -1 0
"15f0acdd7a7a2449" 3 190 915 916 -1 0
"f37e0505d7fff36c" 1 917 -1 0
"c8134a7fa0cba9e8" 1 918 -1 0
"9db77fe989875f65" 1 919 -1 0
"c1d0d4f70d13c756" 2 920 921 -1 0
"06ca660b80c47f76" 2 922 923 -1 0
"4ab4081e046627a6" 2 924 925 -1 0
"4f38e323870a071d" 1 926 -1 0
"a8ab62b259d0b2ee" 2 927 928 -1 0
"bd268382126d08a2" 1 929 -1 0
"0792dc479e4b3e17" 2 930 931 -1 0
"2c1423e1acb01938" 1 932 -1 0
"f2515bf5ae7fb647" 1 325 -1 0
"f0c8585c758cbeb4" 1 933 -1 0
"c56d8dc65e486441" 1 934 -1 0
"a973d8fe5767718f" 2 935 936 -1 0
"035589b7747c5361" 2 937 68 -1 0
"09ff52a0c1771b53" 1 938 -1 0
"dd94971b9a33c0ef" 1 939 -1 0
"a249cc85730f666c" 1 940 -1 0
"fb6cd7677ba19714" 9 941 942 943 45 944 45 945 45 291 -1 0
"53707822f375f6f9" 3 946 947 948 -1 0
"67290474ffd25790" 2 949 950 -1 0
"975c0698d4a0d426" 1 951 -1 0
"6cf04b03bd6c7aa2" 1 952 -1 0
"31a5708d8638203f" 1 953 -1 0
"ec624c6eca59f584" 2 585 954 -1 0
"2407d8ad7ac76e01" 2 955 956 -1 0
"f1115cdf3fb20e41" 2 11 957 -1 0
"a4a739e669cab003" 2 881 958 -1 0
"1e71bf3cabee225a" 1 959 -1 0
"ee75a0b33fba11d2" 2 960 75 -1 0
"b7ca1a216d768d53" 1 961 -1 0
"8c6f4f9b364233ef" 1 962 -1 0
"25de3fe9885e2da1" 2 963 964 -1 0
"fa5deefac0a53475" 1 965 -1 0
"83c5a98ecdc8b8e9" 2 966 967 -1 0
"d8729f54cb011396" 2 174 968 -1 0
"d49187781cc17feb" 5 969 970 971 972 973 -1 0
"fd0f0dbfeb86e93c" 4 974 975 976 977 -1 0
"0d7143f0e2a2e6da" 2 978 979 -1 0
"23030dd795664941" 1 980 -1 0
"f7a732527e22fecd" 1 981 -1 0
"85657617e9e5462b" 2 982 983 -1 0
"c95f082a6d87fd4b" 2 984 985 -1 0
"00ee3c96ba1d4b6c" 1 986 -1 0
"284672cea2028983" 2 987 988 -1 0
"6c3014d136a331b3" 2 989 990 -1 0
"a03aa5e4b945e8d3" 2 991 992 -1 0
"b16fa0dfa89ff214" 1 993 -1 0
"8604e54a816ba890" 1 994 -1 0
"a98828744c616f96" 4 995 992 956 222 -1 0
"205d403f33f204a9" 1 996 -1 0
"6d087a1e343aff44" 2 997 998 -1 0
"9e3bef8ecd46053f" 1 999 -1 0
"63ef1509a612babb" 1 1000 -1 0
"38845a738fdd5048" 1 1001 -1 0
"0d298fed58a906c4" 1 1002 -1 0
"d1ddb4683175bb41" 1 1003 -1 0
"a672f9d21a3161dd" 1 1004 -1 0
"e8cb4acf3bd303df" 3 1005 1006 275 -1 0
"15609932a4946263" 1 1007 -1 0
"e905ceac7d5018ef" 1 1008 -1 0
"bea9f327562cbd6c" 1 1009 -1 0
"01c0ec021bdcf15d" 2 1010 1011 -1 0
"c6238ad68acb6676" 2 1012 877 -1 0
"f14cc8f0c94b648e" 1 1013 -1 0
"c6e00e6b92171a0b" 1 1014 -1 0
"a3a1e8b9d3f835b5" 2 1015 1016 -1 0
"35de9dca2d6a1b90" 1 1017 -1 0
"b31bfe4181526c97" 4 415 1018 537 264 -1 0
"de1808bfdef176a9" 1 1019 -1 0
"a3cc3d2ab7cd1c26" 1 1020 -1 0
"608fade26edd4c26" 2 1021 1022 -1 0
"a4794ff5e18ff356" 2 1023 1024 -1 0
"e863e0196521bb76" 2 1025 1026 -1 0
"258c3ae15cc32ac2" 2 1027 132 -1 0
"2ae1e6dd8e0c795a" 1 1028 -1 0
"fe861c4867d72fd6" 1 1029 -1 0
"8b44ecb03e3deede" 2 1030 1031 -1 0
"cf3e7ec3b1ee960f" 2 1032 1033 -1 0
"07cd169ca3c28b75" 1 1034 -1 0
"db625b078c8e2102" 1 1035 -1 0
"08d6ab2948eb31e3" 2 1036 249 -1 0
"49f5077ef519c9e7" 2 1037 564 -1 0
"4a50fa6617e13297" 1 1038 -1 0
"1ff420e0ffadd714" 1 1039 -1 0
"c016e410cf6565af" 2 1040 1041 -1 0
"0500862343171dcf" 2 1042 1043 -1 0
"49f91836c6b8c4ff" 2 1044 1045 -1 0
"c085941aed209fbb" 1 1046 -1 0
"f61fd901e79682a4" 2 1047 865 -1 0
"5627d89d055de14c" 1 595 -1 0
"c1ed4b5ccdfb2440" 2 1048 1049 -1 0
"041869e3515f36dd" 1 1050 -1 0
"d8bc9e5e2a1beb5a" 1 1051 -1 0
"ad51d3d803e691e6" 1 1052 -1 0
"72060943eba24763" 1 1053 -1 0
"8ebb109558e04bb0" 2 1054 1055 -1 0
"99e4e7eb0932aac5" 2 11 31 -1 0
"9cc3f130c5eb1ae1" 2 1056 178 -1 0
"533931dba9b53bb2" 3 1057 46 1058 -1 0
"d2e2476d16a90e0a" 1 315 -1 0
"404317236f28c4f0" 3 1059 1060 1061 -1 0
"1c71c6487867937e" 3 1062 1063 1064 -1 0
"ed7ae076abe19599" 2 1065 1066 -1 0
"d507e1b5d7a7a6b2" 1 1067 -1 0
"aaab1720b0735c3f" 1 1068 -1 0
"7f405c9a893ff1cb" 1 1069 -1 0
"806bec1e640ec8f1" 2 1070 1071 -1 0
"ed3eebf914920351" 1 1072 -1 0
"ee4257b2b978543a" 2 1073 1074 -1 0
"234ce8c53d1a0c5a" 2 1075 1076 -1 0
"f575f54e508d5fef" 1 1077 -1 0
"ca1a2bb83949057c" 1 1078 -1 0
"53b21d8dfea75010" 4 317 45 1079 11 -1 0
"646395adead06085" 1 1080 -1 0
"f6f61c0b170f5838" 4 486 45 1081 1082 -1 0
"24145f024ba0dafa" 2 1083 1084 -1 0
"7c9a9fe137cbbc14" 1 1085 -1 0
"780c8d34c69ef58e" 3 190 1086 1087 -1 0
"ea883f41c12fbda9" 1 1088 -1 0
"bf2d64cb9aea6336" 1 1089 -1 0
"f260b2d73461bb7a" 4 1090 1091 1092 1093 -1 0
"a456b6800cbb20d9" 2 1094 417 -1 0
"b215d786de2ccdd9" 5 1095 1096 1097 1098 1099 -1 0
"40b0f42c19963c44" 2 1100 1101 -1 0
"84aa863f9c38e374" 2 1102 1103 -1 0
"3bddc37fb8804b73" 3 1104 150 1105 -1 0
"0d8eb955a38b43c4" 2 1106 1107 -1 0
"74ceba9c52e58816" 3 132 1108 595 -1 0
"ff0a8cecab96d4a0" 1 1109 -1 0
"c4beb16784628a2d" 1 1110 -1 0
"0edf711d3cc6d02e" 2 190 1111 -1 0
"baeef4235d2f1de3" 3 46 1112 1113 -1 0
"b6a9a3af100cdceb" 3 1114 1115 178 -1 0
"3927592c457f542c" 2 1116 264 -1 0
"525e5ec33dff3de8" 3 190 1117 1118 -1 0
"84052bb013153e42" 2 190 1119 -1 0
"8204470eec655515" 2 5 1120 -1 0
"b9c10b6ae504e8e6" 1 1121 -1 0
"38f6ed7dd9b80629" 3 386 1122 1123 -1 0
"28bf9ac97067e97c" 1 1124 -1 0
"fc54df3459239ff8" 1 1125 -1 0
"8712c904c6eb3056" 2 1126 1127 -1 0
"6b427f93e386909e" 1 1128 -1 0
"e50924a80c56cb8e" 2 1129 1130 -1 0
"d9301ff27ed99124" 1 1131 -1 0
"aed4447d47a547a0" 1 1132 -1 0
"6eec57ce03a92bde" 2 1133 1134 -1 0
"1dc2e3dcd1094836" 1 1135 -1 0
"bd4fef79b3f8c66e" 2 1136 316 -1 0
"b61c4eb19390a34f" 1 1137 -1 0
"576ff31a39b3caa9" 3 1138 1139 1140 -1 0
"f9ae139bf6bf4a51" 1 1141 -1 0
"ca2707593276a6df" 3 1142 1143 31 -1 0
"689cb2fa81135be6" 1 1144 -1 0
"3d31f7656adef073" 1 1145 -1 0
"02e52ddf33aaa6ff" 1 1146 -1 0
"d68a525a1c665c7c" 1 1147 -1 0
"469f5bc56dedd408" 2 1148 1149 -1 0
"4578f1b9a6c95d02" 1 1150 -1 0
"1a1d27248f85039e" 1 1151 -1 0
"eeb16c9e5851b81b" 1 1152 -1 0
"b3669119312d5e97" 1 1153 -1 0
"de23e8e7cea9ea53" 3 1154 1155 812 -1 0
"22543178cb706f2d" 1 1156 -1 0
"61649a933d4d77b0" 2 1157 1158 -1 0
"9042d0d756d360c2" 1 1159 -1 0
"65e606423f9f064f" 1 1160 -1 0
"e948cdb93490e601" 2 1161 1162 -1 0
"e957c7e432e206f3" 2 112 1163 -1 0
"a879da1c92cebc51" 1 1164 -1 0
"7d1e00967b8a62ed" 1 1165 -1 0
"8c29c9610dac1a69" 2 1166 1167 -1 0
"eb0cafe506ed6373" 1 1168 -1 0
"b0b0e460eea919ff" 1 1169 -1 0
"85551adab775ce7c" 1 1170 -1 0
"5af94f4590417409" 1 1171 -1 0
"2f9e74cf690d1a85" 1 1172 -1 0
"ecfbeaaa96e6a143" 3 11 1173 1174 -1 0
"0e610c7541114262" 2 1175 150 -1 0
"62315999dc2cc0a7" 1 1176 -1 0
"37d58e04b5f77624" 1 1177 -1 0
"0c7ab38e8eb32ca0" 1 1178 -1 0
"17b1339b34a22acf" 6 317 1179 1180 1181 1182 1183 -1 0
"e856f24da37a2ecb" 1 1184 -1 0
"bdfa28b78c36d358" 1 1185 -1 0
"82af5d22650289d4" 1 1186 -1 0
"80136027d71efbef" 2 1187 370 -1 0
"4ba66b23a3bebe1b" 2 1188 1189 -1 0
"c532320cc82130f6" 1 1190 -1 0
"0d0eb27510006a0f" 2 30 1191 -1 0
"7330219483867d2e" 3 1192 1193 2 -1 0
"93a4f824c899dc56" 2 152 1194 -1 0
"dd693c40151c8c85" 1 1195 -1 0
"d3e85285af7bf6a2" 3 1196 877 632 -1 0
"667b9af0731e51d3" 2 1197 1198 -1 0
"110c012a783b33a7" 1 1199 -1 0
"cd052bcfb01250d8" 3 355 1200 1201 -1 0
"8fe9a089039e343d" 1 1202 -1 0
"23596f2afdf27844" 2 1203 1204 -1 0
"fdd740e89de145c2" 1 1205 -1 0
"61c0aeaa153a5936" 3 1206 801 1207 -1 0
"6cc5ef3828454658" 1 1208 -1 0
"0e3e02f24ddd588d" 1 314 -1 0
"75c5b2a2ca2a8264" 3 384 1209 1210 -1 0
"2421d5760c8937e4" 2 1211 1212 -1 0
"ae330c2a4c400d0b" 3 1213 1214 1215 -1 0
"c602d12ec4a57a4d" 2 1216 1217 -1 0
"8c34f3d0b02bfe85" 1 1218 -1 0
"25f83cb21a100685" 2 1219 1220 -1 0
"fa2293304b7eff1b" 1 1221 -1 0
"02a32580d074d397" 2 551 1222 -1 0
"d77137f42a65ead8" 2 1223 119 -1 0
"91360430ef539f74" 4 1224 1225 45 1226 -1 0
"d70ec2fe50350246" 1 1227 -1 0
"aca2086939f0b7c2" 1 1228 -1 0
"71573dd312cc5d4f" 1 1229 -1 0
"84b70d936d11506e" 2 1230 1231 -1 0
"c8a1aea6e0c2088e" 2 1232 1233 -1 0
"2e758dececbc2359" 2 1234 45 -1 0
"2a4eb5f388a0d86e" 2 1235 1220 -1 0
"4195d1dce70667de" 2 1236 1237 -1 0
"858f63ef6ba71ffe" 2 1238 1239 -1 0
"666a76e6736ebb09" 1 1240 -1 0
"01fb929f0d11fe16" 2 1241 244 -1 0
"0e63a60672fa7e4f" 2 1242 1243 -1 0
"a9fc4bb0e68d622b" 1 1244 -1 0
"7e91803bbf4918a7" 1 1245 -1 0
"4346b5a59815cd24" 1 1246 -1 0
"653a6d91eddd5408" 4 68 1247 142 1248 -1 0
"b13455052378ceb9" 1 1249 -1 0
"0f3b0d4280814def" 2 1250 1251 -1 0
"4335ae550423f410" 2 1252 1253 -1 0
"c96b5f496f532b58" 1 1254 -1 0
"a12c09f9499d7058" 2 1255 1256 -1 0
"91237edac19e6a74" 2 1257 17 -1 0
"f61566d034fada71" 2 1258 150 -1 0
"2a004c1050e0ef98" 2 1259 1260 -1 0
"7bebc3826dd5d200" 1 1261 -1 0
"88f6a6b4955b6bd0" 2 1262 1263 -1 0
"cce048c719fc1301" 2 1264 1265 -1 0
"3fc9ea0f83d109f5" 1 537 -1 0
"8323ddc6a9c03f9e" 1 1266 -1 0
"58c70341829cd42b" 1 1267 -1 0
"45d47bed10408251" 2 1268 1269 -1 0
"12b7109dbde77e98" 2 1270 36 -1 0
"9b5ad71be5bb8b3d" 1 1271 -1 0
"cdb8ae042783e1a1" 2 1272 1273 -1 0
"0a48777a701f8cc2" 1 1274 -1 0
"deecace459da325f" 1 1275 -1 0
"46acd13a2ec641f1" 2 1276 1277 -1 0
"4dda4c44e33e33e4" 1 1278 -1 0
"5515a7a43db5f2ee" 4 1279 1280 36 1281 -1 0
"807d112e475de9f6" 1 1282 -1 0
"5512569820299f73" 1 1283 -1 0
"477448763c5d0092" 2 1284 1285 -1 0
"8b6ed989bffeb7b2" 2 1286 1287 -1 0
"f517044a5fdc3f6c" 3 1288 1289 1290 -1 0
"2e4fd531881bfa1b" 2 1291 1292 -1 0
"75806a21b8fe48b0" 1 1293 -1 0
"4a259f9b81cafd3d" 1 1294 -1 0
"1fc9c4166a86a3c9" 1 1295 -1 0
"e37ef98043525946" 1 1296 -1 0
"b8133ffa1c1efec2" 1 1297 -1 0
"faee7cdb00b10560" 3 1298 33 792 -1 0
"526c99efcda55adb" 1 1299 -1 0
"2701de5aa6710068" 1 1300 -1 0
"fba504d48f3da5e4" 1 1301 -1 0
"8deb54fd430a5d21" 2 113 132 -1 0
"8d0ea612db1c45f3" 2 1302 1303 -1 0
"6a93a3341a90b67a" 1 1304 -1 0
"3f38d8aee26c5cf6" 1 1305 -1 0
"04ec0e19cb280283" 1 1306 -1 0
"d8814393a4f3b700" 1 1307 -1 0
"106dc30debc2e128" 2 30 1308 -1 0
"72daad78568b0319" 1 1309 -1 0
"477fd2f23f47b895" 1 1310 -1 0
"13446efde1d4d077" 3 1311 958 1312 -1 0
"b56d7252c9aab92b" 1 1313 -1 0
"8a02b7cc92766fa7" 1 1314 -1 0
"5fa6ec377b321534" 1 1315 -1 0
"245b12b1540ebab0" 1 1316 -1 0
"7bad315f006ad081" 2 1317 139 -1 0
"cd948c96069516c9" 1 1318 -1 0
"9249b111ee51cb46" 1 1319 -1 0
"bd8a5e45ebf67688" 8 1320 1321 1322 1323 1324 537 1325 470 -1 0
"9b06aa2bb703da02" 3 1326 1327 1328 -1 0
"b2b7c5a967377483" 1 1329 -1 0
"c874cdd1a71ba45f" 2 1330 31 -1 0
"2366e59ebedbd43e" 2 1331 1332 -1 0
"f54a9a73da562b95" 1 1333 -1 0
"815d403304566076" 2 1334 1335 -1 0
"64383ad265b92c2b" 1 1336 -1 0
"ef34bac749c0fbae" 2 1337 1338 -1 0
"174f0523df52c56f" 4 523 150 1339 1340 -1 0
"9ac8490f7b3c4e20" 2 1341 877 -1 0
"1a35b1f5f989f77c" 2 492 1342 -1 0
"8e51833880aebe29" 3 1343 1344 1345 -1 0
"84a64e6bed8fd468" 1 1346 -1 0
"594b73e5c65b8ae4" 1 1347 -1 0
"2eefa850af173071" 1 1348 -1 0
"f294edca78e2e5fd" 1 1349 -1 0
"c739134551be8b7a" 1 1350 -1 0
"9cdd48bf2a7a3107" 1 1351 -1 0
"61828d2a0346e683" 1 1352 -1 0
"3627b2a4eb029c00" 1 1353 -1 0
"7022229812b4fd70" 2 1354 46 -1 0
"26dd1963e88f2110" 2 1355 1356 -1 0
"79b9877e4f214322" 1 1357 -1 0
"4e5ebce828fce8ae" 1 1358 -1 0
"1303f16301c89e2b" 1 1359 -1 0
"e7a727ddd98444b7" 1 1360 -1 0
"e2bbed9c63744880" 2 1361 1362 -1 0
"5695c63d64e7454d" 1 1363 -1 0
"2b3afba74da3fac9" 1 1364 -1 0
"ffde2122267f9056" 1 1365 -1 0
"c483669cfe3b46d2" 1 1366 -1 0
"99289b07d707fb5f" 1 1367 -1 0
"6eccc081b0d2a1eb" 1 1368 -1 0
"fef3528afc20f5eb" 3 1369 470 36 -1 0
"08163b66626afce4" 1 1370 -1 0
"dcba60e04b26a271" 1 1371 -1 0
"427abe7db6759269" 2 1372 1373 -1 0
"f5cd298ac4fc068c" 2 1374 178 -1 0
"a06129120cef1e91" 2 1375 1376 -1 0
"e45bba258f81d5c1" 2 1377 1378 -1 0
"7b87388c57d209f3" 3 1379 1188 1380 -1 0
"6d3fed4b86d43512" 2 1381 1382 -1 0
"9672ee5e7593b6b7" 1 1383 -1 0
"cb2658efcb4fb05a" 2 1384 1385 -1 0
"79ec09f8ee8f58b1" 2 190 1386 -1 0
"d905b338e8b26dc9" 1 1387 -1 0
"40d827bee7144adc" 2 1388 45 -1 0
"6e075497946bf3b2" 2 1389 1390 -1 0
"1d9788025cd114eb" 1 1391 -1 0
"ccfdbe2cd9d58fea" 2 1392 1393 -1 0
"8b852861e6351571" 1 1394 -1 0
"35f15e712aa07b1c" 4 1395 1396 1397 1398 -1 0
"93cc22b523207110" 1 1399 -1 0
"fecf6d891ddf1899" 3 1400 1401 1402 -1 0
"d65ff68f864f1822" 1 1403 -1 0
"abf33cf96f0bcdae" 1 1404 -1 0
"54ec6d5838b965ee" 3 98 178 1405 -1 0
"454d96ee11a229b7" 1 1406 -1 0
"1ae1db59f96ece34" 1 1407 -1 0
"ee8601d3d23a74c0" 1 1408 -1 0
"b33b364eabf52a4d" 1 1409 -1 0
"88df6bb884c1dfc9" 1 1410 -1 0
"2d84f5593b6d9864" 2 1411 1412 -1 0
"618e876cbe0f4094" 2 1413 1414 -1 0
"a578297f32b008b4" 2 1415 1416 -1 0
"3a50efe182448771" 1 1417 -1 0
"0ff4156c5b003dfd" 1 1418 -1 0
"d3a94ad634dbd28a" 1 1419 -1 0
"485925270bcc3b1d" 2 1420 1421 -1 0
"ed7bab8c72338725" 3 33 1422 1423 -1 0
"dfaa7dc31c112111" 2 470 1424 -1 0
"599666ad1cd5f7c9" 5 1425 1426 1427 1428 1429 -1 0
"152e3acce7183c80" 3 1430 1431 1432 -1 0
"37aa234920d042d9" 1 1433 -1 0
"0b0d153da60ebec3" 3 1434 1435 11 -1 0
"a598c2a8ba24436f" 1 1436 -1 0
"7a3df71393ffe8eb" 1 1437 -1 0
"4fd13d8d6cbb9e68" 1 1438 -1 0
"14866208458744f4" 1 1439 -1 0
"e979f480be684cf7" 4 1440 1441 150 1442 -1 0
"8a28aa24cf37b229" 2 1443 146 -1 0
"49b140b858a6411f" 2 1444 5 -1 0
"f062a1c66a3e4610" 1 1445 -1 0
"146fdd1803f33bdd" 3 1446 1447 1448 -1 0
"34f47690dd5dfc22" 1 1449 -1 0
"0999ab0ba629a2be" 1 1450 -1 0
"22abf5b6713e7287" 2 1451 1452 -1 0
"c7b0553bbb112e7a" 2 132 1453 -1 0
"8092605bb6a80ebf" 2 1454 1455 -1 0
"9f1517c82d5323ad" 1 567 -1 0
"c48cf16e3a4ab5ef" 2 1456 1457 -1 0
"f6772265d0f72bb8" 4 132 1458 1459 45 -1 0
"f880d69bd4da982d" 3 1460 1461 2 -1 0
"e8b7f0189841701f" 2 1462 5 -1 0
"ab579f198608a078" 2 1463 1464 -1 0
"ef41313c0aa95898" 2 1465 1466 -1 0
"da8824dc2d711393" 1 1467 -1 0
"4e389bc05f14e3d0" 2 1468 1469 -1 0
"4976c33cb7d41429" 1 1470 -1 0
"1e1bf8a690a0c9a5" 1 1471 -1 0
"07d97290970056b7" 3 1306 46 1472 -1 0
"e029977818302739" 2 1473 1474 -1 0
"2513398b9bd1de59" 2 1475 1476 -1 0
"faf63865b557cbc0" 1 1477 -1 0
"7578232764b26d54" 1 13 -1 0
"cf9b6ddf8e13715d" 1 1478 -1 0
"1f69d142bfbb206b" 3 1479 46 1480 -1 0
"3792fb3fdb84577d" 1 153 -1 0
"3e890d3f197672e2" 1 1481 -1 0
"033e32b9f142286f" 1 1482 -1 0
"d7d27724da0ecdeb" 1 1483 -1 0
"ac77ac9ea3d97378" 1 1484 -1 0
"dd4c5353a9c9da23" 2 321 1485 -1 0
"84d10a6ceed22932" 2 1486 1487 -1 0
"c8cb9b7f6284d062" 2 1488 1489 -1 0
"0db53d82f5268882" 2 1490 1491 -1 0
"9a292b7267bb2811" 2 46 1492 -1 0
"08642169d34d34ad" 5 1493 315 1494 75 5 -1 0
"370136f494360cc3" 4 1495 178 1496 1497 -1 0
"0e8d93def3bc4723" 2 1498 1499 -1 0
"428735e1875efe43" 2 1500 1501 -1 0
"0f01ee1b9f5b2fba" 4 1502 46 1503 1504 -1 0
"b109f93a9d419a6f" 1 1505 -1 0
"86ad2fa4761d30fb" 1 1506 -1 0
"85128706ed02afc5" 1 146 -1 0
"4426bc4066245895" 3 1507 1508 1509 -1 0
"c930048ed93ce60e" 1 1510 -1 0
"a14606c2da5f492c" 2 1511 1512 -1 0
"382e93ed649fe793" 1 1513 -1 0
"003d606710d9d464" 2 1514 1515 -1 0
"a61c334dfee2f829" 1 1516 -1 0
"6e14dafb554460ac" 2 1517 1518 -1 0
"150ad2ac8946f9be" 1 1519 -1 0
"f24f706fe3897925" 3 658 1520 1521 -1 0
"83f7720c14a9fa44" 1 1522 -1 0
"589ca776fc65a0d0" 1 1523 -1 0
"2d31ece0d531565d" 1 1524 -1 0
"f1e5126baefcfbd9" 1 1525 -1 0
"c68a47d587c8a166" 1 1526 -1 0
"9b2f7c40609457e2" 1 1527 -1 0
"60d3b1ca39500d6f" 1 1528 -1 0
"5a5006eaab8fdcad" 1 659 -1 0
"3578e635122ca2fb" 1 1529 -1 0
"0a1d1cafeae75878" 1 1530 -1 0
"f316895c61d1e84c" 4 1531 1532 178 1533 -1 0
"4dafe0895e070f8a" 1 1534 -1 0
"125426f337d2b417" 1 1535 -1 0
"e6f85b6e00ae5a93" 1 1536 -1 0
"6a748983316c6c8c" 3 1537 1538 1539 -1 0
"2a8b204873cd01b5" 1 1540 -1 0
"fe2065b25c89b632" 1 1541 -1 0
"c3d49a2d25556cbe" 1 1542 -1 0
"02f0e8cd53da0a87" 3 1543 1544 1545 -1 0
"07676ff6987413d0" 1 1546 -1 0
"db0c94717140c85d" 1 1547 -1 0
"a0b0d9eb4a0c6ed9" 1 1548 -1 0
"5436af65fec90574" 3 1549 294 1550 -1 0
"a65d06201120334f" 2 1551 1552 -1 0
"b8e7d33096f6ca78" 1 1553 -1 0
"6108486ba1ef5675" 2 984 315 -1 0
"8d8c09aa6fb27005" 1 1554 -1 0
"2f3149461863929f" 2 1555 1556 -1 0
"010d57f0cda7d854" 2 160 1557 -1 0
"1d184767c0f6140b" 3 1558 1559 1560 -1 0
"3f0d7dd36d3528ac" 1 1561 -1 0
"04b1b25e3601dd29" 1 1562 -1 0
"8799122112be83e2" 2 1511 958 -1 0
"d856e7c81fcc73b5" 1 1563 -1 0
"adfa1d33f7982932" 1 1564 -1 0
"60248ec849df5678" 2 502 1565 -1 0
"8eff0a276b64ec68" 2 1566 1567 -1 0
"b942177f2403a9d4" 4 1568 1569 31 1570 -1 0
"5f7b817ce51bd0e9" 1 1571 -1 0
"2420c6e6ced68666" 1 1572 -1 0
"65daa7e1b722d7f0" 2 1573 1574 -1 0
"67c05ae46d94abd0" 3 1575 1576 119 -1 0
"edbeda08be653741" 2 1577 1578 -1 0
"cca22e52624c0dfe" 1 470 -1 0
"d5a03b10cc593e0e" 1 1579 -1 0
"b3d54afc0e31b053" 3 1580 1581 1582 -1 0
"aa9caf31495a4eb1" 2 1583 1584 -1 0
"b28c6aded1104039" 1 1585 -1 0
"8721af49badbe5b5" 1 1586 -1 0
"5cc5d4c393a79b32" 1 1587 -1 0
"217a0a3e6c6341ce" 1 1588 -1 0
"f51f3fa8453fe64b" 1 1589 -1 0
"cab374232efa9cc7" 1 1590 -1 0
"07e48ecdd36a99c8" 2 46 1591 -1 0
"640dde08df82f7d0" 1 1592 -1 0
"ef5ea790da82c482" 2 1593 1594 -1 0
"d2fa7e676ae5f866" 1 1595 -1 0
"4e451235100d40ca" 2 1596 1597 -1 0
"41e81ec6f449f9fb" 1 1598 -1 0
"168d4341dd05af78" 1 1599 -1 0
"8d87881a8898776b" 3 315 1325 1600 -1 0
"e0361edcd8198323" 2 1601 1602 -1 0
"5910281b3134569a" 1 1603 -1 0
"2eb45d851afffb17" 1 1604 -1 0
"f2698200f2cba1a3" 1 1605 -1 0
"383b1eaecd867340" 3 1606 1607 178 -1 0
"6157226f7d1fa239" 1 1608 -1 0
"36fb57d956ea58b5" 1 1609 -1 0
"0b909c443fa60e32" 1 1610 -1 0
"df35c1ce0872b3ce" 1 1611 -1 0
"c5b93c8dff74de54" 2 1612 5 -1 0
"798e2ca3c90a0fc7" 1 1613 -1 0
"86ba0a5a441d2326" 2 7 1614 -1 0
"13d796987b916ad0" 1 1615 -1 0
"e77ccb03546d006d" 1 1616 -1 0
"bc11018d2d29b5e9" 1 1617 -1 0
"81c536f706f46b66" 1 1618 -1 0
"566a6b62eeb011f2" 1 1619 -1 0
"2b0f90ecb78cb67f" 1 1620 -1 0
"cbe669f962b749bc" 2 142 1619 -1 0
"cfc9950e7919434f" 2 364 5 -1 0
"ffa3d55790586cfb" 1 1621 -1 0
"c4580bc179141288" 1 1622 -1 0
"ea0d205409d69ce7" 2 1622 5 -1 0
"99fc304c42efb705" 1 1623 -1 0
"6e9175b62bab6d81" 1 1624 -1 0
"3346aa210477131e" 1 1625 -1 0
"08eadf9bdc33c89a" 1 1626 -1 0
"dc8f0516b50f6e17" 1 1627 -1 0
"a1344a809eca14a3" 1 1628 -1 0
"fa04651f4ebf0245" 2 1619 5 -1 0
"76d87ffa6796c920" 1 1629 -1 0
"50633ee08ca5b52e" 2 1617 5 -1 0
"4b7da47540627fac" 1 1630 -1 0
"1022e9ef192e1539" 1 1631 -1 0
"e4c61f5af1f9cab5" 1 1632 -1 0
"55b8b722fa368807" 2 1633 5 -1 0
"8e00894fa38126ce" 1 1634 -1 0
"53b4beb98c4dcb4b" 1 1635 -1 0
"2859e334651971d7" 1 1636 -1 0
"fcfd19ae3ed42754" 1 1637 -1 0
"c1a25e1917a0dcd0" 1 1638 -1 0
"96478393ff6c726d" 1 1639 -1 0
"6cf9f4da3a62725a" 3 1640 45 1641 -1 0
"004ae6cbd0b2415e" 2 1642 1643 -1 0
"ae7e8dd73c57defb" 1 1644 -1 0
"6e215160262dcc86" 2 1645 1646 -1 0
"8b09786f83ef6b06" 3 1647 1648 1649 -1 0
"a7877cd7fe65b396" 1 316 -1 0
"01125d08ee3900fe" 2 1650 1651 -1 0
"25a3378b03a53c20" 1 1652 -1 0
"550a1f8edbdca427" 1 3 -1 0
"f9486cf5eb61e1bc" 1 1653 -1 0
"93c8c3ef6a1416db" 2 428 1654 -1 0
"9391d6ea9df83db5" 1 1655 -1 0
"68360c5576c4e242" 1 1656 -1 0
"e7eceac23bf6fa77" 2 1657 1658 -1 0
"2cd68cd5be98a2a7" 2 1659 1660 -1 0
"707d06a9b2bf3fd0" 1 1661 -1 0
"8acde67af3133edf" 2 1662 1663 -1 0
"3f84bfc9c7a7baac" 2 132 1664 -1 0
"2b8cbfa303724d67" 2 46 1665 -1 0
"88a410fdfe9a9b7f" 1 1666 -1 0
"ad725f29520bbb32" 2 132 1667 -1 0
"22fd7ad2b032f688" 1 1668 -1 0
"f692bf4d89fd9c05" 1 1669 -1 0
"cb37e4c762c94291" 1 1670 -1 0
"90eb1a324b85f71e" 1 1671 -1 0
"dc0d24ecf0f4f41f" 2 46 1672 -1 0
"3a258427fc1d4327" 1 1673 -1 0
"7d056caef49fbe11" 3 1674 68 1613 -1 0
"783adad141512931" 3 316 1675 1676 -1 0
"a2336bdf4e1b95a1" 3 1677 119 1678 -1 0
"1701c3e512d35542" 1 1679 -1 0
"eba5f850fa9fface" 1 1680 -1 0
"b05a2ecac36ba05b" 1 1681 -1 0
"880e2e6255ee2854" 6 365 1682 1683 1684 1685 1686 -1 0
"f438925c14ccb1af" 5 1687 1688 7 1689 1690 -1 0
"6e7f4683fea70302" 2 1513 146 -1 0
"d0c832635c316988" 1 1691 -1 0
"348c991eb4e948d3" 4 194 119 1692 1693 -1 0
"b3201680ef756284" 2 1694 190 -1 0
"7126acfaafa4638a" 2 785 1695 -1 0
"12badc8942212dbb" 1 1023 -1 0
"c20722aeafeef082" 2 1696 1697 -1 0
"07f0c3b13390b8a2" 2 1698 1699 -1 0
"fbe130381e98d7cc" 2 377 831 -1 0
"3c2f7de95922112f" 3 1700 1701 1702 -1 0
"9a70b0e096ae6dce" 1 1703 -1 0
"6f15e55b6f6a135b" 1 1704 -1 0
"3345fff7bae85d34" 2 451 1705 -1 0
"096e404021027e54" 1 1706 -1 0
"22c5f28ff2ff4b5b" 2 1707 1708 -1 0
"8cf0610cd6b7dfde" 1 194 -1 0
"66bf84928691038b" 2 1709 1710 -1 0
"aaa926a50a33baab" 2 1711 1712 -1 0
"baeeb4791f74260c" 1 1713 -1 0
"8f83f9e3f740db88" 1 1714 -1 0
"1af12f112026d8c5" 2 492 318 -1 0
"54382f5ec01c7115" 1 1715 -1 0
"3b602145740e007c" 3 1716 1717 1718 -1 0
"9b40372030dc97d3" 6 1716 1717 33 1719 1717 1720 -1 0
"b0f43dfc7b2e2068" 4 1716 384 5 1721 -1 0
"8602b6c37909d5ff" 5 1716 1722 1723 881 1724 -1 0
"817c67b9855d886d" 8 1725 1184 1726 276 1727 1728 152 1729 -1 0
"3d377f79a1413ffa" 2 1730 754 -1 0
"ebbcf1c7f3c22d65" 6 1731 1012 537 1732 1733 1734 -1 0
"0a91451765be1b49" 2 142 1735 -1 0
"487c3805ee085676" 2 1481 1736 -1 0
"b5f321f3976efcfd" 3 1716 1737 1738 -1 0
"a2b98dd20a897f87" 3 1716 409 5 -1 0
"b67c69589b798d36" 6 1739 1740 1741 754 132 1742 -1 0
"1b3ae033b80640b3" 1 1743 -1 0
"58dfbb6d6a7ee8c8" 6 1716 1744 112 1716 409 1745 -1 0
"d0c850c167cd9fa6" 3 1716 1746 1747 -1 0
"1cef4b56aa170538" 3 1716 1748 5 -1 0
"f71620f1ddbc42de" 1 1749 -1 0
"d055d09762c58f84" 5 1716 1750 1751 152 30 -1 0
"16eb46956b69b31f" 17 1752 1753 1754 881 1751 881 1755 1756 428 1757 1758 46 1757 1759 1760 1761 1762 -1 0
"5b170954c9b1b12e" 1 1763 -1 0
"20cb3ece928d57aa" 1 1764 -1 0
"0717e63a45a806bf" 8 1716 1765 1766 1767 520 1716 1768 5 -1 0
"b6d1831104130f31" 4 1769 1770 1771 1772 -1 0
"c8a22a47b96acb70" 5 1716 101 1773 1774 6 -1 0
"a23869d76aa7e0a0" 2 1775 1776 -1 0
"13246ad59a27e10c" 2 1777 321 -1 0
"e53258f4f17c8523" 1 432 -1 0
"83cc17319e72c6f9" 1 1778 -1 0
"eddcf97b6e6639c1" 2 1779 464 -1 0
"2d068126401a1203" 1 1780 -1 0
"5e7a7bedc7e3bcd4" 2 1781 801 -1 0
"c65feb0bf1a17d0c" 1 1782 -1 0
"9bf32185da6d1398" 1 1783 -1 0
"60a856ffa339c815" 1 1784 -1 0
"354d8b6a8cf47e91" 1 1785 -1 0
"0ae1c0e465c0242e" 1 1786 -1 0
"de86f55f3e8cc9aa" 1 1787 -1 0
"a33b2bc917587f27" 1 1788 -1 0
"78df5044ff1425b3" 1 1789 -1 0
"39a11482b85e9d5d" 1 1593 -1 0
"63534550ad914cda" 2 365 1790 -1 0
"44313e4f4128d3d4" 3 139 114 1791 -1 0
"e6cdff938a772649" 1 1792 -1 0
"e8c1d7730a662602" 2 1793 1794 -1 0
"55bb9ff215da27de" 1 1795 -1 0
"47b832184fd0b14a" 2 1796 1797 -1 0
"c3a93f52af2e2864" 1 1798 -1 0
"a5af9cac845b3d72" 2 1799 1800 -1 0
"e9993ebf08fce4a2" 2 1801 1802 -1 0
"af1fff45c8c6a2c9" 2 1803 132 -1 0
"a0857e11c4e43a8f" 1 1804 -1 0
"628d61e51f3054f2" 2 1805 1806 -1 0
"1f631e705f383b15" 1 1807 -1 0
"30865deb42b28c31" 2 726 1198 -1 0
"e31843fa2804e0a1" 1 1808 -1 0
"5aa5c85ec5b0f96d" 4 642 142 1809 259 -1 0
"8d51bddfd99b3caa" 1 1810 -1 0
"5206e25ab267e137" 1 1811 -1 0
"49580f906bfd3f7b" 2 1812 1813 -1 0
"c0f382b94dbae2cc" 1 1814 -1 0
"9598b72426869849" 1 1815 -1 0
"c14c32c66241aecb" 2 1816 1817 -1 0
"04865783b0e999de" 1 1818 -1 0
"d82b8cfd89a54f5b" 1 1819 -1 0
"4a2075ec69840e1c" 2 1820 1821 -1 0
"8e1a07ffec26b54c" 2 1822 1823 -1 0
"74d0a5bd6b023542" 3 1824 1825 1826 -1 0
"5f4036a160f3ac8f" 1 1827 -1 0
"24f46b1c39bf421c" 1 1828 -1 0
"ad6758703d909b80" 2 434 1829 -1 0
"cd3ec501fa47ad15" 1 1830 -1 0
"92e20b7bc31353a1" 1 1831 -1 0
"678730f5acdef82e" 1 1832 -1 0
"c8aea85813d9c9e2" 3 1833 537 1834 -1 0
"d575df4537320ab3" 1 1835 -1 0
"aa1a05cf000eaf30" 1 1836 -1 0
"328146756e9a86d0" 3 564 1837 1838 -1 0
"4f25e391a9c2d79e" 3 1839 178 75 -1 0
"edacd999732d5652" 1 1840 -1 0
"b2511f045ce80cde" 1 1841 -1 0
"87f5448e25b4b16b" 1 1842 -1 0
"bad4175d128fd0f8" 2 1843 785 -1 0
"214fae63e64c0d64" 1 1844 -1 0
"f5e3e3edbf08b2f0" 1 1845 -1 0
"ca88195898d3687d" 1 1846 -1 0
"9f2d4ec271af0ef9" 1 1847 -1 0
"386f06bfe1ad869e" 2 1848 892 -1 0
"3976b8b723376903" 1 1849 -1 0
"0e1bed220cf21f8f" 1 1850 -1 0
"d2cf13acd4ceb41c" 1 1851 -1 0
"a7645817bd8a6a98" 1 1852 -1 0
"7c098d8196561025" 1 1853 -1 0
"916ccb7206f1079a" 3 1854 1855 112 -1 0
"eaf62de021b911ba" 1 1856 -1 0
"bf9b526bf975c637" 1 1857 -1 0
"b662c8d59a4dfd01" 4 1858 877 1859 464 -1 0
"4f37754aaf45e73f" 2 1860 1861 -1 0
"fbb3f58c40ecd45e" 4 1862 1863 1864 1865 -1 0
"d91821759a27843f" 3 1866 1867 1868 -1 0
"7953d0e834e2da7d" 1 1869 -1 0
"608c7281c9086feb" 3 1870 1057 1871 -1 0
"0396b0fff7ea405f" 3 75 5 1872 -1 0
"bce5a5b2a702819f" 1 1873 -1 0
"819ada2d70dd271c" 1 1874 -1 0
"dbb243f922798abf" 2 139 1875 -1 0
"707407eaccd47201" 2 1389 659 -1 0
"2bd3451232658225" 1 1876 -1 0
"85dc41a11ed6ef26" 2 396 689 -1 0
"ff787a8c0b2138a1" 1 1877 -1 0
"4229175c4443f7b2" 4 151 196 1878 1710 -1 0
"41a1df7f4dd0fe36" 7 151 1879 1880 1881 1882 1883 1884 -1 0
"9c7cc3d1b6210770" 2 365 1885 -1 0
"4b4259aaba3b3b52" 1 1886 -1 0
"10f68e159307e0ee" 1 1887 -1 0
"53e1a5670690503d" 2 1888 142 -1 0
"b930f80a459e3ce7" 1 1889 -1 0
"8ed42e742e5ae174" 1 1890 -1 0
"407552f0ba298089" 4 1891 632 1892 112 -1 0
"bcb5975bfc82f092" 6 608 366 1893 1894 1895 1896 -1 0
"306592bd1cdc991c" 1 1897 -1 0
"050ac728f4a84f98" 1 1898 -1 0
"2a51bc16244ded3a" 2 1899 1900 -1 0
"73f767878ffb403e" 1 1901 -1 0
"366621b0f72c8a92" 2 758 1902 -1 0
"33cf74d86182e903" 4 365 562 1903 132 -1 0
"e1e507e61a5f41c3" 1 1904 -1 0
"b68a3c51f22bf640" 1 1905 -1 0
"8b2f61dbcbe6accc" 1 1906 -1 0
"50d3a646a4b25259" 1 1907 -1 0
"2578dbb08d7ef7d5" 1 1908 -1 0
"6f13b475b575640b" 2 1909 1910 -1 0
"93667b1018d1096b" 1 1911 -1 0
"cd0a1f0afaefef33" 2 1912 1913 -1 0
"02541b7f92350af0" 1 1914 -1 0
"2cf089ae306a7b7b" 2 1915 1916 -1 0
"83b2137db65b3f29" 2 5 944 -1 0
"7042bade2d880b86" 1 1917 -1 0
"a2ce67e1420c6c98" 4 68 1918 1300 1919 -1 0
"ee205a3eb7eb0c1c" 1 1920 -1 0
"b3d48fa890b7b1a8" 1 1921 -1 0
"0d83d5e3ba07ab73" 2 315 2 -1 0
"8879b42379736725" 1 1922 -1 0
"5d1ee99d424f0da1" 1 1923 -1 0
"22c22f082b0bb23e" 1 1924 -1 0
"7cea87d4dca616d1" 2 139 1925 -1 0
"2065e6e14e61fc9e" 5 132 160 754 132 1926 -1 0
"a5bc13115534a96c" 2 1927 1928 -1 0
"af7627e3faec4796" 2 142 1929 -1 0
"3b587e35c9cd84b3" 5 341 160 754 132 1930 -1 0
"2e9056375c7709bc" 2 1931 1932 -1 0
"d867b3803c02e299" 2 113 1933 -1 0
"1b39224eba094470" 3 1934 160 1935 -1 0
"b20fa72f9d3aa2bd" 3 464 160 1935 -1 0
"3ca3a756ef0d31ba" 2 132 1936 -1 0
"4605723e41b0be4d" 2 1937 544 -1 0
"851461736dbb601a" 3 1938 1939 291 -1 0
"440767ae08e78882" 2 1940 5 -1 0
"63b0dd12b4b10dc5" 2 1941 150 -1 0
"8d5f1718af785395" 2 1942 1943 -1 0
"844097d5d2417cb3" 1 1858 -1 0
"7cf7a916c4f8c70f" 4 1944 1945 1946 1947 -1 0
"a5321c03afd5daba" 1 1948 -1 0
"7ad6418d78a18047" 1 1949 -1 0
"26714d0378748ab5" 3 1950 365 1951 -1 0
"89ad019662f3e80a" 12 46 1952 434 807 1953 807 1954 413 1012 1955 1956 642 -1 0
"432e07446ee82035" 5 46 1957 1958 413 132 -1 0
"9a45551601873974" 1 1959 -1 0
"a5a856cbe3a06aad" 2 294 785 -1 0
"6fe98a80e943eef0" 1 1960 -1 0
"a17091c8b2914630" 2 14 1961 -1 0
"0933f4759bda3a0a" 1 1962 -1 0
"9c2afa817d9122ea" 2 5 5 -1 0
"ddd72aef64a6ef86" 1 1963 -1 0
"a28c5f5a4d629513" 1 1964 -1 0
"772194d4263e3b9f" 1 1965 -1 0
"02d0780f56ee096f" 2 1966 1063 -1 0
"ace7b97f4c631353" 7 1967 812 1968 1012 1969 1970 132 -1 0
"540dc3934be44dba" 1 1971 -1 0
"2a5a6b067f81a91f" 2 658 301 -1 0
"29a1090e14b0f247" 1 1972 -1 0
"fd463e78fc7c98c3" 1 1973 -1 0
"7cc85c7a4805a7f2" 2 194 1974 -1 0
"fd67600ce50b8c36" 3 1975 132 1976 -1 0
"31e8035260ab4fd5" 1 1977 -1 0
"068d38cc3967f462" 1 1978 -1 0
"248fbcd0a0dea170" 2 1979 1980 -1 0
"ff807d3e008ada8d" 3 1832 142 1981 -1 0
"82762775e5493da8" 2 1982 1983 -1 0
"e269778b5e1ef68d" 1 1984 -1 0
"27320ee3b1c4a91e" 4 1985 464 173 31 -1 0
"8ca2e17010b55296" 1 1986 -1 0
"515717eae8710813" 1 1987 -1 0
"26fb4c55c14dad9f" 1 1988 -1 0
"6941c43032072831" 2 1989 1990 -1 0
"94e9ebb45c90be25" 1 1991 -1 0
"698e113f256c54b1" 1 1992 -1 0
"e135f756394a8781" 2 1993 1994 -1 0
"d77cb09ebfbf5547" 1 1995 -1 0
"402c52fa7eb413c9" 2 1996 1997 -1 0
"5e8fe5802449089e" 3 1998 132 1999 -1 0
"efa3cad20caab1e5" 1 2000 -1 0
"6d98c20c4334fe7e" 3 2001 2002 2003 -1 0
"a335001bb1158907" 5 68 113 2004 210 2005 -1 0
"110bec84c7e2a7af" 3 2006 2007 2008 -1 0
"3b7d99f0bbb4c496" 1 2009 -1 0
"0022de6b84807a13" 1 2010 -1 0
"8ade7c2fe0068dc0" 6 132 14 132 132 2011 2012 -1 0
"260288e2378d2558" 2 2013 1258 -1 0
"54d1d2a019e73643" 2 2014 1456 -1 0
"1859d8bfc07bc6b1" 1 2015 -1 0
"04dc21282347753e" 2 317 2016 -1 0
"d87166920c032bba" 2 317 2017 -1 0
"476241debf00c06b" 2 2018 119 -1 0
"5bebad89349a7dc3" 1 2019 -1 0
"e6bc95d10f0aa5f7" 2 432 1627 -1 0
"aec83514ca96cdbc" 3 321 2020 2021 -1 0
"c9d94de8ceed7e59" 1 2022 -1 0
"3e8ad21b1309a2d6" 3 327 112 112 -1 0
"700c37058d9574a7" 2 313 2023 -1 0
"6323b7dd7085d962" 1 2024 -1 0
"e57491776184a204" 2 2025 2026 -1 0
"d111573d0bd8daf7" 1 2027 -1 0
"446bfb0ca6fe2e3c" 2 2028 2029 -1 0
"ea03eb94b9e266e3" 3 881 2030 2031 -1 0
"e948518157c33796" 1 2032 -1 0
"8f63a2861c342032" 2 364 2033 -1 0
"642aff9904655d15" 5 2034 2035 2036 2037 2038 -1 0
"a32accecf9ff7815" 2 2039 2040 -1 0
"e7146eff7d913045" 2 2041 2042 -1 0
"a7065e1b05570cef" 4 2043 2044 2045 417 -1 0
"cacce1a3b6f5d742" 2 523 2046 -1 0
"12fd6f5e1c844c62" 1 2047 -1 0
"e692a4d8f450f1fe" 1 2048 -1 0
"e8ebc44c8b28fed5" 2 2049 2050 -1 0
"558044388fa3f284" 1 2051 -1 0
"2a2579a2687f9801" 1 2052 -1 0
"905f13f39ae8a05e" 4 2053 150 2054 2055 -1 0
"6db74e7ccb9e4f13" 1 2056 -1 0
"bfdf2ba61897360c" 2 523 2057 -1 0
"0701b8618d26aa2c" 1 2058 -1 0
"c121f11f8d254db8" 3 2059 2060 2061 -1 0
"4a938d3be055514e" 1 2062 -1 0
"1f38b2b5c91107ca" 1 2063 -1 0
"a47b099981b3064a" 1 844 -1 0
"c6ff2f928e624df1" 2 46 291 -1 0
"e3ece720a2ecac47" 1 2064 -1 0
"646594534ee6d233" 5 1010 2065 132 2066 2067 -1 0
"277fbcf9060c5369" 1 2068 -1 0
"fb14f174eec709e5" 1 2069 -1 0
"1dff6bd1345293e4" 3 2070 2071 2072 -1 0
"3fa6c64e42f6bff7" 1 2073 -1 0
"a98c41c14b577dd1" 2 2074 317 -1 0
"18113f9b60b68214" 6 2075 2076 227 1860 2077 1347 -1 0
"47edc0929ed11c96" 1 2078 -1 0
"dd5df53b7ec1c82c" 3 578 2079 2080 -1 0
"b5db60f129351d2c" 1 2081 -1 0
"8a70a56cf101c2b8" 1 2082 -1 0
"9cb9acaf43521b39" 4 2083 877 2084 132 -1 0
"f86e35cb8c54c34e" 1 2085 -1 0
"8f0c6a058c7e4db0" 2 2086 2087 -1 0
"675cd42b17b7c4d3" 1 2088 -1 0
"5a8b51b531b61108" 1 403 -1 0
"3cf01a95ff737a50" 1 2089 -1 0
"4772693738c28c22" 2 359 2090 -1 0
"670007269d605461" 2 2091 208 -1 0
"aaeea9f48ad67be5" 1 2092 -1 0
"7f83ee6f53a22172" 1 2093 -1 0
"443814e93c6ec6fe" 1 2094 -1 0
"aad0a9d25cddef69" 2 2095 2096 -1 0
"b2ef68bc72274d99" 4 2097 321 30 2098 -1 0
"318a646f85dd7f95" 2 2099 537 -1 0
"d1d1560cfe9b4537" 2 1394 2100 -1 0
"c5513918bec84356" 2 2101 180 -1 0
"ca5dbd8d03bc2423" 1 2102 -1 0
"f226ff2b195882fc" 1 581 -1 0
"9ff1f208eb78d9af" 1 2103 -1 0
"64a62872c4448f2c" 1 2104 -1 0
"394b5dec9d0035b8" 1 2105 -1 0
"58322a4be247db98" 2 2106 564 -1 0
"d294c7d15f9780c1" 1 2107 -1 0
"a739fc4c2863364e" 1 2108 -1 0
"6886d458e459c58a" 2 2109 2110 -1 0
"c4d8b2609e1c3e26" 2 432 689 -1 0
"ac70766b68fa7daa" 2 2111 2112 -1 0
"1b3bb5b50bf5c612" 2 881 2113 -1 0
"5a6b610dbee6cc75" 3 2114 2115 2116 -1 0
"f203db6ad77d39fe" 1 2117 -1 0
"c7a701e4b049ee7b" 1 2118 -1 0
"51829b6c64f934aa" 2 341 689 -1 0
"ae6d75be0b76941f" 6 2119 119 2120 2121 11 537 -1 0
"502a3c647260aa2b" 2 2122 2084 -1 0
"dfde0b29fc244b1a" 1 2123 -1 0
"a48340a3d5ffe0a6" 1 2124 -1 0
"7928751eaebb9623" 1 2125 -1 0
"bcf34836434192e5" 2 222 2126 -1 0
"b98e5863d4e6e84b" 3 2127 327 17 -1 0
"e716157d391f97b8" 1 2128 -1 0
"bcba4ae712ea4d35" 1 2129 -1 0
"816f7f52faa6f2c1" 1 2130 -1 0
"dfec9f9fceac049f" 2 2131 139 -1 0
"41014f9b4d244e44" 2 2132 2133 -1 0
"c4f1543c5ec5a9d3" 1 2134 -1 0
"999689a637915f50" 1 2135 -1 0
"6e3bbe11106df4ec" 1 2136 -1 0
"e3e14b43164081bc" 2 2137 2138 -1 0
"dc295e70aab00672" 1 2139 -1 0
"a1dd83fa738cabfe" 1 2140 -1 0
"a48b8e1b70ff02fe" 3 2141 2142 2143 -1 0
"70c93e30992fd07c" 3 2144 2145 2146 -1 0
"c33b41c240a3d463" 1 1030 -1 0
"31528f344febeaf7" 4 2147 2148 2149 2150 -1 0
"d9b66ffbcfa52e3c" 2 2151 119 -1 0
"6b850278bde9bf35" 1 2152 -1 0
"e58118db226d0fed" 2 2153 2154 -1 0
"d973a1d7484db0da" 1 2155 -1 0
"ae18d64221196657" 1 2156 -1 0
"73cc0cbcf9d41cd3" 1 2157 -1 0
"bf0e8c12d7a4630b" 2 2158 46 -1 0
"ee8ca24f73f45e0a" 2 2159 68 -1 0
"cc5ca5967e1bf976" 2 2160 2161 -1 0
"015647a9f1cca1a6" 2 2162 2163 -1 0
"278deb8e5766f11a" 2 2164 11 -1 0
"f9e1b560d0237908" 1 2165 -1 0
"0bb8f19f2c41e518" 2 327 2166 -1 0
"933b105582bac411" 1 2167 -1 0
"75127c815964f4bf" 1 525 -1 0
"cd241cd28ca1c817" 2 2168 2169 -1 0
"0229bfa41d0ec5a6" 1 2170 -1 0
"2c1b7677c12c445f" 2 2171 2172 -1 0
"6015188a45cdfb7f" 2 2173 2174 -1 0
"1a50c9f859f82245" 1 2175 -1 0
"eef4fe6332c4d7c1" 1 2176 -1 0
"42ee68ca49160701" 2 2177 112 -1 0
"03f514321ed93fd7" 2 2178 2179 -1 0
"b313afce6c60a5e4" 3 2180 150 2181 -1 0
"cad76d66b1d56c24" 2 881 424 -1 0
"397245570b71b396" 3 2182 1290 2183 -1 0
"652a9817090335f5" 1 2184 -1 0
"afe57c4093972d98" 2 654 2185 -1 0
"04cd7a7e1c600e78" 2 2186 2187 -1 0
"a8bc6de07c22eb08" 1 2188 -1 0
"7d51a26b45fd8194" 1 2189 -1 0
"8ca1bd9423b36dc8" 2 2190 2191 -1 0
"eb4f32cadf41922a" 1 2192 -1 0
"b0f37735b81d38a6" 1 2193 -1 0
"8598acaf81e8ed23" 1 2194 -1 0
"5a3dd12a6aa493bf" 1 2195 -1 0
"2fd117944370493c" 1 2196 -1 0
"638c4b5f6f615851" 2 2197 2198 -1 0
"9dcfa6f3ddc34ac1" 1 2199 -1 0
"3fe6b88ad938d9ef" 7 2200 2201 2202 150 2203 11 2204 -1 0
"7aabe5b2f28a4cec" 1 2205 -1 0
"4f402b2dcb46f179" 1 2206 -1 0
"882ebea14fc5933d" 2 2207 406 -1 0
"e89985128ddd4d72" 1 2208 -1 0
"bd3eba8c56a9f20f" 1 2209 -1 0
"82e2fff63f65a88b" 1 2210 -1 0
"af24f369b27c8349" 3 2211 422 417 -1 0
"25a35108530b4c46" 2 2212 443 -1 0
"f0d09f56c9c8a911" 1 2213 -1 0
"c575c4d0a2945f9d" 1 2214 -1 0
"76086e5d40009cb3" 3 2167 2215 5 -1 0
"6fbe2fb5542caaa6" 1 2216 -1 0
"346364303de75033" 1 2217 -1 0
"090899aa06b306bf" 1 2218 -1 0
"ddacce15ee7fab3c" 1 2219 -1 0
"a251049fb74b51c8" 1 2220 -1 0
"77f5390a90170745" 1 2221 -1 0
"4c9a6e7479d2bcc1" 1 2222 -1 0
"60d2280dcb30eddc" 2 2223 1660 -1 0
"ba243b5d2cf28232" 3 384 31 264 -1 0
"0db2fb57a47a01da" 2 317 2224 -1 0
"f2ba5747d34f3685" 2 519 2225 -1 0
"da459108531ee3ec" 1 443 -1 0
"8f2d335edcf163e3" 1 2226 -1 0
"54d178c8b5cd0960" 1 2227 -1 0
"16279cabb2c637d3" 1 2111 -1 0
"9026c47cb2f2fc55" 4 2228 1800 2229 119 -1 0
"c2cf082840211af5" 1 2230 -1 0
"062e0fbce84ec8e7" 6 2231 2232 2233 2234 2235 2236 -1 0
"74408c514e93c1ad" 1 2237 -1 0
"2c499e28d5f51f42" 4 1161 2238 2239 119 -1 0
"e23e1cb0d8f6c233" 1 2240 -1 0
"71029a155b74ce2d" 5 222 2241 2242 325 2243 -1 0
"3a89e80bf2458e93" 3 2244 2245 2246 -1 0
"ff9b9e4d4c0c71af" 1 341 -1 0
"a042eb4cea711bd8" 1 780 -1 0
"94be80f9c6797ada" 1 2247 -1 0
"78659fd65e927148" 4 2248 2249 2250 2251 -1 0
"ace59a3e0364d679" 1 2252 -1 0
"719acfa8eb208cf5" 1 2253 -1 0
"463ff423c4fb2282" 1 2254 -1 0
"43c3c63a8f91dc05" 4 2255 2256 2257 2055 -1 0
"f515c07e649f3236" 2 2258 30 -1 0
"2711fc7e4c34d626" 2 2259 2260 -1 0
"f7bf695cb27ed92a" 1 2261 -1 0
"cc54aec69b3a8fa6" 1 2262 -1 0
"a5d1a28b8c7544ee" 4 2263 2264 2265 1325 -1 0
"df13226a913bfa5b" 3 2266 36 2267 -1 0
"42e52c4c1c9379de" 2 2268 2269 -1 0
"86dfbd5f9f35210f" 2 2270 2271 -1 0
"20aa51e132406214" 2 1860 139 -1 0
"ecc2b26f141048e3" 1 2272 -1 0
"e4c628f3e4bfac37" 2 2273 2274 -1 0
"57b2804c9d588262" 1 1955 -1 0
"5bb052ceae634979" 1 2275 -1 0
"175822c41b50f9d4" 2 2276 150 -1 0
"6ca0c5dbf36d1860" 2 2277 150 -1 0
"c9aee12e39c64a0f" 1 2278 -1 0
"9e4327981292ff8b" 1 2279 -1 0
"63f75c03fa5e9518" 1 2280 -1 0
"389c818dc32a4b94" 1 2281 -1 0
"090d0aa4a4560e47" 4 2282 178 1324 315 -1 0
"3a8b3bbc086bbbcb" 1 1161 -1 0
"d1e5fb6285b1a6ad" 1 2283 -1 0
"9cbd6bc68d333c88" 3 46 1955 2284 -1 0
"23e824bfdbd0bd47" 3 2285 2286 327 -1 0
"5b9d659f4b137be2" 3 114 944 2287 -1 0
"2931ad81985c6055" 4 2288 2289 2080 812 -1 0
"0163cd0eb2a51e80" 2 2290 2291 -1 0
"2dafca8035cba95e" 1 2292 -1 0
"f154000b0e875fda" 1 2293 -1 0
"d9e7a71c50e92c56" 4 2294 180 139 2295 -1 0
"6042af5a98ea5070" 1 2296 -1 0
"d099a4b7dc471f3e" 5 2297 2057 113 2298 754 -1 0
"d8fb3d22d7736c3b" 3 2299 754 2300 -1 0
"b351ed6ebcfbe365" 4 2301 2302 2303 2304 -1 0
"bb0c7e7848f46321" 1 2305 -1 0
"56718da023f96cf4" 3 2306 2307 132 -1 0
"47fc2ca9526453f1" 2 2308 2309 -1 0
"c34388cc84efbfbf" 1 2310 -1 0
"02cc177d78e34956" 3 2311 2312 2313 -1 0
"07d55d96f70f66d1" 1 2314 -1 0
"2ec7c964ae124e7a" 2 2315 2316 -1 0
"b1f504ba05c43eea" 2 327 2317 -1 0
"25808ff2be8792ac" 2 1161 2318 -1 0
"1f0d57ea34f9c270" 1 2319 -1 0
"bcd2d4b98cde3223" 2 492 2320 -1 0
"b856c1dfe5812e79" 1 2321 -1 0
"8dfaf64ace4dc306" 1 2322 -1 0
"52af2cb4a7197982" 1 2323 -1 0
"499cf8327e71e033" 2 2324 2325 -1 0
"e5f058de504aed93" 2 568 1091 -1 0
"704d35260b22e5de" 5 327 321 2326 2327 564 -1 0
"eb0da1f5a5ec2014" 2 2328 323 -1 0
"e822353cfe3f1257" 3 2329 2330 2331 -1 0
"f967cdc44e26bd8a" 2 2332 132 -1 0
"721e305d20fe22cf" 1 2333 -1 0
"47b275c709bad74c" 1 2334 -1 0
"1c57aa32e1868dc8" 1 2335 -1 0
"6ed4e63500bd5a55" 2 11 2336 -1 0
"ec456b264524e23c" 2 2337 2338 -1 0
"17a2ba07c06d5204" 3 293 33 31 -1 0
"214ffc39c8c59a5c" 2 2339 2340 -1 0
"96be0b91117666f8" 5 2341 2342 2343 2344 2345 -1 0
"017ae3454328eb82" 1 2346 -1 0
"c0c1a18d45354b2e" 2 2347 190 -1 0
"aab35e2af4bf379b" 1 2348 -1 0
"6e62b554aa549987" 3 2349 2350 75 -1 0
"19a1fd898f034821" 1 2351 -1 0
"c4f76f2d9f689c55" 2 2352 2353 -1 0
"debedc7022f495c8" 2 2354 132 -1 0
"4f281d98038872f6" 3 2355 2356 2357 -1 0
"81d534662a5da3d5" 2 2358 2359 -1 0
"647bcca73f1d4bd1" 1 2360 -1 0
"5ca819456b72b451" 5 2361 2362 365 2363 2364 -1 0
"c13048a558d1d1fa" 2 2365 812 -1 0
"ec7c3745e836d2cf" 7 2366 1999 2367 2368 2369 2370 2371 -1 0
"4f7b6fdbb2d889e6" 2 2372 2373 -1 0
"5de29ec2cc18d857" 1 2179 -1 0
"c77ca51a2b12ba21" 1 2374 -1 0
"344f4d212553580a" 3 208 2375 2376 -1 0
"4b2f64ec371f1f82" 2 2377 1848 -1 0
"0c5934154dbd9067" 2 2378 2379 -1 0
"a458e4d840d8bc4c" 1 2380 -1 0
"79fc1a43299462d8" 1 2381 -1 0
"4e915fbdf1601855" 1 2382 -1 0
"8d527f687241bc3a" 3 2383 2384 2385 -1 0
"59902f8d8b708bb7" 3 2386 2387 2388 -1 0
"ff12c3f6ffd2cffc" 1 2389 -1 0
"8515dd775297ce48" 2 2390 2391 -1 0
"d59c388667d91807" 2 46 2392 -1 0
"b21f9af0bc20b31a" 4 2393 2394 2395 2396 -1 0
"38fb02ef9399bd7b" 2 2111 2397 -1 0
"4beb9215afecc2bd" 1 2398 -1 0
"a0e90d4522f66101" 2 2399 2400 -1 0
"0c87438c32627a1c" 2 2401 1948 -1 0
"faa9dc850fd0854e" 4 2402 46 19 2403 -1 0
"0fbf19057697a77e" 2 726 1231 -1 0
"7a91ec565d55f968" 2 2404 36 -1 0
"fc6c074e9d6f7a55" 1 2405 -1 0
"5077727834bb07de" 3 68 2406 2407 -1 0
"0bc451dae4df90b3" 2 2408 1325 -1 0
"e5ab05a4b32fd7c1" 2 2409 2410 -1 0
"2a95a6b737c09fe1" 2 2411 2412 -1 0
"7391b0f174bdd789" 1 2413 -1 0
"5c581c96311b398b" 3 222 1321 178 -1 0
"97ca716dfa39b50b" 3 2414 2415 2416 -1 0
"68c7e590d55c8a74" 4 2417 132 417 2123 -1 0
"8bc8ba36b0a83428" 1 2418 -1 0
"f7fe643156b2a121" 2 37 2419 -1 0
"2512252b62309f21" 1 2420 -1 0
"ee80f69a8ba4befa" 2 422 2421 -1 0
"bf4b7d7874bb02b4" 4 2422 132 33 2423 -1 0
"e12ff64f60f59b05" 3 317 2424 2425 -1 0
"02fd54e987e6915c" 1 2426 -1 0
"d692995460b247d8" 1 2427 -1 0
"ab37cece397eec55" 1 2428 -1 0
"70ebf349124a92e1" 1 2429 -1 0
"703da172decb48b6" 3 190 2430 2431 -1 0
"ea009c54efed0454" 2 2432 75 -1 0
"b37ec813856949f3" 1 2433 -1 0
"88130e8d5e25fe70" 1 2434 -1 0
"5db7330837f0a40d" 1 2435 -1 0
"226c687210cc4a89" 1 2436 -1 0
"fbb16f6f59a3eae5" 3 2437 1593 365 -1 0
"13910af58049870d" 3 321 2438 470 -1 0
"b87ee6bfdf57e892" 2 525 2439 -1 0
"4b3a12a076fe4006" 1 606 -1 0
"97c491e4383cef60" 2 2001 1225 -1 0
"65fe3d4c73ebf0ab" 1 2440 -1 0
"8d428aaf353385a0" 2 2441 428 -1 0
"85fb7b98f99cefed" 5 1791 2442 2443 132 150 -1 0
"263f7b12f1c9eec1" 4 2444 30 2445 2446 -1 0
"a6c873fe664e0ab4" 2 2447 2448 -1 0
"b0c81c6a23f5045c" 1 2449 -1 0
"f905d921120eb206" 1 629 -1 0
"e79d671925ebb817" 2 33 2450 -1 0
"5a02865fd48d5f55" 1 2451 -1 0
"7b8aafa57eab3494" 2 68 2452 -1 0
"f35be0449615ba6e" 1 2453 -1 0
"c8ff16be6fd060fa" 1 2454 -1 0
"09f7c7637c9e102e" 3 2455 2456 2457 -1 0
"0c82fa88d200170d" 1 2458 -1 0
"d0372003bbcbbc89" 1 2459 -1 0
"6fcca8ceab1bdc44" 4 1848 400 2460 1837 -1 0
"5b4d8540d2e20480" 3 2461 438 2462 -1 0
"889891110a8c97cc" 3 2463 2464 2465 -1 0
"82b7943ca94e6431" 1 2466 -1 0
"7fd16efa2aa4aeba" 1 301 -1 0
"12303f8e0b3f5ca7" 4 428 2467 2468 2469 -1 0
"2e59443d791f4841" 4 261 2470 75 2471 -1 0
"6f83d3facef4765c" 1 2472 -1 0
"0d344660615c8d1e" 2 1679 142 -1 0
"ed2a48d614931eb6" 2 2473 2474 -1 0
"2224e9e99735c5e6" 2 2475 2476 -1 0
"77cadd3f0befc2fa" 1 2477 -1 0
"4c6f03b9e3bb7877" 1 2478 -1 0
"065e63673a8fe072" 3 33 2479 464 -1 0
"e5b87d9e9543d380" 1 2480 -1 0
"eef1be13222adc57" 2 2481 2482 -1 0
"54a61dfd20a6d416" 1 2483 -1 0
"4de819b76794689f" 2 2484 2485 -1 0
"c294bc5dbaf9d5ab" 1 2486 -1 0
"9739e1d793c58b28" 1 2487 -1 0
"c5dc4cdd6ed7c7ef" 2 2488 2489 -1 0
"bbab57272aa51afb" 3 132 150 5 -1 0
"062781372e198cbd" 1 2490 -1 0
"05b8a47ad6b27afb" 2 2491 2 -1 0
"af60fb1cdfa0e7c6" 1 2492 -1 0
"2a34550928039bda" 7 2493 150 2228 2494 2495 33 417 -1 0
"e203c0f543df8ed8" 1 2496 -1 0
"b7a7f5602c9b3465" 1 2497 -1 0
"8c4c2bdaf467e9e1" 1 2498 -1 0
"ea40dc5316b1e6ce" 3 415 2499 2500 -1 0
"fa3aca3a8fbaea77" 1 2501 -1 0
"cfdeffa468869004" 1 2502 -1 0
"9483352f31524680" 1 2503 -1 0
"69286a991a1eeb0d" 1 2504 -1 0
"5e05d63f20f3c438" 2 2505 45 -1 0
"0c66ba790e960d41" 2 2506 2507 -1 0
"acba3f638d3d922f" 1 2508 -1 0
"b70e6661f2202115" 2 2509 119 -1 0
"3231282c1f33c055" 1 2313 -1 0
"4604a9583fc4fd28" 1 2510 -1 0
"a2660611f662590a" 4 384 2511 2512 2342 -1 0
"e24158345a54f7d9" 2 2513 2514 -1 0
"273be947ddf5aff9" 2 2515 2516 -1 0
"f7841e813d47a5df" 1 2517 -1 0
"b66263294bb4c1a7" 2 2518 438 -1 0
"05fc46b0e80e0c53" 3 2519 2520 2521 -1 0
"d03bf5d5f14ddad0" 3 2522 2523 2524 -1 0
"9588da238d950cf3" 2 317 2525 -1 0
"077b6df885bd192f" 4 46 2526 2527 2528 -1 0
"e4e025cc6671851b" 2 2529 2530 -1 0
"5b85f6f3294c052f" 1 2531 -1 0
"50f0936614d74c2e" 5 2532 2532 1780 2533 2534 -1 0
"f40fe03928b30462" 4 2535 14 2536 2537 -1 0
"46642c7dd99a5425" 4 46 2538 2539 2540 -1 0
"9a3921bad8c81111" 8 2541 2542 2543 2544 2545 2546 244 2547 -1 0
"2d747fb5af947504" 1 2548 -1 0
"3f3c578831a8b866" 5 2549 2550 2459 2551 992 -1 0
"6017449f03c32c16" 1 2552 -1 0
"35bb790aeb8fc1a2" 1 2553 -1 0
"0a50be74c45b772f" 1 2554 -1 0
"def4e3fe9d172dab" 1 2555 -1 0
"0f64d78e0d8a076d" 2 881 2556 -1 0
"604c8bb79768314d" 2 2557 2558 -1 0
"a4362dca1b0ae86d" 2 2559 2560 -1 0
"0ac0e35a37dee4e6" 3 2561 45 2562 -1 0
"552a8d9274658adf" 1 2563 -1 0
"019b052b44201165" 2 2564 1553 -1 0
"6114f104a5feffdd" 2 2565 2566 -1 0
"98bc527cd78431f1" 1 2567 -1 0
"cffa5c98ea698b16" 2 2568 2569 -1 0
"04f4fdab6e0b3346" 2 2570 2571 -1 0
"48ee8fbee1bcea66" 2 2572 2573 -1 0
"4a3dc6a5d507e899" 1 2574 -1 0
"81510b50c78f70f9" 3 2575 2576 2577 -1 0
"9c13a3b47da94efb" 4 2578 264 2579 315 -1 0
"27190664fabdeab4" 1 2580 -1 0
"63b3ce8cb11c8d1f" 2 2581 2582 -1 0
"01f1d40e457df798" 3 2583 2584 2585 -1 0
"bb9cdb46e5eee0e8" 2 2586 866 -1 0
"a4025347cabd74f2" 3 1035 36 2587 -1 0
"ad3eaf08c10c48e8" 1 2588 -1 0
"a263dc51a1838a2f" 2 394 2589 -1 0
"969f899a35dda6bd" 2 2590 36 -1 0
"1c2c4f675c5f497e" 1 2591 -1 0
"e0d084e1352bfefa" 1 2592 -1 0
"b575b95c0ee6a487" 1 2593 -1 0
"076c218098be8f18" 2 2594 2595 -1 0
"25318bcab0f3f9b8" 2 2596 315 -1 0
"cbe9b22c8319e99e" 2 2597 36 -1 0
"cdacb3a05ad10126" 1 2598 -1 0
"9251f81b23ada6a2" 1 2599 -1 0
"bfabda982e3835be" 5 132 132 132 2600 2601 -1 0
"014f887abdf0b738" 1 2602 -1 0
"b56dc5f89723d5cc" 2 2603 1225 -1 0
"aa88f26f6f880341" 1 2604 -1 0
"662bf161ebbfd9f0" 2 2605 2606 -1 0
"762a94704427f1f9" 4 918 2607 2608 2609 -1 0
"8764322e844f056c" 1 2610 -1 0
"5c0967986d0bbae8" 1 2611 -1 0
"21bd9c0346d66075" 1 2612 -1 0
"1d21f47b98a21fe1" 2 317 2613 -1 0
"28d1a3faa208f7d3" 2 17 2614 -1 0
"9f9b3c62d03a610b" 1 2615 -1 0
"644071eca9f51787" 1 2616 -1 0
"39e4a65782c1cc04" 1 2617 -1 0
"da9cab809a5d6703" 3 2618 132 139 -1 0
"d1b433317912738f" 8 2619 2 2620 1575 45 45 2621 2241 -1 0
"412ca0abceac19a2" 1 2622 -1 0
"8e05e55219137dd1" 3 2623 2624 2625 -1 0
"ba67378929d40b38" 5 2626 2627 2628 31 2629 -1 0
"cb5a0988a3a49b8f" 1 134 -1 0
"c7415a4f95fa76d6" 1 2630 -1 0
"74ad325c63827f77" 4 46 2631 2632 2633 -1 0
"0fd1db7c89b4d6be" 17 470 2634 2635 2636 2637 2638 2639 2640 2118 2641 2642 2643 2644 2645 2646 1347 75 -1 0
"2d227ae7c31f354e" 4 2647 2648 2649 5 -1 0
"ede2cf849c550cc3" 30 2650 2118 2651 2634 1039 1071 2652 2653 235 2654 75 2655 2656 2657 2658 2659 2660 2661 2662 417 2663 2664 2665 2666 2667 2668 2669 2670 470 112 -1 0
"241cd268bb13841f" 2 2671 2536 -1 0
"cc90af2881ae9b2e" 2 2672 2673 -1 0
"8b9d5f6b2b7100dd" 1 2674 -1 0
"504294e5044da55a" 1 2675 -1 0
"39657220b8e15c11" 3 30 2676 2677 -1 0
"ce2034459e90b6ef" 1 2678 -1 0
"93d469bf676c5c6c" 1 2679 -1 0
"68799e2a403802f8" 1 2680 -1 0
"6d47ad7a42810b6f" 2 434 785 -1 0
"3d1ec3a429f3b775" 1 2681 -1 0
"02c2091ff1cf5df1" 1 2682 -1 0
"d6673e89da8b038e" 1 2683 -1 0
"ab0c6304b357b80b" 1 2684 -1 0
"d30f2c24ca34ad89" 2 2685 17 -1 0
"4555dde865ee0414" 1 2686 -1 0
"d39f612aa4252d8e" 4 68 2687 2688 2689 -1 0
"57b97b7876476d6f" 3 151 1832 2690 -1 0
"d949535979b1d023" 2 132 466 -1 0
"5d8cd73da1d960b2" 1 2691 -1 0
"22311da78a95163f" 1 2692 -1 0
"f6d542226361cbbb" 1 2693 -1 0
"79063a4092582406" 2 5 11 -1 0
"16c0e516a778ce2f" 1 2623 -1 0
"8b1e31f928a040ef" 2 2694 2695 -1 0
"65c3e181fdb4cc41" 1 2696 -1 0
"3a6817fbc68072dd" 1 2697 -1 0
"0f0d4c66af4c185a" 1 2698 -1 0
"d3b181e08818cdd6" 1 2699 -1 0
"332feea8aa6e2656" 2 2700 376 -1 0
"eb228973f5696f16" 2 222 2701 -1 0
"8ce5a73636370f70" 2 2702 2703 -1 0
"7d554dac4e1e4d3e" 3 2704 2705 2706 -1 0
"5ad62b845f562b0b" 1 2707 -1 0
"2f7b500f2822d097" 1 2708 -1 0
"2072fcbee7647080" 3 222 2709 2327 -1 0
"c8c4cae3e9b92c90" 1 2710 -1 0
"9d69ff5eb285d12d" 1 2711 -1 0
"007ef4073655034d" 4 984 5 2712 542 -1 0
"881b4b919d9c2578" 4 5 2713 2714 2715 -1 0
"a5a00aa20f603ebb" 1 2716 -1 0
"7a453f1dd73cd348" 1 2717 -1 0
"eac00ffc37888cc4" 2 101 2718 -1 0
"149e990299c33f41" 1 2719 -1 0
"e833de7c629fd4dd" 1 2720 -1 0
"5aa8dacafa792153" 7 2721 137 1225 2722 132 649 139 -1 0
"164fadc571c538f4" 3 2723 132 150 -1 0
"1372614ce9c88453" 2 2724 406 -1 0
"f07ad8c0be7a317c" 1 2725 -1 0
"8f5dda0b50ea5b52" 2 2726 2727 -1 0
"cf88232054523e46" 6 2728 142 1931 2729 2730 17 -1 0
"223366125436c82c" 5 2731 2732 5 2733 31 -1 0
"4c34b7ee5e84442d" 1 2734 -1 0
"aa221ad8204afd0b" 2 2735 2736 -1 0
"9850f3369f623d5d" 4 2737 2738 466 2739 -1 0
"2910f6ad734b4648" 1 2740 -1 0
"6700ee02ba2f058b" 2 2741 2742 -1 0
"8a72fc80237cbbcc" 2 1030 2743 -1 0
"ca0027f461228dab" 2 5 244 -1 0
"9448f9926020c412" 2 30 132 -1 0
"3c419a70155bea89" 5 470 2744 2745 2746 132 -1 0
"da906bd671cdfdef" 1 2747 -1 0
"af3590515a89a37c" 1 2748 -1 0
"3bc17b0b75a01792" 4 5 132 2084 2749 -1 0
"0856d8da748589e5" 2 2750 119 -1 0
"1e2330b0e4eca402" 1 2751 -1 0
"6f58782049dd3202" 1 2728 -1 0
"53e4bbefd74f40ac" 3 2752 438 75 -1 0
"b77c9a959674001b" 1 2753 -1 0
"88c734be3085e47d" 1 130 -1 0
"8c11df007f30b597" 1 2754 -1 0
"25b51a8743aaea9c" 2 2755 2756 -1 0
"edc114b5fdf8710a" 5 3 2757 2623 31 2758 -1 0
"9458d954bb2b0236" 1 2759 -1 0
"69fc0fce84f6b7b2" 1 2760 -1 0
"a7f1c1ecd8324539" 2 2761 150 -1 0
"034679b3468e03cb" 1 2762 -1 0
"d7eaae2e1f4ab848" 1 2763 -1 0
"ac8fd3a8f7166ec4" 1 2764 -1 0
"71341913d0e11451" 1 2765 -1 0
"2e8c29d066c42ed2" 2 595 132 -1 0
"46d84e8da9adb9dd" 1 2766 -1 0
"1b7d730882796f5a" 1 2767 -1 0
"d1091033c69cef9b" 1 747 -1 0
"ef12b8726b3515e6" 1 2768 -1 0
"b4c6edec3401ca63" 1 2769 -1 0
"896b13671dcc60ff" 1 2770 -1 0
"5e0058d1f598167c" 1 2771 -1 0
"cece9ce6a679f5da" 5 2772 132 2084 793 2773 -1 0
"2f2e0e65a9162640" 2 33 2774 -1 0
"292d0949177986bc" 3 2775 132 151 -1 0
"664752263283721b" 1 2776 -1 0
"e333bb49e9ac8f4e" 2 2777 2778 -1 0
"d435f185ccd673a0" 1 2779 -1 0
"9580802ad14aadec" 1 535 -1 0
"a9d927ff95a2292d" 1 2780 -1 0
"7e7e5c6a7e6ecea9" 1 2781 -1 0
"a322093b76c8b144" 2 649 150 -1 0
"432391e4573a7436" 1 2782 -1 0
"74822c002d9ace35" 2 98 150 -1 0
"a01180827491a6ce" 2 2783 2784 -1 0
"b1113144e19d75cb" 1 2785 -1 0
"86b566beba592b48" 1 2786 -1 0
"5b5a9b299325d0d4" 1 2787 -1 0
"80eb122adfbccd9e" 3 227 325 560 -1 0
"bc549352079cd490" 1 2641 -1 0
"200fc0a37ce08651" 1 2788 -1 0
"f4a3061e45bc2cdd" 1 2789 -1 0
"c9483b882e78d16a" 1 2790 -1 0
"9eec6003074487e6" 1 2791 -1 0
"65e80f28a68341ee" 5 2792 2793 2794 1325 1660 -1 0
"2acc1ae4896bc4bf" 2 2795 2796 -1 0
"7bc8afb12cfa8902" 1 2797 -1 0
"407dd43cf4c63f8e" 1 2798 -1 0
"83c2ddee33854244" 3 2799 2800 2801 -1 0
"8300b90668e5e5a0" 1 2802 -1 0
"2b94803197f19350" 2 2803 2804 -1 0
"f1fd4965f249e636" 1 2805 -1 0
"c6928edfcb059cb2" 1 2806 -1 0
"d1df0c4c160e40d3" 4 2807 2808 788 1481 -1 0
"f0f93d7ec82d8d72" 2 2809 1871 -1 0
"ec7544fd0dfd762a" 5 2810 2811 2812 2813 2814 -1 0
"126c5dfd7b1f9f63" 1 2815 -1 0
"e601927854ea45ff" 1 2816 -1 0
"7744b8956719849d" 1 429 -1 0
"bba5c7e23da6fa7c" 1 2817 -1 0
"7765a1e17cc18529" 4 2818 2819 2820 365 -1 0
"facc0a9c68266a77" 2 33 7 -1 0
"fe389cbc90d5a19e" 1 2821 -1 0
"063bf6997210cfeb" 2 438 31 -1 0
"c3ecc1377991571b" 1 2822 -1 0
"24c90051b3981eb1" 1 2084 -1 0
"988107a1526dfc97" 1 2823 -1 0
"6d263c1c2b29a224" 1 2824 -1 0
"9d290be27ca8882f" 4 1394 2825 2826 2827 -1 0
"a0c801f59e485936" 1 2828 -1 0
"756d366077140fb2" 1 2829 -1 0
"8cf22e9af6107b6a" 2 2830 2831 -1 0
"2b9dd3bdad577bc2" 4 2832 1890 2833 2834 -1 0
"5249752f8cca01ed" 1 2835 -1 0
"12869f03c6d7ace2" 5 2836 689 30 2837 291 -1 0
"8cf5beccfd8105ff" 4 2838 315 2839 75 -1 0
"6a708f63d8b56d7c" 1 2840 -1 0
"ebb1fe7b4a11c543" 2 2841 2842 -1 0
"20bb809ecdb27d63" 2 2843 2844 -1 0
"2b7d8e7c17171a70" 1 2388 -1 0
"72b789b715a0c91b" 1 2845 -1 0
"475cbe22fd6c6f97" 1 2846 -1 0
"9ec0b50924c893f3" 4 2847 2848 264 2849 -1 0
"70a7b1b2315ae2ad" 2 2850 150 -1 0
"94310e7f813fabfc" 4 2851 2852 2853 564 -1 0
"8f6a517f11c3c74c" 2 2854 2855 -1 0
"67cac2ca764228d4" 1 2856 -1 0
"3c6ff7355f0ecd51" 1 2857 -1 0
"fc88d63a2a21f08b" 4 2858 2859 2860 2861 -1 0
"44a602899bf82aff" 1 2862 -1 0
"86fb5d17b3c7e647" 2 2042 867 -1 0
"ed769b3836920704" 2 2863 564 -1 0
"edef6c6e4d808509" 1 2864 -1 0
"b294a1e8265c2b85" 1 2865 -1 0
"8739d6530f18d012" 1 2866 -1 0
"2323c363f766c945" 2 2867 2868 -1 0
"f52776b2997bd1a7" 1 2869 -1 0
"cacbab2d62478724" 1 2870 -1 0
"9f60e0a74b033da0" 1 2871 -1 0
"c504cf0bb0820dad" 2 2872 2873 -1 0
"429c93327e2b483b" 4 2871 2874 2875 139 -1 0
"bf73183f5050c7de" 2 2876 1584 -1 0
"7c4c106660c93fcb" 1 2877 -1 0
"41f055d04985e458" 1 2878 -1 0
"acde5dc50d30f736" 2 2879 2880 -1 0
"9ad7d682c63a6137" 4 30 2881 2882 31 -1 0
"59285f15857041f6" 1 2883 -1 0
"2ecc849f5e3ce673" 1 2884 -1 0
"f271c90a37089cff" 1 2885 -1 0
"83b9fa8059fdd2ce" 2 2886 2887 -1 0
"379ffa30b1a86463" 4 2888 2889 415 2890 -1 0
"0d31c6f7ace5f021" 1 2282 -1 0
"269af638121a1627" 2 2891 2892 -1 0
"799663bd0e46f924" 1 2893 -1 0
"4e3b9828e612afa0" 1 2894 -1 0
"ae7e2a5e195d7577" 2 2895 2896 -1 0
"bc2938877175a046" 1 2897 -1 0
"648f2c9e587685b7" 2 2898 417 -1 0
"a71466ccfdbbcc40" 2 2899 1660 -1 0
"416f2606e179b8df" 2 2900 2901 -1 0
"c46042dbbd500dd4" 1 2902 -1 0
"99057746962ca261" 1 2903 -1 0
"dbc802ac97dc99a6" 1 523 -1 0
"6ea9acb07fe758ed" 1 2904 -1 0
"05d46112e8b6d8de" 2 316 2905 -1 0
"2ef61170878f50d4" 2 2157 2906 -1 0
"dc974c100a4b5973" 1 2907 -1 0
"a14c719ad2170fff" 1 2908 -1 0
"76e0b605bbd2b48c" 1 2909 -1 0
"6af95ac925ee1f1f" 1 792 -1 0
"4b85eb7f84ae5a09" 1 2910 -1 0
"103a11f96d6a0095" 1 2911 -1 0
"e4de46644636b512" 1 2912 -1 0
"b9738bde1ff16b9e" 1 2913 -1 0
"8e18b059f7cd012b" 1 2914 -1 0
"6a9847df9354be48" 2 7 132 -1 0
"e8a51fe17a94207a" 4 1481 2915 137 2916 -1 0
"6dfbcb10cf5f1a29" 2 2917 2918 -1 0
"965fba9d34b86db9" 1 2919 -1 0
"54fe5d0260ca3386" 2 2920 150 -1 0
"e3408b4fe9e58cb3" 3 2921 2922 2923 -1 0
"ae86c4e180a3c958" 1 2924 -1 0
"06cae139d840de3c" 2 2925 464 -1 0
"48df2fc6323b1561" 1 2926 -1 0
"1d7464411bf6caed" 1 2927 -1 0
"ccba9cf013607402" 2 2928 2929 -1 0
"8b6204a0a55acb73" 1 2930 -1 0
"6599e70242b7d8c9" 2 160 2931 -1 0
"c8793cc27e2403a9" 5 2932 2932 2932 1593 2933 -1 0
"cef4d87a09797295" 1 2934 -1 0
"93a90ee4e1452812" 1 2935 -1 0
"684e336fba01dd9e" 1 2936 -1 0
"3de278d993dc732b" 1 2937 -1 0
"0297ad447c9829a7" 1 2938 -1 0
"d63cd2ce4564de24" 1 2939 -1 0
"abd018392e2084b0" 1 2940 -1 0
"70854da307fb2a3d" 1 2941 -1 0
"b42d94825f4f2318" 1 2257 -1 0
"452a722edfb7dfb9" 1 2942 -1 0
"1acea798b8838546" 1 2943 -1 0
"ee63ec03915f2bc2" 1 2944 -1 0
"b318128d6a1bd05f" 1 2945 -1 0
"88bc47f743e686db" 1 2946 -1 0
"5d518c622ca23c58" 1 2947 -1 0
"00c334935bad11a3" 2 492 153 -1 0
"dac330e20897cabc" 2 1010 2948 -1 0
"f6aae657dd3a8761" 1 2949 -1 0
"cb4f1cc1b6063ded" 1 2950 -1 0
"90f3514c8fc1e27a" 1 2951 -1 0
"659886b6689d88f6" 1 2952 -1 0
"3a3dbb2141693e73" 1 2953 -1 0
"5acee38a0b1a30be" 1 1427 -1 0
"042c61e8b0b57804" 2 2954 2955 -1 0
"a82b5b80dbbc3f09" 1 2956 -1 0
"7dcf800ba488e495" 1 2957 -1 0
"4274c5758d449a12" 1 2958 -1 0
"1719faef561040ae" 1 2959 -1 0
"2ca3b1a0f6c96792" 2 2960 31 -1 0
"eaf60f930d63639c" 2 2961 2962 -1 0
"5aabcfb9c93fe6b0" 1 2963 -1 0
"192ac2d64a5bdb35" 2 182 2964 -1 0
"f3f43aae7bc642c9" 1 2965 -1 0
"c8996f195492f746" 1 2966 -1 0
"9d3e94933d5e9dc2" 1 2967 -1 0
"62e2d90e062a435f" 1 2968 -1 0
"989ce3684ffb5b39" 1 7 -1 0
"37870f78eee5f8db" 1 2969 -1 0
"0c2c34f2c7b1ae58" 1 2970 -1 0
"20c807f29e9bd95d" 2 2971 2972 -1 0
"7a1ad3525215afed" 1 2973 -1 0
"b5c52d6dfb5d5dfa" 2 2142 2974 -1 0
"14634e3704acfaf6" 1 2975 -1 0
"e80873b1ec68a083" 1 2976 -1 0
"bdaca82cb5345600" 1 2977 -1 0
"0e321853feb59708" 3 2978 747 2979 -1 0
"9ba4bec319fe7331" 2 98 464 -1 0
"2c9a488b40975795" 1 2980 -1 0
"bde66490e8435d84" 4 2981 2982 2983 2984 -1 0
"34d152df8c72b334" 1 2985 -1 0
"0976874a654e59b0" 1 2986 -1 0
"4b17fddf25140708" 1 2142 -1 0
"dd1bbcb44e0a0f3d" 1 2987 -1 0
"441676337008aec1" 2 2988 1325 -1 0
"776427a9ff916a46" 1 2989 -1 0
"4c095c14d86d00d2" 1 2990 -1 0
"f3e5d16fea360605" 2 443 45 -1 0
"11bd819ea139b55f" 1 2991 -1 0
"0809de7ee1e6a021" 2 2084 33 -1 0
"cd7ac0db9aa8130a" 2 537 2992 -1 0
"baf6fb7363c01168" 1 2993 -1 0
"8f9b21fd3c8cb6e4" 1 2994 -1 0
"5440666815586c61" 1 2995 -1 0
"29e49bd2fd1412fd" 1 2996 -1 0
"fd89c05dc6efb77a" 1 2997 -1 0
"c23ef5c7afab6df6" 1 2998 -1 0
"97d23b3288771383" 1 2999 -1 0
"6c7760bc5143c800" 1 3000 -1 0
"f27bea9335491933" 2 2623 3001 -1 0
"a3fc94430ae043f1" 2 261 3002 -1 0
"d1ba90a7ff8a6253" 1 2539 -1 0
"da65001ceb96c995" 1 3003 -1 0
"af0a3586c4627f12" 1 3004 -1 0
"74be6af0ad2e15ae" 1 3005 -1 0
"4953af6b76f9ca2b" 1 3006 -1 0
"1ef7d4e55fb570b7" 1 3007 -1 0
"e2ac0a5038812634" 1 3008 -1 0
"f22e8a9fc778fdb0" 2 119 3009 -1 0
"8ce57445e919714d" 1 3010 -1 0
"519aa9bfb2e427c9" 1 3011 -1 0
"570100d7646a00ba" 1 163 -1 0
"02a29a0b69378749" 1 122 -1 0
"263fde2a9ba0dc46" 1 3012 -1 0
"69c9a863580e6b90" 2 3013 3014 -1 0
"1c0cd063c3d673c5" 1 31 -1 0
"942d7e892604dddb" 1 3015 -1 0
"69c1b3040fcf7368" 1 3016 -1 0
"9300c48afc8390c6" 1 2423 -1 0
"e1bddb895f41dae0" 2 3017 3018 -1 0
"9b1f76bda85f27c4" 2 1759 3019 -1 0
"f0bc27794b1eb6a8" 2 3020 132 -1 0
"acdec352ccfc8ca9" 2 122 3021 -1 0
"e48ea529a2f6c95c" 5 222 3022 3023 3024 3025 -1 0
"77427a201070e16f" 2 3026 150 -1 0
"5ed4fc076071e122" 1 3027 -1 0
"23892281493d87ae" 1 3028 -1 0
"1fb2c243d178b0a8" 3 3029 3030 754 -1 0
"9177c1e0d3909834" 1 3031 -1 0
"1b9aec309d4227c3" 3 3032 3033 132 -1 0
"006561406ee399c9" 1 3034 -1 0
"d40a96ba37bf3f46" 1 3035 -1 0
"424413b6b0e8e36a" 2 3036 3037 -1 0
"4173ff62d2f97e81" 3 3038 3039 151 -1 0
"ec31a00f73aa9be4" 1 3040 -1 0
"b1e5d5795c664171" 1 3041 -1 0
"868a0be33532f6fd" 1 3042 -1 0
"3eabeac3e3bc448b" 2 3043 249 -1 0
"20d375d8e6c94207" 1 3044 -1 0
"f478aa43cf85f783" 1 3045 -1 0
"87061b0642116a2b" 2 3046 3047 -1 0
"63664aa25ae8f819" 1 3048 -1 0
"380b7f1d23b4ae95" 1 3049 -1 0
"0dafa4970c705422" 1 3050 -1 0
"d154e902e44cf9ae" 1 3051 -1 0
"d8abfc889416b5bd" 2 3052 3034 -1 0
"6b0b5cd4d6dec779" 5 433 17 3053 3054 3055 -1 0
"e1390d61c9d5cc40" 2 3056 139 -1 0
"f1b64a4a7ecbcb01" 3 3057 142 132 -1 0
"83d45e3bd2cea156" 1 3058 -1 0
"587983b5bb8a57d2" 1 3059 -1 0
"3371be8a93464cbc" 3 3060 45 958 -1 0
"f1c2fd9a6d12b2eb" 1 3061 -1 0
"c667231546ed5868" 1 3062 -1 0
"a3a2b0202007cb74" 2 3063 3064 -1 0
"3555c274d04169fd" 1 3065 -1 0
"c2ea617bbffd94f2" 2 152 3049 -1 0
"3999dc786412b201" 1 313 -1 0
"fdc321974567f072" 2 470 3066 -1 0
"de9e2d5982d8b407" 1 3067 -1 0
"ccee9efc3227fefc" 2 3068 5 -1 0
"60808559aaebd2f4" 2 3069 3070 -1 0
"12310233f5f76b19" 1 3071 -1 0
"e6d537adceb311a5" 1 3072 -1 0
"bb7a6c18a78fb622" 1 3073 -1 0
"f40556ecf4fbc16b" 2 3074 30 -1 0
"11f10d56a014bbd6" 2 5 365 -1 0
"c7abfb4d6bf5baf0" 3 474 3075 31 -1 0
"faed554d6a483f4a" 2 3076 428 -1 0
"4817882d658358d0" 3 3077 1660 139 -1 0
"c3b1766ce37a13c0" 1 3078 -1 0
"346cf29fdddee11e" 2 641 139 -1 0
"a5428da83c1459b5" 2 3079 3080 -1 0
"52542111627e7f77" 3 3081 142 3082 -1 0
"99b90e1ab767e209" 5 33 316 3083 30 45 -1 0
"50e89979db267983" 2 323 323 -1 0
"4823895005309c1e" 2 3084 3085 -1 0
"4ad61010cab870f4" 1 3086 -1 0
"b648b6f4edff1775" 4 19 3087 3088 944 -1 0
"e348864ba3fba2c4" 3 3089 17 132 -1 0
"8d69e4e92ed72707" 1 3090 -1 0
"4eb7c9ffa7c080d5" 2 2390 3091 -1 0
"27b25fcedf6f7210" 1 3092 -1 0
"72b7adac34c8b320" 5 3093 3094 3095 3096 31 -1 0
"ccfb675c735f96f0" 3 3097 417 178 -1 0
"049e8e8df426843b" 1 3098 -1 0
"d833c308dde13ab7" 1 3099 -1 0
"add7f872b6bddf34" 1 3100 -1 0
"728c2eec8f7985c0" 1 3101 -1 0
"4721636768453b4d" 1 3102 -1 0
"0d40de0d4bcdc863" 3 17 3103 3104 -1 0
"13f99fb9ad327838" 2 17 3105 -1 0
"8ab33831db64e16f" 1 3106 -1 0
"5f586daba43097eb" 1 3107 -1 0
"0bf3ec8590fd0a71" 2 3108 17 -1 0
"06c56ee6eda6912f" 3 1957 3109 3110 -1 0
"92fa3285185f3efd" 1 3111 -1 0
"679f67ffe02be38a" 1 3112 -1 0
"3c34ac6ac9e69907" 1 3113 -1 0
"01e8d1e4a2b24f83" 1 3114 -1 0
"da3e817b4e91454a" 5 3115 3116 3117 3118 5 -1 0
"0581e8eaa1adfe47" 2 1023 30 -1 0
"f85aeb8b6cb7a8b3" 5 316 3119 45 729 3120 -1 0
"f126e4b0efec2c7a" 5 1479 3121 3122 17 470 -1 0
"234db03c79289229" 2 3123 3124 -1 0
"f5fb1be70454ad4d" 1 3125 -1 0
"ca905062ec1053d9" 1 3126 -1 0
"c3ef5a143ab06135" 2 2169 1584 -1 0
"23a60067e48138bf" 4 3127 30 1635 325 -1 0
"05567de7b2073ccc" 4 3128 30 676 3129 -1 0
"106364b876e1ec5e" 2 3130 160 -1 0
"4854583eacf1e732" 2 142 3131 -1 0
"a77c8f1102d655f4" 1 3132 -1 0
"1ed23850602b3569" 4 317 31 75 33 -1 0
"7c11c49bda920b71" 1 3133 -1 0
"41c5f906b36ea00e" 1 3134 -1 0
"166a2f709c2a568a" 1 3135 -1 0
"eff14a6ec2bc3f2e" 1 208 -1 0
"c6f5232050da9422" 2 3136 3137 -1 0
"8458cedf178d5710" 1 3138 -1 0
"6910339fc5d101b0" 1 1224 -1 0
"59fcf35aff490d9c" 1 3139 -1 0
"2e9139c4d815b229" 1 3140 -1 0
"69d62fc719e6d78a" 2 3141 3142 -1 0
"835e29913fe763f8" 1 1010 -1 0
"322760f129300725" 4 3143 3144 3145 3146 -1 0
"26b4f301a3dbeefa" 2 3147 3148 -1 0
"796b08e2882fb5d9" 1 3149 -1 0
"ad8b67ef4299fdc6" 4 5 139 3150 3151 -1 0
"bc1ac953eccf4138" 3 542 3152 3153 -1 0
"81a21237c41a1278" 1 3154 -1 0
"278c5a4da162bd9b" 2 3155 3156 -1 0
"6b76fb50350465cb" 2 3157 3158 -1 0
"99d91c7b01057e07" 1 3159 -1 0
"bf6e2a82b0f1905f" 3 190 3160 3161 -1 0
"08c7bbda9b587f9c" 1 3162 -1 0
"6ae792674db9b486" 3 7 3163 3164 -1 0
"76b55b3a26bb7032" 1 3165 -1 0
"864b2b2ef4630874" 2 3166 3167 -1 0
"ca35cc318805bf94" 2 3168 3169 -1 0
"8eec558e62a6dcc0" 1 3170 -1 0
"292c27d5cd7f3bdc" 2 3171 3172 -1 0
"fcdaf4edfcf9dd56" 1 3173 -1 0
"99f91f14979cf606" 2 3174 396 -1 0
"210451214bda2fbc" 2 152 3175 -1 0
"ea0b572b0740786a" 4 3176 3177 3178 46 -1 0
"2af39d12db060a7d" 2 3179 3180 -1 0
"bc7b4c447b85e942" 2 579 33 -1 0
"cee7f7eeb38c14b4" 3 3181 190 537 -1 0
"48a4d30cac04e017" 1 3182 -1 0
"1d49097685df8693" 1 3183 -1 0
"b879e590376c6777" 1 785 -1 0
"e1fd3ee06e9b3c10" 1 3184 -1 0
"b692736b3767e1ac" 1 3185 -1 0
"8b37a8d510339729" 1 3186 -1 0
"50ebdd40f8fe3da5" 1 3187 -1 0
"258013cac1cae232" 1 3188 -1 0
"b21f6079fb9dd526" 3 17 3189 417 -1 0
"cec97daf73524e3b" 1 3190 -1 0
"937ea22a5c1ee3c7" 1 3191 -1 0
"6813e79435e99944" 1 3192 -1 0
"3db71d0f0ea54fc0" 1 3193 -1 0
"026c4289e671f45d" 1 3194 -1 0
"9440a25a67ee17d9" 1 1479 -1 0
"d60187f3cf3d9ad9" 1 3195 -1 0
"4690333ca9fb6bc6" 2 3196 3197 -1 0
"45fe17535a90ab6f" 1 3198 -1 0
"1a935ccd236c41fb" 1 3199 -1 0
"399610dac3c865d6" 3 3200 150 3201 -1 0
"037ef76534e08247" 2 3202 3203 -1 0
"22da56127f47ad8a" 1 3204 -1 0
"03de9ca1ac30e50a" 4 2578 3205 3206 3206 -1 0
"90c8f5710aaaae10" 1 3207 -1 0
"656d2bebd27654ac" 1 3208 -1 0
"8505407f5ac0e609" 3 3209 139 132 -1 0
"0fa695d0940eafa5" 1 3210 -1 0
"1fb5adc7230fd7ae" 3 46 3211 3212 -1 0
"7d9435302f51b04b" 1 3213 -1 0
"42496aaaf72d56c7" 1 3214 -1 0
"17ed9f15d0f80c44" 1 3215 -1 0
"c02433eacc5c5858" 2 3216 3217 -1 0
"85db3f746b4c0dd9" 1 3218 -1 0
"5a7074fe3418b266" 1 3219 -1 0
"18cef4954ce84b2a" 3 1060 3220 3221 -1 0
"c86e045ece6bb3fb" 1 3222 -1 0
"a7fec0a5191a43e0" 2 3223 3224 -1 0
"ebe862b89cbbfa01" 2 3225 3226 -1 0
"d0a51e921b56109a" 1 3227 -1 0
"a54a431de322c517" 1 3228 -1 0
"b6d99eb404d407cd" 2 1635 801 -1 0
"18c5f995ac1b8d4e" 2 5 3229 -1 0
"4f83bdf1a5b91120" 1 3230 -1 0
"1438e27c7e75c6ac" 1 3231 -1 0
"e8dc18e657417c29" 1 3232 -1 0
"a4d1cf2f9cf17eee" 1 332 -1 0
"f8bcb45753664196" 1 293 -1 0
"bd715d51301d12b5" 1 3233 -1 0
"07bd91866c1b9db9" 2 3234 3235 -1 0
"4ba73399efbc45e9" 2 3236 3237 -1 0
"e397c100bb0fd869" 2 3238 5 -1 0
"0341387358d85dac" 2 3239 150 -1 0
"454abaf26513042f" 2 3240 33 -1 0
"093e913d1897d690" 3 365 3241 3242 -1 0
"2282d0543c7a3072" 2 3243 3244 -1 0
"7739cbde6a7a26fb" 1 3245 -1 0
"4cddf0594346db78" 1 3246 -1 0
"c51c6666a28ced01" 3 365 3247 3248 -1 0
"6fc9ed7f95f0bf8c" 3 3249 3250 3251 -1 0
"29b9301868fcdd93" 1 3252 -1 0
"fd5e658241c88320" 1 3253 -1 0
"dd20ae0518edf7d2" 2 384 3254 -1 0
"46da4230e3ad0bb4" 2 210 3255 -1 0
"c5ce1f7e3d5f6b7e" 2 2084 365 -1 0
"c53b3348032d327b" 2 3256 3257 -1 0
"0a25d45b86cee99b" 2 3258 3259 -1 0
"afded9bb3f3b3bc7" 1 3260 -1 0
"74831f261807e054" 1 3261 -1 0
"492844a0f0d296d0" 1 3262 -1 0
"1ecc791bc99e3c5d" 1 3263 -1 0
"ed6c401b5ea3ac0c" 4 170 3264 46 3265 -1 0
"ccb164c9578ecf07" 3 317 3266 5 -1 0
"2c83b1babc1775d5" 2 754 365 -1 0
"55aca0bc531dbaa6" 9 1635 754 132 754 132 754 132 754 132 -1 0
"516f4ee43dbde27f" 1 3267 -1 0
"876fc2a0c8afd951" 3 210 46 944 -1 0
"4744eac644386500" 8 754 208 132 132 365 754 132 46 -1 0
"2604836f068998fb" 1 3268 -1 0
"0c4b4bb3a5dff8be" 3 785 227 364 -1 0
"faa8b8d9ee454e78" 1 3269 -1 0
"cf4ded44c711f305" 1 3270 -1 0
"c87f3fd172cd2eed" 2 3271 578 -1 0
"c7da00d02f3acfac" 2 3272 3273 -1 0
"03efb22e2b30aa17" 1 3274 -1 0
"a70cbd3f269e36ed" 5 3275 1635 3276 5 1833 -1 0
"315dc5f0b701e119" 2 415 3277 -1 0
"467297f79e5f4139" 1 3278 -1 0
"73496c7b4052f94a" 5 428 3279 365 113 3280 -1 0
"b460375729b252ce" 1 3281 -1 0
"69e7ba56f382a2a2" 3 7 3282 1021 -1 0
"04565f4564730392" 3 3283 3284 113 -1 0
"8b8a2340d99f631e" 3 3285 317 3286 -1 0
"4bf6470b8834a68c" 4 132 227 113 3287 -1 0
"f8d2c912bbd6300c" 3 3288 3289 3290 -1 0
"286147fd70d1e826" 2 3291 3292 -1 0
"7e18a5d463206605" 1 3293 -1 0
"8658a192c54c646e" 2 3294 3295 -1 0
"ce630c6b4ec4e561" 2 1849 3296 -1 0
"8bfaaf3029d6a20a" 7 3297 3298 3299 3300 3301 3302 3303 -1 0
"aa11d8de99a2d46a" 6 3304 3305 3306 68 3307 33 -1 0
"3104057347a61cc3" 4 1355 3308 3309 3310 -1 0
"9584bd594b556101" 2 635 3311 -1 0
"e950988b9b0022f2" 1 3312 -1 0
"e6eed8bf17d38dd7" 2 3313 3314 -1 0
"584e28ea26632388" 1 3315 -1 0
"2de26d550f2fc805" 1 3316 -1 0
"077741efa120fe93" 5 3317 3318 45 3319 31 -1 0
"f65501c8e19e2e96" 3 3320 3321 3322 -1 0
"de63d19efca180bc" 1 3323 -1 0
"40fdcc5e3ab6847e" 3 3324 75 3325 -1 0
"4d5171fd87058142" 1 3326 -1 0
"a4941435bf4f53f8" 2 3327 3328 -1 0
"6a0010282d3c9a1f" 3 3329 3330 3331 -1 0
"364ebf3d367b699c" 3 3332 3333 3334 -1 0
"982b401c371f84f2" 1 3335 -1 0
"6dcf758610ea3a7f" 1 3336 -1 0
"f04e7859af68d617" 3 3337 464 3338 -1 0
"eaf3215fd3cf6db3" 2 3339 264 -1 0
"fae9e25ac7f2c927" 3 3340 3341 178 -1 0
"4aabb44535914c9a" 1 3342 -1 0
"1f40f9bf0e5de127" 1 3343 -1 0
"c031b94f8d35c442" 2 3344 3345 -1 0
"052b4b5211e67c62" 2 3346 3347 -1 0
"f36513548e92e3a1" 3 3348 3349 178 -1 0
"8d0f7e78182adbb2" 2 3350 3351 -1 0
"6a1ac8ddbd67f4d7" 1 3352 -1 0
"8a93c99f15671c1a" 3 3353 3301 3354 -1 0
"d808683d48caf56d" 1 3355 -1 0
"adac9da72196abe9" 1 3356 -1 0
"7251d2220a525176" 1 3357 -1 0
"8ed6e4c426b0aa53" 2 3358 3359 -1 0
"c2d086d7a9525283" 2 3360 3361 -1 0
"8439e684867b5c35" 3 75 3362 3363 -1 0
"24d1475bf7d4091e" 1 3364 -1 0
"f8767cc5d0a0be9a" 1 3365 -1 0
"cd1ba140b96c5427" 1 3366 -1 0
"f312542f084b74a1" 6 375 3367 3368 3369 3370 3371 -1 0
"aaf6e00fce136642" 1 3372 -1 0
"7f9b1679a7ee0cce" 1 3373 -1 0
"f5a5f5395d408449" 4 3374 3375 3376 3377 -1 0
"477b77265766d126" 2 3378 2983 -1 0
"5c775538cc951ee9" 1 3379 -1 0
"4d548686ccb24f05" 2 3380 3381 -1 0
"ca65f49757f81f7f" 1 3382 -1 0
"67557ddac2a76da3" 3 422 17 3383 -1 0
"5599719533ead438" 2 3384 150 -1 0
"395394f6e15c1015" 1 3385 -1 0
"0a325bbf47a75685" 2 3386 3387 -1 0
"a74134567caf11aa" 1 3388 -1 0
"8ada94ff285d84ee" 4 3389 3390 17 3391 -1 0
"ead30920efcec7bc" 1 3392 -1 0
"e01de87a9365411e" 2 3393 3394 -1 0
"629992537482955d" 5 3395 178 3396 150 3397 -1 0
"18e842bf7f1a441e" 2 132 3398 -1 0
"adeabda32e4a588e" 2 3399 3400 -1 0