"80930bfddd6be81b" 38 5858 191 508 1664 13 412 3291 3269 95 13 553 357 8653 37684 1213 357 37685 13 553 2 596 13257 384 37686 37687 13 5141 3248 13 553 1488 37688 2511 61 10414 11748 53 4 12989 -1 -1 0 0 0 0 4 6 8 5 7 4 3 7 5 6 0 0
"6b388e5a497c6c0b" 19 34 17704 359 12846 13 37689 1580 576 37690 553 1730 313 13064 1060 353 37691 11 1664 4 12990 -1 -1 0 0 0 0 4 6 7 7 5 8 2 4 8 6 0 0
"02a572ffc67130ce" 28 347 863 1427 13 13270 13 5163 337 2 2335 3157 2235 13 553 574 35 367 1511 1247 357 171 61 1069 1315 95 15049 37692 4 12991 -1 -1 0 0 0 0 7 5 6 6 4 4 2 5 4 4 0 0
"9a622f14b782bd67" 42 3753 13 188 33941 150 36 13 188 1651 61 8761 13 553 34 35 3278 13 204 1823 13605 13606 13607 13585 13 553 357 93 117 2 6912 171 37693 13 345 171 454 150 36 521 13 481 4 12992 -1 -1 0 0 0 0 9 7 7 8 6 8 4 5 9 8 0 0
"7dbcca283891c48b" 30 5363 1047 5364 20 37694 609 4451 37695 37696 93 13 553 653 3007 704 774 37697 171 4404 13 357 25 37698 553 452 449 37699 2297 31897 4 12993 -1 -1 0 0 0 0 3 4 6 3 2 3 4 3 2 4 0 0
"a58d75df9c2e5fb7" 21 171 200 10791 639 13 600 1795 3302 13 553 66 1837 2083 1055 13 1303 10773 61 171 877 4 12994 -1 -1 0 0 0 0 5 6 6 5 4 3 3 2 3 4 0 0
"93874180d39c26c9" 39 66 508 326 13 23 1983 1878 2479 620 13 553 326 171 183 2 1983 23 1142 774 2859 13 553 7949 37457 7592 1550 3372 20686 117 13 553 191 7926 457 113 6564 7543 7927 4 12995 -1 -1 0 0 0 0 4 7 7 4 6 6 3 4 5 6 0 0
"1810901eca430b4c" 43 639 125 37700 142 6861 13 7650 1621 13 553 7044 15367 637 171 15368 5881 15369 553 87 61 20 5769 188 394 13 141 31447 171 37701 13 553 357 1303 5769 113 3104 13 2652 347 1760 116 7874 4 12996 -1 -1 0 0 0 0 3 6 5 2 4 5 7 3 4 4 0 0
"cf3c1807d4004355" 37 23 37231 37702 6832 13 2 134 1628 643 11 13 553 357 2652 621 355 37703 2 34 37704 553 188 16538 13 4304 2914 61 10930 13 553 2 367 347 26855 151 268 4 12997 -1 -1 0 0 0 0 6 6 5 6 4 5 5 3 7 5 0 0
"ebae37dc26a06514" 50 228 171 37705 8843 13 2652 3241 13 1580 41 150 37706 484 305 3166 13 553 7171 37707 37708 53 6269 37709 37710 37711 13 553 3133 388 14752 14753 13 357 76 2570 616 2832 13 553 63 150 455 19244 37712 357 36112 150 7441 927 4 12998 -1 -1 0 0 0 0 2 5 8 5 3 6 6 8 4 4 0 0
"855837e5948d521e" 38 66 7123 7409 7410 37713 774 2675 26497 13 553 1122 2232 9312 297 13 553 37714 2773 2 1385 2617 37715 669 7615 2652 13 553 37714 23 737 1088 2 1096 53 102 14060 37716 4 12999 -1 -1 0 0 0 0 5 3 5 4 4 4 8 3 5 4 0 0
"6deae4d5a4f23cd0" 23 5967 414 10882 13 357 134 574 25 3041 13 553 1069 2941 5140 1341 3248 30956 13 553 520 840 8948 4 13000 -1 -1 0 0 0 0 2 3 6 5 5 3 2 5 6 6 0 0
"72288eb17c1b1fc0" 44 66 347 2440 37717 47 596 320 3497 5449 37718 13 553 34 35 1297 359 722 367 573 11026 13 553 2 37719 37720 171 1829 11492 1376 13 553 34 746 188 4403 388 357 4326 31244 18621 4421 12173 436 4 13001 -1 -1 0 0 0 0 8 8 7 8 6 6 7 4 8 7 0 0
"7da5e8805cfdcdcf" 47 3241 502 575 93 6962 37721 13 553 47 35 1376 37722 5881 13 553 5525 3453 576 553 2 297 1665 35 37723 20021 6945 37724 2094 13 553 586 13 1580 7310 877 117 7311 13 553 357 3257 6988 305 2218 4391 6989 4 13002 -1 -1 0 0 0 0 6 7 7 6 4 5 5 4 8 6 0 0
"6187d4bb5931e21b" 50 347 863 330 13 102 1677 13 66 8132 1701 1702 13 553 35 388 504 18446 13 150 87 286 12295 13 553 574 1580 504 577 13 357 34 35 26504 13 553 2 87 687 87 4667 95 18753 13 66 574 53 93 13142 6838 4 13003 -1 -1 0 0 0 0 3 7 5 5 4 4 4 6 7 3 0 0
"6f274f0bb57228c9" 28 66 23 37725 34 26 12320 774 12662 12663 13 553 20 2310 95 4388 6651 515 9177 13 553 17603 37726 26 171 6525 6526 6527 4 13004 -1 -1 0 0 0 0 8 6 8 4 5 9 7 8 6 9 0 0
"fe78361b21ca63e4" 20 66 1325 35 95 37727 4623 4623 125 553 357 87 113 10248 999 357 8215 5580 5581 125 4 13005 -1 -1 0 0 0 0 7 6 7 5 6 8 5 6 7 6 0 0
"fb0b1756d045128a" 14 37728 37729 37730 191 15018 553 12094 13 18444 675 61 37731 11105 4 13006 -1 -1 0 0 0 0 6 7 7 7 8 6 8 7 9 8 0 0
"637180f156e67f88" 21 357 41 392 1187 21300 13 782 27480 1245 553 37732 2280 113 367 1449 150 1109 337 3176 297 4 13007 -1 -1 0 0 0 0 7 5 6 5 7 7 5 5 6 6 0 0
"47a93328cf083753" 43 3040 10562 37733 7564 15419 165 37734 553 520 95 4549 1414 7548 435 553 12084 12085 27091 1559 17 37735 553 704 9025 10005 37736 4748 1341 424 607 37737 6563 37738 553 95 1930 1923 550 37739 87 19851 37740 4 13008 -1 -1 0 0 0 0 8 6 8 5 6 7 8 7 5 9 0 0
"d2f16df4084f9c61" 22 1171 4538 13 14027 14028 131 553 18890 25892 37741 37742 553 2788 13 150 95 36 566 37743 736 37744 4 13009 -1 -1 0 0 0 0 7 6 7 6 6 7 5 6 5 6 0 0
"94d741d32088f724" 32 9047 35 782 286 646 647 648 553 5525 37745 15706 136 116 37746 553 357 1029 37747 695 35 13 171 61 37748 95 37749 125 4228 2958 2 10440 4 13010 -1 -1 0 0 0 0 8 7 8 7 8 7 5 7 7 9 0 0
"db4708d0b69b85ba" 34 2 2807 425 3606 13561 4403 7551 25704 553 2 4404 61 53 6569 3497 37750 553 35 2006 150 37751 8307 357 352 353 1605 37752 25480 26964 15465 95 29975 15014 4 13011 -1 -1 0 0 0 0 6 5 7 6 7 6 5 6 6 7 0 0
"419ed6d305b22f61" 53 720 14120 1047 14121 357 29034 530 417 661 13 553 442 95 442 95 37753 361 37754 388 37755 37756 37757 553 4638 3857 4145 544 308 6581 19657 37758 305 4367 7848 553 14554 7848 20 37759 37760 815 1622 845 37761 37762 553 774 1464 2248 150 286 1852 4 13012 -1 -1 0 0 0 0 7 6 8 7 6 6 5 5 6 8 0 0
"4cbcf832ae5f8d46" 43 37763 628 774 170 2 351 1567 37764 4399 521 4 553 341 504 1356 3739 17514 113 3949 4330 33012 37765 553 41 15880 675 1052 8895 33570 37766 2170 37767 37768 553 16362 188 15725 1047 37769 4003 4004 4005 4 13013 -1 -1 0 0 0 0 9 7 8 7 8 7 6 5 6 7 0 0
"5205957b12e627b9" 44 636 138 452 1693 1862 608 37770 373 13 2978 553 5574 5575 5576 2684 1580 1852 553 35 21344 37771 8655 25613 925 37772 66 616 37773 13 553 341 1543 330 4715 2570 37774 7162 357 102 1187 188 7970 7971 4 13014 -1 -1 0 0 0 0 7 6 7 6 6 7 6 5 6 6 0 0
"f492bad4f90867b1" 28 1646 1482 37775 4374 37776 37777 553 1953 1029 11803 102 606 2316 553 15753 37778 13 3764 2 6290 553 14945 3669 17634 37779 37780 3009 4 13015 -1 -1 0 0 0 0 7 6 5 6 6 6 6 7 5 7 0 0
"c519a371ed18a9ae" 43 66 367 630 13 95 138 744 27542 35 553 41 490 352 37781 23 162 38 37782 37783 37784 553 87 61 4199 13 417 1716 34 6020 636 18483 116 37785 29404 553 41 9403 3909 1342 3938 1083 9404 4 13016 -1 -1 0 0 0 0 8 7 7 6 7 8 6 7 6 7 0 0
"3889923149be9503" 35 150 373 926 37786 28067 2135 735 553 2006 3164 38 37787 1011 288 61 37788 553 417 6878 6879 1389 446 2 1801 515 553 19342 10112 37789 20 37790 35 37791 31559 4 13017 -1 -1 0 0 0 0 8 6 6 5 6 7 5 4 5 6 0 0
"ad239d55520fc9a4" 52 1869 349 550 35 95 1342 150 36 3221 37792 553 1071 37793 349 31873 66 414 37794 2 37795 13 553 423 504 35 34 10252 547 1511 5141 1319 13 1580 341 37796 37797 341 924 4 553 1580 87 361 349 2697 35 22149 188 1089 2056 6740 4 13018 -1 -1 0 0 0 0 0 0 0 0 0 0 0 0 0 0 0 0
"087d3852f9358a44" 26 12116 26330 23 174 4400 13 553 357 29974 347 713 37798 13 553 134 23 37799 636 10216 13 357 347 600 601 151 4 13019 -1 -1 0 0 0 0 6 5 3 4 5 7 6 3 3 7 0 0
"0b78f0d793125a7f" 32 14640 53 1930 9142 13 1580 7123 6961 13 553 537 37800 61 2327 37801 13 553 357 102 1187 2785 93 21527 13 553 2957 7985 1473 37802 1664 1301 4 13020 -1 -1 0 0 0 0 7 6 5 6 5 8 6 4 6 6 0 0
"a23e54cbdec2f7c1" 28 23 457 10191 10339 171 323 13 553 499 8213 3183 7094 13 553 357 6791 373 37803 1667 13 37804 87 61 2245 87 17873 4799 4 13021 -1 -1 0 0 0 0 8 7 6 5 6 5 6 4 5 5 0 0
"59050f26a264e269" 16 23 545 457 3327 13 482 190 13 553 4346 5381 61 17772 10140 421 4 13022 -1 -1 0 0 0 0 9 7 8 6 7 7 5 4 3 4 0 0
"b9d5e0f499d070a5" 29 796 11101 171 5895 37805 1420 13 553 2 4404 61 981 1664 29677 13 553 357 6770 150 1667 13 25 3271 191 102 25146 61 14243 4 13023 -1 -1 0 0 0 0 6 5 7 4 5 4 6 3 3 5 0 0
"754fdfbe94764707" 37 44 113 628 170 13 25 61 37806 13 553 37807 4538 191 347 39 305 2852 37808 13 553 720 14120 7548 1047 953 14121 13 553 357 170 774 609 102 61 7793 37809 4 13024 -1 -1 0 0 0 0 7 6 5 6 5 6 5 4 4 5 0 0
"757a1223331a440f" 11 321 3302 37810 7848 13 41 1785 737 353 3253 4 13025 -1 -1 0 0 0 0 9 8 7 6 7 6 7 4 9 6 0 0
"c1b01b1236f26039" 19 457 191 11429 2187 648 13 553 713 13 1580 37811 286 37812 547 3727 7044 102 1863 4 13026 -1 -1 0 0 0 0 8 8 7 6 6 6 5 7 8 7 0 0
"f02fa5c4ee8cf512" 14 23 87 6961 13 1639 13 553 5749 61 37813 22075 14852 34425 4 13027 -1 -1 0 0 0 0 7 6 8 6 6 7 7 4 6 6 0 0
"e22f700a6213088d" 33 2 87 13 25 190 1097 6863 12553 13 553 61 37814 13 2006 347 4488 1052 37815 37816 13 553 87 61 3497 13 3497 13 25 4322 1144 37817 37818 4 13028 -1 -1 0 0 0 0 7 8 7 6 6 9 5 4 6 7 0 0
"15f99d899b8cf8e7" 27 616 18229 14880 37819 14881 2151 13 553 5140 61 1930 1923 13 1122 504 364 13 553 2310 228 37820 359 150 1668 637 928 4 13029 -1 -1 0 0 0 0 6 5 7 5 5 8 6 4 5 7 0 0
"4d7327792b2d3042" 27 41 392 2941 1043 547 6601 13 553 6290 37821 13 2245 452 3428 721 13 553 345 9403 3909 1083 2 1342 3938 1083 9404 4 13030 -1 -1 0 0 0 0 8 7 6 5 6 7 6 7 5 8 0 0
"d705eb4d10763829" 27 134 6062 25837 26839 37822 15705 13 553 297 722 33823 13 1122 6791 7428 8062 417 13 553 32796 18202 37823 8215 2 37824 37825 4 13031 -1 -1 0 0 0 0 6 6 5 5 6 5 5 5 3 6 0 0
"f42cfa8a1de45dcf" 29 191 66 113 457 545 3327 13 482 61 1476 8432 13 553 7798 7799 191 2418 13 553 297 1376 12084 12085 13 5101 37826 18704 330 4 13032 -1 -1 0 0 0 0 9 7 9 5 6 6 5 4 4 5 0 0
"0295f0c854592d83" 40 66 367 630 13 191 35 388 2568 27760 13 553 12913 113 37827 13 321 355 37828 21647 13 553 4003 4004 7031 2 37829 13 553 1580 742 637 737 1043 13 191 102 606 61 27209 4 13033 -1 -1 0 0 0 0 6 6 5 4 5 7 5 7 7 8 0 0
"5d7d35ddb9584da1" 17 16863 13 534 1852 798 13 553 37830 188 5246 13 1580 1109 3610 37831 142 4 13034 -1 -1 0 0 0 0 8 9 8 7 8 8 5 9 8 9 0 0
"1fb01de1b7e183f9" 30 150 9382 10971 35083 13 553 2 25 1862 41 134 18792 13 553 150 373 37832 367 463 28985 13 553 3003 687 5140 8491 1096 37833 37834 4 13035 -1 -1 0 0 0 0 6 7 5 6 4 7 6 3 4 5 0 0
"4eb5815c287364d1" 29 47 28 14386 37835 13 553 29974 2267 2652 13 553 37836 435 38 340 13 553 18589 815 134 66 6879 1389 446 13 150 193 340 4 13036 -1 -1 0 0 0 0 7 6 5 4 6 4 6 5 4 4 0 0
"db4de8aa32c9c692" 38 41 14945 3669 113 1015 616 13 553 2 134 373 37837 37838 37839 13 553 4093 37840 151 35 286 1315 13 553 12070 87 3302 61 13 37841 435 37842 37843 347 286 134 113 4 13037 -1 -1 0 0 0 0 8 6 4 3 5 5 3 2 4 6 0 0
"7ea7ba44e2042248" 32 1709 10339 10340 37844 13 553 16863 13 534 188 1552 37845 37846 13 553 1580 87 5882 349 2050 37847 13 553 11897 999 93 840 357 134 966 466 4 13038 -1 -1 0 0 0 0 7 9 7 6 8 8 7 7 7 5 0 0
"24b121d2592f43ed" 55 347 191 637 7093 347 13 362 347 388 12841 13 553 9870 1750 13 34381 36659 13 2 37848 1712 410 34 22961 35 7428 134 13 553 37849 35 5555 26 53 19873 384 34374 1869 37850 457 451 13 504 1109 102 37851 1947 37852 134 4031 13 8676 345 37853 4 13039 -1 -1 0 0 0 0 3 3 2 2 2 1 4 3 2 3 0 0
"228588d59a69cce4" 49 191 7125 7901 2 990 347 286 362 13 553 548 9382 171 504 1543 13 521 3302 37854 13 553 347 36 188 394 1978 37855 13 102 386 412 33278 134 13 553 1580 87 361 349 2652 2697 13 297 7389 586 1580 297 361 4 13040 -1 -1 0 0 0 0 6 7 4 5 7 3 5 4 6 4 0 0
"b50967d50aa848da" 45 1669 779 4638 515 37856 1830 13 553 11955 6992 3302 1664 7044 102 37857 3302 642 13 553 1034 1622 1778 134 13 2123 37858 13 1232 61 37859 13 553 1622 37860 134 13 47 347 6467 388 330 37861 5546 3302 4 13041 -1 -1 0 0 0 0 4 5 4 4 4 5 3 3 3 3 0 0
"41789aa1fdecc272" 42 191 7125 37862 13 37863 37864 13 553 15705 31499 136 33049 13 2652 347 8213 37865 13 553 2 150 6019 4092 1697 37866 1842 359 13 553 2788 504 713 113 134 13 504 863 8783 13 37867 37868 4 13042 -1 -1 0 0 0 0 5 4 3 4 4 2 3 4 4 4 0 0
"825e4bc2712992bd" 39 852 171 1892 1173 37869 13 553 2160 95 19600 13 37870 13 553 6252 2200 37871 13 3372 37872 13 553 297 359 6770 351 13 373 1122 2724 95 37873 1947 6770 1187 2929 3935 31002 4 13043 -1 -1 0 0 0 0 5 3 2 1 4 2 1 2 3 4 0 0
"3e413dd16d6e8add" 30 191 1885 5141 326 7799 13 553 14554 7848 41 27252 13 553 520 10859 37813 171 37874 927 13 553 2 134 3302 1679 13 134 3302 37875 4 13044 -1 -1 0 0 0 0 5 5 4 6 6 4 6 5 7 5 0 0
"e3888a8f7143de70" 55 191 16330 37876 13 1947 17201 191 22193 388 13 553 645 646 188 2187 2 2863 13 191 170 586 37877 37878 125 13 553 1549 5141 1550 13 2506 150 151 33841 5395 1307 13 553 191 35 113 6659 3302 2 976 1664 13 2 1109 102 3302 1110 3785 37879 4 13045 -1 -1 0 0 0 0 6 5 6 3 4 4 4 3 4 6 0 0
"8e5883012106b77c" 43 11955 23503 37880 28564 37881 13 553 14945 3669 5385 37882 41 373 31986 37883 37884 5374 13 553 1549 191 457 8914 35416 13 37885 95 37886 1071 87 3302 1015 13 553 87 4199 37887 2550 2097 87 1947 6910 4 13046 -1 -1 0 0 0 0 6 6 4 5 6 5 6 3 3 4 0 0
"a744d8722e46e3f4" 43 34 37888 191 37889 116 13 553 113 457 545 3327 13 35 37890 13 1580 26 3302 37891 13 553 37892 26 18749 24299 13 37893 37894 13 1034 553 19873 384 61 53 37895 10627 37896 436 13 3296 8896 4 13047 -1 -1 0 0 0 0 3 4 3 2 3 2 1 3 3 3 0 0
"edb3740348add3ad" 27 347 66 367 3278 13 553 41 392 37897 37898 297 37899 13 553 357 14027 228 131 13 553 2 349 330 2525 17883 150 4 13048 -1 -1 0 0 0 0 0 0 0 0 0 0 0 0 0 0 0 0
"730697ae796fe37d" 34 1988 35 36 566 37900 1305 12085 110 553 1988 87 14120 1047 188 3127 297 14121 13 553 9059 61 6659 20 150 545 37901 13 553 2 66 414 37902 4396 4 13049 -1 -1 0 0 0 0 4 1 10 4 3 7 2 1 1 4 0 0
"535b156070909356" 31 37903 353 1081 37904 20 37905 14881 2151 13 553 95 61 1923 1930 6911 37906 2477 87 37907 37908 13 553 2006 3163 1247 3164 20 37909 412 1065 4 13050 -1 -1 0 0 0 0 4 3 3 4 6 8 3 3 2 6 0 0
"b817d46b53896728" 30 95 61 8003 8301 9332 13 553 2 4003 4004 37829 13 553 102 1187 188 7970 7971 13 553 1549 347 2305 66 117 2018 113 37910 36353 4 13051 -1 -1 0 0 0 0 5 4 8 5 7 5 7 2 3 6 0 0
"526d16187b494ec4" 31 2 4404 61 53 5844 20 1568 13 553 2 37911 15975 23344 37912 13 553 2 347 7093 171 7094 330 151 13 553 3302 25162 87 8975 357 4 13052 -1 -1 0 0 0 0 8 9 9 4 6 1 7 6 2 5 0 0
"717aaa370787321e" 21 5620 1150 37913 13 553 2 66 23 1232 942 13 553 1549 66 1325 35 95 102 61 1716 4 13053 -1 -1 0 0 0 0 7 6 3 4 3 5 2 1 1 3 0 0
"eeea89e8733d34bf" 21 37914 150 2371 362 13 553 2 1342 61 835 9059 13 553 357 66 1837 7317 93 9155 37915 4 13054 -1 -1 0 0 0 0 6 5 2 4 5 4 3 3 4 4 0 0
"190e840ea068b7ad" 17 25 9699 373 3093 4451 13 553 224 4548 209 9553 2 410 34 37916 24908 4 13055 -1 -1 0 0 0 0 3 1 7 3 4 6 3 3 2 4 0 0
"bd597f6d48b454dc" 22 492 61 171 1795 2 66 13 553 28 347 37917 1795 8026 13 553 1549 4403 113 1795 5399 6601 4 13056 -1 -1 0 0 0 0 4 4 2 5 6 4 2 2 4 6 0 0
"813b808376f87ebb" 39 3372 500 417 134 2767 37918 10070 2 1559 9991 13 553 37919 0 323 2 297 13 553 35 1559 66 4071 37076 5399 1374 553 9707 102 32318 446 520 87 14666 106 590 61 661 4 13057 -1 -1 0 0 0 0 6 7 7 4 5 1 2 9 1 3 0 0
"c0a4fba8119a85cd" 32 582 61 25 1109 1589 13 553 47 150 13 36282 1110 37920 37921 37922 553 2 6101 2 93 6391 23163 13 553 265 3044 1160 30119 2 2507 2510 4 13058 -1 -1 0 0 0 0 7 7 4 5 5 2 2 2 3 4 0 0
"94cd770b8f660769" 35 548 2652 286 17789 25 1886 3093 2 19150 61 102 1303 13 553 224 4548 209 9553 357 373 1232 1122 39 504 5046 13 553 2 6101 2 61 412 21977 282 4 13059 -1 -1 0 0 0 0 3 2 6 2 4 5 4 3 1 6 0 0
"6b0793a5af97ca1a" 18 66 335 8306 37923 13 553 2 9059 61 1498 13 553 2 37924 412 1874 125 4 13060 -1 -1 0 0 0 0 4 3 3 4 5 2 5 3 4 5 0 0
"70b7edad41d08fef" 28 95 1489 150 36 25 10099 39 13 553 2481 150 36 188 37925 13 553 1549 5620 1150 13 553 3372 500 9609 4494 1052 125 4 13061 -1 -1 0 0 0 0 7 6 5 4 4 5 2 4 2 4 0 0
"e62a3c82372e40f0" 43 95 61 113 5865 357 66 12676 1427 553 2 87 2303 4 23 37926 410 412 37927 13 2 66 660 2999 37928 553 47 150 13 357 22011 1192 13 553 2 66 1325 35 286 305 330 37929 340 4 13062 -1 -1 0 0 0 0 7 7 7 3 6 2 2 2 5 3 0 0
"fd28e4e9e8fe6538" 24 548 362 5141 2762 13 553 357 457 492 358 66 14249 13 553 357 9707 13 347 36 1550 37930 6864 1374 4 13063 -1 -1 0 0 0 0 8 6 5 5 5 2 3 3 3 3 0 0
"31cd772c78b65f37" 24 37931 26 410 13 2481 150 36 37925 13 553 2 66 1325 35 95 637 37932 12178 13 87 61 2843 134 4 13064 -1 -1 0 0 0 0 4 7 5 6 3 3 2 5 3 3 0 0
"d16a81f46350d1b1" 18 4361 61 9022 23048 13 224 4548 209 9553 13 553 5620 27760 15056 4228 268 113 4 13065 -1 -1 0 0 0 0 8 6 7 6 5 4 3 2 2 2 0 0
"b5e205a13d02f7fd" 22 188 23132 37933 353 37934 13 553 347 37917 3385 1978 37935 13 553 9707 13 1342 61 588 2329 5738 4 13066 -1 -1 0 0 0 0 6 8 6 7 7 5 2 6 3 5 0 0
"5f0e0ef418bfd5d8" 19 25 9699 373 3093 13 3372 500 4494 125 13 553 19840 35578 777 263 171 983 125 4 13067 -1 -1 0 0 0 0 4 6 4 6 3 5 2 4 3 3 0 0
"28b0a5faf65169f2" 34 87 61 27 170 13 61 53 2507 2510 13 553 2 9059 87 150 330 1379 13 2 9059 87 150 330 2861 13 553 297 1874 125 61 93 454 521 4 13068 -1 -1 0 0 0 0 3 7 6 5 5 3 1 3 3 2 0 0
"3006443f4a84eca2" 31 66 347 4337 7196 1641 547 13 492 358 37936 13 553 2 66 1325 13 1580 1793 18890 1043 1408 13 553 9707 13 357 26832 2240 588 3909 4 13069 -1 -1 0 0 0 0 5 7 4 7 5 2 2 4 4 4 0 0
"9e799e19e731a42f" 19 95 125 61 417 835 37937 13 47 150 13 553 66 347 1817 16369 188 2258 358 4 13070 -1 -1 0 0 0 0 3 6 4 4 3 2 1 4 5 2 0 0
"ff4a735540b11015" 31 66 27404 373 9022 125 13 224 4548 209 9553 13 553 2 492 358 6299 87 6591 134 15112 13 553 2 2507 2510 87 25 1047 2719 3434 4 13071 -1 -1 0 0 0 0 8 7 7 8 6 3 1 2 3 5 0 0
"f2efe3bd160d8f73" 33 95 37938 150 36 87 25 34 10843 13 553 2481 150 36 37925 13 2 9059 188 150 304 13347 13 553 347 37917 1795 8026 13 61 1806 6030 37939 4 13072 -1 -1 0 0 0 0 6 7 5 6 5 3 2 4 3 3 0 0
"f1f08dcedd637380" 30 125 66 23 545 5888 13 653 37940 13 553 2 6101 102 25 742 1047 2852 953 396 13 553 297 1874 125 61 171 855 61 95 4 13073 -1 -1 0 0 0 0 4 6 6 6 4 2 2 3 3 3 0 0
"e7ac53a2e91b1a9f" 21 25 9699 373 3093 3768 13 25 373 840 13 553 5620 1150 13 357 1016 7159 150 16425 151 4 13074 -1 -1 0 0 0 0 4 7 4 6 5 4 3 4 3 3 0 0
"f3b647ca62618ff0" 31 37941 796 15267 435 13 3372 500 4494 125 13 553 2 66 1325 13 1580 742 361 1043 1781 13 553 9707 13 357 347 286 330 20446 417 4 13075 -1 -1 0 0 0 0 4 7 4 5 4 2 2 4 4 3 0 0
"83c052ee674d5473" 21 34 6828 171 9723 412 12757 13 553 2481 150 36 188 37925 13 2 2507 2510 188 7614 305 4 13076 -1 -1 0 0 0 0 4 8 5 6 5 2 3 3 4 4 0 0
"8d0e6b57585ba80d" 21 95 4388 386 357 37942 37943 13 553 2 66 23 545 5888 13 357 347 37917 417 330 4340 4 13077 -1 -1 0 0 0 0 6 6 6 5 4 2 2 3 4 2 0 0
"cdab45d7b6ca4921" 38 3372 500 4494 125 6127 13 191 102 355 1032 13 553 492 358 6299 150 330 37456 13 87 61 9287 53 134 13 553 297 1874 125 61 1651 191 150 4337 417 6300 699 4 13078 -1 -1 0 0 0 0 5 6 5 7 4 2 2 3 4 2 0 0
"2894ef6c6e0d0bf6" 27 25 9699 373 3093 4623 13 191 150 6910 9948 18760 125 13 553 2 9059 1142 87 7723 13 357 66 347 20414 13 9707 4 13079 -1 -1 0 0 0 0 6 5 5 4 4 6 3 4 2 2 0 0
"8b7bffbe1f9a58f6" 24 2481 150 36 37944 13 357 7793 66 28875 30460 13 553 11963 393 13059 13 357 23 2652 603 4824 13 66 4 13080 -1 -1 0 0 0 0 4 7 6 5 5 3 3 2 4 3 0 0
"d1518d9dd6524ab7" 27 1013 95 1877 13 1250 37945 13 1250 37946 125 13 553 5620 13 35 34 37947 134 25248 20 95 53 37948 13 548 1780 4 13081 -1 -1 0 0 0 0 5 5 5 3 4 4 2 3 2 3 0 0
"515063cd0f565e8e" 33 37949 1022 6830 13 41 37950 4623 13 2 6101 355 13 553 347 37917 1795 8026 13 357 860 1232 349 8804 13 2 9059 66 10730 13 457 1712 9142 4 13082 -1 -1 0 0 0 0 6 6 7 4 4 4 3 4 3 2 0 0
"332d1735be5db9f3" 32 224 4548 209 9553 13 87 3938 37951 170 37952 37953 1414 13 553 35 2204 330 8761 37954 188 2316 2440 305 13 2481 150 36 171 5767 4 68 13 13083 -1 -1 0 0 0 0 7 5 7 4 5 3 2 2 4 3 0 0
"c310cafde75a0c32" 27 150 9499 362 13 1494 7317 23995 2 93 1567 388 13 553 297 1874 125 13 357 66 23 18884 13 9707 34303 37955 113 4 13084 -1 -1 0 0 0 0 8 9 8 7 6 6 2 4 5 4 0 0
"3f6a96e295251fae" 51 347 39 1795 492 37956 7411 24455 6864 13 553 191 347 4703 146 37957 4589 37958 18152 37959 1821 13 553 2 66 1325 13 35 5140 14893 13 1841 19039 13 357 877 7278 113 13 553 2 2507 2510 347 12067 36 10483 37960 37961 8131 37962 4 13085 -1 -1 0 0 0 0 3 4 4 4 4 6 2 6 3 5 0 0
"def79412b1a98714" 45 66 23 545 5888 13 37963 3409 417 13 520 5196 61 13 553 5620 1150 13 357 2439 150 3769 13 2006 3176 484 13 553 347 37917 1795 8026 13 357 2050 37964 1737 13 66 1232 6564 37965 2245 7949 53 16483 13086 -1 -1 0 0 0 0 5 6 7 7 6 3 2 3 3 6 0 0
"c763bf470bd1c196" 46 66 347 632 1795 13 26980 150 283 13 2 1651 138 3478 3302 13 553 2 66 347 632 1795 8026 13 357 95 2620 727 4351 93 13 553 2 66 805 3003 13 1580 9707 13 188 200 485 37966 720 1795 4 13087 -1 -1 0 0 0 0 3 4 5 4 4 6 3 3 5 4 0 0
"d9798e6f21ec5dd5" 44 3372 500 1016 4494 13 37967 37968 11879 13 553 191 102 16397 13 2 1109 37969 22517 355 13 2 136 37970 13 553 286 37971 13 2 6101 13 37972 1110 125 13 2 2247 132 2735 5589 2441 37973 3838 4 13088 -1 -1 0 0 0 0 3 4 4 4 3 6 2 2 3 4 0 0
"da52c2dc4234b2e3" 51 66 23 545 5888 13 2683 150 21096 37974 7404 13 553 2 9059 37975 13 3358 37976 3222 13 1778 29543 37977 7428 13 553 2 66 1325 1580 1342 637 13 357 87 61 3302 722 5613 13 2 737 34 976 93 3302 37978 37979 134 37980 4 13089 -1 -1 0 0 0 0 4 5 6 5 4 3 2 5 4 6 0 0
"33b8cfb3d365424e" 53 727 357 492 358 13 2 600 396 13 191 2032 15662 134 37981 13 553 297 1874 125 13 357 150 3165 13 457 171 3509 1559 816 6511 6592 22926 13 150 1669 125 37982 330 2280 13 2 66 23 134 1559 7013 37983 2859 1517 37984 787 125 4 13090 -1 -1 0 0 0 0 6 5 5 5 4 7 2 3 4 5 0 0
"792adbac94862944" 81 25 9699 373 3093 13 150 9142 36 13 499 39 330 151 2664 13 553 47 720 87 61 297 13 687 362 331 330 23772 13 47 150 13 313 358 138 161 490 13 553 2481 37985 150 193 13 150 15046 37986 37987 37988 13 188 2316 13 2 125 37989 150 1148 13 308 574 13 1549 37990 152 13 37991 13 1549 87 6591 3302 10660 2 1718 23 3838 2999 37992 37993 29551 4 13091 -1 -1 0 0 0 0 5 4 5 4 5 6 2 3 3 3 0 0
"1084441e3eae3620" 53 547 66 23 329 13 21806 13 357 2652 457 37994 13 553 1370 548 362 13 20 37995 457 113 37996 13 553 5620 1150 13 125 372 93 13 2 125 66 326 355 13 553 946 4580 2349 2 174 6158 8812 13 87 37997 13 2 2507 2510 4 13092 -1 -1 0 0 0 0 3 4 5 5 3 3 1 3 3 4 0 0
"8f2b25e28e74d4d4" 52 66 23 545 5888 13 1906 457 37998 37999 13 553 357 347 36 19936 38000 13 2652 23 38001 950 38002 13 553 3372 500 1906 38003 521 13 191 114 932 37858 3148 1315 13 553 3372 500 1405 15914 13 150 66 863 330 921 1338 13 9707 4 13093 -1 -1 0 0 0 0 0 0 0 0 0 0 0 0 0 0 0 0
"d637b36adee3a540" 33 66 1325 35 171 1342 61 697 191 38004 38005 13 553 357 574 321 4337 326 13 345 4361 61 9553 13 553 1122 12783 171 38006 2 8455 171 33180 4 13094 -1 -1 0 0 0 0 7 9 8 8 6 6 3 4 9 9 0 0