"f4768f7dc3111a24" 8271 8178 9749
"0dfac2a63aa81eec" 8954 9521
"f8fa66fe2c15cf14" 9762 1865 863
"d01a7d9c15c7ae0e" 9998 5226
"7945062f23cb9698" 3499 2235
"55677d697b9a5fdd" 7868 7772
"c16c59240a694969" 3807 5532
"850243960e74e814" 4746 5312 11445
"77c3834d4a6bb386" 1848 7986
"dfa56a52d1a0727e" 10941 7351
"65e384b7f1790827" 5139 6642 5304
"a33f13889825ba24" 7949 6372
"85d2ff2089f91845" 10881 3888 8822
"a86a90f4be50b1b9" 2028 5057 4840
"98d1c6d5e0d71cab" 862 11478
"f65704abcd01f0af" 9110 6547 4457
"2bc119ef27b4c421" 635 3654
"345b584332825724" 11172 8740 3938
"b89bc414e90b7e47" 8813 6997
"504a3581bd5c58ef" 8730 7131 4403
"cd28ed85675b8792" 5718 10371 8166
"5595134529e710c5" 269 11730 9037
"534fa1f66a29115a" 4275 4497 1060
"9c5c535726f5f931" 10487 4506 10783
"2c0e7ee625d50ecd" 7283 11742 2504
"12300a41ab1b3088" 3651 6403 5558
"6d386cca24c31e52" 11089 4275 5437
"71e32e9718c92adb" 4245 2624 6705
"598176230ebad288" 1879 1876 4761
"4b13edaf8f080447" 11615 4364 8216
"d8a021e2295f2f2c" 7053 3692 947
"24742e391da1694d" 4823 5028 5558
"f890f498e4a0e356" 7460 4909 7289
"8e6dd9861592c625" 8648 7251
"893d6c161177eb6d" 12049 4497 7289
"90c9bfe09087bb54" 7283 5718 10487
"8248ec255d6d0048" 4364 10783
"95dec75cde8b290a" 269 6403
"cb5a42550d8e0beb" 4823 5028
"6c62237cbedd26cc" 2624 7053 1876
"4acc9b2c50387adc" 11033 4403 10371
"6401b2385c28f307" 8813 4275 6705
"33054d81bec6fce6" 11730 5606 4506
"41b0e2fd1841a163" 8730 5437 8648
"c9cacfec51f70f91" 4245 8166 2504
"646c4213399849d0" 6997 11615 9037
"a6e5ae8da58a4f6e" 1879 1060 11742
"a8dc868587269119" 6348 3692 4761
"94554cd4a454b5af" 11089 1060 947
"63115a84badef498" 7460 6997 8216
"944af1b86604c2d0" 4909 7251
"f47c492cf4a0b434" 5515 1879 8216
"604c291968b913f2" 6348 5718 947
"c18e0a48539a0eef" 5515 11730 8166
"b13dbbb4cdac3427" 7131 11742 7289
"58ab1f60142752d5" 5437 10783 5028
"778af26e1936c2cd" 12049 269 4364
"218aa022c7b83e6b" 6348 11089 2624
"fe2d4a69a8fe85c5" 4275 8648 7251
"2f39d72b71903477" 4245 8813 10371
"51fa530a8d695048" 8730 10487 4823
"57ba9b2c50387adc" 11033 4403 1876
"d7a4ee4304068e12" 5606 2504 5558
"e8a21f49a2993b8e" 4497 4909 6403
"f06693e5c1b97623" 3688 518 6096
"28a90922ea8f3848" 6914 9259 4728
"3b1f2bea92b0c96b" 6967 6843
"0a3f07b4aa25ce0b" 4291 518 11214
"e1aca59266dc621e" 2857 7981 6971
"7a88f2076ba295c8" 3262 4113 1363
"8e089b7605b50aa4" 6967 6843 4113
"626046baffe533a6" 518 9259 4728
"f6d57bbfbdfde574" 7981 3688 2857
"36a944a0f0d296d0" 3262 6096
"dfcb63af6bbd8a36" 6914 4291 6971
"c9c59560acd0cc35" 7981 518 6096
"418ea52ac86b8aaa" 6843 3688
"3b161616a5c2f57d" 4113 11214 6971
"122e2bea92b0c96b" 6967 2857
"b7c2a42f242f80a6" 1363 9259 4728
"fc4d1482a29bcf93" 4291 6096 6971
"994844a0f0d296d0" 3262 518
"6be991886c4284a5" 6843 4291 1363
"bb761454c7e14f55" 7981 9259 11214
"bd70047ac42e9adc" 3893 4113 4728
"065e2bea92b0c96b" 6967 3688
"521b0191d5e680d9" 2857 6096 6971
"9492b927e34e20e4" 7981 1363
"c22d098763eef05e" 3893 11214
"977cdc2589bf445f" 2857 4291 4728
"2c2c6c98b24d3f22" 6967 9259 6971
"cf52b927e34e20e4" 7981 518
"9368f763a943225b" 3262 6914 3688
"f380150959e317ac" 4113 9259 11214
"9d8fa52ac86b8aaa" 6843 7981
"e62946b9589bc866" 6914 4728 6971
"bcf1d599b32bc640" 4291 1363 6096
"c57c9fdd12bd60f2" 3893 3688 11214
"0f8747c74cc41277" 518 11214 6971
"3d6008355f0ecd51" 2857 4113
"50d938722c91c9d3" 3893 9259 6096
"c8c3e0c907211226" 4291 4728
"be833afc2d1d06da" 6967 3262 7981
"6b3a609dd0abee57" 6914 3688 1363
"6d68b96bf4bcc70d" 3893 2857 6971
"c71fa52ac86b8aaa" 6843 6096