"7b078862cdd96c41" 20 15436 61 1016 2898 13 14566 1592 799 312 13 553 150 20074 22180 13 113 2796 5141 19468 4 12773 -1 -1 0 0 0 0 7 9 8 9 7 4 2 2 7 6 0 0
"d8ec0548d7eb4eb2" 37 4403 590 15995 12798 13 1774 61 102 36982 13 553 12376 12377 12378 12379 12380 13 507 4549 6727 36983 13 553 772 6833 573 11026 13 93 5174 608 191 4703 2505 30894 30715 4 12774 -1 -1 0 0 0 0 8 9 9 9 9 4 6 9 8 6 0 0
"b570705b0140b44c" 26 1091 13269 3529 440 13 357 66 347 1192 36984 13 553 1602 76 61 26127 13 415 36985 150 2014 504 36986 2 36987 4 12775 -1 -1 0 0 0 0 6 7 6 7 6 4 5 4 5 4 0 0
"6bc2d33d00cc0e7d" 20 8146 8147 8121 13 2 171 36988 4345 13 553 801 901 11067 13 10450 4361 61 36989 17559 4 12776 -1 -1 0 0 0 0 7 7 8 7 6 4 4 2 4 3 0 0
"c51bf059895de2cd" 22 2310 3687 4791 71 13 36990 36991 36992 13 553 5255 2851 1016 92 5256 13 150 36993 36994 2062 1324 4 12777 -1 -1 0 0 0 0 6 7 7 7 5 3 5 8 3 6 0 0
"703dd939d5c5d86f" 21 9433 13 772 6576 6930 538 6931 13 553 76 150 36 396 2873 13 12298 171 1773 23662 1006 4 12778 -1 -1 0 0 0 0 6 7 7 6 6 4 3 8 5 7 0 0
"f3972f23202c9f45" 26 7095 4249 7096 7097 13 191 1047 1806 731 13 553 171 10556 61 17473 3970 10557 13 61 731 13368 578 87 3658 2349 4 12779 -1 -1 0 0 0 0 7 8 8 8 7 3 4 8 5 7 0 0
"7d720470b9093e6b" 27 41 150 5248 2889 13 1109 31244 13846 36995 36996 13 553 499 10243 10244 13 1034 704 113 2094 13 2 2477 373 6514 2683 4 12780 -1 -1 0 0 0 0 6 6 7 7 6 5 4 5 4 7 0 0
"8cd0567d69778759" 27 4727 547 13 36997 504 6734 13 150 10704 446 13 553 9505 9491 13 347 23775 1842 20 27708 93 13 386 387 305 36998 4 12781 -1 -1 0 0 0 0 7 7 7 6 5 4 4 3 5 6 0 0
"58cee946abd383b1" 29 347 2062 13157 13 499 2310 36999 13 1122 304 37000 13 553 150 304 1379 330 13 1110 113 11695 13 1109 150 36 21496 1071 106 4 12782 -1 -1 0 0 0 0 8 8 7 6 5 5 5 6 5 6 0 0
"2afcf658793a473d" 29 2 87 61 14621 8647 13 87 37001 37002 13 553 41 633 323 13 688 150 388 1370 800 13 1131 37003 20 13546 37004 11565 7013 4 12783 -1 -1 0 0 0 0 7 7 7 7 7 4 4 8 6 8 0 0
"d4c90cb75a0be3e5" 55 191 66 3070 9919 13 150 388 1510 331 31102 5046 13 553 35 2215 66 990 1780 13 1680 3110 1319 37005 1071 174 860 37006 61 37007 35 297 13 553 8412 150 10561 10562 13 548 37008 37009 13 3075 61 373 1196 8864 482 1821 1315 373 17495 6336 596 4 12784 -1 -1 0 0 0 0 10 10 10 9 9 5 6 8 8 9 0 0
"7acd8b11aa78eda7" 28 4591 4592 4593 13 1403 737 396 13 191 125 13561 18241 13 553 191 9110 9111 13 28 29770 37010 3536 13 519 16098 2 37011 4 12785 -1 -1 0 0 0 0 6 6 6 6 6 4 4 4 5 4 0 0
"ed9e569726fef217" 49 93 1934 552 13 35 188 2379 7769 515 13 35 23 37012 13 553 2 171 200 61 93 102 13 357 20152 23410 13 1042 61 2512 102 30312 13 553 171 3358 61 8952 13 357 373 5452 87 13 25 1109 102 3438 37013 4 12786 -1 -1 0 0 0 0 9 9 9 8 8 4 4 6 7 8 0 0
"8484f56c61601e43" 41 34 6020 171 12648 13 93 150 304 37014 53 2067 2358 13 553 742 7793 102 2804 61 13 37015 13 37016 13 373 2785 37017 2 586 2340 13 553 2 979 13 6300 171 61 37018 36354 4 12787 -1 -1 0 0 0 0 8 8 7 7 6 5 6 6 5 6 0 0
"80f27f47fb078341" 15 37019 22704 788 353 142 13 553 104 7926 703 13 7047 37020 6631 4 12788 -1 -1 0 0 0 0 8 7 6 7 7 7 5 3 4 6 0 0
"971d13a95456fec0" 29 2 7225 6748 37021 13 553 4181 508 13 347 410 8213 358 1408 151 13 553 1885 22620 188 18609 14714 13 330 347 1192 1832 3832 4 12789 -1 -1 0 0 0 0 7 6 7 6 6 5 4 3 5 7 0 0
"b38e842f22b86a80" 26 2 9717 2088 188 13160 13 26 171 21207 13 553 37022 5997 61 37023 8943 110 553 4421 13484 37024 13 37025 4314 2440 4 12790 -1 -1 0 0 0 0 9 8 9 8 8 8 6 4 6 8 0 0
"4762e35bc3ac18c1" 21 20 3390 292 2 37026 13 4361 61 37027 553 8495 32752 435 5719 13 66 44 37028 37029 12624 4 12791 -1 -1 0 0 0 0 6 5 6 6 7 5 3 4 8 7 0 0
"2a81b754b30cb5e6" 29 452 1657 37030 13 37031 2724 37032 553 37033 621 2 7924 12366 37034 37035 13 553 986 6784 1043 37036 11973 3038 2859 29155 37037 1333 10631 4 12792 -1 -1 0 0 0 0 7 8 6 7 7 6 5 8 6 8 0 0
"ed45e2c82792a58d" 29 4314 386 321 37038 13 553 5344 4970 1259 13 66 1002 321 7428 13 37039 3104 553 357 15614 4246 37040 2 774 609 87 37041 941 4 12793 -1 -1 0 0 0 0 8 7 8 7 6 5 3 8 5 7 0 0
"910ed3c6f116d232" 27 41 14308 14309 14310 13 553 13885 13 14733 37042 37043 361 2076 37044 1752 553 19289 37045 6909 13 347 342 330 37046 82 410 4 12794 -1 -1 0 0 0 0 9 8 8 7 6 6 4 8 7 7 0 0
"725b50dcabe6234f" 29 2 5047 13 87 4322 61 171 13 87 61 7082 2001 553 12348 12349 12350 13 87 61 37047 2 27975 23 13441 4809 29776 10432 37048 4 12795 -1 -1 0 0 0 0 8 7 6 6 7 6 4 5 6 7 0 0
"8216d07327bb254b" 21 2 13725 8723 13 23 37049 37050 553 347 463 1086 1011 20 5344 61 53 37051 37052 748 748 4 12796 -1 -1 0 0 0 0 8 7 9 8 8 6 5 4 5 6 0 0
"24562bdbea241303" 34 127 9985 1165 9986 13 150 36 3180 20085 37053 37054 553 35 6750 6751 417 660 1517 393 394 13 553 2 102 268 6113 37055 13 95 1693 386 966 37056 4 12797 -1 -1 0 0 0 0 9 8 9 8 7 7 6 8 5 7 0 0
"7d1ee26b6b722645" 21 35 32130 504 7171 13 134 191 1032 1160 37057 2695 553 191 7887 5557 13 1651 3938 2518 26823 4 12798 -1 -1 0 0 0 0 7 7 6 6 7 7 5 4 8 7 0 0
"8a8c48a665fa0606" 21 2 2684 315 34 4619 330 504 13 553 66 23 415 8525 2018 13 93 1821 4799 32348 11947 4 12799 -1 -1 0 0 0 0 8 8 6 6 6 6 5 4 7 7 0 0
"5aa94f1c5d124a3e" 28 653 654 13 134 95 1509 37058 553 9652 547 9653 37059 2 37060 553 35 796 504 330 1550 13 134 102 1015 1088 13572 1090 4 12800 -1 -1 0 0 0 0 6 5 6 7 6 7 5 4 7 6 0 0
"89f3026d571967ff" 20 852 188 37061 457 776 1079 33585 553 7945 37062 37063 26278 13 37064 1122 8062 1043 171 37065 4 12801 -1 -1 0 0 0 0 8 7 6 6 7 6 4 4 6 8 0 0
"82c82782b51c740d" 34 188 2142 457 5238 2724 13 347 330 151 2371 37066 37067 553 191 14167 1821 2 359 2220 19829 37068 13 553 134 53 3358 16083 37069 37070 61 32972 55 14860 4 12802 -1 -1 0 0 0 0 7 6 5 7 6 5 4 6 4 8 0 0
"a8675a614880b8dc" 18 66 4192 10442 3110 13 4812 4774 4774 4775 13 553 28 34050 25012 504 18406 37071 4 12803 -1 -1 0 0 0 0 5 5 6 4 5 3 3 4 4 3 0 0
"c05297d245f5e179" 20 66 347 1832 169 362 13 95 61 171 2620 13 553 7125 7126 3873 2 6567 504 37072 4 12804 -1 -1 0 0 0 0 6 7 6 6 5 5 3 3 4 3 0 0
"26bbb5f520ea9309" 20 2879 3150 8849 13 2056 150 36 1983 13 553 1235 1236 566 953 2 102 8968 1016 37073 4 12805 -1 -1 0 0 0 0 7 6 8 7 6 8 5 2 3 5 0 0
"bf5953f7efec0ae1" 16 20 1550 3299 358 5141 37074 13 553 347 146 2204 313 37075 171 18666 4 12806 -1 -1 0 0 0 0 8 7 7 5 7 5 3 4 5 3 0 0
"77a41d4ab34cd68a" 22 66 37076 2444 13 649 3993 20386 13 553 10029 53 8695 13 9902 9902 718 347 863 330 37077 37078 4 12807 -1 -1 0 0 0 0 8 8 8 7 7 9 4 3 3 2 0 0
"016299e5a2810171" 20 13288 3110 13289 13 294 13290 13 553 37079 37080 13 357 7882 66 17943 13 1873 93 358 4 12808 -1 -1 0 0 0 0 6 7 6 6 5 4 3 5 4 3 0 0
"840badbd6ec5b609" 26 66 23 10840 10841 7379 13 5501 2265 13 553 357 87 61 8001 13 537 8834 13 11445 23 3455 13 347 1568 37081 4 12809 -1 -1 0 0 0 0 7 9 6 5 7 3 3 2 3 3 0 0
"a5bc35411ae6af5c" 23 12155 10602 457 1997 13 87 61 171 8453 13 553 474 475 150 36 476 13 8310 330 478 330 11472 4 12810 -1 -1 0 0 0 0 5 6 5 4 5 4 3 7 3 6 0 0
"9d14d97cb463ee96" 21 5037 55 5464 13 417 188 704 1655 13 553 347 36 330 1303 13 35 796 504 330 1550 4 12811 -1 -1 0 0 0 0 8 8 7 7 6 5 3 4 4 4 0 0
"bf5c3f8291a70792" 20 2 5047 13 3037 93 53 5852 13 553 2879 3150 8849 13 171 5451 5452 5453 5454 5455 4 12812 -1 -1 0 0 0 0 7 6 8 9 7 8 4 4 3 5 0 0
"8989b7d11b26e3c6" 16 13885 13 37082 2958 547 37083 13 553 191 5557 7887 13 364 4885 37084 4 12813 -1 -1 0 0 0 0 5 5 6 4 6 5 3 5 7 5 0 0
"d380791c820e2115" 16 20 3390 292 13 61 1734 967 13 553 588 1109 37085 4107 21202 37086 4 12814 -1 -1 0 0 0 0 6 7 7 6 4 4 4 5 4 6 0 0
"5182c9037620945b" 25 66 8495 8223 13 37087 21160 13 553 357 35 23 10840 10841 7379 13 87 61 963 13 347 1337 417 21571 14081 4 12815 -1 -1 0 0 0 0 8 9 6 5 7 3 3 2 3 3 0 0
"f5b4c4fa8c1213a2" 23 2 2265 13 33651 125 23938 10270 13 553 15614 15615 13 357 4403 712 37088 37089 37090 13 2852 37091 37092 4 12816 -1 -1 0 0 0 0 7 6 6 6 6 5 5 7 5 8 0 0
"8e12697e5d805809" 23 2 102 268 37093 229 13 553 9902 9902 718 13 6091 12648 9495 13 1842 359 1730 313 37094 13 37095 4 12817 -1 -1 0 0 0 0 6 6 5 4 5 6 4 3 3 3 0 0
"73e0cfd89bd7c170" 21 87 12365 12366 3479 13 3519 35106 2531 37096 13 553 134 547 3302 2796 13 9654 37097 27047 4335 4 12818 -1 -1 0 0 0 0 7 6 6 5 6 4 5 2 4 3 0 0
"a7e6c8b0eaf002b5" 25 1886 1657 13 359 2220 2221 2222 13 553 588 11 607 1043 25 150 645 1852 13 37098 37099 2321 28203 37100 14893 4 12819 -1 -1 0 0 0 0 8 7 7 5 6 5 4 6 4 7 0 0
"0f9a232a6cc2f067" 20 1122 8062 146 1043 13 2 13725 8723 13 553 188 37101 4766 23843 89 37102 17422 24743 1559 4 12820 -1 -1 0 0 0 0 6 5 5 5 4 4 2 2 3 5 0 0
"6dcef60e77d5c301" 20 35 34 713 504 13 20 3390 292 13 553 28 308 37103 13 34 150 37104 13060 1550 4 12821 -1 -1 0 0 0 0 8 7 7 5 6 5 4 2 6 3 0 0
"b0bca5bf5c13a604" 21 66 347 146 313 6659 13 191 3358 37105 13 553 21770 323 8525 13 2018 3416 191 2859 37106 4 12822 -1 -1 0 0 0 0 7 6 6 5 6 8 4 2 3 5 0 0
"c69fb9a5785c6a8a" 23 171 8695 10029 53 13 14386 37107 787 13 553 357 150 87 36 37108 13 28 23346 7945 3327 37109 787 4 12823 -1 -1 0 0 0 0 8 7 7 5 6 5 4 3 3 5 0 0
"54b3824cc928fb78" 25 35 34 6750 6751 37110 13 2 37111 1192 4 4 4 553 35 34 796 504 330 1550 13 1071 5934 37112 37113 4 12824 -1 -1 0 0 0 0 6 6 6 5 5 5 4 3 2 3 0 0
"abe723da19975fd4" 22 653 654 2 29102 13 171 1571 37114 61 13 553 347 463 21269 1011 13 191 188 1246 113 37115 4 12825 -1 -1 0 0 0 0 7 5 6 5 5 5 3 2 4 4 0 0
"eb4efb823377842b" 25 357 1873 93 358 37116 13 353 636 150 330 854 13 553 61 1734 967 134 13 37117 191 37118 37119 14182 4 16605 12826 -1 -1 0 0 0 0 7 6 7 5 5 5 4 2 6 4 0 0
"cfe0e45767581051" 25 4806 4812 4774 4774 37120 13 1930 15349 37121 355 13 553 357 37122 566 953 13 35 37123 37124 1319 349 134 95 4 12827 -1 -1 0 0 0 0 8 7 6 5 6 5 3 2 5 3 0 0
"c10424f468f37e03" 32 7584 5177 13851 13 38 37125 1381 2 37126 4267 13 553 357 26 3302 37127 3646 37128 3483 12350 13 504 37129 3953 720 953 32963 3302 13099 2546 6884 4 12828 -1 -1 0 0 0 0 6 5 5 5 4 6 3 6 3 5 0 0
"8362d4fcfa475ac0" 35 474 475 150 36 476 13 2619 330 478 2475 13 553 37130 373 18202 37131 37132 1737 13 3110 1192 3939 3302 2 3302 13289 13 171 294 13 482 16069 37133 13291 4 12829 -1 -1 0 0 0 0 7 6 6 6 6 4 4 2 4 7 0 0
"f636b73de5bf990a" 29 1109 2879 3150 113 8849 13 20 66 23 359 5037 1900 13 553 37134 37135 1276 13 482 9322 32854 1736 34261 394 2735 7044 4799 632 4 12830 -1 -1 0 0 0 0 6 5 6 5 4 4 4 3 3 6 0 0
"c966be17577c0f8f" 28 20 14167 1821 13 1342 34204 37136 25063 2316 13 553 2 2265 5495 36005 95 9615 13 645 2329 37137 2735 500 37138 2841 113 37139 4 12831 -1 -1 0 0 0 0 5 4 4 5 5 4 3 2 3 6 0 0
"56e32ab2fc4b9c33" 32 8301 15588 13 540 7125 171 7126 7127 13 553 2 1657 37140 2 7765 37141 13 191 4410 4404 61 9133 37142 1071 37123 1235 37143 37144 93 37145 1664 4 12832 -1 -1 0 0 0 0 6 5 5 5 5 4 4 4 3 5 0 0
"603a25c58264f174" 32 315 34 4619 504 13 520 61 188 2684 110 553 150 36 146 2204 313 13 20 858 1754 11686 20 37146 37147 417 163 37148 3523 13 37149 37150 4 12833 -1 -1 0 0 0 0 3 2 3 4 3 6 2 1 1 1 0 0
"c16fa1f47edfbe81" 22 9985 127 1165 9986 13 3070 5047 530 13 553 2310 4421 37151 13 28 5934 1043 37152 347 4312 37153 4 12834 -1 -1 0 0 0 0 5 7 8 6 7 3 2 7 1 8 0 0
"a0a2b4abf7f6a78a" 35 14308 37154 14310 13 191 37155 13 20 417 1259 13 553 35 37156 515 37157 6738 200 13 30353 2 160 4589 463 37158 13 34 20019 26 3251 2028 171 37159 37160 4 12835 -1 -1 0 0 0 0 6 5 7 5 7 3 1 6 2 4 0 0
"9f7990755b573112" 18 1997 457 15070 37161 553 357 191 14167 1821 13 37162 330 7172 504 13 9405 217 4 12836 -1 -1 0 0 0 0 3 5 3 4 3 7 1 5 5 8 0 0
"2eea78d8985eaaa1" 35 34 47 37163 515 13 35 37164 5623 1567 37165 553 35 151 37166 7156 13 347 348 169 349 350 351 13 553 13288 3110 357 37164 37167 37168 13 294 13290 13291 4 12837 -1 -1 0 0 0 0 3 1 2 3 2 1 9 1 1 3 0 0
"b3bd296b7c5887ae" 52 1013 37169 1319 37170 37171 37172 20 20199 55 34 55 37173 23060 553 10069 530 10070 13 357 567 13 37174 1771 13 37175 13 553 15614 15615 530 165 4421 37176 41 7472 347 7092 6644 13 17048 12920 37177 37178 13 1780 3313 4578 150 36 23447 37179 4 12838 -1 -1 0 0 0 0 2 3 5 1 2 1 1 8 1 6 0 0
"9bb902961a821fc8" 25 11593 37180 11592 37181 2620 553 191 18789 6969 330 286 7366 37182 13 5612 4645 737 27397 37183 37184 37185 1153 7380 37186 4 12839 -1 -1 0 0 0 0 6 6 7 5 5 2 1 1 3 2 0 0
"a7526c94e3889d3a" 31 5115 297 1665 188 5811 13 3313 37187 553 5561 13 35 1510 150 36 9943 9944 13 2536 553 38 4103 18180 305 1055 188 1294 13 37188 200 110 12840 -1 -1 0 0 0 0 4 4 4 5 4 1 1 1 1 1 0 0
"58abefdb9293e3a8" 52 125 596 24872 55 37189 12038 37190 13 553 3137 578 596 125 417 20199 25734 37191 13 297 61 171 1651 37192 3635 37193 13 553 1664 61 13 20 37194 920 675 13 37195 37196 286 728 6485 13 553 492 358 2652 703 4623 2717 457 2511 19276 4 12841 -1 -1 0 0 0 0 7 7 8 9 7 2 3 2 6 7 0 0
"dc6c78d9c97b6409" 33 66 788 294 20 347 5381 1061 388 553 357 37197 87 8600 13 41 1793 14429 20 95 553 16582 3727 1568 606 150 134 330 3993 1795 36 20 95 4 12842 -1 -1 0 0 0 0 5 5 7 7 6 1 1 1 1 1 0 0
"c8cd1a9c8596d553" 28 150 1817 636 367 2039 330 16365 36 553 191 373 150 63 1817 5621 5622 13 553 5536 936 61 545 37198 13 28 1825 1013 4 12843 -1 -1 0 0 0 0 4 6 4 5 4 1 1 1 7 1 0 0
"8ce9258692992ae4" 16 20 3995 134 16511 13 171 32796 13 553 188 1828 61 4358 17978 19024 4 12844 -1 -1 0 0 0 0 5 8 6 6 6 3 4 1 8 3 0 0
"2cd9bcb9638f63fd" 34 26 113 10927 13 35 362 37199 36 553 150 9499 11472 6764 37200 13 150 4229 13 553 95 150 36 8264 13 1029 956 146 1043 1123 37201 188 94 15086 4 12845 -1 -1 0 0 0 0 6 6 7 6 6 3 2 1 8 5 0 0
"4b285868f59b3a6c" 28 150 330 37202 4484 373 1360 191 1208 2485 553 2 610 16744 7422 38 325 553 5255 102 61 4836 13 150 286 305 636 9425 4 12846 -1 -1 0 0 0 0 4 3 4 6 5 2 1 2 2 4 0 0
"e87ea4ea9a9ac8cf" 23 1622 44 7366 23875 12625 553 1071 20 3780 20 6661 6662 37203 37204 553 8118 37205 13 297 5141 1693 920 4 12847 -1 -1 0 0 0 0 6 4 6 5 4 1 1 1 1 0 0 0
"9fbaf320f5d51222" 33 283 4645 13 493 2785 37206 37207 13 553 191 66 121 4290 13 150 304 37208 68 37209 55 37210 4 3500 25 703 13 150 304 125 8409 2772 4291 4 12848 -1 -1 0 0 0 0 6 7 8 7 8 7 7 0 0 0 0 0
"d3dafdcc1a522c4e" 30 347 36 330 87 1303 13 38 1842 20 37211 1814 13 553 5002 53 2507 93 7802 5399 13 18997 150 330 37212 21835 37213 47 37212 37214 4 12849 -1 -1 0 0 0 0 7 7 6 7 7 6 5 0 0 0 0 0
"cca8b2c8c538d5ac" 19 102 1825 13 357 87 530 12534 13 553 150 304 515 1057 37215 13 347 993 304 4 12850 -1 -1 0 0 0 0 6 6 8 6 6 6 6 2 0 4 0 0
"31c8424d3d206ccb" 19 134 61 1069 452 21211 24620 13 553 345 725 607 113 37216 13 347 847 362 859 4 12851 -1 -1 0 0 0 0 6 6 6 6 6 6 5 0 0 0 0 0
"b3520b021e6cd1a8" 26 33275 37217 13 3075 150 36 37218 2941 18212 13 553 150 37219 330 351 20 361 9391 6255 2 37220 150 1510 7235 351 4 12852 -1 -1 0 0 0 0 5 4 2 5 5 5 3 8 3 7 0 0
"5776a47e9b3ffc42" 24 87 37221 150 676 1978 415 13 102 113 37222 13 553 87 474 3746 61 297 1422 68 20 1675 37223 796 4 12853 -1 -1 0 0 0 0 4 6 5 6 5 7 5 0 0 3 0 0
"be5607357319d0be" 26 1988 7171 2000 7366 13 7677 37224 113 2 36636 2183 13 553 2536 37225 2 7266 37226 11003 37227 553 26532 37228 2 37229 4 12854 -1 -1 0 0 0 0 5 5 6 5 6 6 6 0 4 3 0 0
"8c65c75fb097f496" 36 347 36 4400 37230 37231 13 150 95 36 22741 29305 13 553 37232 123 150 124 66 361 2663 530 8482 150 8483 37233 13 553 95 150 36 1568 37234 13 6467 37235 4 12855 -1 -1 0 0 0 0 7 6 6 5 4 7 3 4 6 5 0 0
"4283e42d4fea6421" 34 41 102 2866 18048 2340 13 150 361 362 37236 13 553 4828 37237 744 4211 357 150 361 25264 37238 4 553 41 102 1093 361 113 59 1374 8599 87 8600 4 12856 -1 -1 0 0 0 0 6 6 6 6 6 6 4 2 0 3 0 0
"76d579cbd56bbe60" 36 457 37239 30297 13 457 2920 268 9215 13 553 20694 2162 37240 8085 2 8225 3706 2 37241 2155 37242 4 553 37243 37244 13 37245 37246 13 499 330 17813 748 1869 4836 4 12857 -1 -1 0 0 0 0 5 4 5 4 5 5 6 3 0 2 0 0
"056af46c89f76eb3" 33 134 637 1069 1043 920 37247 13 553 4 18997 347 36 2204 13 20 37248 37249 4 553 2 1886 16483 774 9239 61 8118 13 14807 417 37250 150 37251 4 12858 -1 -1 0 0 0 0 4 5 6 5 6 6 3 0 3 2 0 0
"912ced08cf8376ed" 35 1862 125 37252 20 313 150 36 362 13 2204 4766 37253 125 1930 13 553 7171 417 1297 687 188 1749 388 37254 13 1990 417 28 738 384 37255 17559 37256 37257 4 12859 -1 -1 0 0 0 0 7 7 7 6 7 6 5 0 0 0 0 0
"3450ee9c28c252a3" 32 191 610 17 515 36070 123 37258 124 13 29146 150 1559 36 171 37259 13 553 23 545 53 5536 936 37260 13 23 2988 1093 548 20422 530 3456 4 12860 -1 -1 0 0 0 0 7 6 6 6 6 7 5 0 0 0 0 0
"7f3c8cce374be1c0" 26 36991 2696 9885 394 13 3736 330 26452 37261 37262 13 553 347 37263 53 32872 13 1602 330 4702 47 3176 61 37264 23048 4 12861 -1 -1 0 0 0 0 6 5 7 6 6 6 5 0 0 0 0 0
"86de4b1cb39953a4" 21 1576 37265 37266 37267 37268 142 13 553 373 61 188 37269 150 9499 3495 37270 13 150 504 2616 4 12862 -1 -1 0 0 0 0 5 4 5 4 5 6 6 3 0 1 0 0
"bb36f5692fab6825" 11 188 6412 5115 297 1665 13 31789 170 191 1771 4 12863 -1 -1 0 0 0 0 7 6 6 4 5 6 4 3 4 1 0 0
"64fdeca50314cefa" 21 347 39 16108 13 1778 12625 11482 37271 13 553 357 150 87 1228 504 37272 2 268 3125 24498 4 12864 -1 -1 0 0 0 0 6 7 7 5 5 6 3 4 4 3 0 0
"ecc683563ebccc74" 13 852 102 61 2735 297 13 150 437 20 6764 11472 37273 4 12865 -1 -1 0 0 0 0 5 4 4 3 3 5 2 3 3 2 0 0
"b475323cbb9c621d" 22 20 3995 26099 7802 9634 13 553 191 66 121 4290 13 150 304 37274 362 171 17701 37275 19261 5709 4 12866 -1 -1 0 0 0 0 8 7 7 6 6 9 5 4 4 3 0 0
"97300b0d3e6072c8" 22 23 53 2507 5399 13 347 330 578 4589 13 553 357 1829 7875 3302 37276 13 2 3972 3125 3126 4 12867 -1 -1 0 0 0 0 7 6 6 5 5 5 3 4 3 3 0 0
"f81d872bef9c68e4" 20 852 20 347 388 146 417 1061 13 553 1510 150 36 9943 9944 13 2049 37277 2717 37278 4 12868 -1 -1 0 0 0 0 5 4 5 2 3 4 3 3 3 2 0 0
"8b9f1e04c64fcf63" 26 347 36 8483 37279 13 1071 1552 3089 1829 417 327 13 553 357 492 358 12676 1795 13 4302 37280 10716 901 37281 7981 4 12869 -1 -1 0 0 0 0 7 6 6 5 5 6 3 5 4 3 0 0
"f7567ed6df32fa3f" 26 191 373 150 63 1817 5621 5622 13 410 87 17888 1424 10571 13 553 545 5536 936 8589 13 1319 1033 1052 326 1771 4 12870 -1 -1 0 0 0 0 7 8 7 6 4 4 3 3 3 3 0 0
"6a4e646e0a14164f" 18 20 3995 26099 7802 9634 13 553 1052 61 1069 1043 37282 13 1013 1315 1747 2536 4 12871 -1 -1 0 0 0 0 8 7 7 5 5 6 4 4 4 3 0 0
"396cada64ed89760" 27 347 39 1655 362 1422 13 102 2859 32935 358 37283 13 553 188 6412 5115 297 1665 13 2 796 150 36 8264 330 10450 4 12872 -1 -1 0 0 0 0 8 8 8 6 6 7 4 4 4 3 0 0
"96151e8981c0907c" 22 23 53 2507 5399 13 330 150 304 17852 13 553 347 304 330 22043 13 286 3302 7366 3764 9738 4 12873 -1 -1 0 0 0 0 8 6 6 5 4 4 3 3 3 2 0 0
"ae51fb8c123d52a6" 22 191 610 16744 7422 2 66 737 1837 21364 13 553 357 6764 347 2652 6738 13 7728 3928 37284 449 4 12874 -1 -1 0 0 0 0 7 6 6 5 4 5 3 4 3 2 0 0
"db7f485909c7e952" 24 852 102 61 2735 297 13 499 417 1550 388 1187 13 553 18997 125 4404 150 282 931 13 308 4596 7155 4 12875 -1 -1 0 0 0 0 6 5 5 3 4 5 3 2 2 1 0 0
"aca3d43616eef252" 26 150 457 4414 37285 13 37286 87 150 3211 351 13 553 357 6039 95 61 13 1664 61 13 2652 37287 37288 5140 355 4 12876 -1 -1 0 0 0 0 7 7 7 6 5 6 4 4 4 3 0 0
"b72e094232a87740" 21 35 36 1568 37289 37290 13 37197 87 8600 13 553 2652 15795 37291 37292 13 2696 13 2859 37293 4 12877 -1 -1 0 0 0 0 8 7 7 6 6 6 4 4 4 3 0 0
"96d32ef66b06b27d" 25 5399 457 3302 22523 13 1071 1697 14569 37294 13 553 2 12718 2942 38 1693 13 1071 20 6661 6662 35824 4862 358 4 12878 -1 -1 0 0 0 0 5 6 7 5 6 5 4 3 4 5 0 0
"c4ea0943f3c7b2cf" 31 61 8940 3261 6677 37295 2049 796 13 553 357 41 347 388 146 1061 13 87 4123 13 553 357 191 3038 6622 13 171 150 7977 2852 4291 4 12879 -1 -1 0 0 0 0 4 6 5 4 5 5 3 4 4 4 0 0
"86292088f781d3fe" 30 95 1342 61 19666 37296 3075 37297 13 553 1488 8482 150 36 37298 37299 13 553 347 7597 13 1071 1863 150 10451 504 2 37300 150 2616 4 12880 -1 -1 0 0 0 0 6 5 6 7 6 5 4 4 5 5 0 0
"4676f2b506cc062a" 32 37301 34 1376 1192 37302 1604 12035 13 553 191 373 150 63 1817 5621 5622 13 553 357 102 1109 1589 457 37303 13 308 12625 2 11482 2733 12626 4 12881 -1 -1 0 0 0 0 6 7 7 6 6 5 4 3 4 5 0 0
"378f207142a1aedb" 30 41 29023 421 1664 13 347 63 1231 34421 13 553 20 3995 7123 1641 5536 936 37198 13 553 347 2062 2439 37304 37305 13 1580 7123 25163 16483 12882 -1 -1 0 0 0 0 5 6 7 4 5 5 6 3 4 4 0 0
"eadbae25750d722c" 33 687 37219 351 20 326 7123 6857 13 553 7154 417 150 37306 31960 13 553 2 653 361 920 37307 2 3327 66 7155 5501 6252 37308 2 34 3845 37309 110 12883 -1 -1 0 0 0 0 6 6 5 7 6 3 4 6 7 5 0 0
"44bd6d58db34417e" 47 38 11657 13 783 3727 13 11412 13 102 61 37310 34120 13 553 3666 1796 37311 37312 4337 1550 37313 13 553 2700 162 3461 297 6457 1664 61 2 6613 13 553 2 37314 37315 37316 359 37317 13 2 20 6661 6662 37318 4 12884 -1 -1 0 0 0 0 2 3 2 4 0 3 2 7 0 6 0 0