"bc45043bee961fbf" 25 34 4539 504 699 1588 13 553 134 26 474 37319 499 441 37320 10244 13 553 1266 504 28 37321 35 36 2166 4 12885 -1 -1 0 0 0 0 8 9 6 8 7 4 5 2 6 5 0 0
"f3ae4450f464fc93" 23 3993 384 34 1110 37322 13 553 10576 10577 359 188 15208 553 37323 37324 553 38 2349 9074 10112 12387 37325 4 12886 -1 -1 0 0 0 0 7 7 8 5 6 4 4 3 6 5 0 0
"a831a99a768976e0" 18 37326 3316 37327 13 37328 2271 113 6477 553 34 27480 359 5782 13 37329 5416 37330 4 12887 -1 -1 0 0 0 0 6 7 6 5 6 5 2 2 2 3 0 0
"a756ffc1700873d9" 24 191 26625 1473 13 596 6020 6686 37331 553 37332 347 27441 2 1778 2846 553 117 25 13096 13 23 603 37333 4 12888 -1 -1 0 0 0 0 7 7 6 6 7 5 5 3 7 7 0 0
"0de30df286457d0c" 34 347 18164 772 4799 2370 26 13 553 4460 113 11973 746 12674 37334 3427 553 34 866 5515 3394 13 357 18841 590 13 553 1488 37335 35 36 362 19840 6821 4 12889 -1 -1 0 0 0 0 7 6 6 5 6 4 3 3 5 6 0 0
"37dd6d450c7dd788" 44 373 37336 191 1473 13 34 6091 37337 2192 553 330 347 36 37338 13 113 66 117 4176 134 553 37339 2 37340 13 150 474 1602 8229 330 13 553 23 521 113 114 115 13 10708 150 361 37341 37342 4 12890 -1 -1 0 0 0 0 9 7 7 6 5 5 3 3 7 8 0 0
"aa51a01010ca2093" 33 150 474 286 37343 451 12624 1625 13 34 37344 357 19152 37345 739 553 41 1785 17883 13 188 19260 21953 37346 553 1071 1383 361 330 13 410 1588 556 4 12891 -1 -1 0 0 0 0 9 8 7 6 6 5 4 4 8 7 0 0
"4f4dbef4e014488a" 45 653 14663 13 150 37347 4447 37348 553 1857 7863 37349 13 362 150 361 8807 553 1131 37350 13 2 10337 13905 2 5140 27441 15037 10055 553 37351 37352 553 150 51 13 16605 16605 16605 16605 16605 2014 87 388 3663 4 12892 -1 -1 0 0 0 0 7 7 5 4 5 5 2 3 3 3 0 0
"a68687ff86bd6464" 36 482 14146 14147 31822 1842 37353 13 553 37354 545 37355 37356 13 35 2506 2400 13 1319 36982 37357 37358 13 37359 3530 14501 37360 553 2 2164 1319 2047 25 3880 360 3873 4 12893 -1 -1 0 0 0 0 6 6 6 7 6 6 5 4 5 5 0 0
"aba7de9ae4ca4594" 30 37361 3488 37362 4715 13 4711 150 13 7118 37363 134 37364 4 34 1376 24802 37365 13 37366 37367 17559 13 553 2809 6471 66 37076 7802 2859 4 12894 -1 -1 0 0 0 0 8 8 7 6 6 6 5 4 6 6 0 0
"7084f3dae04fd9dc" 55 4146 2087 37368 10099 37369 218 13 553 34 37370 6657 504 37371 13 553 37372 13 8676 6659 1221 12757 14613 13 3925 37373 2 37374 113 2382 3868 553 37375 1664 13 20 23312 188 24911 37376 772 8380 37377 26625 1664 13 553 373 61 373 1178 66 7170 37378 4 4 12895 -1 -1 0 0 0 0 9 8 7 6 6 7 6 5 8 7 0 0
"b1d2544b0de9c2ad" 41 587 305 37379 37380 37381 13 553 8225 37267 13 37382 353 12083 703 13 553 37383 53 37384 2049 35330 596 9733 37385 37386 13 553 37387 37388 37389 37390 4 20183 37391 13 16426 113 10562 37392 200 4 12896 -1 -1 0 0 0 0 6 6 5 4 6 7 8 6 5 5 0 0
"e230f7944a750e10" 33 34 847 37393 37394 13 553 357 95 1921 9461 37395 373 113 553 37396 37397 553 37398 37399 37400 13 37401 8405 13 93 37402 37403 13 37404 19193 37405 37406 4 12897 -1 -1 0 0 0 0 7 6 5 6 5 6 7 5 4 4 0 0
"e844156448b9b8b8" 39 191 16093 37407 901 13 37408 5881 13 2785 37409 37410 553 1664 425 417 37411 37412 37413 4 95 61 37414 13 37415 2 37416 37417 13 553 87 4109 1016 37418 13 191 9391 1148 9392 4 12898 -1 -1 0 0 0 0 8 7 6 6 7 6 5 5 7 8 0 0
"d72833232c543934" 35 41 1762 607 13 1109 1208 901 13 553 4404 1604 515 31781 37419 1567 553 14992 9917 37420 13 2 37421 37422 3104 13 553 8722 61 2024 13 1034 600 1795 113 4 12899 -1 -1 0 0 0 0 7 7 6 6 6 5 5 4 6 6 0 0
"4d8e9271fb63f44b" 26 95 61 113 9074 3009 13 150 362 15826 304 1187 13 553 7168 134 150 36 1656 4232 13 1109 3302 2796 5141 19468 4 12900 -1 -1 0 0 0 0 7 6 5 7 7 6 4 3 6 2 0 0
"dd34ef17ebdd5d7f" 20 24385 22872 37423 13 1182 37424 31187 13 553 357 341 600 171 2451 13 66 347 1379 17471 4 12901 -1 -1 0 0 0 0 6 7 6 5 7 4 3 5 4 6 0 0
"7d61782ab058bba7" 23 95 1677 297 13 347 854 330 4093 13 553 150 719 193 1568 3951 30058 13 347 744 863 116 37425 4 12902 -1 -1 0 0 0 0 5 5 4 3 4 2 5 2 3 3 0 0
"717b913f9e303de5" 16 482 14146 61 4724 14320 8247 13 553 1342 61 3483 13 14566 1795 9536 4 12903 -1 -1 0 0 0 0 7 5 6 6 5 4 2 3 5 4 0 0
"e63554c90dba0266" 40 774 8605 394 13 37426 20824 61 19927 2001 13 37427 27714 15539 7728 150 2062 20800 13 553 282 5415 13 117 2087 2735 25 703 13 66 347 2889 330 13 347 36 8026 37428 2891 11822 4 12904 -1 -1 0 0 0 0 4 6 5 4 3 6 4 6 3 7 0 0
"b2541ff98da5b74b" 15 66 801 798 113 2382 3868 13 553 23 9308 37429 265 968 10244 4 12905 -1 -1 0 0 0 0 6 5 5 4 4 4 3 4 3 4 0 0
"f9bd84bdca22a8be" 16 412 1378 1333 412 18450 5538 13 553 6620 13 95 61 412 18949 2303 4 12906 -1 -1 0 0 0 0 7 5 4 2 5 3 4 4 4 6 0 0
"3f1cd7369031ec8b" 19 61 9074 1342 9315 9316 13 553 720 87 150 36 3221 8808 13 113 20926 7033 37430 4 12907 -1 -1 0 0 0 0 6 4 4 4 4 2 2 5 4 5 0 0
"fc05de2b5b01962d" 13 556 11026 373 13 6300 7170 13 553 36301 5216 1182 5782 4 12908 -1 -1 0 0 0 0 7 6 6 6 5 3 4 2 3 4 0 0
"c84c0eac9de0e463" 24 95 61 2546 142 8380 13 12700 28979 8210 13 553 357 341 600 171 2451 13 66 347 151 171 17070 22961 4 12909 -1 -1 0 0 0 0 6 7 6 4 6 3 4 5 3 5 0 0
"aee3edd52ec41002" 22 347 36 8940 457 2871 8410 13 357 6480 3313 13 553 61 297 37431 9136 13 113 9134 1342 594 4 12910 -1 -1 0 0 0 0 6 5 5 4 5 4 3 4 4 4 0 0
"9fe7f6cfe7b469d5" 21 191 3258 37432 61 877 9702 1033 633 13 553 150 1192 4378 14611 361 37433 13 3951 37434 6603 4 12911 -1 -1 0 0 0 0 7 6 7 7 4 2 4 4 3 4 0 0
"9d89b5af78474dcb" 20 1664 373 37435 2 37436 7040 15121 1561 13 553 134 2327 3405 61 53 37437 5881 29831 7325 4 12912 -1 -1 0 0 0 0 6 5 7 6 3 2 4 2 3 5 0 0
"d0e3d455cd7fc159" 26 796 7159 410 1588 4361 61 13 20 102 2777 297 2155 697 13 553 347 286 146 2492 13 20 1314 590 386 4334 4 12913 -1 -1 0 0 0 0 7 8 6 6 5 4 3 4 5 3 0 0
"7ee9d388721f16c6" 18 66 125 13146 37438 13 2 188 2124 17459 13 553 347 863 2689 330 20996 10244 4 12914 -1 -1 0 0 0 0 6 7 5 4 5 2 3 4 4 3 0 0
"41c64ca76e08d591" 19 10576 10577 20 37439 37440 607 13 553 1762 1187 35 87 4109 1016 8958 20 37440 37441 4 12915 -1 -1 0 0 0 0 7 7 9 9 9 9 7 2 3 4 0 0
"8f649db2af8428f1" 30 41 34 26 3394 3394 13 3395 353 13 553 2446 18474 1580 5344 13 8305 217 4546 13 553 410 1588 556 13 373 3358 1481 36421 37442 4 12916 -1 -1 0 0 0 0 8 8 8 6 7 8 6 3 4 5 0 0
"8911e707745568a7" 17 548 3090 3951 4319 13 553 687 742 36 330 14738 13 8722 4899 2 37443 4 12917 -1 -1 0 0 0 0 6 7 7 6 5 8 4 2 3 2 0 0
"3046ff54ddedf2f8" 27 730 5293 5294 438 13 553 113 6170 37444 2245 23 521 114 115 13 553 26 3903 3914 3915 13 113 2652 37445 3048 37446 4 12918 -1 -1 0 0 0 0 7 9 9 7 6 7 5 3 4 6 0 0
"8edbeba3a8011f46" 18 9366 9367 9368 13 20 9401 364 13 553 35 3090 188 37447 351 113 37448 68 16496 12919 -1 -1 0 0 0 0 0 0 0 0 0 0 0 0 0 0 0 0
"7bd0c945e535a7d5" 17 251 37449 37450 13 13622 13623 217 4625 13 553 113 2382 3868 5537 20 37451 12242 12920 -1 -1 0 0 0 0 5 3 5 6 3 5 3 8 2 6 0 0
"5ab411ea2b85ed2d" 27 95 1921 9461 1123 9443 15435 13 553 113 9134 61 1580 772 748 87 1403 110 553 37452 2809 6472 13 87 676 37453 9142 4 12921 -1 -1 0 0 0 0 9 8 9 8 6 7 7 5 5 7 0 0
"082b0073835d64e0" 40 117 2087 25 703 13 347 2305 28 37454 1580 87 61 37455 13 553 2245 3941 3940 1580 87 61 2321 8453 1113 37453 13 553 20 1314 590 386 4334 13 191 26 9048 1210 25 392 110 12922 -1 -1 0 0 0 0 9 8 8 6 6 7 6 6 7 8 0 0
"3da00bd075875cb7" 32 299 300 3895 302 13 3007 10971 2 6061 87 37456 13 553 28 19435 5293 5294 438 13 37457 1667 13 553 1622 347 37458 721 13 2652 26743 7456 4 12923 -1 -1 0 0 0 0 6 8 8 6 6 5 5 3 5 6 0 0
"b6039c1ba778de00" 21 66 6198 116 35825 13 20 386 35 17917 102 13 553 2652 608 7534 7155 2 1629 37459 102 4 12924 -1 -1 0 0 0 0 9 7 7 5 8 7 5 3 4 2 0 0
"6c405eb8ffce1c11" 18 16426 28680 37460 443 2720 16429 13 553 113 66 117 4176 134 2 579 1307 1621 4 12925 -1 -1 0 0 0 0 6 4 6 5 4 5 6 6 4 8 0 0
"f413e249c5183b05" 19 608 7534 7155 20 5174 35 12021 353 3497 13 553 282 5415 13 150 330 2770 26860 4 12926 -1 -1 0 0 0 0 8 7 6 6 5 6 7 2 6 7 0 0
"434050ea5a11b2a7" 27 87 4109 1016 8958 20 3497 37461 3497 2 37462 13 553 412 16396 5538 412 1378 1333 13 37463 61 125 37464 37465 4 68 13 12927 -1 -1 0 0 0 0 7 8 7 6 5 6 5 2 4 7 0 0
"dbf8c3230b31d552" 27 6620 13 251 37466 3048 37467 13 87 3271 417 1580 553 66 23 431 432 433 434 13 2 28138 37468 37469 33397 4 68 13 12928 -1 -1 0 0 0 0 7 9 7 6 6 9 6 2 5 8 0 0
"adb391e48b8e6708" 17 37470 13 347 330 863 13 553 95 1677 297 738 384 357 30291 2247 17789 4 12929 -1 -1 0 0 0 0 5 4 5 4 4 4 5 4 3 6 0 0
"527bd99e947fd142" 13 2809 6471 37471 2717 13 553 6270 9074 5201 3261 12387 37472 4 12930 -1 -1 0 0 0 0 6 7 5 7 4 6 8 6 4 7 0 0
"e8fa939eaafcc0e0" 19 191 361 14611 14612 87 12757 14613 13 553 482 14146 14147 14148 13 357 3261 18122 608 4 12931 -1 -1 0 0 0 0 7 7 6 7 6 4 5 6 8 5 0 0
"7ad7205fd5806b8a" 18 4827 1093 13 357 12038 15237 37473 7290 4 553 28371 37474 37475 669 41 2766 9003 4 12932 -1 -1 0 0 0 0 5 4 6 7 3 2 6 6 5 5 0 0
"d735a14b01e2d8f5" 26 2 10784 13 20 1109 37476 37477 37478 7774 13 553 34 26 756 1374 3963 61 3964 28123 13 3966 55 548 3325 37479 4 12933 -1 -1 0 0 0 0 7 7 7 6 6 6 5 6 4 8 0 0
"4e3a69f299c5c0f2" 18 532 7814 37480 13 939 171 2018 4 553 23 18022 13 357 347 737 2891 2451 4 12934 -1 -1 0 0 0 0 8 6 7 6 5 6 8 6 7 8 0 0
"b0ac8f9af3c5b6a1" 20 2 7723 6369 13 125 329 920 1726 553 61 1990 6659 545 396 13 20 18074 1823 37481 4 12935 -1 -1 0 0 0 0 6 6 7 6 5 6 5 6 7 6 0 0
"602c053f6f8bf3c1" 19 2374 990 93 1188 37482 13 188 37483 37484 13 68 553 1071 14292 504 721 19023 7398 4 12936 -1 -1 0 0 0 0 8 7 8 6 5 6 7 7 6 8 0 0
"2ec325829844043c" 23 417 8720 13 6132 20800 1232 37485 588 37486 4 553 191 10431 321 2440 330 6734 1389 14556 13 37487 37488 4 12937 -1 -1 0 0 0 0 8 7 7 6 5 7 6 4 5 6 0 0
"6a21d405d4f113d0" 23 2 452 925 1187 25 14779 13 722 37489 4 553 1109 8031 3302 8032 8033 13 357 134 37490 2392 8514 4 12938 -1 -1 0 0 0 0 5 7 6 7 6 5 5 6 6 7 0 0
"bd9b795fb4994600" 26 414 37491 13 87 3699 504 321 1983 3700 2963 21026 4 553 61 87 605 7166 13 823 187 13 34 8282 14625 26 4 12939 -1 -1 0 0 0 0 7 5 6 5 4 6 3 7 6 6 0 0
"568a4a26c5ba8965" 22 93 11751 14154 2531 2532 2533 13 2963 2717 412 1018 4 553 61 4336 13 357 417 1173 150 15193 4 12940 -1 -1 0 0 0 0 8 7 7 6 5 6 4 5 7 5 0 0
"8dc54d8a00b5e11e" 27 532 14889 8442 17681 13 37492 37493 37494 28095 4 553 61 95 545 828 829 13 1622 737 61 3437 37495 384 44 37496 1829 4 12941 -1 -1 0 0 0 0 7 6 7 7 6 4 3 6 6 7 0 0
"77d8da3584d0e499" 22 35 34 14414 13 1071 772 534 37497 4 553 373 607 15260 15261 13 12576 927 37498 37499 37500 33215 4 12942 -1 -1 0 0 0 0 6 5 6 6 4 2 8 6 7 5 0 0
"5909456d25435a9d" 30 37501 34 1319 13 321 472 1356 37502 30723 8328 4 553 1257 1258 1259 13 357 87 1882 7153 13 66 1778 14235 134 548 4326 387 1015 4 12943 -1 -1 0 0 0 0 7 5 6 6 5 5 5 5 6 7 0 0
"d1ca237c024d2b3f" 28 1122 2764 13 150 36 19540 417 25 1109 37503 4 553 13587 13579 13598 5302 13599 13 134 37504 10433 37505 284 37506 16574 55 37507 4 12944 -1 -1 0 0 0 0 6 7 6 7 6 6 5 6 6 7 0 0
"79710920e5828fc5" 22 191 16304 2888 37508 13 61 29358 37509 5282 11516 13 553 10814 27178 7465 13 499 600 7412 504 26047 4 12945 -1 -1 0 0 0 0 5 6 4 7 6 4 4 3 6 5 0 0
"2d9e5dd8d6e4de7a" 15 5881 481 5262 3939 1621 13 553 37510 37511 2 37512 7123 24801 37513 4 12946 -1 -1 0 0 0 0 7 5 6 6 5 5 5 4 6 5 0 0
"ce81472a1d375e18" 20 37514 6561 415 7396 13 357 37515 2785 4336 13 553 37516 37517 20895 13 5124 37518 170 2024 4 12947 -1 -1 0 0 0 0 8 6 6 5 6 4 4 3 6 4 0 0
"fabadf33cffd6871" 18 19791 37519 14270 2956 2958 13 553 150 37520 5546 3769 13 2049 37521 603 18989 2024 4 12948 -1 -1 0 0 0 0 4 4 6 7 5 5 5 3 6 5 0 0
"db26bcbb1541c7ef" 21 28 41 150 8453 13 17171 37522 3939 7187 729 4 553 5303 14075 37523 13 2 1086 37524 22583 4 12949 -1 -1 0 0 0 0 6 6 6 6 5 7 4 7 4 8 0 0
"eee7165ce82961b6" 25 37525 35333 13 8485 1122 12624 39 174 2859 4 553 1 1138 2 102 267 268 13 357 14747 37526 10169 10248 675 4 12950 -1 -1 0 0 0 0 6 6 7 8 5 4 7 3 4 6 0 0
"489dc577457158eb" 30 2 12751 7135 13 35381 37527 37528 37529 37530 28805 4 553 2867 319 13 191 37531 95 102 13 37532 20 37533 1319 1315 37534 37535 12728 25948 4 12951 -1 -1 0 0 0 0 5 7 6 7 4 5 5 5 4 4 0 0
"6b49d29d09502b94" 20 37536 61 13 600 37537 1319 37538 13 553 286 28058 1014 13 37539 37540 373 1122 8085 37541 4 12952 -1 -1 0 0 0 0 5 5 5 5 3 5 5 6 5 3 0 0
"28f3665f6a3ebc58" 24 7125 7126 7127 13 191 66 12631 481 6907 13 553 523 29106 13 1580 66 34413 13 37542 10314 520 37543 507 4 12953 -1 -1 0 0 0 0 7 6 6 5 5 5 5 3 4 4 0 0
"080719920b5341f7" 25 95 3089 191 326 6839 6912 13 2 3963 37544 6842 4 553 4282 7874 4120 200 13 357 5520 87 150 171 4283 4 12954 -1 -1 0 0 0 0 5 5 6 6 5 4 4 3 4 4 0 0
"4ecfaf22746e84e0" 22 4270 125 474 13 150 1373 1081 2717 362 4 553 37545 1758 13 2 37546 1013 13 435 37547 5303 4 12955 -1 -1 0 0 0 0 4 4 5 5 3 4 4 3 4 5 0 0
"de4e220ab1c3cd67" 25 414 1131 8111 38 297 37548 13 2 171 37549 17773 457 4 553 23523 37550 150 146 388 14418 18763 14419 150 37551 4 12956 -1 -1 0 0 0 0 6 5 6 7 6 5 5 5 6 6 0 0
"5e02543322ad32fb" 19 37552 920 457 37553 13 553 1169 8864 37554 6815 13 4667 460 7440 10475 18563 2200 20425 4 12957 -1 -1 0 0 0 0 7 6 6 4 5 7 6 3 5 4 0 0
"61e4254356276cac" 25 2 4403 2287 953 425 3917 4165 188 8175 1230 13 553 9718 2015 2 1109 37555 2 9939 37556 2247 102 2551 4401 4 12958 -1 -1 0 0 0 0 7 6 6 6 5 4 4 3 3 4 0 0
"80dd800a09c5b34c" 24 53 21496 1349 15662 82 23 22193 3993 6849 13 553 113 3838 37557 453 5477 37558 13 66 117 15769 7329 37559 4 12959 -1 -1 0 0 0 0 8 7 6 5 5 8 4 4 7 5 0 0
"2b3b3e00378eae26" 24 10769 113 10770 2 2837 17164 13 553 1296 37560 66 3503 170 13856 13 553 357 19722 37561 297 1378 11026 3706 4 12960 -1 -1 0 0 0 0 3 3 3 3 3 1 2 2 2 4 0 0
"74c780ca08ec365a" 19 1013 66 588 37562 633 188 11790 13 553 9707 37563 170 13 5255 330 347 36 3316 4 12961 -1 -1 0 0 0 0 4 4 4 4 4 2 2 3 2 3 0 0
"af860f0cf98421ba" 17 2963 9063 37564 16633 13 553 134 1522 12298 603 1342 13 2316 17735 32385 17743 4 12962 -1 -1 0 0 0 0 8 8 7 6 6 8 2 3 6 6 0 0
"5d15c23584ec50e4" 20 3089 2503 20 151 13 7125 14407 27445 13 553 4968 37565 2123 13 10481 10019 37566 171 37567 4 12963 -1 -1 0 0 0 0 2 3 9 4 3 5 8 2 3 3 0 0
"fa9fa6703a220c90" 25 134 1522 12298 126 1461 13 553 8085 37568 2 12751 3048 15463 2254 13 553 18292 33441 1580 87 37569 37570 4 68 302 12964 -1 -1 0 0 0 0 7 6 7 6 6 2 2 5 4 6 0 0
"aa8260e7d7155b18" 22 9008 9641 13 357 7290 37571 26524 2846 13 553 113 3838 5553 93 113 3751 13 423 297 1329 364 4 12965 -1 -1 0 0 0 0 2 3 2 3 2 2 4 3 2 2 0 0
"63fb453758ac3762" 18 1758 37572 9142 13 113 37573 8660 53 13 553 5303 14145 14075 13 2696 1605 712 4 12966 -1 -1 0 0 0 0 6 5 5 5 5 2 2 2 4 3 0 0
"3550c33fada7e9e3" 31 41 150 8453 13 1374 355 11067 113 13 553 4444 171 36421 2785 188 22816 774 1088 3081 13 553 9707 20469 2531 37574 2 1882 37575 8982 18763 4 12967 -1 -1 0 0 0 0 7 6 7 6 5 3 2 3 5 4 0 0
"6adddde74c6045ae" 26 13398 1976 14145 13 23 37576 1808 4401 13 553 1042 37577 18701 14322 30028 13387 13 553 9707 607 11 113 347 37578 37579 4 12968 -1 -1 0 0 0 0 7 6 7 6 5 5 2 4 4 4 0 0
"d5c8ad85fb6b52b8" 25 2 102 8684 23040 2 37580 13 171 27429 13 553 1348 1349 2 598 171 87 21768 31767 13 2 37581 358 37582 4 12969 -1 -1 0 0 0 0 3 4 5 4 2 6 3 2 3 2 0 0
"b81a5216b567b676" 37 66 523 19183 718 13 357 449 721 347 8213 13 553 1296 191 4826 449 4715 37583 138 588 1569 13 553 14747 37584 14750 14748 14749 13 1622 9382 1841 1842 20 87 275 4 12970 -1 -1 0 0 0 0 3 4 3 4 2 4 8 2 3 2 0 0
"2c9a859ea782b014" 25 1013 66 1267 621 1268 13 32574 37585 13 553 1296 37586 2 134 113 1533 13 297 20096 2086 37587 2570 21527 2475 4 12971 -1 -1 0 0 0 0 4 4 4 4 4 6 5 2 3 3 0 0
"3fc167b6cd153850" 39 87 61 4270 125 547 171 37588 37589 13 553 24507 1625 171 37590 3032 55 237 4007 37591 170 37592 23767 13 553 191 326 6839 6840 3963 6841 6842 2 4883 3891 13 37593 37594 37595 4 12972 -1 -1 0 0 0 0 2 2 2 2 4 2 2 3 2 2 0 0
"ff583c194d0ef6e1" 24 2 171 1190 150 36 2852 37596 2715 13 553 8485 61 16 55 5246 8495 37597 37598 37599 520 174 2 37600 4 12973 -1 -1 0 0 0 0 3 3 4 3 3 3 4 4 2 2 0 0
"3ff164bf2e3f3431" 35 150 14587 362 13 150 6510 37601 362 13 553 10835 10836 13 66 414 1131 3313 38 37602 721 13 553 1370 150 2168 362 13 1303 37603 1047 174 37604 55 20718 4 12974 -1 -1 0 0 0 0 2 2 2 2 4 3 3 4 3 4 0 0
"c5a5bb50126b2e60" 42 1762 1187 13 321 36 3405 37605 13 553 66 523 37606 19067 37607 2 102 37608 13 553 286 87 171 9118 13 1376 37609 357 347 66 2305 13 553 16633 113 5614 10893 357 358 6615 13 37610 4 12975 -1 -1 0 0 0 0 0 0 0 0 0 0 0 0 0 0 0 0
"0d284ef0eeb7a390" 21 37611 1109 1103 13 87 61 1664 1016 11035 13 553 9718 2015 37612 17812 13 1042 37613 3706 37614 4 12976 -1 -1 0 0 0 0 7 7 7 6 6 7 7 4 5 5 0 0
"6021d99a81da1e91" 20 16633 35 1667 37615 13 12594 37616 13 553 66 2247 795 2 37617 53 4476 13 6927 1230 4 12977 -1 -1 0 0 0 0 7 7 7 6 6 8 6 5 5 5 0 0
"e7516baedc3ac4d7" 39 95 3089 61 36897 13 1071 3104 9738 739 13 553 2 87 41 150 8453 367 13 297 4444 87 2764 13 553 33191 61 3497 37618 13 1034 5240 136 358 13 24107 355 3305 474 4 12978 -1 -1 0 0 0 0 8 7 8 7 7 7 6 5 5 5 0 0
"e897af492a16f3ae" 30 37619 607 37620 13 191 14747 14748 14749 13 37621 10248 13 553 150 566 138 10740 13 360 61 566 3951 37622 13 1348 113 37623 37624 41 3112 12979 -1 -1 0 0 0 0 6 7 7 6 6 7 8 6 5 5 0 0
"8dc6b9456905c85e" 26 8695 6716 37625 13 2195 1038 37626 13 37627 37628 37629 13 553 37630 61 37631 13 37632 37633 13 102 11978 37634 37635 37636 4 12980 -1 -1 0 0 0 0 7 6 7 6 6 6 6 7 6 5 0 0
"c7142adfec093f46" 24 1029 742 87 61 4270 125 125 19657 13 553 66 24662 37637 357 347 36 5998 13 37638 1038 13 553 9707 4 12981 -1 -1 0 0 0 0 8 7 7 6 6 6 5 6 5 5 0 0
"9f5fb9aff6c88dc3" 25 95 3089 457 37639 13 9820 37640 37641 2 37642 13 553 37643 37644 5530 37645 2 37646 13 9718 2015 20601 607 37647 4 12982 -1 -1 0 0 0 0 7 7 6 5 6 6 7 4 4 5 0 0
"bac733c3c2e438fd" 31 66 37648 37649 37650 2 3838 5553 13 553 37651 37652 2331 13 1868 357 3032 37653 13 553 95 61 3302 2236 993 4282 37654 13 24736 357 37655 4 12983 -1 -1 0 0 0 0 8 6 7 6 5 6 5 4 5 5 0 0
"255622e106b516f4" 21 1169 37656 3706 13 93 37657 2958 23616 2813 13 553 102 14755 347 2977 139 171 28 620 37658 4 12984 -1 -1 0 0 0 0 7 8 7 6 5 6 7 5 4 4 0 0
"8d4e3564e8389299" 27 66 5303 14145 14075 125 13 357 37659 37660 14587 13 553 16633 37661 37662 13 532 14311 1203 2578 37663 37664 1203 37665 2 37666 4 12985 -1 -1 0 0 0 0 6 5 5 6 6 6 6 5 4 5 0 0
"2075fc77f09e52b0" 24 37667 37668 31098 1712 10711 13 37669 37670 2852 2 578 13 553 171 37671 37672 87 1580 125 37673 3461 484 1795 4 12986 -1 -1 0 0 0 0 7 6 7 5 5 6 6 4 4 4 0 0
"c60285ffa73d5bdc" 30 25225 30974 37674 37675 326 20919 159 37676 13 8537 34 566 1420 13 553 2 66 37677 125 373 37678 37679 13 361 675 146 23121 35745 1664 4 12987 -1 -1 0 0 0 0 7 6 6 5 5 6 7 5 4 4 0 0
"e084cb1b9cda9473" 40 191 373 3248 2197 2 21071 37680 443 13 66 805 1032 37681 13 553 7125 2038 171 7126 13 499 39 1363 1643 18215 37682 13 553 9707 13 125 313 66 414 1131 3313 8537 37683 12115 4 12988 -1 -1 0 0 0 0 7 7 6 6 6 6 5 5 5 6 0 0