"6cff7c3cb1442d74" 12094 7347
"efbf8fc98cbac711" 11544 7678 6647
"5aa06f8de69fd443" 4094 3538
"4380e804f5f06026" 9324 6731
"f0048cf2571e3759" 9093 6513 2044
"a7d11a5308a2dd3b" 9142 6269 1010
"ee3f559f40b5478b" 3880 4985
"d30c0c6bcbaff763" 12062 2716 4538
"d5aa0df067828493" 10504 3437 1155
"be9688eccf727fb2" 11248 4430
"f6e270af8d7bb82f" 10825 2544 10437
"1aafe40ef383d483" 10003 12133 5228
"3a9e8ecf0eae9a42" 6685 11523 5198
"468478d85317e8e9" 6696 6383
"9dfef4d24c3c0da2" 6638 165 6993
"a8d38d3aa09fb60d" 5821 836
"4e7ddcab0e3ff131" 2443 2472
"d441b24d58f1637e" 852 2716
"14d88748e4c2344e" 10504 9324
"8432a612cacf68e7" 3536 6731
"45af849ffe34eb52" 2544 7347 836
"9abf544d3d9a193e" 12112 4538 12062
"53f0696881a50354" 6647 6269
"ca60ca9bb33d3847" 10437 4094
"d4b46d646cb21e4d" 11544 2472
"0263df0f2f7a1b56" 6513 9142
"5cd037c7591f5c9a" 3538 10825 12133
"962c5bb2571a6506" 11248 5198 4538
"f753f87ea27d9dff" 4985 9093 852
"ea0495582cd14241" 1155 7347 10003
"cf8f7a8912a312ad" 7678 6638 6383
"7771583466a2110b" 2044 5821 4985
"aa520aa20f603ebb" 2716 6993
"3920a231be1b00a0" 3437 1010 2443
"8fb03fc5f1758a20" 6685 3538
"c2ae08d535294998" 10003 2544 6696
"f881d8fef1b977af" 11523 6513 4430
"18b7aed639836f20" 6731 9093
"0567620705c1b9b3" 5198 3437
"9b288d6e8a72a07e" 4192 5228
"488587140bdf4adc" 12133 9142
"9bb29eb0ae43d36b" 5228 3536
"0a681b8f308ed97a" 6383 12112
"40bda6d0d1ffca1b" 4538 165
"72006f8de69fd443" 4094 852
"adb97467a53756b2" 4430 6647
"a6cb8e35de9990e1" 10825 10504
"b53abbbf7a9998c1" 7831 11348 799
"0e3a3eaa56e35db2" 7862 2485
"6e4932621c7bce47" 5450 2103
"868ca71e865149a7" 5383 8205 6039
"8ec8d9307f81084e" 8857 10614
"d758bc6d5843b525" 6955 10785
"b9cd983744a5e4f8" 11122 5604
"8abf6178b2303536" 2289 299 10839
"d2e27a2587110f00" 1376 3808
"1bf6bd2752b6fa1d" 11036 354 9714
"febf3f840995ec53" 7687 11367
"59805baad4b1144a" 7177 604 6831
"97d69351c6d64a5f" 6400 9996
"4ae65fee1b023213" 12030 7889
"2369bbd95b92e46b" 6921 6416
"24658cd9f31dc80c" 5130 3808 10623
"124398ee5a863ea6" 486 10808 4522
"3fbf94811f8998d6" 6016 10502
"9da0de4af1e805d4" 5990 1825 10957
"a720eb05a204914a" 9217 8896
"a7d0a601ecb00e2d" 2826 5643
"721eafe4c528d832" 4927 8135
"a26e580d89ba768c" 8865 4738 2686
"1cb669bf676c5c6c" 2679 7817
"250967864f36b5fc" 5660 4217
"81db912cd26204c5" 7799 548 4716
"83b3f81b23ada6a2" 2599 9744
"782ebcd74aed7ee3" 648 3634
"fb4a919ca88c5a37" 7846 9642 4670
"5dd9b1000152519b" 609 6971
"4a6ed0628311e884" 3790 9537
"b62d3095d20e463b" 8865 4927 7142
"285fe42442d3c445" 9537 5643 9217
"f53cd418b82d25a6" 8896 3634
"8a3bf314f7912e3f" 7817 10502
"6844670c35662263" 6016 2826 6971
"0e29c7fb03793523" 10502 2686 6971
"2e27cbbcae5c4186" 1825 648
"796e60137963615c" 8135 9642 10957
"448ab1000152519b" 609 9642
"abf569bf676c5c6c" 2679 4738
"837cafd3e7196e77" 4217 5990
"ebde22d45e71f8ff" 10808 7909 5660
"e462c2e382dd0202" 9217 3790 5990
"3205d54572836700" 4670 9744
"900ed0628311e884" 3790 7846
"c13d25222c6f06df" 8865 6016 2826
"e95eada97f2d2dc6" 10957 648
"3c19f314f7912e3f" 7817 1825
"87372bafed557622" 2679 4217 6971
"0dcbbaa10dd4a7c3" 8865 7142 9744
"5c8095d19a305817" 3634 4716 2686
"f70e2412f47367bf" 548 4670
"565dff76f5db511c" 10502 10808 3790
"e13546d7987d08dd" 7799 486
"138fc76c7cd40983" 4738 4522
"783c0f40ac1e1bc6" 4927 5660 6971