"fa6745435b07acd2" 11524 782
"106ca4ba2fb6322d" 11852 9015 10881
"f7a988ebe3c09e51" 9759 6591 5708
"34e0f99c02897270" 5682 11212
"e81462d36b946a83" 3068 3413
"f9263aad3b01b788" 6724 4798
"a7a36c9d189b1ed9" 4911 7658
"d43d44d4dab57042" 1633 7347
"4cbc1ee8b067de61" 3018 6805
"a55a3ae1c24d6173" 9564 3905
"fb0892dd577f491f" 10835 1627
"25ddfbd66430c689" 7049 1229 7663
"8dbb1a7222745d09" 2926 6500 4701
"65bd610ff617c963" 9562 10018 6377
"8b166970c33651cd" 9094 11152 9513
"14b4a02fbe3d4be7" 11978 4882
"4623f16d519fc39c" 4990 2608 10493
"d185a7215b9616cb" 6977 4027 9900
"47eefa252e0294ca" 2040 5999
"b3e8ceb9d457213f" 4271 10161 9006
"0e4efd3fe46919b6" 4258 883 11662
"51bceb2e03c9f618" 10632 10250 11650
"9e7e05e1db1c84b5" 3256 8996
"469df1d9e16c0d05" 10088 11695
"21ad8ce31c902ee7" 7118 4665 1830
"0b941b6d74600505" 4963 5500
"54f0b798b8838546" 2943 8869
"ddfa08ae654cc27e" 273 6927 4056
"b6e595bd882a300f" 5549 5621
"6fe9c05b46649208" 10515 1234
"b910a192805b6cae" 3074 3988
"97540f3467b93fe0" 129 4927
"ae5aef7b6fbb6502" 7807 586
"237c141dd59b162f" 4224 3909
"75ee631451a09884" 7153 7021
"3c243a9b1d3ca29c" 9773 973
"583282950121e8d4" 7912 1616
"91af71cc3c7eb3fe" 8797 179
"a90a41af34cf55bc" 3369 4056
"a51121b8495a55bc" 3256 7807 3558
"be5c4df72c71c3a1" 10250 5500
"87adfa252e0294ca" 2040 883
"8b202cbf883138f1" 5999 7912
"b05fcb03546d006d" 1616 11662
"84ffc501fa47ad15" 1830 7021
"25db7176967df418" 9006 6927
"baf908acfa56dfe5" 4271 1234 10161
"68556caef5aa8894" 5621 10088
"cb1e7f40e95518f1" 4963 2040 4224
"3dd65cde017bbba6" 3909 8869
"798e631451a09884" 7153 5549
"6716087cd555523e" 4665 4056 3988
"93b2ac2642badf1c" 273 11695
"98b298ae97e391a9" 973 883
"154f9192805b6cae" 3074 586
"4a857d467fb6ef27" 10207 8996
"17bd432f02f6ca03" 179 9773
"9c0bef7b6fbb6502" 7807 3369
"470ac05b46649208" 10515 1616
"d30c9535a8c2c474" 11650 4927 4271
"5ebfa798b8838546" 2943 3909
"3b0fc5d4b124a73c" 7118 3256 3988
"4859b3d6c9842a5f" 10632 4258 4665
"8cb647978d118cde" 8797 10515 4963
"76850f3467b93fe0" 129 9773
"81a40ab2acb90e35" 7185 11662
"100413eb4d133d66" 8367 5105
"6d68fae2f5a9a0bb" 3821 7073 6827
"9119b4d2f743d3c3" 1844 3229 4291
"92ab8e56e47f394f" 488 6082 2782
"8dc10ce4785d84c3" 3689 6069 6093
"5d626055dd239f6e" 2499 6081
"7a30de0800fd137e" 7984 4683 5791
"b92f1e1c5a842e91" 5148 3266
"127ced0fecfb8bed" 9062 4581 5665
"d7bf267ce5f7ef63" 6751 2689 6832
"34485e5c5e17fb8a" 8237 4941
"a733542b70c63f19" 1424 9661
"27fed5e20e4b7ffe" 493 6076
"e8e15a3eb7eb0c1c" 1920 7073
"b3b7fc2a6c4551d8" 688 2782
"dc8462d22bdecf42" 6827 5105
"aeed2c84216b4306" 5987 4291 5791
"86608887cced6b93" 3229 6082
"2d8313eb4d133d66" 8367 3266
"804a72f3e3627142" 493 4941 5665
"a5ca85d1a9f6999a" 1844 7984 6093
"e8df1e1c5a842e91" 5148 6069
"dbb4c6084a3fc0aa" 6751 9661
"d682542b70c63f19" 1424 6832
"778d3296f56ea8b8" 3821 6081
"84aef41066619255" 9062 1837
"d908d4d471b606fc" 2297 4683
"6b5d984d1e559671" 2499 2689 4581
"7b8934f42f49c789" 8237 6076 1837
"6df7db9eb1602360" 488 7073
"c6ed2c84216b4306" 5987 4291 5665
"ccc10ce4785d84c3" 3689 6069 6081
"8f1801e72c6ef0d6" 2499 493 6827
"1e3c23e70e38f484" 688 3821 5791
"835e856a8a76358a" 8237 5105 9661
"1021e529dd420a9f" 5148 4683 1837
"59ff4576d9ab7b37" 2297 4941 3266
"a8f05a3eb7eb0c1c" 1920 3229
"f9a159867e91317a" 7984 6082
"5e73c6084a3fc0aa" 6751 4581
"c93fcfea7d5e6f97" 488 2689 2782
"4cd6ad325ec324bb" 5987 1424
"8649132255da1cc3" 3689 9062
"23aea3c0724da656" 2499 6069 9661
"a3615a3eb7eb0c1c" 1920 4941
"26401561acb67a7b" 3229 4683 4581