131
269
806
862
863
947
1060
1363
1865
1876
1879
2235
2504
2624
3499
3651
3654
3688
3692
3807
3888
3893
3938
4043
4245
4275
4291
4364
4457
4497
4506
4746
4840
4909
5057
5139
5226
5304
5312
5437
5532
5558
5606
5718
6372
6403
6642
6843
6914
6967
7053
7283
7351
7460
7772
7868
7949
7981
7986
8216
8730
8740
8813
8954
9259
9749
9762
9998
10283
10783
10941
11033
11172
11214
11478
11615
11730
12049
518
635
1050
1105
1848
2028
2264
2857
3262
4113
4403
4728
4761
4823
4825
5028
5515
6096
6348
6547
6705
6971
6997
7131
7251
7289
8166
8178
8271
8648
8822
9037
9110
9521
10371
10487
10881
11089
11445
11742