165
299
486
548
580
604
609
799
836
852
1010
1376
1825
1964
2025
2044
2103
2289
2443
2485
2544
2679
2686
2716
2826
2918
3437
3536
3538
3604
3634
3790
3880
4192
4217
4430
4670
4716
4927
4985
5198
5228
5450
5604
5643
5660
5821
5990
6039
6269
6383
6400
6416
6469
6511
6513
6638
6685
6696
6731
6831
6921
6955
6974
6993
7142
7177
7347
7678
7687
7799
7831
8135
8399
8760
8857
8865
8896
9022
9093
9142
9324
9714
9744
9996
10437
10502
10504
10623
10785
10825
10839
11122
11248
11523
11544
12030
12062
12133
354
648
705
1155
1655
2472
2599
3808
4094
4522
4538
4738
5130
5383
6016
6609
6647
6965
6971
7817
7846
7862
7889
7909
8205
9117
9217
9537
9642
9989
10003
10614
10808
10957
11036
11348
11367
12094
12112