129
179
273
488
493
586
688
782
883
1229
1616
1633
1714
1830
1844
1920
2040
2297
2499
2608
2689
2782
3018
3068
3074
3229
3256
3266
3369
3419
3558
3689
3905
3909
3988
4027
4224
4258
4271
4291
4701
4798
4882
4927
4941
4963
4990
5148
5500
5549
5621
5665
5682
5708
5715
5791
5999
6069
6081
6082
6500
6591
6724
6751
6805
6827
6832
6927
6977
7021
7049
7073
7118
7153
7185
7347
7658
7807
7912
7984
8237
8952
8996
9006
9094
9099
9661
9759
9773
9869
10088
10161
10207
10250
10493
10515
10632
11212
11650
11662
11695
11852
11877
973
1234
1424
1627
1837
2926
2943
3413
3821
4056
4581
4665
4683
4911
5105
5987
6076
6093
6377
7663
8367
8797
8869
9015
9062
9513
9562
9564
9900
10018
10835
10881
11152
11426
11524
11978