"2210231983a64721" 78076 109545
"845009524f071446" 174594 36161
"cd06b9b580293bf4" 70507 186944
"ac39e2d9eda25e5b" 116253 186788
"7db45d58c536419a" 181494 104841 87667
"d667f61b8c1a1f52" 67807 178131 68982
"d8af6e3bd89f39e0" 168371 174153
"5f6f9f2613035b95" 104770 175086 82692
"59ef39151b7c3c8a" 70510 104722
"6c4e10edd3fcfb0c" 59 71999 42135
"7f27eb293f5b89a9" 33025 170557
"24668a4664f7eddc" 148447 25645 110393
"2a9f204907cb48b2" 51 185276 153890
"07eff17b9c04c9da" 35900 46839
"969a41f22f50fb7a" 179750 47758
"9b118858e09150ca" 9929 116490 177853
"6ad69982171d5409" 170542 147134 91993
"693cfb31270ca7fe" 2183 2085 54285
"5684a45820ab5e13" 116490 181494
"94d57675df35be1e" 47758 25645 110393
"7fc58d1a5f6cd53a" 56522 119015 91993
"38e2c3430d99653d" 174594 174153 87667
"714c92ee08e7e167" 59 116253 153890
"d808d32f8f60e7bf" 186944 178131 54285
"c786866d54512636" 170542 78076 104841
"e7d2a0e699e4f2cd" 70510 104770 170557
"95c4ed9f6b4c853f" 33025 147134 36161
"2c0ebe8325697bbb" 51 168371 46839
"fb17c9f04a409664" 179750 104722 68982
"892dcfcf4ffd8639" 67807 177853 71999
"5c0a51aa3cc4aa95" 186788 2085 42135
"47c4a3f08be7088f" 9929 185276 175086
"68d3c3941f0e102a" 148447 2183 70507
"3b73b02790facea2" 35900 109545 110393
"b2072ca6c5d41f1f" 35207 47758 54285
"65992f3559c1f8a7" 111589 170542 116490
"50c803eb8c3354c9" 119015 186788 109545
"78f377347c51fc08" 116253 104770 71999
"f9a4f9f51a7f78dd" 168371 179750 177853
"1f3fb2332fa11a0c" 147134 181494 185276
"a306c4748e97d76a" 67807 78076 175086
"2ff975f821fc3c43" 186944 68982 70507
"f11dd867694ca742" 59 174594 174153
"4de7f1cfaa0b5d67" 33025 25645 91993
"ddcd22003187b60f" 148447 170557 82692
"32c3267b0edda6cd" 56522 178131 104841
"d3c772ace2556404" 855 168869
"bbccdda2a9e8b98a" 97414 187136
"ffdf979151e54a63" 164331 146147
"599bcf78d630e08e" 169278 10370
"c574d1dfd185c4d5" 62465 55202
"dc7e7d5de825ca87" 93532 108980
"c0258fd76bb25a79" 3968 59167
"bb079fa8ed39386b" 24549 151692 3113
"89e3d4cbb38e8afd" 16540 63039
"7df02fcb91d05479" 29156 9430
"ed301eee82a74c40" 10370 98135
"e84fe86e6208849b" 148742 177235
"49422f9e512ec159" 124760 23983
"6c8b06edb9ecce0c" 64683 146147 177235
"1ce19542592e0012" 136201 43186 169213
"cec753514f4a6307" 186500 29643
"1e3826d4e05aee71" 132881 91598 81001
"b1c7ff7076ccb45d" 855 103535 187136
"6cbe6df1d8484e78" 86554 86581 84962
"fb7cfe3da4ce1fbc" 143418 144422 169278
"28101452f0aae601" 165689 28551 169213
"d6182c233226bc79" 855 50478 223
"6244ea338b73c62c" 168869 97414 55202
"be40428c37c071f1" 27710 29707 24549
"cbaa092a89df5afc" 81001 165689 169213
"73ee06e033e2f3af" 143418 124760
"168a0cf0e8f9b1c4" 86581 10370 62465
"1feeb5947213b707" 146147 177235 9430
"6aa305be8c89144b" 136201 186500
"48f80fbe79607018" 59167 3113 103535
"e9f68a85811f0985" 86554 187136 64683
"5ff7b709d4a84904" 144422 9430 99256
"5b61b06f5c0205df" 16540 165689 29643
"b986ad96c7ed9e0f" 164331 86581 169278
"8feed83338cc8de1" 148742 43186 23983
"e7be4eaa1f340692" 132881 50478 144422
"65b63fcc69c5a908" 103252 151692 169213
"24dea9eb86cdf2bd" 91598 223
"678d545f448f1b59" 63039 186500 84962
"e1e6a9a7bba79180" 124760 28551 55202
"e30ef88929d2ca94" 16540 177235 10370
"bda8e1bdae9c12df" 187136 146147 29643
"eba7fb4b96bf17f3" 64683 84962
"998207c6e899820f" 98135 62465
"f7faa8bc635cc6cc" 3968 151692 86554
"6df86743896a5b1c" 223 143418 29156
"d8d34c4b6406696a" 143418 63039 28551
"68bb6ef025d223f0" 50478 29156 29643
"d199c6286dc9cd46" 135977 14939
"ad92599347ade79c" 83874 2227
"d262b77f39be9708" 156187 38471 44470
"37bb2f9695012ab8" 79569 135977
"2462f3c594e8cdb4" 61188 158258 89547
"6049f089aec4fc02" 31440 180745
"6a58f89adbe75633" 121424 72140 111793
"854c4638782e61c8" 79638 70989
"415a8c68a306435a" 145706 101893
"368ab8fd35cb39ae" 102340 65794
"df4de4ad435c35b2" 65347 6869 3688
"f88a9889c831ec30" 151656 158064 133486
"2df4347d7f5b72d0" 151326 71263
"9ba47e63a114c3a6" 103492 49957 84971
"3176d56c57567e44" 107583 2227
"1a4dc7e68d7a7be7" 120011 61188 6945
"8eba2ebf0ff34e8b" 143671 58905 89547
"6649444422d600b3" 186869 94792
"8a1923c8d7c31760" 3109 86810 67104
"19ece2b241cda7da" 20455 42149 81448
"1c67b6c4856b330e" 14939 186869
"7248506d355ed1ef" 44470 103492 102340
"858e61ea55e44dc6" 156187 65794 83874
"3c2d0bb61368bebf" 143671 89547
"2dee3158fd502d7e" 49957 65347 160245
"1535032151446850" 31440 121424 81448
"a879f56c57567e44" 107583 145706
"af7e956d4c934e28" 103492 58905
"2e979fa5b76e3f9d" 133486 71263
"3df145edfa7c8b77" 6869 67104 70989
"c58e0c7b1bd16f45" 108328 20455
"13160cba9d3a3a8b" 6945 151326 58905
"8a4d8cbfed32c296" 108328 86810 42149
"a1f79c362cb54479" 94792 101893
"a7037e5b0a5508a5" 72140 111793
"84d5b92bea161264" 158258 79569
"4f16ecf0ab306107" 156187 151656
"502abc46546caa54" 49107 3688 135977
"c8ee08d3675d0565" 84971 158064
"2fecb94b06c02bc7" 83874 3109 79638
"1a86f4e25893b3ca" 89547 49957
"c7bf447d7f5b72d0" 151326 180745
"f2978d5ec4211e9d" 120011 2227
"0dd374e801400ad1" 81448 14939
"f05bb011acae835f" 38471 65794 70989
"4a1fef06d4d59698" 84971 103492 102340
"c088b5ced79b9755" 186869 6945 58905
"bb96f3d6826b6c64" 8570 152220
"54f09d3f0035f515" 32051 124801
"5a710af4db20dddd" 167737 116755
"08020b12bb7b9be9" 68992 20371
"789516dd2fa0bca7" 37993 144391 107986
"ee520326b07c457e" 123728 124273
"6087feda6dfac12b" 112315 45658
"fe4f087abc6ac858" 26005 44880 126521
"e8564f0d12ea4177" 118536 69305
"8e24ed57766971b9" 26368 99963
"ef2112bacc3dacc3" 169140 116407 125782
"b9ca3789badf32ed" 159364 165242
"1607df2f41799693" 31750 197 5217
"5b8400eaaaecec80" 113643 5017
"b2e04e38624bdf1a" 44241 59361
"987612daeb31aa0d" 81592 39108
"27de67dbbe5ecad0" 114379 72438
"f1e4db6adaede5a0" 74406 91498 27358
"bbd956e7ffd5ea1e" 87531 5791
"08ec6dffaedfb4e9" 174904 45475 81592
"d6bead9434c035fa" 87531 74406 116755
"746f06db74c0af07" 114379 39108 144391
"6322678e79f995f6" 125782 113643
"41b09d3f0035f515" 32051 123728
"884f84b7b5b93c8e" 86919 68992
"94e2cc1a0f3eacd5" 69305 72438 59361
"aaaa9bbbe0494852" 20371 31750
"51edd1abd41afdf2" 58155 114379 45658
"c035a46b5c415aba" 124801 107986
"6548615511f5427e" 169140 197
"a74e4250d13e2961" 87501 116407 44241
"134c587cc79b741d" 74406 39108 27358
"308c5ede18ce74dc" 126521 124273
"1036cc1d8d71ec8c" 87531 169140 124273
"2873a2803921365a" 167737 99963 5017
"203cc4a8ddd1a682" 44880 26368 37993
"dde197810f95dbbe" 152220 116755 5217
"34709ccd32280d06" 26005 91498 112315
"6d1feda8b2a59813" 165242 116407
"5756d9b9866fedbf" 5791 32051 27358
"7f7c5b95c1d14bd7" 174904 8570 159364
"c1e43a2e5654c076" 87501 31750
"0518f6f2c08eb796" 126578 5017
"b71816317f69e576" 45475 144391
"6cead34dddc16638" 118536 72438 116407
"a027b64cc74c1220" 174904 197
"3db661bbae2d37bb" 37993 44241
"d67f78ba9ec0f5f3" 155553 125075
"6d09dc0f9bdff6ec" 31050 6796 12823
"faa28a12158a063f" 68328 70010
"a4f9ce950cba1151" 125593 170346 61726
"fb2c59762037df8d" 6172 15778 124096
"43a53e66dea793d7" 5022 1601
"095670ed66e8891a" 72792 44459
"e23c03b20f29069f" 73784 93244 7265
"31e1ba47f75eb402" 56710 171911 118841
"305af69524b1bf6c" 58249 186721
"8fa641f45b5c7f54" 154276 8103 8112
"6444cb7c38990a66" 149015 49180 101730
"85671ae51402b9df" 24434 2977
"0061266dd96450ff" 34019 73509 105659
"2aac3434f9a1cb46" 146799 175048 37866
"7e64c204c1ed58f2" 1688 170434
"9d459da68c2f489a" 100179 176418 171147
"0bc847093bc2e1d4" 108825 46270
"b3533e75c1f50b3a" 56710 1601 146799
"face3f362c78e1a3" 68328 118841 125593
"2c119ff3d733532d" 12823 170346
"77d2b0f034f74d48" 6172 5022
"62d7e6c3040a2a52" 6796 24434 8103
"7caed69524b1bf6c" 58249 73509
"e609f052ea02389a" 171147 171911 41927
"54b7adb02b70bbbc" 79163 108825
"d8763e41ade84819" 100179 154276 73509
"1b184c96c82bc438" 37866 93244 101730
"67f8703bdd226299" 46270 34019
"42a5833d9dd3e461" 73784 1688 44459
"2ad1fb0193961559" 149015 44459 105659
"5b1ab346068018d0" 13374 15778
"29352767cd87fe93" 31050 56710 2977
"77366e286038b875" 70010 72792
"03ef0365f6bde78a" 125075 124096 49180
"49a83a3c0c36c36d" 8112 176418 7265
"67b96655c8441256" 155553 6796 175048
"c57ce188d3b6b866" 186721 170434
"44ba5cf881710b9f" 68328 176418 108825
"ce6a57d4e6ddf121" 79163 118841 171147
"788106c54e1084fa" 12823 5022 58249
"84e807dc264e2cc1" 125075 154276
"daf9dad29d315fd0" 170346 146799 171911
"7fa0c0f034f74d48" 6172 61726
"905e46d0f75e63ae" 41927 15778 8103
"0e78f8a6b95f177b" 7265 49180 176418
"289c27e2e6735349" 32059 85846
"84d0c96fa833d888" 85835 181324
"6816f305eacbc67e" 29495 135822
"60bb3a53c6ed3252" 6850 121151
"ac16f8c0a27f2804" 89783 30429 5945
"6a3ab2c82e7c2e82" 160568 68193
"3c84acd3fd6e59a1" 15352 183742
"749a02384191418d" 89445 106105
"f8c944406e0362a7" 145080 107703 151619
"f4b9c1ee61fdada3" 55574 78404
"0abfa65247d56f78" 186725 107730
"406f6f846c9b001c" 21749 8757 47117
"05e8093afb9528de" 30415 15008
"923e08b5983a2131" 128659 162181
"328de3ea4f84e0c4" 43028 180402
"8470c2f3bbced7aa" 87601 12062
"50d57f9320482562" 91178 153334
"b7cd08d6ab6cdb6d" 23453 153043 172822
"533d1a406853a225" 13658 438
"4604a1ec453ccf5c" 32854 67865
"049a1b716f62c347" 84446 164877
"11b2e1d57dd4357b" 145080 181324
"dddf91f6b1c01ef5" 89783 186725
"bb28a653cd7cf6f2" 107703 151619
"a6a1cd5668888a0e" 15008 30429
"f416d3ea4f84e0c4" 43028 84446
"6115fb40a19b0fd0" 121151 438
"bb8aae160f9800e9" 32059 87601 6850
"16ea030b7ad4f5cd" 5945 30415
"133bf1ace79a872e" 30429 85835
"3eda901f17c40309" 172822 33496
"b448bbc225dd351b" 128659 162181 153334
"12c9b8983237358f" 94321 89783
"fdd1f7bb1abca098" 106105 47117
"6b8500332137ce51" 135822 128659
"8f9400faf6299079" 107730 15352 21749
"8a9b3028f14a5479" 67865 438
"ca48e2721ad43742" 85846 68193
"6f6abfa060b26087" 183742 6850 186725
"4a75dc1b7d5844f9" 67391 78404
"6d89e305eacbc67e" 29495 84446
"b8d5c19f3348a288" 164877 8757
"5ac691ec453ccf5c" 32854 13658
"824f59ca388df613" 55574 12062 153043
"d9ffbfc629e99893" 33496 160568
"dad8c8983237358f" 94321 151619
"34915eb7fc0b605f" 98871 18251
"8f0d19a8a349f7a0" 29954 77992 64341
"8c29aa8f6d7938c4" 186151 119968
"a7ffd0c9d40b778e" 40122 116061 153838
"3c668f496f532b58" 1254 176168
"5343f3575de097da" 59441 29195
"dfd988cf191d6378" 171465 19739
"5f66a1dd28f48700" 69072 164884 69336
"a4c649e53c654a06" 128607 72266
"e56b5148efc96650" 28139 46316 32758
"db6b10b99da54526" 56748 11250 145054
"642336505c6db056" 13147 176250
"dcca56cd9a8ff1ad" 25801 164075
"8e888e1c7df8c371" 155893 85272 121514
"24bbeac48a13cfa3" 20251 24758
"b5426b9db2a1402d" 123871 90843
"1ce9e0c5ed1205e9" 139615 24001
"93495387bdb4db8e" 117209 25223
"7eaced8584ec75d6" 182700 43198
"0223526eb0971e75" 155893 29954
"b8bb3f85fa0b02ba" 108423 46316 186151
"7692a886d3d0f600" 166234 77992 182700
"9de1c423c93155ac" 31828 176168
"c259b16a95613858" 19739 119968
"b86ec6af3088009e" 85272 1254
"2aca6eb7fc0b605f" 98871 121514
"aaa5a7d4400d9445" 56748 108423 40122
"11022130c5efdc6a" 28139 155893
"c5c0e8bc50f7f485" 43198 171465
"0d4656c831ca5a20" 164884 139615
"8b693e828eac8e69" 123871 24758 176250
"1a38d88b1f3e1870" 153838 145054
"0224f3575de097da" 59441 32758
"f092083d9e43b3a0" 147939 69072 13147
"5c501ca59a4322c1" 24001 18251
"d35229479e7b5a7e" 116061 117209 72266
"ad6478fde9437e41" 102008 64341
"2fd739e53c654a06" 128607 11250
"13d6186f0a7c46d9" 25801 20251 85272
"00dc9a8f6d7938c4" 186151 69336
"a7b2cd746f51a962" 121514 164075
"291ac436ab608ab8" 98871 25223 139615
"955058c926a7f771" 56748 116061 29195
"3542e042983c1709" 24758 176168
"943ddcf5fd210544" 108423 119968 24001
"e4047f344a6c597f" 90843 29954