"52420e147d7e0281" 33 51 324 1001 477 638 14 89 80 199627 25 30 206 369 6222 60 80 60 391 70 2157 80 199627 31289 102 51 21265 80 369 391 146 150 15863 1179 1173370 -1 -1 0 0 0 0 6 7 8 3 5 2 4 2 3 2 0 0
"15f7a17d3be29827" 20 70 28 11998 80 629 83 90 3737 42 1138 80 199627 21235 425 80 120 150 4101 4300 1179 1173371 -1 -1 0 0 0 0 8 7 9 7 8 7 3 1 4 6 0 0
"b838dd13b1988c30" 36 456 369 68 609 19 70767 80 369 1348 199373 999 80 199627 425 70 297 2144 40307 251 19 1895 49 14 80 199627 51 129 49 192 396 6920 80 166 4 13 199372 1173372 -1 -1 0 0 0 0 9 9 10 7 9 8 6 4 4 6 0 0
"9264dab6478bb99f" 24 61 104 30 554 82 80 1334 3528 44 246 80 199627 51 61 154 391 192 3274 80 60 378 146 3620 1179 1173373 -1 -1 0 0 0 0 7 6 7 9 8 7 8 6 9 8 0 0
"e2274f79e56ca2c1" 33 344 559 369 106 80 74 161 114 6545 8102 80 199627 304 16520 51 3120 80 11 1629 14 14587 80 199627 90 13 161 151 3400 80 223 369 222 1179 1173374 -1 -1 0 0 0 0 8 8 9 6 7 6 5 5 2 3 0 0
"9a6020dc16eb0188" 22 229 74 1232 80 154 114 9765 19 14 80 199627 369 152 192 823 80 249 808 16520 4438 544 1179 1173375 -1 -1 0 0 0 0 7 6 8 5 6 6 4 3 3 3 0 0
"68c45f4ae98cd620" 33 28 5228 1628 102 30 24209 80 10237 70 369 13 80 199627 283 30 398 19 1394 80 173 30 2343 80 199627 4 127 14 3508 80 44 613 3457 1179 1173376 -1 -1 0 0 0 0 8 9 10 7 8 7 6 2 4 5 0 0
"3432cf4a1e38919a" 33 19202 42 102 26037 425 80 3919 8655 80 199627 507 150 2258 34 80 453 4 212 51 3613 80 199627 344 559 369 106 80 16520 4200 80 77 2937 1179 1173377 -1 -1 0 0 0 0 9 8 9 6 7 7 4 2 3 3 0 0
"47ca2367c8fa7b1a" 23 90 330 390 294 1733 80 249 154 229 340 4139 80 199627 235118 184 30 4270 304 80 283 150 5027 1179 1173378 -1 -1 0 0 0 0 8 7 7 6 6 5 3 4 2 4 0 0
"1798445a54c78c8d" 31 291 16520 12955 11459 80 369 127 60 70 80 199627 1733 580 80 859 453 60 35 80 199627 51 129 49 192 396 6920 80 255 1718 583 1179 1173379 -1 -1 0 0 0 0 9 8 10 7 8 6 5 3 3 5 0 0
"8467bf43ca5a64cf" 21 48275 537 80 103 234833 51 1010 80 199627 90 70 77 30 1160 549 80 12711 770 60 786 1179 1173380 -1 -1 0 0 0 0 7 6 7 5 6 4 2 1 6 4 0 0
"2137a279776d4e1d" 35 120 14 305 150 5248 1257 80 199375 1058 150 1819 80 199627 90 13 161 151 3400 80 223 184 920 831 80 199627 362 22586 83 28 1688 80 146 280 831 1179 1173381 -1 -1 0 0 0 0 9 8 8 7 7 5 6 4 2 3 0 0
"0a5f23931f843cfc" 41 425 566 4 609 19 14 80 114 4 421 28 8953 80 199627 362 5100 80 206 36 4322 80 166 4 13 199372 199627 743 153 43 60 391 80 425 200450 453 60 43 60 114 20 1179 1173382 -1 -1 0 0 0 0 8 7 8 6 6 6 5 4 2 4 0 0
"be8cb13e9b341e17" 24 30851 134 80 1409 30 8271 887 80 199627 13 30 176 44 2425 80 2505 70 603 1214 80 330 11 23685 1179 1173383 -1 -1 0 0 0 0 8 8 9 5 7 6 6 3 2 4 0 0
"890c2968c87f18bc" 26 234925 68 2659 90 16520 44 30 3482 80 199627 120 28 61 44 80 1483 192 108 80 21235 425 80 6 12 37067 1179 1173384 -1 -1 0 0 0 0 8 8 7 6 6 5 5 5 7 3 0 0
"571c5ab34d65345a" 29 16520 102 51 21265 36 70 150 2602 80 199627 119 4 112 12 232 2659 103 706 80 199627 768 119 4 12 20 51 71 129 199372 1173385 -1 -1 0 0 0 0 7 7 6 5 6 5 5 3 8 5 0 0
"69ee01f52dfaab3e" 46 184 3464 257 80 11 102 51 379 80 199627 6 1055 14 80 369 119 511 513 41 80 199627 12 629 42 44 28 12467 80 32201 32201 32201 80 199627 860 20 711 336 2317 80 16520 30 4044 77 30 37957 1179 1173386 -1 -1 0 0 0 0 8 8 7 6 8 8 3 6 3 3 0 0
"2d7dadccec31df85" 25 166 3004 83 845 1499 80 16520 8011 15617 80 199627 90 4 80 1024 80 127 13483 70 406 80 16520 192 36345 1179 1173387 -1 -1 0 0 0 0 6 7 8 7 6 5 3 4 7 5 0 0
"7bb9eb06addb587f" 24 388 42 150 246 80 120 28 61 44 80 199627 425 11 1628 24 80 3626 90 1629 509 369 7538 44 1179 1173388 -1 -1 0 0 0 0 8 6 7 7 6 6 7 4 9 6 0 0
"c590801645a6bdc5" 40 232 5057 80 369 283 82 80 344 74 3757 80 199627 249 456 16520 370 80 70 369 114 390 77 104 280 1138 80 199627 192 19 70 28 11998 76 848 80 3737 36 30 1121 1179 1173389 -1 -1 0 0 0 0 9 6 9 6 7 3 2 3 3 5 0 0
"c813506ffc3d00d3" 27 6 20 4017 4 114 11 20213 44 80 32201 32201 32201 80 199627 1368 30 4976 80 632 574 14 80 16520 277 192 823 1179 1173390 -1 -1 0 0 0 0 7 5 5 4 6 4 4 3 6 4 0 0
"c516f001f7dedcf3" 25 127 161 6818 409 80 283 30 398 19 1394 80 199627 90 456 330 780 1618 80 21235 425 80 212 51 972 1179 1173391 -1 -1 0 0 0 0 9 7 9 8 8 6 3 5 3 5 0 0
"fc578f0d9e3420e8" 39 1267 2565 49 70 603 1214 80 550 30 6588 77 4275 80 199627 249 425 297 2144 40307 12 1895 1138 83 28 4872 80 199627 16520 51 129 49 192 396 6920 80 330 166 16619 1179 1173392 -1 -1 0 0 0 0 8 8 8 8 6 5 3 6 6 7 0 0
"b2298d4d8f89af0c" 41 278 30 4181 80 61 104 30 554 82 80 344 74 4635 80 199627 90 456 184 13 30 151 3400 80 859 6623 19 30 599 80 199627 146 20 18 19 1532 80 550 559 184 1025 1179 1173393 -1 -1 0 0 0 0 7 6 5 7 8 2 3 7 9 9 0 0
"087926b60b6082a6" 36 369 6 7 19 5144 80 291 16520 12955 11459 80 344 51 6183 80 199627 4310 80 184 30 4270 80 6 7 19 185 60 253 80 304 80 184 127 150 24 1179 1173394 -1 -1 0 0 0 0 7 6 7 5 6 6 4 3 4 3 0 0
"4788337391f88207" 46 788 6824 369 185 80 369 185 60 408 30 246 90 1425 60 80 199627 6 1055 14 80 369 119 511 513 11 41 80 216 60 80 199627 184 1895 257 80 6449 19 51 379 80 22 120 1620 6634 60 1179 1173395 -1 -1 0 0 0 0 8 7 6 6 7 8 3 7 3 3 0 0
"7f3a44b9554d7779" 21 199375 15768 150 1257 90 1629 603 35 80 199627 200449 344 559 60 1483 456 369 942 60 70 1179 1173396 -1 -1 0 0 0 0 6 5 5 5 7 5 4 2 5 6 0 0
"a459a449458880a6" 21 28 5228 20 6174 102 51 235119 80 199627 330 390 550 70 294 1733 80 249 550 340 238 1179 1173397 -1 -1 0 0 0 0 6 6 6 7 7 4 2 4 6 5 0 0
"828db57d5f358af8" 21 7497 25 4190 80 550 51 362 5100 80 199627 330 153 66 42 80 966 255 83 30 5100 1179 1173398 -1 -1 0 0 0 0 7 6 6 5 4 4 4 7 3 5 0 0
"c988ba404a9a4faa" 21 229 74 1232 538 80 184 443 119 1733 580 80 199627 465 54 44367 90 1082 42 30 48190 1179 1173399 -1 -1 0 0 0 0 9 8 9 8 6 6 4 3 4 4 0 0
"bb83e05b3eebdc52" 21 200450 13 518 114 112 3176 80 199627 44 103 151 3400 80 3274 90 3154 509 51 6919 21265 1179 1173400 -1 -1 0 0 0 0 6 7 9 5 6 8 3 3 5 3 0 0
"14a3f328d4c43bd8" 21 146 20 18 19 120 603 6763 4300 80 199627 1532 150 246 76 90 1208 60 80 146 3380 1179 1173401 -1 -1 0 0 0 0 8 9 7 8 7 4 2 2 5 3 0 0
"094f4ed2712b03e5" 23 4 232 574 14 80 166 283 527 80 199627 57292 537 80 362 22586 83 28 1688 80 16520 231 9247 1179 1173402 -1 -1 0 0 0 0 9 9 8 7 7 6 4 2 3 2 0 0
"46eaa196a4e47ed9" 23 1334 11 1085 1600 80 1409 271 43151 80 199627 21235 425 80 184 1267 707 76 77 297 1035 154 852 1179 1173403 -1 -1 0 0 0 0 7 8 5 6 7 6 3 4 4 5 0 0
"ae48c4890dd55ad0" 19 566 4 112 609 80 768 11 4039 80 199627 8011 15617 80 1031 30 4190 232 20191 199372 1173404 -1 -1 0 0 0 0 8 9 7 6 7 8 6 8 3 6 0 0
"425c6aa966a9a2ce" 32 369 6 12 629 42 44 103 11517 425 80 199627 304 80 16520 277 192 823 19 32 76 30 711 80 119 4 12 20 51 71 129 17883 199372 1173405 -1 -1 0 0 0 0 7 7 6 5 6 5 6 5 7 9 0 0
"dc023bfb8718fe7d" 25 4 390 369 11 41 808 80 249 16520 340 80 199627 344 559 369 106 80 1267 4033 1167 90 232 60 3326 1179 1173406 -1 -1 0 0 0 0 6 8 5 6 7 5 4 3 6 4 0 0
"a12d6dbb3fbf642e" 24 16520 51 129 49 12352 90 6920 80 199627 1085 24 348 19 20 49 4 80 127 14 3470 49 74 25561 1179 1173407 -1 -1 0 0 0 0 7 9 8 7 8 4 2 2 5 3 0 0
"91817b7b0682cfc0" 22 49 51 324 1001 80 16520 255 10027 80 199627 291 80 16520 2990 11459 80 229 74 139 16520 16735 1179 1173408 -1 -1 0 0 0 0 9 8 7 6 6 7 3 4 5 2 0 0
"daf1c22718af24b4" 28 127 28 34 255 83 30 5647 80 178 19 6132 80 199627 7008 72 154 1749 80 129 80 369 127 192 396 6920 44 2425 1179 1173409 -1 -1 0 0 0 0 8 9 8 7 7 6 4 5 5 6 0 0
"a64330372b582840" 34 5974 154 151 16749 77 30 3421 80 199627 235118 80 184 30 31 11111 80 6 278 80 199627 90 456 4 13 770 80 3783 80 859 507 150 2258 34 1179 1173410 -1 -1 0 0 0 0 7 6 6 8 9 4 4 7 6 4 0 0
"28f4c22f5cbac887" 23 5429 42 53 30 11543 1121 80 550 29434 6494 80 199627 90 859 20 5054 57292 537 80 231 102 103 1179 1173411 -1 -1 0 0 0 0 9 8 9 7 8 8 3 5 5 3 0 0
"33ccb102034ef745" 22 2995 42 90 2432 60 44 30 11239 80 199627 1024 80 199374 68 17815 70 154 4181 80 252 748 1179 1173412 -1 -1 0 0 0 0 9 8 8 6 9 5 3 5 6 4 0 0
"9c592b6ac492e4ba" 32 17674 80 146 153 475 859 20 160 80 199627 425 425 425 915 80 200450 11 3053 30 6046 80 199627 102 43222 1179 32723 80 234845 2598 44 2103 1179 1173413 -1 -1 0 0 0 0 7 7 6 5 7 5 3 6 5 7 0 0
"0a1075262542cea0" 33 6177 49 297 4659 80 11127 42 30 2203 80 199627 425 16520 11276 44 30 1347 80 806 66 44 2425 80 199627 43 104 103 231 80 8412 90 474 199372 1173414 -1 -1 0 0 0 0 9 8 7 6 8 4 3 6 5 4 0 0
"227e251214008f92" 28 11 61 30 139 4 656 80 915 80 70 11199 90 23524 80 199627 158 4 127 245 511 80 537 80 344 43 369 2458 1179 1173415 -1 -1 0 0 0 0 8 9 9 8 7 6 7 3 8 5 0 0
"d600535a3d7e58f7" 37 200450 3326 90 3617 30 3263 80 11 14 90 4 80 199627 278 178 97 3645 80 6 390 77 43 859 119 80 199627 90 184 114 20 10111 80 3922 90 252 9540 1179 1173416 -1 -1 0 0 0 0 7 7 5 5 6 5 5 3 4 3 0 0
"18e20d551fdfb3c1" 26 184 41 76 80 3151 80 1368 408 51 235120 12031 80 199627 2527 1866 20 6591 80 249 1334 5120 80 74 161 72 1179 1173417 -1 -1 0 0 0 0 6 6 4 4 5 6 4 2 6 3 0 0
"4dadd778378d7fd7" 37 70 83 14 80 541 192 2757 90 11115 80 199627 28 4584 394 14 80 235121 80 344 70 4 7 1179 1261 199627 90 43097 80 344 1421 43 369 251 80 361 4869 1179 1173418 -1 -1 0 0 0 0 8 7 8 8 7 6 6 4 7 6 0 0
"fdabfd9c023da239" 26 229 1267 5038 80 537 80 200450 780 2988 80 453 60 340 80 199627 151150 80 200450 11 20 410 80 344 30 2565 1179 1173419 -1 -1 0 0 0 0 6 7 5 4 4 4 3 2 5 4 0 0
"5fddd454bb95f557" 28 369 6 12 13 518 4 2630 19 20 80 232 150 3394 80 199627 90 4 153 184 232 25946 80 74 7 36 68212 3493 1179 1173420 -1 -1 0 0 0 0 7 6 6 5 5 5 5 3 4 3 0 0
"acbcbd06d96eb6f1" 23 37681 80 166 1028 43 369 11 974 80 199627 499 291 44 51 2949 80 96 70 23604 19 30 1307 1179 1173421 -1 -1 0 0 0 0 8 8 7 6 5 5 6 3 4 4 0 0
"fd4a9b406cd83290" 31 915 80 4 153 184 12101 603 891 80 199627 4 904 19 510 76 80 102 184 391 83 51 28622 80 425 550 206 19 21667 90 879 1179 1173422 -1 -1 0 0 0 0 7 6 8 6 5 7 7 3 6 4 0 0
"182e77a8e8e0fe9d" 26 369 974 150 20077 80 43 30 470 104 83 848 80 199627 90 344 386 369 404 43 369 404 80 252 51 824 1179 1173423 -1 -1 0 0 0 0 6 6 5 5 5 5 4 3 4 3 0 0
"0da6d4bac47622ac" 23 1024 80 11 638 83 6392 90 283 30 5985 80 199627 200449 4 229 360 279 1540 80 212 51 3610 1179 1173424 -1 -1 0 0 0 0 6 7 5 4 4 4 3 2 5 4 0 0
"22c4d460828d1fe5" 38 369 11 12 25869 89 90 283 28 535 83 80 199627 206 114 3617 770 25 80 208 83 11572 80 199627 249 4 904 19 510 76 80 227 102 184 391 83 51 28622 1179 1173425 -1 -1 0 0 0 0 7 6 7 5 5 5 6 3 6 4 0 0
"effbe618344cf8d3" 37 4 996 146 112 1745 80 344 51 6183 80 199627 4 114 232 150 1829 6608 80 457 51 3394 80 199627 28 607 136 798 974 4 49 709 129 80 43 51 11159 1179 1173426 -1 -1 0 0 0 0 5 6 5 5 5 5 4 3 4 4 0 0
"156ae9d27abf6abd" 24 199375 232 4 25998 80 806 43 199375 119 80 199627 200449 199375 20 76 749 227 80 849 408 1716 80 33 1179 1173427 -1 -1 0 0 0 0 6 6 5 4 5 4 3 2 5 3 0 0
"81104c05297fc3b0" 22 6 7 637 13553 83 8 8289 80 199627 200449 344 17 43 369 251 80 6 20 10111 80 3626 1179 1173428 -1 -1 0 0 0 0 5 5 4 4 4 3 2 2 3 2 0 0
"8b43c7b4ae10b86a" 24 235122 68 751 44 80 199374 68 280 20761 80 199627 249 551 74 1742 19 20 394 80 1267 453 60 632 1179 1173429 -1 -1 0 0 0 0 6 6 7 5 5 5 5 4 5 4 0 0
"dd2688bb42e2cf91" 41 184 127 154 108 206 61 80 550 70 184 7 80 199627 4479 28 29 6533 80 102 369 742 297 3467 16967 80 199627 192 1209 154 3012 80 1183 14 559 4 656 80 120 14 13 1179 1173430 -1 -1 0 0 0 0 8 9 9 8 7 8 7 5 8 4 0 0
"2e87334fb1ae3239" 19 4 114 96 150 896 49 26310 26311 80 199627 200449 4 996 146 112 1745 80 1750 1179 1173431 -1 -1 0 0 0 0 6 7 7 5 6 6 4 3 5 3 0 0
"bce215953a7afab4" 23 7727 4096 80 184 231 192 544 80 199627 90 184 114 1629 60 70 507 849 866 30 9107 80 13 1179 1173432 -1 -1 0 0 0 0 8 7 8 7 6 7 6 4 5 4 0 0
"7d041f02a3ae7b30" 39 369 404 43 369 484 19 80 74 7 19 7054 80 199627 192 629 83 63 80 200450 453 60 3397 80 199627 127 51 499 2091 3969 44 51 1987 2949 80 859 453 382 14807 1179 1173433 -1 -1 0 0 0 0 7 8 8 7 8 7 7 6 5 4 0 0
"cb2de0be4640fffc" 36 184 114 3326 90 3176 76 80 212 271 206 80 199627 6 1267 3589 208014 279 80 1368 30 224 80 199627 6 824 158 4 436 10111 80 4 996 146 112 1745 1179 1173434 -1 -1 0 0 0 0 6 7 7 6 7 7 5 3 6 3 0 0
"9869edb0c91fca86" 37 127 14 4017 102 43 30 2505 80 199627 70 297 14073 891 83 150 20077 80 700 80 199627 60 7960 28 34 19 153 80 199627 4 229 360 279 1540 80 200450 208 1179 1173435 -1 -1 0 0 0 0 7 8 8 7 7 7 6 5 5 4 0 0
"ced881572ed514ad" 21 3814 89 19 8880 28 5408 80 199627 4 153 16520 11 277 19 232 4 806 80 2539 537 1179 1173436 -1 -1 0 0 0 0 7 8 7 7 6 7 6 4 6 3 0 0
"a581621f237d43d3" 18 4 114 96 603 83 8 8289 80 199627 249 4 153 184 255 25946 30 351 1179 1173437 -1 -1 0 0 0 0 6 7 7 6 7 6 5 4 5 3 0 0
"c5335630bd6be527" 23 50025 80 1024 369 229 127 74 1742 19 1015 80 199627 249 4 996 192 10951 80 477 250 249 5810 1179 1173438 -1 -1 0 0 0 0 7 7 7 6 6 7 4 3 5 3 0 0
"0a4fed252600cb0c" 22 2241 177245 80 127 14 231 3794 80 199627 742 28 29 6533 102 369 742 43 369 879 80 13107 1179 1173439 -1 -1 0 0 0 0 8 8 8 7 7 8 6 4 6 4 0 0
"4bf10ccc15e8d9cc" 20 1165 150 291 80 352 477 3651 80 199627 12 283 28 535 83 80 229 154 51 4652 1179 1173440 -1 -1 0 0 0 0 7 8 8 6 7 7 6 3 5 3 0 0
"b1e6eda1366e61ae" 34 425 16520 909 44 30 1347 80 231 4300 80 199627 245 13728 36 245 22564 80 200450 152 80 199627 1209 154 3012 80 1209 60 36 14 425 80 344 474 1179 1173441 -1 -1 0 0 0 0 7 8 8 7 7 7 7 5 6 4 0 0
"4fe7357ba807d6b2" 32 541 83 14 2757 80 127 154 5173 80 199627 369 61 60 456 4 5843 60 80 6 3610 80 199627 43 104 103 231 415 80 166 4490 60 1179 1173442 -1 -1 0 0 0 0 6 7 7 6 6 7 5 3 5 3 0 0
"dfdf214276c5ca0c" 35 1368 408 51 1132 12031 80 166 2597 44 30 8598 80 199627 90 330 390 184 5120 80 249 1334 11 3154 80 199627 206 19 3325 89 80 120 2715 90 4701 1179 1173443 -1 -1 0 0 0 0 8 8 8 7 6 7 6 6 5 5 0 0
"1cf01fce33012349" 23 90 344 43 369 404 80 53214 603 70 1262 80 199627 232 4 806 80 166 232 42 80 192 722 1179 1173444 -1 -1 0 0 0 0 7 8 7 7 6 7 6 4 6 3 0 0
"097d4b39712293ca" 24 425 16520 909 44 30 1347 80 231 192 4300 80 199627 499 291 44 30 2949 80 127 14 231 192 1138 1179 1173445 -1 -1 0 0 0 0 8 9 10 7 7 8 7 6 5 4 0 0
"b16ac324728f340a" 20 43222 1179 32723 80 5125 102 243 59268 80 199627 330 5120 80 127 14 231 102 51 21415 1179 1173446 -1 -1 0 0 0 0 7 7 6 7 6 6 6 7 7 6 0 0
"5cfb4e0f5e612261" 45 26310 26311 80 2441 5269 80 807 30 2688 80 199627 90 352 146 436 10111 44 382 29 3025 80 199627 4 391 32063 102 72940 80 425 4 13 80 199627 184 70 11 277 19 20 1577 80 120 60 20 1179 1173447 -1 -1 0 0 0 0 9 9 8 8 8 7 7 6 7 6 0 0
"5e6917c12c2ca38a" 37 369 10255 44 83 28 1818 80 369 492 60 476 80 199627 90 425 4 71 1629 76 200449 1334 12122 49 245 4869 80 199627 4 229 360 279 1540 80 4 166 3603 1179 1173448 -1 -1 0 0 0 0 8 9 10 7 7 8 5 4 6 5 0 0
"5b48960dabfc4f2e" 37 4 232 332 70 154 6680 80 199627 249 456 16520 370 80 860 96 51 6634 1964 90 51 8838 2091 80 199627 90 344 43 16520 332 208014 80 453 561 550 150 151 1179 1173449 -1 -1 0 0 0 0 9 8 8 8 7 8 6 7 5 5 0 0
"72739e2e416cc36b" 26 369 1873 1779 80 28 1964 2640 80 166 3569 28 4097 80 199627 28 235123 747 80 24506 1368 144 4 102 51 4360 1179 1173450 -1 -1 0 0 0 0 7 7 9 7 6 6 4 3 4 3 0 0
"1e5f008a68a2ff36" 28 28 235124 16231 53 4 80 199375 283 4 14235 768 1986 80 199627 369 390 369 955 4 223 80 537 80 4 996 51 15469 1179 1173451 -1 -1 0 0 0 0 8 8 8 7 6 7 5 6 6 5 0 0
"2c8ac8cb39b8b049" 23 28 908 566 14715 80 28 47 104 595 80 199627 4 232 332 70 154 2093 80 249 184 70 2797 1179 1173452 -1 -1 0 0 0 0 9 8 8 7 7 8 6 5 6 5 0 0
"340f79d3abbd3228" 26 807 2278 90 5942 146 630 28 319 80 199627 90 456 369 757 1364 866 382 600 80 369 166 250 249 3755 2669 1179 1173453 -1 -1 0 0 0 0 6 7 6 9 8 6 7 6 9 5 0 0
"d838d33071815bb9" 44 71 1629 76 223 369 12174 4 44 13412 80 199627 4 232 26272 249 4 96 74 9540 80 199627 90 16520 2258 561 2167 24176 8428 44 30 1841 80 199627 249 425 16520 590 453 243 7495 76 77 4 1179 1173454 -1 -1 0 0 0 0 8 9 9 8 7 7 6 5 5 5 0 0
"527a5a8f1bd55e15" 23 184 127 245 5730 5287 80 1334 590 453 60 80 199627 11 102 154 5268 8091 21568 80 859 212 60 1179 1173455 -1 -1 0 0 0 0 7 8 8 8 7 7 6 5 6 5 0 0
"a46624c1898d64cd" 26 551 103 915 42 11437 80 80966 80 30 646 80 199627 90 937 807 127 107 16520 1037 80 1767 1771 36 30 706 1179 1173456 -1 -1 0 0 0 0 6 7 6 7 8 5 4 5 4 3 0 0
"ba11495cb5ed90ab" 21 4 232 5881 102 4 153 60 70 80 199627 249 369 127 28 4323 90 199375 453 4 7691 1179 1173457 -1 -1 0 0 0 0 8 8 8 7 6 7 6 6 6 5 0 0
"f554b8af49292cd9" 27 66 127 4 70 653 80 166 212 30 4869 199372 199627 859 70 656 83 80 249 36 425 80 16520 44 30 17195 2389 1179 1173458 -1 -1 0 0 0 0 7 7 6 8 7 6 5 5 6 5 0 0
"e9be8f77cbf458ff" 23 4 232 1085 150 124 249 4 6 153 30 1772 80 199627 28 235123 13604 80 173 178 19 283 1043 1179 1173459 -1 -1 0 0 0 0 8 8 7 8 6 7 6 5 6 5 0 0
"4c7df0fd5e4e5724" 38 28 235124 64 89 80 550 17 590 20 2258 80 199627 2167 7100 24176 8428 80 249 550 17 51 3439 80 199627 90 49 154 2287 511 4153 80 249 859 4758 60 80 13 1179 1173460 -1 -1 0 0 0 0 7 6 8 7 7 7 3 5 5 6 0 0
"88b1aae4c3b47524" 30 64 24 49 28 2971 192 3916 80 199627 44 103 706 80 550 11 161 476 4935 1617 134 80 199627 10162 42 154 12401 80 96893 9287 1179 1173461 -1 -1 0 0 0 0 8 7 9 9 9 9 7 6 5 9 0 0
"325b5f784390c44f" 22 150 61 391 102 51 5160 492 77 5248 1733 80 199627 90 199374 68 144 70 30 8888 90 16631 1179 1173462 -1 -1 0 0 0 0 7 7 7 7 6 6 3 3 7 3 0 0
"a85508c75b361d05" 25 184 166 11 96 161 1237 77 896 80 199627 16520 2441 51 36792 80 90 184 389 119 60 1501 30 2437 876 1179 1173463 -1 -1 0 0 0 0 8 9 8 7 6 8 3 3 6 5 0 0
"ced7728ba6139085" 25 158 4 757 866 28 600 80 860 13 30 962 80 199627 1015 14 43 173 231 36 80 200450 453 51 656 1179 1173464 -1 -1 0 0 0 0 9 8 7 7 7 8 5 5 7 6 0 0
"aeb4027a459bc449" 32 369 390 369 955 88 617 885 51 206 80 199627 249 54 2272 61 60 456 369 780 19 10732 80 199627 425 16520 231 932 80 227 28 13415 1179 1173465 -1 -1 0 0 0 0 7 8 7 6 6 8 4 4 4 5 0 0
"cac151a61c843502" 23 184 70 208 144 6163 90 7387 80 199627 249 49 28 26433 3487 80 16520 102 51 28551 44 103 275 1179 1173466 -1 -1 0 0 0 0 9 7 8 8 8 7 5 6 8 7 0 0
"ad94eecfc8c59251" 29 798 628 51 463 77 154 19 283 51 1369 77 103 80 199627 28 206 104 425 80 127 318 291 600 458 102 28 7370 104 1179 1173467 -1 -1 0 0 0 0 7 8 8 8 6 8 5 5 4 6 0 0
"15e83111ed20a660" 23 28 206 104 425 80 16520 586 451 103 706 80 199627 49 28 12401 96893 9287 80 199375 146 20 16619 1179 1173468 -1 -1 0 0 0 0 9 9 9 9 8 9 8 6 6 9 0 0
"9c460f085f4a7b42" 23 344 31289 4153 44 30 39 184 1057 80 199627 152 19 119 474 249 4 808 283 709 3599 19 460 1179 1173469 -1 -1 0 0 0 0 6 7 6 7 6 7 3 8 3 7 0 0
"88f3ac63d0968ef7" 27 277 19 119 474 80 249 550 146 527 80 199627 166 4 11 120 14 1057 90 20 544 80 74 7 19 20 9247 1179 1173470 -1 -1 0 0 0 0 6 7 5 5 6 6 3 6 4 7 0 0
"dff560ee5fee5b4f" 44 550 70 11 161 476 4935 1617 134 80 199627 4 127 60 1024 80 200450 2380 60 70 406 80 199627 369 391 1409 82 80 425 16520 1409 28 1010 80 199627 1418 43 369 61 80 2441 297 2971 21854 1179 1173471 -1 -1 0 0 0 0 8 8 8 8 8 7 6 6 6 9 0 0
"8bc50563699d15c0" 39 199374 360 60 70 90 199374 68 144 30 2602 80 199627 249 184 389 119 60 80 146 763 42 80 859 13202 80 199627 49 28 1264 80 74 161 114 2651 770 80 859 3792 1179 1173472 -1 -1 0 0 0 0 7 8 7 7 7 6 3 5 6 7 0 0
"0b624c3b9784eb29" 20 551 11 107 178 103 1022 80 199627 475 30 2272 61 60 90 330 166 3651 28 1494 1179 1173473 -1 -1 0 0 0 0 6 9 7 7 6 7 3 4 5 7 0 0
"fba25050c9424834" 16 49 28 15599 3487 90 5174 80 199627 28202 14 26433 80 344 192 2392 1179 1173474 -1 -1 0 0 0 0 7 7 7 5 6 3 2 4 5 6 0 0
"7983bb05d79296f9" 25 369 8880 89 49 4 80 344 30 1372 80 199627 369 119 43 369 102 80 518 658 632 14 80 74 14660 1179 1173475 -1 -1 0 0 0 0 6 7 8 6 7 6 6 5 6 4 0 0
"577d39971e1b1b22" 18 235019 82 80 234884 154 4181 80 199627 637 749 114 2651 14 80 127 154 14738 1179 1173476 -1 -1 0 0 0 0 7 6 7 7 6 5 5 4 5 4 0 0
"065cde12bcd8aa05" 22 4 1082 28 246 415 76 102 51 3395 80 199627 1031 150 208013 76 848 3723 3522 102 550 61 1179 1173477 -1 -1 0 0 0 0 7 7 6 5 6 7 2 3 4 2 0 0
"71a2196e8c8c7485" 21 1334 11 10389 896 80 74 7 19 7054 80 199627 1299 831 23816 80 184 61 2659 103 706 1179 1173478 -1 -1 0 0 0 0 8 8 7 7 6 8 6 4 4 3 0 0
"5fd4f995240cf477" 20 4 460 14 1749 80 6132 28 788 3635 80 199627 279 249 3623 80 166 283 28 1032 1179 1173479 -1 -1 0 0 0 0 9 8 9 7 7 8 6 3 5 3 0 0
"c2c2b61d57cf310c" 18 227 44 30 1605 80 369 106 3919 80 199627 102 369 56 212 83 845 119868 1179 1173480 -1 -1 0 0 0 0 8 9 8 8 7 7 6 5 3 4 0 0
"42e3e0bd0a15672e" 23 16520 909 36 1535 80 1564 36 30 962 80 199627 249 807 30 443 161 518 835 80 344 74 4837 1179 1173481 -1 -1 0 0 0 0 7 7 6 6 5 7 4 6 7 4 0 0
"81704b7745df9c0e" 19 2284 104 443 2556 80 6 7 74 32401 80 199627 28 1819 104 2129 80 11883 10524 1179 1173482 -1 -1 0 0 0 0 8 9 7 7 7 7 5 4 4 7 0 0
"ade192fb64f1e08d" 24 127 28 1964 1138 80 1409 28 908 169643 80 199627 74 7 19 4036 80 11 1418 43 1483 474 19 14 1179 1173483 -1 -1 0 0 0 0 9 8 8 7 6 8 5 5 4 3 0 0
"45f0b865d39f12d4" 21 460 14 1257 80 192 369 114 4300 80 199627 1138 549 30 6871 80 475 28 1819 166 222 1179 1173484 -1 -1 0 0 0 0 9 7 8 6 6 7 5 5 4 4 0 0
"39a717784ac850f4" 21 114 4 421 14 425 80 234959 76 19 4 80 199627 747 36 103 15464 80 234848 107 554 1179 1173485 -1 -1 0 0 0 0 8 8 7 7 6 7 5 5 4 3 0 0
"81fd2f3e7227481f" 25 1570 70 30 4180 80 184 2995 549 30 1568 80 199627 1514 184 127 103 1657 80 330 166 212 849 271 3167 1179 1173486 -1 -1 0 0 0 0 9 8 9 8 7 8 6 6 3 5 0 0
"3c217a2b42256d65" 20 1334 11 7806 80 44 103 706 77 275 80 199627 277 19 453 60 144 70 30 7387 1179 1173487 -1 -1 0 0 0 0 7 7 7 6 6 6 7 4 3 7 0 0
"5b906e7d59f58510" 24 61 104 243 5325 80 249 369 808 928 4 80 199627 550 51 6029 706 80 249 550 70 369 114 119 1179 1173488 -1 -1 0 0 0 0 8 8 7 6 6 5 8 3 9 5 0 0
"1b29c43eb0736e4d" 22 74 7 36 6399 80 103 104 11 559 184 553 80 199627 10390 30 3273 80 74 161 114 520 1179 1173489 -1 -1 0 0 0 0 9 8 8 7 6 6 6 5 3 5 0 0
"5655fbdd44517661" 24 2103 103 76 425 80 1334 1718 44 30 3890 29970 80 199627 70 297 15270 887 453 14 106 102 51 26427 1179 1173490 -1 -1 0 0 0 0 10 9 9 9 8 5 2 7 4 6 0 0
"ce618bedbf30bf97" 19 780 60 42 90 120 30 1376 212 520 80 199627 27693 586 451 90 3317 28 1819 1179 1173491 -1 -1 0 0 0 0 9 8 9 7 6 3 1 6 4 5 0 0
"ad88a2ad80db2f81" 25 3723 51 495 77 39407 80 231 2203 90 544 80 199627 70 297 42371 42371 42371 44964 127 14 231 102 51 19184 1179 1173492 -1 -1 0 0 0 0 7 6 7 6 5 8 4 1 2 3 0 0
"4acdc15c41e9cede" 25 1267 453 16069 80 283 154 4178 90 999 80 199627 291 80 16520 306 259 42 80 229 74 139 16520 763 44 1179 1173493 -1 -1 0 0 0 0 8 7 8 7 8 6 2 3 2 4 0 0
"d6f9f79ebb4016cf" 24 2103 629 80 6 7 150 6006 768 150 82 80 199627 1310 369 254 150 2268 80 249 4 229 279 2637 1179 1173494 -1 -1 0 0 0 0 7 5 6 4 3 6 9 1 2 3 0 0
"7947f9d90aca165a" 25 34831 83 70 28 2272 80 16520 231 4300 90 3528 80 199627 4 127 154 15839 5002 80 1024 80 200450 283 1683 1179 1173495 -1 -1 0 0 0 0 8 7 9 9 8 4 2 6 5 2 0 0
"3612c1ac025ba818" 23 232 5056 90 96 1323 83 28 319 80 199627 166 20 161 77 603 80 1267 232 6921 36 30 1121 1179 1173496 -1 -1 0 0 0 0 9 8 8 5 6 7 3 7 5 6 0 0
"aba5a38cd624c89b" 26 369 208 5925 513 235125 76 80 3614 70 297 811 80 199627 229 1267 4033 1167 80 369 153 28 235126 44 30 4275 1179 1173497 -1 -1 0 0 0 0 9 7 9 8 7 6 2 7 4 4 0 0
"3550c4fa0033d7ca" 25 11 161 757 44 28 600 80 352 835 16520 30 3120 80 199627 798 104 30 3885 80 166 637 31 103 9391 1179 1173498 -1 -1 0 0 0 0 9 8 9 7 8 7 3 5 7 4 0 0
"de710b0aaca53408" 24 408 23036 19 5374 80 344 30 275 369 1057 80 199627 4 71 232 60 5730 235127 4 12 106 28 4284 1179 1173499 -1 -1 0 0 0 0 7 6 7 6 5 3 4 3 2 6 0 0
"db1771107964c20d" 27 11 453 14 106 1366 80 7420 80 2203 14 83 1749 80 199627 4 153 369 127 30 13693 80 5695 790 102 51 14722 1179 1173500 -1 -1 0 0 0 0 9 8 8 7 8 6 5 4 9 4 0 0
"35eb5c4fe8b6aec5" 26 1267 283 154 11024 21569 80 10796 80 72652 80 90 465 80 199627 4 20 7400 49 52 18308 80 166 4758 30 31 1179 1173501 -1 -1 0 0 0 0 8 6 7 5 4 6 3 3 3 3 0 0
"8a56707f3d2c2586" 27 369 2934 49 9021 80 12146 70 103 13258 80 199627 90 16520 30 44946 80 192 11 2103 629 80 388 150 600 90 967 1179 1173502 -1 -1 0 0 0 0 9 7 9 8 6 5 3 5 4 6 0 0
"6c6644ea362e7c61" 25 2103 103 76 425 80 4 13 43 369 13 199627 42371 42371 42371 42371 80 338 44 154 6655 90 120 60 20 1179 1173503 -1 -1 0 0 0 0 8 6 8 6 4 3 3 2 2 5 0 0
"ef0054c289e0e39e" 20 3757 12976 44 2202 80 4097 1085 510 80 199627 90 1625 80 4 11 166 1100 19 16461 1179 1173504 -1 -1 0 0 0 0 7 6 6 5 4 6 5 7 4 6 0 0
"330dff329c5fe7d1" 23 780 60 42 80 1024 80 200450 453 245 1568 80 199627 200449 4 136 4 1267 20 1534 19 103 63 1179 1173505 -1 -1 0 0 0 0 5 7 9 7 7 4 6 3 5 3 0 0
"4db2f72ffe56eb48" 24 369 166 20 72 77 30 5768 80 1267 32 83 3587 80 199627 34831 83 70 77 28 2272 80 74 11875 1179 1173506 -1 -1 0 0 0 0 8 8 7 6 8 4 6 3 5 4 0 0
"9191071b44412c01" 24 291 80 16520 306 1964 44 80 166 390 361 80 199627 7064 420 14 72 19 571 80 590 37438 28 42868 1179 1173507 -1 -1 0 0 0 0 5 7 8 7 6 5 3 7 4 5 0 0
"75a2292c27c27952" 22 369 212 30 1828 80 344 83 14 80 74 604 80 199627 11657 235128 30 2651 80 74 511 9821 1179 1173508 -1 -1 0 0 0 0 6 6 7 7 7 3 4 4 5 5 0 0
"17f4b2a1d54cdc64" 21 369 656 44 4994 80 30748 5269 80 199627 102 16520 1418 60 476 80 1267 4033 36 30 37135 1179 1173509 -1 -1 0 0 0 0 6 7 8 4 6 3 4 5 6 4 0 0
"3c36a65e920c0fe2" 23 4 71 232 60 5730 80 6 283 174 8661 80 199627 757 43 4 114 119 456 4 2174 150 3547 1179 1173510 -1 -1 0 0 0 0 6 6 6 7 7 5 6 6 5 3 0 0
"25f89a9f10f7547e" 21 120 30 3273 76 80 74 511 576 24 80 199627 27693 586 451 80 28 1819 11 127 19699 1179 1173511 -1 -1 0 0 0 0 8 7 9 6 7 4 7 2 5 4 0 0
"e3af44442b2c7874" 24 70 297 1829 410 80 1267 1070 19 28 1782 435 80 199627 3757 12976 53 1237 80 4017 178 518 19 12837 1179 1173512 -1 -1 0 0 0 0 5 8 6 6 6 4 3 4 5 6 0 0
"3357435d7a680520" 25 436 60 2283 90 1331 80 184 30 206617 83 2782 80 199627 10390 30 11513 90 1819 80 2441 30 226 530 6310 1179 1173513 -1 -1 0 0 0 0 9 9 9 8 8 7 5 3 6 3 0 0
"434ef290c853d572" 23 398 576 51 6916 80 184 127 107 19 185 80 199627 4 127 30 11513 80 200450 7775 30 1237 849 1179 1173514 -1 -1 0 0 0 0 9 9 9 8 7 8 6 3 6 3 0 0
"c9d92e8db55dd7d4" 24 184 407 408 30 2466 80 425 2167 8163 4275 80 199627 90 1334 747 19 453 16069 36 30 160 476 706 1179 1173515 -1 -1 0 0 0 0 8 8 8 7 7 5 3 4 5 4 0 0
"98f86d61c1479c4c" 18 16520 12122 90 747 36 1344 80 199627 49 51 495 77 39407 234901 80 231 36382 1179 1173516 -1 -1 0 0 0 0 6 6 7 4 6 3 5 3 4 4 0 0
"dd07815ba5e0c623" 25 807 51 3151 3108 80 161 77 51 960 80 199627 249 369 22 460 382 30 206 80 807 2659 49 28 34 1179 1173517 -1 -1 0 0 0 0 7 7 6 6 5 4 5 5 4 4 0 0
"b637382a8ac01ea3" 21 28 234829 51 4233 80 4212 510 80 199627 1082 150 3827 1316 866 51 3445 80 120 60 32595 1179 1173518 -1 -1 0 0 0 0 6 8 8 6 7 5 7 3 5 4 0 0
"8f417815edd07484" 24 106 30 1657 77 30 1389 144 5680 80 199627 232 83 3469 80 4 166 638 14 80 199375 13 4 1986 1179 1173519 -1 -1 0 0 0 0 7 5 8 6 6 6 4 3 5 7 0 0
"d90f7ccef95fef41" 23 199375 6918 1167 80 199375 855 1167 76 80 199627 90 4 13 922 30851 80 1019 36 14 19 350 76 1179 1173520 -1 -1 0 0 0 0 9 8 8 6 7 9 7 4 3 4 0 0
"b4a3f0bae859999c" 28 199375 453 4 13 559 108 369 242 80 1024 915 80 102 103 80 199627 481 150 92 83 245 7370 80 6043 150 788 2551 1179 1173521 -1 -1 0 0 0 0 8 8 9 7 8 9 8 3 9 2 0 0
"8979ff4a6441045d" 27 4 1267 283 154 31339 80 1267 1267 283 154 80 199627 285 158 369 232 1085 1167 76 80 199375 146 20 1294 19 8958 1179 1173522 -1 -1 0 0 0 0 8 8 7 6 6 8 6 4 6 5 0 0
"bdd45fedb4581723" 28 70 330 12 119 104 13 14 49 603 1733 2841 37329 80 199627 848 573 28 19796 80 28 53817 86795 80 344 475 60 52471 1179 1173523 -1 -1 0 0 0 0 7 7 6 6 5 8 5 7 6 8 0 0
"47255b23a19eb6d2" 29 33761 80 7098 80 120 14 1002 4 178 30 891 154 184 13 44 271 7959 80 199627 71 967 606 80 200449 297 4084 566 70201 1179 1173524 -1 -1 0 0 0 0 9 9 9 8 9 9 7 6 7 6 0 0
"f8d889d566dbc0ae" 28 550 102 966 277 19 1420 76 386 16520 17 30 1299 80 199627 7598 14 386 16520 1132 425 80 152 19 4633 49 28 4942 1179 1173525 -1 -1 0 0 0 0 8 8 7 6 5 7 4 8 5 7 0 0
"fed99d44fa11abef" 30 199375 212 83 1620 80 6 1539 158 235129 1323 768 17 80 199627 200449 53 30 176 77 30 621 80 199375 808 20 30 161 83 31 1179 1173526 -1 -1 0 0 0 0 8 9 9 7 6 9 6 5 6 4 0 0
"6f63b0d0db2af48d" 24 158 4 127 28 24 80 859 96 245 1577 3263 80 199627 90 234836 114 1525 770 89 80 234836 114 23356 1179 1173527 -1 -1 0 0 0 0 9 9 7 8 7 9 6 5 8 7 0 0
"0309922c4848c09b" 25 28 3903 1866 20 14752 80 249 173 2642 60 425 80 199627 11495 76 28 5174 391 1630 77 182 206 80 17883 1179 1173528 -1 -1 0 0 0 0 8 8 7 7 6 8 4 6 7 6 0 0