"61766b5e79f49206" 80099 107728 30562
"aadb897e24af58b2" 139088 28973
"022484838825a201" 105664 11046 16681
"1b5eeb9f0cf2aedf" 101898 165698
"8290404841e86d10" 16659 14084
"d01d97289b9ffe7f" 100512 177761 31351
"e38e1955d792a8c9" 13123 23978
"4fd888bc1437b27d" 118102 120060 409
"0a65c53f2919e6b4" 134874 116993 100512
"977401cf74a738d9" 41881 136967
"966813f12668e009" 3070 110957 16681
"2a67d0be193b5f2c" 55958 170519
"b01b0942016e8376" 119072 31351 124759
"52a2fbe24b29b990" 145166 27267 149431
"654219292863ae52" 134874 124759
"b0d7bf30c800de5c" 47093 31351 50234
"564eb559f5e71d72" 105664 66795 28973
"e7ec468b61f9c99f" 30562 53399
"a9d338c917f86f37" 177376 73024 43441
"768511cefdf0a06f" 120903 131999
"26414e32e0c850c2" 66795 59974
"c3d0a360d050004b" 40760 61015 139088
"cc86e3fdae26efc8" 43441 36608 23978
"66a1acce9692f333" 120060 28973
"aa2781d42073536c" 50234 11046 16681
"dbd321112ada1ec9" 101898 31351 33935
"adfdecb81d2cb59c" 3070 136967
"4fd9d1cfc2afd05a" 16659 73024 177376
"965d52da9371dca9" 31351 107728 116993
"3d991d5932d368b1" 59974 134874 165698
"9da8449c93f7e903" 119072 100512 107728
"99c4270a8897e5f1" 177761 16656 31351
"4e300c52cf5014dc" 118102 41881
"e58b0f78a738066f" 131999 27267 149431
"10c33955d792a8c9" 13123 110957
"a9e963613fef09b8" 14084 31351 30562
"8347a8c81b13c40c" 107728 59
"3873ecc5c75f22dc" 33935 16659
"e3996843e2f939a3" 36608 55958 124759
"b495bcf924e4ad4b" 47093 28973
"102937b0ab6e9edc" 145166 120903 131999
"bd82b08bd4eeb60e" 43441 23978 53399
"d46938186ce63d33" 73024 100512
"2b314aee20f4adba" 16681 59 409
"2b78064dd9d6c775" 80099 3070
"1c8d95f38cd5c5b8" 61015 16681
"4f51127bb2ea24e0" 31351 136967 116993
"eea90caad1e0ae72" 170519 55958
"1e9d2a9c67de2e0c" 111183 41137
"c3e3f073b2a7cc1e" 143693 154347 115567
"fc4adfdfabc3478c" 127971 70522 87289
"c1a07f92c1a9404f" 49912 62487
"2bfbb13148dcb53b" 55282 71291
"e2fa1b9633017a8e" 12193 142073 130231
"7857a51079735cdf" 144457 154791 69330
"acf228c1e4ceb84e" 118258 100499
"afaaf6be51ea8b15" 131340 105654 183687
"3294e468196df8f9" 121291 153511
"6bfec86fa2cd1fcc" 144983 45086
"864277d13cd4f094" 151969 84878
"dd49c15a68d3367a" 45086 157650 170012
"c4c912612c73229d" 39115 14288
"67799f26291c12ea" 34006 188615 60812
"a1d01d5abb9bf921" 51352 16083 151938
"03f32a44a455b7d6" 5054 81774 97251
"07717c040f00245e" 178953 96846
"5a730a68149a3f5b" 67455 98053
"f45a3e4f161c255b" 116728 127971 183687
"e5bcaad02caa6862" 69330 188615
"95c582314d5e1ee0" 154791 71291 157650
"b407ef1b99e7fc55" 41137 12193
"15b32ec515ca1a58" 34006 84878 60812
"095777d13cd4f094" 151969 105654
"e6b3a7e59e63962f" 51352 144457
"60f7d86fa2cd1fcc" 144983 81774
"c94aac1f023f16df" 39115 151969 97251
"75727c1f6f986855" 142073 98053
"1bd4d4152ac01988" 5054 45086
"83f50ed09d7558e3" 121291 12193 67455
"5fbd5c040f00245e" 178953 16083
"6c424f6d06970406" 130231 96846
"f95edea0c792e447" 70522 55282 151938
"648c1a12e1aac84b" 131340 49912 87289
"edb5979706d712ea" 118258 100499 170012
"56fc3ce4e8a2f0c3" 14288 98053 39115
"dac2b79255e940d0" 70522 84878
"3682cfb3847efb2d" 115567 100499
"1301a5544a4454ba" 60812 69330 157650
"a144fc5280ba0044" 127971 5054 14288
"678def67c64cc23e" 183687 81774
"d71ac8fecb03d980" 16083 45086 97251
"ad7444f629ffa3ea" 34006 67455 51352
"853ec7016aa73232" 62487 144457 154347
"fecebcc819b44e17" 49340 28359 111407
"2ea3df14f5882dae" 112475 1302
"89f4ef14f5882dae" 112475 72140
"346546267832b6be" 127712 116598
"f5ebeea0347a0ce7" 121379 82539
"086c96b59e6af090" 28359 111407 155829
"ad455da55aba2bc2" 9061 49340 98904
"fd9c1f818416b183" 109014 5908
"cdcad0c2c78b899a" 45391 180396
"b7281280de1e56c6" 60664 98904 135810
"6a143823969e7401" 111407 1302
"da0f90c022689b67" 1302 155829 46573
"178c4d5669efb61a" 72140 153762 128578
"07efc6c15c54d28b" 116598 139909
"81a5e90e35636b47" 122055 72140 5908
"4969d36a0c39158f" 82539 60664
"35fc0eb87e7b5f83" 155829 115140 7065
"96ab2ad021ff8b8c" 98904 87172
"ab197a7b925e3569" 180396 135810 113995
"9ccd81b5e6c9ba1b" 135810 128578
"7973c9eb68e4b8cb" 46573 15329
"b757d453526fe6a1" 15329 108385
"dafc8cc4cafe9213" 153762 181530 2848
"be049a774fdd4022" 139909 5908 51665
"9e718fc3d64f0159" 119704 115140
"37f8e0422076763a" 115140 56850
"11ffe60aa389134b" 7065 87172 44307
"75b17bb4719f4f09" 87172 23650 55536
"7450ae5fa0cca6f6" 113995 108385 145742
"358cc49fb391a21f" 108385 42169
"51e573e91ee06aeb" 181530 184278
"04b4a94298b3507c" 2848 51665 21882
"96cce43fa10c959e" 51665 60703
"61ce00b60d83c927" 56850 75794 164865
"f40a6622eb037dad" 44307 71333 144858
"7d7be8fe07ea9b76" 23650 55536
"8ee10c71012e26d7" 55536 113995
"cc3b106bfded2993" 145742 42169 38624
"33d09f87e062a965" 42169 184278 39275
"aed0740c17f06ac6" 184278 60703
"eb307650fcbead69" 21882 75794 164865
"c791db40383af991" 75794 71333
"495f631209da9e32" 164865 144858
"fde81e2400bc3a8f" 144858 38624
"83c726922149a139" 38624 39275
"ec686aa6cce223bf" 87172 145742 39275
"ea669a942a5b9ac2" 121379 56850 38624
"2fd06a75d35579bf" 173915 43046
"bc5cd1dec3a4dd2a" 51105 159473
"c59668e57cd09d83" 112492 83059
"1c6c09ad679b8dec" 25020 75303 121889
"872b190587005d4f" 171210 25673
"0f722222d108f325" 77624 66219
"22854970878b0db9" 176263 96282
"fcf923f42a49aca7" 65180 76810 37384
"092707d8d489e365" 110205 5002
"c647cfd081113371" 116257 185813 76617
"43508dadf2d619c8" 10708 26371
"cabeadc7582df149" 72438 62017
"3e3929279d0b88a1" 37223 151675
"29ad8bd35cb2f611" 44262 39927
"55a184d043103b9c" 62026 5286
"075804bc32ac4118" 22435 18940
"1455c9dc6e7f264e" 88094 40702 139332
"980fa1f6e55a75a8" 87175 56700 164821
"6ece1222d108f325" 77624 51105
"583268e57cd09d83" 112492 65180
"971550471bffb32d" 125587 164821
"af7879727b87bfd0" 48789 25020
"d3b5e71690f24d63" 80210 43046
"ac406a75d35579bf" 173915 40702
"9b6db4713b5fbb14" 76810 62026
"ddd50586eb09c5dc" 10708 151675 121889
"2ecbe864a3cc167b" 96282 22435
"7634adc7582df149" 72438 18940
"9e43181f7eec3553" 76617 87175
"4c77597968df2aa8" 39927 101738 5002
"7c801bc00d4a6b4c" 185813 25673
"b3a45970878b0db9" 176263 158259
"3cb1c43628cbe4d9" 25020 171210
"54225ac218ccef01" 116257 62017 5286
"fe573fdafe5499b1" 37384 96282
"7be049a76890b318" 88094 139332
"0837c678c7390a0f" 83059 56700
"e0e2df713dff793d" 75303 44262
"5bd06b252c82fdb6" 68238 3573 110205
"b5f4db4eed9fc168" 8049 159473
"5875470552d34a37" 3573 37223
"439289b870a4917e" 77624 65180 87175
"24cfa2c960226816" 87127 3889 25037
"98bdf07cc15b0828" 146103 83913 148988
"cf2b08cb7b44fb3e" 20524 7251
"c306152c7424ca2e" 136060 77680 55527
"511472b83dbcb026" 79844 155607 38941
"67b9b8137464db68" 39326 44244 91035
"cbcb818a1db57c2f" 118727 63092
"78066f96c2a0aa24" 34876 19726
"2f2c12f896f616a1" 32590 5538 139249
"58db7653e7464098" 27725 168851 13616
"488b59b493e74fab" 41562 64349 134488
"c64a3c0c9bebbe89" 47737 122951 55527
"fb3a2645f3a252b2" 63017 17179 112454
"6ad6d564e38ce353" 35700 169785 79396
"790828fcc6dab981" 15053 183681
"4e73a25897d138f8" 154327 44374 53198
"6be68519eec88db1" 85150 176981 19726
"94ea838fd293a41b" 102179 83913 77680
"9af51f207e7cae95" 146103 3889
"c1f273040415a682" 32590 169785
"87591aad1d36f12c" 102179 108337 87127
"31e8822590f7ad01" 20524 7251 122951
"05d98cff280abebf" 39326 64349
"489dc83af83d4909" 34876 154327 35700
"a577cb4dfff350db" 17179 13616 53198
"f8acbe1ad816fae5" 41562 79008 34876
"a8d5725c79943fdc" 183681 139249 91035
"1ec7c6dc71b7b77c" 168851 15053 79844
"e657b25897d138f8" 154327 44374 134488
"fc66f4cb7c78863a" 148988 85150 79396
"3b3c17416a9149bc" 27725 7251 39326
"da5494ebc58219f7" 108337 44244 122951
"c5a8dff4452799b5" 146103 32590 53198
"9b7778b5a7f067ba" 38941 168851
"c043a09e6f000c45" 102179 118727 25037
"45b302525d14072e" 35700 63017 5538
"68372ae39cf53f71" 103939 83913 15053
"3e6af8cb6734de84" 79008 169785 176981
"08178efa89375741" 102179 87127 139249
"8045316699aff09d" 64349 5538
"39c1fccf26005472" 47737 136060 38941
"d4f94b0a016ac5ce" 32590 77680 44374
"6807845e22420ddd" 41562 39326 25037
"bd94bd18e062e04b" 27725 20524 183681
"f162a18a1db57c2f" 118727 155607
"611892880c0116b7" 112454 91035
"f35f3323ccccd78e" 90886 8650 14782
"315a5a42e988e1b6" 49732 377 82177
"1659334d09cfd967" 106685 55579
"cf38a0cf152314d8" 101693 42294
"92426bef6606469f" 114655 13191 77582
"131e011b07ab94bb" 53115 10693
"cdabd074bbb2debe" 105910 60849
"7d7e5f9989b2f172" 188912 53562
"8cb15c28fac00217" 82641 31057 17961
"4585c887854b7ed6" 105090 20636 187597
"53297617840086b5" 164841 117171
"b4bec05f921a9a07" 178285 175688 30565
"3696d73dcfa2ba94" 47716 45026
"9b361a1331dcac27" 195 9471 109826
"2763a450e175451a" 126416 60248 149217
"6829902f69fcafbd" 126432 150860 61953
"913e7ddac616ee6e" 155122 118990 149400
"826cf9394ac12928" 81982 106685 149400
"652d259bef2ac895" 78728 82177
"cd4e3205f31c8c12" 114655 187597 117171
"0dd94a42e988e1b6" 49732 377 14782
"157ea676bf73856b" 195 101693
"eeadb317cc4c7f3f" 90886 155122 30565
"14d65756807ffdc7" 40294 105910 47716
"ee15211b07ab94bb" 53115 105090
"23b4bf679985ea13" 13191 53562 60248
"dcc0ad3a5d6aec3f" 17961 60849 42294
"0ae8db4cf592ff02" 20636 45026 149217
"db9967b50645f42a" 67851 61953
"bc166a20b8a2ca45" 8650 126432 175688
"da3d5300fe02f2f9" 107770 77582
"417d468c29a21173" 188912 106685 109826
"fcdbc4d4598315fd" 82641 10693 150860
"340d69e67e9334bc" 31057 9471 118990
"60aa173af4ffd781" 178285 126416
"328b44928dd3ae50" 90886 14782 81982
"1fabf73901cbafe3" 53115 49732 82177
"74d23cc4cd71e002" 78728 377 31057
"4fec48211171976b" 114655 53562 109826
"ba33334d09cfd967" 106685 30565
"8afe1d588430b474" 40294 195 45026
"e61ea0ffae375280" 47716 101693 175688
"ed5660800d615b4e" 82641 13191 61953
"fbb61f1c24f5cb52" 126432 155122
"4531d074bbb2debe" 105910 17961
"34e2a9ace4b01a1a" 67851 55579 149400
"8071ff8ffe1fddd3" 105090 164841 60248
"7f8c690168c2ec36" 70766 159157 124959
"9afa146fb6571fe4" 109101 113843
"021caafc24612aea" 108423 103960
"39db1841e754f942" 82506 108516
"9a67c54440f62d41" 25927 125394 166231
"41341c5b022453e7" 84271 125060
"9b04f1f7d3a3a06e" 139579 179408 170733
"9c017d76e02c7f5e" 13812 47205 153739
"270d0b34c6431515" 28105 25881 13811
"a926498d689f7633" 131865 96424
"990437b7d422bac9" 68290 56989 2693
"54af4e17a00298ac" 114325 54279
"b24dc4c94ddf46c9" 129227 102319
"a7492cef380b147b" 167111 90752 146258
"782f38643b02904f" 91734 19226 45606
"12b3cbb1f5f9cd37" 148343 51433
"c76cd8895928e97d" 53274 34602 145639
"09c5eaf21568cd43" 26057 58286
"9eb1fd37e0e96bc9" 152837 87547
"a6e59524c98b9c50" 44184 115525
"ada35ed45aa3a9b8" 174192 139595 135058
"3761f5f92d8f3309" 25295 20279 99576
"5600800fab50d615" 153234 270
"3c43f3e9d0c1a9c1" 42147 135058 103157
"e5e4f7eed1c24aaa" 153260 115509
"9aa9f9e1dbf4ae4b" 134335 142451 171698
"f3dc327bad2f1f89" 50004 42147 87547
"e7029d0991ca8d8d" 101342 139595
"3269368b6cb1dba6" 152837 99576 103157
"af942002e2340c0b" 142451 44184 270
"26e86c4638a55c5c" 174192 115525
"0a460e37e0e96bc9" 152837 171698
"f008d6bb49682dc5" 42147 87547 153260
"a8a8cc99621d8e42" 20279 135058
"17eefbd2dc5ac317" 50004 24362 153234
"872c8d0991ca8d8d" 101342 115525
"76ebce74840e4117" 25295 44184 134335
"45a15c4638a55c5c" 174192 20279
"085dfd37e0e96bc9" 152837 135058
"085a12d5863cedd6" 153260 270 103157
"dc8ae634acbae605" 24362 99576 171698
"b67acc99621d8e42" 20279 142451
"30333797ab5c1080" 25295 152837 153234
"3317b98d7756bcbc" 42147 134335
"7bfebb97e28807ea" 99576 115509 115525
"fa8626f6c793ff5a" 50004 101342 153260
"60bbb98d7756bcbc" 42147 153234
"32c74c12da847c6d" 25295 142451
"5b775c4638a55c5c" 174192 44184
"4f23d8f0d8f227c6" 101342 139595 270
"fb1c2c3d85e12556" 24362 42147 115509
"da2dfd37e0e96bc9" 152837 134335
"9c5bf707b4d66741" 20279 87547 171698
"549a91708f6c1efb" 174192 142451 103157
"d015558798e5f02f" 50004 20279 115525
"feba800fab50d615" 153234 44184
"211650f6fe65d363" 24362 152837 270
"5e214c12da847c6d" 25295 115509
"5e26f4346e7ebe29" 50004 174192 99576
"3923f924d6303157" 135058 134335 103157
"ecf6c99b99fe29cd" 101342 87547 99576