"4e63588727884a59" 138304 30263
"0ff4115a391f00dc" 134894 17645
"61134d5bfe4880d5" 55693 81472
"f192bb4c2fe27c79" 5961 100752 35669
"ba5c18ca3b8e510d" 24283 77407
"6f0f9d74736df216" 61370 20631
"0323b38c1815e77c" 113865 36430
"0289c130c1362eb0" 134304 51859
"16291b43c0216cf3" 138784 98644
"72c0d1ca077b59d9" 16647 46495
"eebd271cb3668314" 16678 106403 104712
"e21fc5515b877178" 114225 119044
"caf8020ddb474abc" 42124 186403
"f9c5d12c45ca97e7" 129752 178234
"7fca4a3af2a6460b" 107006 116260
"c27292dbfe6dbfc3" 29407 178803 113173
"63c1bcb0fd7fa565" 17721 165688 128884
"3fecd58cd8d92b80" 41258 94180
"27442cd53d4ea405" 112671 11186
"bd0949cbb1138354" 63905 166992 71481
"940cc596e0a4220f" 128425 16647
"ebf461f8a0e27bd1" 157196 156853
"13d1818e1cd5e603" 30263 36430 186403
"02c4c42a4598620c" 80778 114225
"9127c130c1362eb0" 134304 42124
"d05b947ace22f105" 138304 17721 29407
"cfa625cace31ca1a" 20631 116260
"36074a3af2a6460b" 107006 100752
"a6f4461481dffab3" 98644 128884 5961
"14013802db03663d" 113173 51859 94180
"3fef068ae1660e7c" 46495 166992 106403
"2693215a391f00dc" 134894 77407
"bfa2e584ead7df5a" 11186 119044
"68f438ca3b8e510d" 24283 178234
"c322a7f30c1b1f4d" 61370 55693 81472
"a3b01078317d7f3b" 129752 138784 71481
"f9e0acfa063d457e" 112671 165688 16647
"e25b8f530f587108" 178803 41258
"f2cee913be4f0bb5" 63905 35669
"aec3c38c1815e77c" 113865 104712
"65b02dafaa7c05fa" 17645 134304
"d47db577dfbfb285" 128425 20631 104712
"33c841f8a0e27bd1" 157196 41258
"62d03b299821ac05" 156853 116260 42124
"9d58a65e08b92ba8" 29407 166992 5961
"1ecb0912e0e96797" 36430 107006
"a7cbe751edab2f44" 138784 11186 16647
"c1561dda6e686e1c" 87683 119999 21989
"264188cedbe26d38" 11015 54852 10502
"fdfcab6df259d768" 125915 53139
"daecf0d461cde838" 15325 93487 85084
"e4754e481a61a0e1" 153879 140278
"d0f32c4f9334ae4c" 175591 145779 152238
"9e81ceb9f093ba51" 105278 155743 167839
"5511aa17099e4da5" 117432 42106 181602
"859e37f405485835" 29010 155201
"5ea762da699e09ff" 66805 158151
"bbf82ae073af4d9d" 134901 14132 164113
"9e6f6d32092ce0f8" 170968 124292
"5b109e5cfba63faf" 44960 135373 419
"b30da04f2cb4ae70" 5797 101677
"1677b401c73273fd" 105671 67609
"cd3842f5d068d872" 19827 28799 16245
"08b978ed38fd3524" 157683 88060
"b0293cf90b040d9b" 63884 8541 15325
"385ab0c5baa1fcd3" 18995 119999
"5a09a401c73273fd" 105671 8541
"14e6c40dde33db50" 419 135373
"1cb01d67ff545d85" 44960 14132
"796f16591783d5fd" 134901 70507 181602
"a7d552da699e09ff" 66805 85084
"a4372dae305e0a3e" 18995 175591 125915
"3065a20efc70db4a" 53139 93487 63884
"f8c1851400977bcd" 170968 29010 124292
"1d863405046fed36" 44946 42106
"9993cb38f0b8161d" 11015 164113
"a64eaf54812d37b1" 140278 152238 21989
"f3dddc56f8b1cb03" 28799 167839
"52c9b04f2cb4ae70" 5797 153879
"b308cc2c97294388" 158151 157683
"c28cb1aea673ab11" 39852 105671 88060
"e096535059713fa2" 54852 101677
"29bf4c9304b87cf6" 117432 135373
"6a91bb47b0f91769" 87683 14132 105278
"73b195833791c774" 134901 67609
"37d695bdb0ef6b2f" 155743 145779
"7eaaa40dde33db50" 419 19827
"f9349d71ff7da9ec" 16245 15325 44960
"f7a91e068b76bc38" 53139 125915
"a4b92fcc0a4c1ada" 175591 181602
"d91842da699e09ff" 66805 28799
"12353fd09ab30a57" 119999 155201
"51e573a21f7efea2" 153879 140278 167839
"ba8709228e234711" 40899 84887
"31506f295c76a685" 142510 165712
"5c20a5a908b25082" 61141 121159
"f034f9d396b880e2" 87295 146159
"81142efd7754ea7a" 116128 138697 129850
"f5590c32caae5113" 33901 163113
"82e850cf9d70afaf" 15366 15340 156013
"a182984be8c6a6f1" 165868 19633
"383d66adb3b16eff" 7920 171192 166898
"1e54549e5ae51dd4" 50061 161064 71803
"18c5c487c46647ad" 188309 88250 13033
"8c098e79a6934844" 43571 122884
"b60ad29801648a25" 25939 102646 180057
"92484db804ea39ce" 33640 76916
"c8649042b3739c75" 72677 156982 27352
"258f7c8233454a62" 155191 142653 108385
"347dda2abf8c6768" 13151 11331
"678113123d569358" 148887 5731 97463
"92d24b216e5b6b7a" 145072 156187 187153
"e0cd190dd3fa5806" 5731 114906
"57d10f4d51a34fb3" 75936 58344
"3e4fdeef6ae9d0bc" 143014 12168
"fb25feaea3fed675" 128897 120197
"f665dc7ee85c0431" 71230 35143 179293
"f4b5ac5cd4de1a20" 141320 147322
"371adcf0ab306107" 156187 102375
"c36cc1b41a84ad8e" 19613 104342
"fa97f0a6c46c9536" 81893 20065
"144a64f0226c5a81" 55918 15500 176318
"46ce68b4215acf30" 117963 58344
"2ee118aeece6a24b" 60453 42068
"375953921a41c6e1" 140473 20065
"f2cf2679a7ee0cce" 3373 82489
"2a5fe42c3f65acbd" 118617 72816
"5e89c0f7ab430104" 115266 21918
"66a6e6cc576ca6c9" 118617 16078 78438
"8337111ec7ec546f" 41838 48565
"4faf13ade5b93714" 62997 104342 145072
"c87a7f67f7950253" 32829 45510
"3a8365173d317a02" 58344 55918
"e5c2fe997967e976" 48565 81893 72119
"38a1cbe638aaf431" 22667 35143
"365571a8b251d428" 57689 42068 62997
"430d2679a7ee0cce" 3373 71230
"e9412f4d51a34fb3" 75936 187153
"5fc38f7f510c896d" 82489 5731
"e4527f67f7950253" 32829 12168
"1352bbca26c4da43" 148887 118617
"0ea9feef6ae9d0bc" 143014 120197
"480388b4215acf30" 117963 141320
"928f5cdf3d25fc34" 60294 41838
"d4dbd718beca31ed" 140473 21918 179293
"5177cc137b5a9f10" 97463 19613
"d28bda2abf8c6768" 13151 3373
"de17e0f7ab430104" 115266 143014
"a17b08aeece6a24b" 60453 15500
"30c351ad8490c027" 11331 176318 118617
"9c36df3c790a8eb4" 16078 78438
"7a2a80d9c6cb60d7" 128897 5731 55918
"9760ee1378d07708" 114906 147322
"6d0fc088cc23df61" 22667 20065 19613
"0afbe30de59ccb10" 81893 72816 147322
"a8137d717bafc1b8" 12171 128334
"3c59d4cbd167d4ef" 61565 154813
"15fae02dbb1f8468" 4709 78723
"dd39b1bf05894d3c" 128458 164014
"c19d52fbb212bf9e" 87103 35516
"a969bf038610fa5d" 186696 109189
"fd70092cfca0c7b9" 63453 55033
"3916227b384a72bf" 66138 59156
"9dc7058d1b020d17" 98827 78420 124169
"dd85aef7660c79cb" 40585 187079 130632
"8459ad1b3091f773" 177253 177462 179476
"25ffb6d99fe420a5" 74025 69098 88470
"faab1c1ed36a03c6" 145500 28054
"fe048f873f5097bc" 94774 141727 72109
"da7ca618a58a935d" 85803 169949 119176
"bb42f3f7c7d2b96f" 89012 50730
"9b969c362cb54479" 94792 96420
"d10e3f6bdff83570" 2342 156226
"22465eeedd1017ad" 10702 99263
"89e5ebf99635946e" 15859 179476
"8715227b384a72bf" 66138 55033
"29cd2d47899c36f0" 61565 15859 72109
"99a8e2a626acb449" 69098 128458
"9fa393311bb42c86" 78723 63453 35516
"1c8ca6473536da02" 28054 177462
"3cc6cf038610fa5d" 186696 164014
"d07d652a11a078ca" 12171 169949 119176
"1428b631c5ac8da9" 16233 87103
"aa4f13c06d1a53d7" 85803 128334
"2b7f27ef9173a905" 74025 141727 109189
"901767976907b48b" 96420 130632
"ba4c59e90b87f065" 128690 89012
"cf75ad6cb2651b31" 154813 156226 179476
"0e7c5f05e5efe919" 98827 145500 135080
"e0f8197a1c037f58" 94792 10702 187079
"c9aa63aa9ffb89ce" 78420 40585 50730
"5f367a2a88b7a3d1" 88470 63453 72109
"6c35441f7f379bb6" 128458 88470 109189
"1d0ccef9cc913e08" 94774 2342
"af73d4b17ba32ed0" 169949 59156
"1c86ba0a01793ab0" 124169 141727
"74f983a81e7b3473" 16233 61565 179476
"9700b538d13ddb0e" 78974 2342
"d016d1bf373d4770" 28054 4709 169949
"2611e9f63d3b2680" 15859 124169 55033
"a147fdf63593c7aa" 177253 78723 154813
"5dd7def9cc913e08" 94774 50730
"5d72f95321881118" 141925 29703
"089ce3b8956f3e4e" 7233 48774
"91efe5e73b0c0b71" 41842 73570
"5a0fac5f315692b8" 160281 41907
"d0a40ae63061881a" 166236 14535 19629
"1cf9550df8626798" 151609 17199
"9d206b663656e0f9" 181802 164554
"81e7449135266e4e" 171791 141291 151609
"53939fea7f5093c9" 132567 36893
"21552baef2b0e19e" 43963 4035 53167
"0a44e0276c71b896" 12144 122499
"c2d5feb00ac19fe6" 185992 50929 31006
"e7579d86f5fb4f2d" 28083 128826
"84cc9b6351a79013" 94844 151609 137086
"b205b51d1419a505" 141291 171791
"dba17d3489a7166b" 163450 133790
"e128f3b8956f3e4e" 7233 96036
"3b040527e3dbc659" 32243 89903
"0a0e2a6f5330c7e6" 26355 59932
"7aa2c0a7c95e8eae" 124045 73570 179407
"c78df58053329ab4" 71579 12144
"fcc28aff7b41d45f" 51789 151609
"4252ad6387b13314" 20529 124045 160281
"bae07006945180ed" 94844 39762 166236
"6872268053329ab4" 71579 163450
"059c9f6cd498af4e" 44272 41907
"6507948438923de0" 144884 41842 17199
"026f7b95a6c6aa05" 48774 141925
"24191ed02bec3b5c" 133790 62031
"17f94b663656e0f9" 181802 73570
"9cdf851d1419a505" 141291 19629
"8b86f3e5c7e6fe55" 137086 141925
"90d000110b2aa918" 59932 96036 44272
"acfe07fc252f47f0" 43963 31006
"78033571ff299bb0" 122499 41907
"3ec699015fde2caa" 171791 32243
"85385bfdf8d2179c" 29703 89903 51789
"34af4b771e84c31a" 17199 28083
"da158d3e9d8ab74e" 50929 4035
"7134cfda63708bd6" 53167 29703
"1d0104b8956f3e4e" 7233 132567
"e633a78977520ae4" 79279 28083 14535
"0fef431cf32a195d" 36893 164554
"0144eeb0cdb782cd" 185992 43963
"21775d3489a7166b" 163450 26355
"9364eecda70fde87" 73570 48774 12144
"901a39d5eed95804" 154044 166416
"074b76590f91e01a" 175869 127172 48174
"baa68995814810d5" 151619 141079
"6e2697661c2af1b8" 52312 48174 117551
"1c9e0413a3df2a5a" 71720 87116
"4c95ef97807d492e" 156811 35225 117171
"4f19329daa144aca" 6429 23448 118990
"d9e806f69efcd928" 78773 128848 31943
"a07c8851c1857106" 100767 103841 80989
"53562ba43f4e1700" 157873 177964 62935
"15fb7b639dc68963" 156811 91686 71383
"4658726a4761fb3e" 28400 124004 141079
"6fdd49d3fc592c3a" 25900 131712 103841
"59443662fcdc0bb5" 78233 61094 80989
"7b5b88bfd65e7491" 25900 16526 177964
"a4da7e282948b564" 45030 10027 154044
"beb2a1ed0e05a63f" 141079 78773 93442
"1d2ed4c55f0344f6" 41724 116064 91852
"c77953550a139011" 175869 48174 52312
"f582f8539cb349d7" 127381 166416 158185
"2ca5b50d96d599f5" 35225 117171 103841
"117adf3ed18df0ef" 128848 90772
"a31c296a0daf73ed" 52155 71720 25462
"59fd8ffc61d35c19" 175869 111397 91686
"f781c1983ce090f3" 46870 35225 10027
"d3f409f552d81ca3" 28400 175869 181995
"7e711b29c678228e" 158185 127381 41724
"fb3d225016dd3f2a" 71383 48174 157873
"9ef208f75946b3cd" 131712 158185 156811
"c968858e0000d6ba" 117551 25462 118990
"fd24b9ce0c6c036e" 71383 31943
"4d568c34e1e010c2" 93442 100767 45030
"542b47b8d37d4f2e" 127381 52155 116064
"54ee2922e2f442a2" 78233 46870 80989
"a00f103bc26f71e2" 111397 71720 87116
"2b8604ccb69cf560" 91852 154044 157873
"ca5cf6e4884a1013" 124004 156811 166416
"14d26d32f154b112" 23448 127172 177964
"e35aec977a26fc1d" 16526 41724 181995
"e4070d59021d7726" 25900 62935 118990
"fe85bb4141d0ceeb" 141079 151619 128848
"b1b60b27471edac9" 6429 175869 90772
"e98b046f4baf0526" 52312 10027 118990
"6ab40b8b57aef464" 71383 61094 131712
"f273f8202c806c80" 93442 71720
"94f793e649304368" 78773 166416 117171
"723d4e223f632795" 122470 110860
"3adb5ab2161b1384" 52542 152720
"f3ad13730adcd30c" 52181 145345
"65566b3949cc3cf7" 168494 63772 27843
"0fcec09a0bc26710" 177782 21599 48046
"6d0d5a57632b451c" 22052 114325
"963b7ab3d137cc15" 37122 172370 23204
"22e0540f86e8c782" 7356 151593
"14f456436e1f70de" 82891 54281 31296
"6d1b553c59e37993" 168798 101704 143191
"9fbdc097e97be10b" 88452 67032
"a7104ef59031cdf5" 118598 165454 117765
"fad0765dbe9c09a8" 145044 137662
"3c98cbbca43dd811" 167138 70748
"c7a933e669f3f8f9" 112333 185456 81710
"2283fa4f46c8fccf" 108463 160018
"c087d6c034a6fa91" 69 176094
"db4751231c48d4aa" 133013 88447
"8d9a74d3223a3532" 95774 46437
"2b8406a56976afa9" 22052 52542 88447
"949a0f8145c169ab" 37122 21599 111515
"3c4c9cedbf4853e6" 177782 67032
"029f60404543cd68" 81710 151593 23204
"0b925e223f632795" 122470 133013
"e8b741748c93642b" 82891 117765 145345
"d1f5b430dd9eb4d3" 101704 7356 31296
"ac38cf74ffb7bcfe" 60767 110860 168494
"9e23e9a18871c2ff" 52181 54281 165454
"0a7fd0a659d260d1" 160018 185456 69
"aa7b0bf60f4406b8" 118598 52542 117765
"eef18fe35e912764" 151593 133013 27843
"3887ee1796f6a14d" 165454 70748 152720
"0d35e517f38de92e" 63772 112333 167138
"715c5a9d43da7122" 137662 88452
"a470a5a69467d3c9" 108423 145044 168798
"5d02dfba0847e5ff" 88436 37122 176094
"bc3ad493adf03322" 111515 52181 95774