"aa015d79f9e68f72" 24 14 90 28 2098 156892 44 30 1237 1121 80 199627 10716 1138 80 231 102 184 114 2346 30 1800 42 1138 1179 1173529 -1 -1 0 0 0 0 8 6 9 7 7 8 6 4 5 5 0 0
"a60b0c3c0186f7ed" 27 386 166 184 11 6464 24 90 21667 761 80 199627 4 153 154 369 127 150 24 80 90 369 824 36 4 80 474 199372 1173530 -1 -1 0 0 0 0 9 8 8 8 7 7 4 2 8 3 0 0
"b4631e6945b999d6" 22 629 83 90 20 28 6302 80 212 28 1741 80 199627 859 465 51 15489 90 6044 51 554 5986 1179 1173531 -1 -1 0 0 0 0 7 4 9 6 6 5 6 3 4 4 0 0
"3b8e0505e09a623a" 28 127 28 29 5181 80 28 29 4932 80 234959 30 10022 80 199627 192 6 3376 14 80 199375 2432 4 76 80 74 4625 4097 1179 1173532 -1 -1 0 0 0 0 6 5 8 8 9 6 5 4 3 2 0 0
"0d6ee9c751992e6f" 23 4 421 603 3901 1048 80 276 590 824 36 603 425 199372 199627 11 1093 2917 2348 638 60 257 17883 1179 1173533 -1 -1 0 0 0 0 6 7 7 9 7 2 3 8 5 9 0 0
"5f640ea11a379a7f" 24 184 855 103 711 80 74 161 114 632 271 2995 80 199627 184 6174 102 51 5119 147 42 44 30 1121 1179 1173534 -1 -1 0 0 0 0 8 7 9 9 7 6 4 4 6 3 0 0
"5e39f982a43bbc11" 28 6 7 74 3143 80 74 161 19 4033 770 474 80 199627 859 1183 603 43 1334 492 77 80 518 114 2505 49 770 761 199372 1173535 -1 -1 0 0 0 0 9 6 9 8 7 5 5 3 4 4 0 0
"ee74c7adf4bb6ac7" 35 103 3821 68 340 937 621 161 80 68 2456 36 28 1841 90 1415 80 199627 249 808 369 208 474 19 30 1958 80 200438 83 6392 49 70 77 28 275 1179 1173536 -1 -1 0 0 0 0 5 6 7 9 9 3 3 9 7 8 0 0
"aae69eb3aa64fd96" 31 369 12 283 19 153 4 80 1183 14 150 246 1051 90 2203 80 199627 90 199375 1183 4 386 4 2458 19 96 60 70 25 150 319 1179 1173537 -1 -1 0 0 0 0 6 7 7 7 6 8 5 6 7 5 0 0
"fbe8c4baed57dbe9" 25 11 234845 60 36413 80 44 28 29 359 90 1895 80 199627 35832 14 44 154 1577 5002 80 74 7 19 1678 1179 1173538 -1 -1 0 0 0 0 6 5 7 6 6 6 5 4 6 5 0 0
"e49d7d54e64ff034" 34 386 4 443 108 19 14 456 550 21300 80 166 4 13 199372 199627 234836 102 297 914 3901 80 6119 61 49 74 7 19 212 709 11655 80 11 20 1179 1173539 -1 -1 0 0 0 0 5 5 4 8 8 5 3 6 9 8 0 0
"2fac44d0e0ad556c" 20 44 154 34096 80 1009 184 114 27 245 206 80 199627 768 3464 19 271 29 3271 235130 1179 1173540 -1 -1 0 0 0 0 7 5 7 7 6 6 5 4 6 6 0 0
"af8382dfb2268348" 28 28 857 102 60662 60663 80 629 44 3274 80 74 3609 90 10388 80 199627 102 51 4274 44 1741 80 747 19 4928 90 20399 1179 1173541 -1 -1 0 0 0 0 4 2 8 5 3 3 6 3 4 4 0 0
"e3c2483e9dbc98eb" 21 10347 30 3288 80 12148 19 30 1264 199627 184 2460 60 2746 80 103 104 28 897 80 20298 1179 1173542 -1 -1 0 0 0 0 7 5 8 7 7 6 4 4 3 3 0 0
"31157c758f1ac4f2" 34 4 251 14 19 1312 4 80 7646 83 150 6824 199627 249 184 6 2718 43 30 1232 5218 739 199627 352 391 4617 83 28 4207 80 11 709 11635 22172 1179 1173543 -1 -1 0 0 0 0 5 5 5 3 4 5 5 4 4 3 0 0
"355af5f06d0623eb" 17 184 389 212 451 80 630 88 6427 199627 27278 536 80 184 146 283 6427 1179 1173544 -1 -1 0 0 0 0 7 8 9 7 7 7 6 6 2 4 0 0
"b5eeb813b0acc430" 22 119 4 2718 43 369 208 144 199627 127 28 721 80 70 30 63 127 150 24 80 32 33 1179 1173545 -1 -1 0 0 0 0 7 9 7 8 8 7 4 4 3 3 0 0
"1c59147fbd7db2e9" 33 4 255 283 294 456 369 2118 28 34 199627 16520 11 280 747 36 30 340 39 782 199627 28 3467 146 1628 506 80 249 330 255 83 30 3714 1179 1173546 -1 -1 0 0 0 0 8 8 6 7 6 6 3 4 2 6 0 0
"e817317f4cd8722b" 20 127 192 396 4181 80 166 563 1439 60 42 199627 200468 36413 80 17 1409 4275 90 61 1179 1173547 -1 -1 0 0 0 0 7 6 7 7 7 6 3 5 2 4 0 0
"f171246bb4f27428" 26 352 153 559 19 1209 80 352 1895 60 102 51 13360 199627 517 42 102 51 4274 80 44 150 92 80 200450 208 1179 1173548 -1 -1 0 0 0 0 7 8 9 7 6 7 8 4 3 4 0 0
"5ee1e5f9305c8a1e" 20 1156 30 1237 1121 80 369 5877 28 33 5735 199627 102 51 10257 4274 80 747 19 5850 1179 1173549 -1 -1 0 0 0 0 9 7 8 7 6 6 6 7 3 3 0 0
"34513a53320015f4" 22 1310 4 391 3158 80 11495 76 173 279 199627 43 51 2364 80 1009 199375 630 4 49 74 3653 1179 1173550 -1 -1 0 0 0 0 7 7 6 6 6 5 5 3 2 6 0 0
"bf4e99a38e37811b" 24 756 2284 119 770 840 80 199375 255 20 33 199627 60662 60663 28 857 80 89 19 30 151 3752 77 4 1179 1173551 -1 -1 0 0 0 0 8 6 7 7 5 4 3 4 8 6 0 0
"c163378c0268cd02" 30 28 2098 156892 80 255 127 28 24 199627 4 251 14 19 1312 4 80 249 199375 146 6857 199627 1096 30 70731 80 184 15492 30 2662 1179 1173552 -1 -1 0 0 0 0 8 9 8 8 7 6 4 3 5 5 0 0
"d9d2c46ac8f187d0" 22 4522 102 51 5119 147 80 146 18 19 1183 199627 127 154 5935 44 28 600 80 747 19 4523 1179 1173553 -1 -1 0 0 0 0 9 7 7 6 5 5 3 3 5 4 0 0
"1e6564ecf4e30d03" 35 103 104 28 897 80 30 161 208011 453 60 476 199627 70 77 28 275 80 199375 232 1409 103 1010 1133 369 999 199627 27278 536 80 1629 14 12702 90 8072 1179 1173554 -1 -1 0 0 0 0 9 9 9 9 8 7 6 4 4 5 0 0
"28f4c44129207df9" 19 7219 30 340 39 35832 14 44 154 5002 80 199627 279 102 297 27358 80 227 275 1179 1173555 -1 -1 0 0 0 0 7 6 6 5 4 3 3 6 3 7 0 0
"fae64675d711ad14" 19 386 166 184 11 6464 24 90 3326 80 199627 1482 1093 2917 92 72 83 30 6865 1179 1173556 -1 -1 0 0 0 0 6 5 6 5 5 4 3 3 2 6 0 0
"1cf651049d747164" 25 70 30 63 127 150 24 80 74 1539 30 9443 80 199627 859 1895 49 4 756 30 176 80 344 271 1891 1179 1173557 -1 -1 0 0 0 0 8 9 7 8 7 6 4 3 3 5 0 0
"d0b07e7087ecd82a" 24 150 3901 1048 1834 80 249 4 153 199375 2995 42 80 199627 90 466 42 83 28 782 80 166 283 527 1179 1173558 -1 -1 0 0 0 0 7 8 7 6 7 5 4 3 2 6 0 0
"36ac95d019d59b46" 25 184 590 855 103 711 80 537 80 859 212 520 80 199627 20 51 6302 80 465 51 15489 80 166 120 208 1179 1173559 -1 -1 0 0 0 0 8 7 9 7 7 5 4 3 5 2 0 0
"13ec88d7e4906a18" 23 4 166 96 28 1445 80 6 563 152 80 199627 12 283 19 153 4 80 249 28 3467 146 222 1179 1173560 -1 -1 0 0 0 0 7 7 7 8 6 6 6 3 6 3 0 0
"fe50b83c7ae65080" 31 114 4 6081 19 28 1742 80 114 4 106 28 2602 80 199627 184 6 283 43 30 1232 208012 1786 80 192 36413 80 32 44 271 359 1179 1173561 -1 -1 0 0 0 0 8 9 7 8 6 4 5 3 4 5 0 0
"3393358355848bb9" 23 184 15785 60 2746 80 586 451 30 706 80 199627 184 389 7692 83 88 80 453 88 757 192 15539 1179 1173562 -1 -1 0 0 0 0 9 8 9 7 7 7 4 2 4 3 0 0
"9ca71e0d84d15e4a" 32 4 153 154 369 824 36 4 80 344 74 3757 80 199627 90 158 4 7 14 80 199375 208 474 19 30 1958 80 756 30 621 369 222 1179 1173563 -1 -1 0 0 0 0 8 9 7 8 6 5 6 4 7 4 0 0
"6f1ac239fa34e04c" 26 16520 2441 192 396 82 80 166 563 1439 60 42 80 199627 6174 790 102 51 5119 147 80 74 7 36 709 11655 1179 1173564 -1 -1 0 0 0 0 9 7 8 7 6 6 4 3 5 5 0 0
"d57cf53eba7446ad" 25 352 1895 60 102 51 13360 80 127 603 11199 13792 80 199627 184 389 7692 83 88 80 1031 30 226 235131 18194 1179 1173565 -1 -1 0 0 0 0 8 7 9 7 7 6 6 3 4 4 0 0
"fc3748a3bfece662" 24 481 150 517 42 102 173 17265 51 4274 80 199627 5935 83 28 600 80 60662 60663 28 857 80 10389 896 1179 1173566 -1 -1 0 0 0 0 7 6 8 6 5 6 5 3 5 5 0 0
"0514f825d75f21d7" 37 1096 30 70731 80 14129 275 4084 80 199627 1096 30 340 39 64 80 127 28 29 1022 80 74 35788 80 199627 158 4 767 42 80 199375 2432 4 76 80 74 13707 1179 1173567 -1 -1 0 0 0 0 8 7 8 8 6 5 5 4 5 5 0 0
"132d57f8cdfef7b5" 25 199375 1183 1957 43 16520 492 77 80 1267 20 1053 80 199627 200449 563 456 16520 2157 80 271 61 378 146 6997 1179 1173568 -1 -1 0 0 0 0 9 8 8 8 6 6 5 3 8 7 0 0
"59c9e32a486fa921" 31 369 12 283 19 153 4 80 200450 1082 42 30 4869 80 199627 200449 456 60 263 3257 80 70 30 5569 127 150 24 80 232 60 33123 1179 1173569 -1 -1 0 0 0 0 6 7 7 7 6 5 5 4 7 4 0 0
"6e88137044c029f4" 29 369 1069 42 541 80 1165 30 5032 80 199627 249 425 4 11 251 154 6033 90 7652 80 166 563 13 14 49 150 1534 600 1179 1173570 -1 -1 0 0 0 0 7 6 6 6 5 5 5 5 4 6 0 0
"ab9288a11c67a5e9" 36 16520 255 33 19 1167 80 146 6037 80 199627 563 456 352 95169 14 80 407 44 102 51 3242 80 199627 249 4 1267 61 60 1024 80 344 11 559 60 20 1179 1173571 -1 -1 0 0 0 0 9 7 8 7 6 5 6 3 6 3 0 0
"8fbdf6d5f6a6cebd" 28 184 955 42 53 30 779 80 807 192 4300 80 127 14 2594 80 199627 249 352 334 19 7538 89 80 283 9056 90 3326 1179 1173572 -1 -1 0 0 0 0 6 7 7 6 5 6 4 3 5 6 0 0
"2f4a2048677b044a" 48 369 6 153 28884 19 5432 36 30 246 768 30 1964 80 199627 41 25 28 4533 80 184 127 51 4830 43556 513 1733 1046 80 199627 90 102 831 23708 26913 80 369 232 51 5697 25 28 319 80 747 36 30 362 1179 1173573 -1 -1 0 0 0 0 8 9 8 7 6 5 5 7 5 7 0 0
"fea280f7c7f6c0b6" 27 369 492 60 19 30 31 80 425 369 166 629 89 80 199627 227 44 51 1010 80 1483 102 16520 255 2104 30 5228 1179 1173574 -1 -1 0 0 0 0 7 6 7 7 7 5 3 4 2 2 0 0
"7e3c49221961212d" 47 4 1734 406 80 2951 49 30 1262 915 80 425 150 235132 1598 80 199627 566 184 30 398 234951 120 61 8071 1138 768 120 60 216 30 3343 80 199627 5730 61 80 166 96 4541 768 43 997 42437 80 74 2317 1179 1173575 -1 -1 0 0 0 0 6 7 7 8 6 5 4 6 7 4 0 0
"d2ebe084eb049ca0" 46 369 7164 382 49 30 29416 891 80 70 19 2358 382 14417 80 199627 249 352 229 1030 711 80 49 382 21657 76 80 807 11 51 4203 80 199627 166 4 13 80 30 340 1594 4355 44 150 3386 90 5091 1179 1173576 -1 -1 0 0 0 0 4 5 6 5 8 3 2 6 8 6 0 0
"1c9c306bae93fcbb" 46 150 5248 5047 4438 6438 80 150 33 1861 29878 80 199627 249 859 2995 549 60 70 80 24 53 60 253 80 49 74 748 80 199627 1120 14 42 19 30 31 80 475 30 4484 4522 80 344 475 199375 2502 1179 1173577 -1 -1 0 0 0 0 6 7 8 7 7 5 3 4 6 3 0 0
"3ee5fcfe961f09ae" 31 4 996 28 488 90 151 33 3637 80 166 3380 80 199627 158 154 4325 998 19 212 14 80 3582 14 849 80 199373 20 747 19 4300 1179 1173578 -1 -1 0 0 0 0 8 8 7 6 5 5 3 2 4 3 0 0
"b925e36a7e17778a" 35 43 119 4 390 80 559 558 184 553 80 66 271 3262 77 3055 80 199627 4593 76 19 28 345 129 80 476 12686 80 255 127 28 24 80 74 22472 1179 1173579 -1 -1 0 0 0 0 7 7 6 8 5 6 4 5 3 2 0 0
"f4de22c02849f9b1" 48 28 235035 127 541 80 18815 154 2752 80 166 250 249 1898 80 199627 509 369 465 42 80 807 30 443 4872 154 369 7 80 369 1596 80 199627 70 297 12084 80 166 638 51 8871 19 382 80 28 960 77 3671 1179 1173580 -1 -1 0 0 0 0 9 9 8 7 6 4 2 3 6 3 0 0
"9355ce98b2a75723" 16 28 2971 5595 102 50583 80 199627 398 255 1110 386 369 521 192 6392 1179 1173581 -1 -1 0 0 0 0 7 6 6 6 6 5 4 3 3 3 0 0
"d303e543b8d58a77" 20 150 3108 127 14 2139 44 51 3480 80 199627 120 14 212 4 19 28 348 90 1394 1179 1173582 -1 -1 0 0 0 0 8 8 7 7 5 6 4 4 4 3 0 0
"5ab876d301f0a839" 20 158 30 3343 996 19 707 90 6634 80 199627 30 4156 83 30 7065 477 5832 28 26312 1179 1173583 -1 -1 0 0 0 0 7 6 6 5 4 6 3 3 2 3 0 0
"e1b77084acbf53c8" 22 199374 146 360 51 915 656 102 154 80 199627 43 119 4 10561 80 558 369 453 28 656 37947 199372 1173584 -1 -1 0 0 0 0 8 7 8 6 5 5 4 2 3 2 0 0
"1013e022d70003e8" 21 150 235133 102 243 49601 80 192 4024 90 3274 80 199627 127 14 11168 80 166 3651 36 722 1179 1173585 -1 -1 0 0 0 0 9 8 8 7 5 4 4 3 4 3 0 0
"eb61a217741dfa9e" 19 10981 14 44 4484 80 120 14 4522 80 199627 283 150 82 1031 369 3714 90 782 1179 1173586 -1 -1 0 0 0 0 6 5 8 6 8 4 3 2 4 2 0 0
"c9c0458c0641a898" 22 4 127 14 2359 80 166 3380 80 199627 158 4 2913 14 19 212 51 707 80 199373 516 222 1179 1173587 -1 -1 0 0 0 0 7 7 7 6 5 5 4 2 3 2 0 0
"b81fa6bad7df78cf" 32 28 235035 127 5269 102 74 161 1499 80 199627 154 2091 590 8951 80 369 114 1015 80 199627 6 563 152 19 1015 14 369 229 382 199790 447 1179 1173588 -1 -1 0 0 0 0 9 9 8 7 6 3 2 2 4 3 0 0
"8e3775dbd14e364d" 21 629 24 49 14 19 28 1022 80 199627 283 150 82 80 481 83 51 1183 80 74 16628 1179 1173589 -1 -1 0 0 0 0 7 5 7 5 6 5 3 3 4 4 0 0
"c2d2222eb6d7a598" 40 383 334 51 463 77 4 80 199627 4 1253 90 1734 406 80 2098 80 344 33 80 199627 369 955 382 53 30 779 80 2139 382 4527 80 199627 425 807 5076 2258 44 28 1895 1179 1173590 -1 -1 0 0 0 0 7 6 7 6 7 6 3 4 5 5 0 0
"22edcb8841494e82" 22 807 127 14 1156 382 3483 80 166 3380 80 199627 4 153 154 235035 499 80 386 844 369 3757 199372 1173591 -1 -1 0 0 0 0 8 7 8 6 7 7 4 4 5 4 0 0
"2593196ba8576e6d" 27 283 154 4181 80 283 154 2353 80 199627 509 369 465 42 102 51 22819 997 44 997 30 997 2264 80 749 369 208 1179 1173592 -1 -1 0 0 0 0 6 6 6 7 7 6 3 2 3 2 0 0
"8d0c28a0e80b779d" 26 6 1015 14 369 229 30 161 90 443 80 199627 200449 184 24 53 60 253 80 19826 80 103 521 706 229 18010 1179 1173593 -1 -1 0 0 0 0 7 6 7 6 7 6 3 3 4 5 0 0
"28d43447ac7917e8" 16 28 246 835 74 3604 80 199627 49 70 297 8923 76 12084 90 4355 1179 1173594 -1 -1 0 0 0 0 8 8 7 6 6 7 2 2 6 6 0 0
"8b111069e2351523" 24 16520 227 30 1010 80 369 127 154 1749 44 14 80 199627 5730 61 104 70 369 7 80 166 4 13 199372 1173595 -1 -1 0 0 0 0 9 9 9 8 7 6 4 5 8 6 0 0
"a9379a0e672645e9" 19 28 61 573 5927 513 30 7065 80 199627 369 11 12 13 28 3386 90 20 235134 1179 1173596 -1 -1 0 0 0 0 8 7 6 6 6 5 3 4 7 6 0 0
"5c4eb8407de56601" 24 28 234829 12236 80 369 166 212 74 511 80 199627 369 166 283 72 103 1895 80 550 11 51 1572 18793 1179 1173597 -1 -1 0 0 0 0 6 7 8 6 5 5 3 3 4 5 0 0
"ae4fe35eadba18d7" 23 1267 460 51 32449 19 476 12686 80 199627 798 835 807 499 80 127 88 44 382 6392 5985 70 1237 1179 1173598 -1 -1 0 0 0 0 6 8 6 4 4 7 3 3 4 5 0 0
"017247807765cf6f" 23 14 90 28 915 80 1334 11 227 544 80 199627 212 4 19 28 348 90 1183 4 559 184 20 1179 1173599 -1 -1 0 0 0 0 7 6 6 5 6 5 3 3 6 4 0 0
"cc1e98dbcb3f9904" 21 352 407 83 3274 102 51 31427 80 199627 290 255 2913 386 4 1343 49 50 51 340 30731 1179 1173600 -1 -1 0 0 0 0 7 7 7 6 6 6 5 2 4 5 0 0
"5142f5feda4cf7fd" 24 5248 5047 6438 80 4 166 1678 74 511 80 199627 173 192 1829 80 11 102 243 49601 80 344 36 561 1179 1173601 -1 -1 0 0 0 0 6 7 5 6 5 5 3 6 4 5 0 0
"4d832e7ad5e698f4" 21 369 1069 42 541 36 103 521 706 80 199627 509 369 465 42 80 630 30 4180 44 3428 1179 1173602 -1 -1 0 0 0 0 9 9 8 7 6 5 2 4 7 7 0 0
"38a794dba8e6abc1" 23 1467 382 70 30 29416 891 44 275 80 199627 249 158 60 996 19 70 35 1050 80 2201 808 3824 1179 1173603 -1 -1 0 0 0 0 8 7 6 5 6 6 4 3 6 5 0 0
"0066e858a9940066" 25 28 235035 127 154 2091 8951 80 807 28 1895 768 222 80 199627 425 16520 1590 83 28 1180 80 1418 60 474 1179 1173604 -1 -1 0 0 0 0 7 9 8 7 9 6 3 3 6 5 0 0
"080e27a488ea5172" 22 6 7 154 1829 915 49 382 9995 76 80 199627 184 30 398 80 184 153 43 550 70 178 1179 1173605 -1 -1 0 0 0 0 6 7 6 9 8 5 2 4 5 6 0 0
"9bf095d21865cca5" 24 4 998 19 436 14 80 249 369 2995 549 80 199627 1120 14 42 19 30 31 49 297 4484 90 61 1179 1173606 -1 -1 0 0 0 0 8 9 9 8 7 8 4 3 7 4 0 0
"7e6be15f6b598b70" 18 66 150 7199 83 30 5130 80 199627 104 60 2862 513 30 4156 83 30 7065 199372 1173607 -1 -1 0 0 0 0 7 7 6 5 6 6 3 8 4 7 0 0
"fc56f26992f2dfeb" 20 1267 1183 61 19 154 51 997 3057 80 199627 4 5824 80 4 421 14 2283 90 1331 1179 1173608 -1 -1 0 0 0 0 6 7 8 8 8 5 4 4 6 3 0 0
"957f6f3493e85c4d" 21 1267 212 51 6517 80 1679 28 3752 80 199627 4 153 369 2629 558 80 249 1042 16520 34919 1179 1173609 -1 -1 0 0 0 0 7 6 7 7 4 5 2 3 4 6 0 0
"b0eb42615b5df895" 21 234840 1779 80 102 369 68 120 89 80 199627 90 150 1191 590 20 30 161 19 1828 425 1179 1173610 -1 -1 0 0 0 0 6 7 7 7 5 7 3 5 4 6 0 0
"12259a9a7dc71955" 20 166 120 103 1047 4849 14 80 199627 275 5269 2012 80 249 369 22 120 60 3617 14 1179 1173611 -1 -1 0 0 0 0 8 7 7 6 5 6 3 4 5 6 0 0
"c4d0ee1b42b58e98" 17 235135 44 30 362 2144 4869 80 199627 17677 90 17674 1687 1334 3491 1059 1364 1179 1173612 -1 -1 0 0 0 0 6 6 8 6 6 5 2 3 4 4 0 0
"5fd792b2c09e3b52" 24 227 44 51 39 77 9270 4742 80 199627 475 235136 1820 283 26235 90 11878 80 11 102 26893 44 30 1899 1179 1173613 -1 -1 0 0 0 0 9 5 5 6 6 5 2 8 3 9 0 0
"d3c0ee337c431bda" 22 166 967 19 297 515 74 511 80 199627 330 70 2948 14 77 4 80 249 344 6234 19 2174 1179 1173614 -1 -1 0 0 0 0 8 7 6 7 6 5 2 4 4 5 0 0
"745c190f1e324470" 26 30 28242 5960 80 369 11 152 19 46 44 8 921 80 199627 199375 119 845 19 232 42 80 563 1679 245 9865 1179 1173615 -1 -1 0 0 0 0 6 6 7 7 6 5 2 4 5 4 0 0
"ce87a3b2b86e1225" 30 369 421 4 3167 44 28 1964 80 14125 14 199375 146 283 60 474 80 199627 249 4 235137 44 28 34 80 369 6 7 150 4537 1179 1173616 -1 -1 0 0 0 0 7 6 6 6 6 5 2 4 4 5 0 0
"98168e068b7eb0b4" 26 4 3373 14 30 6829 77 30 1389 80 199627 249 369 166 3177 83 1162 1818 80 550 11 174 2780 36 28 18743 1179 1173617 -1 -1 0 0 0 0 8 6 5 6 6 5 2 4 4 8 0 0
"106b3975d7b3f4aa" 23 369 6 12 96 19 707 150 92 80 199627 192 223 4 630 103 1022 80 4 71 1183 245 4595 1179 1173618 -1 -1 0 0 0 0 6 8 7 7 6 5 3 2 5 5 0 0
"8c5afdc9498feb7d" 23 859 8971 849 19 30 1800 83 51 10860 80 199627 456 330 215 4300 42 80 200450 212 154 3339 3610 1179 1173619 -1 -1 0 0 0 0 5 6 7 5 6 5 2 1 5 3 0 0
"bdbb7560ea9142cb" 22 369 114 1015 551 107 1262 49 318 80 199627 90 199375 780 235138 158 4 6 460 14 243 3381 1179 1173620 -1 -1 0 0 0 0 7 8 7 7 6 6 6 3 2 4 0 0
"61d455a116bb8c36" 22 330 70 12 153 43 16520 178 80 199627 291 80 16520 53 30 31 80 229 74 7 19 4593 1179 1173621 -1 -1 0 0 0 0 7 7 9 7 7 8 5 3 4 4 0 0
"7341f25daf7a4cd3" 25 1334 3919 80 166 637 632 103 1183 80 199627 192 223 4 630 103 1022 80 4 71 11 185 10525 74 1179 10525 1173622 -1 -1 0 0 0 0 8 8 9 8 8 8 3 2 3 3 0 0
"c7aa286fa54be7a4" 24 16520 30 34150 129 80 255 89709 44 30 2353 80 199627 74 511 19 185 80 11 1629 14 509 369 920 1179 1173623 -1 -1 0 0 0 0 8 7 7 6 8 6 2 2 5 3 0 0
"2f9c087e644a8ac6" 23 638 83 6392 80 1334 1617 408 57182 24 19 53101 80 199627 49 1231 1232 80 859 146 20 172 253 1179 1173624 -1 -1 0 0 0 0 6 6 7 6 7 6 2 2 4 3 0 0
"99fb9af1d7aadf0a" 29 369 146 5430 30 1818 77 30 1766 30806 80 199627 330 185 369 1268 51 129 3119 9477 80 249 860 146 283 30 634 77 14 1179 1173625 -1 -1 0 0 0 0 7 6 5 6 7 6 4 5 5 5 0 0
"acd558d7dd7cc45c" 24 11 232 200438 83 6392 80 200450 96 71 30495 80 199627 28 246 573 19 4 80 7420 80 252 97 13576 1179 1173626 -1 -1 0 0 0 0 7 8 7 8 7 7 4 3 5 7 0 0
"7cdb3f7cfadd06af" 30 481 14 83 30 3357 80 16520 747 19 4928 19 836 80 199627 369 394 382 19 208 283 245 11427 525 80 859 7538 70 30 4879 1179 1173627 -1 -1 0 0 0 0 8 7 8 7 8 7 3 1 6 5 0 0
"45dbd1d82ea4d31e" 26 4 436 14 102 51 5854 80 102 4 255 119 80 199627 27413 7089 80 90 150 228 92500 144 28 246 80 174 1179 1173628 -1 -1 0 0 0 0 6 6 5 6 6 6 2 2 4 4 0 0
"e108d6384a2127ea" 29 1024 80 22 4 460 14 51 3755 80 199375 453 561 4 757 4300 80 199627 208 283 154 82 80 859 212 30 39 25 2022 1179 1173629 -1 -1 0 0 0 0 8 7 7 6 8 7 4 2 6 4 0 0
"e184bc5a6b34f404" 28 859 212 24 33330 80 1183 1957 276 3120 80 199627 166 637 212 770 89 80 18815 17 51 19397 102 4 80 53 51 6854 1179 1173630 -1 -1 0 0 0 0 6 6 7 6 7 6 3 1 4 4 0 0
"4fb0b751c7d63892" 31 4 996 499 563 139 24 456 80 199627 425 16520 53 30 31 90 4 11 119 43 4 119 80 199627 1299 831 1299 831 80 279 554 1179 1173631 -1 -1 0 0 0 0 7 7 7 6 7 7 3 4 4 5 0 0
"ed3604e29d3fbe02" 19 16520 30 34150 129 44 30 1877 80 199627 2441 4 106 30 2651 80 212 51 2389 1179 1173632 -1 -1 0 0 0 0 5 6 6 5 6 6 2 2 3 3 0 0
"6d26ce82c72e3ebd" 24 114 369 283 51 3755 80 453 28 621 106 1766 80 199627 1357 14 24 19 235139 80 223 70 30 1081 1179 1173633 -1 -1 0 0 0 0 6 8 6 6 6 7 4 3 6 5 0 0
"56d251585010ea1f" 21 70 77 51 17054 16520 231 192 3274 80 199627 90 4 638 83 80 232 14 408 1617 1262 1179 1173634 -1 -1 0 0 0 0 8 9 9 7 8 7 2 3 8 6 0 0
"2c6d5df5f59da21e" 30 369 1082 83 30 8595 80 909 36 245 962 80 199627 249 70 369 421 104 30 1299 831 4355 80 90 4 2659 14 102 51 5854 1179 1173635 -1 -1 0 0 0 0 7 8 9 8 8 9 5 2 6 3 0 0
"9c680f3c4fb76cc9" 23 551 107 1262 49 4 80 166 4 13 80 199627 4 3373 14 1274 80 249 425 173 1503 14 1162 1179 1173636 -1 -1 0 0 0 0 8 9 8 7 7 5 3 3 7 4 0 0
"971eee1b69d34ed4" 25 44 28 34 80 173 11 51 4630 80 199627 249 369 2551 4 844 481 14 83 60 80 1183 14 245 1325 1179 1173637 -1 -1 0 0 0 0 6 7 7 8 6 7 2 4 9 3 0 0
"23899bca9a4bae65" 32 166 637 632 103 1183 80 184 232 83 1618 1619 80 199627 330 185 369 1268 51 129 3119 9477 80 249 4 232 83 3846 28 151 235140 5261 1179 1173638 -1 -1 0 0 0 0 9 9 8 6 7 8 4 3 3 3 0 0
"a9903537554c5252" 18 629 83 80 1082 474 24 406 80 199627 200450 3569 408 70 103 4740 2167 956 1179 1173639 -1 -1 0 0 0 0 6 7 8 7 6 6 4 5 4 2 0 0
"eb62aa170a872c0d" 22 369 56 4633 42 51 226 4687 44 51 1616 80 199627 34150 129 80 255 12147 42 1716 90 54857 1179 1173640 -1 -1 0 0 0 0 7 6 6 5 8 7 1 4 4 3 0 0
"32f9eab699502528" 24 6 4 299 2118 735 74 30806 80 199627 6 1028 541 4 421 83 30 1330 8595 80 550 70 11 2025 1179 1173641 -1 -1 0 0 0 0 6 6 7 8 7 9 4 9 4 9 0 0
"2d0af37a59470a3f" 23 16520 30 161 966 70 332 178 80 199627 249 369 215 11 4300 42 90 630 103 3057 252 51 5430 1179 1173642 -1 -1 0 0 0 0 8 9 8 7 6 5 1 3 7 3 0 0
"a928614cfec393bc" 35 848 566 3852 475 184 106 192 1366 80 199627 551 51 108 972 859 453 60 76 77 749 80 199627 509 722 509 184 638 83 90 146 460 44 19 748 1179 1173643 -1 -1 0 0 0 0 9 9 8 7 7 6 2 2 6 4 0 0
"a0affa44f6706f3a" 21 184 2015 71 30495 513 526 80 199627 249 788 206 28 246 573 76 60 1483 102 51 3056 1179 1173644 -1 -1 0 0 0 0 7 8 8 6 6 6 2 2 6 2 0 0
"ebab5541a6b06bbb" 25 632 154 80 386 6 4 11 7357 60 199372 199627 184 56 656 19 86675 86676 90 146 757 24 80 1057 12536 1179 1173645 -1 -1 0 0 0 0 8 9 8 6 7 7 4 4 7 6 0 0
"caf02c10005e7299" 21 28 234829 27603 182 4314 80 4 70265 80 199627 249 17883 184 590 3177 103 36940 80 17 53860 1179 1173646 -1 -1 0 0 0 0 7 7 8 6 8 7 3 3 6 4 0 0
"4a663950482c8abc" 30 184 1267 212 24 33330 761 80 199627 223 4 630 103 1022 80 200450 453 60 474 199627 90 630 70 30 3701 804 44 30 2437 2203 1179 1173647 -1 -1 0 0 0 0 7 7 8 7 7 6 3 3 7 5 0 0
"43780b0151b98856" 36 199375 2651 424 2091 102 28 646 104 34201 80 199627 70 30 139 408 57182 24 19 53101 80 859 453 60 144 199627 563 158 184 1267 3177 103 36940 80 550 33 1179 1173648 -1 -1 0 0 0 0 9 9 8 7 7 5 1 2 7 4 0 0
"dfa5aef0f81a2e13" 25 11 32506 83 30 108 403 184 484 80 199627 90 425 369 127 28 29 5174 80 229 74 7 19 20 3701 1179 1173649 -1 -1 0 0 0 0 6 7 8 5 7 6 5 4 6 5 0 0
"dfdb55468e9421c3" 23 456 90428 90429 90 90430 879 80 199627 70 28 4135 90 4543 330 11 4995 90 2797 102 51 1407 3414 1179 1173650 -1 -1 0 0 0 0 9 9 9 7 8 9 9 5 8 6 0 0
"912c938de891b16f" 23 369 1057 28 275 80 4 153 43 16520 178 80 199627 199375 630 4 21310 102 51 2976 80 74 5430 1179 1173651 -1 -1 0 0 0 0 7 6 8 5 6 4 5 4 7 6 0 0
"041943637f43158f" 27 184 232 30 1376 64 80 146 590 632 80 199627 231 192 1138 80 102 16520 19822 4699 80 1267 453 60 19 30 31 1179 1173652 -1 -1 0 0 0 0 8 7 9 6 7 7 6 3 5 4 0 0
"372a5b2155af5f3c" 26 352 251 70 103 80 352 166 283 527 80 199627 425 330 70732 14 285 330 166 283 527 80 330 166 283 527 1179 1173653 -1 -1 0 0 0 0 6 6 7 5 6 6 5 4 6 5 0 0
"a49b6a1f653798f8" 24 90 352 13113 20374 456 1334 70 172 80 199627 369 22 120 208 1501 184 283 51 39948 89 19 30 2898 1179 1173654 -1 -1 0 0 0 0 7 8 8 7 7 6 8 2 4 3 0 0
"7577a460b9629a34" 29 16520 1329 19 2505 4 80 249 173 808 4341 297 811 80 199627 90 199375 1032 4 42 1501 173 911 77 18591 80 6 20 1301 1179 1173655 -1 -1 0 0 0 0 5 6 7 4 5 4 7 3 3 3 0 0
"b666a44dd2d1225b" 24 798 267 460 42 80 1767 590 232 30 2919 1366 80 199627 90 70 30 2110 956 51 71 139 19 3177 1179 1173656 -1 -1 0 0 0 0 6 7 7 6 6 4 6 6 4 5 0 0
"8ca4cb27bcb42e43" 27 2505 150 915 80 150 235035 915 80 90 382 7064 174 199627 456 60 2287 19 280 1683 80 537 4 153 184 280 3535 1179 1173657 -1 -1 0 0 0 0 4 5 6 3 4 3 8 3 3 3 0 0
"70a9fda49e687086" 23 4 232 14 7005 80 537 28 234826 70 57263 199627 4 5824 154 90 60 11336 80 537 4 596 153 1179 1173658 -1 -1 0 0 0 0 8 7 8 6 7 7 6 4 7 5 0 0
"af8e3ef6a7c65fe0" 24 369 904 19 390 199373 146 27 815 154 6762 199627 249 874 723 80 4 1467 14 154 61 114 20 6220 1179 1173659 -1 -1 0 0 0 0 9 8 8 7 6 7 5 4 9 5 0 0
"9c4a084411c3a87a" 29 144 70 30 6164 90 30 6163 80 1334 808 749 199627 90 456 184 453 60 144 80 200450 11 5810 76 10525 45545 45545 83361 2743 10525 1173660 -1 -1 0 0 0 0 7 6 7 8 5 6 4 7 5 6 0 0
"cd59c87c4f776b1c" 40 199374 255 68 192 15816 80 537 28 5405 229 74 3757 199627 249 456 369 350 103 2651 80 11 1629 70 30 4180 1532 199627 1183 150 92 80 185 60 19 28 92 80 6 1678 1179 1173661 -1 -1 0 0 0 0 8 6 8 4 6 6 5 3 4 5 0 0
"fe56b42aab8ed453" 26 70 297 290 44 8 4485 80 330 166 4758 30 5002 199627 424 167431 80 330 11 4029 80 184 229 3836 74 206 1179 1173662 -1 -1 0 0 0 0 7 8 7 5 6 7 3 3 3 4 0 0
"e0894fb11972e88d" 29 4 146 1310 891 56 2174 80 4 484 16065 42 599 199627 249 456 4 13 559 184 1003 80 860 20 5970 849 80 192 5720 1179 1173663 -1 -1 0 0 0 0 8 7 9 5 6 5 5 4 4 6 0 0
"9bcaf5d58f4f5bb3" 35 6886 42 44 30 4861 80 60 229 2253 19 3824 199627 249 184 2995 549 80 280 3725 788 1237 199627 304 4 280 1253 42 80 537 344 11 559 184 1895 1179 1173664 -1 -1 0 0 0 0 7 9 9 8 6 8 4 3 2 4 0 0
"dfb8752912d64d9e" 32 798 22 460 42 83 79 908 80 74 1539 30 1772 199627 90 456 798 961 60 476 80 5941 20 458 44 2353 80 537 70 911 77 18591 1179 1173665 -1 -1 0 0 0 0 6 8 6 7 8 7 4 1 2 3 0 0
"f3ddbd2e8889e526" 40 90428 90429 90 90430 80 344 271 1010 1264 199627 90 184 492 60 70 30 139 408 30 4861 80 768 192 60 786 199627 874 723 80 518 234919 1310 80 2201 20 227 271 18514 908 1179 1173666 -1 -1 0 0 0 0 7 9 8 9 7 9 4 3 4 4 0 0
"59bb261357471304" 35 271 4047 32629 25 4097 80 184 166 520 199627 249 184 5640 603 76 49 1180 80 120 54 1376 212 8 19366 199627 232 30 1376 64 80 146 632 30 490 1179 1173667 -1 -1 0 0 0 0 5 6 8 7 6 8 3 2 3 2 0 0
"774c4fa9db9388db" 52 150 3235 83 1745 80 550 102 51 613 2976 199627 90 425 330 586 3619 80 277 19 988 14 36 85501 199627 249 16520 11 2348 283 49 4 80 31808 2505 4 761 199627 30 4275 229 1030 51 1330 158 369 6 96 4 25 28 319 1179 1173668 -1 -1 0 0 0 0 8 4 9 6 6 7 4 2 6 1 0 0
"3098a8a891a62b36" 28 146 1310 2201 453 60 476 80 11 4037 19 3177 199627 249 456 4 13 475 1334 53 425 80 150 34 7657 378 20 5970 1179 1173669 -1 -1 0 0 0 0 6 8 7 7 6 7 4 2 3 4 0 0
"f6c067c03bf16111" 23 807 127 14 2359 80 166 3651 154 7775 80 199627 456 352 13113 20374 80 1267 656 102 51 8827 174 1179 1173670 -1 -1 0 0 0 0 7 6 8 7 7 6 7 2 2 3 0 0
"2ebdd61a7aa8d615" 19 28 235102 3151 80 166 637 4204 80 199627 127 294 12089 9409 80 28 490 192 16927 1179 1173671 -1 -1 0 0 0 0 7 5 5 6 6 6 3 1 4 2 0 0
"cb6ca35f1b9d881f" 26 369 127 82 90 1657 80 11 460 14 51 972 80 199627 120 51 321 304 212 520 80 199375 1183 4 245 4931 1179 1173672 -1 -1 0 0 0 0 9 8 7 6 7 6 3 3 7 4 0 0
"7c66f4e23a39e245" 29 184 166 232 227 103 139 80 192 1351 90 1899 80 199627 184 70 7 815 19 638 80 815 518 816 770 80 184 7 161 1179 1173673 -1 -1 0 0 0 0 5 7 6 8 6 7 3 3 6 7 0 0
"f143889caaa990e8" 27 3571 5058 80 1183 150 92 80 518 4 2348 5854 199372 199627 70 603 6405 4 14125 80 550 70 15140 80 344 51 3757 1179 1173674 -1 -1 0 0 0 0 7 5 4 6 5 6 3 3 2 2 0 0
"3f41f0041b73ac74" 25 456 369 1751 154 10270 80 550 102 51 7534 80 166 3380 80 199627 249 808 80 369 32 340 80 146 3604 1179 1173675 -1 -1 0 0 0 0 8 4 8 5 5 6 4 2 4 3 0 0
"fec3ca2255b09005" 21 369 13 144 70 30 4355 90 6733 80 199627 1120 14 245 4181 80 199375 453 60 70 22521 1179 1173676 -1 -1 0 0 0 0 6 5 4 6 7 4 3 3 3 2 0 0
"0b467194fca5a56d" 27 150 61 10290 14 1577 80 550 28 11015 77 2203 80 199627 90 199375 8407 4 49 541 80 563 28 1819 80 788 1237 1179 1173677 -1 -1 0 0 0 0 9 5 7 8 6 7 3 3 8 8 0 0
"f5c9998ec6acf9fa" 24 369 782 70 621 80 1409 154 4478 90 4139 80 199627 127 82 83 28 34 80 74 206 36 3827 5027 1179 1173678 -1 -1 0 0 0 0 8 7 7 6 7 7 3 2 4 4 0 0
"0219adc907e87df4" 23 28 235102 161 77 51 960 80 166 20 30927 80 199627 127 294 12089 9409 80 249 28 521 235002 7467 1179 1173679 -1 -1 0 0 0 0 7 5 7 5 6 8 4 3 4 3 0 0
"0968410a51b41cc4" 28 16520 321 90 3811 80 127 4572 83 28 34 80 199627 277 19 453 4 1745 80 199375 21838 42 1084 150 246 90 150 34 1179 1173680 -1 -1 0 0 0 0 6 7 6 6 6 5 5 4 8 6 0 0
"8629ea28dc6e1a21" 26 16520 30 4044 77 30 3455 80 1376 11 232 751 80 199627 192 120 14 212 520 80 127 150 3012 90 1819 1617 1179 1173681 -1 -1 0 0 0 0 8 6 8 6 7 5 5 3 3 4 0 0
"074395f1776682ac" 22 28 235141 102 51 2231 80 5268 90 8986 1138 80 199627 127 70 297 290 4193 4485 80 166 3380 1179 1173682 -1 -1 0 0 0 0 7 6 7 7 5 4 5 3 4 4 0 0