"c27add50459c4b80" 18 102317 2743 1085 102 51 3810 129 80 199627 229 279 2891 770 90 271 15462 3262 1179 1173683 -1 -1 0 0 0 0 6 6 9 7 8 8 2 3 3 4 0 0 0 0 0 0
"fdc6beea743462f8" 24 3791 127 14 231 102 369 7240 42 80 199627 120 14 1015 4 80 369 153 559 19 1003 103 1146 13183 1179 1173684 -1 -1 0 0 0 0 8 6 8 6 7 6 3 4 2 3 0 0 0 0 0 0
"ad6416874153c11c" 23 369 229 146 360 51 950 5843 102 154 80 199627 1009 184 114 3002 42 245 4181 80 11 102 154 1179 1173685 -1 -1 0 0 0 0 5 8 7 6 8 7 5 3 3 4 0 0 0 0 0 0
"9e3893c437fd8ffb" 22 184 255 283 43 184 251 80 74 6276 80 199627 271 47 144 103 1051 1303 10982 80 252 38945 1179 1173686 -1 -1 0 0 0 0 7 7 9 8 7 7 4 6 5 6 0 0 0 0 0 0
"8a313f2dce4587f3" 31 5816 80 28814 80 127 235142 2743 199627 184 27465 83 154 554 711 49 74 8731 80 199627 90 4 153 184 629 823 80 74 138765 768 27418 1179 1173687 -1 -1 0 0 0 0 9 8 9 7 8 8 5 4 3 4 0 0 0 0 0 0
"631a12f4b853e8ae" 37 1009 184 956 61 474 475 184 566 80 199627 3617 60 19 28 4601 80 120 88 212 60 633 80 199627 98390 2743 98390 2743 184 2995 549 80 184 4522 102 51 147 1179 1173688 -1 -1 0 0 0 0 8 7 7 8 7 6 6 5 8 7 0 0 0 0 0 0
"5f0c819bc5e5c9e6" 20 90 5843 150 2091 102 551 74 2628 80 199627 352 56 283 1138 340 691 80 74 4743 1179 1173689 -1 -1 0 0 0 0 6 8 9 7 8 8 2 4 3 4 0 0 0 0 0 0
"2c25a975bddb1088" 38 4 51 4373 425 80 229 74 1091 24 80 199627 330 2143 386 16520 823 19 836 80 229 74 3452 80 199627 4 114 20 294 53 14 80 249 4 166 3380 30 6183 1179 1173690 -1 -1 0 0 0 0 7 9 7 8 7 6 7 6 4 7 0 0 0 0 0 0
"a19941158fe15401" 19 20 4044 36977 80 344 559 184 119 60 80 199627 235143 721 80 184 255 12470 60 1179 1173691 -1 -1 0 0 0 0 6 6 9 7 6 8 4 3 5 5 0 0 0 0 0 0
"0a697741aa79e944" 32 90 16520 1085 348 19 20 49 4 80 28 2600 80 199627 90 780 3508 102 184 127 74 748 80 199627 7536 28 6824 80 859 20 257 1274 1179 1173692 -1 -1 0 0 0 0 7 7 7 9 7 6 5 4 9 5 0 0 0 0 0 0
"8331873c9b03bf7b" 23 184 996 6510 80 11 102 30 621 369 10809 848 3696 80 199627 90 4 1267 153 80 859 255 6170 1179 1173693 -1 -1 0 0 0 0 8 6 7 8 8 5 4 3 8 6 0 0 0 0 0 0
"e6abac91f9584d78" 35 506 80 344 42787 19826 80 30 4044 77 30 358 80 199627 14126 743 559 19 20 1777 49 74 26960 80 199627 90 158 173 51 9770 80 71 1629 150 24 1179 1173694 -1 -1 0 0 0 0 7 6 9 6 8 7 6 4 4 4 0 0 0 0 0 0
"7db0eb1e30603094" 21 718 20 28 5582 80 229 74 4635 80 199627 249 158 4 146 460 42 80 859 146 5637 1179 1173695 -1 -1 0 0 0 0 8 8 8 7 7 5 3 2 3 3 0 0 0 0 0 0
"bd47ac37cb5dffd2" 25 10716 24 90 8605 49 4 80 1024 80 199627 249 4 808 2913 475 16520 408 80 6977 290 76 102 51 4274 1179 1173696 -1 -1 0 0 0 0 7 7 8 7 7 4 5 4 5 4 0 0 0 0 0 0
"00ea33f5416f6b49" 27 369 120 154 291 11456 28 34 80 199627 4 49 154 7032 711 80 199627 5413 14 76 49 150 1818 80 163 14 804 1179 1173697 -1 -1 0 0 0 0 6 7 7 8 6 5 6 2 5 3 0 0 0 0 0 0
"7060b3b18fa58375" 27 4 255 2913 475 16520 408 80 199627 249 456 369 216 4 49 5085 80 4 11 208 235144 80 28814 2743 1261 90 855 1179 1173698 -1 -1 0 0 0 0 6 9 7 6 5 8 5 3 3 4 0 0 0 0 0 0
"4b99221a091db7bd" 34 158 4 146 460 42 83 14 80 199627 369 990 19 20 2645 36 11 161 206 80 199627 249 158 369 630 49 88 80 6 1828 14 36 30 307 1179 1173699 -1 -1 0 0 0 0 7 9 6 8 7 8 6 4 6 3 0 0 0 0 0 0
"4a5c841cc0e4f0d3" 30 4 558 153 16520 192 53541 80 199627 90 550 3807 559 369 114 780 51 1344 80 199627 28 1657 104 36979 80 16520 3919 80 36 561 1179 1173700 -1 -1 0 0 0 0 6 8 9 6 5 6 5 5 4 4 0 0 0 0 0 0
"c7ff68d72bd63bf5" 42 3791 127 14 8986 1138 80 231 28642 80 199627 352 56 283 1138 44 243 5656 80 184 83 245 4839 587 205288 205288 19212 80 199627 90 4 153 184 629 747 49 271 721 80 4201 90 15114 1179 1173701 -1 -1 0 0 0 0 8 8 9 9 7 7 5 3 3 7 0 0 0 0 0 0
"b7b06c8b7f903e1d" 43 90 16520 1085 348 19 20 49 4 80 199627 184 283 43 184 251 80 74 511 231 622 80 199627 146 253 378 369 41 848 3696 80 199627 103 206 80 16520 747 80 229 74 139 199375 10553 1179 1173702 -1 -1 0 0 0 0 7 9 8 9 6 6 3 3 5 4 0 0 0 0 0 0
"e91172f11acc365a" 32 541 2287 11704 80 15451 80 199627 102317 2743 586 451 49 7293 80 8506 90 5845 80 199627 7582 83 154 554 711 80 5554 6910 80 1082 1037 1082 1179 1173703 -1 -1 0 0 0 0 8 7 9 8 7 7 3 5 4 3 0 0 0 0 0 0
"e4885fb6022a9c80" 37 20 4044 36977 80 457 154 5228 1331 80 199627 4 51 4373 425 80 855 297 1877 80 421 30 530 80 199627 62432 44 150 15374 80 4692 80 146 19 20 1259 89 1179 1173704 -1 -1 0 0 0 0 9 9 9 6 5 6 3 4 4 2 0 0 0 0 0 0
"29ca095698426ccf" 53 1334 192 321 80 510 80 544 80 74 161 114 520 770 80 199627 4 364 474 80 24732 80 184 119 1750 184 2358 80 120 74 161 3598 770 80 199627 120 14 1015 4 559 19 1003 103 1146 80 74 2568 80 11 1886 90 3444 1159 1179 1173705 -1 -1 0 0 0 0 8 8 9 9 8 7 5 4 3 5 0 0 0 0 0 0
"6d1391d8baddec1d" 57 90 4 1267 153 80 28 5269 566 8148 80 2099 80 74 161 114 5832 80 551 443 161 199627 90 5843 150 2091 80 4 1267 232 42 30 9763 80 1501 30 1237 104 370 80 199627 51 9770 44 30 190350 80 10237 30 24071 80 630 223 369 285 51 17768 1179 1173706 -1 -1 0 0 0 0 8 9 8 7 5 6 5 4 4 3 0 0 0 0 0 0
"3a11155a25446364" 50 718 20 28 5582 80 141160 28 721 80 3830 6 15955 80 60 443 55519 30 5834 80 199627 98390 2743 98390 2743 16520 30 2688 77 521 80 30 3120 77 103 706 80 1629 14 1183 4 559 550 370 80 229 74 139 199375 22472 1179 1173707 -1 -1 0 0 0 0 9 8 9 8 5 7 5 3 3 3 0 0 0 0 0 0
"f94032d5f673e7fd" 33 1009 184 956 61 474 475 184 566 80 199627 576 89 30 1782 80 6977 290 76 408 39985 80 199627 90 780 6490 80 11486 271 12717 49 1231 16296 1179 1173708 -1 -1 0 0 0 0 7 7 8 8 6 8 4 4 5 4 0 0 0 0 0 0
"e21ef82bd17d5b57" 23 1051 3408 549 80 4 90 150 7032 197 80 199627 249 7536 28 6824 80 4 22 283 849 49 103 1179 1173709 -1 -1 0 0 0 0 7 6 7 6 6 7 3 6 4 3 0 0 0 0 0 0
"6c53e1338a05790e" 27 90 8605 184 208 425 1024 80 83 103 6510 1895 80 199627 330 2143 386 16520 823 19 836 80 559 369 3820 19 3177 1179 1173710 -1 -1 0 0 0 0 7 7 8 7 5 6 4 4 4 5 0 0 0 0 0 0
"ff43696f795b0dcb" 25 344 42787 19826 80 1767 51 3810 129 80 199627 249 158 369 630 49 88 80 378 369 20 227 509 51 5555 199372 1173711 -1 -1 0 0 0 0 7 7 8 5 6 6 3 5 3 2 0 0 0 0 0 0
"324b891523a96d5b" 28 90 16520 89 36 4 80 158 4 146 460 42 80 199627 249 150 1818 216 14 823 80 1483 102 51 4365 144 28 1964 1179 1173712 -1 -1 0 0 0 0 7 9 7 7 6 5 4 4 4 3 0 0 0 0 0 0
"8298b6b36b19edb6" 28 90 4 2913 14 475 16520 408 80 102 184 566 17 30 1299 80 199627 249 541 2287 11704 80 1334 70 840 77 103 706 1179 1173713 -1 -1 0 0 0 0 8 9 8 9 7 6 5 4 6 4 0 0 0 0 0 0
"88a221e17efea36d" 15 550 3807 559 184 1057 80 44 103 1051 1303 21746 30 3810 2917 1179 1173714 -1 -1 0 0 0 0 4 6 5 7 6 4 3 7 3 6 0 0 0 0 0 0
"1acd1709b27b7ff8" 26 184 283 43 184 251 80 344 11 559 184 553 80 199627 173 51 4373 425 1024 80 200450 780 3470 80 942 520 1179 1173715 -1 -1 0 0 0 0 6 8 9 7 5 8 7 2 4 3 0 0 0 0 0 0
"8d035b6d712e5dd7" 26 5843 154 2091 80 120 14 13 43 4 127 80 199627 200449 235145 28 5582 80 90 199375 507 603 290 76 30 2127 1179 1173716 -1 -1 0 0 0 0 3 5 7 5 4 9 7 2 4 1 0 0 0 0 0 0
"3d0583d5005f8b0e" 23 4 364 474 24732 80 184 20 645 8890 80 199627 5816 2743 28814 2743 127 178296 80 271 4083 6510 1217 1179 1173717 -1 -1 0 0 0 0 5 6 9 6 4 9 7 3 5 2 0 0 0 0 0 0
"341e18b3547c25f3" 36 1009 184 956 61 474 475 184 566 80 227 275 83 30 3826 80 199627 102317 2743 330 2143 386 16520 823 19 836 80 249 369 22 23935 80 22 460 44 1540 1179 1173718 -1 -1 0 0 0 0 9 9 8 9 6 4 4 5 8 3 0 0 0 0 0 0
"d22f174330e9dedd" 32 1009 184 114 453 245 4181 80 1803 60 42 340 691 80 199627 98390 2743 98390 2743 146 360 51 950 5843 102 154 80 5268 5269 80 192 20479 1179 1173719 -1 -1 0 0 0 0 7 7 8 6 7 6 7 2 5 3 0 0 0 0 0 0
"89dc2eeac669b029" 38 90 16520 1085 348 19 20 49 4 80 3032 255 83 28 34 80 199627 3791 127 14 15359 102 369 7240 42 80 352 56 283 1138 70 44 243 5656 80 49 74 8875 1179 1173720 -1 -1 0 0 0 0 8 9 7 8 5 7 3 6 9 8 0 0 0 0 0 0
"005fb1ea32110d2d" 37 184 996 192 321 80 24 44 30 621 80 11 2348 283 25 80 199627 154 36 11 161 206 80 184 56 3569 103 275 80 49 74 511 1344 80 74 511 4355 1179 1173721 -1 -1 0 0 0 0 6 7 7 8 8 4 4 7 6 6 0 0 0 0 0 0
"3045e77aa1ad9b1c" 25 4 558 153 16520 192 53541 80 199627 3617 60 19 28 607 80 184 27465 83 154 554 711 80 747 19 507 1179 1173722 -1 -1 0 0 0 0 2 4 5 5 7 6 7 3 5 2 0 0 0 0 0 0
"58ab544a67546e34" 23 136 60 223 90 199375 185 60 253 80 199627 150 1818 1866 20 5888 249 859 13 1231 2674 92 253 1179 1173723 -1 -1 0 0 0 0 4 6 6 6 8 8 7 6 4 6 0 0 0 0 0 0
"10fa327b39b537f6" 29 134 90 134 184 208 253 80 199627 425 16520 422 19 453 4 106 60 80 1024 80 44 150 2091 80 11 102 151 235146 2602 1179 1173724 -1 -1 0 0 0 0 7 8 7 6 6 6 8 3 4 2 0 0 0 0 0 0
"bae08c1c34ff620d" 20 103 104 30 3828 80 12714 90 340 80 199627 3251 14 509 369 1082 849 80 2348 2565 1179 1173725 -1 -1 0 0 0 0 5 4 4 6 5 3 4 6 3 4 0 0 0 0 0 0
"8e5f26c4a9f39617" 21 330 127 541 4 7 80 199627 249 103 206 4 1267 41 25 150 4709 90 436 49 14 1179 1173726 -1 -1 0 0 0 0 6 7 8 7 5 6 4 5 3 5 0 0 0 0 0 0
"f63939397b35aa58" 22 158 369 2198 4 51 61 6027 80 199627 199373 2432 603 351 70 44 60 80 453 4 106 7514 1179 1173727 -1 -1 0 0 0 0 7 7 6 5 4 2 3 4 8 4 0 0 0 0 0 0
"97d7ea6847405231" 23 4 1028 44 30 12316 549 80 199627 249 43 178 150 29 908 80 43 119 330 185 178 150 61 199372 1173728 -1 -1 0 0 0 0 7 7 6 4 6 3 2 5 8 7 0 0 0 0 0 0
"7f99b51cad681f38" 23 231 30 3404 77 25921 70 406 80 199627 158 369 136 369 61 4 80 844 4 232 28 246 738 199372 1173729 -1 -1 0 0 0 0 9 7 8 6 7 9 6 7 9 6 0 0 0 0 0 0
"582206b7b45a2b66" 24 352 83 31 80 10716 28 15629 80 199627 4 293 14 15482 80 249 761 199375 212 60 53 28 29 9763 1179 1173730 -1 -1 0 0 0 0 8 8 7 5 5 4 7 4 7 4 0 0 0 0 0 0
"b6ad4f2bd5318d8d" 24 425 16520 472 283 415 150 1964 80 199627 249 223 369 119 80 119 4 12 212 60 848 768 32 1755 199372 1173731 -1 -1 0 0 0 0 6 7 8 4 5 8 6 6 3 5 0 0 0 0 0 0
"f926576320e2b231" 21 352 391 30 4066 369 299 360 80 199627 44787 89 30 706 80 2441 60 1100 102 51 1010 1179 1173732 -1 -1 0 0 0 0 8 9 9 8 7 6 5 3 4 3 0 0 0 0 0 0
"133646dd984bd492" 32 28 2252 394 14 19 208 36 30 100 25 97 9405 80 199627 249 199375 13 382 657 80 28 915 80 807 255 83 28 34 80 28 2688 1179 1173733 -1 -1 0 0 0 0 9 7 7 8 9 7 4 2 7 5 0 0 0 0 0 0
"2be0e7b877c82ad0" 27 30 139 4 656 80 961 14 153 154 16520 36 4 80 199627 249 150 61 104 51 8221 80 369 166 232 1258 904 1179 1173734 -1 -1 0 0 0 0 7 8 7 6 5 4 4 5 9 4 0 0 0 0 0 0
"d78e25085f97f1ba" 22 4 747 19 1895 80 915 550 206 19 208 80 199627 249 4 71 630 603 7279 7276 53 348 1179 1173735 -1 -1 0 0 0 0 6 8 6 4 6 4 6 7 3 6 0 0 0 0 0 0
"2eb285d408129b78" 24 369 127 603 4706 44 28 25010 80 17 51 3757 80 199627 5774 192 4300 80 330 83 154 2991 102 138645 1179 1173736 -1 -1 0 0 0 0 7 6 8 5 7 5 4 4 2 5 0 0 0 0 0 0
"dec57fb6603f49b5" 21 24 83 30 2662 80 229 74 234861 770 1540 80 199627 69528 255 15492 30 706 80 74 1787 1179 1173737 -1 -1 0 0 0 0 6 7 7 7 6 5 4 4 3 5 0 0 0 0 0 0
"6fca25d6d4058b38" 26 8836 351 44 103 275 77 2705 80 199627 541 406 14 11127 2274 80 199627 102 5882 31234 83 26865 80 16520 51 3872 1179 1173738 -1 -1 0 0 0 0 8 7 8 7 6 4 4 3 5 6 0 0 0 0 0 0
"58b131b08c93d8a0" 34 119 4 1208 70 30 891 4 119 80 199627 1024 4 293 14 154 47159 80 5730 90 33 80 199627 96 4 739 30 108 6386 199372 550 70 36 4 1179 1173739 -1 -1 0 0 0 0 7 8 8 6 7 6 4 3 9 7 0 0 0 0 0 0
"1b22d3261df1ab74" 25 231 25921 70 406 80 199627 249 184 70 1532 36 3428 80 199627 231 154 4827 44 30 5138 80 120 60 7899 1179 1173740 -1 -1 0 0 0 0 8 7 7 8 6 3 3 7 3 4 0 0 0 0 0 0
"15ecc32a15753790" 28 2539 369 390 369 127 103 706 83 8191 80 199627 5410 1093 36 456 16520 747 19 1003 80 199627 1617 253 80 146 590 632 1179 1173741 -1 -1 0 0 0 0 7 8 8 6 5 5 3 5 3 4 0 0 0 0 0 0
"2b834cd588be0f60" 37 352 391 10111 1056 80 484 14 231 70 29501 77 857 80 199627 369 185 4207 747 19 208 76 80 16520 44 51 7936 80 199627 657 527 199375 13 382 90 859 4238 1179 1173742 -1 -1 0 0 0 0 8 7 7 7 7 5 5 2 5 4 0 0 0 0 0 0
"b8d6c92a5d962e44" 37 90 184 235147 83 271 139 19 30 31 80 199627 807 1718 25 28 319 80 146 590 4554 80 199627 119 4 1208 70 30 891 4 185 80 768 104 60 11 1320 199372 1173743 -1 -1 0 0 0 0 7 8 9 8 7 8 5 4 3 3 0 0 0 0 0 0
"dc563254028de51b" 28 1024 915 12 24826 83 297 5270 80 199627 43 178 1409 271 908 80 586 30 14216 199372 199627 74 1688 80 16520 5360 60 2757 1179 1173744 -1 -1 0 0 0 0 6 6 6 7 6 6 4 3 8 4 0 0 0 0 0 0
"cb9083ac3ff1bda2" 21 90 344 30 9248 962 77 275 80 199627 249 369 808 61 154 19254 456 4 293 53 1237 1179 1173745 -1 -1 0 0 0 0 8 7 7 7 6 8 3 2 7 3 0 0 0 0 0 0
"dd2adc894bf259fe" 35 158 369 136 60 58 4 153 550 33 80 199627 1140 1058 770 70 80 184 70 2952 271 17286 80 199627 9083 6857 102 29700 80 1267 119 43 369 1267 119 1179 1173746 -1 -1 0 0 0 0 8 7 8 8 8 6 3 5 3 5 0 0 0 0 0 0
"519dcecf3da3be55" 39 28 2252 255 136 80 283 154 100 25 97 9405 80 199627 90 456 16520 231 1899 369 15352 44 28 908 80 199627 3251 14 158 369 1082 849 80 1112 275 229 43 60 786 1179 1173747 -1 -1 0 0 0 0 7 8 7 8 7 7 3 6 3 7 0 0 0 0 0 0
"beab6dce34f4260d" 36 4 13 28 92 253 80 249 550 17 30 1299 80 199627 150 61 9405 8221 80 229 74 2659 811 80 199627 231 154 4827 44 30 5138 80 550 1977 14 4699 1179 1173748 -1 -1 0 0 0 0 6 8 9 7 6 6 4 4 5 3 0 0 0 0 0 0
"de0f4cd7fdc20d75" 26 30 139 4 453 14 106 80 369 153 550 340 80 199627 9083 6857 102 29700 80 199375 119 1750 19 10450 30 2565 1179 1173749 -1 -1 0 0 0 0 8 7 8 6 8 6 3 3 7 4 0 0 0 0 0 0
"4141cbd30c132738" 21 119 4 12 212 60 848 80 1024 344 30 2565 80 199627 30 3828 7944 154 184 166 5632 1179 1173750 -1 -1 0 0 0 0 7 7 6 7 7 7 4 3 7 4 0 0 0 0 0 0
"a4aff1e22eee678c" 52 158 369 2198 4 51 61 6027 80 844 4 2369 60 199372 199627 43 178 70 54 908 184 484 80 378 4 1028 60 199372 199627 369 127 245 351 44 28 100 80 249 60 229 178 30 82 80 550 178 770 80 1334 30 340 27854 1179 1173751 -1 -1 0 0 0 0 7 6 7 7 8 7 4 4 7 5 0 0 0 0 0 0
"c05fd1c21b1a921c" 41 61 154 19254 80 550 150 3158 128 199627 158 369 136 1274 80 844 4 3464 406 199372 199627 90 456 550 1899 80 4 153 369 15352 80 249 4 638 14 606 90 30 39 11 72001 1179 1173752 -1 -1 0 0 0 0 7 7 7 8 7 8 3 3 7 5 0 0 0 0 0 0
"854c6cbce2b82a41" 29 807 11 1718 848 80 1482 30 1183 199627 249 425 807 1777 15629 90 234840 30 490 199627 30 4827 44 30 5138 80 550 586 520 1179 1173753 -1 -1 0 0 0 0 5 6 8 6 6 5 5 4 5 3 0 0 0 0 0 0
"ed3e91420f430008" 38 1267 4758 4623 80 208 2952 150 6947 488 199627 90 1037 154 80 200450 283 1138 90 11718 30 3592 199627 49 245 235148 90 235149 80 11 4 90 369 80 74 7 19 4488 1179 1173754 -1 -1 0 0 0 0 6 6 8 6 7 5 3 4 5 5 0 0 0 0 0 0
"49fa8b48a6a6ad45" 50 235150 83 30 7065 80 550 11 51 1539 77 206 199627 13 30 531 90 30 1749 80 71 283 44 224 199627 90 158 173 51 340 19184 80 208 355 4 51 10259 2098 199627 57036 57036 76202 76202 76202 80 229 74 206 36 4256 1179 1173755 -1 -1 0 0 0 0 7 6 8 7 6 5 3 6 4 6 0 0 0 0 0 0
"f0c9cc9d78c22d4d" 47 4 229 127 30 1657 19 212 14 89 199627 16520 174 3274 80 68 144 60 70 80 369 457 28 5228 199627 192 223 4 152 80 208 4758 150 29 363 199627 208 2952 150 6947 488 80 58 1009 184 114 1209 1179 1173756 -1 -1 0 0 0 0 7 7 7 7 6 5 3 2 7 7 0 0 0 0 0 0
"249e0e768c8ae071" 53 206 1866 4300 25 80 249 369 599 184 146 942 271 4830 199627 166 120 30 4180 1525 770 89 80 184 1267 32 3274 199627 297 1214 166 13 14 80 330 11 251 51 463 199627 249 1024 80 184 757 192 108 80 1334 4572 80 74 14124 1179 1173757 -1 -1 0 0 0 0 6 7 6 6 6 7 4 3 6 5 0 0 0 0 0 0
"594fc5921b08a12f" 43 184 904 19 3569 89 25 30 5235 199627 11 4 90 14 80 279 56 299 283 71 199627 90 456 184 7479 80 60 391 102 51 6131 199627 102 369 779 80 199375 20 150 2203 44 30 1051 1179 1173758 -1 -1 0 0 0 0 8 9 9 8 8 9 7 2 9 4 0 0 0 0 0 0
"42d8b67e7b7d55cc" 48 4 421 154 128 80 550 14532 44 150 1995 199627 151159 151159 151159 151159 151159 80 184 12968 849 30 6763 199627 1334 24 90 71 513 299 80 74 7 36 51 36792 199627 743 71 436 60 1608 80 1334 586 451 30 2662 1179 1173759 -1 -1 0 0 0 0 8 8 8 7 7 9 6 2 4 7 0 0 0 0 0 0
"b2605385e9306e38" 42 7662 7486 80 127 14 234840 192 1366 199627 119305 80 16520 6174 790 80 199375 212 30 10392 199627 30 621 948 629 80 537 550 4438 749 199627 82705 100124 100125 3043 100126 80 206 19 92 271 1542 1179 1173760 -1 -1 0 0 0 0 8 7 8 7 6 8 5 3 6 6 0 0 0 0 0 0
"586697c6b367d25f" 52 60 2786 192 2012 80 935 102 60 391 451 44 51 4625 199627 90 848 60 195 80 935 102 150 275 80 550 107 860 146 278 199627 297 1877 146 2636 80 4 146 153 607 199627 192 232 150 1964 83 51 27716 80 235151 74 39312 1179 1173761 -1 -1 0 0 0 0 7 8 8 6 6 8 6 5 3 7 0 0 0 0 0 0
"7c78aa643e39c1b5" 47 104 103 112 30 176 80 566 184 451 36 340 199372 199627 192 566 184 370 80 104 103 559 184 106 199372 199627 90 456 16520 2157 80 378 4 563 3619 14 199372 199627 4 22 928 14 80 344 1744 19 13 1179 1173762 -1 -1 0 0 0 0 6 6 6 5 4 6 3 4 4 5 0 0 0 0 0 0
"bf045737cb9ba18f" 46 550 102 51 1010 80 550 174 613 19 20 340 199627 39238 1010 80 4 114 2913 44629 559 369 106 199627 408 30 1877 77 4225 2439 80 184 3002 90 782 199627 103 229 11 1320 80 550 271 139 77 275 1179 1173763 -1 -1 0 0 0 0 8 7 9 8 9 8 5 4 5 7 0 0 0 0 0 0
"018caaafb7596895" 44 49 30 57683 80 330 8541 77 61 90 1342 80 199627 249 425 369 7 8255 80 166 27 97 1207 1179 199627 30 33683 35978 80 550 616 19 6997 80 199627 1267 8303 1167 80 453 561 16520 17 1734 1179 1173764 -1 -1 0 0 0 0 7 6 7 5 6 6 3 7 4 6 0 0 0 0 0 0
"cb53a3499973cbd2" 25 28 246 104 1085 1779 80 166 212 74 511 80 199627 249 43 391 30 65946 1418 80 235152 330 780 103 1344 199372 1173765 -1 -1 0 0 0 0 6 5 6 5 4 5 6 6 5 7 0 0 0 0 0 0
"a347e1b80dcee4b3" 45 45029 83 30 2591 80 2283 90 10973 80 199627 401 184 146 942 4314 80 154 4830 192 10973 1179 199627 4 55 735 14 80 136 369 137 151 80 199627 249 425 16520 83 31 80 4 114 2976 28 2091 1179 1173766 -1 -1 0 0 0 0 9 8 9 8 9 8 5 4 5 7 0 0 0 0 0 0
"b4286284b5f5daf8" 46 234840 102 51 159249 35182 80 369 293 30 10022 80 199627 541 369 136 407 33 80 425 184 757 2144 1179 199627 1777 44 271 14444 3903 80 184 757 192 108 80 199627 229 74 161 590 632 770 80 1334 9301 1179 1173767 -1 -1 0 0 0 0 9 8 9 7 9 6 5 3 5 7 0 0 0 0 0 0
"0d4f3a7b7687efde" 29 28 2365 114 2934 474 144 30 2344 80 6 7 51 2343 80 199627 255 68 192 15816 80 249 369 1343 1749 80 6 4 13 1179 1173768 -1 -1 0 0 0 0 9 7 9 6 6 8 9 2 5 7 0 0 0 0 0 0
"8070fcac27f91f57" 53 2103 28 1790 80 127 70 297 4484 90 1733 80 199627 4 11 1267 32 1590 80 6 283 2139 44 30 1899 1179 199627 28 1890 136 19 232 30 1180 1366 80 146 120 60 222 80 199627 192 199375 232 235107 12196 80 229 74 7 19 152 1179 1173769 -1 -1 0 0 0 0 9 8 8 7 6 8 4 2 6 6 0 0 0 0 0 0
"8f0b0a01d3132d3c" 49 476 8894 77 5248 2819 80 200470 19 3177 80 199627 541 5269 44 2988 7722 80 11 2348 32 1366 1179 199627 192 388 150 124 90 212 51 6225 80 1267 60731 1625 80 199627 44 103 9248 39 80 1267 212 824 77 150 5027 1179 1173770 -1 -1 0 0 0 0 8 8 6 5 9 5 4 5 3 7 0 0 0 0 0 0
"08620cec9eb32349" 24 90 234901 80 235148 83 297 5760 80 199627 28 2365 114 2934 474 144 30 2344 80 255 283 43 369 251 1179 1173771 -1 -1 0 0 0 0 7 7 8 6 6 8 9 2 6 7 0 0 0 0 0 0
"cb5bec11ba1d6e9b" 52 57036 57036 76202 76202 76202 80 344 30 128 77 28 490 80 199627 1183 286 43 173 492 77 80 481 83 51 1183 1179 199627 192 566 184 370 49 70 30 4180 80 114 184 656 83 80 199627 11 2348 453 245 1180 80 283 28 867 1179 1173772 -1 -1 0 0 0 0 6 7 6 6 5 8 7 3 5 6 0 0 0 0 0 0
"854c52e7ae4eaa47" 52 90 60 5949 102 51 12595 80 235153 44 30 1697 80 199627 4 22 928 14 80 199375 453 561 28 3489 104 10787 1179 199627 184 283 394 19 6201 80 43 47 184 12 212 80 199627 249 369 22 20 1206 80 199375 453 28 29 994 1179 1173773 -1 -1 0 0 0 0 7 8 9 8 9 8 5 5 6 7 0 0 0 0 0 0
"064d0163d1fe2cf9" 22 234840 102 51 159249 35182 80 44 271 14444 5187 80 199627 184 757 192 108 80 166 74 161 29207 1179 1173774 -1 -1 0 0 0 0 9 8 7 6 8 4 6 3 4 5 0 0 0 0 0 0
"9000c4a58025cfa6" 47 28 291 104 499 80 229 74 161 235154 382 80 199627 2990 76 271 39238 1010 80 184 229 146 235155 1179 199627 90 51 108 206 25 70 80 229 74 7 36 13952 80 199627 11 3505 49 28 3387 80 2990 275 1179 1173775 -1 -1 0 0 0 0 7 8 9 8 9 7 7 6 6 7 0 0 0 0 0 0
"8bb3f02b07d11c2c" 51 2201 208 89 19 30 5235 80 120 30 2819 1468 849 271 2602 80 199627 151159 151159 151159 151159 151159 80 3554 44 30 3397 1179 199627 192 388 150 124 90 120 30 39 421 150 3167 80 199627 550 206 19 120 208 80 453 245 1568 1179 1173776 -1 -1 0 0 0 0 8 9 7 7 8 9 8 5 7 6 0 0 0 0 0 0
"b25f8843c7cf9639" 27 18227 83 154 2864 80 60 391 5730 102 4010 80 199627 90 848 60 195 80 11 102 150 275 80 474 89 30 224 1179 1173777 -1 -1 0 0 0 0 6 7 6 6 4 4 2 4 3 4 0 0 0 0 0 0
"4f43ecb42a051ac3" 24 10918 89 30 2591 80 2659 30 57683 2283 80 199627 1031 30 65946 391 11 2894 80 74 7 19 283 235156 1179 1173778 -1 -1 0 0 0 0 7 6 7 5 6 7 5 4 3 4 0 0 0 0 0 0
"8c24157ef1504d04" 24 20932 83 154 8894 80 229 74 206 36 3428 80 199627 5055 3460 49 28 721 80 184 229 2659 74 706 1179 1173779 -1 -1 0 0 0 0 6 7 8 6 7 6 5 4 3 4 0 0 0 0 0 0
"008b73080bf8ea8c" 44 28 234826 8834 2988 80 16520 231 30 4519 80 199627 249 199375 3464 19 28 1818 80 146 590 3817 1179 199627 4 55 735 14 80 249 199375 4033 4 1262 80 199627 232 1618 1619 80 5054 28 29 867 1179 1173780 -1 -1 0 0 0 0 8 8 7 8 8 7 6 5 7 8 0 0 0 0 0 0
"d7309fb1f37e1d4c" 41 119 60 102 30 119 80 481 83 51 1183 80 199627 32 1590 80 232 1617 80 1629 60 70 21715 1179 199627 234968 1618 44 2988 7722 80 199627 249 199375 232 3846 80 146 2911 28 5168 1179 1173781 -1 -1 0 0 0 0 7 7 8 7 7 7 6 6 7 8 0 0 0 0 0 0
"063af2608d693da3" 24 4 146 153 607 80 68 144 51 495 80 199627 255 68 192 15816 80 249 154 6 1208 16520 17 2144 1179 1173782 -1 -1 0 0 0 0 7 6 5 6 5 5 4 4 4 4 0 0 0 0 0 0
"4147bb44b45178a4" 26 16520 2441 28 36792 80 1629 14 2995 42 3274 80 199627 743 11 71 436 60 1608 80 199374 68 2157 36 174 722 1179 1173783 -1 -1 0 0 0 0 8 7 7 7 6 6 4 5 6 6 0 0 0 0 0 0
"db2f35a487c8ecba" 27 297 1214 166 13 14 80 16520 83 31 77 28 706 80 199627 90 4 166 836 14 80 199375 2995 42 253 90 253 1179 1173784 -1 -1 0 0 0 0 9 9 9 8 8 6 7 7 7 7 0 0 0 0 0 0
"fb03b751884b4d07" 48 16520 2348 1183 76 80 453 51 646 36 1167 80 199627 103 4225 2439 711 474 749 80 369 229 1110 36 250 1179 199627 223 4 780 332 80 4 71 208 2952 6947 80 199627 200449 369 229 127 206 36 150 1162 71139 1179 1173785 -1 -1 0 0 0 0 8 6 5 7 6 7 6 6 7 5 0 0 0 0 0 0
"e35c620c64d2dce9" 24 33683 35978 80 32 3274 90 232 30 1342 80 199627 249 28 379 232 243 23798 80 11 44 2090 77 13483 1179 1173786 -1 -1 0 0 0 0 8 7 6 8 7 6 8 7 5 6 0 0 0 0 0 0
"21f2b777cc87a540" 30 4 558 208 2952 150 6947 488 80 223 4 780 332 476 80 199627 2103 28 1790 80 550 8198 49 1733 80 119305 80 229 154 20479 199372 1173787 -1 -1 0 0 0 0 7 6 7 5 5 5 6 4 5 4 0 0 0 0 0 0
"f1ac49398e10e7aa" 49 184 6 7 19 6201 80 1334 227 44 30 1605 80 199627 184 757 192 108 80 16520 231 192 17276 1179 199627 28 291 104 499 80 807 127 14 83 8191 80 199627 229 74 7 19 1493 80 807 70 30 891 199374 127 1179 1173788 -1 -1 0 0 0 0 7 9 10 7 8 6 8 4 7 5 0 0 0 0 0 0
"3b8b3e721153a6c4" 26 28 246 104 1085 1779 80 102 369 779 70 30 206 80 199627 277 19 3696 30 2602 90 30 651 369 166 1678 1179 1173789 -1 -1 0 0 0 0 8 7 6 8 7 6 6 4 7 6 0 0 0 0 0 0
"e95f3e9c2ff98d2c" 31 330 553 42 44 8 45029 80 2659 8 4839 706 80 199627 249 158 4 4633 406 90 2179 14 80 634 1028 860 283 1268 11 30 1299 1179 1173790 -1 -1 0 0 0 0 9 8 9 7 8 8 7 6 7 5 0 0 0 0 0 0
"38795fdc9465f9dc" 26 192 388 150 124 80 212 51 216 77 103 531 80 199627 184 127 279 249 206 80 550 102 1334 747 19 5637 1179 1173791 -1 -1 0 0 0 0 7 6 5 7 6 6 4 3 6 4 0 0 0 0 0 0
"e6493580dccb05c8" 57 369 394 4 19 208 355 4 51 10259 80 2098 80 199627 249 425 4 22 27 14 80 369 6 12 20 11 709 8156 80 199627 82705 100124 100125 3043 100126 80 1334 6921 30 176 77 30 224 80 199627 90 369 166 13 51 1415 158 4 166 563 20 1745 1179 1173792 -1 -1 0 0 0 0 8 7 8 5 6 4 4 5 6 8 0 0 0 0 0 0
"301b561a72f6b58a" 55 103 379 10290 243 23798 11 36 1183 80 199627 249 456 60 2287 89 19 60 80 566 4 112 747 80 424 199372 199627 1183 286 43 173 492 77 80 768 566 184 370 49 103 6400 80 199627 200449 369 166 232 4039 80 16520 280 2173 77 103 12737 1179 1173793 -1 -1 0 0 0 0 8 8 7 6 6 7 5 6 5 6 0 0 0 0 0 0
"25c529d157e1b2ed" 63 28 2365 114 2934 474 144 30 2344 80 344 559 476 60 104 80 199627 4 55 735 14 80 249 6 20 9302 456 369 629 76 83 31 77 103 1179 199627 541 369 136 80 369 1425 60 80 550 28 962 80 199627 90 369 22 120 1620 41 44 30 139 77 43 369 1267 119 1179 1173794 -1 -1 0 0 0 0 9 7 9 6 8 4 4 4 5 6 0 0 0 0 0 0
"4fd7e540d7c15083" 55 293 60 718 80 718 80 344 43 330 185 330 251 80 199627 249 1140 492 103 39 80 90 369 22 120 603 12584 199627 28 34 90 28 1819 80 234862 32 33 19 1167 80 199627 90 199375 146 120 603 1062 14 89 80 344 30 962 199375 1015 1179 1173795 -1 -1 0 0 0 0 9 8 7 7 8 7 5 6 7 9 0 0 0 0 0 0
"eb177710a1ea7df0" 22 355 14 51 538 80 16520 231 1779 80 199627 249 199375 808 96 511 9887 42 44 28 30989 8220 1179 1173796 -1 -1 0 0 0 0 6 7 6 5 6 6 5 4 7 4 0 0 0 0 0 0
"a0cd567afbd1b0ee" 38 74 161 114 1015 14 43 28 8081 104 80 344 1089 14 90 30 129 549 80 199627 90 144 70 297 3273 403 80 369 22 1787 30 4878 369 492 80 369 22 23935 1179 1173797 -1 -1 0 0 0 0 8 8 7 6 7 6 5 5 7 7 0 0 0 0 0 0
"0a58dbfa0502240f" 37 4 944 96 360 382 80 30 139 352 5269 80 807 102 51 1010 80 199627 90 456 16520 49 382 80 369 920 297 1257 90 369 106 102 369 114 212 83 845 1179 1173798 -1 -1 0 0 0 0 8 7 8 7 8 3 6 5 9 6 0 0 0 0 0 0
"acb30b8031412270" 57 229 332 19 30 4190 80 330 229 127 279 83 14 80 199627 249 4 4276 14 451 150 6241 80 166 120 14 20 544 1179 199627 369 13 60 44 150 600 80 425 4 127 286 16444 80 199627 4 166 1678 150 4355 80 369 114 13 603 595 80 1781 1179 1173799 -1 -1 0 0 0 0 9 8 6 6 6 5 4 5 6 6 0 0 0 0 0 0
"4cdda3bc8ccf70cb" 30 158 369 27 286 80 352 2157 535 60 42 36 14 80 199627 352 2505 14 19 2636 80 369 6 7 74 1435 5241 80 4 13 1179 1173800 -1 -1 0 0 0 0 8 7 8 6 7 5 8 3 5 4 0 0 0 0 0 0
"144e4699c5065f23" 29 60 229 823 19 13 352 127 14 388 80 369 166 3757 80 199627 216 88 49 30 7935 80 16520 658 553 25 80 4300 1138 1179 1173801 -1 -1 0 0 0 0 7 6 8 7 6 4 6 3 6 5 0 0 0 0 0 0
"3f33a42d208c682b" 20 276 590 2988 88 89 83 79 47 80 199627 184 11 1267 283 2283 80 283 11633 2012 1179 1173802 -1 -1 0 0 0 0 7 6 5 4 5 4 4 3 5 3 0 0 0 0 0 0
"f43278b564587ae0" 25 330 153 70 30 5047 77 150 1841 80 199627 369 11 7397 28 600 90 2326 30 2203 80 60 407 53 151 1179 1173803 -1 -1 0 0 0 0 7 5 8 7 8 7 6 4 8 4 0 0 0 0 0 0
"9252483e193b1acc" 22 158 184 70 12927 42 90 4436 6079 80 199627 184 127 19 283 1618 80 780 19 453 51 1992 1179 1173804 -1 -1 0 0 0 0 6 9 7 8 8 6 3 9 5 8 0 0 0 0 0 0
"a2ca5be075b7c4f2" 26 184 166 232 12846 30 962 80 550 606 80 199627 227 44 103 21096 4630 80 114 4 4758 30 4869 90 30 13605 199372 1173805 -1 -1 0 0 0 0 8 6 7 8 9 7 5 3 6 7 0 0 0 0 0 0
"259fd49ca4e18ad4" 19 184 32 2144 80 184 127 8195 90 3522 80 199627 103 5700 80 550 70 184 7 1179 1173806 -1 -1 0 0 0 0 7 4 8 7 7 5 3 5 4 6 0 0 0 0 0 0
"fd10ac81f45a46e0" 26 369 13349 28 4139 80 550 70 36 1183 80 199627 4 5144 19 150 721 80 185 4 127 603 83 845 80 4601 1179 1173807 -1 -1 0 0 0 0 9 7 8 6 8 7 5 3 4 3 0 0 0 0 0 0
"ecd9a679efc254cd" 20 150 1818 1208 279 80 11 3837 144 80 199627 352 1310 199373 967 80 249 369 596 1348 1179 1173808 -1 -1 0 0 0 0 8 7 6 8 7 6 4 4 4 6 0 0 0 0 0 0
"2c7e03cb701df65d" 25 330 255 2233 80 70 567 74 340 80 199627 4 6 96 19 15768 36 603 80 20 33 19 559 4 106 1179 1173809 -1 -1 0 0 0 0 7 6 6 7 8 6 4 6 5 6 0 0 0 0 0 0
"7672c8dca33cc04b" 29 184 6 436 80 184 507 474 144 30 3645 80 199627 4 71 967 42 80 103 51 3464 42 80 271 11641 378 20 150 37461 1179 1173810 -1 -1 0 0 0 0 9 8 7 8 9 6 4 5 5 9 0 0 0 0 0 0
"82ee5418486c3a23" 37 330 70 15222 80 330 70 14475 44 28 600 80 199627 70 4 36628 80 859 630 4 804 80 199627 90 44 297 5930 403 80 859 120 4 5640 44 150 29 4355 1179 1173811 -1 -1 0 0 0 0 10 6 8 9 9 7 5 7 5 7 0 0 0 0 0 0
"b7f8d390ddbc1494" 21 44 235157 80 352 1310 199373 421 382 76 80 199627 425 184 11 4276 451 6241 80 74 5430 1179 1173812 -1 -1 0 0 0 0 7 5 6 7 7 5 4 3 4 4 0 0 0 0 0 0
"e72e1ac36bcf0afb" 23 369 13 30 962 425 80 44 154 2203 80 199627 184 32 747 49 271 8195 80 2167 360 30 2425 1179 1173813 -1 -1 0 0 0 0 8 6 8 7 7 6 5 4 5 6 0 0 0 0 0 0
"cce0a3f49573ccfc" 30 859 216 30 3288 80 355 14 51 538 80 436 30 706 80 199627 90 158 369 27 51 5431 80 352 2157 535 60 80 74 3428 1179 1173814 -1 -1 0 0 0 0 6 5 9 7 8 7 7 3 4 4 0 0 0 0 0 0
"7900bdbcd56ef14c" 18 90 28 235141 70 44667 199627 4 944 96 360 382 80 28 2688 80 28 3524 1179 1173815 -1 -1 0 0 0 0 7 4 7 6 7 6 3 4 5 4 0 0 0 0 0 0
"763aa6efca394d6b" 18 30 962 192 6413 21865 80 199627 249 369 1267 780 60 80 453 297 1818 7447 1179 1173816 -1 -1 0 0 0 0 6 6 6 6 8 5 5 7 5 8 0 0 0 0 0 0
"f34c43aad5718c87" 19 369 2380 28 1001 80 369 920 1257 199627 229 154 633 849 408 1258 4044 77 13061 1179 1173817 -1 -1 0 0 0 0 6 5 6 4 7 3 3 5 7 5 0 0 0 0 0 0
"a500bc0798e1785d" 22 4 904 19 1320 2093 80 70 4 36628 80 199627 249 425 4 127 150 1818 16444 80 74 27160 1179 1173818 -1 -1 0 0 0 0 6 7 8 6 7 4 5 4 4 3 0 0 0 0 0 0
"cfff8dcb021aff9d" 21 456 711 263 510 80 11 283 11633 199627 330 153 150 1841 80 150 1742 80 74 511 4994 1179 1173819 -1 -1 0 0 0 0 7 8 6 7 6 6 2 3 4 4 0 0 0 0 0 0
"98e760f66b05f9d4" 20 369 229 4760 80 369 6046 83 2459 199627 74 161 114 3598 14 80 153 28 8081 104 1179 1173820 -1 -1 0 0 0 0 7 6 7 6 5 6 4 2 3 3 0 0 0 0 0 0
"5c234aced7cb6f03" 27 369 484 19 212 6946 80 484 19 638 603 199627 352 481 14 19 2202 80 1253 14 19 2636 80 2539 43 56 105 1179 1173821 -1 -1 0 0 0 0 9 8 9 5 6 5 8 3 7 5 0 0 0 0 0 0
"05ae6796b9082ff2" 23 1629 76 36 15222 80 330 31828 90 14475 199627 352 1310 199373 967 80 249 369 127 71 5287 80 607 1179 1173822 -1 -1 0 0 0 0 8 7 6 6 6 4 4 4 4 3 0 0 0 0 0 0
"c7c1a1a850fbb0f1" 24 114 4 4758 30 4869 80 212 30 4519 199372 199627 550 1744 19 13 80 352 127 14 2669 388 36 561 1179 1173823 -1 -1 0 0 0 0 7 7 6 8 7 5 4 3 4 5 0 0 0 0 0 0
"9015ec07c1b9a885" 26 276 590 4930 88 80 89 154 1351 902 199372 199627 369 229 27563 80 229 332 19 74 4190 80 2910 80 74 53567 1179 1173824 -1 -1 0 0 0 0 7 6 6 7 4 4 2 8 3 9 0 0 0 0 0 0
"9a2fece3f7715912" 22 1140 6722 103 39 80 70 104 79 5394 199627 192 120 208 77 150 4135 80 120 30 6842 21667 1179 1173825 -1 -1 0 0 0 0 9 8 5 8 6 3 5 4 9 9 0 0 0 0 0 0
"868694116b390593" 24 369 153 369 1267 208 80 127 4623 19 4758 199627 249 36 425 80 369 11 7397 28 600 80 20944 14249 1179 1173826 -1 -1 0 0 0 0 6 6 6 6 5 4 4 4 4 3 0 0 0 0 0 0
"4107f2d739d8078c" 26 199374 68 11480 80 212 43 199374 18004 199627 90 425 16520 2894 80 49 28 21096 24585 80 70 4920 80 293 14 31848 1179 1173827 -1 -1 0 0 0 0 8 6 6 6 7 4 6 4 7 4 0 0 0 0 0 0
"7f84bb9a90f4025c" 26 4 229 1267 212 72 150 4664 36 14 80 199627 70 369 7 104 51 538 80 369 229 8302 1540 80 200450 13 1179 1173828 -1 -1 0 0 0 0 6 5 6 6 5 4 7 4 4 3 0 0 0 0 0 0
"328228616a4e853e" 21 6977 83 154 33854 32168 80 160 19 51 2596 3855 80 199627 28 34 7119 80 369 942 2662 1179 1173829 -1 -1 0 0 0 0 7 6 7 6 5 5 4 4 4 3 0 0 0 0 0 0
"185b4490888d7ad7" 22 103 51 306 3464 42 80 6 7 74 4541 80 199627 11 1628 24 80 200450 4276 451 245 6241 1179 1173830 -1 -1 0 0 0 0 8 6 7 6 6 5 4 4 3 3 0 0 0 0 0 0
"c6db7e351ca06153" 23 369 11 12 780 80 606 28 600 90 6998 849 80 199627 120 28 34 7593 80 74 7 19 32 1179 1173831 -1 -1 0 0 0 0 8 6 5 6 5 3 4 4 4 3 0 0 0 0 0 0
"630c1725aace2b08" 25 355 14 51 538 80 200450 216 42 30 21096 24585 80 199627 1057 60 42 80 779 1501 1334 235158 513 51 26450 1179 1173832 -1 -1 0 0 0 0 8 7 7 7 6 3 7 4 4 3 0 0 0 0 0 0
"5b164d1e52a85ae2" 30 419 4853 19 30 5242 80 369 229 27563 36 74 2459 80 199627 16520 11 10704 83 297 4180 80 120 603 1081 80 369 127 74 17822 1179 1173833 -1 -1 0 0 0 0 6 7 9 8 8 9 3 7 2 5 0 0 0 0 0 0
"6d5bf71e2ccdd4e4" 24 369 391 4019 36 245 7522 80 5328 19 2919 30 1344 80 199627 249 5118 6 967 80 4309 394 743 223 1179 1173834 -1 -1 0 0 0 0 8 5 7 9 6 5 4 9 2 8 0 0 0 0 0 0
"780dd40602d16b7f" 24 1183 14 150 4141 80 150 6783 80 150 3883 4211 80 199627 30 1778 229 30 1299 80 184 1267 32 3274 1179 1173835 -1 -1 0 0 0 0 7 6 6 9 7 6 2 6 7 9 0 0 0 0 0 0
"8c00c3bafde32937" 26 369 153 30 39 1377 2119 6452 80 550 20285 80 199627 90 150 54830 280 30 634 77 4 80 2441 4 767 27310 1179 1173836 -1 -1 0 0 0 0 8 9 9 7 8 6 3 4 5 6 0 0 0 0 0 0
"7a4ae3002f1324a2" 28 369 212 297 2972 19 3569 80 12 106 102 16520 44 51 5212 80 199627 255 254 19 20 161 77 54 398 44 30 1883 1179 1173837 -1 -1 0 0 0 0 6 4 6 5 6 2 4 2 2 4 0 0 0 0 0 0
"00dab2e757c26ba5" 21 28513 908 80 9584 4139 90 2705 80 199627 249 44 30 176 80 1267 481 60 70 24 44 1179 1173838 -1 -1 0 0 0 0 4 3 8 6 4 3 3 3 4 3 0 0 0 0 0 0
"ad42cefc5117b1b8" 22 28 5737 104 31317 80 7 19 283 28 6156 80 199627 166 120 297 7258 283 14 44 51 2517 1179 1173839 -1 -1 0 0 0 0 5 4 5 6 4 4 2 2 2 2 0 0 0 0 0 0
"3a5b520c634747aa" 27 158 369 484 51 1088 10025 80 369 153 475 199373 20 80 199627 1183 14 475 150 3340 53 80 344 475 369 12 13 1179 1173840 -1 -1 0 0 0 0 5 6 5 5 5 3 2 3 3 4 0 0 0 0 0 0