59
195
270
377
409
1302
2693
2848
3070
3573
3889
5002
5054
5286
5538
5908
7065
7251
8049
8209
8650
9061
9471
10693
10708
11046
12193
13123
13191
13616
13811
13812
14084
14288
14782
15053
15329
16083
16656
16659
16681
17179
17961
18940
19226
19726
20279
20524
20636
21878
21882
22435
23650
23978
24362
25020
25037
25058
25295
25673
25881
25927
26057
26371
26896
27267
27725
28105
28359
28973
30562
30565
31057
31351
32590
33935
34006
34602
34876
35700
36608
37223
37384
38624
38941
39115
39275
39326
39927
40294
40702
40760
41137
41562
41857
41881
42147
42169
42294
43046
43441
44184
44244
44262
44307
44374
45026
45086
45391
45606
46573
47093
47205
47716
47737
48789
49340
49732
49912
50004
50234
51105
51352
51433
51665
53115
53198
53274
53399
53562
54279
55282
55527
55536
55579
55958
56700
56850
56989
58286
59974
60248
60664
60703
60812
60849
61015
61953
62017
62026
62487
63017
63092
64349
65180
66219
66795
67455
67851
68238
68290
69064
69330
69421
70522
70766
71291
71333
72140
72438
73024
75303
75794
76617
76810
77582
77624
77680
78728
79008
79396
79844
80099
80171
80210
81774
81982
82177
82506
82539
82641
83059
83913
84271
84878
85150
87127
87172
87175
87289
87547
88094
90752
90886
91035
91523
91734
95558
96282
96424
96846
97251
98053
98904
99576
100499
100512
101342
101693
101738
101898
102179
102319
103157
103939
103960
105090
105654
105664
105910
106685
107728
107770
108337
108385
108423
108516
109014
109101
109826
110205
110957
111183
111407
111861
112454
112475
112492
113843
113995
114325
114655
115140
115509
115525
115567
116257
116598
116728
116993
117171
118102
118258
118727
118990
119072
119704
120060
120903
121291
121379
121889
122055
122951
124759
124959
125060
125394
125587
126416
126432
127712
127971
128578
128961
129227
130231
131340
131865
131999
134335
134488
134874
135058
135810
136060
136967
137779
139088
139249
139332
139579
139595
139909
142073
142451
143693
144457
144858
144983
145166
145639
145742
146103
146258
148343
148988
149217
149400
149431
150860
151675
151938
151969
152837
153234
153260
153511
153739
153762
154327
154347
154791
155122
155607
155829
157650
158259
159157
159473
164821
164841
164865
165698
166231
167111
168851
169785
170012
170519
170733
171210
171698
173915
174192
174990
175688
176263
176981
177376
177761
178285
178953
179408
180396
181530
183681
183687
184278
185813
187597
188615
188912