51
59
197
223
438
855
1254
1601
1688
2085
2183
2227
2977
3109
3113
3688
3968
5017
5022
5217
5791
5945
6100
6172
6796
6850
6869
6945
7265
8103
8112
8570
8757
9430
9929
10370
11250
12062
12823
13147
13374
13658
13819
14939
15008
15352
15778
16540
18251
18491
19739
20141
20251
20371
20455
21749
23453
23983
24001
24434
24549
24758
25223
25645
25801
26005
26368
27358
27710
28139
28551
29156
29195
29495
29643
29707
29954
29993
30415
30429
31050
31440
31750
31828
32051
32059
32758
32854
33025
33496
34019
35207
35900
36161
36189
37866
37993
38471
39108
40122
40745
41871
41927
42135
42149
43028
43186
43198
44241
44459
44470
44701
44880
45203
45475
45658
46270
46316
46839
47117
47547
47758
48184
49107
49180
49957
50478
51768
52844
54285
54993
55202
55574
56522
56710
56748
58155
58249
58905
59167
59361
59441
60653
61188
61390
61726
62465
62772
62961
63039
64269
64341
64683
65347
65794
67104
67391
67541
67807
67865
68193
68328
68982
68992
69072
69305
69336
69762
70010
70507
70510
70989
71263
71999
72140
72266
72438
72792
73509
73784
74406
77992
78076
78404
78877
79163
79569
79638
81001
81448
81592
82692
83874
84446
84962
84971
85272
85835
85846
86554
86581
86810
86919
87501
87531
87601
87667
89445
89547
89783
90843
91178
91498
91598
91993
93244
93532
94321
94792
97414
98135
98871
99256
99963
100179
101730
101893
102008
102195
102340
103152
103252
103492
103535
104722
104770
104841
105659
105693
106105
107583
107703
107730
107986
108328
108423
108825
108980
109545
110393
111589
111793
112315
112645
113643
114379
115825
115893
116061
116253
116407
116490
116755
116910
117209
118536
118841
119015
119968
120011
120434
121151
121424
121514
123728
123871
124096
124273
124760
124801
125075
125593
125782
126521
126578
128607
128659
128788
131346
132785
132881
133486
135822
135977
136201
139615
143168
143418
143671
144391
144422
145054
145080
145133
145706
146147
146183
146799
147134
147939
148447
148742
149015
150996
151326
151619
151656
151692
152220
153043
153334
153838
153890
154276
155553
155893
156187
158064
158258
159364
160245
160568
162181
164075
164331
164877
164884
165242
165272
165689
166234
167737
168371
168869
169140
169213
169278
170346
170434
170542
170557
171147
171465
171911
172602
172822
174153
174594
174904
174930
175048
175086
176168
176250
176355
176418
176542
177235
177853
178131
179750
180402
180745
181324
181494
181708
182700
183742
183978
185276
186151
186500
186721
186725
186788
186869
186944
187136