69
419
2342
2511
3373
4035
4709
5731
5797
5961
6429
7233
7356
7920
8541
9449
10027
10502
10702
11015
11186
11331
12144
12168
12171
13033
13151
14132
14535
15325
15340
15366
15500
15859
16078
16233
16245
16526
16647
16678
17112
17199
17645
17721
18995
19118
19613
19629
19633
19696
19827
20065
20529
20631
21599
21856
21918
21989
22052
22667
23130
23204
23448
24188
24200
24283
25462
25900
25939
26355
27010
27352
27843
28054
28083
28400
28799
29010
29407
29703
29844
30263
30453
30499
31006
31296
31943
32243
32829
32874
33640
33901
35143
35225
35516
35669
35798
36425
36430
36893
37122
37894
39762
39852
40585
40899
41258
41724
41838
41842
41907
42068
42106
42124
43571
43709
43963
44272
44946
44960
45030
45510
46437
46495
46870
47547
47628
48046
48174
48565
48710
48774
49340
49981
50061
50730
50929
51230
51277
51789
51859
52155
52181
52312
52542
53117
53139
53167
53304
54281
54852
55033
55693
55918
57689
58344
58355
59156
59932
60294
60453
60767
60973
61094
61141
61370
61565
61698
62031
62324
62583
62935
62997
63453
63772
63884
63905
66026
66138
66805
67032
67609
69098
70507
70748
71230
71383
71481
71579
71720
71803
72109
72119
72677
72816
73570
74025
75936
76916
77407
78233
78420
78438
78723
78773
78884
78974
79279
80778
80796
80989
81472
81710
81893
82489
82891
84272
84887
85084
85803
87103
87116
87295
87683
88060
88250
88436
88447
88452
88470
88490
89012
89903
90656
90772
91686
91852
92843
93442
93487
94180
94774
94792
94844
95522
95774
96036
96420
97385
97463
98644
98827
99263
99504
100752
100767
101677
101704
102375
102646
103841
104342
104712
105278
105671
106403
107006
108385
108423
108463
109189
110860
111397
111515
112333
112484
112671
113173
113865
114225
114325
114906
115266
115734
116064
116128
116260
117171
117202
117432
117551
117765
117963
118598
118617
118990
119044
119176
119288
119999
120197
121159
121880
122204
122470
122499
122884
124004
124045
124169
124292
125155
125915
127172
127381
128334
128425
128458
128690
128826
128848
128884
128897
129752
129850
130632
131712
132567
132774
133013
133790
134276
134304
134894
134901
135080
135373
135738
137086
137409
137662
137776
138304
138697
138784
140278
140473
141079
141291
141320
141727
141925
142510
142653
143014
143191
144884
145044
145072
145345
145500
145779
146159
147322
148887
151593
151609
151619
151814
151951
152238
152720
152832
153879
154044
154210
154813
155191
155201
155743
156013
156187
156226
156811
156853
156982
157196
157683
157873
158151
158185
160018
160281
161064
163113
163450
164014
164113
164554
165454
165688
165712
165868
166236
166416
166898
166992
167138
167839
168302
168494
168798
169949
170968
171192
171791
172370
173340
174632
175591
175869
176094
176318
177253
177462
177782
177964
178234
178803
179293
179407
179476
180057
180703
181260
181602
181802
181995
185456
185992
186403
186696
187079
187153
188309