"e3d394b844a81dc5" 17 184 629 144 102 51 4869 5040 80 199627 17627 2144 80 231 1366 90 1053 1179 1170459 -1 -1 0 0 0 0 0 0 0 0 0 0 0 0 0 0 0 0 0 0 0 0
"a07d97cb5c1df217" 23 1140 818 4 70 80 1866 184 2995 549 80 199627 90 238 330 185 16520 1060 80 16520 11 10391 61 1179 1170460 -1 -1 0 0 0 0 0 0 0 0 0 0 0 0 0 0 0 0 0 0 0 0
"f917685e8db1b849" 18 288 44 30 440 80 200450 212 51 1895 80 199627 257 859 27 271 3917 9021 1179 1170461 -1 -1 0 0 0 0 0 0 0 0 0 0 0 0 0 0 0 0 0 0 0 0
"70a9390b0e7a995d" 19 158 184 56 11 1082 24 206 80 199627 352 835 28 1594 80 807 255 68 1745 1179 1170462 -1 -1 0 0 0 0 0 0 0 0 0 0 0 0 0 0 0 0 0 0 0 0
"91edc57e10113eee" 20 1112 369 12 1368 144 103 275 80 199627 192 386 166 369 11 20 544 408 103 7387 199372 1170463 -1 -1 0 0 0 0 0 0 0 0 0 0 0 0 0 0 0 0 0 0 0 0
"1eb2bf980e113f73" 39 16520 1771 49 28 3012 80 550 30 1772 199627 249 30 82 10290 234820 80 369 146 283 1043 199627 44 103 39 154 19717 19 520 14 80 199627 369 707 544 90 232 548 9445 1179 1170464 -1 -1 0 0 0 0 0 0 0 0 0 0 0 0 0 0 0 0 0 0 0 0
"c325b64a6f9eded1" 35 150 61 10290 770 738 80 146 454 1050 80 199627 18227 83 21282 102 550 51 1209 77 4688 80 199627 49 4 25 28 319 80 173 30 3120 77 28 246 1179 1170465 -1 -1 0 0 0 0 0 0 0 0 0 0 0 0 0 0 0 0 0 0 0 0
"52d4dbdd91ed95ff" 30 16520 3672 1913 80 74 206 19 2644 768 436 80 199627 249 456 891 6 208 28 139 80 369 2432 51 2597 102 51 7666 70 621 1179 1170466 -1 -1 0 0 0 0 0 0 0 0 0 0 0 0 0 0 0 0 0 0 0 0
"475e93197c310776" 26 158 4 22306 14 4181 80 4 634 1080 28 646 80 199627 229 74 4837 80 4 71 2952 42 768 92 28 4275 1179 1170467 -1 -1 0 0 0 0 0 0 0 0 0 0 0 0 0 0 0 0 0 0 0 0
"f293ad529058ea4d" 28 158 184 56 11 3569 80 106 30 1775 44 271 126 80 199627 4 185 4 127 51 3012 80 249 114 4 4758 28 21845 199372 1170468 -1 -1 0 0 0 0 0 0 0 0 0 0 0 0 0 0 0 0 0 0 0 0
"4646540b4a1fe293" 29 30 26838 216 102 80 229 74 4635 80 1267 855 80 199627 4 283 7654 53 456 4 4633 49 770 80 550 70 44 108 896 1179 1170469 -1 -1 0 0 0 0 0 0 0 0 0 0 0 0 0 0 0 0 0 0 0 0
"e3e15c0cc8efd18d" 26 28 234821 102 54743 80 18527 90 33958 80 199627 1267 460 1957 70 30 3484 90 3351 80 43 330 407 36 80 27011 1179 1170470 -1 -1 0 0 0 0 0 0 0 0 0 0 0 0 0 0 0 0 0 0 0 0
"4d068cbc809cd9dd" 35 6 283 60 1954 80 184 229 5329 80 11 33192 997 6672 80 199627 11 102 150 783 3577 80 632 30962 80 199627 798 9403 36 51 2919 80 74 248 5852 1179 1170471 -1 -1 0 0 0 0 0 0 0 0 0 0 0 0 0 0 0 0 0 0 0 0
"455637d16e8c9895" 23 369 1873 28 1964 80 791 44 62679 199627 456 4 106 7203 80 11 757 42 19 30 1160 80 16506 1179 1170472 -1 -1 0 0 0 0 0 0 0 0 0 0 0 0 0 0 0 0 0 0 0 0
"c85f04e1ecbb44e0" 25 352 7962 83 28 10270 80 89 848 184 96 51 108 206 199627 44 103 4127 779 80 184 70 106 192 1366 1179 1170473 -1 -1 0 0 0 0 0 0 0 0 0 0 0 0 0 0 0 0 0 0 0 0
"978827ca3fe1762b" 29 369 106 4 160 19 14 80 1267 460 1957 43 330 251 90 511 199627 83 103 2782 80 199375 630 603 70 5059 36 243 31936 1179 1170474 -1 -1 0 0 0 0 0 0 0 0 0 0 0 0 0 0 0 0 0 0 0 0
"ad7105be47655928" 26 369 12 20 382 1191 80 4 153 16520 1000 76 199627 460 14 154 61 80 369 166 283 527 80 6233 90 4593 2743 1170475 -1 -1 0 0 0 0 0 0 0 0 0 0 0 0 0 0 0 0 0 0 0 0
"625a2cc54fc8e7f0" 26 120 14 1183 4 559 369 855 891 44 28 8818 199627 90 4 153 11 43 60 1357 80 1267 32 3274 90 1331 1179 1170476 -1 -1 0 0 0 0 0 0 0 0 0 0 0 0 0 0 0 0 0 0 0 0
"7e6d9697d048d3fc" 23 807 747 253 80 352 7962 83 28 10270 199627 184 119 60 30 4327 139 80 70 621 90 70 1237 1179 1170477 -1 -1 0 0 0 0 0 0 0 0 0 0 0 0 0 0 0 0 0 0 0 0
"178b0b385b876ad7" 27 4 283 7654 53 80 783 3577 80 6 120 154 283 4 89 199627 90 4 153 11 43 60 1357 80 457 154 5228 1179 1170478 -1 -1 0 0 0 0 0 0 0 0 0 0 0 0 0 0 0 0 0 0 0 0
"a7823c644e0f958d" 28 1267 460 1957 43 330 407 749 36 80 453 8 5554 656 199627 192 1779 4 166 283 1156 60 80 11 120 30 3455 7775 1179 1170479 -1 -1 0 0 0 0 0 0 0 0 0 0 0 0 0 0 0 0 0 0 0 0
"7bca1bbfde326516" 29 16520 174 396 19 4758 80 120 172 41 14 199627 249 4 808 12 20 28 1191 80 185 4 127 51 3012 102 51 72919 3290 1179 1170480 -1 -1 0 0 0 0 0 0 0 0 0 0 0 0 0 0 0 0 0 0 0 0
"2887b3212b4dca7e" 30 369 106 4 160 19 14 80 1767 11 234822 36 51 2919 199627 249 369 22 120 60 1525 14 89 80 1514 369 390 16520 1418 932 1179 1170481 -1 -1 0 0 0 0 0 0 0 0 0 0 0 0 0 0 0 0 0 0 0 0
"af4d144cad8015c5" 32 369 4117 158 330 152 19 632 14 80 199375 11 232 1618 28 1059 199627 90 4 185 38176 1778 80 475 369 106 102 51 4375 44 297 1877 1179 1170482 -1 -1 0 0 0 0 0 0 0 0 0 0 0 0 0 0 0 0 0 0 0 0
"4724697d85752f25" 26 28 379 102 245 120553 80 1334 54743 44 6398 199627 119 28 126 340 691 80 90 4 127 30 2343 19 28 600 1179 1170483 -1 -1 0 0 0 0 0 0 0 0 0 0 0 0 0 0 0 0 0 0 0 0
"07f407067d7129ed" 26 369 166 7054 60 80 1514 369 390 199627 369 12 20 382 1191 80 212 382 1156 28 31252 90 146 120 382 1863 1179 1170484 -1 -1 0 0 0 0 0 0 0 0 0 0 0 0 0 0 0 0 0 0 0 0
"8936fcc1fbcf3f2e" 37 5942 5004 36 4181 80 352 6 824 178 30 4275 80 199627 43 369 1015 4 80 5942 20 6488 154 2091 788 2267 1179 199627 26838 12196 102 51 4164 80 106 30 5594 1179 1170485 -1 -1 0 0 0 0 0 0 0 0 0 0 0 0 0 0 0 0 0 0 0 0
"52cb7a7601d4cb8b" 36 127 51 23810 22308 14 2353 80 798 71 2952 199627 456 369 283 28 37453 83 80 229 74 7942 1179 199627 2551 184 56 8980 849 80 278 103 3645 80 103 2602 1179 1170486 -1 -1 0 0 0 0 0 0 0 0 0 0 0 0 0 0 0 0 0 0 0 0
"46779e92838f9e8e" 27 4 114 212 382 80 352 11 51 2187 83 28 435 80 199627 425 16520 277 19 1747 6058 4539 80 453 60 51 6494 1179 1170487 -1 -1 0 0 0 0 0 0 0 0 0 0 0 0 0 0 0 0 0 0 0 0
"d4a959f5036fc525" 47 330 71 780 36385 80 16520 30 340 2565 80 199627 283 28 37453 83 80 4 6 251 74 5873 80 106 199627 28 16300 15492 4553 80 279 44 28 4942 199627 249 199375 808 629 76 83 31 80 860 1080 28 646 1179 1170488 -1 -1 0 0 0 0 0 0 0 0 0 0 0 0 0 0 0 0 0 0 0 0
"4392618e1e71067a" 26 456 369 606 28 600 80 369 106 4 2233 160 19 14 80 199627 249 369 808 166 5843 103 34479 80 103 23911 1179 1170489 -1 -1 0 0 0 0 0 0 0 0 0 0 0 0 0 0 0 0 0 0 0 0
"fcca3793f2177bea" 49 456 173 231 1043 80 199375 20 30 161 19 4930 80 199627 352 7962 83 28 10270 90 1357 4 36 51 1895 1179 199627 90 456 173 42 735 14 80 199375 656 150 20940 80 199627 860 13 30 962 90 4300 72 30 14548 1179 1170490 -1 -1 0 0 0 0 0 0 0 0 0 0 0 0 0 0 0 0 0 0 0 0
"9a5c0abaaa99f0e4" 26 4 153 16520 1000 76 80 255 3846 60 19 30 7289 80 199627 158 184 56 11 3569 80 630 804 70 30 26440 1179 1170491 -1 -1 0 0 0 0 0 0 0 0 0 0 0 0 0 0 0 0 0 0 0 0
"5f705fc63b9b88f6" 54 4 390 184 6392 80 249 4 6 153 28 706 80 199627 71 6569 28 646 80 1183 245 4179 80 1183 245 3428 1179 199627 285 158 4 127 17287 80 234823 2952 43 4 22306 80 82 199627 768 860 20 14144 470 456 369 629 36 4 80 17347 1179 1170492 -1 -1 0 0 0 0 0 0 0 0 0 0 0 0 0 0 0 0 0 0 0 0
"df508b01e7d13943" 48 90 4 127 30 2343 19 8568 28 246 80 199627 127 60 16547 44 28 5754 102 51 234824 4688 1179 199627 43 369 1015 4 80 199375 460 4 70 77 14 80 199627 11 481 150 1312 44 14 90 1269 1231 1232 544 1179 1170493 -1 -1 0 0 0 0 0 0 0 0 0 0 0 0 0 0 0 0 0 0 0 0
"56e693fb5299fdf7" 50 1767 127 243 34479 798 166 5843 80 231 192 15393 80 199627 1482 30 39 5786 406 88 80 231 3448 1179 199627 807 15195 88 4355 80 127 88 2359 102 51 7534 80 199627 249 798 166 707 30 1035 80 798 1483 102 51 4373 1179 1170494 -1 -1 0 0 0 0 0 0 0 0 0 0 0 0 0 0 0 0 0 0 0 0
"37dedb89ae86f743" 42 89 25 30 4366 80 184 779 70 1237 722 80 199627 37908 90 31334 80 184 70 7842 1179 199627 791 44 30 3821 80 249 184 2995 549 80 199627 1334 30 13061 90 13930 77 103 5086 61 1179 1170495 -1 -1 0 0 0 0 0 0 0 0 0 0 0 0 0 0 0 0 0 0 0 0
"61de4a0178b54b22" 51 16520 30 4376 77 103 4453 80 2688 77 28 4454 80 199627 120 14 1183 4 559 369 855 891 80 60 229 74 706 1179 199627 166 563 4758 14 80 120 172 41 14 80 199627 249 4 232 332 80 1786 4 127 51 1404 3012 1179 1170496 -1 -1 0 0 0 0 0 0 0 0 0 0 0 0 0 0 0 0 0 0 0 0
"78ce34ed0b7e5185" 28 460 14 154 108 2642 80 1024 6 4 638 24 80 199627 90 199375 2380 28 1257 90 4300 102 243 7294 80 146 757 24 1179 1170497 -1 -1 0 0 0 0 0 0 0 0 0 0 0 0 0 0 0 0 0 0 0 0
"1eb22db01ad54ce4" 27 456 4 3714 44 28 1895 80 4 390 1334 11 410 80 199627 249 456 4 106 7203 80 344 456 271 61 146 6829 1179 1170498 -1 -1 0 0 0 0 0 0 0 0 0 0 0 0 0 0 0 0 0 0 0 0
"c986cc7ec5336599" 25 184 16558 102 7522 408 51 722 1043 1344 80 199627 271 1884 1532 3378 10525 283 150 82 80 200450 208 19 1344 2743 1170499 -1 -1 0 0 0 0 0 0 0 0 0 0 0 0 0 0 0 0 0 0 0 0
"7415d7fd23909b26" 24 16520 192 1779 4 166 563 283 1156 14 80 199627 249 369 106 102 51 4375 80 352 12 20 28 1191 1179 1170500 -1 -1 0 0 0 0 0 0 0 0 0 0 0 0 0 0 0 0 0 0 0 0
"d3440e3a7aa59e1e" 22 1024 915 127 14 231 245 619 77 139 80 199627 352 747 19 208 80 200450 119 60 4327 139 1179 1170501 -1 -1 0 0 0 0 0 0 0 0 0 0 0 0 0 0 0 0 0 0 0 0
"8f4e59e0827ebbcd" 33 90 4 185 10525 38176 1778 2743 10525 102 4 153 66 42 80 199627 509 369 1873 28 1964 83 150 1797 80 150 517 83 28 4207 80 66 42 199372 1170502 -1 -1 0 0 0 0 0 0 0 0 0 0 0 0 0 0 0 0 0 0 0 0
"6625bb17688f383a" 40 386 5632 103 61 456 184 153 550 340 199372 199627 4 1310 369 391 64 83 245 234825 18010 2565 80 199627 249 369 127 74 1047 83 28 7014 80 369 1596 80 369 232 60 340 1179 1170503 -1 -1 0 0 0 0 0 0 0 0 0 0 0 0 0 0 0 0 0 0 0 0
"62eda7a83e67bd83" 25 158 173 49 14 80 4 596 153 30 2565 80 199627 4 658 535 108 80 344 30 1022 19 20 36 340 1179 1170504 -1 -1 0 0 0 0 0 0 0 0 0 0 0 0 0 0 0 0 0 0 0 0
"595a7736cf8f5b1e" 28 184 127 10191 80 184 956 1231 1232 44 103 4633 80 199627 90 158 369 293 4 10700 80 369 599 4 114 3251 30 2644 1179 1170505 -1 -1 0 0 0 0 0 0 0 0 0 0 0 0 0 0 0 0 0 0 0 0
"617ecabf9bc4fe9c" 60 184 153 184 127 245 4880 80 249 184 114 453 60 1209 80 199627 74 161 299 1467 14 559 19 61 80 1540 369 229 51 5155 80 199627 11 757 53 14 53 30 362 2203 80 28 234826 83 28 6737 80 199627 16520 747 19 460 4 70 28 61 80 166 4 1028 199372 1170506 -1 -1 0 0 0 0 0 0 0 0 0 0 0 0 0 0 0 0 0 0 0 0
"9f3fc5999e0cf7c0" 48 184 590 5845 60 89 80 1269 103 61 83 1749 80 199627 90 184 255 378 80 537 80 344 271 234827 3623 80 199627 18815 83 245 2465 102 103 80 456 1334 70 172 80 199627 550 102 271 61 104 26742 44 1243 1179 1170507 -1 -1 0 0 0 0 0 0 0 0 0 0 0 0 0 0 0 0 0 0 0 0
"f2ec35a236e1f2aa" 52 3935 391 30 7662 77 30 3344 475 184 75 44 61 80 199627 90 28 1180 80 550 30 1428 369 255 283 30 1891 370 80 199627 13553 28 6242 80 2441 4 106 245 619 77 139 80 199627 344 559 184 1057 271 2567 788 897 621 1179 1170508 -1 -1 0 0 0 0 0 0 0 0 0 0 0 0 0 0 0 0 0 0 0 0
"6ad05101e727913f" 31 199373 119 845 19 2174 51 37300 1237 36 4 80 199627 249 53 30 176 77 30 621 80 4 1267 453 42 150 29 34 80 550 33 1179 1170509 -1 -1 0 0 0 0 0 0 0 0 0 0 0 0 0 0 0 0 0 0 0 0
"c5b352c604b15482" 27 369 477 27 28 15850 80 192 184 19811 42 51 4872 80 199627 90 425 184 83 154 4823 80 280 1138 80 2659 811 1179 1170510 -1 -1 0 0 0 0 0 0 0 0 0 0 0 0 0 0 0 0 0 0 0 0
"d1fc689e4bdd58db" 23 330 76 749 2348 4652 90 1082 28 1818 80 199627 249 369 229 251 60 80 369 146 1312 30 819 1179 1170511 -1 -1 0 0 0 0 0 0 0 0 0 0 0 0 0 0 0 0 0 0 0 0
"e2789b12eb4413b3" 18 725 722 874 80 1409 4771 90 46328 80 199627 249 60 443 7731 14 19 8186 1179 1170512 -1 -1 0 0 0 0 0 0 0 0 0 0 0 0 0 0 0 0 0 0 0 0
"299e53e6df38eb33" 24 51 61 192 1364 80 550 102 51 38162 6655 80 199627 120 60 20 14 80 425 90 1274 80 344 60 1179 1170513 -1 -1 0 0 0 0 0 0 0 0 0 0 0 0 0 0 0 0 0 0 0 0
"81e6ea9187ba51ec" 25 3935 391 30 7662 77 30 3344 184 10175 83 80 199627 249 199375 146 278 4 80 271 61 378 146 20 2157 1179 1170514 -1 -1 0 0 0 0 0 0 0 0 0 0 0 0 0 0 0 0 0 0 0 0
"1d2813e9409762fe" 25 369 12 20 150 6302 80 212 4 72 30 3343 80 199627 17674 83 30 5235 80 49 4 80 16520 146 738 1179 1170515 -1 -1 0 0 0 0 0 0 0 0 0 0 0 0 0 0 0 0 0 0 0 0
"66a9137505acec6a" 24 127 297 476 908 80 166 120 1957 208 76 77 2425 80 199627 6174 790 80 102 51 13686 44 30 1237 1179 1170516 -1 -1 0 0 0 0 0 0 0 0 0 0 0 0 0 0 0 0 0 0 0 0
"dc4a8393fc36c506" 27 1112 369 2143 80 242 369 174 396 19 4758 199372 199627 249 1364 1478 28 246 80 369 153 16520 511 513 11 51 34316 1179 1170517 -1 -1 0 0 0 0 0 0 0 0 0 0 0 0 0 0 0 0 0 0 0 0
"bdec25582d4166e5" 28 199374 255 254 19 61 30 147 44 30 1237 1121 80 199627 249 425 369 229 251 60 80 199375 11 2380 28 1257 90 4300 1179 1170518 -1 -1 0 0 0 0 0 0 0 0 0 0 0 0 0 0 0 0 0 0 0 0
"eac025118a06311c" 25 859 146 20 172 80 550 11 4 90 14 80 199627 1409 271 908 80 184 114 119 60 80 592 90 13 1179 1170519 -1 -1 0 0 0 0 0 0 0 0 0 0 0 0 0 0 0 0 0 0 0 0
"8686af70e456d4be" 26 590 5845 60 70 89 80 74 161 378 3237 14 80 199627 199375 146 460 42 80 144 30 2602 80 199375 707 544 1179 1170520 -1 -1 0 0 0 0 0 0 0 0 0 0 0 0 0 0 0 0 0 0 0 0
"1f299aa264f444c8" 19 807 102 51 1010 80 28 613 4630 80 199627 807 28 541 80 541 369 12 20 1179 1170521 -1 -1 0 0 0 0 0 0 0 0 0 0 0 0 0 0 0 0 0 0 0 0
"d16ba894706d7994" 23 158 4 49 14 80 4 153 860 255 535 80 199627 1525 60 83 348 80 859 453 103 61 3843 1179 1170522 -1 -1 0 0 0 0 0 0 0 0 0 0 0 0 0 0 0 0 0 0 0 0
"c9ce27075324a949" 21 297 566 30 3852 80 859 146 278 80 199627 102 4484 44 30 3257 80 859 255 20 1269 1179 1170523 -1 -1 0 0 0 0 0 0 0 0 0 0 0 0 0 0 0 0 0 0 0 0
"e1eb6090bdb0888a" 22 1093 114 283 4 3490 102 51 466 6545 80 199627 4 1310 369 391 11 245 511 21423 2144 1597 1179 1170524 -1 -1 0 0 0 0 0 0 0 0 0 0 0 0 0 0 0 0 0 0 0 0
"6fd7ab818b96c44c" 25 74 161 299 1467 14 559 19 61 80 199627 249 158 1334 17 1138 58 184 767 102 2865 80 344 66 42 1179 1170525 -1 -1 0 0 0 0 0 0 0 0 0 0 0 0 0 0 0 0 0 0 0 0
"a454768c198cd65f" 24 4 1267 283 89 83 30 1307 90 5843 60 80 199627 757 53 14 5076 53 103 362 2203 80 11 1019 1179 1170526 -1 -1 0 0 0 0 0 0 0 0 0 0 0 0 0 0 0 0 0 0 0 0
"26dcedac4dd10357" 23 330 146 956 8 7775 80 330 146 707 144 80 199627 74 7 36 3144 80 330 119 43 330 119 1179 1170527 -1 -1 0 0 0 0 0 0 0 0 0 0 0 0 0 0 0 0 0 0 0 0
"78cc1c289677d6f6" 26 369 484 74 15850 249 28 234828 28 1749 80 199627 550 30 443 1428 369 283 19 1873 28 6242 80 6043 28 3623 1179 1170528 -1 -1 0 0 0 0 0 0 0 0 0 0 0 0 0 0 0 0 0 0 0 0
"8f919840160e5d2f" 22 184 83 154 4823 249 568 80 550 11 770 80 199627 11 1751 154 3913 90 200450 453 245 17768 1179 1170529 -1 -1 0 0 0 0 0 0 0 0 0 0 0 0 0 0 0 0 0 0 0 0
"8170cfb6b470bb6b" 19 74 6947 80 11 227 544 80 199627 2098 2539 2098 80 43 51 1010 60 56 20 1179 1170530 -1 -1 0 0 0 0 0 0 0 0 0 0 0 0 0 0 0 0 0 0 0 0
"76995f1c95c46ba6" 27 184 944 20 299 12929 80 255 32 83 5434 80 199627 200449 1151 255 68 2253 19 2369 80 271 1312 11120 3274 80 35164 1179 1170531 -1 -1 0 0 0 0 0 0 0 0 0 0 0 0 0 0 0 0 0 0 0 0
"fdee47f067e51d57" 27 127 74 1047 83 28 7014 80 16520 2203 509 51 6271 80 199627 192 200450 1525 76 150 46044 80 1394 90 232 60 257 1179 1170532 -1 -1 0 0 0 0 0 0 0 0 0 0 0 0 0 0 0 0 0 0 0 0
"ec0f232c37d5ae0f" 19 33161 369 153 4 106 30 1299 139 174 80 199627 1478 28 246 80 550 443 4 1179 1170533 -1 -1 0 0 0 0 0 0 0 0 0 0 0 0 0 0 0 0 0 0 0 0
"1c88eb98f8f5fb78" 21 3251 90 278 80 120 208 77 30 1841 80 199627 7818 603 49 1349 80 103 231 22 151 1179 1170534 -1 -1 0 0 0 0 0 0 0 0 0 0 0 0 0 0 0 0 0 0 0 0
"942310052e5fbfc0" 25 1003 150 1059 80 120 30 1180 212 451 80 199627 4 1267 453 42 150 29 34 80 388 42 150 234829 2344 1179 1170535 -1 -1 0 0 0 0 0 0 0 0 0 0 0 0 0 0 0 0 0 0 0 0
"eaa118afeabb4250" 24 199373 2174 51 37300 1237 11 19 20 49 4 80 199627 4 153 184 127 4880 80 249 859 453 60 144 1179 1170536 -1 -1 0 0 0 0 0 0 0 0 0 0 0 0 0 0 0 0 0 0 0 0
"2281a6f6a0d9a466" 26 1364 1478 28 246 551 51 3623 80 199627 249 330 20 42889 28 4485 80 199627 4 11 1267 120 208 90 283 89 1179 1170537 -1 -1 0 0 0 0 0 0 0 0 0 0 0 0 0 0 0 0 0 0 0 0
"7bd6811093c294b1" 33 184 127 10191 80 956 271 139 19 1231 1232 80 199627 44 51 39 475 3935 391 30 443 7662 80 199627 74 161 299 1467 14 43 61 4436 9405 1179 1170538 -1 -1 0 0 0 0 0 0 0 0 0 0 0 0 0 0 0 0 0 0 0 0
"e72fd11598ecaab3" 19 383 44 30 1022 106 192 3273 80 199627 1267 283 42 90 1003 150 1059 80 1024 1179 1170539 -1 -1 0 0 0 0 0 0 0 0 0 0 0 0 0 0 0 0 0 0 0 0
"ee8577d059bf3d1c" 36 352 127 15140 80 146 1312 51 6824 352 185 80 199627 3473 1215 19 297 1214 80 15405 603 11456 80 199627 249 297 290 251 245 283 24 80 1267 1629 150 24 1179 1170540 -1 -1 0 0 0 0 0 0 0 0 0 0 0 0 0 0 0 0 0 0 0 0
"083c254689dc2605" 33 184 114 185 910 80 541 944 176 80 199627 1514 798 2144 44 30 706 80 255 1630 80 199627 90 563 456 184 390 1767 370 80 5941 255 378 1179 1170541 -1 -1 0 0 0 0 0 0 0 0 0 0 0 0 0 0 0 0 0 0 0 0
"7a7167d9b1363dc1" 25 481 14 44 150 45756 80 212 14 83 51 1895 80 199627 90 16520 2348 283 28 241 42 80 369 1267 8407 1179 1170542 -1 -1 0 0 0 0 0 0 0 0 0 0 0 0 0 0 0 0 0 0 0 0
"a5e84c79188bf8df" 23 967 19 103 2651 80 114 4 106 30 4869 199372 199627 1003 150 1059 80 4 153 199375 293 4 10700 1179 1170543 -1 -1 0 0 0 0 0 0 0 0 0 0 0 0 0 0 0 0 0 0 0 0
"4b47f01e484e6f8e" 33 1267 232 28 1964 595 49 245 23356 43227 80 199627 3473 1215 19 297 1214 80 206609 10876 80 199627 249 158 369 35 80 199375 35 172 80 369 153 1179 1170544 -1 -1 0 0 0 0 0 0 0 0 0 0 0 0 0 0 0 0 0 0 0 0
"b9048cf05efc8476" 22 3935 391 30 443 7662 184 56 13 80 199627 49 154 2268 83 5411 80 550 206 19 20 544 1179 1170545 -1 -1 0 0 0 0 0 0 0 0 0 0 0 0 0 0 0 0 0 0 0 0
"c7d45bfb37dd2e50" 38 369 6 7 74 3645 80 16520 11 2348 283 28 241 42 80 199627 4 114 32 1138 1031 4 1267 283 89 80 199627 90 154 2268 83 5411 80 229 146 10721 24 406 1179 1170546 -1 -1 0 0 0 0 0 0 0 0 0 0 0 0 0 0 0 0 0 0 0 0
"f41805a15690f131" 38 184 56 212 51 2934 866 30 15728 10379 25 30 337 80 199627 249 352 127 15140 80 6 35 36 382 5854 80 199627 184 146 1466 19 20 1734 80 859 146 20 37044 1179 1170547 -1 -1 0 0 0 0 0 0 0 0 0 0 0 0 0 0 0 0 0 0 0 0
"3bfdff7d8646754b" 35 4 1267 20 747 36 1750 2287 150 139 80 199627 757 53 14 53 30 362 2203 80 16520 82975 80 199627 297 290 251 245 283 24 80 249 330 166 32 1179 1170548 -1 -1 0 0 0 0 0 0 0 0 0 0 0 0 0 0 0 0 0 0 0 0
"422cf0b2d95540d6" 32 369 7 511 23356 43227 19 595 28 34 80 199627 330 42889 28 27550 90 369 166 21667 80 199627 144 28 28847 199375 3569 80 630 60 70 804 1179 1170549 -1 -1 0 0 0 0 0 0 0 0 0 0 0 0 0 0 0 0 0 0 0 0
"4e266ea3b8e23c61" 22 4 904 19 6118 43 4 13 44 14 80 199627 249 425 60 786 102 150 246 948 650 12620 1179 1170550 -1 -1 0 0 0 0 0 0 0 0 0 0 0 0 0 0 0 0 0 0 0 0
"bf5342735f7d4707" 25 184 70 928 4 83 271 139 24 348 80 199627 158 798 254 19 1394 80 798 558 96 9778 42 30 2603 1179 1170551 -1 -1 0 0 0 0 0 0 0 0 0 0 0 0 0 0 0 0 0 0 0 0
"db5af2624a35d27d" 19 369 106 102 16520 408 76 103 39 80 199627 90 16520 11 227 275 102 43299 2596 1179 1170552 -1 -1 0 0 0 0 0 0 0 0 0 0 0 0 0 0 0 0 0 0 0 0
"d95320e882ae2a87" 20 456 290 251 245 283 24 80 199627 369 11 120 1957 1895 80 120 1957 13 30 2425 1179 1170553 -1 -1 0 0 0 0 0 0 0 0 0 0 0 0 0 0 0 0 0 0 0 0
"a62e80826f22c047" 23 369 1866 96 51 8498 6515 80 249 1629 14 1209 80 199627 199375 453 154 291 22958 80 453 318 6342 1179 1170554 -1 -1 0 0 0 0 0 0 0 0 0 0 0 0 0 0 0 0 0 0 0 0
"5651c2d2ee5f9d3f" 20 161 151 1237 83 103 1389 80 43 51 5165 80 199627 227 44 748 77 245 43341 14309 1179 1170555 -1 -1 0 0 0 0 0 0 0 0 0 0 0 0 0 0 0 0 0 0 0 0
"97057ccba7b0faaa" 28 184 234830 1580 80 2990 275 102 51 4044 80 199627 249 848 617 391 51 1781 25 30 646 77 27205 80 227 83 51 27377 1179 1170556 -1 -1 0 0 0 0 0 0 0 0 0 0 0 0 0 0 0 0 0 0 0 0
"a3d04b19af01083e" 23 352 816 30 15430 3396 80 344 11 559 352 26414 80 199627 249 4 251 30 3645 80 90 352 835 1179 1170557 -1 -1 0 0 0 0 0 0 0 0 0 0 0 0 0 0 0 0 0 0 0 0
"8eeaab456f3492ad" 24 369 484 19 11819 144 30 3446 19 453 28 139 80 199627 425 16520 11 2348 283 28 241 42 788 621 1179 1170558 -1 -1 0 0 0 0 0 0 0 0 0 0 0 0 0 0 0 0 0 0 0 0
"f46b51a8c3947cf3" 28 10004 136 352 251 154 4207 80 43 114 369 185 80 199627 60 20 30 1981 255 10716 44 51 5774 49 3490 290 788 621 1179 1170559 -1 -1 0 0 0 0 0 0 0 0 0 0 0 0 0 0 0 0 0 0 0 0
"8f8fb0c0976cfa97" 27 369 153 4 251 19 638 161 80 915 4 229 21303 80 199627 249 4 232 3846 80 277 19 453 14 942 28 1588 1179 1170560 -1 -1 0 0 0 0 0 0 0 0 0 0 0 0 0 0 0 0 0 0 0 0
"bc9df5bb434c360e" 36 16520 231 102 369 251 4 19 481 14 44 150 45756 80 199627 184 422 19 3002 80 4 153 369 20 14144 54 554 43933 788 621 80 966 192 4300 102 828 1179 1170561 -1 -1 0 0 0 0 0 0 0 0 0 0 0 0 0 0 0 0 0 0 0 0
"f64c3c759c53c2d0" 29 184 904 19 228 53 603 285 330 996 911 77 1081 80 199627 249 184 1267 20 747 80 44 2090 369 35 80 550 271 994 1179 1170562 -1 -1 0 0 0 0 0 0 0 0 0 0 0 0 0 0 0 0 0 0 0 0
"c0ab0212da6cae7d" 24 90 1151 650 12620 80 1091 150 24 83 14 199627 509 369 3002 19 283 28 82 42 80 2990 28 908 1179 1170563 -1 -1 0 0 0 0 0 0 0 0 0 0 0 0 0 0 0 0 0 0 0 0
"057d08b97ca57578" 52 60 20 30 1981 518 255 1320 154 2093 80 199627 249 456 369 13 1957 83 30 2591 330 1082 8 24 1179 199627 2539 80 587 304 80 1267 32 83 2662 80 199627 11 3004 83 1167 80 24583 19215 229 127 206 36 150 22842 1179 587 1179 1170564 -1 -1 0 0 0 0 0 0 0 0 0 0 0 0 0 0 0 0 0 0 0 0
"8f986e77c660c4a1" 46 368 2743 35840 80 369 114 106 30 2651 234831 80 199627 60 1357 14 24 19 456 369 391 11 51 1781 1179 199627 848 617 391 51 1781 25 30 646 77 27205 80 199627 798 484 51 1010 90 798 929 18 1179 1170565 -1 -1 0 0 0 0 0 0 0 0 0 0 0 0 0 0 0 0 0 0 0 0
"55ea94268360c4dd" 45 4 13 44 14 80 51 6396 77 150 1542 80 199627 249 199375 808 3728 19 4488 44 103 1755 901 2304 1179 199627 6 5294 14 36 245 43341 14309 80 199627 16520 11 51 9301 4884 80 234832 44 30 1209 1179 1170566 -1 -1 0 0 0 0 0 0 0 0 0 0 0 0 0 0 0 0 0 0 0 0
"71c7c5337cd982a0" 26 369 127 28 525 83 14 80 369 229 18 19 248 1957 80 199627 192 24 849 158 4 6 12 176 42 15401 1179 1170567 -1 -1 0 0 0 0 0 0 0 0 0 0 0 0 0 0 0 0 0 0 0 0
"248e32dba78d8c1f" 28 158 798 254 19 1394 80 506 58 199375 453 88 656 80 199627 28 490 192 4783 80 550 76 103 39 80 279 19 4033 1179 1170568 -1 -1 0 0 0 0 0 0 0 0 0 0 0 0 0 0 0 0 0 0 0 0
"819c2f55f9ea2b1f" 49 290 251 245 283 24 80 249 16520 201798 154 4662 80 199627 127 2268 83 5411 80 234833 11 51 896 706 1179 199627 6 7605 14 51 43341 14309 80 16520 11 2990 28 275 80 199627 6 7 150 3144 80 16520 15785 11 1056 1179 1170569 -1 -1 0 0 0 0 0 0 0 0 0 0 0 0 0 0 0 0 0 0 0 0
"0dad1adab65e34f1" 26 90 192 369 5430 4 80 249 184 70 928 4 80 199627 166 3380 30 61 184 484 80 234834 184 56 36537 11603 1179 1170570 -1 -1 0 0 0 0 0 0 0 0 0 0 0 0 0 0 0 0 0 0 0 0
"c88ae99feaf9cef7" 28 127 51 15430 3396 80 550 28 139 19 208 80 1226 80 199627 249 369 6415 127 51 8498 6515 80 344 11 559 60 573 1179 1170571 -1 -1 0 0 0 0 0 0 0 0 0 0 0 0 0 0 0 0 0 0 0 0
"c8e12adec6c1a957" 47 161 151 1237 83 103 1389 80 223 369 212 72 80 199627 1267 757 4300 44 28 28847 90 28 1896 554 31 80 199627 144 30 6763 90 30 27498 17716 80 1267 32 3274 80 199627 4083 77 14 378 1274 1057 83 1179 1170572 -1 -1 0 0 0 0 0 0 0 0 0 0 0 0 0 0 0 0 0 0 0 0
"0a9af5c4dd2bd58c" 21 68 83 154 3544 40123 937 369 391 783 80 199627 10027 788 621 80 103 229 11 74 3871 1179 1170573 -1 -1 0 0 0 0 0 0 0 0 0 0 0 0 0 0 0 0 0 0 0 0
"e752397e76b04f74" 28 4 185 4 1043 150 1541 80 249 4 808 234835 25 28 319 80 199627 3473 5960 19 297 1214 80 61 104 102 51 1895 1179 1170574 -1 -1 0 0 0 0 0 0 0 0 0 0 0 0 0 0 0 0 0 0 0 0
"d66fb829f1c95c88" 28 199375 388 42 28 34 90 120 4 283 415 80 199627 28 290 90 603 80 184 1895 768 222 80 344 11 559 184 3177 1179 1170575 -1 -1 0 0 0 0 0 0 0 0 0 0 0 0 0 0 0 0 0 0 0 0
"42a11c1fe15a7af1" 21 369 453 154 291 22958 80 13369 44 27608 80 199627 4 251 30 3645 80 199375 1525 30 28850 1179 1170576 -1 -1 0 0 0 0 0 0 0 0 0 0 0 0 0 0 0 0 0 0 0 0
"49440495fceee777" 19 170736 80 127 154 2268 83 5411 80 199627 707 28 246 80 199375 7 51 722 5411 1179 1170577 -1 -1 0 0 0 0 0 0 0 0 0 0 0 0 0 0 0 0 0 0 0 0
"2cf585edace43659" 20 369 11819 144 30 3446 83 271 139 348 80 199627 4019 19 27 245 1342 90 120 208 1179 1170578 -1 -1 0 0 0 0 0 0 0 0 0 0 0 0 0 0 0 0 0 0 0 0
"fbd66419d88d79ce" 20 144 28 28847 80 369 13 51 43341 14309 80 199627 1267 32 5100 90 32 83 1138 5100 1179 1170579 -1 -1 0 0 0 0 0 0 0 0 0 0 0 0 0 0 0 0 0 0 0 0
"6589b7945e17e69d" 22 158 798 254 19 1394 80 798 71 106 30 5002 80 199627 184 21259 1580 90 227 154 1138 275 1179 1170580 -1 -1 0 0 0 0 0 0 0 0 0 0 0 0 0 0 0 0 0 0 0 0
"548cd89d2013c936" 25 481 14 44 150 45756 80 1895 49 3490 290 44 51 5774 80 199627 605 24 80 458 2988 83 51 340 3610 1179 1170581 -1 -1 0 0 0 0 0 0 0 0 0 0 0 0 0 0 0 0 0 0 0 0
"854a1e1b5368de06" 26 199375 212 4 83 51 3376 80 1183 4 43 369 127 80 199627 352 104 11 192 153296 80 166 629 19 51 632 1179 1170582 -1 -1 0 0 0 0 0 0 0 0 0 0 0 0 0 0 0 0 0 0 0 0
"3a7289d7703a0e00" 24 212 60 408 798 80 6 1028 51 6824 154 798 2182 80 199627 102403 80 127 51 1088 2388 83 79 1964 1179 1170583 -1 -1 0 0 0 0 0 0 0 0 0 0 0 0 0 0 0 0 0 0 0 0
"bc54e0b71869ef3b" 21 4 5374 4 1662 80 249 518 835 150 962 80 199627 90 48536 23200 80 127 234836 19 4033 1179 1170584 -1 -1 0 0 0 0 0 0 0 0 0 0 0 0 0 0 0 0 0 0 0 0
"e981f144f6c8a6f7" 25 4 28 1024 102 39169 80 146 120 4 208 80 199627 54061 114 4 120 89 150 126 80 120 30 61 490 1179 1170585 -1 -1 0 0 0 0 0 0 0 0 0 0 0 0 0 0 0 0 0 0 0 0
"6ba336b67b625e05" 20 10004 102 28 3467 80 166 283 527 80 199627 203941 80 330 216 823 102 51 11556 11655 1179 1170586 -1 -1 0 0 0 0 0 0 0 0 0 0 0 0 0 0 0 0 0 0 0 0
"e6de6507f456a149" 26 352 391 7599 26043 80 277 19 283 1683 80 199627 158 369 629 49 51 3464 80 352 835 199375 6043 382 788 2551 1179 1170587 -1 -1 0 0 0 0 0 0 0 0 0 0 0 0 0 0 0 0 0 0 0 0
"2f5638cb8b233088" 23 1015 154 304 3004 80 166 4633 406 80 199627 537 369 17700 5720 80 249 425 199375 1082 28 275 406 1179 1170588 -1 -1 0 0 0 0 0 0 0 0 0 0 0 0 0 0 0 0 0 0 0 0
"87be80b57df3975f" 26 127 286 44 25 30 24698 80 28 21463 911 77 4256 80 199627 90 121700 13041 104 475 199375 12384 28 6294 19 920 1179 1170589 -1 -1 0 0 0 0 0 0 0 0 0 0 0 0 0 0 0 0 0 0 0 0
"e8fb0cca358679bb" 25 537 291 369 127 28 425 80 166 1525 14 89 80 199627 5845 4 102 51 27930 80 630 4 49 51 6341 1179 1170590 -1 -1 0 0 0 0 0 0 0 0 0 0 0 0 0 0 0 0 0 0 0 0
"9b2f4e9ddea62267" 25 369 6 460 51 2505 178 51 304 80 330 70 30 1299 80 199627 4 163 14 55272 80 550 50 51 3428 1179 1170591 -1 -1 0 0 0 0 0 0 0 0 0 0 0 0 0 0 0 0 0 0 0 0
"aa3ed72caebc7248" 23 90 16520 17 932 80 166 232 4039 80 199627 283 14 72 103 3273 1895 80 550 11 146 997 1412 1179 1170592 -1 -1 0 0 0 0 0 0 0 0 0 0 0 0 0 0 0 0 0 0 0 0
"6bf48d6578adc207" 19 2098 2358 20 6417 456 4 1618 24318 80 199627 6 12 1679 4485 768 20 2139 42 1179 1170593 -1 -1 0 0 0 0 0 0 0 0 0 0 0 0 0 0 0 0 0 0 0 0
"82cf53e575d99e45" 21 59828 80 166 637 2988 14 89 80 199627 161 2726 166 638 14 80 369 1267 457 28 5228 1179 1170594 -1 -1 0 0 0 0 0 0 0 0 0 0 0 0 0 0 0 0 0 0 0 0
"002068928269f6e8" 21 36778 3263 5054 19 28 1024 80 199627 28 129 44 30 2012 359 27087 80 184 229 1258 4426 1179 1170595 -1 -1 0 0 0 0 0 0 0 0 0 0 0 0 0 0 0 0 0 0 0 0
"c30806b11e551ed7" 22 102 51 783 915 80 807 4531 90 6119 80 199627 90 6131 107 44 14 154 199374 146 2326 223 1179 1170596 -1 -1 0 0 0 0 0 0 0 0 0 0 0 0 0 0 0 0 0 0 0 0
"212b58cf684e429e" 30 28 129 44 30 2012 359 27087 80 229 74 161 114 632 88 80 199627 2103 60 76 2103 60 76 80 28 61 36 88 146 7725 1179 1170597 -1 -1 0 0 0 0 0 0 0 0 0 0 0 0 0 0 0 0 0 0 0 0
"87ad588af8cfd46f" 23 10022 31053 80 166 637 4633 49 770 80 199627 425 5843 60 42 80 184 658 8454 90 453 51 17768 1179 1170598 -1 -1 0 0 0 0 0 0 0 0 0 0 0 0 0 0 0 0 0 0 0 0
"8c08fb48e49f256f" 22 150 11199 127 14 4149 44 80 369 166 3569 80 199627 90 352 366 42 2018 1478 382 4452 7868 1179 1170599 -1 -1 0 0 0 0 0 0 0 0 0 0 0 0 0 0 0 0 0 0 0 0
"4c5a1e7e99d64333" 23 525 44 28 4366 80 330 232 14 42 53 1237 80 199627 90 16520 17 932 80 550 51 1572 2919 1179 1170600 -1 -1 0 0 0 0 0 0 0 0 0 0 0 0 0 0 0 0 0 0 0 0
"f165b8c6ee0e1e8e" 28 425 369 127 28 4522 80 127 28 1605 44 30 876 80 199627 54061 80 22 4 120 150 9886 89 80 200450 96 245 896 1179 1170601 -1 -1 0 0 0 0 0 0 0 0 0 0 0 0 0 0 0 0 0 0 0 0
"4b3cb692fdbf8a98" 28 129 80 154 711 104 2594 80 166 563 6131 51 4872 80 199627 120 14 1183 4 559 550 370 80 16520 590 1525 30 4869 1179 1170602 -1 -1 0 0 0 0 0 0 0 0 0 0 0 0 0 0 0 0 0 0 0 0
"26bef1d2b4ab9cba" 32 5843 60 80 1024 80 5843 60 102 4 1208 60 80 199627 127 1957 70 64 44 80 166 16460 60 80 199627 24698 4164 1085 80 166 8211 60 1179 1170603 -1 -1 0 0 0 0 0 0 0 0 0 0 0 0 0 0 0 0 0 0 0 0
"aa88d5ef6159b5a1" 24 158 369 553 42 49 28 721 90 184 234837 80 199627 74 161 2726 590 2988 770 89 80 1334 146 234838 1179 1170604 -1 -1 0 0 0 0 0 0 0 0 0 0 0 0 0 0 0 0 0 0 0 0
"f7a4302949dc6d94" 23 424 80 1015 154 4325 451 848 19 3004 42 80 199627 2098 80 2358 20 6417 80 6 4633 49 770 1179 1170605 -1 -1 0 0 0 0 0 0 0 0 0 0 0 0 0 0 0 0 0 0 0 0
"4609e6fc4b324fd4" 30 554 41702 13930 80 234839 271 1778 80 199627 90411 80 271 2831 80 550 21017 80 199627 859 5845 4 102 51 27930 80 630 4 234840 40073 1179 1170606 -1 -1 0 0 0 0 0 0 0 0 0 0 0 0 0 0 0 0 0 0 0 0
"c8796dc14d93ea6d" 37 424 80 4 28 1895 768 222 80 28 2187 161 80 199627 4 28 1024 102 51 39169 80 1267 638 4 606 90 6392 80 199627 10004 102 30 61 11 1483 192 474 1179 1170607 -1 -1 0 0 0 0 0 0 0 0 0 0 0 0 0 0 0 0 0 0 0 0
"06889bccd52e78ca" 24 54061 80 22 4 120 150 126 3176 1779 80 199627 212 60 408 14 80 199375 1350 4 42 80 200450 208 1179 1170608 -1 -1 0 0 0 0 0 0 0 0 0 0 0 0 0 0 0 0 0 0 0 0
"b42b763a84bec423" 29 16520 590 212 4 83 51 3162 80 481 4 19 30 3376 80 199627 537 80 369 17700 245 2972 80 249 16520 808 277 28 634 1179 1170609 -1 -1 0 0 0 0 0 0 0 0 0 0 0 0 0 0 0 0 0 0 0 0
"621abb24ada9dc96" 27 369 61743 28 139 76 80 408 30 4860 19 30 31 80 199627 249 4 163 14 804 80 239 369 929 1030 51 495 1179 1170610 -1 -1 0 0 0 0 0 0 0 0 0 0 0 0 0 0 0 0 0 0 0 0
"0ff8c7d013ff53dc" 23 90 54 11199 80 330 232 14 4149 44 6392 80 199627 203941 80 369 22 120 4 76 77 28 2425 1179 1170611 -1 -1 0 0 0 0 0 0 0 0 0 0 0 0 0 0 0 0 0 0 0 0