"8f1f5b6ff505c99b" 24 108 6842 23546 80 200450 453 103 1237 151 199627 49 4174 90 108 80 60842 257 80 271 39 22 20 14199 1179 1170768 -1 -1 0 0 0 0 0 0 0 0 0 0 0 0 0 0 0 0 0 0 0 0
"8db4e93b99c32e41" 24 166 212 30 206 19 632 80 174 396 19 119 199627 330 255 208 735 14 80 49 30 8769 70 144 1179 1170769 -1 -1 0 0 0 0 0 0 0 0 0 0 0 0 0 0 0 0 0 0 0 0
"5804c35e9eb4ff6d" 22 49 51 3012 192 5745 80 352 2139 28 4527 199627 2945 160 19 382 80 146 2023 19 185 910 1179 1170770 -1 -1 0 0 0 0 0 0 0 0 0 0 0 0 0 0 0 0 0 0 0 0
"6c1587d134797b88" 36 558 369 656 2034 80 768 120 4 208 488 199372 199627 146 481 83 51 3701 92 80 4 255 629 488 199627 4 453 51 12834 80 249 4 596 14401 28 3369 1179 1170771 -1 -1 0 0 0 0 0 0 0 0 0 0 0 0 0 0 0 0 0 0 0 0
"bedc002d1c90e03d" 24 456 4 3714 866 2202 80 369 153 550 51 1439 199627 49 23546 83 2410 2662 80 184 166 212 60 24 1179 1170772 -1 -1 0 0 0 0 0 0 0 0 0 0 0 0 0 0 0 0 0 0 0 0
"dae8e87d8311717d" 23 369 106 30 5845 80 249 369 166 3596 199627 297 1733 4716 83 14 80 453 14 106 102 16520 511 1179 1170773 -1 -1 0 0 0 0 0 0 0 0 0 0 0 0 0 0 0 0 0 0 0 0
"2a7d084ab52c9b99" 22 184 1267 1082 42 30 8595 80 106 30 2651 199627 154 391 5888 80 249 184 27472 83 30 2591 1179 1170774 -1 -1 0 0 0 0 0 0 0 0 0 0 0 0 0 0 0 0 0 0 0 0
"a92be02816def6d0" 23 28399 1183 28 2462 80 49 70 297 4484 83 199627 120 30 1605 212 4 80 859 20 10716 1687 3420 1179 1170775 -1 -1 0 0 0 0 0 0 0 0 0 0 0 0 0 0 0 0 0 0 0 0
"0517a4c150eaee3c" 26 184 232 60 83 102 103 80 1618 102 51 1424 199627 74 5430 4 2432 150 4206 76 80 200449 4 153 1334 1208 1179 1170776 -1 -1 0 0 0 0 0 0 0 0 0 0 0 0 0 0 0 0 0 0 0 0
"69e553f17123e8e3" 22 456 30 7993 7962 80 184 215 11 35 199627 369 215 6635 80 185 1334 208014 19 942 60 70 1179 1170777 -1 -1 0 0 0 0 0 0 0 0 0 0 0 0 0 0 0 0 0 0 0 0
"9a9e55dce2aedb2f" 21 234863 80 234863 80 234863 80 4 127 14 234864 199627 735 51 1352 77 34 80 51 1132 231 1179 1170778 -1 -1 0 0 0 0 0 0 0 0 0 0 0 0 0 0 0 0 0 0 0 0
"3a47e72d03680928" 27 425 16520 234840 192 6987 80 1334 83 31 77 30 39 199627 234833 11 68 7395 271 139 80 249 330 232 574 770 10611 1179 1170779 -1 -1 0 0 0 0 0 0 0 0 0 0 0 0 0 0 0 0 0 0 0 0
"2cf28a29c34b13bc" 25 1024 127 154 5889 2091 2268 80 369 166 3651 199627 4 453 206 36 103 711 80 90 369 166 250 249 3822 1179 1170780 -1 -1 0 0 0 0 0 0 0 0 0 0 0 0 0 0 0 0 0 0 0 0
"60bbe70e77c2587a" 24 161 77 297 861 80 859 120 208 77 271 1542 80 199627 90 70 30 11441 378 212 30 1307 80 16760 1179 1170781 -1 -1 0 0 0 0 0 0 0 0 0 0 0 0 0 0 0 0 0 0 0 0
"03488526c183e863" 23 369 1267 390 2012 80 1267 3710 42 30 9763 80 199627 23941 234865 83 30 855 80 1267 999 103 2469 1179 1170782 -1 -1 0 0 0 0 0 0 0 0 0 0 0 0 0 0 0 0 0 0 0 0
"ec0b64275907dc88" 24 369 6 7 74 61 80 369 6 7 74 4181 80 199627 11 7 245 108 42106 80 36 14 19 5763 1179 1170783 -1 -1 0 0 0 0 0 0 0 0 0 0 0 0 0 0 0 0 0 0 0 0
"30ccc98474e47885" 22 550 206 19 2380 28 1257 80 206 19 4300 1138 80 199627 9876 64433 80 5942 20 25 28 319 1179 1170784 -1 -1 0 0 0 0 0 0 0 0 0 0 0 0 0 0 0 0 0 0 0 0
"fc53568d49309032" 23 184 146 1310 2201 2995 80 90 453 60 476 80 199627 425 70 28 5569 2348 4486 14 80 1330 5824 1179 1170785 -1 -1 0 0 0 0 0 0 0 0 0 0 0 0 0 0 0 0 0 0 0 0
"5daba01e0e048607" 26 558 369 283 76 30 139 80 967 19 30 4180 80 199627 249 425 16520 234840 192 1330 6987 80 74 7 36 83713 1179 1170786 -1 -1 0 0 0 0 0 0 0 0 0 0 0 0 0 0 0 0 0 0 0 0
"fc869e0ed0daf419" 22 199375 10388 83 44 80 199375 453 382 1745 80 199627 127 603 1733 4716 83 14 80 909 192 1056 1179 1170787 -1 -1 0 0 0 0 0 0 0 0 0 0 0 0 0 0 0 0 0 0 0 0
"66c4b94a128b8245" 24 1267 1082 42 30 8595 80 120 30 1180 5694 80 199627 30 8769 566 144 80 206 19 630 804 30 1841 1179 1170788 -1 -1 0 0 0 0 0 0 0 0 0 0 0 0 0 0 0 0 0 0 0 0
"080db91ec8bcb5da" 26 330 185 184 208014 19 942 60 70 80 859 35 1050 80 199627 249 456 4 3714 44 49 14 80 859 146 3620 1179 1170789 -1 -1 0 0 0 0 0 0 0 0 0 0 0 0 0 0 0 0 0 0 0 0
"7e3d3b9733d20995" 22 11 232 1618 1619 80 6 283 1598 80 199627 3846 735 51 1352 77 34 80 860 96 71 2317 1179 1170790 -1 -1 0 0 0 0 0 0 0 0 0 0 0 0 0 0 0 0 0 0 0 0
"e4b891fd1de67ef1" 24 1334 1084 2951 42 80 4174 60842 257 80 199627 249 456 4 453 51 12834 80 859 453 60 144 30 7674 1179 1170791 -1 -1 0 0 0 0 0 0 0 0 0 0 0 0 0 0 0 0 0 0 0 0
"5e095767856071e9" 26 206 104 77 30 3285 80 1267 232 60 1618 2012 80 199627 70 30 11441 212 30 1307 80 859 453 103 1237 151 1179 1170792 -1 -1 0 0 0 0 0 0 0 0 0 0 0 0 0 0 0 0 0 0 0 0
"6f53338a3d88d59f" 23 1334 30 71212 80 747 19 212 83 30 39 80 199627 154 391 5888 80 249 425 550 206 19 83880 1179 1170793 -1 -1 0 0 0 0 0 0 0 0 0 0 0 0 0 0 0 0 0 0 0 0
"004e9069088c0d78" 22 330 2348 6046 80 249 184 6 824 80 199627 200449 184 146 2103 30 6588 90 330 389 146 6545 1179 1170794 -1 -1 0 0 0 0 0 0 0 0 0 0 0 0 0 0 0 0 0 0 0 0
"7f946efe0953c060" 20 369 421 30 7993 879 80 574 770 199627 249 4 453 206 36 103 711 80 74 17768 1179 1170795 -1 -1 0 0 0 0 0 0 0 0 0 0 0 0 0 0 0 0 0 0 0 0
"1bababf4f27a0fa5" 24 184 6 460 51 2505 178 43 330 185 80 199627 23546 83 2410 2662 80 184 549 603 70 80 74 139 1179 1170796 -1 -1 0 0 0 0 0 0 0 0 0 0 0 0 0 0 0 0 0 0 0 0
"d0c561a1bbd9761b" 21 108 6842 80 23546 80 200450 453 60 510 80 199627 330 232 574 14 80 249 199375 32 234866 1179 1170797 -1 -1 0 0 0 0 0 0 0 0 0 0 0 0 0 0 0 0 0 0 0 0
"5cde6fc7a34145d8" 22 369 599 184 114 20 511 513 11 410 80 199627 200449 1024 127 154 5889 2091 2268 80 146 6829 1179 1170798 -1 -1 0 0 0 0 0 0 0 0 0 0 0 0 0 0 0 0 0 0 0 0
"fd1dd224824f9c0b" 22 49 788 6233 80 369 106 192 1366 80 199627 103 1749 5695 2144 80 83 102 103 80 859 6001 1179 1170799 -1 -1 0 0 0 0 0 0 0 0 0 0 0 0 0 0 0 0 0 0 0 0
"e0601a5950c593b8" 22 369 215 6635 80 249 60 1483 192 474 80 199627 49 788 2432 80 1334 5055 1138 509 51 13552 1179 1170800 -1 -1 0 0 0 0 0 0 0 0 0 0 0 0 0 0 0 0 0 0 0 0
"f6278d84452a4c85" 22 551 74 5058 80 369 13 4 2432 60 76 80 199627 106 30 5845 80 200450 453 103 1237 4593 1179 1170801 -1 -1 0 0 0 0 0 0 0 0 0 0 0 0 0 0 0 0 0 0 0 0
"51d49a5a734f2486" 21 16520 51 510 6269 3884 80 227 544 80 199627 49 1733 4716 83 14 80 74 161 114 20 1179 1170802 -1 -1 0 0 0 0 0 0 0 0 0 0 0 0 0 0 0 0 0 0 0 0
"06fe96a40d2022a4" 27 617 4 283 103 108 42106 80 860 20 2359 80 199627 70 28 290 4486 14 80 617 4 3714 44 80 859 20 6956 1179 1170803 -1 -1 0 0 0 0 0 0 0 0 0 0 0 0 0 0 0 0 0 0 0 0
"e730ee86699acd64" 29 369 229 234867 60 80 330 166 355 66 1745 80 199627 4 453 51 12834 80 249 808 80 4 389 20 28 915 80 192 1056 1179 1170804 -1 -1 0 0 0 0 0 0 0 0 0 0 0 0 0 0 0 0 0 0 0 0
"b2c47f5269238de5" 23 550 206 19 2380 297 1257 90 212 9878 80 199627 558 369 120 208 80 768 558 369 32 44 2425 199372 1170805 -1 -1 0 0 0 0 0 0 0 0 0 0 0 0 0 0 0 0 0 0 0 0
"59bee706dc53d6b4" 40 74 1539 43 330 185 80 330 389 146 999 80 199627 28 9876 64433 80 807 127 30 6477 1478 80 199627 90 161 77 297 861 80 859 453 561 330 153 1334 30 2688 90 4044 1179 1170806 -1 -1 0 0 0 0 0 0 0 0 0 0 0 0 0 0 0 0 0 0 0 0
"52b558c85c087a97" 21 1483 192 474 456 30 8769 566 144 80 199627 369 215 11 6635 80 249 199375 453 60 144 1179 1170807 -1 -1 0 0 0 0 0 0 0 0 0 0 0 0 0 0 0 0 0 0 0 0
"3dd704d98fda7043" 25 352 835 70 28 5269 102 352 2198 30 988 80 199627 249 154 1772 14 51 2500 80 2306 14 83 30 6878 1179 1170808 -1 -1 0 0 0 0 0 0 0 0 0 0 0 0 0 0 0 0 0 0 0 0
"d9b70c5cb8a9109c" 34 184 1617 10370 129 80 1617 76 77 271 4047 80 199627 1000 1000 1000 80 1503 70 271 10801 804 80 199627 4 114 879 178 60 80 120 30 1180 21667 1179 1170809 -1 -1 0 0 0 0 0 0 0 0 0 0 0 0 0 0 0 0 0 0 0 0
"666a40f6b9cc1fab" 27 20477 70 30 34868 80 16057 28 834 90 6568 28 11199 80 199627 2539 4580 114 4 7794 51 3887 80 11 51 783 784 199372 1170810 -1 -1 0 0 0 0 0 0 0 0 0 0 0 0 0 0 0 0 0 0 0 0
"d929a101624f5ef0" 22 4 890 14 408 28 4543 90 28 1542 80 199627 1467 14 43 60 9405 19 61 90 19 3823 1179 1170811 -1 -1 0 0 0 0 0 0 0 0 0 0 0 0 0 0 0 0 0 0 0 0
"1549c1e5ceaee0cc" 21 807 28 6286 80 28 34953 83 1389 80 199627 249 297 290 7598 14 19 3326 90 32 5100 1179 1170812 -1 -1 0 0 0 0 0 0 0 0 0 0 0 0 0 0 0 0 0 0 0 0
"fd8a7dffde9393e8" 24 1267 453 154 340 82 80 74 206 36 15222 80 199627 102 108 403 90 108 16154 80 234833 43 4 453 1179 1170813 -1 -1 0 0 0 0 0 0 0 0 0 0 0 0 0 0 0 0 0 0 0 0
"ec72d75a619c9cc3" 27 590 1015 4 43 28 2462 1772 80 10013 49 5882 80 199627 2203 2203 2203 2203 2203 80 2103 60 76 550 2539 192 959 1179 1170814 -1 -1 0 0 0 0 0 0 0 0 0 0 0 0 0 0 0 0 0 0 0 0
"65400f44b175b50f" 23 330 20 83 60 80 1409 4275 90 3172 80 199627 249 70 297 290 119 104 19852 80 278 30 2644 1179 1170815 -1 -1 0 0 0 0 0 0 0 0 0 0 0 0 0 0 0 0 0 0 0 0
"a35a1559f0767de8" 24 458 49 499 1214 80 344 70 369 7 80 199627 249 369 484 19 112 757 1478 102 80 66 28 20616 199372 1170816 -1 -1 0 0 0 0 0 0 0 0 0 0 0 0 0 0 0 0 0 0 0 0
"46ff6f26aee4f5bb" 36 51 234868 51 4603 74 1539 559 52 80 199627 102 4072 61877 4244 544 80 184 41 583 80 199627 18227 83 51 6397 77 18344 4010 80 227 275 25 271 29 5394 1179 1170817 -1 -1 0 0 0 0 0 0 0 0 0 0 0 0 0 0 0 0 0 0 0 0
"3fc23e6fffadf685" 25 290 20 332 70 154 7699 80 229 127 74 9540 80 199627 249 551 51 1778 77 599 1019 36 14 90 4 1179 1170818 -1 -1 0 0 0 0 0 0 0 0 0 0 0 0 0 0 0 0 0 0 0 0
"59c4b9d2d7a147a1" 25 297 2272 185 369 1320 102 16520 408 30 5248 11438 80 199627 249 550 146 987 527 80 330 808 855 8 124 1179 1170819 -1 -1 0 0 0 0 0 0 0 0 0 0 0 0 0 0 0 0 0 0 0 0
"cd3580f84fddcf7b" 28 352 835 28 788 656 80 807 127 14 4149 44 382 5429 80 199627 16520 51 521 5854 80 1024 80 807 30 161 369 3621 1179 1170820 -1 -1 0 0 0 0 0 0 0 0 0 0 0 0 0 0 0 0 0 0 0 0
"6f06a185a5629fca" 27 199375 2651 154 2268 42 80 453 4 106 60 44 150 17647 80 199627 860 20 8936 36 511 80 90 199375 453 4 1745 1179 1170821 -1 -1 0 0 0 0 0 0 0 0 0 0 0 0 0 0 0 0 0 0 0 0
"39df5b6add3760e7" 23 184 227 60 42 80 255 17284 144 30 1237 80 199627 6 4 12 10347 770 90 630 150 5104 804 199372 1170822 -1 -1 0 0 0 0 0 0 0 0 0 0 0 0 0 0 0 0 0 0 0 0
"3ed745ef3ef841df" 24 4 1069 14 24 30 5164 80 4 996 28 13606 4595 80 199627 6 120 30 12344 77 2527 5573 103 1022 1179 1170823 -1 -1 0 0 0 0 0 0 0 0 0 0 0 0 0 0 0 0 0 0 0 0
"962916d36363f85c" 20 4 166 3569 30 8456 77 150 3492 80 199627 860 657 6569 11 559 1364 1151 68 5379 1179 1170824 -1 -1 0 0 0 0 0 0 0 0 0 0 0 0 0 0 0 0 0 0 0 0
"da0a8d13bcb6becb" 22 481 83 150 106730 80 1334 227 44 51 39 77 2284 80 199627 28 25385 1820 566 70 344 163 1179 1170825 -1 -1 0 0 0 0 0 0 0 0 0 0 0 0 0 0 0 0 0 0 0 0
"9fcafbeee83155a4" 24 150 3167 104 5268 102 2637 90 4 128 192 1404 80 199627 603 4180 185 369 1320 1878 102 16520 408 32851 1179 1170826 -1 -1 0 0 0 0 0 0 0 0 0 0 0 0 0 0 0 0 0 0 0 0
"48e935752a055031" 42 199375 1015 4 43 28 2462 1772 80 550 51 9058 77 28 3172 80 199627 146 120 150 1209 208 44 7547 80 1267 782 19 4488 80 199627 184 1617 10370 80 129 80 234847 590 638 770 24 1179 1170827 -1 -1 0 0 0 0 0 0 0 0 0 0 0 0 0 0 0 0 0 0 0 0
"540df028db3898af" 40 184 2894 49 297 499 1214 80 227 60 42 19 30 7289 80 199627 4580 80 114 4 7794 51 3887 19 232 770 83 2662 80 199627 90 51 6397 77 154 18344 4010 80 200450 3626 1179 1170828 -1 -1 0 0 0 0 0 0 0 0 0 0 0 0 0 0 0 0 0 0 0 0
"7f4934fa78b4f353" 30 28 5569 7598 14 19 212 60 2253 80 232 28 1964 1588 80 199627 249 456 550 206 19 2651 154 2268 42 80 4 153 369 5112 1179 1170829 -1 -1 0 0 0 0 0 0 0 0 0 0 0 0 0 0 0 0 0 0 0 0
"bf5fef8b70563900" 37 34953 80 6286 77 61 80 4930 14 144 103 275 80 199627 1080 80 74 1539 518 4 566 80 51 234868 11 51 4603 80 199627 90 1112 28 25385 1820 2565 49 7387 1179 1170830 -1 -1 0 0 0 0 0 0 0 0 0 0 0 0 0 0 0 0 0 0 0 0
"b6c814886e0bc911" 24 2203 42 30 1237 80 184 232 30 779 458 80 199627 255 17284 90 227 275 19 30 46368 80 74 6367 1179 1170831 -1 -1 0 0 0 0 0 0 0 0 0 0 0 0 0 0 0 0 0 0 0 0
"8097c0fd8430e4d9" 25 127 19 232 83 13792 80 4 890 14 408 1167 80 199627 1274 4055 36 150 61 80 1024 80 173 28 4139 1179 1170832 -1 -1 0 0 0 0 0 0 0 0 0 0 0 0 0 0 0 0 0 0 0 0
"7e4b1417fac0bfb6" 27 352 153 28 5269 80 28 3883 136 19 14 80 199627 158 4 13 88 80 6 120 88 283 174 606 80 11 4636 1179 1170833 -1 -1 0 0 0 0 0 0 0 0 0 0 0 0 0 0 0 0 0 0 0 0
"1eaba1d646193f15" 24 127 154 340 82 80 249 24506 1772 51 21672 80 199627 70 297 290 119 104 19852 80 330 229 74 248 1179 1170834 -1 -1 0 0 0 0 0 0 0 0 0 0 0 0 0 0 0 0 0 0 0 0
"760f45d2b9c51a21" 18 4 128 1404 44 154 3937 4999 80 199627 90 559 4 32 89629 80 255 7995 1179 1170835 -1 -1 0 0 0 0 0 0 0 0 0 0 0 0 0 0 0 0 0 0 0 0
"6309eecaf5f5b5d8" 31 369 22 283 849 49 709 1146 80 13 80 199627 297 108 403 17700 102 108 16154 80 369 106 60 44 28 17647 80 550 1425 19 20 1179 1170836 -1 -1 0 0 0 0 0 0 0 0 0 0 0 0 0 0 0 0 0 0 0 0
"3d91032b6227cbcb" 23 4 1069 14 24 30 5164 369 1043 80 199627 330 20 83 60 80 249 184 6 824 178 30 1772 1179 1170837 -1 -1 0 0 0 0 0 0 0 0 0 0 0 0 0 0 0 0 0 0 0 0
"d4c2bff656057151" 20 386 119 4 12 651 1625 102 154 80 199627 456 4 153 550 146 987 527 19 8958 199372 1170838 -1 -1 0 0 0 0 0 0 0 0 0 0 0 0 0 0 0 0 0 0 0 0
"79a3579cee263bf2" 37 76 551 51 1778 77 599 80 184 70 153 60 80 199627 249 184 808 1267 457 106730 80 166 3380 60 80 199627 90 4 114 879 178 60 80 249 166 8772 60 1179 1170839 -1 -1 0 0 0 0 0 0 0 0 0 0 0 0 0 0 0 0 0 0 0 0
"98c70456518a4a53" 28 70 30 34868 80 184 1267 2952 2526 80 166 3596 80 199627 285 44 30 176 80 550 70 590 629 89 19 12344 36 561 1179 1170840 -1 -1 0 0 0 0 0 0 0 0 0 0 0 0 0 0 0 0 0 0 0 0
"5892a46bb4656a1d" 25 369 944 20 30 711 80 285 16520 11 154 5720 80 199627 249 369 808 166 7054 297 4072 61877 154 369 8730 1179 1170841 -1 -1 0 0 0 0 0 0 0 0 0 0 0 0 0 0 0 0 0 0 0 0
"2d6f6ae231a9f542" 26 28 3883 136 19 14 80 5376 382 5430 80 199627 90 192 1334 227 44 51 4141 492 77 2284 80 74 139 76 1179 1170842 -1 -1 0 0 0 0 0 0 0 0 0 0 0 0 0 0 0 0 0 0 0 0
"20cce6e621c8c823" 39 2203 2203 2203 2203 2203 80 166 13 30 139 80 199627 70 297 290 119 104 19852 80 49 279 19 185 80 199627 4 114 879 178 60 80 249 234869 30 15592 80 369 401 199372 1170843 -1 -1 0 0 0 0 0 0 0 0 0 0 0 0 0 0 0 0 0 0 0 0
"ec09f7d3d6c58503" 43 199375 1015 4 43 28 2462 1772 80 249 6 283 174 42759 80 199627 158 4 13 88 80 6 120 88 2346 80 5941 11 2286 80 199627 90 499 1214 80 330 229 74 1679 80 11 1829 3107 1179 1170844 -1 -1 0 0 0 0 0 0 0 0 0 0 0 0 0 0 0 0 0 0 0 0
"bf34501fb07bb18f" 42 33 61 820 74 4361 80 184 70 153 154 80 199627 249 808 184 2651 154 2268 42 80 550 50 51 3701 6183 80 199627 70 30 34868 80 330 146 283 831 80 184 11 232 1617 24 1179 1170845 -1 -1 0 0 0 0 0 0 0 0 0 0 0 0 0 0 0 0 0 0 0 0
"05cf1d3482cc50b5" 23 3470 49 34953 80 8197 154 18344 4010 80 199627 146 120 150 1209 20 44 7547 80 11 120 60 4522 1179 1170846 -1 -1 0 0 0 0 0 0 0 0 0 0 0 0 0 0 0 0 0 0 0 0
"cb166f7f4cf69f34" 23 287 215 20 28 151 80 249 16520 808 749 80 199627 956 154 43 369 391 1564 36 391 255 1072 1179 1170847 -1 -1 0 0 0 0 0 0 0 0 0 0 0 0 0 0 0 0 0 0 0 0
"ba4898a608cb6fe2" 24 352 739 28 3167 80 136 352 12 481 382 4097 89 80 199627 158 103 56 20 30 6650 77 107 3916 1179 1170848 -1 -1 0 0 0 0 0 0 0 0 0 0 0 0 0 0 0 0 0 0 0 0
"11230ae1810685a9" 23 51 92 49 74 3164 44 51 26740 1022 80 199627 154 206 53 150 3385 80 184 70 928 150 92 1179 1170849 -1 -1 0 0 0 0 0 0 0 0 0 0 0 0 0 0 0 0 0 0 0 0
"66f2e6693b6a4f2b" 24 481 150 517 42 90 1183 14 43 4 127 80 199627 28 6824 104 4830 80 199375 460 60 70 199374 127 1179 1170850 -1 -1 0 0 0 0 0 0 0 0 0 0 0 0 0 0 0 0 0 0 0 0
"2b387fdeefe42ac8" 38 352 816 30 139 369 20 25762 80 127 382 2359 102 51 7534 80 199627 212 14 425 1024 80 200450 1895 80 4 1466 36 30 28632 779 80 859 20 83 30 61 5206 1179 1170851 -1 -1 0 0 0 0 0 0 0 0 0 0 0 0 0 0 0 0 0 0 0 0
"9d8c099a24479d1a" 31 2714 77 743 4089 36 30 18609 344 178 19 629 80 199627 70 30 4570 43409 14 89 80 425 103 291 104 11 51 25208 83 30 855 1179 1170852 -1 -1 0 0 0 0 0 0 0 0 0 0 0 0 0 0 0 0 0 0 0 0
"aeca50a0b6f9ad30" 41 551 51 206 860 146 283 24 80 199627 153 154 369 944 33909 103 3376 80 74 206 19 22472 80 199627 4 166 629 24 2628 80 1267 453 60 70 4597 474 425 80 344 51 6183 1179 1170853 -1 -1 0 0 0 0 0 0 0 0 0 0 0 0 0 0 0 0 0 0 0 0
"80e6e28ac098f5f4" 28 409 3843 80 369 404 60 80 330 166 2346 14 425 80 199627 249 369 153 330 808 64 36 14 80 1267 232 1618 17883 1179 1170854 -1 -1 0 0 0 0 0 0 0 0 0 0 0 0 0 0 0 0 0 0 0 0
"4f8cb9a4dac73a34" 29 234870 1024 80 200450 1183 1957 43 184 127 80 199627 153 154 28 721 104 8228 80 232 15492 408 748 80 11 460 60 51 1268 1179 1170855 -1 -1 0 0 0 0 0 0 0 0 0 0 0 0 0 0 0 0 0 0 0 0
"75b87e57ee41c228" 49 425 184 944 5845 89 541 44 2425 80 199627 90 4033 184 7842 749 80 563 456 891 13396 474 80 199627 352 127 53012 80 249 859 27 51 139 19 453 60 144 80 199627 590 2919 80 590 3177 80 344 43 184 119 1179 1170856 -1 -1 0 0 0 0 0 0 0 0 0 0 0 0 0 0 0 0 0 0 0 0
"9e0a2c0a711306ab" 53 51 206 860 146 283 24 80 6 2364 60 44 7547 80 199627 153 154 369 944 3617 103 3376 80 74 206 19 14807 80 199627 4 166 629 24 2628 80 1267 460 60 150 70 80 199627 453 150 7536 80 41 583 80 146 6560 768 35 1179 1170857 -1 -1 0 0 0 0 0 0 0 0 0 0 0 0 0 0 0 0 0 0 0 0
"b0094a4253fe892e" 51 5241 379 9758 80 6 4633 49 770 4189 80 199627 859 718 4 36628 80 453 4 76 19 20 4189 80 199627 90 456 330 136 4 996 51 4635 80 184 7654 90 136 234871 199372 1261 199627 5241 379 80 255 15848 80 146 19 942 1179 1170858 -1 -1 0 0 0 0 0 0 0 0 0 0 0 0 0 0 0 0 0 0 0 0
"89ae5f45cc6a3b27" 27 330 251 14 19 629 2103 286 80 199627 249 16520 15226 2505 30 608 80 199627 5956 28 2091 72 80 74 206 36 46238 1179 1170859 -1 -1 0 0 0 0 0 0 0 0 0 0 0 0 0 0 0 0 0 0 0 0
"ef216f604c0b7b0c" 30 369 153 30 1992 1089 474 90 1262 80 199627 369 102 603 4763 80 330 453 14 106 3274 80 199627 288 76 30 129551 80 13792 796 1179 1170860 -1 -1 0 0 0 0 0 0 0 0 0 0 0 0 0 0 0 0 0 0 0 0
"2ed1173fadc7a847" 42 158 369 394 4 369 2585 4 80 844 4 1028 60 199372 199627 70 4 1267 119 104 5814 60 80 28 246 59 7822 60 80 199627 386 4 12 651 14 80 915 80 166 4 13 60 199372 1170861 -1 -1 0 0 0 0 0 0 0 0 0 0 0 0 0 0 0 0 0 0 0 0
"386b49078c7efa53" 24 150 61 104 72702 3509 80 5441 199375 20 80 199627 249 4 232 83 8175 849 408 14 80 166 4 13 199372 1170862 -1 -1 0 0 0 0 0 0 0 0 0 0 0 0 0 0 0 0 0 0 0 0
"af2f976ae6c80c92" 39 369 127 161 1741 83 150 7014 80 90 161 1741 83 30 10985 80 199627 798 4928 24624 670 80 249 16520 11 51 1136 199627 5293 76 749 80 68 17056 80 127 107 19 1420 1179 1170863 -1 -1 0 0 0 0 0 0 0 0 0 0 0 0 0 0 0 0 0 0 0 0
"915046a890d438f9" 39 51 92 49 74 646 80 44 51 1022 49 74 1819 80 199627 711 80 369 215 20 2157 287 80 166 212 520 80 199627 51 206 4 146 114 80 11 1267 120 60 553 1179 1170864 -1 -1 0 0 0 0 0 0 0 0 0 0 0 0 0 0 0 0 0 0 0 0
"bb15eab60ec4867b" 37 352 816 30 139 369 20 31476 80 127 382 246 15633 80 199627 234870 1024 80 200450 232 103 61 20191 80 199627 4 1100 102 30 619 19 61 286 80 11 232 53643 1179 1170865 -1 -1 0 0 0 0 0 0 0 0 0 0 0 0 0 0 0 0 0 0 0 0
"1e275fe1c9178242" 29 386 4 12 651 14 80 915 80 229 4 127 74 3428 199372 199627 4 136 4 51 4635 80 249 16520 30 161 231 30 2602 1179 1170866 -1 -1 0 0 0 0 0 0 0 0 0 0 0 0 0 0 0 0 0 0 0 0
"886fed7e07d7d0da" 27 369 37791 90 37791 80 90 956 154 60 484 2157 80 199627 249 330 1267 2952 36 43 330 404 80 166 119 14 1262 1179 1170867 -1 -1 0 0 0 0 0 0 0 0 0 0 0 0 0 0 0 0 0 0 0 0
"9da59a6847bbce02" 38 154 206 53 150 3385 80 2214 49 61 90 6150 80 199627 425 184 944 5845 80 1312 948 68 8447 80 199627 249 153 154 28 721 104 8228 80 22 120 4 283 34790 1179 1170868 -1 -1 0 0 0 0 0 0 0 0 0 0 0 0 0 0 0 0 0 0 0 0
"45aa436a1c2296a2" 38 369 12 481 330 177827 89 80 8698 8 1542 80 199627 278 178 150 1542 761 80 22 2195 74 6763 80 199627 158 4 4633 49 770 80 859 718 4 36628 80 70 16760 1179 1170869 -1 -1 0 0 0 0 0 0 0 0 0 0 0 0 0 0 0 0 0 0 0 0
"608b33c5a0feeea6" 34 70 30 4570 127 14 2988 80 249 30 2651 808 28356 80 199627 352 127 53012 80 3273 80 249 28 246 26480 80 199627 61979 2230 77 61 80 518 1348 199372 1170870 -1 -1 0 0 0 0 0 0 0 0 0 0 0 0 0 0 0 0 0 0 0 0
"5da8a37ce748178e" 41 330 390 330 127 14 61740 80 249 369 22 24 89 80 199627 16520 15226 2505 30 608 80 5956 28 2091 72 44 3057 80 199627 541 104 2157 80 249 199375 8773 80 22 13 14 6341 1179 1170871 -1 -1 0 0 0 0 0 0 0 0 0 0 0 0 0 0 0 0 0 0 0 0
"7586eb9691d497f7" 26 330 251 14 19 629 90 2103 80 249 1063 129 80 199627 4 166 629 24 2628 80 344 17 840 77 30 3262 1179 1170872 -1 -1 0 0 0 0 0 0 0 0 0 0 0 0 0 0 0 0 0 0 0 0
"e85222c4d9a0cce2" 20 369 153 154 369 944 3617 103 3376 80 199627 249 252 4 749 80 369 106 192 5141 1179 1170873 -1 -1 0 0 0 0 0 0 0 0 0 0 0 0 0 0 0 0 0 0 0 0
"8ecf27475d4a9d98" 28 43 184 484 391 72702 3509 80 199627 352 739 14 80 249 369 808 166 283 451 154 206 53 150 3385 80 550 808 27835 1179 1170874 -1 -1 0 0 0 0 0 0 0 0 0 0 0 0 0 0 0 0 0 0 0 0
"e5a882c23eec3aa5" 23 369 153 30 1992 1089 474 408 1262 80 199627 28 409 3843 80 192 212 14 425 1024 80 629 83 1179 1170875 -1 -1 0 0 0 0 0 0 0 0 0 0 0 0 0 0 0 0 0 0 0 0
"a8be509b111b1aa1" 32 127 28 1741 83 150 7014 80 424 550 74 4635 80 199627 352 816 30 139 369 20 25762 80 249 743 229 747 36 103 12292 17331 80 10663 1179 1170876 -1 -1 0 0 0 0 0 0 0 0 0 0 0 0 0 0 0 0 0 0 0 0
"17729f8b922a32d8" 42 16520 11 51 92 49 74 646 44 51 1022 49 74 1819 80 199627 4 136 369 391 51 4635 80 249 369 229 74 14079 80 199627 4 1466 36 30 28632 779 80 249 369 229 127 520 1179 1170877 -1 -1 0 0 0 0 0 0 0 0 0 0 0 0 0 0 0 0 0 0 0 0
"d62a80429ca0e048" 27 798 17309 24624 670 80 90 330 12 481 8 3897 89 80 199627 966 64 36 14 80 74 3587 44 5058 44 103 3057 1179 1170878 -1 -1 0 0 0 0 0 0 0 0 0 0 0 0 0 0 0 0 0 0 0 0
"6ccbe672ec9eea88" 29 129 80 369 215 17 453 60 144 30 621 80 199627 249 28 6824 104 4830 80 369 127 19 3617 103 3376 80 629 43 1866 1179 1170879 -1 -1 0 0 0 0 0 0 0 0 0 0 0 0 0 0 0 0 0 0 0 0
"82da8e038e519dac" 27 369 102 603 4763 80 330 127 6405 18115 80 199627 3034 2505 30 608 80 249 1063 80 74 36792 2628 80 173 174 3154 1179 1170880 -1 -1 0 0 0 0 0 0 0 0 0 0 0 0 0 0 0 0 0 0 0 0
"db5794c54f9b8511" 34 369 37791 90 956 154 60 484 2157 80 199627 51 206 4 146 114 1525 24 80 199627 90 154 915 1460 866 51 25208 80 344 74 3757 80 44 6183 1179 1170881 -1 -1 0 0 0 0 0 0 0 0 0 0 0 0 0 0 0 0 0 0 0 0
"7c60f5d24eb84167" 25 629 83 1024 80 70 4 1267 119 104 5814 60 80 199627 90 54 4180 1267 2952 80 537 80 44 51 2842 1179 1170882 -1 -1 0 0 0 0 0 0 0 0 0 0 0 0 0 0 0 0 0 0 0 0
"567a6526dc83b1a1" 26 234870 1024 80 288 83 76 77 154 129551 80 199627 330 251 14 19 629 2103 603 80 344 43 330 68 4019 36 1179 1170883 -1 -1 0 0 0 0 0 0 0 0 0 0 0 0 0 0 0 0 0 0 0 0
"d8292f474fcedf37" 32 537 80 1334 76 749 80 2167 53214 271 1030 80 199627 90 158 103 56 20 80 2201 1525 24 4 80 2593 80 184 70 928 4 83 1389 1179 1170884 -1 -1 0 0 0 0 0 0 0 0 0 0 0 0 0 0 0 0 0 0 0 0
"17a9e6260efd68ad" 39 4 1100 102 30 619 19 61 1957 90 630 1957 80 199627 249 153 154 28 721 104 613 80 184 146 2286 1957 80 199627 456 541 1499 104 2157 80 859 808 20 1718 3274 1179 1170885 -1 -1 0 0 0 0 0 0 0 0 0 0 0 0 0 0 0 0 0 0 0 0
"8e038081d01d5810" 51 2505 70 154 1081 90 40489 80 184 6 7 60 80 199627 206 6743 25 80 249 51 129 2198 103 6149 90 859 436 60 80 199627 386 4 12 651 14 49 1818 911 77 15923 80 456 184 56 2380 61 90 920 102 51 4013 199372 1170886 -1 -1 0 0 0 0 0 0 0 0 0 0 0 0 0 0 0 0 0 0 0 0
"1ef4bc8bfe499403" 41 51 92 49 74 646 44 103 1162 80 26740 1022 80 199627 590 212 51 41 90 481 8 6410 5669 44 8 1022 80 199627 3034 2505 30 608 80 330 6 520 770 80 330 166 8698 1179 1170887 -1 -1 0 0 0 0 0 0 0 0 0 0 0 0 0 0 0 0 0 0 0 0
"161a8dcfa8d8784f" 54 212 14 425 80 1024 80 859 208 83 30 855 80 199627 966 64 36 14 80 249 859 96 245 896 80 199627 102 51 61979 2230 80 199375 5814 90 2203 42 30 1237 80 199627 859 630 804 103 275 90 780 51 554 161 80 911 77 2203 1179 1170888 -1 -1 0 0 0 0 0 0 0 0 0 0 0 0 0 0 0 0 0 0 0 0
"f7133c333686468e" 55 158 369 394 4 369 61 4 90 559 4 453 14 106 80 199627 161 1741 83 150 7014 80 576 4 606 90 340 80 199627 249 158 369 925 4 51 4635 80 844 4 228 90 2630 80 199627 768 774 30 962 804 54 1818 80 90 453 21088 199372 1170889 -1 -1 0 0 0 0 0 0 0 0 0 0 0 0 0 0 0 0 0 0 0 0
"f38505ac409b96e8" 25 83 28 43299 2596 80 199375 9046 788 1605 80 199627 74 7 36 50008 80 199375 29 42 19 60 80 29 60 1179 1170890 -1 -1 0 0 0 0 0 0 0 0 0 0 0 0 0 0 0 0 0 0 0 0
"58b39b3f37646e55" 20 709 3680 44 271 1742 80 859 146 3611 80 199627 88028 80 859 212 520 80 146 24099 1179 1170891 -1 -1 0 0 0 0 0 0 0 0 0 0 0 0 0 0 0 0 0 0 0 0
"cb0e7bfab61c06a9" 20 1009 1334 2233 80 1009 1334 1262 80 199627 249 859 92 30 8456 80 74 1539 559 722 1179 1170892 -1 -1 0 0 0 0 0 0 0 0 0 0 0 0 0 0 0 0 0 0 0 0
"515726819150cc8f" 46 184 855 297 1877 80 184 3002 90 782 80 199627 318 1267 80 1267 283 154 999 80 630 70 30 4180 804 80 199627 550 51 901 5986 76 749 80 249 859 453 60 2237 80 199627 49 271 10215 90 1657 1179 1170893 -1 -1 0 0 0 0 0 0 0 0 0 0 0 0 0 0 0 0 0 0 0 0
"d63afa81d17a6152" 27 28 6151 83 8 6273 80 5012 36 61 90 1342 80 199627 70 77 28 3054 44450 80 166 120 30 4951 90 1081 13506 1179 1170894 -1 -1 0 0 0 0 0 0 0 0 0 0 0 0 0 0 0 0 0 0 0 0
"26482f116a3e66b2" 44 741 112 835 559 19 3002 90 2919 80 199627 102 30 43442 80 5942 531 1620 518 8645 330 96 215 80 199627 249 200450 2174 154 3545 80 200450 2995 549 80 199627 232 5055 2370 80 49 279 249 61 1179 1170895 -1 -1 0 0 0 0 0 0 0 0 0 0 0 0 0 0 0 0 0 0 0 0
"c411fac469819fb6" 54 90 7403 11885 14 80 330 27370 28 1818 90 4097 80 199627 249 234872 51 4728 80 5050 107 4 166 283 2139 80 199627 199375 20 150 19877 21403 80 199375 460 4 107 19 3621 80 199627 859 1057 275 19 30 46368 80 1503 804 3171 1815 90 234873 1179 1170896 -1 -1 0 0 0 0 0 0 0 0 0 0 0 0 0 0 0 0 0 0 0 0
"b7e1640eb53bfdd3" 24 807 68 2157 299 937 352 163 28 319 80 199627 425 550 28 1082 19 3596 318 80 199375 232 28 4937 1179 1170897 -1 -1 0 0 0 0 0 0 0 0 0 0 0 0 0 0 0 0 0 0 0 0
"4bad10db3a576bd1" 24 369 255 232 154 5730 7329 80 6 8211 80 199627 350 60 456 184 1751 60 80 330 166 161235 28 139 1179 1170898 -1 -1 0 0 0 0 0 0 0 0 0 0 0 0 0 0 0 0 0 0 0 0
"1a0ad2fd783942ff" 23 200450 120 30 2644 77 30 1742 21715 80 199627 4 136 4 12 20 28 61 80 6920 5608 80 3154 1179 1170899 -1 -1 0 0 0 0 0 0 0 0 0 0 0 0 0 0 0 0 0 0 0 0
"277314e69c5fa919" 25 481 150 163 1741 44 30 1597 80 200450 656 80 932 80 199627 2844 38878 83 30 1394 1307 80 550 271 1237 1179 1170900 -1 -1 0 0 0 0 0 0 0 0 0 0 0 0 0 0 0 0 0 0 0 0
"f9ab850ffacd90bc" 31 28 234874 1091 406 80 28 5560 566 83 30 2995 80 199627 425 383 334 19 20 25 28 319 80 456 4 61 14 80 74 511 4355 1179 1170901 -1 -1 0 0 0 0 0 0 0 0 0 0 0 0 0 0 0 0 0 0 0 0
"fa8944458e1aa22e" 35 16520 7950 42 70 28 476 80 7785 6167 80 19 999 80 199627 590 460 1957 107 330 166 2919 768 44249 80 8568 28 61 49 30 2343 19 150 246 253 1179 1170902 -1 -1 0 0 0 0 0 0 0 0 0 0 0 0 0 0 0 0 0 0 0 0
"85bd37a8bbc359f3" 31 43757 2171 80 2212 80 60 70 961 2014 80 199627 90 150 234826 8834 80 231 102 51 784 77 40849 80 456 4 61 14 80 550 7738 1179 1170903 -1 -1 0 0 0 0 0 0 0 0 0 0 0 0 0 0 0 0 0 0 0 0
"07dcf0e5db47b573" 34 369 166 283 74 8468 408 23036 80 550 51 307 80 199627 330 166 1525 14 89 80 22 161235 28 4522 80 11 12691 42 28 3005 80 199375 20 1056 1179 1170904 -1 -1 0 0 0 0 0 0 0 0 0 0 0 0 0 0 0 0 0 0 0 0
"e7509056578577cd" 22 4 56 20 11 43 369 7 80 28 2317 80 199627 2174 154 3545 80 369 22 7 19 5712 1179 1170905 -1 -1 0 0 0 0 0 0 0 0 0 0 0 0 0 0 0 0 0 0 0 0
"b59328967a48408f" 30 184 283 60 80 234833 243 1677 706 80 4899 30 2230 80 199627 28 1082 19 3596 318 80 200449 966 17 30 1299 80 369 114 106 1179 1170906 -1 -1 0 0 0 0 0 0 0 0 0 0 0 0 0 0 0 0 0 0 0 0
"bddce2c7155f404a" 42 234875 848 192 396 1081 44 30 39 80 166 184 70 11 283 796 199372 199627 74 511 10996 80 1267 212 103 1605 90 638 83 80 199627 88028 80 120 61 4930 770 80 184 166 20 1262 1179 1170907 -1 -1 0 0 0 0 0 0 0 0 0 0 0 0 0 0 0 0 0 0 0 0
"b5484b6aa96b910f" 23 127 51 30042 83 150 246 80 166 27 30 2343 80 199627 807 68 2157 299 937 80 166 4 13 199372 1170908 -1 -1 0 0 0 0 0 0 0 0 0 0 0 0 0 0 0 0 0 0 0 0
"d2ba91da724d136f" 20 234876 44 30 1597 80 4 166 3380 80 199627 70 77 28 3054 80 44450 80 200450 4300 1179 1170909 -1 -1 0 0 0 0 0 0 0 0 0 0 0 0 0 0 0 0 0 0 0 0
"824a8fbacc121a53" 34 16520 231 102 43299 2596 80 70 525 90 4484 80 199627 184 855 297 1877 80 166 3596 271 6174 80 199627 739 154 234872 51 234877 18505 80 229 74 1566 1179 1170910 -1 -1 0 0 0 0 0 0 0 0 0 0 0 0 0 0 0 0 0 0 0 0
"06b9953b4bb34e0d" 24 200450 1082 30 838 83 103 1742 80 161 511 206 80 199627 481 150 163 1741 44 80 200450 232 60 8026 1179 1170911 -1 -1 0 0 0 0 0 0 0 0 0 0 0 0 0 0 0 0 0 0 0 0
"a06deefe9c79d8a7" 26 394 14 4 51 4728 80 4 102 60 5248 80 199627 249 369 166 4758 1258 44 150 12402 39 80 550 174 26053 1179 1170912 -1 -1 0 0 0 0 0 0 0 0 0 0 0 0 0 0 0 0 0 0 0 0
"3f10d1a2ad485674" 20 786 102 234878 11 1409 1037 896 80 199627 74 1539 43 30 8456 80 184 232 83 15492 1179 1170913 -1 -1 0 0 0 0 0 0 0 0 0 0 0 0 0 0 0 0 0 0 0 0
"b03442b7f5f7b36c" 30 136 4 56 20 30 161 19 1525 14 24 19 275 80 199627 249 58 369 739 154 24370 51 361 42 18505 80 173 17 28 619 1179 1170914 -1 -1 0 0 0 0 0 0 0 0 0 0 0 0 0 0 0 0 0 0 0 0
"b69255f217d75315" 27 330 1513 770 19 1623 80 19 20 70 30 1299 80 199627 249 184 229 102 603 80 1334 11 13589 7403 44 30 706 1179 1170915 -1 -1 0 0 0 0 0 0 0 0 0 0 0 0 0 0 0 0 0 0 0 0
"bfd2547a3f5e97d9" 26 30 17287 369 22306 566 4194 42 80 30 44439 566 1138 80 199627 249 330 166 1525 14 89 80 166 161235 103 4522 1179 1170916 -1 -1 0 0 0 0 0 0 0 0 0 0 0 0 0 0 0 0 0 0 0 0
"918afb3861f31492" 21 757 53 30 139 184 8071 80 549 60 70 80 199627 232 5055 1138 80 146 120 2598 35 1179 1170917 -1 -1 0 0 0 0 0 0 0 0 0 0 0 0 0 0 0 0 0 0 0 0
"1f58d09d0bbfb10f" 47 6 7 150 3361 80 11 1058 150 50008 80 199627 43757 2171 80 2212 80 859 1080 70 30 4355 1179 199627 127 154 19877 21403 5173 80 330 166 1062 770 1050 80 199627 200449 271 61 104 3274 80 474 408 30 246 1179 1170918 -1 -1 0 0 0 0 0 0 0 0 0 0 0 0 0 0 0 0 0 0 0 0
"c7e152c254a832ff" 23 6 7 74 14513 36 43 154 391 80 199627 11 1267 232 1618 80 1267 283 154 999 53 70 17888 1179 1170919 -1 -1 0 0 0 0 0 0 0 0 0 0 0 0 0 0 0 0 0 0 0 0
"98b0bbfb60b8a7e6" 23 352 20 5005 14 5925 513 51 43442 15566 80 199627 11 2348 3696 30 2602 456 173 3653 14 80 5716 1179 1170920 -1 -1 0 0 0 0 0 0 0 0 0 0 0 0 0 0 0 0 0 0 0 0
"bdd3d971ef7259a1" 22 1009 2167 68 7639 2598 70 796 80 199627 44 103 901 39 80 2018 44 6920 5608 80 192 3274 1179 1170921 -1 -1 0 0 0 0 0 0 0 0 0 0 0 0 0 0 0 0 0 0 0 0
"4585793b5e16dd83" 31 4 136 4 254 1274 49 28 1024 80 192 33 80 199627 249 425 550 28 1082 19 3596 318 456 4 629 24 80 102 4 255 119 1179 1170922 -1 -1 0 0 0 0 0 0 0 0 0 0 0 0 0 0 0 0 0 0 0 0
"437dd11e2ad0f382" 49 83 30 8816 36 3172 80 184 1269 7785 6167 80 199627 249 271 4812 566 4149 90 184 7 154 2343 80 29386 49 271 8428 1179 199627 460 286 107 19 1080 80 107 3151 80 199627 200449 1334 3372 36 3790 90 184 1267 2118 1179 1170923 -1 -1 0 0 0 0 0 0 0 0 0 0 0 0 0 0 0 0 0 0 0 0