"b26d7febf5072b34" 53545 20841
"1d514f9ee9278020" 134892 157044 70232
"0d7efc2e6688fa03" 47743 104605 11127
"7465920789164da6" 123722 105289 172719
"ea5dedac0e8949e4" 14799 187134
"7bdfd41ed2d7fcf3" 82138 59673 169599
"74bac2e06140a121" 34265 60821
"24b8ebc021a86fe9" 171690 126131
"8b5d3da6ffe22511" 141858 103441
"e08ff1ba374dd5ca" 27297 170548
"fd5170f11539b388" 62225 20053
"4d3a09f78b97e571" 117837 40860 99018
"7ead76a625ee8733" 133558 168380
"3172e18eb2499c08" 127882 36882 89798
"36bf01591732cf7d" 183678 65296
"870b0dcb49d1b134" 11381 179674
"4f6a8875b8f557e5" 111447 118364
"e0eb99bda0003ab0" 85460 150493
"98df26fb61969411" 121657 184823
"b457bdb959389124" 105476 171690
"c06d694e39f88f4b" 176907 172719 150493
"a3e4d60c8cb6f9f8" 113213 155089 14799
"98a37cc8dd930322" 82138 127882
"bbcd00505bcac039" 126131 11127
"cc2e58cc67df78a9" 141858 70232 59673
"3fd1dada29869d60" 184823 99018 34265
"e6b12d5988a94c91" 168380 11381
"90d0d675c0174d12" 169599 20841
"b22bea6349440070" 134892 179674 105476
"7be987f41adf1659" 104605 103441
"b75599bda0003ab0" 85460 123722
"6a57880f957d3576" 117837 65296
"91e8d123d0c198b7" 157044 133558 187134
"4ede5e8ff7a7425a" 54297 60821 105289
"883e8febf5072b34" 53545 89798
"e1d58497ded0d3b6" 47743 183678
"d45000565fefd1ad" 118364 170548
"3ae116fb61969411" 121657 62225
"20b5ad394a478a5f" 40860 111447 36882
"8a18542e81c5ec44" 20053 171690
"9745b10abb816608" 113213 126131
"329ef846a2c49ea1" 155089 34265
"c9b4d7d9c219e13e" 176907 169599 150493
"ae6878e937f6ea3f" 172719 82138
"c462ef9a11d1c15c" 123722 105476 11381
"cc9ab995ab5b7f55" 111447 70232 40860
"601f5d0e902ceb7a" 112974 89482 152381
"12b227fb9c156781" 123028 86096 106388
"49ec4f8ce29bded5" 97903 61380
"745b4c65a68a2b4c" 40536 70289 188873
"0be9608b6057d972" 143546 160081
"d755580fe53b23fd" 147743 1981
"392abf22efd5cfaf" 3842 182668
"df3d23579d5cda58" 43326 147178
"37dda9ece46cd7d0" 132864 65798
"687de84f2b69daf5" 45995 40362
"7085136e2fc27800" 6363 118459
"d4ad70965dc4f0f9" 101781 166238 51553
"191028b13d98f786" 8620 26472
"502144c45b45eaaa" 42189 31983
"925438f70be4db97" 123028 87341 155939
"12b509bbcf647ccc" 17051 181013
"72c11fa2465ff8f0" 38930 26960
"cd44173ad6179d9f" 133260 31059
"9b1b743bc323b8b5" 141300 91112
"8058e8bbcf647ccc" 17051 60668
"7be3f31695d30d24" 181648 162155 83887
"a41c0f1d46d21ca1" 77648 42189
"48a82560d3d5e12d" 132864 97903 40536
"a9c816b53cc46538" 6363 160081 51553
"29dc0b9f11184b4a" 89482 61380 118459
"b90757e639c30026" 182668 38930
"b9c3f8fe79f776dc" 3842 101781 83887
"7c4d48c716835a2e" 65798 133260
"5eda3876cb1c61bb" 152381 147743
"ed310958c232a45c" 123028 55007 112974
"bc1fb3a17b29e4c8" 23720 87341 70289
"17a3a60a0a5f72f9" 43326 86096 40362
"97901f1d46d21ca1" 77648 60668
"e4d292a279a1357c" 17051 147178 26960
"c710743bc323b8b5" 141300 45995
"6fab8072d81a873a" 106388 8620 1981
"35ab711981ea4c1f" 31059 31983
"a85264b9018de9b1" 26472 181648 188873
"7419508b6057d972" 143546 91112
"c1a0203bec4476f1" 181013 166238
"be154a4595143e97" 55007 162155
"aade468212bba760" 65798 40362 188873
"a1035b6aa84b0e7e" 132864 112974 6363
"5d06996fd3b188d6" 23720 38930 143546
"fd337d733c533eeb" 3842 97903 51553
"f8b3b2584acc008c" 42189 87341 26472
"c9d509bbcf647ccc" 17051 181648
"ab91e864d5a1c901" 81163 52734
"7dbb19f094bc6a8d" 126042 180380 109752
"36324e59b01dd5ce" 29682 151355 162073
"a3442e207686dba2" 70523 115535 92155
"ef7b400389e619f3" 17578 76655
"c68b46770977f4d9" 2169 33840 51154
"364bec6d70e73a26" 135094 132867 87181
"7df63a258c56223a" 30950 185660
"d02420189bde6072" 138630 103866 125148
"eec47fcee26bb5bb" 51821 77955 48457
"d18df7b90d6397d4" 68908 169207 144381
"06adf5b08da682a3" 13049 135097 133393
"aa9faa49c242ce48" 80924 50682 124211
"be71bdd2d8c7067f" 96897 18522 59239
"f1451e5737c298e3" 142078 156202 85254
"e7c2f37aed10c4a0" 64115 62557 23889
"f93ea91b7fa1e570" 138670 125148
"63ffc634d6b477b0" 29682 92104 77955
"7feddd7f03d21f37" 70523 81163 68908
"9f5651fba7f1903e" 2169 138630 96897
"bd5425620b6bf647" 23889 133393
"a3a0c1aae9b1f3c8" 52734 59239
"3f6c944c30b59b85" 115535 51821 103866
"d3fe850930debed7" 180380 151355 135097
"2522f6193a9b7a39" 132867 48457 162073
"a0dbf77fa88af42b" 13049 109752
"a80f45550f0252ef" 80924 18522 124211
"c95cd727d2cbfe49" 50682 144381
"3bd54ef1428b3e65" 169207 92155
"809aecb0dcee08a3" 138670 126042 115535
"5d9b3dae4328444b" 142078 30950 33840
"6ad5add6b43e0fec" 29682 2169 135094
"b63b60349d972547" 70523 133393 51154
"9f24d5df35631165" 92104 180380 185660
"6eadf37101be0fc7" 81163 76655 169207
"ce6381db821d8433" 156202 80924 144381
"04a78093bc96cce5" 52734 68908 87181
"dca0c0f160b18ed5" 62557 59239
"779a579af29f2848" 138630 50682 85254
"71157eb495f90d27" 77955 109752 92155
"2f8be6193a9b7a39" 132867 48457 135097
"54864f284f603ac4" 13049 151355 125148
"ebe7cb443547ba02" 96897 103866 18522
"9a9b4083b4381de4" 35541 78906 23889
"48a8d57af5d106a1" 70523 180380 80924
"e9fd77cadf7b0c2b" 33840 185660 162073
"f0a4a42100f581ee" 64115 29682 133393
"6b802fe190da2769" 421 71336
"4fc24b365d6a517d" 168395 58232
"722367b16908e160" 52649 178917
"6c1cf20c1146279f" 177081 64349 51555
"d5832313df3f1434" 115749 50639
"8a839dfa7fa894c5" 87484 175786 150689
"62adce1a1cac727b" 173952 172165 7388
"cb64fd614272e354" 23485 19318
"4d312764d77fd88e" 50477 138748 177162
"e0fce99fe0a38c06" 39430 64979
"fa0ff82f1aceaa3e" 139135 116212 146987
"25b52b997a2e748e" 78431 130386
"357d90c49afef8dc" 36262 121787 118965
"a09ef6f3650e99f2" 92581 175868
"a146e3d286f7ef9e" 34270 137780 61471
"45b6398452f4ff83" 21908 82938 111781
"2e0dba7c091e010d" 27646 141327
"36c10024ed09d494" 157814 11881 61471
"be4180f84f65915f" 124580 146987 67567
"a92d1195d251d1d7" 141327 175786
"74198610ee4732cb" 27646 19318 130386
"fef7d49e47da90d7" 78431 64979 58232
"bc42236ab5067d4c" 111781 23485
"938efcc83ea39b93" 158065 50639
"1ecf9bd4f6b1f8d2" 421 177081 39430
"123b4b365d6a517d" 168395 92581
"a6a2a4487e4625f5" 172165 175868
"f931ba909749f4c7" 137780 178917 150689
"6fdbf095d251d1d7" 141327 39430
"79e43662523a03fa" 130386 173952
"ae194c105f9c151a" 34270 146987 124580
"992246147846fba4" 175786 177162
"bb9d83358bd173e8" 58232 11881 115749
"7673a761bd2fae85" 50477 150689 138748
"b0da78640a6269fd" 71336 157814 7388
"b60616340ec50294" 49317 64349
"813db16cdffb5091" 87484 61471
"654f72573d49e656" 52649 51555 118965
"2223ca7b5092d5fc" 121787 19318
"81c47bd78fa3910c" 21908 111781 82938
"4584f0178847dbd3" 82938 118965
"0dc436c72df218a6" 67567 138748 116212
"24aa1e614272e354" 23485 175868
"7c0f906523d16d16" 139135 71336 61471
"b793861c6d5ce86e" 36262 64979 421
"6bb95ba8cced0690" 106120 177081 173952
"4610d7c281847409" 92581 172165 50477
"ba2c48337e0fe87e" 120896 166982 148372
"a8e130ff1b8bc921" 101006 181576 138587
"0fbcb73504950304" 2525 12554
"8a7e9c532bed73d8" 6429 86016 37690
"35cc9276bfac8734" 123976 19076 156494
"d5a7113a29b65728" 135808 38748 79208
"2cb29576612ac58f" 183140 140324 5665
"b52697ebc509bf99" 164205 12581
"bc3ab480d4a49530" 175088 183086
"590e22e04743feba" 1865 44730 33065
"bb7c6d06810438b3" 168205 60717 107860
"f403041faf4163d0" 130725 149889 158540
"33f67ecc6ca4aee8" 77454 26915 37669
"6d5cc2049ff8b46d" 16807 130862
"bdc2e00c5e9f8416" 44555 123935
"a14eb8695320430b" 152418 47667
"fe3d26e4c543162b" 53451 38771
"ad561178f3369a5d" 151350 13615
"bd9dc736305f3491" 58910 79208
"8106ccafce46fa71" 44730 152418 44555
"e93b0ce54ad6067a" 6429 12554 183086
"5b09fd183a1e64e3" 156494 16807 47667
"47029c938c9bd876" 2525 12581 37669
"3c690c36f8de241c" 5665 175088 149889
"97d3dc1a4da49577" 148372 123976 107860
"8584b70e6a727d71" 140324 38748 123935
"63f0603a0a7800e1" 120896 86016 60717
"28b847e9bf4c8bb2" 183140 26915 130862
"fe003d0cfbd04309" 77454 1865 38771
"348d71529fead2cc" 135808 33065 130725
"ae59ab1d09e1e957" 181576 138587 37690
"06810d42555bbed4" 101006 166982 53451
"5a44838e8aa6f9f0" 123906 151350 158540
"ade62e333b5bdb32" 168205 19076
"3371f15cec4bcaf8" 12554 130725 13615
"6320e10fbaac72ce" 38748 175088 149889
"21457457d3bd01b5" 79208 33065 158540
"e69c3d1b5960c141" 135808 86016 37669
"01fd9fbda3b39078" 12581 16807 123935
"cb0c70f2124e3a26" 58910 44730 47667
"f7abcecf41bd9cc0" 101006 5665 44555
"59e71cb2b942c1eb" 148372 77454 152418
"e5c6f6397bf6ed8b" 26915 156494 19076
"a6432b963eb304ea" 6429 60717 38771
"8f2645280b12bc5a" 166982 140324 37669
"21a0a74ca5f878be" 53451 38771 13615
"f7ba17a56e97cde1" 2525 168205 79208
"d692c08efd7c960b" 147014 3540 175530
"bfd88e4c340c129e" 154294 59344
"e4b9e40c0ecc551f" 8945 153734 2974
"049dddc06400441b" 113870 180701
"5ba51b83f5b32878" 149877 3656 62599
"ded583d4975d823e" 107594 27113 154421
"f36a22cb7aa10c11" 133508 122910
"63941e353e7992c1" 175474 157823
"f16fd4ad04b6e245" 3540 34608 141810
"5ebeeafcb5cae181" 33492 166068
"fd6e885dc2fe55a2" 153246 15725 176639
"59f1c3b264aaac6e" 59693 14751
"1a0cb9d3c040d724" 13890 142032 27062
"d71be638740becd1" 183843 147164 19693
"068c97ccca2c9ad7" 151508 48175
"6c79b70b3b28ccaa" 140786 16755 24740
"1384ee4edd1b6ec8" 162227 77293