"1e92bb59a516ee4d" 21 1767 2104 24893 34644 81908 80 199627 90 344 30 526 798 56 29568 80 1767 127 603 38970 16082 1179 1170612 -1 -1 0 0 0 0 7 5 8 4 6 4 2 2 3 2 0 0 0 0 0 0
"f98b6099533d336a" 22 184 56 119 1750 4 251 80 915 80 199627 3176 49 30 607 49 154 10575 3935 102 51 19183 1179 1170613 -1 -1 0 0 0 0 7 8 9 4 5 6 2 2 4 3 0 0 0 0 0 0
"ba03f7eb30b864fc" 23 4 453 51 12834 90 369 460 60 42 80 199627 4309 351 127 28 1688 18954 6392 80 227 60 42 1179 1170614 -1 -1 0 0 0 0 8 7 9 5 8 4 3 3 3 2 0 0 0 0 0 0
"07174ad9f1d7ff3b" 21 410 1082 19 4333 44 103 706 80 199627 90 154 6464 44 30 4827 11 54333 42 30 3830 1179 1170615 -1 -1 0 0 0 0 6 8 9 4 5 3 3 6 3 2 0 0 0 0 0 0
"4953b79c433ec9bd" 26 859 119 770 102 87928 25970 80 915 80 199627 6 7 74 14451 80 231 2173 77 227 83 28 29 44 103 39 1179 1170616 -1 -1 0 0 0 0 7 6 7 3 5 5 2 2 4 3 0 0 0 0 0 0
"d8d64db57423ee2d" 27 369 1895 154 26414 102 51 3120 80 199627 4 163 14 49 74 1232 2331 80 192 369 120 382 630 49 30 24404 5815 1179 1170617 -1 -1 0 0 0 0 9 7 8 6 6 6 3 4 3 2 0 0 0 0 0 0
"f6fba2ba61f07070" 26 184 127 603 9200 80 74 7 19 855 90 1678 80 199627 1781 51 80 1015 382 154 369 251 382 25 28 319 1179 1170618 -1 -1 0 0 0 0 8 6 8 5 5 6 2 4 5 3 0 0 0 0 0 0
"72d8ded393414043" 28 11 757 53 43 966 1418 80 277 19 1062 770 1050 80 199627 249 369 239 330 844 146 2718 154 184 566 246 19 246 1179 1170619 -1 -1 0 0 0 0 6 6 7 4 4 5 3 5 6 5 0 0 0 0 0 0
"7d946da2d0147503" 25 28 1964 391 10602 80 249 199375 232 3846 144 80 199627 184 599 4 96 896 80 563 158 550 17 49 4 1179 1170620 -1 -1 0 0 0 0 8 5 7 5 6 5 3 5 5 2 0 0 0 0 0 0
"8e1622777b102ac3" 49 967 19 30 4196 80 6 1055 28 1657 80 199627 16517 492 382 16057 76 80 127 382 8936 36 51 10981 80 199627 35507 44 28 1741 80 6 453 14 248 60 80 199375 453 60 3397 102 51 47359 205288 205288 205288 2176 31732 1179 1170621 -1 -1 0 0 0 0 9 9 9 7 8 9 6 7 4 8 0 0 0 0 0 0
"a961235fc6a8d596" 43 278 43 234841 136 80 127 28 29 2568 19 18071 80 199627 2539 4 127 1625 51 2258 783 124 80 4 277 19 453 60 1745 80 199627 249 369 11 3177 80 146 120 150 10108 520 28 34 1179 1170622 -1 -1 0 0 0 0 8 7 7 5 6 6 2 3 8 6 0 0 0 0 0 0
"2a7ee7074beaeb4e" 29 798 12 1369 77 28 61 4569 80 199375 460 88 51 6225 80 199627 352 1777 14 102 51 32959 80 127 14 231 2539 192 1683 1179 1170623 -1 -1 0 0 0 0 7 8 9 5 6 6 3 4 3 2 0 0 0 0 0 0
"fdbb8f3acce3df99" 26 25 51 783 5405 80 90 154 57771 30837 80 199627 859 232 1564 36 30 176 80 563 158 60 1483 102 51 4156 1179 1170624 -1 -1 0 0 0 0 7 7 8 4 6 4 3 6 5 6 0 0 0 0 0 0
"cec034b99124b6e7" 21 150 2603 2802 4812 566 2441 14 6671 80 199627 550 102 369 11 127 23721 19 51 554 4849 1179 1170625 -1 -1 0 0 0 0 6 8 9 4 6 6 4 3 4 2 0 0 0 0 0 0
"04616ebcd494743d" 26 369 13 43 966 1418 80 2348 285 245 2602 80 199627 249 184 22 20 8234 80 859 707 544 408 103 783 5405 1179 1170626 -1 -1 0 0 0 0 8 6 7 4 5 3 3 5 5 5 0 0 0 0 0 0
"70ec7ff20787d76e" 20 352 24283 14 102 245 5749 10150 80 199627 330 1120 770 72 19 1344 80 146 64 24 1179 1170627 -1 -1 0 0 0 0 7 9 7 8 9 8 2 6 5 9 0 0 0 0 0 0
"996c66281822bef2" 21 4 566 28 541 80 28 39 80 28 1819 80 199627 249 369 239 5943 146 2718 154 1726 1179 1170628 -1 -1 0 0 0 0 9 6 9 4 8 6 3 3 8 5 0 0 0 0 0 0
"5109fedaa46e7d85" 22 278 43 234841 8645 80 199375 119 43 369 2358 80 199627 199375 1895 154 26414 80 465 580 49 6881 1179 1170629 -1 -1 0 0 0 0 7 8 8 9 9 7 7 2 3 4 0 0 0 0 0 0
"cc315b834f33d73f" 27 158 1334 277 19 3737 30 176 77 103 1895 80 199627 200450 119 60 271 139 80 102 245 16572 87928 25970 83 30 319 1179 1170630 -1 -1 0 0 0 0 6 7 7 7 7 6 6 4 6 3 0 0 0 0 0 0
"691fd321fc711e0e" 27 369 146 6233 80 146 4593 80 255 44 520 80 199627 798 334 51 1369 77 28 3158 4569 80 199375 20 79 443 2281 1179 1170631 -1 -1 0 0 0 0 8 7 8 9 8 7 5 3 7 2 0 0 0 0 0 0
"2668e9588dc46d47" 25 44 28 24893 34644 7279 80 369 453 603 70 1898 80 199627 330 166 4758 28 1657 80 28 3489 80 28 21845 2743 1170632 -1 -1 0 0 0 0 7 7 8 8 9 6 8 4 5 7 0 0 0 0 0 0
"29f3000f582f6959" 23 28 410 1460 19 5332 80 550 1217 14 386 80 199627 249 199375 232 83 1617 80 6921 36 30 1121 1179 1170633 -1 -1 0 0 0 0 6 6 7 7 6 5 4 5 3 6 0 0 0 0 0 0
"cba5ec3ee3c26141" 25 4 163 14 74 2331 80 369 484 19 656 83 80 199627 2173 77 227 83 28 29 80 206 19 20 14381 1179 1170634 -1 -1 0 0 0 0 7 6 6 5 6 6 4 5 4 4 0 0 0 0 0 0
"bcb89c589f116f4d" 24 1334 12122 80 184 127 603 9200 53 30 747 80 199627 4 453 51 12834 80 58 1334 1084 1577 90 771 1179 1170635 -1 -1 0 0 0 0 6 6 6 6 6 5 6 6 3 6 0 0 0 0 0 0
"6c7d0aac23bb7e9a" 21 807 311 42 80 2629 909 340 1056 80 199627 90 425 1334 1084 747 19 96 51 108 206 1179 1170636 -1 -1 0 0 0 0 6 7 7 8 8 6 6 5 4 4 0 0 0 0 0 0
"9bdd10a9922c4786" 29 859 3176 49 30 607 49 30 108 3935 80 185 550 1745 80 199627 90 184 56 208 119 1750 4 251 80 11 453 60 1056 1179 1170637 -1 -1 0 0 0 0 6 6 6 7 6 4 6 5 5 4 0 0 0 0 0 0
"1d009f5933e83bf3" 23 352 1777 14 102 51 32959 80 199627 90 184 599 4 96 896 80 74 7 36 30 4958 768 33734 1179 1170638 -1 -1 0 0 0 0 7 6 7 6 6 7 8 4 4 4 0 0 0 0 0 0
"4e7b03ee5163f8fd" 27 184 127 30 6464 44 30 4827 80 199627 90 425 1334 747 19 780 30 1183 80 199627 184 17674 102 4327 176818 80 424 1179 1170639 -1 -1 0 0 0 0 8 6 8 8 7 5 7 4 4 3 0 0 0 0 0 0
"47e072bb04a20836" 35 2603 2802 108 80 5960 5248 83 30 224 80 199627 90 102 4 11 127 23721 80 234840 192 21314 80 199627 4 453 51 12834 788 206 80 146 2364 51 3887 1179 1170640 -1 -1 0 0 0 0 7 7 8 7 7 6 6 5 4 5 0 0 0 0 0 0
"b0938c81b8b4b496" 32 1334 590 106 107 1132 761 80 199627 199375 1015 382 154 369 251 382 80 5942 6132 80 199627 44 382 57771 30837 80 199375 212 382 76 77 2425 1179 1170641 -1 -1 0 0 0 0 7 7 7 8 6 5 5 4 7 5 0 0 0 0 0 0
"45c750d03d728b43" 38 4 163 14 74 1232 2331 80 163 14 44 30 1370 80 199627 25 51 783 5405 192 24793 80 4 1317 28 1312 80 199627 425 184 127 603 9200 80 208014 19 208 11819 1179 1170642 -1 -1 0 0 0 0 6 8 8 6 7 8 4 4 3 3 0 0 0 0 0 0
"da5acd9975f4f3eb" 39 4 566 28 541 80 4 153 344 33 80 199627 28 275 104 51 291 80 249 550 932 456 16520 49 4 80 199627 352 234842 42 43297 80 200450 1895 80 550 43 184 119 1179 1170643 -1 -1 0 0 0 0 9 9 7 9 7 3 4 3 9 2 0 0 0 0 0 0
"ae1d89000fd7d56d" 45 4 153 559 369 460 60 42 80 369 6 638 24 80 199627 90 184 56 208 119 43 4 102 80 74 7 19 2021 80 199627 4309 351 127 28 1688 234843 6392 80 200443 192 5720 80 369 127 103 1179 1170644 -1 -1 0 0 0 0 9 8 9 7 8 4 3 2 2 4 0 0 0 0 0 0
"1dd2473c6db36095" 37 757 53 43 330 15785 80 15786 19 1525 770 89 80 199627 249 369 146 74470 80 199375 41 28 3343 80 199627 35507 2743 199375 2919 36 66 474 80 369 22 24 89 1179 1170645 -1 -1 0 0 0 0 7 7 8 9 6 5 3 9 4 7 0 0 0 0 0 0
"a1b5e8adcdb29aff" 28 369 239 330 844 146 2718 80 199627 154 1334 511 513 11 51 783 5405 80 199627 90 44 271 57771 30837 80 184 212 5043 1179 1170646 -1 -1 0 0 0 0 6 6 6 7 5 7 3 3 4 8 0 0 0 0 0 0
"ee9c4e83c0c73ea1" 43 28 275 104 51 291 80 249 859 453 119 80 199627 120 770 119 770 102 87928 80 859 453 60 144 80 199627 90 369 1895 154 26414 80 49 4 25 28 319 80 279 184 166 283 144 1179 1170647 -1 -1 0 0 0 0 8 8 9 8 6 5 5 3 8 4 0 0 0 0 0 0
"1049fddda7d42846" 36 127 51 476 28132 80 234844 89 28 1336 80 199627 2505 43 46602 136 80 199375 3381 28 29 1094 80 199627 2173 77 227 83 28 29 80 369 12 212 30 35 1179 1170648 -1 -1 0 0 0 0 6 7 8 6 6 6 4 3 6 7 0 0 0 0 0 0
"bfa92f9365227127" 43 967 19 30 4196 80 330 2348 1525 770 89 80 199627 249 2539 4 127 1625 51 2258 783 124 80 4 1460 28 6341 406 80 199627 90 369 11 3177 80 232 83 234845 83 80 146 24 89 1179 1170649 -1 -1 0 0 0 0 6 6 8 9 6 5 3 2 4 8 0 0 0 0 0 0
"205c13b7144e9ee4" 41 352 1777 14 102 51 32959 80 550 50 51 3635 80 199627 90 3176 49 30 304 49 30 379 5594 26702 80 1334 15399 36 30 836 80 199627 4327 176818 80 1334 11 15785 43 184 378 1179 1170650 -1 -1 0 0 0 0 9 9 9 7 6 5 9 2 3 6 0 0 0 0 0 0
"8b8a5d5289adca7a" 52 184 599 4 96 896 80 173 44 36 51 7329 80 199627 798 12 1369 77 28 4569 80 2539 2098 22 4 535 1179 199627 90 102 4 11 127 23721 80 859 460 4 51 780 80 199627 11 1080 161 1146 80 859 255 96 150 246 1179 1170651 -1 -1 0 0 0 0 6 6 6 7 7 5 3 4 8 2 0 0 0 0 0 0
"bd582e03d755d395" 48 103 2993 36 4 80 70 4 5252 76 848 80 199627 330 1120 4 89 19 1344 80 74 206 19 7794 1179 199627 550 1217 14 80 249 859 453 60 144 80 199627 11 32 33 19 1625 80 344 70 4 1267 119 1179 1170652 -1 -1 0 0 0 0 7 6 7 8 7 4 3 8 7 7 0 0 0 0 0 0
"3668748e01b5dbf4" 24 4 153 16520 14142 83 5720 80 146 590 632 80 199627 127 28 1964 44 30 6871 80 74 139 199375 350 1179 1170653 -1 -1 0 0 0 0 9 8 9 8 6 5 2 2 3 3 0 0 0 0 0 0
"63f9a53329c1f2bc" 22 369 61 4 823 80 28 5730 152180 80 199627 4 2203 42 28 275 80 453 60 2539 192 8026 1179 1170654 -1 -1 0 0 0 0 8 8 9 9 5 3 2 2 9 2 0 0 0 0 0 0
"a9d4158a2034a13f" 25 74 161 1499 104 1030 51 8871 80 20604 36 28 152272 80 199627 1767 127 28 246 80 74 161 1499 114 428 1179 1170655 -1 -1 0 0 0 0 9 9 7 7 6 8 3 3 8 4 0 0 0 0 0 0
"fd3b532fb90eff2c" 23 16520 44 62398 80 231 2539 192 4300 80 199627 127 51 5889 44 28 1741 80 747 19 6132 30 1121 1179 1170656 -1 -1 0 0 0 0 6 6 8 6 6 5 3 5 4 3 0 0 0 0 0 0
"9ec951c527a09da2" 45 798 1208 60 456 798 2182 1767 590 15699 80 199627 249 2539 1140 1058 30 2938 31776 80 798 334 511 1179 199627 33 61 80 1267 460 14 150 33 61 80 199627 709 1268 53 4931 80 11 161 511 8190 1179 1170657 -1 -1 0 0 0 0 7 6 8 6 7 5 5 3 4 4 0 0 0 0 0 0
"e98638525df52a90" 22 184 127 107 36 383 80 166 4 13 80 199627 51 4662 27460 80 70 4 1267 119 104 1028 1179 1170658 -1 -1 0 0 0 0 8 7 9 7 8 6 4 6 5 6 0 0 0 0 0 0
"86b7db0861f148d3" 49 44 103 39 77 5730 3457 80 70 30 3645 787 849 80 199627 90 16520 2111 83 51 29328 80 11 234846 70 621 1179 199627 200450 283 4694 90 278 178 271 6163 80 199627 229 234836 590 1525 770 89 80 74 1539 30 5104 1179 1170659 -1 -1 0 0 0 0 9 8 7 8 8 6 3 3 6 6 0 0 0 0 0 0
"d9c22a807957bacd" 42 1334 5695 192 790 80 166 4 13 80 199627 103 104 271 1605 80 74 206 36 3237 1179 199627 425 291 80 1183 770 43 4 127 80 199627 859 212 83 30 39 80 1334 51 12226 1268 1179 1170660 -1 -1 0 0 0 0 8 7 8 7 8 7 4 3 5 6 0 0 0 0 0 0
"898cf76678ab78db" 48 4 453 14 106 102 5178 119 80 199627 25 30 1237 369 4597 351 80 16520 231 192 1896 554 1179 199627 16171 14 150 1995 80 199375 3886 70 28 908 80 199627 49 4 25 28 319 80 234847 509 3273 509 60 786 1179 1170661 -1 -1 0 0 0 0 9 8 8 6 7 8 6 4 8 5 0 0 0 0 0 0
"ccb4f6f226fdf0f3" 25 44 28 1051 622 7276 80 199375 212 83 30 1237 80 199627 49 28 13719 3467 80 199375 1183 4 559 19 2919 1179 1170662 -1 -1 0 0 0 0 6 5 7 5 6 6 4 4 4 4 0 0 0 0 0 0
"75dc5f51e9d3372d" 48 43 4 3609 80 199375 146 153 80 199627 249 425 369 127 74 802 80 11 1267 120 60 208 1179 199627 16520 277 19 283 19 30 31 80 11 4 90 14 80 199627 20 28 1274 80 344 70 369 7 19 20 1179 1170663 -1 -1 0 0 0 0 7 6 7 6 7 5 3 4 4 5 0 0 0 0 0 0
"f497b3e45107c8d6" 21 369 484 19 8622 406 80 24 42 28 2662 199627 108 12316 80 127 297 4180 83 28 24 1179 1170664 -1 -1 0 0 0 0 6 7 6 5 6 4 3 3 4 3 0 0 0 0 0 0
"87df06b44c3c9e37" 26 24 44 30 861 456 369 6079 44 30 1877 80 199627 425 481 849 150 12148 80 200449 369 6 7 150 10534 10993 1179 1170665 -1 -1 0 0 0 0 8 7 6 7 7 6 3 5 5 6 0 0 0 0 0 0
"f0663229565e2681" 30 119 4 1080 559 184 904 19 20 80 199627 1716 104 369 166 278 60 80 369 13 199627 28 345 915 80 807 255 83 28 34 1179 1170666 -1 -1 0 0 0 0 7 6 7 7 6 6 4 4 5 4 0 0 0 0 0 0
"950582a74ece7edc" 21 369 998 19 453 891 474 80 136 200450 1320 199627 249 28 2091 104 1063 80 6 12 2934 1179 1170667 -1 -1 0 0 0 0 6 5 6 5 6 5 4 4 4 4 0 0 0 0 0 0
"4b3404acb34ae3de" 23 4 114 232 150 14444 8797 80 550 70 2645 199627 369 391 76 749 83 28 29 80 74 511 3494 1179 1170668 -1 -1 0 0 0 0 6 5 6 4 6 5 4 3 4 4 0 0 0 0 0 0
"07ce869cd8154cbc" 22 369 492 192 234 1547 80 537 369 153 60 199627 232 1085 144 6533 80 14126 369 114 507 60 1179 1170669 -1 -1 0 0 0 0 4 5 4 4 5 4 3 4 3 3 0 0 0 0 0 0
"0f8a677333c4ef82" 23 4 629 19 14 80 234848 70 150 5104 199627 127 150 291 42 83 14 80 352 816 14 451 58804 1179 1170670 -1 -1 0 0 0 0 7 6 7 6 7 5 3 3 4 4 0 0 0 0 0 0
"df0ce0709e4292b6" 14 16520 7497 25 70 28 88930 199627 859 453 271 29 4662 27460 1179 1170671 -1 -1 0 0 0 0 5 5 6 4 5 3 3 3 4 3 0 0 0 0 0 0
"59c323be5800efa7" 17 275 127 14 234840 102 51 9409 199627 283 4694 90 278 30 2602 49 6881 1179 1170672 -1 -1 0 0 0 0 7 9 7 7 8 8 3 2 5 4 0 0 0 0 0 0
"8ce12169b395548c" 22 16520 11 5057 80 277 19 453 51 12691 199627 249 44 51 39 77 5730 3457 80 16520 336 2317 1179 1170673 -1 -1 0 0 0 0 8 7 5 6 7 7 3 4 2 4 0 0 0 0 0 0
"2579e02249a11c55" 23 60 391 70 11 51 706 80 146 1425 51 1146 199627 425 16520 2843 83 29328 80 227 102 51 4044 1179 1170674 -1 -1 0 0 0 0 7 5 7 6 8 8 4 5 2 3 0 0 0 0 0 0
"26cb81e2a1782de1" 41 456 4 283 42 80 11 1080 173 2585 199627 6 120 30 4180 283 4 89 80 11 2995 549 199627 606 154 14160 83 70 30 8460 199627 200449 798 9405 60 456 798 2182 173 51 38988 1179 1170675 -1 -1 0 0 0 0 8 8 6 8 9 7 3 2 8 7 0 0 0 0 0 0
"c321fd8c14cdef96" 25 16520 83 51 409 80 11 15786 19 283 25 199627 15155 83 456 369 391 44 30 4366 4366 80 6 153 386 1179 1170676 -1 -1 0 0 0 0 6 6 5 6 4 4 7 5 2 4 0 0 0 0 0 0
"dfd3641b7f154a9a" 25 1435 351 44 30 1051 80 369 942 2662 80 199627 249 49 4 25 28 319 80 369 106 61 102 5178 119 1179 1170677 -1 -1 0 0 0 0 7 8 7 9 8 6 4 3 9 6 0 0 0 0 0 0
"bf82572d9a81fad6" 24 28 7276 20 1051 622 80 127 5177 102 51 5889 80 199627 369 630 22212 77 1749 788 206 369 2934 83 1179 1170678 -1 -1 0 0 0 0 6 5 6 3 4 5 3 3 3 4 0 0 0 0 0 0
"30a157b9d3c80855" 23 369 22 3380 80 173 1984 83 28 34 80 199627 30 2194 104 80 369 166 1100 19 630 4 804 1179 1170679 -1 -1 0 0 0 0 9 9 7 8 9 6 5 4 8 6 0 0 0 0 0 0
"6a4f562a84472060" 26 16520 280 1138 80 3723 83 154 5720 80 199627 6 563 152 19 1525 14 89 80 291 80 16520 83 51 1132 21102 1179 1170680 -1 -1 0 0 0 0 7 6 8 7 6 3 6 4 3 5 0 0 0 0 0 0
"57b1f2c1f34da613" 30 6 3598 14 36 28 1547 80 66 1841 104 1841 80 199627 456 369 2951 42 174 234 403 80 173 30 161 369 10726 866 90 50383 1179 1170681 -1 -1 0 0 0 0 9 8 7 7 8 5 5 4 6 5 0 0 0 0 0 0
"e14d38a2cec118b3" 21 16520 7598 4 915 80 173 590 20 1745 80 199627 1274 90 255 80 1133 30 176 77 206 1179 1170682 -1 -1 0 0 0 0 9 8 6 9 7 5 5 3 9 6 0 0 0 0 0 0
"1e063ecd9da9fb12" 28 369 1866 96 2951 42 80 28 8549 90 70 80 199627 249 967 42 1024 80 184 1267 283 161 1146 361 80 12888 28 293 1179 1170683 -1 -1 0 0 0 0 8 7 6 7 6 4 4 4 5 6 0 0 0 0 0 0
"c8823a19e0488060" 25 24176 30 1645 80 27 14 44 62398 80 199627 249 28 345 915 8294 30 2343 19 28 246 80 807 28 8134 1179 1170684 -1 -1 0 0 0 0 7 5 7 7 7 5 3 3 6 5 0 0 0 0 0 0
"dd99f9509c0f946c" 24 199375 20 150 7014 80 1525 150 5104 19 14 80 199627 28 5730 152180 80 146 120 4 35 19 150 6515 1179 1170685 -1 -1 0 0 0 0 8 7 6 8 9 4 4 3 8 7 0 0 0 0 0 0
"076f8b8106870365" 26 1112 369 1267 208 24 90 453 561 80 199627 232 28 69732 44 2103 80 16171 14 150 1995 80 369 7 51 14819 1179 1170686 -1 -1 0 0 0 0 6 6 6 7 5 5 4 4 3 4 0 0 0 0 0 0
"5ca142ed67a9978f" 21 234849 1625 80 707 544 408 54 1035 80 199627 200450 5845 102 49958 80 6174 790 49 74 4521 1179 1170687 -1 -1 0 0 0 0 9 9 8 8 7 9 5 4 5 3 0 0 0 0 0 0
"698aa26d2ec30119" 28 369 391 76 749 5056 80 3565 70 172 80 199627 249 425 16520 24 49 107 36 70 80 107 36 383 80 51 554 13680 1179 1170688 -1 -1 0 0 0 0 7 7 7 6 8 7 3 2 3 2 0 0 0 0 0 0
"85f910839f80169d" 30 632 277 19 2358 14 80 481 849 150 12148 80 199627 173 808 321 80 28 88930 80 6 5038 60 90 11 460 1625 245 1179 10525 1179 1170689 -1 -1 0 0 0 0 6 6 6 7 6 7 3 2 3 2 0 0 0 0 0 0
"022f0909289133ac" 19 119 4 1080 559 184 492 54 13719 80 199627 5054 271 61 19 30 42393 3465 425 199372 1170690 -1 -1 0 0 0 0 8 8 7 9 8 6 5 3 9 3 0 0 0 0 0 0
"d9ac0fdd5ff189a4" 23 369 12 283 4694 80 249 1716 104 80 199627 369 166 278 178 4 90 30 61 184 484 80 928 1179 1170691 -1 -1 0 0 0 0 7 7 6 6 7 6 4 2 8 5 0 0 0 0 0 0
"b61b8786059240bc" 19 425 291 80 4 153 369 229 1301 80 199627 127 150 291 70 42 83 28 646 1179 1170692 -1 -1 0 0 0 0 8 7 8 6 6 7 3 4 3 3 0 0 0 0 0 0
"1abd3b8a0bf6288f" 26 369 1734 102 369 1735 60 70 80 146 75 199627 249 4 707 28 246 80 90 369 153 369 229 1418 192 506 1179 1170693 -1 -1 0 0 0 0 7 7 8 6 6 6 4 2 4 3 0 0 0 0 0 0
"aa46ea48f783812c" 45 369 127 7506 80 330 698 51 324 83 297 43933 199627 249 4 255 83 28 80 28 80 28 80 28 80 28 34 80 166 5843 72 150 61 199627 436 44641 80 200449 4 153 16520 370 49 1258 960 1179 1170694 -1 -1 0 0 0 0 7 8 7 6 6 7 4 4 5 3 0 0 0 0 0 0
"39bd00fb4086ec64" 31 915 80 4 232 234850 770 51 4164 16511 80 199627 90 2917 2970 200449 330 477 4758 60 80 199627 249 199375 232 10716 756 1334 1084 51 4633 1179 1170695 -1 -1 0 0 0 0 7 7 7 7 6 6 4 5 4 3 0 0 0 0 0 0
"4195e8d275c18bed" 17 158484 158495 10386 2396 67636 199372 199627 234851 80 4 153 369 127 4 80 915 1179 1170696 -1 -1 0 0 0 0 5 4 4 3 4 4 5 7 5 5 0 0 0 0 0 0
"6bbca2d5f36523a1" 24 4 232 83 14844 14 42 80 249 550 932 199627 200449 184 590 119 43 184 119 80 70 144 30 1237 1179 1170697 -1 -1 0 0 0 0 7 8 8 6 6 6 5 4 4 3 0 0 0 0 0 0
"d363854141a2df56" 34 103 61 104 23669 80 166 520 30 1749 199627 150 3235 566 6922 28 443 3623 199627 161 950 276 561 2555 382 129 80 6 630 14 1351 44 103 5986 1179 1170698 -1 -1 0 0 0 0 8 7 7 9 7 4 4 3 8 6 0 0 0 0 0 0
"ff92e83d79ed86e2" 24 101336 101337 101338 80 146 1310 199373 13 30 621 199627 249 3701 600 146 3757 80 425 369 1267 27 28 139 1179 1170699 -1 -1 0 0 0 0 8 7 6 7 6 5 4 4 4 8 0 0 0 0 0 0
"de71f84e79692faa" 28 798 229 563 152 80 19 232 770 408 454 1050 199627 249 330 2574 102 84483 80 199627 90 425 16520 163 49 51 1902 246 1179 1170700 -1 -1 0 0 0 0 7 6 8 6 5 6 4 3 4 3 0 0 0 0 0 0
"b90c8fe1e4e12bc3" 38 456 4 153 369 127 51 1749 5695 790 80 199627 386 119 4 3582 28 1741 90 630 14 44 30 1237 199372 199627 249 4 2203 28 1749 80 90 369 166 3651 30 4869 1179 1170701 -1 -1 0 0 0 0 7 8 8 7 6 5 5 3 6 5 0 0 0 0 0 0
"5e9825fe5b12b762" 27 184 251 4 19 20 1577 80 344 70 184 299 254 199627 249 4 1082 14 83 80 90 369 166 250 249 20 10757 1179 1170702 -1 -1 0 0 0 0 10 9 9 8 9 7 8 2 9 4 0 0 0 0 0 0
"7a26d4e898e2c94a" 22 369 13 30 39 144 51 8731 77 362 80 199627 475 30 962 104 7399 90 30 3439 38467 1042 1179 1170703 -1 -1 0 0 0 0 8 8 7 5 6 4 2 8 2 3 0 0 0 0 0 0
"3e03e1f77c4d8b96" 21 158 4 30 607 80 386 4 12 208 199372 199627 807 28 783 57771 80 70 178 30 1183 1179 1170704 -1 -1 0 0 0 0 9 8 8 7 9 5 6 3 6 3 0 0 0 0 0 0
"0bc921de32d8fda7" 27 352 816 60 456 184 232 541 33123 80 199627 249 158 184 998 19 1678 271 5047 80 550 738 19 20 51 3843 3237 1179 1170705 -1 -1 0 0 0 0 9 9 9 7 8 7 4 2 4 3 0 0 0 0 0 0
"dd523fc7262f6930" 23 1767 64 348 19 51 39 77 1886 90 2705 80 199627 30866 857 16917 770 89 30 902 19 3666 253 1179 1170706 -1 -1 0 0 0 0 7 7 6 4 5 2 5 7 2 6 0 0 0 0 0 0
"09441122dceb824c" 27 456 352 8645 77 88 80 352 334 51 1369 77 30 1044 80 199627 90 70 369 251 104 245 1580 80 1784 90 544 1179 1170707 -1 -1 0 0 0 0 9 7 6 8 7 5 4 3 2 6 0 0 0 0 0 0
"d7ee2646bf3cfec6" 26 49 84713 80 859 6170 97 5026 154 19717 19 40944 80 199627 90 761 80 541 378 283 71 49 1231 90 788 34 1179 1170708 -1 -1 0 0 0 0 8 9 9 7 8 7 7 2 8 5 0 0 0 0 0 0
"988df9509726419b" 23 30 39 2275 30724 89 90 415 76 80 199627 90 44 30 1886 80 174 234 2917 2970 80 74 5430 1179 1170709 -1 -1 0 0 0 0 7 7 6 3 4 2 2 8 2 8 0 0 0 0 0 0
"4c16a187dafae375" 32 158484 158495 10386 2396 199372 199627 1514 3701 600 146 3757 80 154 396 104 33 80 199627 90 4 80 28 61 80 4 255 2203 28 1749 80 21170 1179 1170710 -1 -1 0 0 0 0 8 7 7 6 7 3 6 2 9 5 0 0 0 0 0 0
"69c0708be97d2889" 27 232 83 4616 14 42 80 550 70 369 299 153 80 199627 249 761 80 550 590 283 71 80 90 199375 120 60 1183 1179 1170711 -1 -1 0 0 0 0 8 7 6 6 8 4 6 2 6 4 0 0 0 0 0 0
"1748246ca0969130" 27 456 4 153 369 127 51 1841 344 51 784 3257 80 199627 249 4 80 28 61 80 808 1082 14 83 90 344 527 1179 1170712 -1 -1 0 0 0 0 8 7 7 7 7 5 6 2 6 3 0 0 0 0 0 0
"e110cf06331daf17" 37 90 1112 369 22 20 231 192 3274 80 199627 249 369 808 251 60 70 80 7921 43 30 332 2917 5642 80 199627 49 84713 80 199375 2995 549 90 3558 70 28 1542 1179 1170713 -1 -1 0 0 0 0 7 8 8 6 8 4 6 2 7 9 0 0 0 0 0 0
"06a039b805cc82e4" 24 158 4 30 607 80 386 4 12 208 199372 199627 352 816 60 192 396 80 550 823 19 120 60 208 1179 1170714 -1 -1 0 0 0 0 9 8 8 7 9 3 5 3 5 4 0 0 0 0 0 0
"c340bbf447b24dcd" 28 173 255 83 28 34 80 23669 90 33 80 199627 249 158 184 998 19 232 271 5047 1608 80 844 184 808 453 60 144 199372 1170715 -1 -1 0 0 0 0 8 8 7 7 7 5 5 2 7 3 0 0 0 0 0 0
"80ceba4f4e0101b4" 20 28 34 10290 5054 103 166201 80 199627 158 443 369 56 421 51 867 36 2935 80 8223 1179 1170716 -1 -1 0 0 0 0 8 7 6 6 6 4 3 2 4 2 0 0 0 0 0 0
"efcdd1a39da8b0bf" 20 200449 788 206 4 212 28 1741 80 199627 798 6 563 152 80 11 1846 4 96 5043 1179 1170717 -1 -1 0 0 0 0 7 9 7 8 6 6 5 5 3 3 0 0 0 0 0 0
"7d75fa54cabb783c" 19 807 11 362 2144 80 1977 14 510 80 199627 28 783 57771 80 361 408 30 20599 1179 1170718 -1 -1 0 0 0 0 9 7 8 6 5 6 3 4 2 3 0 0 0 0 0 0
"ce9f2cdda3879ab5" 27 184 251 4 19 27 150 4256 80 90 20 544 80 199627 249 551 161 950 76 848 2555 382 129 80 166 4 13 199372 1170719 -1 -1 0 0 0 0 6 8 5 9 7 5 4 6 7 8 0 0 0 0 0 0
"5c7c5fc747a9191b" 25 234852 80 275 104 161 476 779 80 249 199627 184 153 184 558 20 4069 80 17 212 891 36 27613 80 43 199372 1170720 -1 -1 0 0 0 0 5 7 7 5 5 8 5 4 5 7 0 0 0 0 0 0
"a6b62b07eda1954b" 22 4 1267 436 1625 80 27 150 7775 80 199627 200449 456 60 2287 19 61 80 30 3439 50384 37232 1179 1170721 -1 -1 0 0 0 0 7 6 8 6 6 5 7 5 8 6 0 0 0 0 0 0
"4657ab6c99610332" 27 275 114 20 30866 80 911 77 24503 90 896 80 199627 249 53 30 176 77 30 621 80 550 70 178 43 1151 370 1179 1170722 -1 -1 0 0 0 0 4 6 5 8 6 6 5 5 6 8 0 0 0 0 0 0
"0bd5bbd50d42b992" 23 369 13 30 7506 80 1185 82 102 550 279 80 199627 1767 64 24 348 80 277 19 4488 36 107 1179 1170723 -1 -1 0 0 0 0 6 7 6 7 7 5 4 6 6 5 0 0 0 0 0 0
"28cf970355b5dcbc" 29 788 206 4 707 28 246 80 550 102 51 4164 16511 80 199627 184 11 166 1100 19 32 83 2662 80 271 3032 11 51 16511 1179 1170724 -1 -1 0 0 0 0 8 7 7 7 6 6 6 5 4 3 0 0 0 0 0 0
"2d244da46e49795b" 23 4 127 14 1598 80 166 27 28 139 76 80 199627 249 761 80 859 453 60 71 80 74 5430 1179 1170725 -1 -1 0 0 0 0 7 7 6 6 5 6 6 5 5 7 0 0 0 0 0 0
"f7222b341358a269" 22 90 1112 369 22 20 1294 19 4758 30 2602 80 199627 249 330 2574 144 60 70 102 51 5654 1179 1170726 -1 -1 0 0 0 0 7 8 6 7 6 6 5 6 5 7 0 0 0 0 0 0
"ea7c0eabe42819b5" 23 184 590 1057 275 80 119 43 184 119 634 80 199627 102 184 1735 60 70 80 74 206 36 2644 1179 1170727 -1 -1 0 0 0 0 5 6 7 6 6 5 5 5 5 7 0 0 0 0 0 0
"5e8c0004eaf40009" 23 425 518 658 632 14 80 456 1334 227 271 908 199372 199627 1767 64 24 348 80 1267 453 88 13 1179 1170728 -1 -1 0 0 0 0 6 7 7 8 5 6 5 6 6 8 0 0 0 0 0 0
"d9b403abc017c2e6" 28 807 4017 208014 88 80 127 14 231 340 1779 80 199627 386 4 1267 212 28 1741 80 424 199372 798 240 563 152 19 1183 1179 1170729 -1 -1 0 0 0 0 7 8 6 6 5 5 4 5 5 5 0 0 0 0 0 0
"63ad8560baad05e1" 30 70 184 7 104 51 783 13412 80 1009 51 6225 768 1093 80 199627 184 590 119 43 184 119 80 1009 11 3464 49 30 362 12792 1179 1170730 -1 -1 0 0 0 0 6 5 6 5 6 5 4 5 6 6 0 0 0 0 0 0
"2b9522a3dcac021d" 26 352 232 83 7400 49 28 34 80 127 14 231 192 622 80 199627 550 23669 80 559 297 5702 255 1100 19 5854 1179 1170731 -1 -1 0 0 0 0 7 7 6 4 5 4 3 5 4 4 0 0 0 0 0 0
"eec124b564426fab" 28 352 816 30 139 369 656 80 30 139 369 7775 90 11456 80 199627 250 14 425 80 16520 2359 83 382 90 166 1740 849 1179 1170732 -1 -1 0 0 0 0 8 9 8 8 7 7 7 2 8 3 0 0 0 0 0 0
"9ebe8f374bcbb32c" 32 173 255 83 28 34 80 915 80 166 283 4 336 28 1964 80 199627 158 184 998 19 232 297 5047 7399 80 844 184 20 71 72 1755 199372 1170733 -1 -1 0 0 0 0 7 8 7 9 6 5 3 4 7 8 0 0 0 0 0 0
"1f116eaafbbd7132" 28 4 1082 14 83 80 537 4 153 559 19 283 60 353 80 199627 436 1625 80 915 80 90 120 14 20 150 2834 5431 1179 1170734 -1 -1 0 0 0 0 9 9 9 6 6 8 6 2 4 2 0 0 0 0 0 0
"d2240c032b4573dc" 31 369 127 51 324 10025 83 150 1741 80 915 80 4 71 17 350 60 80 199627 6 299 12 20 1050 80 150 61 80 369 1267 24430 1179 1170735 -1 -1 0 0 0 0 9 8 8 7 9 7 6 2 8 3 0 0 0 0 0 0
"85a053984c10932f" 32 369 127 476 5287 19 25639 80 12 453 60 19 30 31 80 199627 249 488 80 200450 2502 51 783 2976 80 120 14 1183 4 43 369 127 1179 1170736 -1 -1 0 0 0 0 8 9 8 8 7 6 5 4 9 8 0 0 0 0 0 0
"dae3cbf39a9933c8" 51 28 721 90 271 4533 80 1334 70 44 103 257 80 199627 161 77 234853 6016 80 590 453 60 3397 1274 80 199627 117702 2743 117702 2743 45152 80 200450 2380 30 61 90 5002 80 199627 1334 586 451 30 706 80 229 74 7 19 1678 1179 1170737 -1 -1 0 0 0 0 7 7 7 8 6 6 5 10 7 9 0 0 0 0 0 0
"8674ba917d37d5c3" 28 915 80 4 127 70 28 3639 80 166 232 28 600 72 4 80 199627 90 28 31864 1688 2135 18954 80 2539 43 4 119 1179 1170738 -1 -1 0 0 0 0 9 9 8 7 8 6 5 4 6 2 0 0 0 0 0 0
"79aac308ee4ec111" 28 200450 4593 60 76 80 120 30 226 39 153 271 61 104 3274 80 199627 90 16520 1718 1331 80 4018 199375 146 119 4 1262 1179 1170739 -1 -1 0 0 0 0 8 9 7 8 6 6 7 5 8 9 0 0 0 0 0 0
"ee4bc7a63dcbe6d6" 29 28 234826 127 74 7625 80 915 80 937 4 1473 60 849 80 199627 590 22819 297 4180 42 1138 102 51 71402 24801 80 369 185 1179 1170740 -1 -1 0 0 0 0 9 8 7 8 7 6 4 3 7 8 0 0 0 0 0 0
"aaa6d541769d6ff3" 28 127 28 71061 83 80 166 632 30 1376 90 2971 80 199627 330 10030 80 232 28 517 5210 80 645 1784 6785 70 30 206 1179 1170741 -1 -1 0 0 0 0 6 7 9 7 5 6 6 4 7 3 0 0 0 0 0 0
"6a721ad73ee3fddf" 23 4 492 60 154 784 71 70 172 80 199627 90 425 16520 231 1056 80 11 421 14 28386 80 167215 2743 1170742 -1 -1 0 0 0 0 6 7 8 6 5 4 6 3 5 3 0 0 0 0 0 0
"3a26f88aa5779a98" 26 369 1310 369 484 60 70 80 249 58 369 2574 60 80 199627 28 275 391 11 1056 234854 4 407 90 2306 60 1179 1170743 -1 -1 0 0 0 0 8 7 6 6 5 3 6 5 4 5 0 0 0 0 0 0
"0ca758408be1ba26" 25 150 7064 394 14 80 234855 80 4 71 967 80 1261 199627 192 234856 119 60 80 102 28 129 58421 20 234857 1179 1170744 -1 -1 0 0 0 0 5 7 6 5 4 6 5 6 6 7 0 0 0 0 0 0
"c68e7ba5c4304b54" 25 4593 76 19 28 4533 518 20 15785 8 1146 80 199627 14126 770 154 144 1180 80 184 114 70 2380 271 1257 1179 1170745 -1 -1 0 0 0 0 4 6 7 7 5 5 4 5 4 6 0 0 0 0 0 0
"7b0ee07ca53678a8" 24 1351 10180 80 1334 30 13061 77 30 3025 80 199627 119092 80 15405 61 83 234858 621 49 74 44 997 72136 1179 1170746 -1 -1 0 0 0 0 6 7 9 8 6 6 2 3 4 4 0 0 0 0 0 0
"0571fe7164446050" 29 16520 2348 32 13297 80 249 103 1697 10290 83 234850 80 199627 90 44 30 1877 80 550 51 6857 27467 80 60 11 10290 83 13793 1179 1170747 -1 -1 0 0 0 0 7 8 9 9 8 1 1 10 4 10 0 0 0 0 0 0
"a4abef57c96533be" 28 369 6 12 390 178 2628 80 120 172 120 60 855 973 80 199627 174 1899 1491 80 199375 11 32 44 90 553 30 705 1179 1170748 -1 -1 0 0 0 0 3 5 3 7 6 1 1 1 2 2 0 0 0 0 0 0
"764cb6ad480becc8" 22 369 166 13 144 70 297 4355 80 199627 90 184 293 60 51 5411 80 249 16520 616 19 3179 1179 1170749 -1 -1 0 0 0 0 8 6 4 6 7 3 2 2 3 3 0 0 0 0 0 0
"734d48241a79a617" 24 3617 14 30 10270 80 16520 747 19 3055 80 199627 79333 44 1741 80 90 154 14896 14 30 1657 369 3452 1179 1170750 -1 -1 0 0 0 0 9 9 7 8 7 6 3 4 3 4 0 0 0 0 0 0
"1a41db2205f2aecd" 29 184 904 19 20 192 606 80 425 173 11 51 1557 369 928 80 199627 2551 184 56 1082 24 206 90 119 60 14553 80 6121 1179 1170751 -1 -1 0 0 0 0 4 9 2 9 8 8 2 3 7 7 0 0 0 0 0 0
"56693f8a2049c3d7" 34 184 7 245 4783 1376 80 192 200450 283 90950 234859 83 30 224 80 199627 90 1031 1334 53 60 80 200450 12239 42 2224 28518 80 453 60 106 102 234860 1179 1170752 -1 -1 0 0 0 0 10 8 10 7 6 7 1 1 5 7 0 0 0 0 0 0
"ad1091a8ac3b9c43" 25 16520 83 31 425 80 229 74 234861 14 80 199627 15053 51 306 1088 80 249 74 16317 80 199375 120 60 20 1179 1170753 -1 -1 0 0 0 0 7 6 9 6 7 2 1 3 1 5 0 0 0 0 0 0
"41ff528eea584184" 25 629 83 80 629 83 80 6 12 13 4 1532 80 199627 200450 11 278 178 541 90 460 271 61 709 152 1179 1170754 -1 -1 0 0 0 0 2 8 6 8 7 4 6 2 9 7 0 0 0 0 0 0
"79e7f95d815250e3" 29 120888 232 2659 44 28 34 80 199627 299 937 352 136 3250 80 184 353 1617 76 80 352 2505 49 14 2640 80 70 30 206 1179 1170755 -1 -1 0 0 0 0 5 7 8 6 6 4 8 4 7 4 0 0 0 0 0 0
"74d3d844fe98cd18" 25 369 13 70 603 290 1418 60 30 1299 80 199627 249 14 80 369 1267 119 60 14553 80 17284 44 30 706 1179 1170756 -1 -1 0 0 0 0 3 5 5 7 7 3 2 1 5 4 0 0 0 0 0 0
"cbe086610a13faad" 20 383 835 30 3821 80 199627 249 1894 31422 80 798 232 770 5057 80 146 120 770 5786 1179 1170757 -1 -1 0 0 0 0 4 5 5 6 8 3 1 1 2 9 0 0 0 0 0 0
"1b56960bf64f474d" 32 369 166 13 150 600 80 7420 80 330 7399 25 150 8830 80 199627 249 120 14 13 154 2091 80 915 80 200450 453 245 4083 154 146 787 1179 1170758 -1 -1 0 0 0 0 5 7 8 7 8 1 7 1 9 6 0 0 0 0 0 0
"07dcb7e02f331990" 27 3617 14 30 79333 80 200450 216 30 313 90 2136 80 199627 22721 49 271 1733 1035 80 15155 208014 30 206 184 127 4120 1179 1170759 -1 -1 0 0 0 0 9 6 8 6 7 3 2 1 3 6 0 0 0 0 0 0
"a21e3e04188e9761" 24 184 10812 2370 80 361 19 30 31 80 199627 1031 297 1829 290 35 80 330 229 340 80 330 11 4554 1179 1170760 -1 -1 0 0 0 0 8 6 9 7 7 4 1 4 1 3 0 0 0 0 0 0
"6c9b0fa2b477f424" 26 369 229 306 49 154 1829 61 80 550 11 51 6400 80 199627 234862 119 60 14553 80 1183 4 43 61 112 127 1179 1170761 -1 -1 0 0 0 0 4 5 4 6 6 5 2 1 8 7 0 0 0 0 0 0
"e83dccdba677c6dd" 27 103 275 114 20 823 19 4758 1112 80 199627 249 120 172 2348 466 42 80 200450 11 212 60 161 2967 53 51 206 1179 1170762 -1 -1 0 0 0 0 7 9 8 8 7 7 5 3 6 4 0 0 0 0 0 0
"72c2c18c3d525c4a" 28 90 22325 80 798 11 334 51 4787 80 199627 249 4 76 749 2659 80 13553 89 49 70 603 2272 80 456 378 60 176 199372 1170763 -1 -1 0 0 0 0 6 8 7 5 6 5 4 6 5 6 0 0 0 0 0 0
"bb62bb23e6052eae" 39 4 146 892 637 80 4 492 60 83 150 29 80 199627 249 383 6133 1112 80 344 386 4 32 3274 80 199627 1894 31422 1513 4 154 80 425 150 3172 11 10290 83 6886 1179 1170764 -1 -1 0 0 0 0 8 9 9 7 8 7 4 3 7 7 0 0 0 0 0 0
"e88f5167f9ef3643" 24 369 229 1617 849 80 74 1539 43 4 185 80 199627 16520 83 30 902 80 15126 154 306 1088 788 621 1179 1170765 -1 -1 0 0 0 0 8 8 8 9 7 7 3 4 6 8 0 0 0 0 0 0
"ebb765d6024a6f84" 27 208 83 80 58421 80 119 150 1146 80 146 632 80 199627 184 146 1466 36 103 275 80 249 184 658 453 60 465 1179 1170766 -1 -1 0 0 0 0 7 9 7 8 6 6 4 5 6 6 0 0 0 0 0 0
"9d0e46be41d513d5" 28 154 14896 14 18486 80 6182 89 28 17647 80 199627 456 369 421 154 167215 2743 80 915 80 4 590 453 14 942 28 34 1179 1170767 -1 -1 0 0 0 0 7 8 8 9 7 7 4 3 8 6 0 0 0 0 0 0