"aa3c46a0fd496eb8" 20705 42128
"a1eb188fe11a8d79" 47756 92305
"bbc319b8dc4e0983" 43447 166211
"78a2d74ae87c5f3e" 153512 162706
"d66b9359fbae6620" 109902 33222 50840
"a6694fe2aeab1e05" 11781 166780
"fd080cff65312d12" 85931 15867 21300
"22360b686588b374" 8639 17730
"ec9b6c44cb26809d" 121566 128923
"585eb57fe75ee360" 11507 173949 24376
"41ebee0340dcc2ff" 94151 43775 34233
"5e39d22af754ac9c" 33429 31143
"a6ae2c54b93d4e8e" 155941 16092
"d2a4c5f95075fd07" 102332 122697 97875
"40fbe391b66dbe94" 69633 123722
"588f6914d5f61b72" 55299 14066 156791
"4e5da33c127fe2ee" 136545 105546
"0def41a1e224d411" 40876 97959
"279a1ef28302c956" 419 62999 154275
"1e2a417254dac014" 128879 155409
"99765a34b92daaf1" 34265 135708 154275
"18a71794a0b273d5" 98992 90049 177531
"86e3ee117e2a69e5" 77318 88861 50160
"f7ce95a0c5fe0177" 94972 113990
"5cdd0da58fab5cb2" 2604 2604 74164
"2aa615799c0ebf01" 47489 1677 77767
"0d8b51422b215310" 85566 99005
"d1d2f4884a23c7be" 25060 135708
"12d3be7f6f823955" 81493 10787
"f5ae87953de4660b" 81780 142301 49545
"d60ebf4fe8e5882e" 125202 160060 167862
"633c14d7296f22b0" 64434 419 25060
"e71b5d3818ec88a0" 187408 4618 180771
"941205c24b371dee" 83740 43877 154275
"4bb910464300d9ba" 38964 68259
"efd6c5955f3a672b" 90495 113962 143932
"76359d3286895fdb" 156181 65449
"d31a782b93c0ca5a" 152388 43877 176175
"fb421f2e40646a7b" 74164 142301 65449
"2f64e8d76ec91906" 10787 178942
"863eb9a6d6ad0e00" 77767 90495 1677
"ad443338ca634440" 68259 49545 90049
"3f8ff10cf8a38faf" 178229 98992 99005
"ef95349f993d9b96" 81493 155409 177531
"9f9b3ab4b47f82e8" 90049 90495
"188340dad7004f2d" 162745 62999 2604
"14d93fd6e220fea7" 50160 180771 47489
"bedda9263e14f62b" 38964 142301 81493
"58df5eb7ca26ccb9" 113990 4618
"65f061bced3b12f4" 77318 180771 187408
"b3cfa4a77e59f904" 125202 68259 49545
"201a449fb89fc781" 167862 43877 64434
"0948ace2e23cfd1b" 113962 47489
"b1d67128e75f9dfb" 81780 77318 50160
"c49f6c733adcdfa5" 177531 88861 62999
"46a7178fa6d2da38" 49545 135708 85566
"0b39bb950c1c56a0" 154275 160060
"e87009f0242983a1" 156181 77767 1677
"578ab930d92cd604" 143932 94972
"0341529b4953f309" 25060 152388 128879
"420b9022362e2753" 34265 81780 167862
"c7e3cf3ae48200ae" 83740 419
"fc2c8f0e8b7138c6" 178942 99005 90495
"4d8a3f286c7ef9cb" 176175 152388
"7941d8dc762a4d05" 98992 125202 38964
"5404ca278bca2a00" 144384 187096
"06828551141b00ce" 53749 93762
"55757e3d5ea29e9a" 70918 49292 17786
"ac3e405cef29978e" 6092 66049
"4651ea6541e7d660" 75972 168499 31456
"c23745e17653a123" 131992 117292 41167
"209482b4178482f8" 27108 29448 110157
"8094ba4e74a99af7" 187153 113022
"82d2ea0908201139" 188404 34647
"029fe788a27405fd" 88856 123259
"7e3899e7d5849640" 136540 48590
"f68b9c18c729825b" 183146 63624 144836
"74bcecf89932bc2d" 186259 177315
"71e2fcb9f82809a2" 29549 13025
"6bec50376881b3d7" 99523 12533 81665
"e50e0e79bfd4c412" 13001 48764
"a60ed7d2775568ab" 118636 99201
"1195ee0ad256a97e" 18208 167447 33341
"4fa707b1c3a2c026" 187724 12715
"d5c20e7dc47c643d" 159948 183146 70918
"ceed9b8b65cf4edb" 12533 187153 13001
"dac53f3d0d183af3" 48764 144384 29448
"332ce13adbe9573e" 187096 48590
"240d3d55d3184e7f" 168499 167858 75972
"a9042a43a5e2e9d9" 156969 6092 27108
"0aec604a599ee1c3" 99523 49292
"cb3596d413f7c2a0" 167447 177315 33341
"0a64ea0908201139" 188404 41167
"a5c357b7fd872ff3" 131992 53749 63624
"fc906a1261c0c129" 117292 118636 113022
"16951b320b1aa490" 17786 93762
"288d1db9f82809a2" 29549 187724
"ca51e4491446a1dc" 110157 186259 34647
"dd1c30337af660bf" 90391 81665 88856
"93d099e7d5849640" 136540 18208
"d79810ba757cd80d" 144836 12715 13025
"173c5b0cbecf998c" 31456 66049 123259
"edffad1a39e8fa0f" 177315 183146
"15f937e41d0222de" 159948 63624
"bb9a370823351493" 118636 12533 53749
"820554c554340f40" 18208 136540 186259
"ccfb69f9566ab958" 90391 48764 29448
"696fad51a96e27f4" 48590 168499
"ddd1e8d1ec4799ae" 33341 167447
"7433daa23d9b13a7" 93762 144384
"492c597c39a1a6e9" 167858 41167 70918
"280cb7f1b0c255ad" 187153 117292 75972
"6a8f1ac759ea2f4f" 7978 45975
"d855217e6bdb2976" 23627 9105
"a6124da41d4d3782" 12116 147308 46513
"1f02c937176c5c7d" 158432 150884 99380
"0d2c51e556543558" 103860 127551
"d99e78c27cb43eb8" 72525 901 178814
"6ec361a03a989901" 135017 32484
"6184cbc9a9a12696" 127469 155181 1231
"ee9abc6ee8c63edd" 33102 161803
"31980789f0c04f17" 84101 34213
"b62f83d52d46509f" 92155 144338 22597
"71865c805560fe42" 94334 25796
"43c3be9a6968f332" 109226 421
"f1f3f4c1132c66cf" 9105 123157
"2f78a2a59a6e5faa" 72525 151132
"f6e32147f86dba81" 186727 152327
"3d8eaa0632578361" 124086 180392
"99cd2e11959b3f9d" 1231 29197 704
"dbaee16046586612" 177949 45975
"84af0ead8b3b8b0e" 3546 100397 7436
"5108f8b3a56e05ab" 167411 118417
"b1e04ac759ea2f4f" 7978 182540
"1ad805dfe39cf65b" 127469 23627 12116
"35ebaf2c0476e96b" 161803 45975
"182aaa0632578361" 124086 162390
"2972ed67e9151aa7" 100397 158432 99380
"921b671f4692e702" 150884 180392
"3b26f17e2d007408" 12116 7436 3546
"2e40b49d20dd98eb" 33102 32484 152327
"318cc1bd2a634904" 901 34213
"8dae6fda7cb108a4" 22597 109226
"295da3771ead7e7e" 9105 155181 152327
"df5271a03a989901" 135017 92155
"df42b7c8c354b858" 1231 72525
"ca2d32126a416efd" 186727 178814 94334
"d080b4989cf3dcda" 29197 145079
"21e63c795e94a50f" 25796 46513
"7afa51e556543558" 103860 122646
"9dde32a0f92d4683" 151132 704
"94fbd39094807e45" 118417 127551
"c0b98c157ebedff2" 84101 123157 421
"2839fed9a4363a10" 147308 158432 29197
"877c7fe6f00ccae1" 162390 155181
"5c4651dadb53b67b" 177949 144338 100397
"a589e866600adfb1" 178814 152327
"c31cee57e15782d1" 22597 124086 180392
"b1261ac759ea2f4f" 7978 7436
"6bbe39a367995923" 103130 129719
"a4c678d1e19cbcc8" 62915 155958
"1a0878fa19f88964" 81729 11954 54501
"cb979737f2b760ef" 69938 71749
"51011fec6de68c25" 64241 76331
"9c36e40005d947af" 94643 45445
"dffef67057942dcb" 38200 72888
"1e54f4dd9b6292b0" 88754 116970
"b9b57165092c78d4" 38202 127932
"80b5eb4abab3d3ed" 38204 155279
"6b8bebae5fa9f2e9" 4957 82512
"a8fa0ea75407b3ff" 123976 160885
"d34de9eed8688af7" 5390 45466
"d27c5285137fdeb6" 155370 91717 33065
"a46757000d0bfb6d" 82512 107213
"117dbfcc46a2d0df" 41180 7032
"af25941dfe2f3de6" 19675 140718
"6a024666ed53aaa9" 18537 103826 70690
"e6d636e0a6637154" 23462 7955
"5143605259a3649e" 103826 147902
"c431393b145300c8" 146944 175071
"e009af783bf928a9" 139040 12801
"6e62f502092894c0" 13190 76331
"05d1184c7b7ccba4" 64241 107213 71749
"9df5282d840e9732" 413 82512 19675
"824de9eed8688af7" 5390 45445
"16b110a9c519a867" 54501 7955
"8cdc2cbe4e4c255b" 175071 123976
"7ae88fd234d25691" 127932 140718
"55d9cb4abab3d3ed" 38204 41180
"d44db51ded61172d" 121483 62915 45466
"c774e40005d947af" 94643 38200
"0a9ad977d5e7cbce" 45445 69938
"e8f449a367995923" 103130 155279
"f38f4b83d8bf8390" 81729 91717
"5ca7bf783bf928a9" 139040 72888
"c3877010e35c97bc" 18537 38202
"ea539da212be5a59" 7032 33065
"dd40528fa4b50988" 70690 155958
"dab2deb4238824dd" 140718 116970
"fc28788943d24095" 88754 107213 19675
"4b50405259a3649e" 103826 4957
"aead2713cf5fd2c5" 45466 76331
"d868293b145300c8" 146944 139040
"fd96f4fa2def74c9" 413 147902 46795
"dc43eced05ff86a9" 12801 7955
"0650840874634c2b" 85752 23462 64241
"3a76c9c2f46baafb" 176635 102327
"6717a1e4ce82effa" 165954 114657 14446
"3d5b12aae47cc0ae" 23160 3662
"04316f3accbc15ed" 92315 183565 154299
"75a600b35ba94cc2" 19747 46664 35659
"6a901391f94f1de6" 62548 38177 128892
"0f210a3b06cc50d0" 147940 169967
"5c7f066e1f769ecd" 44607 149401 30688
"c8ecfe3362373c95" 114657 162101 25033
"d9d021f30ac0da10" 70490 95774
"36fc679c460a5286" 107863 11467
"81ec31b4e68db569" 54284 14258 45017
"1135e837b64c3dae" 3189 176635 177932
"af1c96c746acf2b1" 3662 75543
"cd4dc2872bcf9f77" 56401 25874
"b811911c0c3b0f89" 95045 45661
"ddc336544968b197" 58255 177005
"74f494a497e1c734" 31113 135356 185601
"b56cf0f1cf26a2e6" 2745 20809
"0a492919ff023791" 9337 87401 114657
"a80e65f30f7857c5" 75802 35659
"bd73adf268124d6e" 14258 147940
"4b63afa440c0b543" 92315 102327 183565
"ed90b2adf3d0c0d1" 154299 14446 54284
"1bc38fcbba647b31" 44607 56401
"920565cea1026207" 45017 25874 162101
"31d1e46a67048ad6" 128892 70490
"aeed4f1acc0ebda7" 149401 23160
"2420ed8cf64e3772" 34921 19747 38177
"1229414b6de4922b" 51735 25033
"6285442dcc54178b" 165954 75543 30688
"9c7745bd4af471b4" 62548 95045 11467
"267726d973931c06" 135356 87401
"117c679c460a5286" 107863 9337
"45a23e36a296da83" 34921 185601 177005
"ca7a486cd1e92dc1" 183565 35659 44607
"8cec65f30f7857c5" 75802 31113
"92fc5f83de60ec71" 45661 95774 3189
"560e7caeeee30113" 14258 176635 92315
"894e764c94db0a1a" 54284 58255
"19c593931e45cc4f" 46664 128892
"eaa1db23f738c1fc" 149401 114657 102327
"9a5f6e9019681d8f" 162101 20809 14446
"e3865fefab85bacb" 38177 147940
"2eb94933589adb34" 3662 35659 54284
"e316f793550b0027" 2745 23160 135356
"b05e92fdcac73442" 169967 154299
"ff9d00d21f91c1e0" 79102 48172
"e6aa431e60a9e42c" 89519 140638
"2d2df9c8e64f0114" 174193 1109 122463
"0cfbca4528096aae" 115815 140632
"464e35a257ea1478" 132156 44924 37555
"56d76ad47d6fa0de" 84200 48688
"6722525f4eb806ef" 60129 109688 133516
"0db78a39c77879ed" 186360 5323
"2cde4dceda08c7fb" 20417 20291 26601
"ac1d357e65d8d846" 58513 157376
"220e2b17ac7a9298" 20291 59790
"a421afed0ebcafd7" 136409 20888
"e77bf5fd5ad76a52" 23757 117352
"0260358881af2968" 85536 99603
"2f5f55c78b5d6959" 17121 134360
"1d4409ec7050f5bb" 117081 14751
"0b7b161af9c87b0c" 153232 19699
"6683018cc46b6851" 125664 4505
"d767c65a982bd02f" 166055 59813 52820
"e2cfb666a9640513" 86108 30485
"57663dafbfecadbc" 183604 48688 84200
"5e58615278bc3512" 60129 5323
"7205d87b912c5c0f" 132156 17121 30485
"0c08e9f831f07fed" 122463 157376
"0dafe3c57f7962e8" 48172 117352 37555
"d8d02bcc28572d52" 20417 99603
"4667cf0e2ca593a8" 19699 20888 186360
"1f922af46a6afe70" 174193 59790 117081
"29c9e5fd5ad76a52" 23757 44924
"77aad666a9640513" 86108 140638
"e370f5d7e38e9b9e" 115815 26601 60129
"925c710e4337abad" 52820 109688
"26255d377ccd79a4" 137054 89519
"74fb0907d073e446" 59813 140632 4505
"51aa7ad47d6fa0de" 84200 125664
"5e07cbfebfe9c63d" 117352 48688
"ca73875cf22ed534" 183604 166055 52820
"5371361af9c87b0c" 153232 109688
"370f02b56fd106e3" 91449 17121
"919eda16bb030a52" 79102 37555 5323
"61a5bc192fb1c21d" 59790 19699
"d9ad8cecab96d4a0" 1109 14751
"4654aa39c77879ed" 186360 122463
"a33bee6a12e53c4c" 20888 30485
"3cfe09ec7050f5bb" 117081 58513
"43a73830eb6c35a5" 36771 157376
"9a66cb6f41ff5945" 133516 85536