421
1865
1981
2169
2525
2974
3540
3656
3842
5665
6363
6429
7388
8620
8945
11127
11381
11881
12554
12581
13049
13615
13890
14751
14799
15725
16755
16807
17051
17578
18522
19076
19318
19693
20053
20841
21908
23485
23720
23889
24740
26472
26915
26960
27062
27113
27297
27646
29682
30950
31059
31138
31983
33065
33492
33840
34265
34270
34608
35541
36262
36882
37669
37690
38748
38771
38930
39430
40362
40536
40860
42189
43326
44555
44730
45995
47667
47743
48175
48457
49317
50477
50639
50682
51154
51553
51555
51821
52649
52734
53451
53545
54297
55007
55579
58232
58910
59239
59344
59673
59693
60668
60717
60821
61380
61471
62225
62557
62599
64115
64349
64979
65296
65798
67567
68908
70232
70289
70523
71336
76655
77293
77454
77648
77955
78207
78431
78558
78906
79208
80924
81163
81742
82138
82938
83887
83976
85254
85460
86016
86096
87181
87341
87484
89482
89798
91112
92104
92155
92581
95115
96897
97903
99018
101006
101781
103441
103866
104605
105289
105476
106120
106388
107594
107860
109752
111447
111781
112974
113213
113870
115535
115749
116212
116636
117837
118364
118459
118965
120896
121657
121787
122910
123028
123722
123906
123935
123976
124211
124580
125148
126042
126131
127882
130386
130725
130862
132864
132867
133260
133393
133508
133558
134892
135094
135097
135808
136385
137780
138587
138630
138670
138748
139135
140324
140786
141300
141327
141810
141858
142032
142078
142939
143546
144381
146987
147014
147164
147178
147743
148372
149877
149889
150493
150689
151350
151355
151508
151911
152381
152418
153246
153734
154294
154421
155089
155939
156202
156494
157044
157814
157823
158065
158540
160081
162073
162155
162227
164205
165661
166068
166238
166982
168205
168380
168395
169207
169599
170548
171690
172165
172719
173952
175088
175474
175530
175786
175868
176639
176907
177081
177162
178917
179674
180380
180701
181013
181576
181648
182668
183086
183140
183678
183843
184634
184823
185660
187134
188873