465
954
1264
1457
1762
1813
1995
2121
3539
3972
4370
4958
5328
5445
5837
5912
5931
6811
6822
7285
7439
7552
8916
10466
11401
11640
11663
11933
12437
12528
12920
13178
15750
16418
16870
17602
17705
17758
17833
18390
19461
19676
19691
21999
22514
22842
23074
23227
23527
23926
24013
24316
24526
25025
25807
25869
26829
27284
28059
28071
28102
29453
29469
29481
30278
30762
30877
31048
31705
32024
32163
32281
33008
33151
33643
34239
34741
35410
35666
36097
36205
36269
37205
37784
37866
37951
38137
38176
38204
40093
40566
41929
42084
42175
42187
43199
43923
44114
44234
45410
45492
45875
46564
48427
48698
49679
50220
50460
51504
52052
53476
53549
54275
54401
54894
55225
56048
56428
57247
58306
59198
59239
59335
59517
59525
59768
60333
60716
60809
62024
62085
62532
62781
62868
62917
63363
63743
64005
64551
65107
65413
65500
65784
65808
66025
66283
66754
66998
67282
67463
67882
67883
68365
68961
69442
69851
70474
70529
70563
70856
70931
71231
71345
71357
71844
72083
72112
72472
73559
73580
74369
74962
75502
76916
76998
77003
77124
77398
78564
78757
78879
79115
79150
79340
79595
81234
82684
82893
83348
84241
84260
84267
84469
84548
84877
85445
85836
86509
87592
87657
88328
88914
89197
91109
91169
91685
92086
92147
92781
93854
94050
94380
96112
96531
99224
99438
100823
100882
101119
101142
101243
101278
101696
101907
102000
102268
103106
103135
104433
106452
107595
107849
108326
108512
109547
109763
110001
110152
110740
110921
111357
112189
113834
115248
115508
115633
115793
115815
115858
116051
116091
116755
116883
117081
117083
117153
117299
117440
117447
119295
120213
120795
121425
121707
121897
122143
122192
122374
122646
122721
123906
123976
124103
124279
124440
125997
126603
126824
127488
128385
128867
128921
129358
130750
132404
132874
132962
132974
133382
135013
135051
135066
135817
136975
137163
137706
137774
138349
139458
139859
140294
140733
141276
141595
142520
142780
143008
143847
143945
143982
144342
144814
145133
145746
145852
146459
147514
147715
147902
147959
148666
148692
148769
149475
150493
151337
151605
151608
151620
152332
152337
152891
154278
154907
155013
155147
156016
156728
157005
157049
157459
157678
157686
157745
158068
159453
159544
160096
160594
161607
161714
163312
163359
163591
164003
164612
165903
165939
166220
167251
167289
167755
168772
169050
169074
169599
171681
171783
172371
172996
173230
173412
173728
174239
175047
175225
175277
175872
175957
176578
177046
177053
177510
178035
178135
178139
178277
179929
181184
181257
183988
184072
185070
185099
185671
186703
186917
187150
187421
187478