62
413
419
421
704
901
1109
1231
1677
2604
2745
3189
3546
3662
4505
4618
4957
5323
5390
6092
7032
7436
7955
7978
8639
9105
9337
10787
11467
11507
11781
11954
12116
12533
12715
12801
13001
13025
13190
14066
14258
14446
14751
15867
16092
17121
17730
17786
18208
18537
19675
19699
19747
20291
20417
20705
20809
20888
21300
21427
22597
23160
23462
23627
23757
24376
25033
25060
25796
25874
26601
27108
29197
29448
29549
30485
30688
30827
31113
31143
31456
32484
33065
33102
33222
33341
33429
34213
34233
34265
34647
34921
35659
36771
37555
38177
38200
38202
38204
38964
39126
40876
41167
41180
41865
42128
43447
43775
43877
44607
44924
45017
45445
45466
45661
45975
46513
46664
46795
47489
47756
48172
48590
48688
48764
49292
49545
50160
50840
51735
52820
53749
54284
54501
55299
56309
56401
58255
58513
59069
59790
59813
60129
62548
62915
62999
63624
64241
64434
65449
66049
68259
69633
69938
70490
70690
70918
71749
72525
72888
74164
75543
75802
75972
76331
77318
77767
79102
81493
81665
81729
81780
82512
83740
84101
84200
85536
85566
85752
85931
86108
87401
88754
88856
88861
89519
90049
90307
90391
90495
91449
91717
92155
92305
92315
93762
94151
94334
94643
94972
95045
95774
97875
97959
98992
99005
99201
99380
99523
99603
100397
102327
102332
103130
103826
103860
105546
107213
107863
109226
109688
109902
110157
113022
113962
113990
114657
115815
116970
117081
117292
117352
118417
118636
121483
121566
122463
122646
122697
123157
123259
123722
123976
124086
125202
125664
127469
127551
127932
128879
128892
128923
129719
129839
131992
132156
132535
133516
134360
135017
135356
135708
136409
136540
136545
137054
139040
140632
140638
140718
142301
143932
144338
144384
144836
145079
146944
147308
147902
147940
149401
150884
151132
152327
152388
153232
153512
154275
154299
155181
155279
155370
155409
155941
155958
156181
156707
156791
156969
157376
158432
159948
160060
160885
161803
162101
162390
162706
162745
163347
165954
166055
166211
166780
167411
167447
167858
167862
168499
169967
172244
173949
174193
175071
176175
176635
177005
177315
177531
177932
177949
178186
178229
178814
178942
180392
180771
182540
183146
183565
183604
185601
186259
186360
186727
187096
187153
187408
187724
188404