"cf30476d645fe5f6" 4 27 28 27 29 2 0 -1 0 153 153 0 9 7 7 4 6 9 3 2 2 1 8 1 0 32 46 25 8 20 29 9 39 22 28 50 9 88 56 32 74
"1f620ee924d25078" 3 27 999 147 159 1 -1 255 187 0 0 7 8 9 4 7 9 4 3 2 1 10 2 3 27 39 36 33 7 10 28 34 9 52 15 35 6 102 66 58 71 19
"b52aef7def379a74" 1 289 84758 2 -1 204 0 51 0 7 9 8 6 8 9 4 2 4 2 8 4 26 9 11 17 18 21 46 9 64 36 108 12 86 82 116 113 122
"7ed1b431e9efddc6" 5 4 4051 27 4052 1947 997 3 -1 255 153 204 0 9 8 7 5 6 9 3 2 2 1 8 5 7 28 29 48 17 22 27 9 3 2 75 61 45 125 131 133 137
"3cc9148c9535088f" 5 534 16 27 4526 534 1157 4 -1 204 102 51 0 6 8 8 5 8 7 5 2 3 1 9 6 7 30 30 49 27 29 34 39 9 128 141 149 152 145 140 162 171 161
"cf8dfc97409c50c4" 5 5727 5728 5729 27 5727 1625 5 -1 0 153 204 0 8 9 9 6 7 7 6 3 3 2 8 7 8 31 42 26 11 19 24 9 167 153 169 157 174 179 182 191 184
"deb4fc1d72040a78" 3 27 7467 1947 2373 6 -1 255 204 153 0 8 7 7 4 6 9 3 2 2 1 9 8 0 32 46 25 8 9 20 29 9 202 198 192 186 197 207 206 225 230
"acaee1730ceca96f" 4 7731 7732 27 7731 2484 7 -1 255 102 51 0 9 9 9 8 7 8 5 2 3 2 7 9 27 10 35 40 33 16 9 217 223 236 219 211 215 239 231 242
"82cf55dd55426c03" 5 4 995 27 534 830 2546 8 -1 153 204 255 0 8 8 9 7 8 9 6 3 4 3 7 10 11 24 43 33 46 30 9 247 251 243 253 257 264 269 258 263
"1137adc9ff6891cd" 4 27 129067 2600 97394 3360 9 -1 255 255 51 0 6 7 6 3 6 9 2 2 1 1 8 11 12 25 32 37 38 50 51 4 272 274 279 276
"b42181ea91e9a386" 4 10893 27 535 141563 3957 10 -1 255 153 153 0 8 9 8 6 8 9 4 3 4 2 7 13 14 15 28 29 34 44 0
"d65935ab30fc63f6" 3 27 142151 159 4131 6 -1 102 153 204 0 8 7 8 5 8 7 5 2 3 1 7 15 16 21 36 27 30 46 0
"4f634fed0d214b67" 1 670 39485 2 -1 0 255 153 0 9 8 7 6 7 9 4 2 3 1 8 16 0 32 12 25 8 20 29 0
"ffe06841d1cb9f73" 5 4 11385 27 45503 11386 4215 11 -1 255 102 102 0 9 9 9 8 8 8 5 3 3 2 8 17 18 46 41 29 45 49 52 0
"d60b1c8a6e88b35f" 1 11387 4215 12 -1 102 204 0 0 9 8 7 4 6 7 3 2 2 1 11 18 6 25 19 26 27 23 29 32 34 42 0
"abaf4105475469db" 1 11388 4215 13 -1 255 102 0 0 7 8 9 4 7 8 4 2 2 1 7 19 20 21 36 44 38 27 0
"3b4f83c551c587c4" 7 27 28 27 4941 1371 684 7045 4344 14 -1 255 204 153 0 9 8 8 5 7 9 5 3 3 1 6 20 10 34 13 11 46 0
"460082fc1bd47541" 2 12 11629 4344 15 -1 255 51 153 0 6 7 7 4 6 8 3 2 2 1 7 21 22 37 34 39 41 43 0
"3ed6e72cd089f276" 3 27 12464 6428 4795 6 -1 204 153 255 0 7 8 8 5 7 9 5 3 3 1 6 22 23 44 43 31 35 0
"9580802ad14aadec" 1 535 4832 16 -1 255 204 204 0 9 9 9 8 8 8 5 3 3 2 8 23 24 26 28 29 31 47 50 0
"68fc0e174bacdc01" 1 8824 4832 16 -1 255 102 153 0 8 9 9 7 8 9 6 3 4 2 8 24 8 32 46 25 16 20 29 0
"1f0247339b20d47a" 4 12 12524 27 12525 4832 17 -1 153 153 255 0 8 7 7 4 6 9 3 2 2 1 9 25 26 0 1 2 3 4 5 6 0
"30ce26a122f3cab6" 3 142256 27 37684 4971 18 -1 255 255 102 0 7 8 8 5 7 9 4 3 3 1 8 26 42 34 40 23 37 45 49 0
"f02f0fe190da2769" 1 421 45823 2 -1 255 51 204 0 9 8 8 6 7 9 5 2 4 2 7 27 22 50 46 24 28 29 0
"f4f00738c53b12a5" 2 27 29 5170 19 -1 204 51 255 0 9 7 7 4 6 9 3 2 2 1 8 28 15 16 17 18 19 48 47 0
"66572b717efd6a4c" 3 11405 27 13430 5333 20 -1 102 255 102 0 8 8 8 5 7 8 4 3 3 1 7 29 9 12 25 26 32 39 0
"7e5178b7c3b24502" 1 61661 5333 16 -1 255 255 204 0 6 7 9 4 7 8 3 2 2 1 7 30 23 26 49 39 38 35 0
"856b6987e5b7282d" 3 27 14470 159 5984 6 -1 102 204 0 0 9 9 8 6 8 9 4 3 4 2 7 31 32 25 52 33 37 45 0
"6cf770af915c5340" 4 3127 3127 27 648 6048 21 -1 255 0 102 0 8 8 8 5 7 8 4 3 3 1 8 32 33 20 35 26 31 38 19 0
"a44962564690c987" 3 27 16048 159 6953 6 -1 102 0 255 0 7 7 9 4 7 8 2 2 2 1 17 33 34 35 36 37 38 39 40 41 42 43 44 45 46 47 48 49 0
"4af8a7e3d8b3c25d" 4 4899 205 27 16732 7404 22 -1 0 51 153 0 9 8 7 6 7 9 4 2 3 1 10 34 0 32 26 25 51 41 37 45 44 0
"0cbd465368274b57" 1 2202 23174 2 -1 204 255 255 0 8 9 9 6 8 9 5 3 4 2 10 35 36 5 9 19 28 36 46 27 31 0
"6d5deda9048afb13" 4 27 4957 147 854 8740 9 -1 255 102 0 0 9 8 7 4 6 8 3 2 2 1 8 36 37 38 39 40 41 42 43 0
"6461e81e87975761" 3 27 421 78 9974 6 -1 102 102 255 0 9 7 8 5 7 9 4 3 3 1 8 37 17 46 49 25 36 40 42 0
"e26b02d55b4226e8" 4 27 20885 147 854 10190 23 -1 153 255 255 0 8 8 9 7 8 9 5 3 4 2 8 38 26 27 27 39 46 10 25 0
"9fb68d84b85ecfcc" 3 27 28 21054 10315 24 -1 51 153 255 0 0 0 0 0 0 0 0 0 0 0 0 9 18 28 34 38 53 68 74 75 89
"2b343877691e3e8a" 4 21264 27 2846 1844 10482 25 -1 255 204 0 0 0 0 0 0 0 0 0 0 0 0 0 9 90 52 54 67 70 79 99 105 115
"df6f37cac9c5c486" 3 27 21443 147 10605 1 -1 255 153 51 0 0 0 0 0 0 0 0 0 0 0 0 9 60 63 68 71 77 81 88 108 112
"72f41554255535df" 3 12 483 21444 10605 26 -1 153 102 204 0 0 0 0 0 0 0 0 0 0 0 0 9 9 16 27 43 113 121 124 127 129
"e1a9d7b96d8affcd" 7 2118 27 28 27 28 27 2963 11091 27 -1 255 51 102 0 0 0 0 0 0 0 0 0 0 0 0 9 12 19 55 98 103 109 120 126 131
"e314e754fe2b3b8a" 5 22324 375 27 22325 10641 11251 28 -1 255 153 51 0 0 0 0 0 0 0 0 0 0 0 0 9 11 21 24 32 47 61 92 128 137
"243dd0d92d2f0af9" 5 22602 27 28 27 71652 11457 29 -1 255 102 51 0 0 0 0 0 0 0 0 0 0 0 0 9 17 30 51 86 91 94 110 113 118
"f25f530ba43e076a" 7 4 22703 4 3635 27 143180 10062 11535 30 -1 204 255 153 0 0 0 0 0 0 0 0 0 0 0 0 9 3 35 40 64 78 84 101 104 125
"f5e79023efd11573" 3 27 4209 159 11591 6 -1 153 102 153 0 0 0 0 0 0 0 0 0 0 0 0 9 1 20 33 68 70 82 87 130 136
"768bc93a813cfb2f" 5 27 1702 1703 640 7505 11711 31 -1 255 255 51 0 0 0 0 0 0 0 0 0 0 0 0 9 0 18 34 41 43 62 69 101 103
"8bf2cc77a1838b42" 4 2688 27 23098 742 11819 32 -1 255 102 153 0 0 0 0 0 0 0 0 0 0 0 0 9 5 31 36 58 65 72 85 89 109
"a2ae3dca6e23dc25" 4 5443 24099 27 24100 12548 33 -1 255 153 204 0 0 0 0 0 0 0 0 0 0 0 0 9 51 73 76 81 84 95 111 115 128
"ac383dc772f31ecf" 3 27 534 24777 13071 34 -1 255 51 255 0 0 0 0 0 0 0 0 0 0 0 0 9 8 28 41 94 102 105 113 121 137
"417a203795be96fa" 1 830 88558 2 -1 255 153 102 0 0 0 0 0 0 0 0 0 0 0 0 9 6 17 22 36 45 59 76 97 122
"ab7b3a2885f55e9f" 3 1348 27 20083 13405 35 -1 255 255 255 0 0 0 0 0 0 0 0 0 0 0 0 9 48 52 57 80 86 102 117 123 136
"80e738d18f661ddc" 7 4 10907 27 8824 19695 7259 18160 13973 36 -1 255 255 255 0 0 0 0 0 0 0 0 0 0 0 0 9 47 49 54 61 89 93 97 106 116
"42f5f162398f06dc" 5 27 2105 8200 16123 2851 13998 37 -1 255 153 102 0 0 0 0 0 0 0 0 0 0 0 0 9 1 19 21 37 55 92 94 104 134
"0329a3c6a3e52501" 5 507 143612 27 8200 1084 14204 38 -1 204 204 255 0 0 0 0 0 0 0 0 0 0 0 0 9 13 38 48 67 82 101 110 117 136
"043a149910555b48" 4 414 3834 27 648 14350 39 -1 255 102 153 0 0 0 0 0 0 0 0 0 0 0 0 9 10 39 49 64 74 79 87 119 140
"0da98cc5997b4b7d" 3 27 2846 159 14505 1 -1 255 255 51 0 0 0 0 0 0 0 0 0 0 0 0 9 1 17 32 62 70 82 87 113 122
"a3f798f44de45080" 1 764 14505 2 -1 102 153 255 0 0 0 0 0 0 0 0 0 0 0 0 9 6 27 33 37 57 75 107 118 127
"fed067b53ff3a169" 2 27 2365 14711 19 -1 255 51 153 0 0 0 0 0 0 0 0 0 0 0 0 9 6 15 22 24 85 101 106 115 120
"72c2767e024f18bc" 1 29 35208 2 -1 255 0 0 0 0 0 0 0 0 0 0 0 0 0 0 9 11 41 54 63 73 80 98 135 138
"9e0f8624d8a5adff" 8 4 3024 4 28782 4 28783 27 28784 16025 40 -1 255 51 153 0 0 0 0 0 0 0 0 0 0 0 0 9 12 25 27 31 46 108 125 129 140
"ef9eefed8ffc0a33" 3 27 6873 2450 16088 1 -1 255 255 255 0 0 0 0 0 0 0 0 0 0 0 0 9 4 23 26 42 50 58 115 125 130
"eb330fc25eeaa07b" 5 27 28 27 144152 14642 16220 41 -1 255 153 51 0 0 0 0 0 0 0 0 0 0 0 0 9 65 75 55 82 33 76 110 69 43
"965de35b82d65301" 4 27 142248 3030 8063 16581 42 -1 51 102 255 0 0 0 0 0 0 0 0 0 0 0 0 9 73 3 48 28 22 40 61 102 90
"92924c39f99b1034" 3 27 1670 1844 16864 1 -1 0 51 153 0 0 0 0 0 0 0 0 0 0 0 0 9 113 45 13 10 39 103 36 30 1
"2cc4cf4f692f2b09" 4 5017 27 5842 1071 17997 10 -1 255 255 102 0 0 0 0 0 0 0 0 0 0 0 0 9 26 52 71 94 41 9 88 93 111
"23e9ffdb898190a6" 9 4 1179 4 31486 27 254 5668 31487 16111 18171 43 -1 255 153 255 0 0 0 0 0 0 0 0 0 0 0 0 9 16 109 116 7 78 18 77 24 85
"84efc59e5a04ddcd" 4 27 31730 1844 16226 18372 42 -1 255 51 204 0 0 0 0 0 0 0 0 0 0 0 0 9 59 86 112 68 115 27 63 19 32
"c23580a078e94008" 4 31978 27 22155 3223 18580 10 -1 255 153 51 0 0 0 0 0 0 0 0 0 0 0 0 9 110 120 29 60 54 106 46 2 64
"c73c47cdbdb2cfb2" 2 1410 1791 20126 44 -1 51 204 255 0 0 0 0 0 0 0 0 0 0 0 0 9 58 123 42 4 99 18 57 97 35
"925f03e803253588" 3 27 33731 1391 20126 6 -1 255 51 153 0 0 0 0 0 0 0 0 0 0 0 0 9 89 6 84 38 117 72 21 25 51
"cb85ebdc6f8f77cf" 6 7145 13131 27 7145 550 2239 20495 45 -1 204 204 255 0 0 0 0 0 0 0 0 0 0 0 0 9 49 79 47 39 70 15 81 121 36
"bfff914c59b3b226" 3 27 5354 9290 20825 6 -1 255 153 51 1 0 3 2 5 4 3 1 1 1 1 1 10 0 9 12 17 18 27 29 35 38 42 9 56 11 92 93 77 31 14 41 113
"cc1716b3db213047" 2 27 143630 20886 46 -1 102 153 255 1 1 3 2 5 4 3 1 1 1 1 1 10 1 2 7 19 22 33 38 41 42 45 9 23 101 124 104 67 12 108 3 16
"c2f00fd78028fd4a" 5 4 34667 27 144871 19345 20909 47 -1 204 51 0 3 2 3 4 8 9 6 6 5 4 1 1 1 1 10 3 16 21 26 35 38 40 41 46 48 9 118 98 8 43 63 71 0 11 23
"10917dc422297d60" 4 27 34940 1065 792 21161 48 -1 255 255 255 1 5 3 2 7 7 3 4 1 1 1 1 10 4 5 11 17 20 30 32 35 36 37 9 79 67 59 29 50 113 60 88 123
"b63124cb799c9604" 8 4 35571 4 27 22 7833 251 4558 21690 49 -1 255 51 255 1 6 8 9 8 6 7 9 1 1 1 1 10 4 6 8 15 17 19 28 31 33 47 9 62 111 116 15 38 28 25 103 93
"1f87ef5cf4315125" 7 27 28 4 36459 27 32817 9975 22507 50 -1 255 255 255 3 2 7 8 2 3 5 6 7 8 3 4 5 6 10 5 7 10 14 18 21 34 39 40 44 9 92 14 18 2 66 97 122 80 102
"ae7943ca1cc36a12" 5 9601 27 2363 2364 2365 22579 51 -1 51 153 255 2 9 10 9 8 8 6 7 9 3 2 1 1 10 6 8 17 23 25 26 33 34 37 47 9 121 115 75 0 25 124 47 8 50
"0d70768c697d1b3b" 8 36812 4 36813 4 36814 27 49538 7275 22793 52 -1 255 255 255 2 11 12 7 6 5 5 5 4 1 1 1 1 10 7 13 19 22 26 28 34 36 41 42 9 37 72 88 22 3 15 30 34 71
"42d7c65eef309f71" 1 6542 52304 2 -1 255 153 255 1 13 3 2 4 5 5 4 1 1 1 1 10 0 13 21 25 27 31 36 39 43 45 9 4 0 76 96 108 85 64 104 93
"c159c84836b52171" 2 12 261 22969 53 -1 255 153 204 2 2 14 1 1 1 1 1 1 1 1 1 1 10 2 3 8 12 21 24 29 44 46 49 9 36 106 41 10 24 116 100 87 95
"1b07fc48a9d0e101" 3 27 16336 9730 22969 6 -1 255 153 102 1 15 8 6 6 5 3 4 1 1 1 1 10 10 15 23 27 30 32 35 43 44 50 9 56 18 12 61 117 72 107 21 100
"1920e9936f08c1c4" 4 3335 331 27 37211 23174 21 -1 255 255 255 2 2 16 5 4 2 3 5 3 1 1 3 1 10 1 5 9 11 14 16 38 40 45 51 9 23 0 7 120 35 91 61 113 110
"fcc55183929d91d7" 3 35396 27 37724 23607 54 -1 255 153 51 1 16 6 7 9 8 3 4 1 1 1 1 10 4 6 7 11 12 13 14 17 18 22 9 46 84 44 52 13 115 64 10 58
"7dd5b4211c34f620" 6 27 28 27 10131 1290 3269 24045 55 -1 255 102 153 2 2 17 3 2 5 4 3 1 1 1 1 1 10 3 5 7 20 24 26 28 31 41 52 9 41 74 3 102 79 49 6 96 71
"a60b714686ca3910" 3 27 3666 1613 24298 1 -1 255 255 255 1 18 9 8 8 6 7 9 1 1 1 1 10 1 2 6 8 9 19 35 37 42 48 9 82 31 35 17 109 9 104 88 115
"3718af2a14cd8039" 2 12 7224 24298 15 -1 255 102 153 1 19 5 3 2 1 2 3 1 1 1 1 10 0 5 13 16 18 21 24 29 30 46 9 111 85 100 52 87 80 33 61 48
"b1615bf96fbda857" 3 27 2365 159 24685 6 -1 255 255 255 3 2 20 21 7 6 5 5 5 6 2 1 1 3 10 3 4 15 17 20 26 29 31 36 51 9 69 38 61 10 20 73 102 116 21
"9b78015a718a4b18" 6 808 2450 4 39366 27 39367 25052 56 -1 255 153 51 2 2 22 2 3 1 2 2 3 4 5 6 7 10 1 4 6 10 15 28 32 33 44 47 9 63 73 83 4 16 44 31 57 12
"95c6527338ad3732" 3 27 39858 1816 25485 6 -1 255 255 255 2 2 23 3 2 9 8 3 4 1 1 1 1 10 0 2 7 11 13 17 19 34 40 45 9 39 2 68 28 110 76 45 55 4
"d449b690983c1070" 5 4 553 27 39955 14940 25570 41 -1 255 51 255 1 24 4 5 8 7 6 2 1 1 1 1 3 22 19 41 9 6 107 87 4 85 55 20 68 16
"6c9bd927611491ba" 3 27 10091 792 25628 1 -1 255 153 204 2 15 25 9 8 7 6 5 4 3 2 1 1 10 4 5 8 18 20 24 27 28 29 48 9 111 48 69 6 21 102 25 45 80
"69bdcdafb9430e9e" 4 36 27 2846 1844 26174 10 -1 255 51 255 1 26 8 7 7 7 8 9 1 1 1 1 10 9 11 13 14 16 19 23 30 42 49 9 31 91 100 119 39 85 76 63 96
"27b1aa1dc6f3ed90" 5 195 317 27 21763 26130 26210 57 -1 255 153 255 3 2 27 28 5 5 7 7 8 6 1 1 1 1 10 12 17 20 23 32 34 36 38 41 51 9 116 28 83 52 107 33 2 93 39
"4d54e62f8db0f71d" 4 40923 27 29935 3634 26531 10 -1 255 153 204 5 29 30 31 32 33 3 2 6 5 4 3 2 1 1 1 10 0 4 9 22 25 33 35 40 46 50 9 61 102 57 73 111 4 38 119 10
"7510c4f247ef5734" 11 4 7292 4 12116 4 41260 4 41261 27 59 7908 26830 58 -1 51 153 255 3 34 35 36 9 8 8 6 7 9 4 3 2 1 10 1 3 9 16 23 31 39 42 45 47 9 110 16 68 20 25 33 80 96 2
"c8f2dff02c4bd028" 6 1737 9322 27 42561 1371 1947 27980 59 -1 255 51 204 1 37 5 2 5 4 3 1 1 1 1 1 10 2 6 10 15 17 32 45 43 46 48 9 4 93 10 16 31 73 85 110 116
"8b191b9088d03228" 3 27 78 8823 28142 1 -1 255 153 255 3 2 38 39 4 5 9 8 3 4 1 1 1 1 10 8 13 16 21 25 28 30 46 47 50 9 44 28 119 61 91 52 20 25 100
"0a41ab4bed3d7543" 9 503 3127 27 28 27 43373 18721 3878 43374 28814 60 -1 255 153 255 1 40 9 8 8 6 7 9 1 1 1 1 10 2 7 9 21 24 25 27 38 41 52 9 45 48 21 38 6 83 107 93 111
"9eb9f57d8cc26f3d" 3 27 10373 19997 29434 1 -1 0 204 255 1 41 3 2 4 3 3 2 1 1 1 1 10 0 1 3 10 12 18 32 37 46 48 9 63 39 80 116 100 119 69 76 21
"712dd3192c94e595" 2 2328 640 29434 61 -1 255 153 255 2 42 43 1 1 1 1 1 1 1 1 1 1 10 0 5 7 11 17 22 25 26 29 50 9 57 2 6 110 16 55 45 4 25
"3ac77ff04c9c0d02" 4 4 2936 27 2275 29549 0 -1 0 0 0 1 44 5 4 6 7 8 9 4 3 2 1 10 1 6 12 15 18 32 35 39 42 43 9 10 80 85 28 63 20 31 111 52
"aa4ff42144700d00" 1 9772 30259 16 -1 0 0 0 3 45 46 47 7 7 9 8 8 6 1 1 1 1 10 4 5 11 16 32 35 37 45 47 51 9 55 93 102 68 2 39 87 76 69
"3ca71fa199a9b68d" 7 4 1158 4 3901 27 44901 168 30259 62 -1 0 0 0 1 48 3 7 5 4 8 6 5 3 2 1 10 2 6 7 12 17 22 34 41 44 49 9 83 20 107 61 96 44 111 21 39
"7346e613560ecd76" 1 109 30259 2 -1 0 0 0 3 44 47 49 0 0 0 0 0 0 0 0 0 0 10 2 4 8 13 20 33 37 39 44 49 9 87 102 55 31 85 25 107 63 4
"4b11019bbcce0fc1" 2 36 37 30691 44 -1 0 0 0 6 36 37 39 50 51 52 0 0 0 0 0 0 0 0 0 0 10 0 3 5 7 14 31 35 38 39 52 9 45 110 76 21 83 16 93 57 91
"936f0fcbc7e04a7b" 3 27 29795 2335 30691 34 -1 0 0 0 0 0 0 0 0 0 0 0 0 0 0 4 35 43 8 34 9 111 116 33 73 96 85 45 100 12
"875a2ee311a5484e" 5 1835 27 45898 16374 13520 31211 63 -1 0 0 0 0 0 0 0 0 0 0 0 0 0 0 5 32 2 15 4 46 9 16 63 69 2 6 111 119 28 55
"4bcede1bd1691681" 4 46652 27 534 7866 31917 64 -1 0 0 0 0 0 0 0 0 0 0 0 0 0 0 5 4 41 2 36 14 9 52 10 25 48 57 76 39 96 33
"f3ea5270daafa480" 4 4 46939 27 46940 32161 65 -1 0 0 0 0 0 0 0 0 0 0 0 0 0 0 4 47 41 28 17 9 68 25 107 31 111 96 4 28 80
"5624ec604fd4ef84" 4 3489 27 4209 159 32243 32 -1 0 0 0 0 0 0 0 0 0 0 0 0 0 0 4 51 2 28 25 9 102 119 110 10 55 73 91 38 12
"d832ef5bae3d59f2" 3 27 147133 1881 32829 66 -1 0 0 0 0 0 0 0 0 0 0 0 0 0 0 5 14 39 8 7 23 9 111 116 110 133 130 135 142 147 84
"62a0e53c4f9ec102" 4 4 48492 4 48493 33666 65 -1 0 0 0 0 0 0 0 0 0 0 0 0 0 0 4 36 33 2 25 9 59 50 63 72 108 42 55 0 16
"f42bff7585f37726" 10 12 4 11411 4 48494 4 48495 27 640 10869 33666 67 -1 0 0 0 0 0 0 0 0 0 0 0 0 0 0 5 1 15 4 33 2 9 66 120 51 140 95 87 89 106 27
"e1856a0f7daae0cc" 3 27 57746 10641 33675 6 -1 0 0 0 0 0 0 0 0 0 0 0 0 0 0 4 21 34 1 2 9 118 114 101 38 145 94 54 61 112
"2424c94e196ddc7a" 4 4 2275 27 2275 33906 68 -1 0 0 0 0 0 0 0 0 0 0 0 0 0 0 5 16 9 12 13 24 9 56 15 137 93 117 139 132 70 122
"89f4ec2c8e7fe0a9" 7 27 28 27 28 666 666 666 34079 69 -1 0 0 0 0 0 0 0 0 0 0 0 0 0 0 6 13 23 34 33 17 41 9 85 36 149 90 66 64 6 134 81
"f11540da2848c188" 3 7445 27 19595 34108 70 -1 0 0 0 0 0 0 0 0 0 0 0 0 0 0 5 41 8 18 5 11 9 125 46 129 128 29 43 60 86 12
"e9927c8406a95bbf" 1 49392 34554 2 -1 0 0 0 0 0 0 0 0 0 0 0 0 0 0 5 40 48 2 8 38 9 104 121 48 3 88 113 67 2 92
"38c4aa537eaf4c5f" 4 12 49393 27 49394 34554 71 -1 0 0 0 0 0 0 0 0 0 0 0 0 0 0 4 29 3 23 32 9 109 89 102 74 138 28 38 124 131
"530313179308eb80" 3 27 48759 14295 34655 1 -1 0 0 0 0 0 0 0 0 0 0 0 0 0 0 4 48 37 25 22 9 32 75 5 57 41 99 148 8 143
"f9d80da71149790a" 2 12 5908 34655 15 -1 0 0 0 0 0 0 0 0 0 0 0 0 0 0 5 11 34 22 47 21 9 53 25 39 18 73 14 35 21 30
"d7aa302578c27122" 4 27 21055 10668 534 35175 42 -1 0 0 0 0 0 0 0 0 0 0 0 0 0 0 5 37 34 6 7 43 9 149 101 144 141 40 22 26 1 42
"9716b2922ebc478b" 5 50026 27 50027 42548 3223 35202 72 -1 0 0 0 0 0 0 0 0 0 0 0 0 0 0 4 19 49 2 26 9 17 66 103 9 50 2 130 56 82
"c920a7eadd1875ba" 4 27 28 27 2365 35208 0 -1 0 0 0 0 0 0 0 0 0 0 0 0 0 0 4 21 5 26 25 9 3 110 126 10 70 84 14 149 23
"d560bb98854da397" 5 872 2702 22 50753 962 35893 73 -1 0 0 0 0 0 0 0 0 0 0 0 0 0 0 4 30 31 4 44 9 87 128 107 139 69 52 25 54 74
"400bba03e3e9efff" 4 2109 27 20071 792 35998 10 -1 0 0 0 0 0 0 0 0 0 0 0 0 0 0 5 39 46 13 2 7 9 38 64 18 94 125 27 88 77 5
"5b6a17182afe0495" 4 27 12862 12863 1844 36842 23 -1 0 0 0 0 0 0 0 0 0 0 0 0 0 0 4 22 23 42 22 9 134 60 61 98 76 105 118 114 109
"35cecd1ac12ccb4f" 2 27 52017 37129 46 -1 0 0 0 0 0 0 0 0 0 0 0 0 0 0 4 6 29 33 26 9 0 14 44 33 46 102 31 147 134
"5f4683f817ebac9c" 3 27 4850 7908 37288 66 -1 0 0 0 0 0 0 0 0 0 0 0 0 0 0 4 8 41 27 43 9 52 124 37 128 142 15 144 70 75
"e6466d240e7916bc" 5 4 1066 27 6873 2450 38593 47 -1 0 0 0 0 0 0 0 0 0 0 0 0 0 0 4 7 8 41 24 9 130 30 112 19 21 11 91 86 122
"356d0b2360b89ea2" 4 4 13543 27 13684 39167 65 -1 0 0 0 0 0 0 0 0 0 0 0 0 0 0 4 29 4 17 42 9 139 40 86 125 5 136 1 106 96
"19b00b74f6507bea" 3 27 2267 159 39485 6 -1 0 0 0 0 0 0 0 0 0 0 0 0 0 0 5 5 25 18 24 8 9 68 115 6 58 42 135 93 104 79
"fd6a21b7e20859c3" 5 4 148365 27 54918 79751 40028 74 -1 0 0 0 0 0 0 0 0 0 0 0 0 0 0 5 15 12 30 17 13 9 71 136 0 9 65 56 91 88 133
"754c995b0eb9a37f" 9 656 379 1617 4 55104 27 28 27 27803 40201 75 -1 0 0 0 0 0 0 0 0 0 0 0 0 0 0 6 34 26 33 12 40 3 9 89 145 100 45 34 7 124 113 119
"4fd7903725c74cbb" 3 27 9920 14177 40460 1 -1 0 0 0 0 0 0 0 0 0 0 0 0 0 0 5 50 2 25 7 17 9 61 134 127 4 98 83 80 31 24
"6c92a2e31a97de7f" 4 27 1712 31228 9266 40926 76 -1 0 0 0 0 0 0 0 0 0 0 0 0 0 0 4 35 34 29 24 9 9 19 51 12 68 114 47 71 41
"4ed0e05753e641f2" 6 289 436 261 27 13603 533 41270 77 -1 0 0 0 0 0 0 0 0 0 0 0 0 0 0 6 11 9 12 26 40 52 9 113 1 58 27 22 102 50 32 65
"f97974594a02e191" 4 1377 27 122821 6541 41287 78 -1 0 0 0 0 0 0 0 0 0 0 0 0 0 0 6 1 9 12 24 37 46 9 55 72 111 88 5 34 95 8 76
"3d5af012733195d3" 5 1034 45091 27 56333 640 41455 79 -1 0 0 0 0 7 6 9 4 6 7 8 6 9 5 5 48 36 7 19 20 9 85 64 36 21 54 26 13 60 110
"143d492c274346ec" 6 4 2109 27 485 2715 3962 42327 80 -1 0 0 0 0 9 8 8 9 8 9 7 4 6 9 10 43 46 43 6 32 4 45 8 14 40 9 33 115 20 0 97 40 117 103 78
"81068f15d6903841" 2 59 362 43536 61 -1 0 0 0 0 5 6 7 9 6 5 6 8 7 5 10 3 33 17 25 37 26 6 7 8 11 9 4 6 17 81 46 116 31 99 90
"27ffc1f53f7a78e5" 3 27 149125 9290 44151 1 -1 0 0 0 0 6 8 8 5 7 8 5 6 7 4 10 19 24 48 4 17 5 32 23 36 40 9 48 42 62 56 79 52 69 57 29
"cf9840910e7d9848" 2 59144 59145 44292 81 -1 0 0 0 0 8 7 6 7 9 5 7 8 7 9 10 3 35 17 22 28 34 43 45 42 44 9 24 7 38 18 86 112 108 67 82
"da8f75779083d337" 3 771 27 6531 44592 82 -1 0 0 0 0 7 9 8 7 6 7 7 8 6 5 10 3 47 26 40 37 30 4 13 20 35 9 74 3 92 109 14 23 100 105 118
"e7ed9cd43c8d83cf" 4 59885 27 24970 4783 45164 32 -1 0 0 0 0 9 6 9 7 7 9 8 5 7 8 10 1 16 12 6 29 4 24 21 0 44 9 15 75 84 12 54 94 26 2 31
"30fea4946717c48e" 5 4 142006 27 22 97290 45230 83 -1 0 0 0 0 9 9 8 8 7 6 9 5 8 7 10 2 39 13 25 28 23 7 50 46 42 9 49 2 112 36 44 101 63 40 117
"48c53234944081ec" 3 12 78074 4966 45230 26 -1 0 0 0 0 8 7 9 6 6 7 8 9 5 7 10 4 6 36 19 21 8 10 48 47 34 9 114 68 26 51 3 80 77 102 58
"46db6846d09526b2" 5 4 60034 27 60035 2958 45364 47 -1 0 0 0 0 7 8 9 5 9 6 8 5 7 7 10 2 14 45 5 20 13 33 9 28 22 9 6 88 90 38 10 70 28 99 82
"5b588554aad14dbc" 5 27 11183 10635 9020 2198 45504 84 -1 0 0 0 0 8 5 7 8 5 8 7 9 6 9 10 3 4 33 5 15 27 51 42 41 24 9 55 17 105 33 42 92 21 100 49
"ddeed288626f3362" 2 27 2275 45823 19 -1 0 0 0 0 7 7 8 7 8 6 9 6 7 5 10 30 32 18 38 1 6 11 44 10 34 9 118 103 99 1 26 96 79 14 67
"4f01d38efb95e4c5" 4 60905 27 5965 1446 46327 10 -1 0 0 0 0 9 5 6 6 6 7 8 6 5 7 10 3 16 39 50 30 46 25 42 8 13 9 111 69 59 43 39 88 31 78 55
"29cf9906a35f1737" 6 4 62131 4 27 149746 149747 47654 85 -1 0 0 0 0 9 8 7 6 7 9 8 9 5 8 10 21 7 2 28 47 1 49 15 17 43 9 8 107 5 119 22 9 70 29 35
"16d5aec3aa2d6f3d" 5 4732 27 1369 12161 6826 47746 86 -1 0 0 0 0 9 7 9 6 8 6 8 6 8 8 10 6 37 26 38 0 35 7 33 8 17 9 82 0 26 16 102 101 73 57 62
"65dace52539f3275" 3 27 149890 2617 48100 1 -1 0 0 0 0 8 8 8 8 6 7 7 9 8 5 10 32 31 41 28 18 11 0 22 40 34 9 87 14 9 86 38 24 94 47 30
"2eafca79ea7e389e" 3 27 62871 62872 48488 1 -1 0 0 0 0 7 7 7 6 8 9 7 7 7 8 10 12 9 31 45 13 26 3 39 23 49 9 80 69 18 108 42 31 7 115 39
"d79142ff1e3316a6" 6 4 441 4 62927 27 149951 48539 87 -1 0 0 0 0 9 6 6 9 6 5 8 7 6 6 10 1 20 27 21 29 36 47 43 9 49 9 53 72 21 4 27 110 106 116 35
"6c3fa0f5d67b2272" 3 27 28 17855 48579 88 -1 0 0 0 0 7 6 8 9 7 8 9 7 6 8 10 24 44 40 15 7 41 25 30 27 19 9 110 60 111 77 1 53 48 11 87
"eb1ffef69db936fa" 1 31120 48697 89 -1 0 0 0 0 8 5 7 8 5 8 7 9 6 9 10 12 2 25 28 46 43 11 17 23 38 9 68 35 117 115 45 109 43 100 21
"bb4cbed5b8597e58" 4 74 88 27 63205 48863 90 -1 0 0 0 0 7 7 8 7 8 6 9 6 7 5 10 2 1 33 0 4 25 50 22 14 41 9 92 102 69 107 118 13 72 108 96
"84183091c5a518ef" 4 27 28055 1675 510 49462 42 -1 0 0 0 0 9 5 6 6 6 7 8 6 5 7 10 12 7 36 48 5 10 43 42 14 35 9 79 85 7 9 13 105 81 88 93
"4a470a9fa19c8876" 2 27 64326 50104 46 -1 0 0 0 0 9 8 7 6 7 9 8 9 5 8 10 6 7 33 48 45 26 18 1 52 0 9 63 79 96 107 118 121 129 134 137
"d0d5ecb21586de86" 5 4 41891 27 15577 1084 50443 91 -1 0 0 0 0 9 7 9 6 8 6 8 6 8 8 10 3 13 34 10 9 6 51 4 36 47 9 159 163 165 168 169 120 19 144 148
"87ec53b7cf5f084a" 2 27 65130 50914 46 -1 0 0 0 0 8 8 8 8 6 7 7 9 8 5 10 38 41 39 0 32 18 8 25 51 43 9 77 127 27 139 96 103 111 114 136
"09613d0260a76e3c" 4 27 28 65206 57134 50990 92 -1 0 0 0 0 7 7 7 6 8 9 7 7 7 8 10 11 43 19 29 6 42 16 34 8 21 9 102 1 16 25 50 53 132 141 83
"1690c753529207e4" 5 20337 3146 27 7274 7275 52098 4 -1 0 0 0 0 9 6 6 9 6 5 8 7 6 6 10 12 5 24 34 40 49 18 0 7 1 9 131 143 174 48 114 110 146 112 133
"0497581cf001a75b" 4 27 72254 147 1015 52251 93 -1 0 0 0 0 7 6 8 9 7 8 9 7 6 8 10 15 46 31 24 23 37 3 10 15 2 9 38 120 152 162 178 7 54 4 18
"96a6279b87effcc3" 6 12 14479 27 28 27 66497 52304 94 -1 0 0 0 0 8 5 7 8 5 8 7 9 6 9 10 40 4 26 29 13 5 16 30 20 45 9 99 147 22 64 113 8 28 84 126
"7b950ceb7586778b" 4 27 88847 4007 2869 52711 23 -1 0 0 0 0 7 7 8 7 8 6 9 6 7 5 10 50 9 21 13 19 47 36 11 15 44 9 117 171 40 43 72 135 63 156 172
"e3550f8fda7448a1" 3 27 24534 1613 52815 1 -1 0 0 0 0 9 5 6 6 6 7 8 6 5 7 10 28 27 2 34 49 8 26 5 3 25 9 17 41 55 62 91 95 108 73 100
"27396725b876d08e" 3 67231 27 7296 53117 95 -1 0 0 0 0 9 8 7 6 7 9 8 9 5 8 10 15 49 47 42 17 35 10 44 29 13 9 26 109 160 115 76 138 105 165 78
"75af5a847d15c17d" 4 27 4320 202 1881 53340 9 -1 0 0 0 0 9 7 9 6 8 6 8 6 8 8 10 17 41 51 28 31 9 21 6 44 18 9 51 82 86 74 177 125 175 124 59
"03d6bb2b6dc60000" 3 9016 16 27728 53518 96 -1 0 0 0 0 8 8 8 8 6 7 7 9 8 5 10 50 24 0 42 3 37 51 28 13 19 9 11 154 0 157 14 21 73 92 149
"a7a38d7207673520" 2 4 67619 53518 46 -1 0 0 0 0 7 7 7 6 8 9 7 7 7 8 10 22 45 4 1 12 34 43 36 20 41 9 49 56 168 67 69 75 179 30 88
"13d98bb0ff865803" 6 4 12116 27 67760 67761 67762 53691 97 -1 0 0 0 0 0 0 0 0 0 0 0 0 0 0 10 2 50 33 30 49 39 21 37 16 4 9 85 5 36 150 153 9 46 35 178
"ed0e1ea0d143635a" 4 27 28 9933 1285 54117 98 -1 0 0 0 0 0 0 0 0 0 0 0 0 0 0 0 9 113 39 175 122 68 45 101 124 171
"50d012dde4e0a686" 7 27 28 27 28 27 28 88 54306 99 -1 0 0 0 0 0 0 0 0 0 0 0 0 0 0 0 9 128 166 104 29 41 58 48 130 97
"aeb47d4b206acab5" 3 27 483 660 54532 1 -1 0 0 0 0 0 0 0 0 0 0 0 0 0 0 0 9 90 172 127 31 169 33 57 3 65
"44cec13ba35c837e" 4 27 1795 25493 13348 54815 42 -1 0 0 0 0 0 0 0 0 0 0 0 0 0 0 0 9 103 12 70 81 60 129 133 15 143
"24300871c9f6517f" 6 4 2248 4 69435 27 56829 55450 100 -1 0 0 0 0 0 0 0 0 0 0 0 0 0 0 0 9 89 108 137 4 79 142 8 163 18
"893a513284b18c30" 2 27 30730 55514 46 -1 0 0 0 0 0 0 0 0 0 0 0 0 0 0 0 9 162 139 170 23 39 63 94 119 174
"97cc383671ff86ca" 2 12 2646 55514 15 -1 0 0 0 0 0 0 0 0 0 0 0 0 0 0 0 9 152 161 122 56 25 36 110 65 154
"7a94eb80d71a5b59" 3 48090 27 70046 56163 101 -1 0 0 0 0 0 0 0 0 0 0 0 0 0 0 0 9 68 39 38 30 80 96 109 145 163
"ed6721d0b8cd11ca" 7 4 59 4 3127 27 44234 59 56468 102 -1 0 0 0 0 0 0 0 0 0 0 0 0 0 0 0 9 158 130 46 136 71 89 175 122 51
"a399ec45739a6c57" 5 27 28 27 21088 24598 57484 47 -1 0 0 0 0 0 0 0 0 0 0 0 0 0 0 0 9 100 15 138 157 83 159 124 87 52
"3c7c99939c5f9e54" 2 1548 3528 59436 103 -1 0 0 0 0 0 0 0 0 0 0 0 0 0 0 0 9 102 97 165 18 179 101 142 149 154
"5e97a46405583d80" 3 61 92 88 59842 104 -1 0 0 0 0 0 0 0 0 0 0 0 0 0 0 0 9 60 102 97 76 78 45 48 92 43
"ce6cca92de485906" 5 23131 2032 27 12706 2442 59846 105 -1 0 0 0 0 0 0 0 0 0 0 0 0 0 0 0 9 23 21 18 9 39 13 18 30 31
"920161acc7d4f2e3" 4 771 27 73176 7714 59869 106 -1 0 0 0 0 0 0 0 0 0 0 0 0 0 0 0 9 28 49 65 69 91 85 40 62 33
"5e6093c8d55e73bf" 6 27 28 27 28 414 958 61030 107 -1 0 0 0 0 0 0 0 0 0 0 0 0 0 0 0 9 8 93 104 103 10 34 32 75 45
"a074c727f3dadef6" 4 27 28 5928 10830 61062 42 -1 0 0 0 0 0 0 0 0 0 0 0 0 0 0 0 9 77 79 46 53 82 29 24 94 11
"c40c189a4f32ec73" 3 27 74339 254 61308 66 -1 0 0 0 0 0 0 0 0 0 0 0 0 0 0 0 9 57 36 67 89 17 46 52 110 72
"6c255118e0973778" 12 4 74524 74525 4 74526 4 61750 27 74527 4001 7483 84658 61469 108 -1 0 0 0 0 0 0 0 0 0 0 0 0 0 0 0 9 54 106 15 87 50 7 5 111 115
"544b527a63c6a633" 3 27 4371 1323 62353 1 -1 0 0 0 0 0 0 0 0 0 0 0 0 0 0 0 9 64 51 9 49 18 61 29 14 2
"9a81d2b4682db2eb" 2 27 75743 62784 109 -1 0 0 0 0 0 0 0 0 0 0 0 0 0 0 0 9 76 20 5 96 112 86 0 63 106
"b73c1390c5eedb05" 5 4 75813 67052 27 3965 62856 110 -1 0 0 0 0 0 0 0 0 0 0 0 0 0 0 0 9 88 118 99 101 40 28 118 73 110
"81e38704f60c827a" 4 27 535 9742 147 63322 42 -1 0 0 0 0 0 0 0 0 0 0 0 0 0 0 0 9 12 18 81 22 99 106 8 66 88
"1ac2b9af945ba027" 2 1737 76761 64033 111 -1 0 0 0 0 0 0 0 0 0 0 0 0 0 0 0 9 35 58 75 74 46 63 31 113 71
"7e28513c176acb5e" 3 27 51124 24716 64033 112 -1 0 0 0 0 0 0 0 0 0 0 0 0 0 0 0 9 43 98 3 52 108 16 115 101 25
"d43d6b23fcd73cf6" 6 251 54702 76989 27 251 54702 64312 113 -1 0 0 0 0 0 0 0 0 0 0 0 0 0 0 0 9 108 41 1 80 119 70 31 96 10
"7e60b0cf6cf812d4" 4 61 33375 27 147119 64760 114 -1 0 0 0 0 0 0 0 0 0 0 0 0 0 0 0 9 117 14 59 92 82 86 55 35 22
"cf9b6ddf8e13715d" 1 1478 64833 16 0 255 229 167 0 0 0 0 0 0 0 0 0 0 0 0 9 97 95 28 73 48 116 84 45 37
"ca08dbca66099765" 4 27 1369 12161 6826 64833 42 -1 255 255 204 0 0 0 0 0 0 0 0 0 0 0 0 9 44 114 8 52 85 77 106 3 14
"eda2cd4328a325a5" 7 4 77479 4 77480 27 8067 13221 64886 115 1 255 204 0 0 0 0 0 0 0 0 0 0 0 0 0 9 4 103 29 80 9 91 69 41 68
"205cc1cdec6f6c19" 2 27 28 65138 46 2 255 102 102 0 0 0 0 0 0 0 0 0 0 0 0 9 119 54 108 104 16 38 22 96 56
"73a08c55662a607a" 2 77674 8702 65138 15 -1 255 190 190 0 0 0 0 0 0 0 0 0 0 0 0 9 15 1 5 118 106 110 100 89 99
"fc421fda8b9912f0" 4 27 31492 152640 2407 65517 116 -1 255 255 153 0 0 0 0 0 0 0 0 0 0 0 0 9 113 7 69 57 83 60 74 111 32
"464878ea72f711da" 4 27 19563 1371 550 65596 23 3 255 204 204 0 0 0 0 0 0 0 0 0 0 0 0 9 79 16 13 42 3 90 7 68 92
"559d53919bf11f6f" 3 12 3030 2239 71392 26 -1 255 255 255 0 0 0 0 0 0 0 0 0 0 0 0 9 60 19 2 115 86 29 69 89 27
"746aacd9d92adacd" 4 27 24368 3626 7001 66784 42 4 0 102 204 0 5 5 3 8 5 6 9 4 7 6 0 9 102 66 4 113 77 56 39 58 109
"b87790f725c3d94b" 4 2177 27 79130 876 66851 117 -1 153 153 102 0 7 9 9 7 8 8 3 3 6 6 10 33 16 15 2 19 18 9 10 11 13 9 109 31 27 91 75 37 104 115 107
"063658ded980e339" 4 2069 27 4563 640 67060 118 5 255 255 204 0 8 6 6 7 7 5 4 3 4 4 10 33 3 22 26 0 21 10 25 35 38 0
"7185d839759865dc" 2 1085 147 73948 44 6 0 51 102 0 6 7 7 5 6 6 5 4 6 6 10 28 49 8 5 37 22 34 10 30 16 0
"cd9a1b03bb2caa9c" 6 79314 27 3556 3557 18420 675 67075 119 7 255 102 0 0 5 6 8 6 7 8 4 2 4 4 10 1 6 4 11 17 31 25 28 43 36 0
"c04200245fc952e1" 4 27 251 54702 147 68429 120 8 217 179 140 0 7 7 6 4 6 7 5 2 5 6 10 32 45 7 39 42 40 48 13 51 36 0
"3fc6d17c6b24a9f1" 3 27 13603 9473 69034 1 9 255 204 255 0 6 7 7 5 6 7 4 3 6 7 10 47 15 10 44 24 15 52 11 28 31 0
"f0c0cd85e12d34ac" 4 27 5846 26130 21267 69055 121 10 255 255 102 0 7 9 8 7 8 6 3 3 6 7 10 20 46 2 9 36 37 10 14 18 16 0
"1d2748ca40ddfc95" 7 32446 76752 4 81128 27 12374 9870 69295 122 11 255 255 153 0 8 5 7 8 6 8 9 6 6 6 10 36 49 42 30 46 5 11 41 10 13 0
"55445b44b7452afb" 3 27 28 522 69638 24 12 255 204 255 0 7 6 6 5 6 7 5 3 5 6 10 27 11 32 47 29 25 17 41 22 28 0
"921fcf9f1c79e6ef" 7 27 28 27 28 27 28 81676 69950 99 13 255 204 204 0 9 9 9 8 9 8 4 3 4 5 10 28 50 6 10 1 35 38 13 18 43 0
"91a472c49fd0fd0d" 7 4 1179 27 28 27 16370 550 70438 123 14 149 204 255 0 7 7 6 5 6 7 5 4 5 6 10 18 12 2 21 27 24 9 41 13 30 0
"cb584a981c3b7d77" 5 5297 261 27 854 23811 70652 124 15 255 255 0 0 6 6 5 4 5 5 6 3 6 6 10 1 10 25 2 9 22 29 42 28 13 0
"9bebe97b8621383c" 1 503 70833 125 16 204 204 153 0 5 4 3 2 3 4 5 4 6 6 10 44 37 43 36 33 41 30 24 6 12 0
"59a3778f83e27a8a" 5 4 82432 27 74914 254 70833 47 17 255 204 102 0 6 5 4 3 4 5 7 6 6 6 10 1 36 44 13 21 24 32 48 12 39 0
"437a7f70c5ca16a7" 4 19563 27 19563 550 71392 126 18 255 255 102 0 8 9 9 8 9 8 5 4 6 7 10 11 9 49 14 5 17 25 51 46 50 0
"69872172e19c1735" 3 27 4563 640 73948 6 19 255 255 204 0 6 7 7 6 6 7 5 3 6 6 10 32 22 35 0 47 18 13 10 15 26 0
"6844572036da4b3e" 4 27 17422 18787 2869 74370 23 20 255 255 153 0 7 8 9 8 9 8 6 4 6 6 10 14 20 32 45 38 8 9 52 23 13 0
"8339a2214730e974" 5 59 19193 27 4491 47316 74880 127 21 255 255 153 0 6 6 6 7 6 6 8 6 6 6 10 51 34 43 19 16 12 30 7 24 25 0
"f109fc0d76f3a2b0" 7 4 85837 4 85838 27 7525 18668 74899 128 22 255 153 153 0 7 6 5 6 6 7 5 4 5 6 10 5 28 40 47 2 31 9 42 44 49 0
"f2f679c3ee72e304" 13 4 27244 4 55144 4 86077 4 59280 4 27119 27 1670 1844 75205 129 23 255 204 153 0 9 9 9 9 9 9 7 6 7 8 10 43 29 21 6 24 14 34 37 11 51 0
"d6d6e9a6bf08f659" 5 4 86126 27 1670 1844 75275 47 24 255 153 0 0 8 9 9 7 8 9 5 4 6 7 10 50 39 10 25 36 22 35 13 46 17 0
"460a49d80d90ecb5" 6 4 18840 27 78 2438 16338 75351 130 25 255 255 255 0 9 8 8 6 8 9 4 3 5 6 10 49 42 5 32 30 47 11 9 12 38 0
"3c8900eed4a2f3b4" 2 27 33121 76051 46 26 255 255 153 0 7 6 5 4 5 6 6 5 6 7 10 45 36 7 21 46 26 3 52 15 41 0
"cf39cdf9e1ca50b3" 3 27 1777 1712 76076 1 27 255 204 0 0 5 4 3 4 3 5 4 6 7 7 10 2 10 34 15 37 20 31 23 12 39 0
"f0db6fbc8084e4d0" 8 4 86871 4 13311 4 27598 27 86871 76202 131 28 255 255 204 0 8 7 8 8 8 8 9 7 6 6 10 44 18 4 10 37 11 17 28 5 33 0
"83385f1445baa6b5" 1 6642 76393 16 29 153 204 255 0 6 7 6 5 6 7 5 4 5 6 10 26 41 9 10 45 28 3 13 7 19 0
"616bf9eff7ff6b8b" 2 27 71552 76393 19 30 255 204 204 0 7 8 8 8 7 8 5 4 6 6 10 43 22 0 13 35 46 8 33 24 47 9 6 31 24 104 52 66 54 39 61
"81342497658fbe67" 1 2386 76393 2 31 255 153 153 0 5 6 6 7 6 6 3 2 4 5 10 30 21 2 38 16 44 5 34 23 28 9 56 65 79 0 15 90 71 88 29
"5047702c3bc9e335" 5 88492 1012 27 58106 3610 78110 79 32 178 255 102 0 7 8 9 8 9 8 5 3 6 7 10 49 6 21 38 14 12 43 25 42 20 9 76 84 20 109 50 36 25 32 103
"5300b682b8a4414f" 4 89509 27 89510 78 79420 126 33 255 0 102 0 5 6 6 6 7 5 4 3 5 6 10 37 41 18 10 31 50 40 29 28 44 9 64 110 51 68 117 22 41 99 80
"24efc9363fbff8aa" 3 27 2669 3634 79587 132 34 255 204 153 0 6 7 6 6 7 5 5 3 6 6 10 33 38 1 45 9 32 13 24 46 11 9 96 59 112 6 27 92 65 111 43
"b7dba7d844912723" 7 4 90473 27 534 44511 4994 660 80731 133 35 102 178 255 0 7 8 8 9 7 9 5 4 6 6 10 32 47 39 6 21 50 10 0 34 35 9 12 111 113 100 103 91 93 16 100
"48d7ac437af0dec3" 2 414 84139 81301 134 -1 255 204 204 0 6 7 6 5 6 7 4 3 5 6 10 27 35 45 13 22 39 5 41 34 15 9 87 40 77 33 108 5 90 70 85
"7c21ca02e5d838aa" 5 27 28 27 854 8945 81301 135 36 0 153 153 0 8 7 7 6 6 8 5 4 5 6 10 11 23 52 29 37 7 19 15 28 44 9 77 26 116 99 89 73 17 85 68
"f598cda6bc1e2ee0" 4 27 67760 67761 67762 81491 116 37 255 204 204 0 0 0 0 0 0 0 0 0 0 0 10 16 43 38 11 33 25 29 42 2 28 9 83 46 9 4 16 104 59 67 31
"b6ff4d4877e79e57" 2 437 1791 81531 44 38 255 255 204 0 0 0 0 0 0 0 0 0 0 0 6 1 20 35 32 46 33 9 47 105 84 78 19 115 83 1 76
"cab80b58e63a5b2a" 6 27 28 27 28 27 28 81531 100 39 255 255 255 0 0 0 0 0 0 0 0 0 0 0 7 8 25 36 0 41 31 42 9 38 71 54 106 110 73 115 98 56
"f2ebe45ed77db1b2" 4 27 4371 483 91565 82198 42 40 153 255 204 0 0 0 0 0 0 0 0 0 0 0 7 7 6 37 26 40 41 45 9 1 97 119 104 46 34 21 80 60
"07bc87969e556aae" 11 4 91599 4 3415 4 91600 4 91601 27 61116 11482 82259 136 41 255 204 204 0 0 0 0 0 0 0 0 0 0 0 10 4 46 47 37 8 25 49 50 0 41 9 65 112 54 116 79 101 55 76 39
"f71f238ac1d3733a" 3 27 1085 147 82553 1 42 153 255 204 0 0 0 0 0 0 0 0 0 0 0 5 5 46 4 41 8 9 117 59 27 47 112 3 110 69 48
"62af37393cb624a8" 1 1944 82553 137 43 255 255 255 0 0 0 0 0 0 0 0 0 0 0 7 7 38 35 47 4 41 40 9 103 58 40 94 15 93 109 2 60
"2ab1b9fdf01c0f78" 3 27 20040 6655 82598 1 44 255 255 153 0 0 0 0 0 0 0 0 0 0 0 11 2 8 27 39 5 0 41 9 10 12 29 9 33 63 86 73 18 104 114 36 8
"46b6792e57837aab" 7 27 28 27 28 92246 27 14193 83082 138 45 255 255 153 0 0 0 0 0 0 0 0 0 0 0 10 11 34 48 50 51 52 5 4 50 22 9 29 48 107 51 112 76 110 69 25
"7dd0fa801babe07c" 4 27 28 27 92388 83255 65 46 255 255 153 0 0 0 0 0 0 0 0 0 0 0 8 0 35 6 7 39 45 47 52 9 110 49 46 85 46 88 10 113 53
"e7be8b44c2d3c91b" 6 792 16 27 39283 1065 792 83746 139 47 229 204 255 0 0 0 0 0 0 0 0 0 0 0 5 21 44 32 34 48 9 107 68 93 14 100 114 108 76 105
"f12ac9e6d1a98a98" 4 4 12116 27 92851 83853 65 48 255 255 255 0 0 0 0 0 0 0 0 0 0 0 9 2 8 27 41 29 49 50 51 34 9 91 15 43 104 26 85 111 83 3
"cdd953791dbd9314" 2 12 3269 83853 140 49 255 204 204 0 0 0 0 0 0 0 0 0 0 0 4 19 6 35 51 9 100 9 48 24 94 101 65 61 59
"192d79f65205e20b" 5 27 3556 3557 18420 675 84448 141 50 255 204 0 0 0 0 0 0 0 0 0 0 0 0 5 0 44 10 34 51 9 112 81 64 84 109 96 108 80 27
"ae4eb74eeaffefa0" 6 61 93572 4 10455 27 10860 84758 142 51 128 128 128 0 0 0 0 0 0 0 0 0 0 0 5 21 44 23 45 52 9 47 116 14 41 114 62 119 48 110
"e18dddf9e0a2b37d" 3 27 40880 3267 85157 1 52 255 153 102 0 0 0 0 0 0 0 0 0 0 0 4 0 41 39 46 9 34 60 56 96 80 67 83 88 14
"cca0f266b7478b54" 4 93961 27 60865 3626 85246 32 53 255 255 255 0 0 0 0 0 0 0 0 0 0 0 11 4 7 44 26 39 40 41 46 47 48 49 9 37 23 106 46 113 28 4 76 55
"99f14d03a2662e10" 6 4 93963 27 13303 93964 1881 85250 130 54 255 255 255 0 0 0 0 0 0 0 0 0 0 0 7 7 44 0 39 49 50 51 4 103 217 186 230
"b344c90c0fa178d1" 5 27 13430 63441 5173 18782 85436 143 55 255 255 153 0 0 0 0 0 0 0 0 0 0 0 6 11 35 45 46 27 44 4 33 121 125 154
"853eb93b2bf1a388" 5 68144 27 28 27 40108 86065 144 56 255 255 255 0 0 0 0 0 0 0 0 0 0 0 11 2 8 27 46 47 35 51 5 50 13 14 4 87 203 197 244
"de80aca7168e9c24" 2 12 35482 86065 15 57 153 255 204 0 0 0 0 0 0 0 0 0 0 0 6 15 36 35 11 31 4 6 97 219 195 264 201 238
"5fe28aff0042d1dd" 6 95011 4 37252 27 6717 407 86646 145 58 255 255 255 0 0 0 0 0 0 0 0 0 0 0 7 6 35 5 25 36 0 47 5 156 104 49 69 219
"214d9bd8e1a7607a" 8 607 4 95246 4 95247 27 95248 8410 86914 146 59 255 255 153 0 0 0 0 0 0 0 0 0 0 0 6 10 35 38 45 48 51 5 117 27 112 122 166
"bd46f196aae5ed5b" 1 3489 88558 16 60 255 255 255 0 0 0 0 0 0 0 0 0 0 0 5 11 35 48 20 47 4 6 9 12 255
"5bb480fa4acaa299" 2 27 38171 88558 46 61 255 255 255 0 0 0 0 0 0 0 0 0 0 0 9 27 7 32 10 43 15 41 26 38 4 213 261 256 121
"c5b1c706ed1cb0f0" 6 5017 4 96573 27 73862 15506 88688 145 62 255 255 255 0 0 0 0 0 0 0 0 0 0 0 8 11 35 48 25 40 52 50 51 5 75 160 205 84 54
"8a20d02509a250ac" 13 1012 372 4 10181 4 96630 4 41779 4 96631 27 96632 990 88772 147 63 255 255 255 0 0 0 0 0 0 0 0 0 0 0 6 11 35 7 38 45 34 5 276 22 214 82 60
"6cd18922dee295fe" 5 27 28 27 28 97718 89994 148 64 255 153 102 0 0 0 0 0 0 0 0 0 0 0 8 11 38 26 46 4 35 0 41 7 50 228 263 253 48 63 89
"bef03ca2585a5797" 2 61 97719 89994 149 65 255 0 51 0 0 0 0 0 0 0 0 0 0 0 8 11 27 38 42 34 51 40 25 5 144 78 232 191 123
"48811c2f134d8282" 4 97720 97721 4 97170 89994 150 66 255 255 255 0 0 0 0 0 0 0 0 0 0 0 5 30 41 45 47 20 6 220 278 64 108 271 247
"46e7af75f22dc255" 5 98392 4 98393 4 98305 90672 151 67 255 255 255 0 0 0 0 0 0 0 0 0 0 0 9 21 44 22 23 45 49 50 51 52 4 53 264 212 177
"3832ad9c5f6e9009" 12 27 28 27 28 27 28 27 28 27 28 27 28 90982 152 68 255 255 255 0 0 0 0 0 0 0 0 0 0 0 6 39 48 11 6 45 46 6 75 195 50 35 133 197
"50a319b84c4b23e2" 7 27 28 4 98922 4 98923 28753 91242 153 69 255 204 204 0 0 0 0 0 0 0 0 0 0 0 7 2 25 36 47 35 25 36 4 257 95 99 270
"1c81e62f793671ca" 2 522 16 92811 103 70 255 255 204 0 0 0 0 0 0 0 0 0 0 0 8 0 35 48 27 5 25 7 42 3 64 156 163
"1ec1f0cfb785edeb" 3 27 28 27334 93582 1 71 255 204 204 0 0 0 0 0 0 0 0 0 0 0 6 3 10 36 6 13 14 3 16 22 214
"fca91d6233c3561c" 3 61 92 17898 93861 104 72 255 102 102 0 0 0 0 0 0 0 0 0 0 0 4 1 40 49 50 5 238 256 8 217 45
"f3deefdcc2101f30" 3 27 28 61340 94289 24 73 255 204 204 0 0 0 0 0 0 0 0 0 0 0 8 0 19 20 21 32 33 34 35 3 255 30 22
"daac334143a7ffc3" 4 27 28 101463 3702 94470 154 74 255 255 255 0 0 0 0 0 0 0 0 0 0 0 7 0 7 8 24 25 29 44 3 36 23 151
"5b5742fbf2a0c008" 3 61 46425 2019 94845 155 75 255 255 204 0 0 0 0 0 0 0 0 0 0 0 6 0 4 5 11 14 36 4 38 23 256 137
"f89a4db9cb8ae89d" 5 27 28 27 28 101155 95267 156 76 255 0 0 0 0 0 0 0 0 0 0 0 0 0 6 0 30 32 34 35 51 3 279 23 217
"69f3cec6b0cd69e2" 2 17898 985 95324 157 77 255 204 204 0 0 0 0 0 0 0 0 0 0 0 8 0 1 2 8 13 26 42 46 5 8 0 105 157 98
"680f01717c30cebe" 4 30337 100959 802 102919 95778 158 78 255 255 204 0 0 0 0 0 0 0 0 0 0 0 7 0 5 6 8 11 40 45 3 222 189 168
"6a33a64a90af108f" 2 2432 101155 95860 159 79 255 255 255 0 0 0 0 0 0 0 0 0 0 0 4 0 28 48 49 0
"33a17c529c2a11a1" 7 27 28 61 92 4 101155 22148 95919 160 80 255 0 0 0 0 0 0 0 0 0 0 0 0 0 8 0 3 5 12 22 23 37 38 0
"da5c1a363880f85f" 1 46779 95987 161 81 153 204 204 0 0 0 0 0 0 0 0 0 0 0 7 0 6 14 17 35 40 45 0
"791d7863623ef0fe" 9 27 28 27 28 27 28 63702 10655 10787 96569 162 82 255 255 255 0 0 0 0 0 0 0 0 0 0 0 8 0 2 4 6 41 42 43 46 0
"b978716e0b4e8675" 4 27 28 716 100959 96727 163 83 255 255 255 0 0 0 0 0 0 0 0 0 0 0 10 0 9 15 25 27 30 31 32 35 50 0
"e2b9f52f3bdd184b" 4 27 28 15571 1951 97088 164 84 255 204 204 0 0 0 0 0 0 0 0 0 0 0 6 0 7 16 41 42 51 0
"e746f18ae59ba57f" 1 104272 97231 125 85 255 255 255 0 0 0 0 0 0 0 0 0 0 0 11 0 4 5 14 19 20 21 22 26 32 35 0
"d67e73285197d98d" 5 27 28 19745 104472 24503 97359 165 86 255 0 0 0 0 0 0 0 0 0 0 0 0 0 5 0 3 4 33 34 0
"69b0b64e437eada0" 10 27 28 27 28 27 28 27 28 27 28 97527 166 87 255 204 204 0 0 0 0 0 0 0 0 0 0 0 8 0 1 2 4 18 37 39 43 0
"cfde98dde1f51fca" 38 27 28 27 28 27 28 27 28 27 28 27 28 27 28 27 28 27 28 27 28 27 28 27 28 27 28 27 28 27 28 27 28 27 28 27 28 27 28 97683 167 88 255 255 255 0 0 0 0 0 0 0 0 0 0 0 6 0 13 30 35 36 40 0
"dde0b02e1a377764" 2 4 104850 97703 19 89 255 0 0 0 0 0 0 0 0 0 0 0 0 0 5 0 30 35 42 43 0
"947e8118f158ed22" 40 27 28 27 28 27 28 27 28 27 28 27 28 27 28 27 28 27 28 27 28 27 28 27 28 27 28 27 28 27 28 27 28 27 28 27 28 27 28 27 28 98284 168 90 255 204 204 0 0 0 0 0 0 0 0 0 0 0 9 0 0 5 6 8 10 17 26 44 0
"48b496ce5eea5fd1" 4 27 28 5589 251 98473 42 91 255 255 255 0 0 0 0 0 0 0 0 0 0 0 5 0 24 25 46 48 0
"4cd2829b6a9ba5e4" 1 105646 98473 169 92 255 153 153 0 0 0 0 0 0 0 0 0 0 0 15 0 0 4 5 11 13 14 18 20 22 28 35 36 38 40 0
"a7387d96acca2be2" 6 25434 4530 97532 106107 78074 21046 98974 170 93 255 255 153 0 0 0 0 0 0 0 0 0 0 0 9 0 9 13 14 19 25 32 42 51 0
"6c6dc22ac5f807ef" 2 4 107423 100280 171 -1 0 0 0 0 0 0 0 0 0 0 0 0 0 0 7 0 4 12 15 17 28 49 0
"fe182ea8084dcbd5" 1 261 100819 172 -1 0 0 0 0 0 0 0 0 0 0 0 0 0 0 10 0 5 8 9 10 11 16 27 31 46 0
"4c72376fa00224ca" 1 97966 101946 161 -1 0 0 0 0 0 0 0 0 0 0 0 0 0 0 11 0 5 6 12 29 30 40 42 43 44 46 0
"fa9b02f29b83407a" 4 27 28 27 28 102774 65 -1 0 0 0 0 0 0 0 0 0 0 0 0 0 0 7 0 1 3 4 7 16 44 0
"6a225d0f6c6ecd97" 4 27 28 5900 726 104143 98 -1 0 0 0 0 0 0 0 0 0 0 0 0 0 0 12 0 5 9 15 17 22 29 32 40 45 50 52 0
"e0691636744af5e2" 4 27 28 1853 1285 106852 120 -1 0 0 0 0 0 0 0 0 0 0 0 0 0 0 9 0 6 8 20 25 35 46 48 49 0
"7c5f2a7ef3a1b241" 3 27 28 20036 106957 173 -1 0 0 0 0 0 0 0 0 0 0 0 0 0 0 8 0 2 19 27 30 45 49 52 0
"31a48cb8237aea33" 3 27 28 33216 107467 1 -1 0 0 0 0 0 0 0 0 0 0 0 0 0 0 13 0 1 5 6 10 11 13 21 22 28 35 40 45 0
"eb9a1a4917047aef" 43 27 28 27 28 27 28 27 28 27 28 27 28 27 28 27 28 27 28 27 28 27 28 27 28 27 28 27 28 27 28 27 28 27 28 27 28 27 28 27 28 27 28 18691 108042 174 -1 0 0 0 0 0 0 0 0 0 0 0 0 0 0 7 0 3 6 25 30 39 52 0
"97766d87664b03b3" 8 27 28 27 28 61 113194 27 28 108110 175 -1 0 0 0 0 0 0 0 0 0 0 0 0 0 0 11 0 8 9 11 17 27 28 32 33 48 51 0
"98758d282dc11aad" 9 27 28 27 28 27 28 2711 113341 113342 108343 176 -1 0 0 0 0 0 0 0 0 0 0 0 0 0 0 11 0 1 2 4 6 7 10 12 39 42 44 9 72 76 85 88 77 98 108 75 69
"cc4b48ac19aa382a" 3 27 28 98781 108447 24 -1 0 0 0 0 0 0 0 0 0 0 0 0 0 0 8 0 7 25 37 38 41 43 46 9 70 60 64 61 78 47 30 76 72
"ea89b753a3b9dba4" 5 27 28 7273 22 113414 108481 177 -1 0 0 0 0 0 0 0 0 0 0 0 0 0 0 10 0 4 6 7 11 20 22 39 40 42 9 73 102 54 36 112 55 61 32 109
"3fba293929ecb1fc" 5 27 28 27 28 279 108650 178 -1 0 0 0 0 1 6 4 2 8 9 4 2 3 2 11 0 4 7 11 15 26 41 42 43 44 45 9 11 41 21 111 110 106 105 114 66
"1ee0b8be0f73fc9b" 4 27 28 261 2972 108891 179 -1 0 0 0 0 2 6 5 8 8 2 5 8 7 8 0 9 20 2 76 27 105 33 53 58 42
"74880aa45cc504e0" 4 27 28 521 113654 108902 180 -1 0 0 0 0 3 5 6 8 7 9 7 9 3 2 0 9 75 15 108 59 71 113 56 0 103
"0f96301bbaa04e43" 101 27 28 27 28 27 28 27 28 27 28 27 28 27 28 27 28 27 28 27 28 27 28 27 28 27 28 27 28 27 28 27 28 27 28 27 28 27 28 27 28 27 28 27 28 27 28 27 28 27 28 27 28 27 28 27 28 27 28 27 28 27 28 27 28 27 28 27 28 27 28 27 28 27 28 27 28 27 28 27 28 27 28 27 28 27 28 27 28 27 28 27 28 27 28 27 28 27 28 27 28 88 109229 181 -1 0 0 0 0 10 10 9 6 7 9 6 3 2 2 0 9 72 89 13 107 60 22 8 31 109
"41ff26b01b328828" 3 27 28 100677 109478 1 -1 0 0 0 0 1 3 4 7 5 5 5 2 5 5 0 9 106 40 20 115 70 82 50 46 18
"21738f6256cae412" 5 27 28 27 28 2610 109569 156 -1 0 0 0 0 2 2 3 8 5 8 6 2 4 2 0 9 48 92 81 3 34 113 18 1 27
"804129498b0389c6" 2 12 72097 109569 182 -1 0 0 0 0 2 2 5 8 4 9 3 2 3 2 0 9 6 25 68 69 114 67 22 80 115
"b1f3dc3d685875dd" 3 27 28 114408 110249 183 -1 0 0 0 0 2 4 7 8 8 2 3 6 7 2 0 9 29 4 16 84 99 60 30 45 65
"bc0cd3800830a058" 3 27 28 114520 110434 1 -1 0 0 0 0 4 8 9 6 7 9 4 2 3 2 0 9 0 39 95 9 32 108 57 77 101
"d1fcac7bc6d7fd60" 4 27 28 3347 2698 110641 184 -1 0 0 0 0 2 4 6 8 5 9 3 2 3 2 0 9 111 100 97 83 6 33 3 104 15
"daa516f0e955d841" 6 27 28 27 28 13842 88082 110920 130 -1 0 0 0 0 4 6 5 8 8 2 7 2 5 2 0 9 24 116 85 1 102 112 54 39 68
"0b486a2aecbe0ab3" 10 27 28 27 28 27 28 27 28 47490 43039 111106 185 -1 0 0 0 0 2 4 6 8 7 7 5 2 3 2 0 9 115 62 63 8 114 104 12 29 4
"02c9a20004c4b320" 3 27 28 2177 111356 186 -1 0 0 0 0 2 4 7 8 6 9 5 2 3 2 0 9 93 14 37 57 80 49 77 63 10
"11170083340efe11" 7 27 28 27 28 76941 424 6806 111468 187 -1 0 0 0 0 7 9 9 3 4 9 5 6 2 3 0 9 35 45 0 101 105 99 95 74 71
"ef486abf6c546489" 7 27 28 27 28 94 261 113 111872 188 -1 0 0 0 0 5 3 6 8 9 8 7 2 8 6 0 9 63 18 76 37 47 32 108 66 55
"4672b61676cc75a2" 7 27 28 27 28 61 115230 115231 111977 189 -1 0 0 0 0 1 4 5 8 4 9 2 2 6 2 0 9 28 78 109 21 49 51 96 82 5
"686b8b62ebbdb9cb" 3 27 28 62335 112017 24 -1 0 0 0 0 6 5 5 8 9 5 4 2 6 5 0 9 82 112 76 78 44 66 107 25 117
"0fdb6c9827919f45" 2 12 102185 112017 182 -1 0 0 0 0 2 2 5 8 7 7 6 8 3 2 0 9 16 9 116 12 55 74 94 7 23
"e4d03922e9c38977" 4 27 28 113973 76941 112022 42 -1 0 0 0 0 7 8 9 5 6 8 3 4 2 3 0 9 46 42 77 111 103 97 114 87 34
"5eca9671b7bbcdaa" 4 27 28 8785 115332 112156 190 -1 0 0 0 0 3 5 4 8 9 3 2 5 6 2 0 9 103 57 24 86 102 7 48 100 28
"4f1c21aa77088f2d" 4 27 28 145824 1192 112338 42 -1 0 0 0 0 3 6 5 8 7 4 2 8 3 2 0 9 55 9 21 80 74 72 39 69 95
"f170c58239c6eb0b" 4 27 28 1034 1285 112390 42 -1 0 0 0 0 5 5 7 8 6 9 5 2 3 2 0 9 64 118 89 16 1 62 98 108 117
"783f5ed2befb524f" 5 27 28 34301 67106 115459 112415 191 -1 0 0 0 0 5 4 3 8 6 8 7 2 3 2 0 8 88 110 61 34 49 86 72 82
"b6e30df32dbc35bf" 3 27 28 115576 112625 24 -1 0 0 0 0 1 4 6 8 5 9 2 2 3 2 0 8 20 46 21 31 36 77 104 68
"646bb20f812a7559" 3 27 28 21055 112646 1 -1 0 0 0 0 3 7 5 8 9 2 6 2 3 2 0 8 55 29 16 111 64 41 51 69
"51a6d4fd50d3f40f" 3 27 28 7882 113235 24 -1 0 0 0 0 4 6 8 8 7 9 3 2 4 2 0 7 0 7 12 3 58 9 116
"2f4822954944b111" 3 27 28 22939 113072 24 -1 0 0 0 0 1 7 5 8 5 6 8 8 3 2 0 9 123 124 125 120 128 129 132 135 139
"f54d79e29873c03a" 5 27 28 27 28 76083 113368 192 -1 0 0 0 0 1 4 1 8 4 9 7 6 3 2 0 2 141 142
"a41cfbe4786ae3c3" 3 27 28 851 113387 24 -1 0 0 0 0 8 9 7 5 4 8 2 4 3 2 0 6 159 145 148 154 157 150
"3a6cfb22f04e781f" 12 27 28 27 28 27 28 27 28 27 28 12166 7833 113425 193 -1 0 0 0 0 3 5 9 8 6 9 4 2 8 1 0 4 166 167 162 168
"1b25c336831d2b12" 3 27 28 114646 113507 1 -1 0 0 0 0 4 3 4 8 5 5 2 8 6 9 0 4 174 178 181 171
"090d015ff3aaa74e" 3 27 28 26289 113534 24 -1 0 0 0 0 1 3 5 8 6 7 2 8 3 5 0 6 187 191 198 184 196 192
"d9a1176d5617b1fd" 5 27 28 27 28 11113 113719 156 -1 0 0 0 0 2 4 6 8 7 8 2 8 3 2 0 4 201 205 208 210
"1f5304d7a145659c" 3 27 28 20502 113882 24 -1 0 0 0 0 5 6 7 8 8 3 4 2 7 2 0 3 213 216 220
"571fcbfd1f1604e0" 5 27 28 27 28 72097 113945 156 -1 0 0 0 0 2 3 5 8 4 9 2 2 6 2 0 3 222 225 228
"708c341dfca8cf73" 4 27 28 2069 7882 113988 194 -1 0 0 0 0 0 0 0 0 0 0 0 0 0 0 0 3 235 238 231
"99cea2b1272c1c35" 29 27 28 27 28 27 28 27 28 27 28 27 28 27 28 27 28 27 28 27 28 27 28 27 28 27 28 27 28 521 114081 195 -1 0 0 0 0 0 0 0 0 0 0 0 0 0 0 10 1 25 14 27 7 43 37 26 16 30 14 240 243 246 249 252 255 258 261 264 267 270 273 276 279
"4d4a786be3190689" 3 27 28 9733 114302 173 -1 0 0 0 6 53 54 55 56 57 58 0 0 0 0 0 0 0 0 0 0 10 37 12 8 39 26 1 34 7 21 27 9 33 55 12 83 88 69 75 61 90
"9a92b581a9365a9c" 3 27 28 97966 115264 24 -1 0 0 0 6 58 59 60 61 62 63 0 0 0 0 0 0 0 0 0 0 10 2 3 5 19 21 32 43 47 6 40 9 16 50 21 39 19 51 68 32 28
"6c8a14dbc86fd41b" 5 27 28 27 28 46262 115917 47 -1 0 0 0 5 58 64 65 66 67 0 0 0 0 0 0 0 0 0 0 10 27 14 13 19 43 40 7 48 29 6 9 0 73 116 57 109 111 6 46 63
"2f1543b287c81a7a" 1 134292 147123 2 -1 0 0 0 2 68 69 0 0 0 0 0 0 0 0 0 0 10 26 24 51 47 28 37 50 33 46 25 9 86 10 36 117 4 103 27 106 99
"4af4a71e1bc30ba0" 3 350 4 5370 147580 196 -1 0 0 0 4 57 70 71 72 0 0 0 0 0 0 0 0 0 0 10 32 53 34 5 12 43 30 52 22 17 9 97 35 24 92 85 78 77 60 112
"9c641d698a019521" 8 4 134627 4 134628 27 28 4 133898 147580 197 -1 0 0 0 4 73 74 75 76 0 0 0 0 0 0 0 0 0 0 10 11 4 15 18 49 29 28 33 27 42 9 15 54 14 81 87 66 18 53 7
"1408745d61684349" 1 97695 147787 16 -1 0 0 0 1 77 0 0 0 0 0 0 0 0 0 0 10 0 41 21 46 46 44 1 26 43 49 9 1 74 115 59 108 9 22 40 94
"16b9f6213dea7b44" 1 87359 147946 16 -1 0 0 0 1 78 0 0 0 0 0 0 0 0 0 0 10 43 32 23 20 11 24 28 7 17 52 9 37 101 118 3 102 29 105 79 30
"09ece9f598bcdaab" 2 12 62025 147946 15 -1 0 0 0 2 79 80 0 0 0 0 0 0 0 0 0 0 10 0 2 28 32 14 36 51 21 8 6 9 98 43 26 90 84 48 64 113 11
"164c72644936be1b" 3 27 28 28742 148906 1 -1 0 0 0 2 81 82 0 0 0 0 0 0 0 0 0 0 10 21 38 8 29 22 47 10 24 13 16 9 17 56 13 82 89 67 20 52 8
"f93b367adc1af38b" 3 12 92968 62223 148906 26 -1 0 0 0 2 83 84 0 0 0 0 0 0 0 0 0 0 10 0 4 27 51 42 9 22 18 33 5 9 111 88 110 2 31 59 64 38 27
"2b2f615f35da3bc3" 9 32031 4 68435 4 135933 4 135934 4 135935 149616 198 -1 0 0 0 6 85 86 87 88 89 90 0 0 0 0 0 0 0 0 0 0 10 43 49 5 45 41 27 33 40 18 8 9 48 55 13 71 82 86 52 68 19
"0717a4d46aa3a6a4" 9 27 28 27 28 27 28 27 28 198 149761 199 -1 0 0 0 3 91 92 93 0 0 0 0 0 0 0 0 0 0 10 0 27 23 16 15 49 11 39 34 44 9 72 9 17 103 33 77 47 3 22
"cd9802254c5738d9" 9 24383 4 261 4 24383 4 61 4 135278 150299 200 -1 0 0 0 3 58 94 95 0 0 0 0 0 0 0 0 0 0 10 6 19 2 21 36 48 13 49 20 32 9 39 6 61 115 49 54 14 70 81
"ddc0de5fce30002a" 5 27 28 2711 7966 6427 151692 201 -1 0 0 0 2 96 97 0 0 0 0 0 0 0 0 0 0 10 0 8 46 3 30 34 10 24 13 16 9 15 102 34 76 46 5 23 99 106
"55a2a0d20e041c44" 9 27 28 27 28 27 28 27 28 17855 152767 202 -1 0 0 0 4 73 98 99 100 0 0 0 0 0 0 0 0 0 0 10 24 34 27 20 0 25 43 33 15 11 9 57 63 37 29 113 105 79 118 87
"a6c1842deb3d5f78" 5 4 68435 46 9438 205 153455 203 -1 0 0 0 3 101 102 103 0 0 0 0 0 0 0 0 0 0 10 32 22 6 48 42 28 15 9 12 24 9 112 89 24 90 95 56 41 83 16
"6a427eeb9a3cb5ec" 1 7192 153456 161 -1 0 0 0 2 104 105 0 0 0 0 0 0 0 0 0 0 10 29 19 5 21 36 41 16 27 49 8 9 4 21 101 107 78 117 109 1 32
"aef055185f97c83a" 2 4 68435 153456 46 -1 0 0 0 1 101 0 0 0 0 0 0 0 0 0 0 10 53 0 23 3 45 36 13 2 21 24 9 50 55 13 70 104 35 75 45 4
"5b81927b0120bbff" 1 51683 153717 204 -1 0 0 0 2 106 107 0 0 0 0 0 0 0 0 0 0 10 46 19 27 31 7 17 43 1 51 35 9 114 50 56 14 69 34 75 47 3
"e4e08f3da0be26fd" 6 27 28 27 28 134172 70429 154126 205 -1 0 0 0 4 73 108 109 110 0 0 0 0 0 0 0 0 0 0 10 0 44 43 6 2 47 30 25 28 53 9 21 100 105 79 119 110 30 58 64
"7105252582005203" 2 36827 119365 154917 81 -1 0 0 0 3 111 112 113 0 0 0 0 0 0 0 0 0 0 10 26 49 18 43 14 30 9 51 42 53 9 28 112 88 24 90 94 56 40 81
"82a7978181c68f79" 2 21538 138939 154917 81 -1 0 0 0 3 112 113 114 0 0 0 0 0 0 0 0 0 0 10 0 27 10 11 4 51 52 21 9 24 9 48 54 14 71 104 33 76 46 5
"0889cc49502f0742" 9 27 28 27 28 27 28 27 28 11286 155181 206 -1 0 0 0 3 98 115 116 0 0 0 0 0 0 0 0 0 0 10 43 31 15 27 13 24 47 11 42 49 9 102 15 35 76 4 22 99 106 118
"e83af4347617beb3" 3 139164 4 135278 155307 101 -1 0 0 0 2 117 118 0 0 0 0 0 0 0 0 0 0 10 5 7 21 14 39 44 22 30 47 10 9 119 108 0 32 58 63 37 81 27
"f129a43088602b80" 1 2549 155634 16 -1 0 0 0 3 119 120 121 0 0 0 0 0 0 0 0 0 0 10 32 38 50 19 12 6 21 25 49 40 9 17 104 33 77 4 23 101 107 79
"110faf2e6262c76e" 4 12 25011 4 10373 155634 207 -1 0 0 0 4 98 122 123 124 0 0 0 0 0 0 0 0 0 0 10 0 46 49 17 5 24 8 40 22 14 9 103 33 75 105 79 119 110 30 58
"071033a53e5c9d3e" 3 27 28 133905 156147 1 -1 0 0 0 2 98 125 0 0 0 0 0 0 0 0 0 0 10 26 34 43 20 29 4 51 45 1 9 9 113 88 25 91 93 56 39 81 29