"f58671e23c844490" 4 3 0 3 4 0
"7311ec7d358ce218" 5 3 0 0 11 4 1
"3b6cb989a051cffa" 5 3 4 3 0 0 2
"0e4decb5af7c3c22" 5 0 0 3 4 0 3
"f27452ccb5ee2d30" 5 0 218 429 3 0 4
"87aae8d4dddd6457" 3 3 4 0 5
"c58da6ad717db9ed" 4 0 0 3 0 6
"361b5b3d0d2d07cc" 5 3 0 3 0 4 7
"bd0a8861af9ccf33" 4 3 15 0 0 8
"0facce01206c3bc6" 4 0 3 0 0 9
"b8624bc9d8a0ab46" 5 3 4 0 11 4 10
"473e59b700c4a681" 9 3 4 3 4 4 11 685 11 686 11
"1d130365da02e736" 9 3 0 3 0 0 0 0 10 0 12
"2fe801587d0ca00d" 8 0 11 0 11 10 4 3 34 13
"728014cf0681a4a6" 5 0 3 4 11 4 14
"850a1f8edbdca427" 2 3 4 15
"f7b964612fc3fb0e" 5 0 3 0 11 0 16
"068da6ad717db9ed" 4 0 0 3 4 17
"6b5d129e31878eec" 6 1 6 3 4 11 4 18
"816f71e198eeeb93" 4 3 4 0 0 19
"3518140b6abebd35" 3 3 0 15 20
"e85967fd62bbe5ed" 4 38 3 0 0 21
"e2f4ef89cd81d987" 6 3 0 0 10 0 0 22
"a90842d0c3452517" 7 0 3 0 3 0 3 4 23
"427896dcb04c3e68" 5 4 0 3 4 0 24
"69560b546c941659" 5 15 3 0 3 0 25
"dae8a1dac6755d2c" 7 3 0 3 15 3 0 0 26
"e7ae574cf0a65910" 5 3 50 0 0 0 27
"424f93ea838be1e8" 4 0 3 4 0 28
"41bafb13ad0fdea6" 4 38 38 3 4 29
"bdd78cdb2c3a9ba0" 5 3 0 4 11 4 30
"6bdefac28e9f142f" 5 31 3 4 11 4 31
"bd95a34cfe5ddef8" 7 3 0 3 0 4 0 0 32
"f7022f224575c7a8" 5 3 0 15 4 0 33
"9a2f5c89aab0c6b8" 5 15 15 3 15 0 34
"ef2a4f8ac3cc6405" 4 38 0 3 4 35
"b672cae4f9805a5d" 4 3 4 11 4 36
"cbfdc6ee93cbacb7" 10 3 0 3 0 3 1616 3 0 11 4 37
"4418140b6abebd35" 3 3 0 0 38
"39ad2017705cbdde" 5 3 0 3 4 0 39
"4798d183a131430b" 4 3 0 0 0 40
"9e76e80c11773ded" 9 3 0 3 0 3 0 15 0 0 41
"31089f8f2f4bfd6c" 6 0 0 11 3 4 0 42
"4dd0a769020b601f" 6 4 0 3 4 0 0 43
"7cab1b8603d2a1c4" 4 3 0 11 4 44
"f51b5b3d0d2d07cc" 5 3 0 3 0 0 45
"d942c91f5f9c6925" 4 3 1 0 0 46
"0456e2ad8274b1aa" 8 3 0 3 3 6 0 0 4 47
"f410fc74b10c40b4" 7 3 0 3 2101 3 0 4 48
"c000af86180fecfe" 5 0 3 4 4 4 49
"3a4739f94d7e2527" 8 4 3 1 3 4 3 0 0 50
"b9645c56ad63d15c" 7 4 10 6 11 3 4 0 51
"3b8f2fbba3f07ac1" 6 0 0 3 4 11 4 52
"8b4b7a8556712530" 5 1 3 4 11 4 53
"38692e43dfa80adb" 7 3 0 3 4 0 33 11 54
"6e6ca7036cb04d8b" 5 3 0 0 10 0 55
"a781455580251562" 6 0 0 3 2303 3 2304 56
"6e98197f390e56d9" 5 0 0 3 34 0 57
"43b9f5a058d21f43" 11 3 0 3 0 3 0 3 0 3 4 0 58
"067ce5b8425f0c08" 6 0 0 3 4 0 0 59
"aa56a97899a7ead2" 9 7 0 3 0 3 0 4 0 0 60
"b831acfeee1ca6c3" 6 3 0 0 11 4 0 61
"a8d6744c77b5bd07" 6 3 0 3 4 11 4 62
"914a283934b7f07b" 11 0 11 3 0 3 0 3 57 0 11 4 63
"3e65cab5cb2c475a" 6 0 0 11 3 0 4 64
"722218c6afb11147" 5 7 3 0 0 0 65
"295967fd62bbe5ed" 4 38 3 0 4 66
"b58671e23c844490" 4 3 0 3 0 67
"717166c576107171" 6 0 3 4 0 11 4 68
"7cbd22e73f7fc211" 3 3 15 0 69
"17b9f145c21137c9" 14 3 0 3 0 10 3 0 3 0 3 0 3 0 0 70
"ecf12e539875bf4d" 6 3 4 3 4 11 4 71
"850c5e9049ef37f5" 8 3 0 3 0 6 6 6 11 72
"e10cf038f7112899" 5 7 3 4 11 4 73
"91661ff691394d8e" 7 4 10 4 3 4 11 4 74
"5ff366fd6141c4ff" 5 1 3 0 4 0 75
"56860845c41d4e4f" 5 6 1 6 15 0 76
"450a1f8edbdca427" 2 3 0 77
"e8aa163106df523c" 5 3 15 3 4 0 78
"82ac25b538fcd876" 9 31 0 3 3 0 3 0 3 0 79
"ad141cc36a72b3a7" 4 3 0 254 0 80
"6caf01e8df6099e0" 8 4 1 6 3 0 0 11 4 81
"bde720a4b97f6b59" 4 6 3 33 0 82
"caba18eb3c5d8510" 5 0 0 3 0 0 83
"73c33b3916145f4d" 6 3 0 3 4 0 0 84
"1aae4409b4a85aa3" 2 4 0 85
"5aae4409b4a85aa3" 2 4 4 86
"6a4254662a902c16" 5 15 3 4 11 4 87
"2efc66cc1659931a" 8 3 15 3 6 0 10 0 0 88
"45ae9eaa14a2a1dc" 5 3 57 0 15 0 89
"1635fcb479682b69" 6 3 4 3 3 0 15 90
"03a62b5ebd229d44" 5 0 3 0 0 0 91
"e7ea2b3ab9b9a74a" 6 3 0 3 0 3 4 92
"5418140b6abebd35" 3 3 0 1 93
"7c3a3e18d45297fc" 1 38 94
"5cf0f206e4175b7b" 4 6 15 3 4 95
"a79bcf660bafbe64" 5 3 0 3 7 0 96
"9e09a7e01201cad6" 4 3 0 38 7 97
"98a6b83a24c573fe" 4 3 13 0 0 98
"5c4f1cddb27d358b" 7 4 10 0 3 0 3 0 99
"ac69a820a512b60e" 3 38 3 4 100
"a9c98c9655631e4c" 6 15 0 0 11 3 0 101
"b65600138933066f" 6 3 0 3 4 4 0 102
"7f3eef5076f158d6" 4 3 0 15 0 103
"2377e6de0d2903e1" 10 3 0 3 0 3 0 15 11 11 11 104
"a7ea2b3ab9b9a74a" 6 3 0 3 0 3 0 105
"6707e51c2a07fb38" 4 3 0 10 0 106
"45bf9bf5b28de4f4" 3 4 3 0 107
"a2507d5101ad0dd5" 7 3 4 3 0 3 0 4 108
"acaf367bdd3fbb6f" 4 15 0 11 11 109
"b1d901487ccce530" 3 6 1 15 110
"b28c5882507c0d8f" 5 15 0 3 0 0 111
"bea9b43ba5efdf14" 4 15 3 0 0 112
"107d51489f262e80" 6 3 0 3 0 38 0 113
"05e8f5d105ab9e48" 12 3 15 0 3 0 3 0 3 4 0 0 0 114
"360a1f8edbdca427" 2 3 15 115
"84424daa7ec5eb9f" 7 3 277 1 3 0 11 4 116
"497dd9b495340482" 9 0 1 11 11 11 11 3 0 31 117
"08e4ecfeea8c5d71" 6 0 4 0 3 0 4 118
"162eb9cc4b7af05c" 6 6 0 3 4 11 4 119
"654a8eeecef1d399" 7 0 11 3 0 0 0 11 120
"cb67927cbcaec633" 7 3 15 3 4 3 15 0 121
"c4f156bbfb0e92b5" 4 3 4 4 0 122
"29d3913150ddb630" 7 3 4 0 0 10 0 0 123
"97052b48b14a6ab1" 4 7 3 4110 0 124
"d2bcbb232bb9ef3a" 7 38 3 4 0 11 0 0 125
"bb5f2ec1756ec1bf" 6 0 3 31 0 0 0 126
"8a2ba65d0550f91d" 4 3 0 4 0 127
"8798d183a131430b" 4 3 0 0 4 128
"a8ecabac79e86f80" 7 0 0 3 0 3 15 0 129
"1cebbba041f1b8de" 7 3 0 3 0 3 0 15 104
"2bebbba041f1b8de" 7 3 0 3 0 3 0 0 130
"a587142ce18b1bfe" 5 1 6 3 0 31 131
"3608ea7581e7aa24" 13 7 11 11 11 11 11 11 11 3 0 3 0 0 132
"27c883135494c1c2" 7 4 3 4 0 10 0 0 133
"b9c9714c9cbcf1f7" 6 3 4 0 11 0 0 134
"0fd5c1035d1d8756" 5 4 0 3 0 0 135
"948c2dd144596376" 9 3 0 3 4 3 0 0 11 4 136
"d384226d89396d3d" 13 3 0 3 0 3 0 3 198 3 4 3 0 0 137
"39fc8bda2f56a6b4" 6 3 0 3 0 0 0 138
"957657420d982ff8" 8 3 4 3 0 3 0 3 4 139
"ee26c54ba640fffa" 6 0 11 3 4 11 4 140
"8790023727af9a17" 4 4 3 4 0 141
"19bc4975438a63c1" 3 3 1 0 142
"ba33b59ec75b8a67" 7 3 4 3 0 0 0 0 143
"54805c433bce7025" 8 38 38 11 3 0 3 0 31 144
"5d8d8c9cae824ca0" 13 0 0 11 11 11 11 11 3 0 3 0 3 0 145
"002721d6e4b36831" 11 3 0 3 0 3 0 3 0 3 0 0 146
"4511ec7d358ce218" 5 3 0 0 11 33 147
"e1cc934d920337f5" 7 3 0 3 0 0 3 0 148
"cba5465a5b91637f" 6 0 0 3 0 0 0 149
"9c09eeea85d60f13" 7 3 0 3 0 10 33 11 150
"f25013d5d7fefb84" 5 3 31 0 0 0 151
"a57ae55511e3abec" 8 6 4 3 38 3 4 11 4 152
"4efd937ad3ea845e" 5 3 0 0 0 0 153
"725ed95a36394d34" 7 38 3 0 3 0 10 0 154
"be1a7639aa9cdce7" 6 0 3 0 3 0 0 155
"094541a8a5a6429e" 8 10 3 0 3 0 3 0 0 156
"a46f16ecbf824762" 6 0 11 3 0 11 4 157
"362263a5f29d518f" 13 0 3 3 0 3 4 3 0 3 4 3 4 0 158
"5f59928a7beba9c3" 13 3 0 3 0 5000 11 6 5001 11 0 5002 3 0 159
"59d89d1811016c8a" 5 5022 3 0 3 0 160
"7e82a7f0027e90c1" 12 3 0 3 0 3 0 3 0 3 0 3 0 161
"f39ebfa79b366208" 7 3 0 3 15 3 15 15 162
"0fb19d0c164ab86d" 2 15 0 109
"a2f0a231ee7409a3" 4 6 1 15 11 110
"ef3eef5076f158d6" 4 3 0 15 7 163
"21d901487ccce530" 3 6 1 6 164
"e61b5b3d0d2d07cc" 5 3 0 3 0 15 165
"7fb19d0c164ab86d" 2 15 7 166
"f2012f5067d215c4" 4 0 15 31 0 167
"799ce3684ffb5b39" 2 7 15 168
"89131c158cccac64" 8 3 0 6 1 3 15 4 11 169
"0b3a3e18d45297fc" 1 15 170
"ae76e80c11773ded" 9 3 0 3 0 3 0 15 0 1 171
"e91946bc9fa3faa2" 4 3 0 7 15 172
"7b2ba65d0550f91d" 4 3 0 4 15 173
"8a3a3e18d45297fc" 1 7 174
"de49c1baf007b2fd" 8 3 0 1 15 0 11 11 11 175
"00a31bb654c0b763" 10 3 0 3 0 3 0 3 0 3 0 176
"a29fb8b1df832cad" 38 3 0 3 0 3 0 3 0 3 0 3 0 3 0 3 0 3 0 3 0 3 0 3 0 3 0 3 0 3 0 3 0 3 0 3 0 3 0 177
"1a43deb12ce4e1af" 40 3 0 3 0 3 0 3 0 3 0 3 0 3 0 3 0 3 0 3 0 3 0 3 0 3 0 3 0 3 0 3 0 3 0 3 0 3 0 3 0 178
"230f09c0221f6eae" 7 3 0 0 0 11 5545 22 179
"870f018d3167216c" 6 33 0 1 1 0 0 180
"3a0a1f8edbdca427" 2 3 79 181
"7a3a3e18d45297fc" 1 6 182
"bfb19d0c164ab86d" 2 15 11 170
"657f4a58d1561196" 5 3 0 15 0 11 103
"246868f47905330a" 6 3 0 4 0 11 11 127
"a618140b6abebd35" 3 3 0 38 183
"1ffee6772e017205" 43 3 0 3 0 3 0 3 0 3 0 3 0 3 0 3 0 3 0 3 0 3 0 3 0 3 0 3 0 3 0 3 0 3 0 3 0 3 0 3 0 3 0 1 184
"999d27470a6367ad" 8 3 0 3 0 6 1 3 0 185
"08c708cd111f38ff" 9 3 0 3 0 3 0 3 15 0 186
"204eef5076f158d6" 4 3 0 15 11 20
"56a08297ef4f3f02" 5 3 0 4 6 15 187
"661b5b3d0d2d07cc" 5 3 0 3 0 7 188
"24741142c6e74526" 4 3 0 6 0 189
"bf1bc6b428cfda92" 5 3 0 7 33 11 190
"eb12d1ddbd654e8a" 101 3 0 3 0 3 0 3 0 3 0 3 0 3 0 3 0 3 0 3 0 3 0 3 0 3 0 3 0 3 0 3 0 3 0 3 0 3 0 3 0 3 0 3 0 3 0 3 0 3 0 3 0 3 0 3 0 3 0 3 0 3 0 3 0 3 0 3 0 3 0 3 0 3 0 3 0 3 0 3 0 3 0 3 0 3 0 3 0 3 0 3 0 3 0 3 0 3 0 3 0 15 191
"ea973dccfffc8247" 8 3 0 3 0 15 10 15 11 192
"d718140b6abebd35" 3 3 0 57 193
"091946bc9fa3faa2" 4 3 0 7 1 194
"090a6904bb61e5c2" 11 3 0 3 0 3 0 3 0 0 0 11 195
"b418140b6abebd35" 3 3 0 7 196
"355f68170622ed08" 7 3 0 3 0 0 7 1 197
"7d689b3189fb4ea8" 9 3 0 3 0 1 6 7 11 11 198
"c95973737a343b4d" 7 3 0 3 0 6 0 1391 199
"7b97e39028d583b0" 6 3 0 15 10 15 11 200
"fefd937ad3ea845e" 5 3 0 0 0 11 40
"031dd3421a04a995" 5 3 0 89 0 11 201
"97341f1260118fe0" 9 3 0 0 0 1 11 11 11 11 202
"c07d51489f262e80" 6 3 0 3 0 38 11 203
"662042e1306c00d8" 12 3 0 3 0 3 0 3 0 3 0 254 0 204
"1f09a7e01201cad6" 4 3 0 38 15 205
"d77674647aca4083" 30 3 0 3 0 3 0 3 0 3 0 3 0 3 0 3 0 3 0 3 0 3 0 3 0 3 0 3 0 7 11 206
"e9fc8bda2f56a6b4" 6 3 0 3 0 0 11 45
"5a3a3e18d45297fc" 1 4 207
"6127f1d1246bace4" 12 7 3 1 11 3 277 3 34 3 0 3 0 208
"1a3a3e18d45297fc" 1 0 209
"bc6960d0c942f304" 3 0 10 0 210
"078661232f369087" 9 0 3 0 3 4 3 4 3 155 211
"2f81ba16ee14b8f8" 10 3 0 3 0 3 0 3 0 6 11 212
"10cd450843ae2b94" 9 4 3 6 3 4 3 6 3 0 213
"79ad2017705cbdde" 5 3 0 3 4 4 214
"ef12f9e05c4e2324" 9 3 0 3 0 3 0 3 0 1 215
"d2dc487a1f3b3fb7" 5 3 0 6 1 6 216
"a135a3571eae32ea" 4 15 11 3 0 217
"feea3e18d45297fc" 1 2894 218
"7c8f50b492855dc6" 6 3 0 3 0 4 0 219
"71254a14ed22b5ea" 6 4 4 11 11 4 4 220
"7a5b89349e2ebba9" 10 3 0 3 0 3 0 3 0 15 11 221
"a6eee34f96c0d1ca" 5 0 10 0 3 0 222