"e61c7f2f4189a391" 1 0 0 1
"e8eafcd54f1a6817" 2 1 2 1 1
"550a1f8edbdca427" 1 3 2 1
"2aae4409b4a85aa3" 1 4 3 1
"fe4389739d640030" 1 5 2 1
"c3f7beed6630b5bc" 1 6 4 1
"989ce3684ffb5b39" 1 7 5 1
"6d3129d228c701c5" 1 8 6 1
"32e55e4df093b642" 1 9 7 1
"078a83c7d95f5cce" 1 10 3 1
"7394fe39cb4b4fd0" 2 6 2 4 1
"c1a15145ef975f31" 3 11 12 13 0 1
"8c936fc916cc6a10" 2 14 15 1 1
"5b07a24c928d245a" 3 16 16 17 1 1
"33981a2e96b7698b" 2 18 2 1 1
"525462e589696f7f" 1 19 0 1
"314a2abe54c625f1" 2 20 16 5 1
"fb9dccca3bf0ca88" 1 21 8 1
"78e9787a3adb12c9" 2 22 2 9 1
"95e637bfec881691" 1 23 10 1
"6a8b6c2ac554cb1e" 1 24 2 1
"3f20a1a4ae1071aa" 1 25 0 1
"6c5ae9d0c3f480a3" 2 1 26 11 1
"d8790c8950b7cca3" 1 27 2 1
"ad1e310439737230" 1 28 12 1
"72c2767e024f18bc" 1 29 2 1
"4767abe8ea0bcd39" 1 30 7 1
"1c0cd063c3d673c5" 1 31 4 1
"e0b016dd9c922942" 1 32 10 1
"b5554b48756ecece" 1 33 0 1
"38ed936f05483c64" 2 34 2 2 1
"8d363776fd456aff" 2 35 2 13 1
"2443eaa700c1df54" 1 36 2 1
"f8e71022e88d75e0" 1 37 4 1
"cd8c459cb1592b6d" 1 38 7 1
"92318a079a15d0f9" 1 39 0 1
"88e0bd358fb49717" 2 19 2 0 1
"18ef29d97a7641c9" 2 40 2 2 1
"bbb0b4a92a45591e" 1 1 14 1
"3c7ae4fb4cac2cf2" 1 41 11 1
"012f1a662578d18f" 1 42 1 1
"d5c35fd00e34870c" 1 43 2 1
"90d36cff71c9a01a" 2 44 6 1 1
"7f0db9c5bfcbd215" 1 45 12 1
"f7e1ce44efa4561f" 2 46 2 2 1
"195624ba61633e1e" 1 47 2 1
"edfa59254a2fd3aa" 1 48 15 1
"b2af8e9f13fa8927" 1 49 2 1
"8744c31afbb63fa3" 1 50 2 1
"5ce8f884d482e430" 1 51 10 1
"219d2efead4e8abc" 1 52 2 1
"91e070ac734d0393" 3 2 53 6 11 1
"2391e46351dee33e" 2 21 2 1 1
"72948bec17fcb78b" 2 54 2 9 1
"9f7bcd5e38a19b42" 1 55 2 1
"7747a0dd525322e9" 2 1 15 1 1
"642003d8117d31de" 1 56 2 1
"39c43843f939e65b" 1 57 8 1
"0e696dbdc2059cd7" 1 58 2 1
"d21e9238abc04264" 1 59 8 1
"a7b2d7a2849ce7e0" 1 60 2 1
"d4ec10ee996107e9" 2 1 61 1 1
"939269ce561d3a8b" 2 0 2 0 1
"87b0f9e457543b02" 3 16 62 2 11 1
"57d52ec469b37fa8" 2 44 34 1 1
"16a077021fefe876" 1 63 2 1
"ea45ac7ce7bb9ef2" 1 64 0 1
"bfe9d1f6c087448f" 1 65 2 1
"9d3d6c31433edf4d" 2 32 2 2 1
"849e0761a943f90c" 1 66 7 1
"b51e6582885a4498" 2 65 67 2 1
"dc39ddffb3733e4d" 2 68 2 2 1
"f28ca6c034a6fa91" 1 69 2 1
"77e9052e858d8a64" 2 70 2 16 1
"fd445c2250c88b71" 3 2 71 2 11 1
"617a4620cef9fb27" 1 72 -1 0
"361f7b9a97c5a1b3" 1 73 -1 0
"44b1fe3098978891" 1 46 -1 0
"0bb3b01570915730" 1 74 -1 0
"df58e58f495dfcbc" 1 75 -1 0
"a40d1bf92229a249" 1 76 -1 0
"ac343eafd3c8cd45" 2 77 2 -1 0
"4e4685eed3b00e42" 1 78 -1 0
"13faba59bc7ca3de" 1 79 -1 0
"e79fefc39548595b" 1 80 -1 0
"7c570d1d5d589d6d" 1 61 -1 0
"bc34254e6e040fd7" 1 81 -1 0
"37ed201360f9a41f" 2 82 2 -1 0
"00b5b025cdc1fa27" 2 83 26 -1 0
"2b22c4adf867007d" 1 84 -1 0
"ffc6f918d133b5f9" 1 85 -1 0
"c47b2f82bafe5b76" 1 86 -1 0
"9910640d83ca0103" 1 87 -1 0
"6eb499776c86b68f" 1 88 -1 0
"3369cee145526c0c" 1 89 -1 0
"080ef36c1e1e0298" 1 90 -1 0
"dca239d6f6e9b715" 1 91 -1 0
"a1576e41dfa56d91" 1 92 -1 0
"76fb93cba871132e" 1 93 -1 0
"f87e7f0fa65350b2" 2 2 94 -1 0
"10450ea06a096e27" 1 95 -1 0
"55ee874292f6a4d7" 2 96 46 -1 0
"b98e68951c90c930" 1 97 -1 0
"8e23ad00f46c6fbc" 1 98 -1 0
"53d7d28acd281549" 1 99 -1 0
"287c08f4a6f3cac5" 1 100 -1 0
"864e624cf2ed00e1" 2 46 15 -1 0
"fc114d6f7fbf6052" 1 101 -1 0
"c1c572e9588b16de" 1 102 -1 0
"966aa7543157cb5b" 1 103 -1 0
"6b0fdcce0a1371e7" 1 104 -1 0
"30b31249e2ee1764" 1 105 -1 0
"055847b3cbaacce0" 1 106 -1 0
"d9fc7c2e9476727d" 1 107 -1 0
"ae91b1a87d3228f9" 1 108 -1 0
"7346e613560ecd76" 1 109 -1 0
"fb37d439a9e691a2" 2 110 2 -1 0
"a26e05ae60449f9f" 2 111 112 -1 0
"b6d8bbecb92d7498" 1 113 -1 0
"319833854d0b4ad0" 2 114 2 -1 0
"19a12352f605ef49" 2 16 42 -1 0
"502226d17bb4df91" 1 115 -1 0
"25c65b4c4480852e" 1 116 -1 0
"41b1098c97b368d1" 2 23 26 -1 0
"f96b80c62d4c2baa" 1 117 -1 0
"90fc3c09b42e210d" 2 118 44 -1 0
"93b4faabded386b3" 1 119 -1 0
"68592026b7af2c30" 1 120 -1 0
"3dfd5590907bd1cc" 1 121 -1 0
"02a29a0b69378749" 1 122 -1 0
"d647cf7542033dc5" 1 123 -1 0
"abebf4ff1bced252" 1 124 -1 0
"343505f99dbc6573" 2 125 47 -1 0
"740c4b659c428c08" 2 126 26 -1 0
"9d979970af3a7dce" 2 6 44 -1 0
"1ad9945fa522e3e7" 1 127 -1 0
"9b3d8598e981c0a2" 2 128 2 -1 0
"b3230f3467b93fe0" 1 129 -1 0
"88c734be3085e47d" 1 130 -1 0
"5d6c692919419af9" 1 131 -1 0
"136a5f9488d3a921" 3 16 19 2 -1 0
"45356fd4dc563e5b" 1 126 -1 0
"2211ae93f11d3086" 1 132 -1 0
"f6b5d31ecad8e503" 1 133 -1 0
"8bd87fe1d81f0869" 2 134 135 -1 0
"f458b507b18db523" 2 44 100 -1 0
"65a3737d553ce698" 1 136 -1 0
"92ddbba97a010691" 2 1 137 -1 0
"0fecdd5217c342a1" 1 138 -1 0
"d39113dcef8fe72e" 1 139 -1 0
"051171fdce9642ba" 2 65 140 -1 0
"7dda7db1a1274337" 1 141 -1 0
"f5e1e7ab86083764" 2 142 2 -1 0
"1724e7a653be9e30" 1 143 -1 0
"2feeb2c17b4b4d4e" 2 144 15 -1 0
"b07d429b0546f949" 1 145 -1 0
"85128706ed02afc5" 1 146 -1 0
"826b60b3e8c36829" 3 16 46 2 11 1
"5ab6bc70c6dd4552" 1 147 -1 0
"3d466d3ff324a334" 3 148 149 150 -1 0
"9d49815a2afcfb64" 1 151 17 1
"62fdb6c403c8a1f0" 1 152 18 1
"3792fb3fdb84577d" 1 153 19 1
"0c3721b9b4500df9" 1 154 20 1
"d0eb56249d1ca286" 1 155 9 1
"a5809b9e66e75803" 1 156 1 1
"7a25c0194fa30e8f" 1 157 21 1
"4fc9f583287fa31c" 1 158 22 1
"147e2bfdf04b5998" 1 159 23 1
"e8136078d9070f15" 1 160 24 1
"bdb795e2b2d2b4a1" 1 161 25 1
"826cca5d8b9e5a2e" 1 162 26 1
"570100d7646a00ba" 1 163 20 1
"2ca535424d26b537" 1 164 20 1
"70903a6af39a88de" 1 125 -1 0
"f05a6abc16f16bb3" 1 165 21 1
"c5fe9f27febd0140" 1 166 2 1
"9a93d4a1d789b6cc" 1 167 18 1
"6f380a1ca0556c49" 1 168 2 1
"6618b57ac290b01c" 2 42 169 11 1
"0981740162ecb752" 1 170 17 1
"dd26a97b3ba86dde" 1 171 27 1
"a2dadee51474136b" 1 172 28 1
"777f0460fc30c8e7" 1 173 29 1
"4c1449dac50c6e64" 1 174 2 1
"11c87e45aec714f0" 1 175 17 1
"e56da3cf7793c97d" 1 176 20 1
"ba02e83a506f6ff9" 1 177 20 1
"8fa61ea4392b1586" 1 178 3 1
"545b432f02f6ca03" 1 179 22 1
"29ff7899eab2709f" 1 180 20 1
"fd94bd04c38e161c" 1 181 18 1
"927a3329ccb77a24" 2 156 182 2 1
"97ed18f875167125" 1 183 17 1
"6c825d635ed127a1" 1 184 20 1
"313782ed27adcc2e" 1 185 18 1
"06dbb758007972ba" 1 186 20 1
"da70fcc2e8352837" 1 187 17 1
"af15224db101ddb3" 1 188 17 1
"74c957b79acc7340" 1 189 6 1
"557ea803a52f3bde" 2 24 182 2 1
"496e8c22739829cc" 1 190 30 1
"1e03c1ac4c54de49" 1 191 20 1
"e2b7f617252084d5" 1 192 29 1
"b75c2c810eeb2a52" 1 193 31 1
"8cf0610cd6b7dfde" 1 194 29 1
"51a59676bf73856b" 1 195 18 1
"8065e91403110f9a" 1 2 21 1
"4f6d1111b5e1963e" 2 196 197 11 1
"e366c286fe066ee9" 1 16 22 1
"274496f7e7d6c637" 2 16 15 2 1
"cf8336d54ad686f0" 1 198 20 1
"94386b4023a23c7d" 1 199 17 1
"69dc90cafb6ed10a" 1 200 17 1
"3e71d535d43a8786" 1 201 20 1
"03260bafadf53d03" 1 202 20 1
"d7ca302a86c1e29f" 1 203 28 1
"ae8c314e35361ee6" 2 161 46 11 1
"ac6f65946f8d881c" 1 204 17 1
"7114aa0f38593e98" 1 205 20 1
"1e64d726e2ef76c0" 2 81 81 -1 0
"46b8df791125e325" 1 206 20 1
"23ef0edfbb7d977b" 2 16 207 11 1