"bd9377bc7331e9d9" 4 3 0 3 4 0 2
"f4781ff672aac2c5" 3 3 0 0 1 6
"2aae4409b4a85aa3" 1 4 2 29
"45c422a876f872a0" 5 3 4 3 0 0 3 1
"d4b39ea3dc18ca23" 5 0 0 3 4 0 4 1
"cbeb70d5fb4ff68a" 5 0 218 429 3 0 5 1
"3ac97d4316ce7bf3" 3 3 4 0 6 5
"83d2315d1470cf0c" 4 0 0 3 0 7 1
"4f0f05b54f909478" 5 3 0 3 0 4 8 1
"bd8c324078c2096f" 4 3 15 0 0 9 1
"0121bb983d1e78ae" 4 0 3 0 0 10 1
"cda855ce7d3cd1f0" 5 3 4 3 4 4 11 1
"77195dcad1f15043" 1 685 12 1
"4cbd8245babdf5cf" 1 686 13 1
"aeeb75a79451c452" 7 3 0 3 0 0 0 0 14 1
"1f9ce2a0bdd7ac06" 2 10 0 15 5
"e61c7f2f4189a391" 1 0 16 10
"85d9a8796387608e" 4 10 4 3 34 17 1
"babc6985cc1cb045" 3 0 3 4 18 1
"2dd49ee8c2cb1047" 2 3 4 11 3
"772a94bb59fc0a23" 3 0 3 0 19 1
"c6650627879f662e" 4 0 0 3 4 20 2
"f31e016fcdfe1e37" 4 1 6 3 4 21 1
"c17c895e15a60d1c" 4 3 4 0 0 22 2
"2d1e2dd3476bd791" 3 3 0 15 5 3
"e8dfcdc90a2d1438" 4 38 3 0 0 11 1
"a9241638061b6a02" 3 10 0 0 23 4
"de9cf07a0c4390ab" 7 0 3 0 3 0 3 4 24 1
"1031aea9502adf05" 5 4 0 3 4 0 25 1
"37d45728497bc725" 5 15 3 0 3 0 26 1
"ce4ae104342e3912" 7 3 0 3 15 3 0 0 27 1
"32ccc2d2b4320479" 5 3 50 0 0 0 28 1
"46721ae4d04231ec" 4 0 3 4 0 29 2
"83f550fef9a57b5a" 4 38 38 3 4 30 1
"380be3d0e5c979d7" 3 3 0 4 31 2
"ead2aaeadea282ab" 3 31 3 4 32 1
"e5503758540d1959" 7 3 0 3 0 4 0 0 33 1
"070bb34abea8a3a9" 5 3 0 15 4 0 28 1
"20097dd3c713f2e3" 5 15 15 3 15 0 34 1
"ae14285854ae02b7" 4 38 0 3 4 35 1
"9f3ef9df855dfe5e" 8 3 0 3 0 3 1616 3 0 36 1
"41dd9e287f959694" 5 3 0 3 4 0 37 1
"8a08d7ad55faa815" 4 3 0 0 0 14 4
"eafd9549242d8b2e" 9 3 0 3 0 3 0 15 0 0 36 1
"f949fed9a485ee72" 2 0 0 38 5
"a26ac7c9d76b09d2" 6 4 0 3 4 0 0 25 1
"e942c91f5f9c6925" 2 3 0 39 6
"0c7c30ebdb71ed56" 5 3 0 3 0 0 33 3
"542544dd41e1c9d6" 4 3 1 0 0 40 1
"453dc416c023b908" 8 3 0 3 3 6 0 0 4 36 1
"e91e69d2fd818ae6" 7 3 0 3 2101 3 0 4 24 1
"d891414328cff5b2" 5 0 3 4 4 4 41 1
"f36c892c2a8bc750" 8 4 3 1 3 4 3 0 0 36 1
"fb78226fc29eae21" 2 10 6 42 1
"84d9d5b5b803d107" 3 1 3 4 43 1
"22814e5642b5c5f0" 6 3 0 3 4 0 33 44 1
"440ddeba9f90dc1d" 6 0 0 3 2303 3 2304 45 1
"34bd6af7e72f04dd" 5 0 0 3 34 0 46 1
"7c73b3775f0f1fdb" 11 3 0 3 0 3 0 3 0 3 4 0 33 1
"65e182b7e0016f56" 6 0 0 3 4 0 0 47 1
"3243a1beff203a26" 9 7 0 3 0 3 0 4 0 0 36 1
"3f9a5d2648a997b0" 2 4 0 48 2
"ea3ea78bd31d004a" 7 3 0 3 0 3 57 0 33 1
"c0e07ce6875023be" 5 7 3 0 0 0 49 1
"2c62a2a37d4cca4a" 4 38 3 0 4 35 1
"7a01a2e2101233c7" 4 3 0 3 0 33 3
"a4750521082e6713" 3 3 15 0 50 1
"59db37cf8f14a9e3" 10 10 3 0 3 0 3 0 3 0 0 51 1
"f408296d33ec3ed0" 4 3 4 3 4 52 1
"4668d4e1c6cf525d" 7 3 0 3 0 6 6 6 53 1
"6f6860c6509c5881" 3 7 3 4 54 1
"258e7cbfc9f546d6" 4 10 4 3 4 55 1
"2dfdba3ad579341a" 5 1 3 0 4 0 56 1
"e7f4fb32862db2f8" 5 6 1 6 15 0 57 1
"f3e4c5044badc71f" 5 3 15 3 4 0 58 1
"d6a258d56c9af23d" 9 31 0 3 3 0 3 0 3 0 -1 1
"efacf813aac9592c" 4 3 0 254 0 -1 1
"9edecca0c89aa44d" 6 4 1 6 3 0 0 -1 1
"3e80354dea7f2363" 4 6 3 33 0 -1 1
"9f52306739f312f4" 5 0 0 3 0 0 -1 1
"5348724d1ec0aab3" 6 3 0 3 4 0 0 -1 1
"723d2200bbc84ec2" 2 4 4 -1 3
"ed31d328dfe3119f" 3 15 3 4 -1 1
"9e85fc221db72436" 5 3 15 3 6 0 -1 1
"12401c4fc0dea0cc" 5 3 57 0 15 0 -1 1
"fc4e24ff7aaca3bf" 6 3 4 3 3 0 15 -1 1
"19495c6c51d0426b" 5 0 3 0 0 0 -1 1
"4f6f50ab7c5b7771" 6 3 0 3 0 3 4 -1 1
"c91d44715b667842" 3 3 0 1 -1 1
"cd8c459cb1592b6d" 1 38 -1 1
"d75643e482aaaddf" 4 6 15 3 4 -1 1
"31d6696d2abc1147" 5 3 0 3 7 0 -1 1
"1635e4c3a5cc0bd3" 4 3 0 38 7 -1 1
"1a5269ef80f4d6eb" 4 3 13 0 0 -1 1
"37bbc0793d66b539" 6 10 0 3 0 3 0 -1 1
"9f8e912c62232ae7" 3 38 3 4 -1 1
"baa53419b1bddfca" 3 15 0 0 -1 1
"9899d099b1f453f1" 6 3 0 3 4 4 0 -1 1
"3a05cdc7ea7e4d62" 4 3 0 15 0 -1 2
"44e8d8053dd61d63" 7 3 0 3 0 3 0 15 -1 2
"0cdc8bc1193cc06f" 6 3 0 3 0 3 0 -1 2
"be8e466c19a86e2a" 3 4 3 0 -1 1
"9c4ed414c2af5826" 7 3 4 3 0 3 0 4 -1 1
"a946e4043a0983df" 2 15 0 -1 2
"efbd067bf33d4962" 3 6 1 15 -1 2
"cde460ed66871d0c" 5 15 0 3 0 0 -1 1
"b338d2740926b929" 4 15 3 0 0 -1 1
"f5806979a074f0d3" 6 3 0 3 0 38 0 -1 1
"cb6ff3d98e637493" 12 3 15 0 3 0 3 0 3 4 0 0 0 -1 1
"12f7d7fb246d7ef0" 2 3 15 -1 1
"e811463899a43498" 5 3 277 1 3 0 -1 1
"ceed24548d41940f" 2 0 1 -1 1
"2a68703be4f792f9" 3 3 0 31 -1 1
"23a689c1ff9996ec" 6 0 4 0 3 0 4 -1 1
"a4d1e8427fc25d85" 4 6 0 3 4 -1 1
"ba5862ea9a1089f1" 7 3 15 3 4 3 15 0 -1 1
"07cde7aab8cab55a" 4 3 4 4 0 -1 1
"9b41b687a12c8739" 4 7 3 4110 0 -1 1
"2e213c16ad41dc66" 4 38 3 4 0 -1 1
"5b913ec41e27f6a8" 6 0 3 31 0 0 0 -1 1
"cf5936f9f81f5153" 4 3 0 4 0 -1 2
"cd9aac77c81a5f27" 4 3 0 0 4 -1 1
"50ea3b6fb07164d1" 7 0 0 3 0 3 15 0 -1 1
"1c33ca2868160897" 7 3 0 3 0 3 0 0 -1 1
"7122743874090201" 5 1 6 3 0 31 -1 1
"989ce3684ffb5b39" 1 7 -1 2
"8fbafba17bb9c527" 4 4 3 4 0 -1 2
"dadf306dbcf527d6" 5 4 0 3 0 0 -1 1
"558bace4039d9cd1" 7 3 0 3 4 3 0 0 -1 1
"63f99f2c97a708ab" 13 3 0 3 0 3 0 3 198 3 4 3 0 0 -1 1
"1cd3c09c5e1546bc" 6 3 0 3 0 0 0 -1 1
"11bf007a7ea0ba07" 8 3 4 3 0 3 0 3 4 -1 1
"4ac0b21e5ba7f051" 3 3 1 0 -1 1
"eb64cab98bbb6ece" 7 3 4 3 0 0 0 0 -1 1
"ba666d2467a41175" 2 38 38 -1 1
"317c91105ecead8a" 5 3 0 3 0 31 -1 1
"3722552bbbea66ad" 11 3 0 3 0 3 0 3 0 3 0 0 -1 1
"b5554b48756ecece" 1 33 -1 1
"9ee440ec4f684ff4" 7 3 0 3 0 0 3 0 -1 1
"2e7dc00721550b5f" 6 0 0 3 0 0 0 -1 1
"edd5beb9d1ccc743" 2 10 33 -1 1
"466db93a4ea23ea4" 5 3 31 0 0 0 -1 1
"5d1598cdd2343163" 6 6 4 3 38 3 4 -1 1
"9e25fa5b08bc9a11" 5 3 0 0 0 0 -1 1
"eb52a7aa8d03fc00" 5 38 3 0 3 0 -1 1
"11b0b476abf5a65a" 6 0 3 0 3 0 0 -1 1
"45e2e06a41cee667" 8 10 3 0 3 0 3 0 0 -1 1
"8cb3f81f718c9d32" 13 0 3 3 0 3 4 3 0 3 4 3 4 0 -1 1
"8a7f6c0d966c0129" 5 3 0 3 0 5000 -1 1
"2de2f5ffad6acc17" 2 6 5001 -1 1
"ad2dec51e67e99d2" 4 0 5002 3 0 3 1
"6d3049eeb330aaf8" 5 5022 3 0 3 0 59 1
"b65b4ce71e89f700" 12 3 0 3 0 3 0 3 0 3 0 3 0 60 1
"a6fce50b8e62f24b" 7 3 0 3 15 3 15 15 61 1
"eb853201e8f0051a" 4 3 0 15 7 62 1
"94f3375d442346b1" 3 6 1 6 21 1
"34225eb8a042f232" 5 3 0 3 0 15 63 2
"5bc6593d288b3b77" 2 15 7 2 1
"7ba0401670450de9" 4 0 15 31 0 1 1
"57493648c781373f" 2 7 15 64 1
"cdf606d7a22c4007" 7 3 0 6 1 3 15 4 65 1
"1fb19d0c164ab86d" 1 15 66 3
"bf92dab30de831ba" 9 3 0 3 0 3 0 15 0 1 67 1
"e7081f0c78f6f0d1" 4 3 0 7 15 62 1
"f70f44d6cddf662f" 4 3 0 4 15 62 1
"184f4da589275030" 5 3 0 1 15 0 68 1
"22f28c1f4eb02399" 10 3 0 3 0 3 0 3 0 3 0 69 1
"0df9ebd99fe63c11" 38 3 0 3 0 3 0 3 0 3 0 3 0 3 0 3 0 3 0 3 0 3 0 3 0 3 0 3 0 3 0 3 0 3 0 3 0 3 0 70 1
"9ff6366e784cc4e1" 40 3 0 3 0 3 0 3 0 3 0 3 0 3 0 3 0 3 0 3 0 3 0 3 0 3 0 3 0 3 0 3 0 3 0 3 0 3 0 3 0 71 1
"34f1c0e3250b89ec" 1 5545 2 1
"ac7cdbf5115e85e6" 6 33 0 1 1 0 0 72 1
"16210549ca9f6962" 2 3 79 73 1
"c3f7beed6630b5bc" 1 6 74 1
"dbe8e464e27a4a91" 3 3 0 38 75 1
"053f0c0dd16f39e5" 43 3 0 3 0 3 0 3 0 3 0 3 0 3 0 3 0 3 0 3 0 3 0 3 0 3 0 3 0 3 0 3 0 3 0 3 0 3 0 3 0 3 0 1 76 1
"5f96272d5184d2f8" 8 3 0 3 0 6 1 3 0 72 1
"d4cd66517a9d1376" 9 3 0 3 0 3 0 3 15 0 62 1
"ed31506302671949" 5 3 0 4 6 15 62 1
"bdfca415d9f3950e" 5 3 0 3 0 7 4 1
"6a0a6d18ca29bd6a" 4 3 0 6 0 1 1
"8e9bcc48d71b0733" 4 3 0 7 33 62 1
"3fc871acc90392f5" 101 3 0 3 0 3 0 3 0 3 0 3 0 3 0 3 0 3 0 3 0 3 0 3 0 3 0 3 0 3 0 3 0 3 0 3 0 3 0 3 0 3 0 3 0 3 0 3 0 3 0 3 0 3 0 3 0 3 0 3 0 3 0 3 0 3 0 3 0 3 0 3 0 3 0 3 0 3 0 3 0 3 0 3 0 3 0 3 0 3 0 3 0 3 0 3 0 3 0 3 0 15 70 1
"4742018d72a8b1e1" 2 10 15 72 2
"4721d71b1b5a068f" 3 3 0 57 3 1
"840736a98cf19182" 4 3 0 7 1 62 1
"32f9b1e993a998e6" 10 3 0 3 0 3 0 3 0 0 0 70 1
"a6f88330702d7a6d" 3 3 0 7 62 1
"a8ead3a3cb58adbf" 7 3 0 3 0 0 7 1 72 1
"0a8beb7be3f89211" 7 3 0 3 0 1 6 7 72 1
"bf06198b3733bb27" 7 3 0 3 0 6 0 1391 8 1
"53bdc773bd035689" 4 3 0 89 0 77 1
"63d920d5e08840ad" 5 3 0 0 0 1 62 1
"e2fc06494c416532" 5 3 0 3 0 38 75 1
"2cf6a228a8412e64" 12 3 0 3 0 3 0 3 0 3 0 254 0 78 1
"9c5a8e677c0b6808" 4 3 0 38 15 75 1
"709ee3fa603506dc" 29 3 0 3 0 3 0 3 0 3 0 3 0 3 0 3 0 3 0 3 0 3 0 3 0 3 0 3 0 7 70 1
"f08ac067c53957fb" 3 7 3 1 21 1
"46376c2b1ab2c0be" 8 3 277 3 34 3 0 3 0 62 1
"9ba94a8907b3e9a8" 9 0 3 0 3 4 3 4 3 155 62 1
"02acbfe50ac08044" 9 3 0 3 0 3 0 3 0 6 72 1
"6f24eb023c7e38b8" 9 4 3 6 3 4 3 6 3 0 72 1
"84607302e2c44da6" 5 3 0 3 4 4 62 1
"f965b5a1cdd524a5" 9 3 0 3 0 3 0 3 0 1 62 1
"abf75832bdf95152" 5 3 0 6 1 6 74 1
"4e3b9828e612afa0" 1 2894 72 1
"51352fd8f149feea" 6 3 0 3 0 4 0 62 1
"5d669e04b9da83f4" 9 3 0 3 0 3 0 3 0 15 62 1
"aa87f535a62b3bbd" 4 10 0 3 0 79 1