"a126527576208c0f" 42417 10422 140090
"380172f126bbe414" 19524 46754
"877d49825a3169e6" 57092 84243 35668
"16fcebb1eb1ddcf8" 43174 153606
"dfb4f4fb128b5674" 179279 16641 182080
"cbc80f512eccb314" 110394 152285
"c2304416fb4b493f" 150825 143978
"08dee62be159f826" 34650 29185
"727a19a0c431e361" 159432 50066
"4571fd5325a4394d" 11498 12165
"7f5cb4467e1cfc9f" 174972 180362 179664
"3f8a1ade9c22479c" 86370 169598 125586
"8960ec491ca9ab3d" 13053 183570
"6edc0a0bc8178929" 164771 87666
"26bc952870a59068" 164555 66790
"bcf5bd776683665f" 34974 187096
"b76144afecce8073" 97071 111083
"39c63e2ce3d1a477" 69761 92761
"cc400eabc48089b5" 12894 103710 54255
"b6469dd38b1e629e" 46586 172748
"8b46146e58b83ac1" 67835 25036
"51db296eb6502aa4" 53107 143578 97615
"db3880ed70c57a58" 177961 184571
"e35ebd5531c8a54f" 87393 108957 92083
"a45b3dcb1cfaeb65" 163402 144876 36267
"292709f330afcd45" 125143 164474
"a591f1844d0f2343" 21890 46210 8869
"d0057542a28b61d2" 105665 40595
"22aba28531f265c5" 18562 103835
"e76fde218bc131d0" 21724 71397
"4ba093b467c863fd" 66962 26717
"55097346ba084d73" 13042 34846
"7f1457666e3ed4bf" 131797 136313
"948cad6809ff1117" 26746 153130
"499d75b8437f2a04" 16768 183665 112462
"204e70384fc5467b" 42428 127241
"a555e4286053f56e" 118534 103199
"eca813ac57615629" 16638 184571
"8c879dd38b1e629e" 46586 177961
"913b26932e298962" 66962 16638 49288
"61b6d6e948e4e4d6" 105665 84725 92083
"751a112e513ada35" 106451 53107
"eb910cf12c614fb5" 136313 144876
"12dd71741045d096" 163402 164474 172748
"37281fe44d009d69" 49288 34846
"d173464cb91190d0" 112462 21890 42428
"b8e3767ddb567eb9" 108957 71397
"9c719dd38b1e629e" 46586 153130
"0744072abb605f23" 143578 183665
"a2607f29f7bc5f5a" 172748 87393
"8e3e1f6009bd674f" 103835 21724
"a8cf118a6ce7f536" 12894 125143
"1661847986e11221" 49288 26746 34846
"945d83b467c863fd" 66962 13042
"6ef4d4286053f56e" 118534 36267
"589b8952a55d5d92" 26717 112462 87393
"4c1f66fb6c4171f6" 92083 16768
"c572b28531f265c5" 18562 131797
"24b9b91709ebe49a" 103710 25036 97615
"936c667ddb567eb9" 108957 40595
"51083f6009bd674f" 103835 127241
"eadcf65af9f16942" 12894 46586 8869
"58a9a629483aaceb" 26717 103199
"c8c5fcff29952330" 175065 143578
"ff65260f065835d6" 54255 25036 40595
"c32e6b3ec8c91b86" 183680 20815
"b92ee3eed6fd2fa5" 61599 50783 17352
"6282611e13652fbc" 42170 71367
"d1e19c18b364f4a1" 13654 41848 128630
"2b6581b91aa5b895" 105655 166970
"991b59cdbcef32a3" 164860 91488
"c3b988338f502fd7" 116208 61599
"9591f076d774bc06" 128630 6766
"f854bc7833aded9f" 170961 48776 30565
"ef4354085cda0d1b" 124051 13658
"d6c92eb0d57d9a1b" 19683 72889
"0600c20b1b50d1cc" 65757 6778
"aecf3e4d7336485f" 14796 123169
"4c2f6caee1ae2fe0" 65765 47734
"1d8e9d803c891e26" 36250 146169 169593
"966f88ea8bb8de14" 108816 178988
"d7ac823d154362ba" 131458 65782
"1a4eb6f2bbe6f972" 50983 128633
"c035bbdc589539e2" 85694 128633
"f7cd3c64925d0846" 13197 9855 16878
"be85e13db433d939" 55531 27343
"4b4f2e4d7336485f" 14796 55531
"4e5c118bca86da59" 54160 180775
"515ed8f0b54f0bda" 61157 71367
"815ee3f005c234a1" 61599 47734 13658
"96fcd20114f048bc" 9855 108816 169593
"ec6cc83dd10d92df" 13654 27343 164860
"e64729304737aafc" 83124 65757
"365407993a6c3aba" 41848 17352 166970
"de82057078f69fc5" 65782 131458
"4b0ed567d15f49ac" 50783 180775 146169
"d3a255683080b2d8" 20815 48776 65765
"61ea611e13652fbc" 42170 105655
"b5ba6b3ec8c91b86" 183680 6766
"b47b7362596de9bc" 6778 178988
"5c0e64085cda0d1b" 124051 123169
"4be8c9f8f5afb94e" 170961 65757 146169
"8ab95473865a112a" 54160 61599 164860
"216cf076d774bc06" 128630 50983
"905768ea8bb8de14" 108816 14796
"e4ce17c418507f05" 75747 36250
"43bc3582c774d05a" 116208 16878 30565
"c0d1e8f0b54f0bda" 61157 85694
"49f20de5d1b7c98d" 65765 72889 169593
"6ee1d06aa823781f" 71367 13654 91488
"5af65a3bf6aa4c68" 13197 27343
"40691612877f92dc" 65757 55531 50983
"e12bbcc3d3538fa5" 161409 131556
"14be079f2498f7ab" 5872 58276
"5291725f3a45eece" 107055 17903 56306
"f9f8ea9a5b6feabe" 134484 164846
"f6b1ab56a7c347f9" 87615 13071
"a1f1a835bf1e56d2" 78784 19693
"c302e6939f2a2156" 125911 84260
"22f8607ce818aff0" 129963 66277 128789
"97efad7a0fbc63bb" 143985 157455
"370aadbfbcd1d699" 37897 48721
"255e543434cf32b2" 152494 44175
"98ec68284991cfa4" 14669 90994 29985
"d479d848d7c7f8c6" 147239 168229
"1b5656791140211e" 48730 24370
"b507edb7f1509379" 128445 8981
"ae54745f02868f21" 121855 48721 19693
"37b29d7a0fbc63bb" 143985 37897
"56362fd07cdabf65" 74974 24370
"84a0ca590d3a9156" 29985 164846
"e5665e2e819f6e23" 56306 134484 44175
"86b3a5c8179bcee7" 13694 128789
"688cacde3bc8e597" 17903 8981 168229
"6865092d1f8d0809" 14669 5872
"ed26b3017801b2d7" 128789 84260 131556
"b08cc519d650c64c" 66277 128445
"f96869aac4182c90" 107055 157455
"a0e90d03e4e87c1b" 147239 58276 152494
"a463d6939f2a2156" 125911 24370
"0dcbe791d0775e3e" 78784 29985 48730
"ce8976ef154971c3" 128445 48721 161409
"cccc543434cf32b2" 152494 37897
"9e12be3d15d160ea" 17903 90994 44175
"8b71d048687f4813" 87615 121855 168229
"a12eb848d7c7f8c6" 147239 56306
"837495c8179bcee7" 13694 66277
"97ad56ab0769418c" 134484 143985 87615
"4abfdc4ca563f6df" 128445 128445 128445