"199fd7b5fc32272f" 40 290 153 154 229 1325 80 199627 192 16520 5012 36 107 71 80 166 4 13 199372 199627 120 14 1015 4 107 4 596 153 80 199627 229 74 2253 139 76 80 1267 453 60 192 1179 1191537 -1 -1 0 0 0 0 5 9 7 6 6 8 2 2 2 5 0 0
"1c75d5469312fd54" 23 4 153 4 996 28 488 80 28 29 13415 80 199627 184 102 60 3195 80 550 70 83 30 224 1179 1191538 -1 -1 0 0 0 0 6 7 6 5 6 7 3 2 3 4 0 0
"c025ac5196ee36a0" 50 127 51 4942 102 62227 80 229 18 19 248 60 80 199627 90 199375 4593 60 76 2283 90 460 60 70 199374 127 19 4033 60 1179 199627 369 844 120 286 855 51 9018 44 28 3073 80 199627 249 330 166 4758 30 3827 3601 1179 1191539 -1 -1 0 0 0 0 7 8 7 6 7 8 3 4 5 5 0 0
"8c55b760b34778eb" 29 369 114 1082 51 23383 866 51 8880 80 74 7 19 2364 206 80 199627 154 2258 236189 127 51 638 77 14 80 16520 454 804 1179 1191540 -1 -1 0 0 0 0 6 7 8 7 6 8 3 2 3 4 0 0
"fb52eec80bb7cbd8" 47 90 1112 16520 56679 80 54 566 11 5085 80 199627 127 103 2268 83 28 24694 80 74 7 36 61480 1179 199627 369 153 382 1840 102 550 30 24 77 28 1741 80 199627 2844 1043 44 382 23524 80 166 563 41 1179 1191541 -1 -1 0 0 0 0 8 7 8 7 6 7 8 2 4 3 0 0
"ef2872362fcdf319" 25 798 389 535 60 36 51 6183 80 229 74 2628 80 199627 184 114 61 70 621 80 344 70 369 12 46 1179 1191542 -1 -1 0 0 0 0 7 7 7 8 6 4 8 2 4 4 0 0
"5830f07fb8738e8e" 25 192 4533 80 200450 629 257 80 453 60 474 80 199627 4 1183 14 108 3653 80 460 14 51 1428 19 2919 1179 1191543 -1 -1 0 0 0 0 6 7 6 6 6 4 5 5 6 7 0 0
"b71fc07abb64c594" 27 120 88 153 154 4 7 88 80 6 20 4760 80 199627 330 70 153 28 5432 80 22 632 1501 369 3737 30 1121 1179 1191544 -1 -1 0 0 0 0 6 7 6 6 5 4 6 5 6 7 0 0
"db592718d6e512bd" 21 90 19 70 30 3076 76 848 80 234845 3274 80 199627 82 64 23669 80 146 1267 119 1262 1179 1191545 -1 -1 0 0 0 0 5 6 6 5 5 4 4 4 6 6 0 0
"dc800853f4714b52" 26 60 166 208 1262 456 173 49 14 80 344 51 4117 80 199627 4 146 484 955 815 102 14 80 1629 90 13 1179 1191546 -1 -1 0 0 0 0 8 8 7 7 6 7 2 4 5 5 0 0
"514888e437d87b73" 22 476 14047 44 30 3385 80 184 234845 60 6857 80 199627 184 200443 36 1238 80 229 74 234912 24 1179 1191547 -1 -1 0 0 0 0 5 6 5 6 5 3 4 4 4 4 0 0
"bd6a2a49eb78d669" 46 82 13793 102 28 3101 80 166 632 30 490 80 199627 4 56 20 51 12932 80 518 835 199372 199627 242 369 1617 19 470 36 1409 297 908 80 199627 768 242 369 83 30 474 2662 80 344 559 60 786 1179 1191548 -1 -1 0 0 0 0 7 8 6 6 5 4 3 7 5 7 0 0
"3cb2a323950fb495" 23 4 114 20 30 4065 80 74 7 19 2913 80 199627 11 1267 27 28 3355 80 58 184 114 5763 1179 1191549 -1 -1 0 0 0 0 6 6 6 6 5 4 4 4 5 4 0 0
"179d456dc22430e0" 20 1267 231 80 103 56 70 208 474 80 199627 394 382 8221 5669 80 590 453 103 1237 1179 1191550 -1 -1 0 0 0 0 6 6 6 6 5 3 2 3 4 4 0 0
"4ffbe8b3b680c6dd" 21 90 79 50179 80 590 879 271 867 80 199627 279 163 19 13 80 184 370 169661 271 11849 1179 1191551 -1 -1 0 0 0 0 7 6 6 6 6 3 3 3 4 5 0 0
"22fda88187582b1e" 23 352 2287 19 14 102 3397 83 28 745 45827 80 199627 255 12 61 382 80 807 28 6174 147 3792 1179 1191552 -1 -1 0 0 0 0 9 8 8 7 8 7 7 4 9 4 0 0
"17bd796568b985c4" 25 283 76 150 34 5014 80 550 206 19 707 544 80 199627 1871 3251 286 36 17 4018 14 80 518 330 13 1179 1191553 -1 -1 0 0 0 0 6 7 7 5 5 6 3 8 3 8 0 0
"d5e4a29a0af95230" 24 24 58 369 391 67866 80 277 19 27 28 139 80 199627 2358 120 14 7054 80 550 823 19 32 3906 1179 1191554 -1 -1 0 0 0 0 7 6 7 5 6 8 4 6 4 7 0 0
"079d5e1a0a722f4a" 21 90 330 166 520 80 192 369 185 2505 103 275 80 199627 466 78894 25204 80 174 396 7387 1179 1191555 -1 -1 0 0 0 0 8 9 8 6 7 9 4 2 3 2 0 0
"e8749e1903237020" 20 158 369 13 150 5329 408 89 1156 80 199627 24506 20 51 6791 80 1617 3491 1059 1156 1179 1191556 -1 -1 0 0 0 0 6 6 6 4 6 3 2 3 2 2 0 0
"c5a2b7f0bfced16b" 23 83 51 1431 23588 80 184 956 271 3186 80 199627 394 14 77 30 554 621 80 475 859 20 544 1179 1191557 -1 -1 0 0 0 0 8 7 7 6 8 4 4 3 7 5 0 0
"b50ddf36a98955f6" 22 279 83 531 287 80 249 352 1165 154 4165 1895 80 199627 205278 136 352 1267 27 382 29 2203 1179 1191558 -1 -1 0 0 0 0 5 6 4 4 4 5 5 3 6 4 0 0
"4f801a7a4d6d9f76" 24 550 70 178 30 82 44 30 3935 80 249 16520 511 513 150 2593 80 199627 199375 20 848 1501 30 176 1179 1191559 -1 -1 0 0 0 0 3 6 5 5 6 4 3 4 6 7 0 0
"a9e0c89376ca6fa1" 28 629 83 90 288 83 60 80 90 2369 28 2354 80 199627 518 566 184 199372 11 1418 271 29 1146 80 74 7 19 11582 1179 1191560 -1 -1 0 0 0 0 5 4 3 7 5 5 3 4 6 6 0 0
"c03540744e9c745d" 26 330 250 14 278 154 103 39 104 192 1899 80 199627 158 4 166 4758 51 246 102 1745 80 120 60 20 394 1179 1191561 -1 -1 0 0 0 0 7 7 8 6 7 6 3 4 8 8 0 0
"897e1111a7663e3b" 20 10300 83 51 26865 80 637 835 80 199627 90 17305 80 184 11 1267 208 49 30 490 1179 1191562 -1 -1 0 0 0 0 5 5 5 3 4 4 3 2 4 4 0 0
"2f71dc37dd5a689e" 27 83 154 369 460 28 6824 80 74 7 19 748 80 199627 369 127 154 4569 80 4 127 14 231 5929 513 369 5736 1179 1191563 -1 -1 0 0 0 0 8 7 7 6 8 5 3 5 7 6 0 0
"4e3259125651f7bd" 24 1024 80 350 709 2988 7612 80 199375 20 150 129 80 199627 158 4 185 8990 80 199375 212 4 19 21189 1179 1191564 -1 -1 0 0 0 0 7 8 7 5 7 4 5 3 7 5 0 0
"dc1c489028c79dcf" 27 158 4 96 370 70 154 4 114 80 90 173 808 1718 583 80 199627 114 4 5824 154 199372 257 80 859 146 35 1179 1191565 -1 -1 0 0 0 0 6 7 7 6 6 5 3 4 6 8 0 0
"c8e489af5b265f0e" 28 90 60 229 74 248 19 1628 80 184 1267 20 1618 2012 80 199627 146 629 151 80 255 1713 80 200450 453 103 1605 151 1179 1191566 -1 -1 0 0 0 0 8 7 8 6 8 4 3 4 6 7 0 0
"91d31b52ab322347" 25 44 103 6029 39 80 11 20 960 80 199627 90 456 30 1617 263 9247 80 1082 19 51 3056 90 630 804 1179 1191567 -1 -1 0 0 0 0 7 9 9 8 7 10 5 6 4 7 0 0
"18d6b538bfd9906b" 21 6 1028 541 4 13 80 199627 30 6824 127 406 80 550 17 255 559 60 786 19 20 1179 1191568 -1 -1 0 0 0 0 6 7 6 7 6 8 4 6 5 5 0 0
"09eeb64ceae6bc73" 20 4783 77 9163 49 297 3272 2272 80 199627 74 6951 80 11 277 19 32 83 28 6905 1179 1191569 -1 -1 0 0 0 0 8 5 6 3 3 7 2 4 2 3 0 0
"d3b32386fb301eab" 25 590 1368 72 150 490 80 200449 173 911 77 4355 80 199627 2241 114 4 1015 14 386 51 234858 6763 146 4553 199372 1191570 -1 -1 0 0 0 0 8 7 8 7 6 9 3 2 4 5 0 0
"d5f0006e2136ae8a" 25 150 517 11657 6153 28 92 80 199627 158 4 229 208014 154 275 80 34 150 29 4623 90 32 44 150 1022 1179 1191571 -1 -1 0 0 0 0 9 9 9 5 6 4 4 4 3 3 0 0
"903f6d7287db30c4" 23 70 103 306 5882 80 550 34920 14 89 80 199627 330 185 550 44 30 139 80 249 550 28 5228 1179 1191572 -1 -1 0 0 0 0 7 6 7 6 7 7 2 3 4 3 0 0
"2eb2d7a7b3b786c7" 28 158 369 780 28 29 4623 80 634 1028 550 590 999 80 199627 60 20 15399 44 80 369 22 120 845 283 1156 28 5737 1179 1191573 -1 -1 0 0 0 0 9 8 9 8 7 6 3 2 4 6 0 0
"51fb12a6f372d208" 26 456 369 229 406 80 369 153 860 928 14 80 199627 511 513 150 2593 80 271 4830 104 340 80 166 4 13 199372 1191574 -1 -1 0 0 0 0 8 7 7 7 6 8 4 3 5 6 0 0
"dcdb008f3f1dcc2f" 30 158 369 13 150 5329 80 966 70 178 30 82 90 30 4275 80 199627 44 30 3935 80 1409 30 22433 1010 80 550 70 30 1299 1179 1191575 -1 -1 0 0 0 0 7 6 7 7 6 6 3 5 2 5 0 0
"c656c6121a357f1b" 24 255 20 960 80 120 108 4096 20 150 5434 80 199627 456 369 229 406 80 352 835 369 229 51 20826 1179 1191576 -1 -1 0 0 0 0 6 7 7 6 8 8 4 4 4 5 0 0
"95aa4c238c2b9492" 31 1024 350 709 2988 7612 80 200450 283 1043 44 30 2651 80 199627 1525 14 1472 21946 80 200450 1394 19 271 29 3151 3455 80 518 566 184 199372 1191577 -1 -1 0 0 0 0 9 8 9 8 7 7 8 2 4 4 0 0
"4b57517b11d17d62" 29 216 286 49 3220 80 330 166 2346 770 80 1334 4177 80 199627 279 83 531 287 80 1334 11 227 44 30 1605 80 550 2601 1179 1191578 -1 -1 0 0 0 0 8 9 9 9 7 9 4 3 3 5 0 0
"083cc7696e15d696" 31 74 6951 80 28 246 104 340 80 369 457 60 83 28 6737 80 199627 158 4 166 4758 51 246 102 1745 80 58 550 634 19 630 1179 1191579 -1 -1 0 0 0 0 9 7 8 5 6 5 3 4 6 4 0 0
"350011812b725f01" 26 330 250 14 278 154 103 39 104 192 1899 80 199627 90 17305 80 408 139 89 1156 80 475 30 1160 4522 1733 1179 1191580 -1 -1 0 0 0 0 8 6 7 8 7 8 2 2 6 6 0 0
"b5de3b2b8c6ca8b1" 34 352 835 369 229 51 20826 80 28 246 104 6119 80 369 457 60 1331 80 199627 30 6824 127 406 80 16520 83 31 80 16520 1718 583 44 30 530 1179 1191581 -1 -1 0 0 0 0 9 7 8 6 6 6 4 5 6 5 0 0
"f52da753885e8d22" 40 34 150 4623 80 4 229 1267 185 199627 200449 83 154 80 369 460 4 28 6824 287 199627 3505 44 30 5882 80 18227 83 245 5755 199627 200449 184 2990 11459 80 344 559 184 235100 1179 1191582 -1 -1 0 0 0 0 8 7 9 8 9 7 5 3 6 2 0 0
"f7a24366ac922101" 21 4 114 2369 28 2354 80 550 1744 19 13 199627 369 146 629 151 80 255 1713 860 13 1179 1191583 -1 -1 0 0 0 0 8 7 7 6 6 9 3 2 3 2 0 0
"95ec052e0eea9ff2" 25 158 369 13 150 5329 80 199375 460 1957 51 463 199627 249 114 4 1015 14 386 3076 1267 1532 44 297 1877 199372 1191584 -1 -1 0 0 0 0 7 6 6 9 5 6 4 8 4 7 0 0
"8374efa41fd192d1" 22 352 1165 51 4165 1895 19 51 1132 1022 199627 158 4 229 422 154 275 80 4 1267 1058 92 1179 1191585 -1 -1 0 0 0 0 8 7 8 6 7 8 3 3 2 2 0 0
"9b64bc2e2051bae6" 23 369 629 408 139 89 1156 80 89 1156 3343 199627 288 83 103 2651 80 550 590 453 4 6425 406 1179 1191586 -1 -1 0 0 0 0 7 8 9 7 6 8 3 2 2 2 0 0
"a491aef438f925f0" 25 114 4 5824 154 80 114 4 106 30 2651 199627 90 60 229 74 248 19 1628 80 283 42 83 150 1059 1179 1191587 -1 -1 0 0 0 0 8 9 9 8 8 7 3 2 2 2 0 0
"d12db996ae3dfd4b" 18 330 166 520 770 80 1334 10230 4 13 199627 236190 83 51 26865 80 2990 4022 1179 1191588 -1 -1 0 0 0 0 8 8 8 7 7 6 3 2 2 2 0 0
"ab29a23c7751502c" 35 352 153 369 229 51 20826 80 127 28 706 83 22891 199627 1368 72 150 490 80 173 11 51 7710 199627 30 6824 127 406 80 16520 30 4044 77 30 3057 1179 1191589 -1 -1 0 0 0 0 9 8 8 7 6 6 4 3 2 2 0 0
"084bc887f1af1bdc" 21 255 20 960 80 2380 61 90 1342 199627 2952 3639 19 541 4 1629 80 6 120 8460 13506 1179 1191590 -1 -1 0 0 0 0 6 8 7 8 7 7 3 6 7 9 0 0
"1dbc02851889100e" 27 158 369 780 28 29 4623 80 199375 20 28 29 3120 199627 4 114 120 60 20 1662 80 16520 3504 42 102 24893 43567 1179 1191591 -1 -1 0 0 0 0 7 8 8 6 6 7 4 3 2 2 0 0
"6bcd5d6e8a8fef5b" 36 199375 1082 19 51 3056 80 2797 252 51 7795 199627 192 34 150 29 4623 80 768 283 76 77 28 92 199627 288 83 103 2662 80 16520 206609 1749 102 51 14467 1179 1191592 -1 -1 0 0 0 0 7 9 8 9 7 6 5 3 2 2 0 0
"ff647d8e1fc9eb26" 20 518 566 184 80 11 51 2500 1043 5106 199627 200438 150 517 11657 80 369 4438 106 226 1179 1191593 -1 -1 0 0 0 0 8 8 6 6 5 7 4 2 8 8 0 0
"fe34c93032822986" 30 158 4 96 370 70 154 4 114 80 6 120 60 208 19 2364 199627 232 10027 36 154 3172 80 630 54 3272 2272 44 8 1022 1179 1191594 -1 -1 0 0 0 0 8 8 7 8 9 6 3 2 2 7 0 0
"a8a6d25b1c7a5c96" 37 2505 30 275 80 184 2441 271 29 2568 199627 394 14 77 30 554 621 80 74 511 2659 25 8 8196 199627 205278 80 859 2995 19 30 31 80 146 590 20 4189 1179 1191595 -1 -1 0 0 0 0 7 9 8 9 7 6 5 8 2 6 0 0
"75cf06b81bedf90e" 25 4 114 2369 28 2354 80 550 6826 2283 90 595 199627 158 4 185 8990 80 453 561 550 107 369 12 421 1179 1191596 -1 -1 0 0 0 0 8 8 6 6 6 6 3 2 4 2 0 0
"3023bfa8003cebca" 24 114 4 5824 154 80 330 2348 1782 271 47 80 199627 249 859 27 51 139 80 229 74 576 770 24 1179 1191597 -1 -1 0 0 0 0 5 8 6 7 6 4 3 5 4 6 0 0
"b9b01f80c86f028d" 33 90 330 166 520 30 1749 44 14 80 199627 158 369 13 150 410 80 344 475 199375 20 80 199627 4 127 14 231 5929 788 206 369 13 318 1179 1191598 -1 -1 0 0 0 0 6 9 8 5 8 5 7 6 8 4 0 0
"47675d2842cdd8f3" 26 90 199375 1082 19 51 3056 80 6997 866 30 1237 80 199627 249 103 231 20 19822 44 80 166 481 42 51 2919 1179 1191599 -1 -1 0 0 0 0 7 5 7 4 5 3 4 5 6 3 0 0
"c537fc53735087b5" 24 518 1483 60 835 80 103 61 229 74 706 80 199627 352 1165 51 4165 1895 80 249 28 246 808 1545 1179 1191600 -1 -1 0 0 0 0 4 7 6 6 7 3 5 7 5 7 0 0
"bf6675e1ad1e3be4" 24 466 78894 25204 80 394 14 77 30 554 621 80 199627 158 4 185 8990 80 199375 1028 44 51 1132 139 1179 1191601 -1 -1 0 0 0 0 3 4 5 3 4 2 4 3 4 5 0 0
"17e725f22dc2676f" 19 234870 383 80 200450 70 8290 80 199627 735 30 1208 1238 80 859 1183 1957 271 215 1179 1191602 -1 -1 0 0 0 0 5 7 6 7 6 7 4 7 6 5 0 0
"bd9f8df867202694" 34 768 161 6824 798 1343 287 80 60 1368 102 51 5697 80 199627 29485 80 1015 14 386 4 6426 14 19 928 4 80 199627 4 996 146 1030 30 7387 1179 1191603 -1 -1 0 0 0 0 2 6 4 5 4 3 5 4 2 4 0 0
"767fa786172bba41" 21 369 739 150 440 83 21875 80 5695 336 3057 80 199627 101612 101613 80 163 14 49 51 6341 1179 1191604 -1 -1 0 0 0 0 4 4 3 4 5 3 4 4 3 5 0 0
"066561ca3ac9309e" 21 127 4131 83 28 34 80 79774 80 200450 6121 80 199627 278 30 1841 80 200450 40 271 6494 1179 1191605 -1 -1 0 0 0 0 4 6 6 7 7 6 4 6 7 4 0 0
"cf268fd1f5994d4a" 25 4 229 74 6328 80 344 386 369 1227 318 80 199627 74 7508 2358 80 61 104 70 369 299 1348 80 7658 1179 1191606 -1 -1 0 0 0 0 5 7 6 7 6 5 3 6 8 3 0 0
"e4d0affb8b6b1f7f" 21 425 16520 831 80 249 28 246 808 1376 80 199627 350 14 51 224 80 200450 1080 297 36577 1179 1191607 -1 -1 0 0 0 0 4 6 5 7 6 5 3 5 4 3 0 0
"66b746c0669ec798" 24 920 51 8994 80 6 120 1957 13 318 1532 80 199627 768 161 6824 798 1343 287 80 344 30 151 910 1179 1191608 -1 -1 0 0 0 0 3 6 4 5 3 4 4 3 3 4 0 0
"5c92768ada1c0ce0" 24 278 30 1841 80 200450 3004 83 30 425 80 199627 129 60 56 20 30 82 80 249 199375 453 60 17883 1179 1191609 -1 -1 0 0 0 0 4 7 6 8 7 4 5 4 6 4 0 0
"01410e924cf61954" 40 83 36 761 80 859 1895 756 30 876 5934 790 80 199627 90 4 564 44 28 1022 80 475 61489 859 216 1779 80 199627 74 161 114 632 770 80 271 61 104 271 443 2203 1179 1191610 -1 -1 0 0 0 0 6 8 9 8 7 6 7 7 8 7 0 0
"56cbd072095785a7" 28 297 290 20 4560 174 80 2348 1895 83 28 4275 80 199627 249 199375 146 68 51 15539 80 28 275 378 146 20 30 1299 1179 1191611 -1 -1 0 0 0 0 4 6 5 7 6 4 3 5 4 4 0 0
"1cf3a0a3d821fd1e" 19 369 146 1310 199373 106 103 139 253 80 199627 3653 4 102 369 61 28 6634 6829 1179 1191612 -1 -1 0 0 0 0 0 0 0 0 0 0 0 0 0 0 0 0
"3de9838b8d67220f" 21 28 6906 17455 1364 80 114 2135 2118 80 199627 249 1112 369 10732 691 80 127 10145 36 3266 1179 1191613 -1 -1 0 0 0 0 0 0 0 0 0 0 0 0 0 0 0 0
"0a47055b04bfce9b" 24 16520 227 9180 80 127 4181 19 5845 80 199627 90 83 31 77 154 80 369 127 30 12855 711 19 5036 1179 1191614 -1 -1 0 0 0 0 0 0 0 0 0 0 0 0 0 0 0 0
"72f6ce968bc6a6c8" 20 574 76 19 4 80 1598 44 103 1022 80 199627 166 3569 103 1381 80 550 51 16628 1179 1191615 -1 -1 0 0 0 0 0 0 0 0 0 0 0 0 0 0 0 0
"6db53292e82090eb" 28 70 297 4097 80 330 453 74 2014 19 14 80 199627 249 4 56 96 51 1369 80 250 14 49 28 908 80 4 13 1179 1191616 -1 -1 0 0 0 0 0 0 0 0 0 0 0 0 0 0 0 0
"3420ab282522c56c" 21 212 14 849 80 76 77 103 1022 80 199627 200450 855 144 30 2127 80 630 252 51 7795 1179 1191617 -1 -1 0 0 0 0 0 0 0 0 0 0 0 0 0 0 0 0
"675566ec8e776b7e" 21 184 22 29639 80 859 4758 103 474 80 199627 54 891 7 19 20 44 51 15863 5025 761 1179 1191618 -1 -1 0 0 0 0 0 0 0 0 0 0 0 0 0 0 0 0
"1971fec038a85911" 21 231 102 51 6897 8936 36 8723 80 199627 127 70 297 1214 6977 42 28 2603 80 550 6105 1179 1191619 -1 -1 0 0 0 0 0 0 0 0 0 0 0 0 0 0 0 0
"cd093dbb06c24511" 27 369 628 382 245 25477 80 425 352 5881 192 8661 80 199627 127 70 297 1214 83 28 2603 80 330 11 251 28 3360 1179 1191620 -1 -1 0 0 0 0 0 0 0 0 0 0 0 0 0 0 0 0
"e0370c259d2d5aef" 39 11 1015 150 19689 80 859 453 60 1209 80 199627 425 848 391 51 206 456 369 1310 4 996 51 5155 80 199627 249 425 369 11 251 4 80 30 1310 77 770 808 6133 1179 1191621 -1 -1 0 0 0 0 0 0 0 0 0 0 0 0 0 0 0 0
"6b6306dd02941030" 23 74 2312 531 80 11 1423 297 1877 80 199627 277 19 27 107 80 154 114 1032 103 3448 90 5596 1179 1191622 -1 -1 0 0 0 0 0 0 0 0 0 0 0 0 0 0 0 0
"f96cc65b18972909" 23 369 215 96 4181 80 249 369 6 96 1342 80 199627 74 2312 531 80 11 277 19 27 28 1207 1179 1191623 -1 -1 0 0 0 0 0 0 0 0 0 0 0 0 0 0 0 0
"013ade159029fb46" 18 518 481 150 32834 9887 83 5882 80 199627 127 70 297 1214 1181 102 550 11511 1179 1191624 -1 -1 0 0 0 0 0 0 0 0 0 0 0 0 0 0 0 0
"31a6f31b935abd1e" 22 212 51 757 53 28 340 275 80 166 20 1829 80 199627 236191 101613 80 344 30 139 369 6081 1179 1191625 -1 -1 0 0 0 0 0 0 0 0 0 0 0 0 0 0 0 0
"968efc58939b436e" 22 768 161 6824 798 1343 11 287 80 199627 231 1598 44 103 1381 80 199375 146 20 51 15539 1304 1179 1191626 -1 -1 0 0 0 0 0 0 0 0 0 0 0 0 0 0 0 0
"822030b2046d340f" 42 425 848 391 51 206 456 369 484 60 70 80 199627 249 58 4 407 796 90 492 14 35 1179 199627 212 14 849 80 475 275 104 43 60 786 80 199627 90 212 824 77 28 908 1179 1191627 -1 -1 0 0 0 0 8 8 7 8 9 7 5 4 8 6 0 0
"8054977e8b703e5e" 24 127 4131 44 28 16300 80 234961 83 30 2591 80 199627 425 16520 831 90 5125 80 369 153 518 19 1096 1179 1191628 -1 -1 0 0 0 0 6 6 5 4 7 6 4 2 3 3 0 0
"8e312c121372c917" 20 7100 4 80 30 161 154 369 3621 80 199627 49 6906 17455 1364 80 2441 28 246 2469 1179 1191629 -1 -1 0 0 0 0 8 8 9 7 7 6 8 5 9 4 0 0
"8dc1e3993880f512" 41 79774 80 235152 4 630 14 44 30 1370 199372 199627 1015 14 386 4 6426 14 19 928 150 4214 1179 199627 74 7508 80 11 232 60 340 80 199627 768 1499 199375 20 231 245 9062 378 1179 1191630 -1 -1 0 0 0 0 7 7 6 8 8 6 6 5 4 7 0 0
"023d2231043e4c29" 23 330 7 19 20 44 51 15863 5025 83 51 989 80 199627 90 184 22 29639 80 232 60 19 2598 1179 1191631 -1 -1 0 0 0 0 5 4 3 5 8 4 2 3 5 3 0 0
"fffb482cc09e1879" 22 29485 44 30 3385 80 127 30 1214 235891 80 199627 4 56 96 51 1369 80 249 369 229 3553 1179 1191632 -1 -1 0 0 0 0 7 6 6 6 8 6 8 4 4 3 0 0
"931a201a06dee28f" 42 30 1208 1238 44 3057 80 12146 51 13258 80 199627 90 4 564 44 28 1022 80 21406 42 2557 1179 199627 574 76 80 277 19 283 51 463 80 199627 249 369 229 454 36 150 7639 3865 1179 1191633 -1 -1 0 0 0 0 6 6 5 7 7 5 5 7 5 7 0 0
"6dbf9a45fa01f0ee" 24 369 739 150 440 83 21875 80 153 4 229 74 6328 80 199627 277 19 436 14 80 249 369 229 2594 1179 1191634 -1 -1 0 0 0 0 7 5 4 7 8 6 2 4 5 4 0 0
"01566a09aa655184" 22 234870 383 80 200450 283 83 30 1307 80 199627 129 60 56 20 30 82 80 249 369 251 511 1179 1191635 -1 -1 0 0 0 0 6 7 7 6 7 6 4 2 6 3 0 0
"22cf936f57e4b191" 23 1112 369 10732 691 80 1267 283 19 30 31 80 199627 855 144 30 2127 80 166 120 28 706 4554 1179 1191636 -1 -1 0 0 0 0 7 6 6 5 6 4 3 2 5 2 0 0
"ad482f8a1083d20e" 24 297 290 20 4560 174 80 277 19 23415 83 80 199627 90 30 12855 711 80 330 11 229 1030 51 867 1179 1191637 -1 -1 0 0 0 0 6 5 4 6 8 4 2 5 4 5 0 0
"c1240bbbb7d8864c" 47 83 36 761 80 200450 453 60 510 90 5730 80 199627 49 6906 17455 1364 80 24506 20 823 19 3603 1179 199627 4 56 96 51 1369 80 249 6 283 174 12123 80 199627 200449 199375 20 1618 83 80 146 909 24 1179 1191638 -1 -1 0 0 0 0 8 8 9 7 8 6 8 5 6 4 0 0
"fc692c4584524859" 52 518 481 150 21336 6046 83 5882 80 4017 173 192 1588 199372 199627 768 161 6824 798 1343 287 80 277 19 767 102 51 5854 199372 199627 425 16520 831 90 5125 80 369 13 144 30 6400 80 199627 4 229 234974 1620 49 150 767 103 23130 1179 1191639 -1 -1 0 0 0 0 6 6 5 8 7 4 3 5 4 6 0 0
"bfc0b8dc51be4c48" 25 278 30 1841 80 550 70 136 90 370 80 199627 102 51 6897 909 36 5461 408 51 1243 80 83 30 855 1179 1191640 -1 -1 0 0 0 0 7 5 6 7 6 3 3 4 5 3 0 0
"b781b44ce2689824" 23 90 212 14 849 80 19 51 1022 192 554 80 199627 1514 369 127 82 80 90 16520 586 4 174 1179 1191641 -1 -1 0 0 0 0 7 6 7 6 8 5 4 2 5 3 0 0
"56860f5adf56f3b3" 22 836 150 4893 90 30 4097 80 5943 632 80 199627 104 60 1030 60 80 456 30 2602 976 350 199372 1191642 -1 -1 0 0 0 0 3 7 7 6 5 2 2 10 8 8 0 0
"83d50be732f28dea" 28 369 7 19 920 51 8994 19 1015 4 559 369 106 80 199627 251 4 19 153 550 340 80 83 297 61489 184 216 1779 1179 1191643 -1 -1 0 0 0 0 7 8 9 10 6 4 5 4 9 7 0 0
"16bca0c37d86fb5d" 26 212 51 757 53 28 340 275 80 212 51 7359 80 199627 369 628 382 21876 205288 587 80 425 352 166 563 2118 1179 1191644 -1 -1 0 0 0 0 6 7 8 7 8 5 4 5 3 3 0 0
"15f25657e5d538ea" 38 574 76 19 4 80 599 4 421 28 8953 80 199627 146 1310 199373 7 4 80 249 425 173 70 369 13 80 199627 212 824 77 28 908 80 6 120 603 3609 849 1179 1191645 -1 -1 0 0 0 0 8 8 7 9 8 6 4 5 9 7 0 0
"b9d29c3846b040f2" 32 101612 101613 80 28 39046 2688 80 199627 127 4131 249 173 30 42393 1146 199374 299 360 80 199627 350 14 51 224 80 120 14 153 4 234840 14 1179 1191646 -1 -1 0 0 0 0 9 8 9 9 8 4 8 4 9 8 0 0
"a37e6fa4868264df" 21 1015 70 150 19689 80 184 590 20 932 80 199627 11 232 83 234961 90 859 27 30 2203 1179 1191647 -1 -1 0 0 0 0 6 7 7 8 7 3 5 2 5 6 0 0
"d58fdbd85f37a860" 36 28 6906 17455 1364 80 44 103 275 154 369 1746 80 199627 74 2312 531 80 11 277 19 27 28 139 348 80 199627 102 51 6897 8936 36 5461 408 51 1243 1179 1191648 -1 -1 0 0 0 0 6 5 7 5 8 3 2 8 4 7 0 0
"499ce1e4a181cf42" 23 28 2603 170307 80 249 4 146 3710 42 80 199627 4 104 51 5712 80 255 1598 44 150 29 52726 1179 1191649 -1 -1 0 0 0 0 5 6 6 4 5 3 2 2 3 2 0 0
"bb69e99eae98ff65" 23 4 443 127 161 275 80 71 453 60 4597 80 199627 90 184 492 51 1088 51 2842 80 74 5430 1179 1191650 -1 -1 0 0 0 0 8 9 9 7 8 3 2 2 6 7 0 0
"959f26b4196ae8d0" 38 74 19 26338 2895 80 369 11 12 61 90 20 2585 80 199627 58221 58222 80 28 246 104 492 77 80 199627 6 7 4 19 436 49 28 21657 80 11 638 14 6392 1179 1191651 -1 -1 0 0 0 0 6 5 6 8 5 5 6 2 9 8 0 0
"527455f72c3991dd" 25 212 60 475 60 166 629 24 80 206 19 656 83 80 199627 3220 2743 2241 80 199375 20 5054 51 1132 867 1179 1191652 -1 -1 0 0 0 0 7 6 6 5 6 3 3 3 5 6 0 0
"9f14852cea03d7f4" 27 425 369 1267 481 51 304 488 80 166 20 2659 811 80 199627 709 621 80 709 3821 80 249 199375 2995 70 30 1299 1179 1191653 -1 -1 0 0 0 0 5 6 7 7 6 3 3 2 4 7 0 0
"d94ca63f3e04069c" 22 51 58102 80 369 153 4 390 173 7704 80 199627 249 103 61 229 51 706 80 24506 151 1274 1179 1191654 -1 -1 0 0 0 0 7 6 6 7 6 3 2 4 8 7 0 0
"f546e4443d93454b" 26 425 16520 4192 80 277 19 1678 30 2602 1478 80 199627 249 60 17653 28 5737 90 163 51 7536 154 22 6997 849 1179 1191655 -1 -1 0 0 0 0 4 8 7 5 4 4 3 6 5 6 0 0
"2bd2a7028a99d1e5" 50 70 150 1214 757 5888 80 277 19 3582 28 4522 80 199627 74 184 166 592 36 51 51595 80 859 453 271 29 8026 80 199627 32 192 1784 80 146 590 942 271 5174 80 199627 859 2995 549 80 90 453 70 30 4180 3755 1179 1191656 -1 -1 0 0 0 0 8 7 8 8 9 4 3 5 6 8 0 0
"f15828c15fd31e21" 22 199375 212 28 3853 80 2913 382 36 30 206 80 199627 200449 807 102 43022 90 369 7 709 224 1179 1191657 -1 -1 0 0 0 0 6 7 8 5 7 8 5 3 3 2 0 0
"293d53fe03b38543" 21 16520 231 4300 102 51 78183 80 199627 90 158 352 251 60 80 199375 460 382 43 352 820 1179 1191658 -1 -1 0 0 0 0 9 7 8 7 6 8 4 2 3 2 0 0
"88cafe124857dc96" 20 4 127 19 20 234998 17185 80 199627 297 1214 166 4758 14 80 16520 174 9247 19 235947 1179 1191659 -1 -1 0 0 0 0 8 9 7 6 7 6 4 2 2 3 0 0
"59467874df5d91cb" 42 13 14 10918 44 28 9535 80 199627 54994 25 28 319 80 859 453 2501 2757 80 199627 200449 158 184 152 425 80 184 166 942 80 199627 859 20 1435 1899 823 4181 80 614 72 30 8769 1179 1191660 -1 -1 0 0 0 0 9 7 9 7 9 6 4 2 2 2 0 0
"9b6a7164ff716bfe" 21 16520 231 10589 80 229 127 74 802 19 7794 80 199627 212 14 19 150 24776 90 200450 2797 1179 1191661 -1 -1 0 0 0 0 7 6 8 6 7 5 4 3 2 2 0 0
"016f8967a0230f67" 28 4 229 2714 77 28 960 80 4 6 2597 44 28 4225 80 199627 63342 49 14 80 200450 27 51 554 1022 19 293 348 1179 1191662 -1 -1 0 0 0 0 8 6 7 6 7 5 4 4 3 2 0 0
"3485f1b15e4d9ebd" 23 4 112 1267 1629 60 80 16520 2441 5269 691 80 199627 28 5185 192 4783 80 5943 630 4 231 42744 1179 1191663 -1 -1 0 0 0 0 8 7 8 6 6 7 3 3 2 2 0 0
"0881a4273519b620" 36 192 425 16520 590 1015 4 43 16520 590 119 80 199627 158 352 251 60 80 199375 1183 382 107 554 80 199627 200449 16520 20479 90 7704 80 369 127 279 19 942 1179 1191664 -1 -1 0 0 0 0 8 8 7 7 6 7 4 2 3 2 0 0
"04f00c0a76ca698e" 22 199375 453 382 1745 80 74 7 19 2913 382 80 199627 200449 16520 78183 80 4 153 199375 12091 382 1179 1191665 -1 -1 0 0 0 0 8 8 7 6 6 7 4 2 3 2 0 0
"3855856672636aa5" 20 32180 30 409 80 550 206 19 120 208 80 199627 63342 49 14 80 200450 3582 30 1183 1179 1191666 -1 -1 0 0 0 0 7 7 7 7 6 6 4 4 3 2 0 0
"fec22e463a2d38a1" 33 235030 1899 823 4181 80 90 16520 231 192 4300 80 199627 10716 44 28 9535 49 28 1964 23 1138 80 199627 3220 2743 2241 80 229 74 161 2891 14 1179 1191667 -1 -1 0 0 0 0 9 7 9 7 9 6 4 2 2 2 0 0
"6876cf9dbe465c8d" 38 436 49 28 21657 80 200450 96 245 896 80 199627 212 60 475 60 166 629 24 80 859 20 83 30 855 80 199627 90 297 1214 166 4758 14 80 5943 6997 19 2714 1179 1191668 -1 -1 0 0 0 0 9 9 8 7 7 6 5 2 2 3 0 0
"403fec9d5e6fa265" 22 199375 3322 709 134 90 538 60 89 80 199627 32 192 1784 80 199375 146 120 60 216 30 3343 1179 1191669 -1 -1 0 0 0 0 7 6 7 6 7 5 4 3 2 2 0 0
"453c82d362e8bb8d" 30 58221 58222 80 200450 212 51 972 80 199627 49 28 5185 192 4783 80 859 29170 80 199627 212 14 19 150 24776 80 200450 780 103 1394 1179 1191670 -1 -1 0 0 0 0 7 6 8 7 7 6 6 3 2 2 0 0
"4ab1c82efaf14661" 26 200449 456 173 49 14 80 90 54994 25 28 319 80 199627 4 443 127 19 20 1625 90 541 378 20 11 1056 1179 1191671 -1 -1 0 0 0 0 9 7 7 6 5 6 4 2 2 2 0 0
"dea4d035c4289150" 24 255 200468 1784 80 146 76 77 2317 80 199627 249 4 232 54878 14 80 102 51 5712 76 77 30 52726 1179 1191672 -1 -1 0 0 0 0 7 8 8 7 7 7 5 3 3 3 0 0
"ce4e96326bd2f702" 20 184 166 592 36 51 51595 19 629 80 199627 1267 232 271 600 13342 80 6 20 10111 1179 1191673 -1 -1 0 0 0 0 7 7 7 7 7 7 5 7 6 7 0 0
"8381dbe79bec0973" 26 185 74 19 26338 997 2895 80 232 60 2757 80 199627 249 369 7 245 511 43022 80 158 4 153 43 369 1208 1179 1191674 -1 -1 0 0 0 0 8 6 7 7 6 7 5 3 4 2 0 0
"efa6299aceead4a4" 51 369 127 74 802 80 236192 17 36 4275 80 199627 249 17883 184 492 51 1088 51 2842 80 229 154 4699 199372 199627 4 1267 20 234998 80 146 234861 30 782 80 199627 200449 456 173 83 31 80 70 330 12 119 104 481 4 804 1179 1191675 -1 -1 0 0 0 0 7 8 8 6 6 7 4 3 3 4 0 0
"e511ba5481f0a300" 21 425 16520 4192 80 11 2659 406 80 199627 249 6 3596 30 962 80 629 83 80 629 425 1179 1191676 -1 -1 0 0 0 0 5 7 7 7 6 6 3 4 6 6 0 0
"16256d64e2a30617" 49 4 229 2714 77 28 960 80 11 51 12 997 20 80 199627 16520 235030 4181 44 28 9535 80 1031 173 808 1409 14 1179 199627 51 58102 80 4601 80 283 150 29 706 80 199627 200449 103 2993 1745 90 173 11 51 15539 1179 1191677 -1 -1 0 0 0 0 8 7 7 6 7 8 3 2 4 3 0 0
"40f69219e41bfc23" 48 4 112 1267 1629 60 456 807 83 30 224 80 199627 200449 4 153 807 590 293 24 80 166 3380 1179 199627 158 352 334 60 80 5942 453 4 1209 80 199627 2603 170307 80 3176 42 80 807 127 4 83 154 5155 1179 1191678 -1 -1 0 0 0 0 7 8 8 7 6 5 6 3 5 6 0 0
"687294f76958c7b0" 23 4 127 19 20 234998 80 146 234861 30 490 80 199627 103 108 706 80369 80 127 3666 1499 19 208 1179 1191679 -1 -1 0 0 0 0 6 8 8 6 6 7 4 3 2 3 0 0
"a6ea32187b276d4a" 55 58221 58222 80 550 206 19 1183 43 1334 492 77 80 199627 158 184 152 425 80 184 114 443 999 80 166 283 527 1179 199627 90 297 1214 166 4758 770 80 1334 3919 80 199627 192 283 76 271 139 80 1334 83 31 77 30 39 80 1334 1724 1179 1191680 -1 -1 0 0 0 0 8 6 7 6 5 8 6 3 5 7 0 0
"f5728caa83136b8e" 56 425 369 1267 481 51 304 488 80 74 511 811 80 199627 192 967 42 80 199375 1015 4 43 16520 590 119 80 185 28 646 1179 199627 212 14 19 150 24776 80 1183 14 43 4 127 80 199627 103 61 229 590 20 2253 80 249 550 1030 30 2127 1179 1191681 -1 -1 0 0 0 0 7 8 7 8 6 7 7 4 6 6 0 0
"554cb064cd13461d" 24 369 127 74 802 80 249 199375 453 243 7764 80 199627 158 4 12 436 49 28 21657 80 550 28 5088 1179 1191682 -1 -1 0 0 0 0 6 7 8 7 6 7 6 4 5 5 0 0
"75359fbd134e24d1" 27 90 538 60 89 80 106 30 5845 80 550 3274 80 199627 74 206 19 2364 80 166 592 36 815 1499 19 629 796 1179 1191683 -1 -1 0 0 0 0 7 7 7 6 6 6 4 3 3 4 0 0
"c934ccd8e1a6cd21" 49 212 60 475 60 166 629 24 80 22 1787 80 199627 11 2913 382 80 6 20 4760 80 6 3591 1179 199627 425 369 1267 481 51 304 488 80 550 28 1082 80 199627 1183 14 43 4 127 80 1024 80 200450 17 145632 1179 1191684 -1 -1 0 0 0 0 7 8 7 8 6 7 7 4 6 7 0 0
"afcbc0abe8479716" 52 4 112 1267 1629 60 80 297 861 80 550 3257 80 199627 4 112 1267 1629 60 80 166 212 97 511 121992 1179 199627 4 112 1267 1629 60 80 232 150 600 388 2669 80 199627 200449 44 103 706 80 551 74 1883 36 54 518 1678 1179 1191685 -1 -1 0 0 0 0 7 7 7 7 6 5 6 8 5 8 0 0