"30865de275213a22" 174770 187148
"14d0f71b28600889" 178234 42118 34272
"8aef6495defe2a0a" 188601 62535 151267
"07fcdd3b28c1c2f7" 62538 77761
"e865759e4cae6028" 83290 68154 79337
"24dc4dd4089591a3" 132877 10988
"b4af150df7d6f228" 15870 141176
"b3ce4bbc9d79faa3" 61162 146106 122118
"6f20cdb94f5ba0e5" 307 141106
"f9abef308ed6ee74" 77767 59164 84875
"7fd23a5430ab145e" 48262 116992 177592
"ecd7af8ec29b2859" 30573 151192
"06a12a4595143e97" 55007 16864
"468ac957641e3c2a" 31021 345 12193
"b52f6352f4ea1836" 34272 9433 25197
"5d26ae40f4458efb" 109352 38496
"676a703cf5ef3a73" 162799 34854
"53bd5eec2bbf3e95" 33339 57353
"49d52fdde18afcfa" 10988 97067
"7b8371b92f5136b6" 115075 122118 805
"f6f7b07690084b5c" 68154 59024
"0e8a676c9ff2769f" 79337 87646
"f687eb1f13943987" 6002 177592
"0bde66896a0c10f8" 59164 38496 84875
"df3a826e3ee48c68" 141106 42118
"7fd01e3137a1b042" 25197 77761
"7de58f8ec29b2859" 30573 12193
"d8d0250df7d6f228" 15870 146106
"5e732286f890b43e" 59164 187148
"4f8df501d24feacd" 122118 188601
"18304fa3c9484cac" 12193 162799 187148
"36724a4595143e97" 55007 151267
"a7d3d92a8c773d31" 116992 132877
"1609d355ea5f0f7b" 109352 307 9433
"34be3b11e0f76cc6" 10988 31021 805
"46b5c5a8b006d5cc" 34272 42118 25197
"f0658e7aa078d54c" 115075 33339
"c42187f2e6a12c1f" 62538 61162 62535
"ec26874355b86d71" 141106 30573 178234
"3ede9e5b87b27698" 57353 77761
"f8a61fdde18afcfa" 10988 34854
"a83d1c9c6e335963" 109352 122118 84875
"96094938e47b08ab" 83290 61162
"57b05524857ffff1" 62538 68154 38496
"93c80d8a1a11172e" 87646 42118
"a6382a9ffb110a50" 12193 16864 141176
"d904396e71ceba15" 59024 34272
"d2bed440ee755108" 8511 178297 19688
"6b12b6b64095d5af" 123240 164865
"9d9cdbce9a4ca2ec" 13895 12049
"9ea62cf997c009de" 151598 81830
"09145e032ab91195" 4604 81751
"6f13ac4c05a0a611" 151970 69327
"166f000b43f0a46c" 16608 118535 63389
"0140d9146dabdd50" 135077 121858
"5372688ecae71a00" 66966 23466
"95decf54ae92304a" 115232 34892
"5b968af21aade07d" 55631 95621
"79fbc4ff89651bbb" 75055 14599
"1e2be85271fbb7db" 159475 21597
"a15d9c80d76878c1" 141195 49037 83877
"4ef229a95da8c2be" 69332 78817 8058
"125e3e6ef46f1a2e" 185288 172172
"0f361849d5564578" 112578 84265
"8722e0774a1feadc" 109752 15795
"8b942db453a1dc51" 78582 71757
"e4af8826c03159f3" 145487 160542
"1bde007f648030ec" 183853 75451
"e13f57a2a7ba55fc" 74659 23466
"11172db453a1dc51" 78582 81830
"5193f8f2d101f822" 83877 14599
"fc5005dfa3281754" 171618 19688
"c423fe42a58c8110" 164865 69332 66966
"8494c21904e95ea3" 69327 178297 159475
"5d2cdbde567ecc48" 63389 75055
"1c56b9146dabdd50" 135077 15795
"4132ebce9a4ca2ec" 13895 34892
"335774041f122e52" 49037 21597
"9a5409717cc8dc9d" 172172 115232
"78e5aa6c9da9d419" 8058 123240
"92ffac4c05a0a611" 151970 121858
"1762b0dd2814dd91" 8511 12049
"04c26ec528fc8028" 55631 95621 69327
"34d0d12132cd35e2" 141195 14599
"dfcddbde567ecc48" 63389 81751
"c68fbc9cec6d41cc" 84265 23466
"af6a645ed3038110" 78817 16608
"c329a4063bd30ca9" 71757 81830
"b9e0107f648030ec" 183853 83877
"89a6b63231911c59" 151598 109752 58905
"9ae3888ecae71a00" 66966 160542
"ab982849d5564578" 112578 159475
"99df117d1b281141" 74659 49037 34892
"6934eea48794047a" 123199 109747 175071
"987cbaff3a57ab70" 59625 87579 131920
"826d884aca3f6e57" 128868 36783 11704
"251f8452ae19debb" 139044 92689
"3a4e15251392b36f" 9855 55555
"c2e9624bfc853132" 69194 1989 167496
"e918a1f77fd3172a" 71237 7024
"4ef9f9fdeb0f6953" 149025 15498
"ccde084a5cfcdce2" 33556 128859
"7318cb244e5c820b" 81726 183844
"ee36d9afb0d10025" 28780 39429
"8c686107bb1d1caa" 31057 113950 53248
"5d0972000d14da9b" 14567 156726 75471
"07da549d7e3c9dff" 70214 78069
"b9312d7d1f20bc66" 26875 77999
"9d806353cfc59879" 178982 65790
"ab28eacf3956da8d" 39046 9471
"ec8b3e3cb47e8b3a" 49031 5774 51888
"e556db15aae74089" 148761 172396
"657d6992a584b04f" 148761 139044 11704
"2e08db929e7b58da" 53110 59625 113950
"f16fe504b79dd8b1" 175071 9855 28780
"27b98e1491689a97" 123199 69194 131920
"2b4dc5fcf755dcd1" 109747 149025 31057
"ecdfb0c9f345152b" 1989 92689 128859
"3eee69860a518c19" 71237 156726 75471
"354bd245d29abbae" 167496 14567 49031
"a5f498152b95ac79" 55555 81726 7024
"afda1c0cd27ba77f" 39046 5774 39429
"a79e3f85ee69d0d8" 9471 178982 172396
"80cbcfe07c99d786" 123199 128868 33556
"e74412705559d335" 69757 24766 15498
"c77533df56e351f4" 124269 70214
"400bde28390ee1c5" 55555 51888
"03460f4192e22111" 36783 78069 77999
"d2f475c2461173dd" 139044 28780 183844
"056790ba00b4b05f" 149025 156726 53248
"2da854627be118d5" 131920 175071 178982
"68681804d64f8300" 92689 113950 65790
"9e74814a588b5aae" 9855 31057 172396
"df0c666857ea202b" 128859 81726 26875
"98ed2b840581d037" 75471 49031 65790
"53ab8bd6de3ba01c" 53110 1989 71237
"cc261868de5a7a2f" 69757 87579 175071
"1ee7a47a9decda3b" 69194 7024 5774
"f706d7c3b210ce6c" 21684 70 185044
"c0ae44333aeaa4ba" 80990 54361
"b5ff480b1c44f17b" 84253 36588 54769
"32cb40ae9584fe1c" 27121 130260 54781
"539537b6c8ad1178" 78879 62581
"b210be606bc47cda" 107361 58279 44190
"212193403985cd1c" 35596 132617
"d62e98373d810ff6" 28543 136325 54348
"465863ff23efc88e" 58276 58275
"6ee5dcf8a4d261e7" 17137 62587 62597
"04571bec5fed73b1" 89499 48692
"171c65a56b754db8" 45939 51309
"6366d04e5550298e" 54913 54780
"27e12bc52229f5fa" 158276 168229 58276
"0e7ff642cc4f1f2c" 32394 17137
"a7d59cb502a86eee" 80990 36588 58279
"b58a2f51d61760e2" 107361 35596 51309
"8e1586be65a74a38" 84253 27121 54781
"e16feb3b0d62a02e" 70 58275
"a6a68b05b126a5a2" 143960 136325
"7a02e3d52a9d1fdb" 132617 62597
"668157815e37be4e" 54361 48692
"d09c9c5fdbf0e61d" 54780 185044
"c083aede596a5eeb" 21684 62587
"59a0ba8241777d7e" 78879 62581 58276
"7ea9335c7a5f7853" 54769 54781
"d92a349117181609" 80990 32394 158276
"18394171eecc7958" 144696 88065 45939
"5cfef754aaa8d0aa" 45460 130260
"2213d6d600acdfac" 28543 17137 62597
"193b0bd54e4d6c42" 89499 168229 185044
"886fb09b00ffd1e8" 17137 54913 54361
"6a9036bcc65d7821" 130260 62581
"19c2bd1a0133cfde" 27121 58279
"2a5a65a56b754db8" 45939 44190
"d90898cc97c44b44" 107361 62587 54348
"6090e3d430c4a6ef" 58275 132617 51309
"6b4dbede596a5eeb" 21684 168229
"836a84f21f23d414" 35596 44190 54781
"d34944333aeaa4ba" 80990 32394
"e512e36d9c802118" 158276 132617 54780
"3b99cc2348250a4a" 144696 27121 62581
"5bac7f66b7df6712" 36588 54348
"9f51a4f947fbaa66" 143960 45939 54913
"7c33ddea448b8a74" 88065 62597 185044
"0b30c4df61e62b77" 84253 70 48692