"2d7fd1f2c40f1d2d" 31 184 20 2983 474 25 30 34147 80 10020 2144 102 51 3412 1237 14720 80 199627 344 28 129 80 229 637 590 283 1089 770 90 271 3623 1179 1191387 -1 -1 0 0 0 0 8 8 9 7 8 7 5 2 6 3 0 0
"8001519c4eeb2fc3" 53 90 4 153 16520 208014 19 466 42 80 453 245 4706 80 199627 352 404 14 102 16520 3336 80 127 14 2359 83 382 7618 80 199627 24 44 3412 77 15522 80 184 996 510 90 544 80 199627 249 425 234968 1961 80 550 11 4 90 14 1179 1191388 -1 -1 0 0 0 0 7 7 8 7 7 7 5 2 5 4 0 0
"4ac402734d5c73f1" 61 4 153 154 16520 192 4783 77 603 4180 80 255 83 28 2090 80 199627 57722 80 173 30 443 161 518 835 14 80 10290 14 44 28 1022 80 199627 43 369 166 7915 104 386 369 299 120 1620 1499 44 80 199627 200449 330 11 1525 14 89 80 90 49 4 369 255 999 1179 1191389 -1 -1 0 0 0 0 8 8 7 8 8 7 5 3 6 4 0 0
"76d97b36939ee136" 22 51 1132 7709 80 1267 283 849 80 199627 283 28041 90 38884 2598 44 30 1605 80 18921 30 621 1179 1191390 -1 -1 0 0 0 0 6 6 7 6 7 6 3 1 3 2 0 0
"59a017b118c9b769" 51 13 30 1352 1334 44 80 106 30 3455 77 150 11199 80 199627 90 283 216 49 51 783 5461 80 120 208 77 271 42066 80 199627 120 30 1180 1468 451 770 80 10380 849 271 6755 80 199627 44 103 1605 80 271 61 255 15703 1179 1191391 -1 -1 0 0 0 0 8 8 9 8 8 7 8 2 8 5 0 0
"10b6596de3e6d21f" 21 4 127 154 4274 80 154 11634 6131 80 199627 90 8871 887 80 19278 271 61 44 30 1051 1179 1191392 -1 -1 0 0 0 0 7 7 8 7 7 6 5 2 5 2 0 0
"a9f5252e3dc2a3e6" 16 6792 5961 144 271 15374 80 199627 6569 19 185 910 19 70 271 3370 1179 1191393 -1 -1 0 0 0 0 8 7 8 7 8 7 4 2 6 3 0 0
"96fb2d919a458025" 43 129 77 30 2831 80 3467 751 102 51 5235 80 199627 74 1372 114 632 770 80 1577 90 561 80 199627 70 369 153 104 19 481 60 42 80 90 146 460 44 80 199627 200449 1334 590 999 1179 1191394 -1 -1 0 0 0 0 8 7 7 7 8 8 6 2 5 4 0 0
"c61671a7ea6f0524" 23 669 21802 80 879 60 2283 80 120 60 8071 80 199627 1624 948 51 6131 80 200450 2203 42 30 1307 1179 1191395 -1 -1 0 0 0 0 7 7 7 6 7 6 4 1 4 2 0 0
"18a01dcb74dd6a42" 49 120 172 41 14 80 330 166 563 283 1072 80 199627 351 70 44 28 1688 80 227 49 74 748 80 199627 275 104 3809 456 1334 257 80 74 161 114 1062 770 1050 80 199627 859 20 1274 80 49 61 44 271 1663 1179 1191396 -1 -1 0 0 0 0 8 8 8 7 8 7 6 2 7 5 0 0
"672265b9aa8f8391" 46 537 184 119 80 1057 275 83 271 29 1592 80 199627 90 425 21235 80 1629 770 509 184 5845 80 199627 28 275 104 102 2501 80 2441 271 7536 80 199627 49 4 25 28 319 80 199375 146 942 28 6131 1179 1191397 -1 -1 0 0 0 0 8 8 9 8 8 7 6 2 6 4 0 0
"bc95c8d2905d2a18" 20 185 71334 80 166 4 106 60 174 80 199627 1514 2241 80 271 3032 192 3274 90 33 1179 1191398 -1 -1 0 0 0 0 8 8 8 8 7 7 6 2 6 4 0 0
"2feeae131f07c37e" 28 28 3883 136 19 14 80 352 56 13 60 44 28 600 80 199627 353 49 51 4849 80 425 369 166 3569 103 3032 4824 1179 1191399 -1 -1 0 0 0 0 7 7 7 7 7 6 5 2 6 4 0 0
"07535d3536c8c341" 48 114 4 421 30 4994 80 509 184 1394 19 271 29 2651 80 199627 761 22208 80 184 127 30 39 53 271 1059 80 199627 1024 369 96 74 1742 19 20 394 80 199627 200449 49 4 80 28 236180 11 6650 19 21715 1179 1191400 -1 -1 0 0 0 0 8 8 8 7 7 8 6 2 6 4 0 0
"f6f2a8407acee2f5" 56 24 44 3412 77 15522 80 184 996 227 36 30 3635 80 199627 369 707 286 72 13183 80 550 11 559 369 106 80 199627 352 334 14 19 208 76 80 249 199373 516 32 44 80 199627 200449 173 30 443 161 369 7 80 550 511 513 11 51 9954 1179 1191401 -1 -1 0 0 0 0 8 7 8 7 7 6 5 2 5 2 0 0
"205b5ebcadf42ac0" 21 114 184 3569 103 39 192 810 80 199627 17674 44 154 3272 80 234833 174 108 19 5573 60 1179 1191402 -1 -1 0 0 0 0 4 6 5 8 9 5 3 4 9 8 0 0
"7e11281033a12d97" 21 15350 76 30 3007 80 231 192 4300 80 199627 146 6289 61 56 855 103 1364 80 74 3757 1179 1191403 -1 -1 0 0 0 0 7 8 7 8 6 4 8 3 9 7 0 0
"70a688409bb5a525" 25 60 844 35 144 30 906 44 30 5139 80 344 28 2317 80 199627 1112 369 7 815 19 1740 14 24 42 1179 1191404 -1 -1 0 0 0 0 4 5 4 6 7 5 2 4 4 3 0 0
"2cd2ac477c338673" 20 90 8871 887 1269 30 3482 11 474 80 199627 199375 20 150 5720 129 44 30 4080 761 1179 1191405 -1 -1 0 0 0 0 6 8 8 7 6 4 9 4 8 5 0 0
"e5923ebdf66fd802" 23 82 102 52474 80 127 60 556 849 80 199627 70 369 153 104 481 60 42 1133 184 1096 253 793 1179 1191406 -1 -1 0 0 0 0 7 5 7 7 6 7 5 3 6 4 0 0
"e0f9734c2ece4897" 28 106 30 3455 77 150 11199 80 550 102 51 5246 2270 80 199627 768 629 19 475 369 32 80 184 6 96 396 19 942 1179 1191407 -1 -1 0 0 0 0 8 8 9 7 7 6 7 4 7 7 0 0
"d1b3e9c4ebf0fd0d" 28 90 283 216 49 51 783 5461 80 120 60 37438 150 1819 80 199627 127 51 476 100 235305 76 150 5139 80 200450 212 520 1179 1191408 -1 -1 0 0 0 0 5 6 7 9 8 7 3 4 6 5 0 0
"12a3b03d07e2cc00" 27 42323 28175 53 28 1964 80 16520 231 192 3696 80 199627 28 275 104 102 2501 80 255 909 24 53 475 199374 629 408 1179 1191409 -1 -1 0 0 0 0 4 3 2 5 4 2 3 7 4 7 0 0
"158bc9b1ba665612" 25 351 70 44 28 1688 80 16520 231 102 51 3120 80 199627 17674 44 154 3272 80 275 104 3809 80 74 6854 1179 1191410 -1 -1 0 0 0 0 6 7 8 7 7 6 4 3 6 5 0 0
"85aabcca7a366f05" 29 1624 948 51 6131 80 249 352 1683 42 28 275 80 199627 352 404 14 102 16520 3336 80 74 161 1499 56 453 14 106 1366 1179 1191411 -1 -1 0 0 0 0 8 9 8 8 6 7 5 3 9 8 0 0
"fcb60271bed9af5d" 27 352 334 14 19 208 76 80 630 28 5104 804 80 199627 283 28041 2743 550 206 19 1082 42 90 630 60 70 804 1179 1191412 -1 -1 0 0 0 0 3 4 7 6 5 6 5 2 4 4 0 0
"37ee666adc21f849" 23 185 71334 80 120 60 76 80 199627 1024 369 96 74 1742 19 20 394 80 16520 11 277 19 4593 1179 1191413 -1 -1 0 0 0 0 9 9 9 8 6 8 3 5 8 6 0 0
"c8ae343a5fb194c9" 21 6792 2549 144 28 15374 80 550 33 80 199627 74 1372 1425 36 4 80 11 14 90 4 1179 1191414 -1 -1 0 0 0 0 6 6 7 7 6 4 5 4 7 4 0 0
"ef86cce28d78dde8" 21 351 70 44 28 1688 80 344 559 184 119 80 199627 344 28 129 80 1767 255 64 144 1179 1191415 -1 -1 0 0 0 0 7 5 8 6 7 4 4 3 3 5 0 0
"66df758dee419c3d" 33 70 369 153 104 481 60 42 90 5434 150 5228 80 199627 4 153 154 16520 192 4783 77 603 64 53 14 80 966 11 277 19 212 14 89 1179 1191416 -1 -1 0 0 0 0 4 5 5 5 5 6 5 6 4 7 0 0
"aa9df5210c905e73" 30 1024 369 127 279 19 1678 80 199627 4019 76 30 3007 80 49 279 19 1678 80 199627 344 28 129 25 28 319 80 1767 28 4937 1179 1191417 -1 -1 0 0 0 0 7 6 6 4 6 3 5 3 8 4 0 0
"9d860f7f99c98198" 21 28 3883 5977 14 178 103 275 80 199627 249 369 166 7915 54 4084 2858 70 297 2780 2465 1179 1191418 -1 -1 0 0 0 0 4 6 5 5 6 2 2 6 2 7 0 0
"3b8b053cc492ec98" 21 90 425 21235 80 891 566 280 340 80 199627 4 127 154 4274 80 90 550 559 4 106 1179 1191419 -1 -1 0 0 0 0 6 7 5 3 4 2 6 6 4 3 0 0
"0ca1e23caf4d202d" 31 114 184 3569 19 51 1022 184 114 21667 199372 199627 669 21802 80 630 271 4135 804 80 199627 369 707 286 72 13183 80 30 3455 90 10732 1179 1191420 -1 -1 0 0 0 0 7 7 7 6 7 3 5 3 3 5 0 0
"0227a3c8672363a1" 33 90 8871 887 17321 44 30 1237 80 199627 114 4 421 30 4994 80 550 271 443 6518 80 199627 1133 184 1096 253 80 28 246 378 16900 90 8684 1179 1191421 -1 -1 0 0 0 0 8 6 4 7 6 4 3 2 8 4 0 0
"68df0a36a02a6bca" 33 24 44 30 3412 77 15522 80 199627 352 404 14 102 16520 3336 80 541 2326 192 1056 80 199627 352 334 14 19 208 76 90 1057 28 634 275 1179 1191422 -1 -1 0 0 0 0 7 8 7 6 7 5 4 4 7 4 0 0
"fca44533853f3032" 24 82 102 52474 80 550 192 2253 19 698 80 199627 60 844 35 144 30 906 44 150 5139 44 30 176 1179 1191423 -1 -1 0 0 0 0 5 5 4 4 6 3 4 4 3 2 0 0
"f475447b0ee03050" 33 51 1132 7709 80 51 554 1352 77 34 80 199627 129 77 30 2831 3467 80 1503 4180 804 80 199627 57722 80 807 30 161 80 255 5360 60 340 1179 1191424 -1 -1 0 0 0 0 7 8 7 6 7 5 5 4 7 6 0 0
"5119e6120891a253" 34 1624 948 51 6131 1019 19 6132 80 199627 185 71334 80 200450 1269 103 1237 52188 80 199627 90 4 153 16520 178 19 466 42 80 453 30 530 208 510 1179 1191425 -1 -1 0 0 0 0 9 8 9 8 9 4 5 4 4 5 0 0
"1e1f512cfead8a13" 31 1112 369 11 7 815 25 28 319 80 199627 283 28041 90 120 271 61 20399 80 199627 199375 2360 23991 44 150 246 80 146 19 20 8386 1179 1191426 -1 -1 0 0 0 0 6 7 6 6 7 4 6 4 8 6 0 0
"94aca243fba229e7" 20 90 8871 887 12711 770 144 80 199627 146 2481 61 192 1364 80 249 49 4 550 33 1179 1191427 -1 -1 0 0 0 0 9 6 4 8 7 3 3 2 9 3 0 0
"e94f09f277995374" 38 114 184 3569 30 10581 80 630 60 70 804 199372 199627 70 369 153 104 481 60 42 80 200450 96 51 108 206 80 199627 275 104 3809 456 1334 257 80 146 231 22678 1179 1191428 -1 -1 0 0 0 0 8 7 7 7 8 3 5 2 7 7 0 0
"f62dc912e8288e72" 28 13 30 1352 1334 44 80 550 206 19 453 51 2174 80 199627 129 77 30 2831 3467 80 271 3167 378 20 739 83 2782 1179 1191429 -1 -1 0 0 0 0 6 6 4 5 5 4 5 6 5 7 0 0
"a25bb185f165f0d6" 37 51 1132 7709 80 541 11 1483 474 80 199627 106 30 3455 77 271 11199 511 80 2911 2598 44 30 1237 80 199627 5804 44 154 3272 80 74 4135 80 11 6119 11132 1179 1191430 -1 -1 0 0 0 0 7 8 7 7 8 3 5 3 4 6 0 0
"aa95534c1df3a3c9" 29 127 51 476 100 32202 76 150 5139 80 173 227 476 80 199627 352 404 14 102 16520 3336 80 1849 77 382 3393 90 51 31363 1179 1191431 -1 -1 0 0 0 0 7 7 6 5 6 5 4 3 6 4 0 0
"894aea0071e2dbc9" 37 1024 80 369 127 74 1742 19 21715 80 199627 60 70 353 49 51 4849 80 192 3154 199627 249 369 1267 6569 19 185 910 80 199627 103 61 391 11 51 1407 1138 1179 1191432 -1 -1 0 0 0 0 4 6 6 7 5 3 2 2 6 3 0 0
"a2464afcb1c3035a" 22 768 184 56 629 19 475 4 32 80 199627 212 51 3610 24 19 30 3412 77 236181 90 436 1179 1191433 -1 -1 0 0 0 0 7 6 8 7 6 6 3 4 5 4 0 0
"62b0c8987fdcf016" 40 757 43 4 1330 404 80 1317 28 246 199627 90 369 166 34007 80 460 4 51 1784 780 199627 90 4 212 60 80 58 4 630 60 199627 146 1348 61 756 369 6203 44 60 1179 1191434 -1 -1 0 0 0 0 8 9 5 7 9 2 5 3 8 4 0 0
"3caadcdd97d54ffb" 21 425 184 114 119 43 184 12 80 200450 1895 199627 90 4 1082 28 246 415 80 166 1678 1179 1191435 -1 -1 0 0 0 0 7 8 8 7 6 3 2 4 7 5 0 0
"676344edcbb05e70" 24 4 68 83 245 2505 711 10700 80 550 1744 19 13 199627 102 243 33072 51693 80 173 51 358 19 14 1179 1191436 -1 -1 0 0 0 0 3 5 3 7 7 6 9 6 4 3 0 0
"e6e43b90ad3af768" 25 4 153 369 166 3569 103 61 80 550 33 199627 330 215 27 4 44 28 4255 15685 80 344 43 4 119 1179 1191437 -1 -1 0 0 0 0 6 8 5 5 5 5 7 7 6 6 0 0
"4cee6c15ed6e7856" 25 90 49 150 38252 80 4 127 14 2018 199627 249 199375 2505 406 90 707 76 77 103 3477 80 229 236182 23332 1179 1191438 -1 -1 0 0 0 0 5 6 7 6 7 7 5 6 5 4 0 0
"2fb7f5ba68373908" 24 369 112 651 4 80 163 4 49 192 396 5430 199627 249 199375 453 60 474 80 1312 14 252 51 4593 1179 1191439 -1 -1 0 0 0 0 4 8 3 4 5 3 5 5 4 5 0 0
"0708f9f9da4b9162" 45 4 283 8923 408 60 80 2659 49 1749 199627 64 144 30 567 2344 80 74 3355 80 127 4 294 25576 199627 798 43297 474 80 184 601 11 68 410 199627 249 271 61 8923 2144 1133 60 12718 182 176 1179 1191440 -1 -1 0 0 0 0 6 7 6 5 4 3 3 4 6 6 0 0
"286885a048333dfd" 22 184 229 146 18717 80 1540 184 2139 30 1483 199627 4 1643 28 6345 192 1138 80 425 550 340 1179 1191441 -1 -1 0 0 0 0 4 7 4 5 3 6 5 3 5 4 0 0
"6a06bcb320dbff30" 25 1024 80 161 511 206 80 199375 879 297 3467 199627 249 788 206 369 13 4 80 352 1548 90 369 106 60 1179 1191442 -1 -1 0 0 0 0 8 8 7 6 7 2 4 3 6 5 0 0
"26486571d8194e44" 25 2539 3250 80 184 127 603 29293 80 6 7 74 525 199627 90 475 369 68 80 184 11 12 96 245 896 1179 1191443 -1 -1 0 0 0 0 4 4 5 7 7 2 2 5 3 4 0 0
"9419b571a719e9f8" 23 90 3609 866 107 1404 80 200450 283 9056 199627 200449 456 1334 257 80 279 786 19 1539 80 550 2253 1179 1191444 -1 -1 0 0 0 0 7 6 6 7 8 2 8 2 5 4 0 0
"19b1770585942c50" 23 28 4942 104 83 34953 80 550 44 30 6871 199627 90 28 246 334 19 46 80 19 475 61 132520 1179 1191445 -1 -1 0 0 0 0 4 7 4 5 5 3 6 8 4 5 0 0
"450fd68666184d2e" 25 28 1541 44 61 391 791 253 80 550 33 199627 90 2358 3251 14 36 28 1051 319 80 28 61 36 4 1179 1191446 -1 -1 0 0 0 0 7 7 6 5 6 3 4 5 8 6 0 0
"1a18bf9d18f6c3c2" 43 30 235082 749 19 5854 318 80 6 4 13 199372 199627 249 859 2127 1957 76 90 2995 19431 1179 199627 192 46188 590 119 49 1625 80 28 2098 80 199627 456 30 2820 277 19 212 849 150 4256 199372 1191447 -1 -1 0 0 0 0 6 7 8 9 9 4 2 9 4 8 0 0
"49c1a35af7a800e3" 45 4 212 30 1047 72 77 14 80 7420 80 199627 1334 44 2484 80 102 51 80 22842 80 90 21876 1179 199627 200449 4 90 369 80 184 407 42 30 1299 80 199627 90 144 70 30 6163 80 184 7517 1179 1191448 -1 -1 0 0 0 0 8 8 9 8 9 7 5 6 8 7 0 0
"4348b79ac11a63d6" 22 70 28 234877 11441 80 6227 150 517 1138 80 199627 184 2554 42 15785 60 7537 80 184 255 8102 1179 1191449 -1 -1 0 0 0 0 7 5 6 7 5 8 3 4 3 4 0 0
"44b370b296aa4236" 23 43 42 80 1226 80 537 80 1334 24 253 1179 199627 200450 390 178 30 403 184 2100 80 28 2593 1179 1191450 -1 -1 0 0 0 0 5 4 5 5 6 4 1 1 2 3 0 0
"f0c4efd0dcb8ac45" 24 158 103 56 20 61 80 200450 460 60 51 152 80 199627 200449 234833 174 3920 80 200450 17 3617 60 25 1179 1191451 -1 -1 0 0 0 0 9 9 10 7 8 7 5 3 9 6 0 0
"01dbf9092ecd364b" 25 70 369 7 80 915 80 104 150 61 90 3286 80 199627 4 460 14 43 369 7 80 74 7 36 1410 1179 1191452 -1 -1 0 0 0 0 9 6 8 7 8 4 6 1 9 5 0 0
"241954d8ff20190a" 28 102 51 10665 866 30 4872 80 16520 1937 19 4 80 199627 90 158 4 299 390 77 14 80 153 154 28 61 104 33 1179 1191453 -1 -1 0 0 0 0 6 7 7 5 6 2 4 2 4 5 0 0
"53ab26b2aa7ed768" 22 1267 232 236033 200449 550 44 28 1819 80 199627 235221 2091 192 15793 80 807 28 1003 90 28 553 1179 1191454 -1 -1 0 0 0 0 7 6 6 8 7 6 2 4 8 5 0 0
"0a0ba878c5bb5402" 24 456 891 208 1262 80 6 855 76 77 2425 80 199627 90 456 352 1548 80 20 848 19 638 382 6392 1179 1191455 -1 -1 0 0 0 0 8 9 8 4 3 5 3 3 7 3 0 0
"939ee7238012f8ce" 28 70 369 7 80 915 80 104 150 61 80 550 33 80 199627 200449 158 330 27 4 44 28 4255 15685 80 236162 369 119 199372 1191456 -1 -1 0 0 0 0 8 7 7 7 6 6 3 7 5 5 0 0
"7a8331a03b1feb15" 19 46188 590 119 49 1625 80 28 2098 80 199627 19 2995 549 90 27 150 29 4256 199372 1191457 -1 -1 0 0 0 0 5 4 5 5 6 5 2 2 4 2 0 0
"b04b9158f0026f90" 23 369 465 709 8894 80 166 283 527 80 199627 90 4 212 60 58 4 630 60 80 344 11 9247 1179 1191458 -1 -1 0 0 0 0 8 9 9 8 10 6 4 3 9 6 0 0
"82041b896f4c91d9" 46 4 1165 28 246 90 1460 60 415 76 80 199627 4 212 30 1047 72 77 14 80 7420 80 74 5430 1179 199627 11 102 44 30 1024 161 511 206 3467 80 199627 271 61 104 3915 80 60 835 74 37250 1179 1191459 -1 -1 0 0 0 0 9 8 8 7 9 6 3 6 8 9 0 0
"cbf927ba71182ed8" 52 192 396 5430 80 60 146 786 19 176 80 199627 249 49 4 25 28 319 80 369 27 3368 19 14596 1179 199627 28 1541 44 61 1866 96 68 12141 1050 80 199627 249 49 4 80 1024 80 550 68 791 253 80 102 10254 19 780 1179 1191460 -1 -1 0 0 0 0 7 4 5 7 4 6 4 1 3 3 0 0
"20ea5c952b92dd85" 23 798 43297 474 80 249 369 6 563 824 80 199627 28 4942 104 83 34953 49 4 80 6096 44 1597 1179 1191461 -1 -1 0 0 0 0 7 6 6 5 3 6 3 2 5 2 0 0
"f91fda9b0a01e112" 20 184 229 146 18717 80 808 184 20399 80 199627 1267 232 271 259 42 90 152 19 3177 1179 1191462 -1 -1 0 0 0 0 5 7 6 6 8 8 3 3 2 3 0 0
"36e6b210250fa3e8" 24 4 68 83 245 2505 711 10700 80 550 595 80 199627 249 4 6 563 153 475 199374 68 103 1841 2831 1179 1191463 -1 -1 0 0 0 0 3 5 4 5 6 4 3 4 2 5 0 0
"a8b3a29ad8685161" 24 17674 76 19 82868 80 5795 28 2971 80 199627 2358 3251 14 36 28 1051 319 80 550 11 559 369 4522 1179 1191464 -1 -1 0 0 0 0 6 7 8 5 6 9 5 2 2 3 0 0
"fe15e3844a7d2c38" 27 891 127 3273 80 184 2554 42 15785 60 7537 80 199627 249 2539 3250 80 184 127 603 29293 90 330 229 11 36 3419 1179 1191465 -1 -1 0 0 0 0 5 7 8 5 6 4 7 2 2 6 0 0
"5d2d031bc9b8bc17" 27 14 90 4 80 184 407 42 30 1299 80 74 5430 80 199627 425 184 114 119 43 184 12 80 4593 60 76 2283 1179 1191466 -1 -1 0 0 0 0 7 9 8 7 8 7 6 3 3 4 0 0
"1864872c51677bf9" 27 369 153 369 112 651 4 80 60 24846 102 51 5697 80 199627 249 4 7349 28 6345 192 1138 80 1069 14 554 275 1179 1191467 -1 -1 0 0 0 0 8 9 8 6 7 5 3 2 9 5 0 0
"c9a8d0bd84f60e6e" 27 757 43 4 1330 404 80 4 477 4758 28 3487 80 199627 425 173 1598 44 28 358 80 102 33072 51693 44 28 4285 1179 1191468 -1 -1 0 0 0 0 6 8 7 6 7 8 4 3 3 5 0 0
"d75407bd631a4a2a" 26 200450 11 3609 866 107 1404 80 74 7 19 25366 80 199627 279 786 19 1539 456 184 942 520 80 192 396 5430 1179 1191469 -1 -1 0 0 0 0 4 7 8 6 6 7 7 3 8 3 0 0
"45d3d8a82551fff7" 25 30 235082 749 19 5854 318 80 453 4 106 52 80 199627 249 184 229 763 44 19 88 80 184 1718 583 1179 1191470 -1 -1 0 0 0 0 2 6 5 6 6 7 6 9 4 8 0 0
"650994b19c7d672a" 25 798 43297 474 80 275 229 74 2253 2782 80 199627 249 369 229 1218 19 2505 406 90 120 76 28 625 6310 1179 1191471 -1 -1 0 0 0 0 6 8 7 7 6 4 4 5 3 8 0 0
"bb65246d68823dcc" 28 369 1628 90 390 178 30 403 184 2100 80 70 54 2465 80 199627 249 70 352 817 104 707 14 89 80 74 511 13952 1179 1191472 -1 -1 0 0 0 0 3 5 4 5 6 5 5 3 6 4 0 0
"bba03733e9d2adc6" 24 4 1866 17 2718 80 550 102 20815 80 199627 249 158 4 283 174 606 80 860 283 8923 408 30 11238 1179 1191473 -1 -1 0 0 0 0 4 6 5 5 7 4 5 2 3 4 0 0
"37acdae2d3f2d846" 31 4 229 127 43 369 7 80 74 3343 19 41 83 80 199627 90 158 4 232 2233 80 330 215 27 4 44 28 4255 15685 1501 3420 1179 1191474 -1 -1 0 0 0 0 3 6 5 6 7 5 4 3 3 3 0 0
"5494e7a74525ee50" 27 1267 232 236033 621 90 1237 80 550 70 369 153 80 199627 46188 590 119 49 1625 80 2098 80 456 30 2651 2443 1779 199372 1191475 -1 -1 0 0 0 0 6 7 7 8 7 6 4 3 3 3 0 0
"1a455332a3ff2610" 40 4 153 369 166 283 849 408 4 80 550 51 6183 80 199627 158 103 56 20 271 151 1605 80 200450 453 60 151 199627 90 1080 541 369 136 80 223 184 208 271 3271 8428 1179 1191476 -1 -1 0 0 0 0 7 8 8 7 7 6 7 3 5 6 0 0
"e0466f735799808f" 24 3554 236160 161 511 236183 83 30 1877 80 199627 158 4 299 390 77 14 80 166 4 421 28 246 1376 199372 1191477 -1 -1 0 0 0 0 6 7 8 7 8 8 5 3 7 5 0 0
"c5177dc90e12a6c4" 24 1786 235722 42 236184 102 369 11 6 824 80 199627 249 28 1541 44 61 391 14381 253 80 425 369 6545 1179 1191478 -1 -1 0 0 0 0 7 8 5 6 6 9 4 2 8 4 0 0
"41faf5e9d4ea3034" 30 1267 208 855 76 408 28 1841 80 199627 76 19 236185 80 249 330 22 151 80 199627 90 475 369 68 80 344 475 30 2602 12196 1179 1191479 -1 -1 0 0 0 0 6 6 7 6 7 5 4 4 4 6 0 0
"4360aeb2fa93e833" 25 492 60 76 77 30 3821 80 369 6725 80 199627 24 42 83 28 4823 80 425 200450 5843 60 42 90 3824 1179 1191480 -1 -1 0 0 0 0 8 7 8 7 6 6 5 3 6 5 0 0
"4346b342a713a879" 32 4 925 14 51 7632 80 249 16520 749 19 32 80 199627 51 495 77 1047 83 28 7688 80 249 4 166 638 103 80 60 229 74 80402 1179 1191481 -1 -1 0 0 0 0 9 7 6 5 5 8 5 2 7 4 0 0
"87fa71a59721b2a8" 30 4 216 14 83 28 36077 102 51 152355 80 199627 2539 28 876 22 4522 80 90 16520 192 2173 77 1019 80 28 234829 44 51 19183 1179 1191482 -1 -1 0 0 0 0 5 8 7 6 7 9 4 4 3 4 0 0
"a81509d026dfae36" 22 369 242 30 3167 415 150 1964 80 199627 90 271 2567 96 74 1428 80 1334 227 36 30 1755 1179 1191483 -1 -1 0 0 0 0 8 5 6 5 7 3 5 6 2 6 0 0
"518264d3ece0f4c3" 24 425 848 391 51 206 456 184 996 1366 80 199627 90 60 114 20 739 44 788 10732 80 120 60 3824 1179 1191484 -1 -1 0 0 0 0 8 6 6 6 7 4 6 4 4 5 0 0
"1ea5e047190c45a1" 34 184 996 192 1577 80 249 425 550 2157 80 199627 304 5278 42 80 103 1895 104 722 80 199627 90 11336 60 72 80 249 415 104 475 30 2602 35526 1179 1191485 -1 -1 0 0 0 0 7 6 8 7 8 5 6 4 5 6 0 0
"dc7a9dcc700c60dd" 30 4 390 4 153 51 1428 80 249 4 6 153 14 80 199627 4 1343 60 200449 1151 360 60 83 19352 80 166 4 1269 14 544 199372 1191486 -1 -1 0 0 0 0 7 9 7 7 6 3 6 5 3 6 0 0
"38a4f61dc189489f" 21 90 163502 14 408 70 103 2602 80 199627 90 212 279 36 27613 80 11 1394 44 30 3397 1179 1191487 -1 -1 0 0 0 0 6 4 5 4 5 6 4 5 3 7 0 0
"73adc9906f3aa711" 26 150 34 263 9337 456 173 255 83 30 855 80 199627 249 369 1267 32 83 28 31648 80 200449 234833 17 255 896 1179 1191488 -1 -1 0 0 0 0 5 6 7 6 7 5 5 4 4 7 0 0
"d09e130af7cdb40d" 22 70 28 4541 80 330 232 83 11592 80 199627 249 49 45356 25 28 319 80 199375 232 83 5844 1179 1191489 -1 -1 0 0 0 0 7 5 7 6 8 4 6 5 5 6 0 0
"d39ff3220bc58d51" 23 70451 20 30 2760 36 30 236028 1891 80 199627 102 51 25892 3282 80 16520 1218 80 249 369 22 632 1179 1191490 -1 -1 0 0 0 0 8 4 6 4 6 5 6 7 2 7 0 0
"7706ad33ad0b97f3" 33 249 17 51 495 77 17647 456 60 2287 19 30 2919 80 199627 102 51 4255 1307 80 199375 35 90 707 80 249 199375 808 4928 60 42 44 28608 1179 1191491 -1 -1 0 0 0 0 6 6 7 6 7 5 5 4 4 6 0 0
"ff0ca9b7b8be4496" 23 158 369 996 15402 80 4 56 20 28 5730 1010 80 199627 94368 53700 37561 749 80 200450 453 51 1264 1179 1191492 -1 -1 0 0 0 0 7 8 8 6 8 9 3 2 4 1 0 0
"c4bafb59c9fc939a" 21 44 10193 34513 80 859 6464 24 90 3326 80 199627 90 185 43635 19 271 5569 83 30 6865 1179 1191493 -1 -1 0 0 0 0 6 7 8 7 6 8 3 2 2 2 0 0
"f944ef9195951d8f" 20 369 229 563 15493 80 11 206609 30 962 80 199627 386 129 80 4 1267 20 192 160639 199372 1191494 -1 -1 0 0 0 0 8 8 8 7 7 8 4 3 2 2 0 0
"f939035f18364b0f" 20 2910 11221 80 200450 216 30 3288 80 199627 90 245 398 11 6 153 559 19 1183 61 1179 1191495 -1 -1 0 0 0 0 9 9 9 8 7 8 4 3 2 2 0 0
"52a0e2d590654a10" 24 184 658 212 245 89 80 453 1883 36 30 554 80 199627 330 185 4 1057 617 80 249 154 229 33 1179 1191496 -1 -1 0 0 0 0 8 8 8 7 6 9 3 2 3 2 0 0
"3dcc864378a70504" 45 369 229 279 102 150 151 304 80 74 8459 80 199627 90 283 30 711 370 80 74 206 36 33924 80 199627 425 16520 231 7515 80 127 51 554 3546 80 199627 90 344 107 82 166 8346 355 80 757 1179 1191497 -1 -1 0 0 0 0 8 7 8 7 9 8 4 2 2 3 0 0
"05e49ce1f0d0bbce" 20 234968 1617 28 139 80 74 511 3821 199627 1829 18057 83 28 2462 80 425 369 114 27088 1179 1191498 -1 -1 0 0 0 0 8 7 8 7 9 7 2 2 3 3 0 0
"2c8d993247ed056b" 43 541 1617 28 139 80 74 511 5865 80 199627 90 16520 30 3167 415 150 1964 80 236186 80 199627 90 16520 2173 77 1019 80 74 511 576 24 80 199627 550 206 36 4322 80 74 206 19 22472 1179 1191499 -1 -1 0 0 0 0 8 8 8 8 9 8 2 2 4 3 0 0
"b7786e81d86fe54c" 46 1267 283 24 44 1840 80 74 511 31052 72 80 199627 4 394 14 369 391 51 7632 80 425 16520 1617 72 80 199627 102 51 4255 1307 80 16520 6174 790 80 199627 166 638 14 89 80 16520 747 19 6132 1179 1191500 -1 -1 0 0 0 0 7 7 8 7 9 8 2 2 3 3 0 0
"769fa8f083b034c0" 50 425 5843 60 42 80 1394 102 551 74 2628 80 199627 425 848 391 51 206 456 184 484 19 13685 80 199627 30 70451 20 30 2760 80 184 1267 1368 60 2757 80 199627 74 511 227 44 30 1841 80 206 19 1057 30 1010 1179 1191501 -1 -1 0 0 0 0 8 8 8 8 7 8 2 2 3 4 0 0
"b195c043bd99718e" 45 184 492 60 80 144 70 30 6163 90 7387 80 199627 184 996 192 1577 80 425 1334 227 271 634 275 80 199627 74 80 4 166 638 103 80 1334 1618 1619 80 199627 74 511 909 24 80 1334 8986 1179 1191502 -1 -1 0 0 0 0 7 7 8 9 9 7 2 2 3 4 0 0
"c1573aad44b1592f" 53 24 42 83 28 4823 80 1267 119 43 369 1267 119 80 199627 90 163502 14 408 3592 80 90 16520 4438 231 11603 80 199627 249 17 51 495 77 17647 80 808 127 245 6886 19 119 80 199627 249 16520 17 763 42 80 199375 13 103 144 1179 1191503 -1 -1 0 0 0 0 8 8 8 7 7 8 3 3 2 2 0 0
"bb0f5f947849b1e7" 42 304 5278 42 80 184 10716 1138 90 544 80 199627 184 1057 49 74 1428 80 11 227 4022 80 199627 32 83 28 31648 80 1267 32 5100 80 199627 229 74 206 36 31052 80 1267 32 11582 1179 1191504 -1 -1 0 0 0 0 9 8 8 7 6 8 3 3 2 2 0 0
"d50d2bff6c73693b" 50 4 153 51 960 77 1428 80 154 961 14 251 19 32 80 199627 4 56 20 51 5730 1010 80 200450 453 271 29 139 80 199627 94368 53700 37561 749 80 200450 212 451 30 3025 80 199627 859 453 271 7536 80 227 271 1010 1179 1191505 -1 -1 0 0 0 0 7 7 8 7 8 9 4 2 4 1 0 0
"848158c043723e4a" 48 90 11336 60 72 80 6862 43 330 127 80 199627 158 369 996 15402 80 844 4 563 106 51 29839 199372 80 199627 369 229 279 102 150 151 304 80 344 36 561 80 199627 16520 749 19 32 80 1024 80 200450 6044 1179 1191506 -1 -1 0 0 0 0 8 8 8 7 7 8 3 2 2 2 0 0
"c18bb24dc48085b0" 27 90 60 114 20 739 80 271 1663 2214 49 70 1787 80 199627 4 1343 60 285 4 360 60 80 249 860 146 278 1179 1191507 -1 -1 0 0 0 0 7 8 8 6 6 5 2 3 3 2 0 0
"1f1bdab7c1a55658" 22 184 389 212 245 89 90 283 30 711 80 199627 229 74 25892 3282 389 632 770 80 184 1683 1179 1191508 -1 -1 0 0 0 0 9 7 9 9 8 4 2 4 2 4 0 0
"bde866c1f98aa2b2" 29 330 185 4 1057 80 249 119 4 112 3177 199372 80 199627 2910 11221 80 184 1267 32 849 408 54 1829 18057 80 330 70 4355 1179 1191509 -1 -1 0 0 0 0 7 9 6 6 5 7 3 5 5 4 0 0
"40a27f9509c07cc6" 30 184 4438 492 60 80 425 184 15359 192 4300 80 199627 4 216 14 83 28 36077 102 51 152355 80 20830 28 34 562 9337 42 1138 1179 1191510 -1 -1 0 0 0 0 8 9 6 8 7 8 5 2 4 3 0 0
"746dbb1cf80cfa34" 32 24 58 369 391 7702 80 174 60361 90 3154 80 199627 352 1548 42 102 51 783 915 80 425 369 212 279 36 27613 80 18448 28 275 21715 1179 1191511 -1 -1 0 0 0 0 4 6 5 4 5 8 2 3 6 6 0 0
"3279993b7c6069c4" 24 1460 60 34135 80 74 511 8175 30 706 80 199627 425 184 4342 44 10193 34513 80 227 275 229 30 1299 1179 1191512 -1 -1 0 0 0 0 6 5 7 6 8 3 2 2 4 2 0 0
"97340a31d3423aaa" 22 90 60 114 20 739 80 271 3458 44389 2370 80 199627 231 7515 80 1267 232 19303 144 30 8183 1179 1191513 -1 -1 0 0 0 0 8 7 7 8 5 5 3 3 5 3 0 0
"fb10cf6640a95345" 25 2539 28 876 60 22 4522 252 4 25 28 319 80 199627 90 185 43635 80 386 129 80 4 68 2348 1678 199372 1191514 -1 -1 0 0 0 0 7 5 4 8 5 5 2 2 6 4 0 0
"4edb188f4364483b" 35 90 16520 30 3167 415 150 1964 80 369 453 4 12 11456 80 199627 70451 20 30 2760 80 24182 30 2249 53 19745 80 199627 45356 80 369 12 1057 36 287 1179 1191515 -1 -1 0 0 0 0 6 6 7 6 6 5 3 5 4 3 0 0
"b1cbdfb9356c1ef6" 38 90 163502 14 408 103 4519 80 16520 590 120 60 70 208 80 199627 4 56 20 51 5730 1010 80 1024 120 14 153 80 199627 4928 60 42 80 184 229 590 208 2988 1179 1191516 -1 -1 0 0 0 0 7 7 6 8 6 4 2 3 5 3 0 0
"77b1f96e53bb9363" 34 94368 53700 80 236187 749 80 199627 74 4 166 638 103 80 425 5843 60 42 80 280 44 2304 80 199627 2910 11221 80 184 27805 30 883 2831 1037 2831 1179 1191517 -1 -1 0 0 0 0 9 8 9 6 8 6 2 4 2 4 0 0
"a369758e157bd82c" 46 184 1057 49 74 1428 80 1267 27 271 2459 80 199627 2757 60 42 102 51 4255 1307 80 20830 60 1030 60 80 199627 90 245 398 80 330 12 13 770 35 80 249 859 232 13790 80 146 62444 53 70 1179 1191518 -1 -1 0 0 0 0 7 8 7 7 6 3 2 6 5 6 0 0
"6f861ac952cafe87" 41 425 848 391 51 206 456 184 240 96 51 3887 80 199627 249 17 51 495 77 17647 80 1691 271 259 42 80 146 3325 80 199627 1829 18057 477 5854 770 80 184 4340 83 30 782 1179 1191519 -1 -1 0 0 0 0 7 6 6 8 8 4 3 4 5 4 0 0
"ed7fd007674020dc" 40 32 83 28 31648 80 19 4107 30 6167 80 199627 70 1787 80 229 127 206 36 154 80 199627 369 229 563 15177 80 103 104 11 28 6240 490 80 6912 1619 80 146 842 24 1179 1191520 -1 -1 0 0 0 0 7 7 6 7 5 4 3 3 6 3 0 0
"2791653fd70855eb" 40 94368 53700 80 236187 749 19 2174 30 706 80 199627 369 229 279 102 150 151 304 80 6 20 19881 14 19 3428 80 199627 90 245 398 185 16520 3273 80 249 330 11 166 3176 1179 1191521 -1 -1 0 0 0 0 9 8 9 6 7 5 3 3 4 4 0 0
"ee6e7e4c46fa3c9d" 24 1267 283 24 44 1840 80 28 235133 336 11233 80 199627 304 5278 42 223 550 174 2780 80 36 108 1428 1179 1191522 -1 -1 0 0 0 0 9 8 8 7 6 9 5 6 3 2 0 0
"6253f32178509032" 26 24 58 369 391 7702 80 425 369 6141 51 495 77 1047 80 199627 206 19 5843 891 42 80 223 550 174 2780 1179 1191523 -1 -1 0 0 0 0 9 7 8 6 6 8 5 2 2 1 0 0
"553b91a7975cd5bd" 24 184 996 192 1577 80 249 425 4 1343 60 80 199627 285 4 360 60 80 90 425 1334 15401 30 711 1179 1191524 -1 -1 0 0 0 0 7 8 5 6 7 7 3 3 3 2 0 0
"911bd2ff1ff2a395" 22 71 1312 28 600 80 166 1028 43 16520 234894 80 199627 166 2636 53 1237 80 28 600 566 236188 1179 1191525 -1 -1 0 0 0 0 7 9 6 6 7 6 4 2 2 2 0 0
"28c2a86c4064fd3e" 21 90 12557 80 103 22 20 30 488 206 80 199627 154 369 942 28 34 44 297 4839 2971 1179 1191526 -1 -1 0 0 0 0 8 8 8 5 6 8 4 5 3 2 0 0
"93bf0ac6ae590c7b" 21 90 2258 2283 80 16520 83 51 17371 80 199627 31993 28 2229 49 8098 80 19 3569 103 3477 1179 1191527 -1 -1 0 0 0 0 7 6 7 6 7 7 3 3 2 1 0 0
"1264650b0f70615b" 23 90 234840 172 80 199375 1082 4 19 12939 9391 80 199627 4 2348 2505 14 76 80 4 71 216 3613 1179 1191528 -1 -1 0 0 0 0 8 7 7 7 8 6 4 4 2 1 0 0
"ac7daa3767f65c36" 18 90 559 60 20373 80 103 2602 415 80 199627 690 685 80 369 11 166 1678 1179 1191529 -1 -1 0 0 0 0 7 7 6 5 5 7 6 4 7 2 0 0
"e5b248b63c9acd03" 29 22208 1214 80 83 28 43310 80 18227 83 154 362 15523 80 199627 484 19 5814 51 23645 102 3220 80 425 330 153 43 369 119 1179 1191530 -1 -1 0 0 0 0 9 7 7 8 7 7 3 3 2 1 0 0
"0ad20080a5f34eaf" 23 142327 80 369 20 206609 1749 102 51 8673 80 199627 394 150 291 19 350 603 17168 80 352 391 234948 1179 1191531 -1 -1 0 0 0 0 9 8 9 7 6 9 4 2 1 1 0 0
"ebab5225951a3c43" 20 1895 1779 44 28 5774 80 344 36 340 80 199627 90 507 150 4509 80 453 4 106 1179 1191532 -1 -1 0 0 0 0 8 6 7 7 6 7 2 3 1 1 0 0
"d2b39ee2a258e3b0" 23 90 184 492 51 1088 51 2842 80 82 146 234861 80 199627 150 1024 1191 22 563 212 150 4893 235883 1179 1191533 -1 -1 0 0 0 0 9 8 8 9 7 7 2 6 2 1 0 0
"aa78dec5f34f55f9" 25 74 161 1499 378 119 80 369 443 251 4 80 199627 91248 80 344 28 721 80 184 17677 49 499 88936 174 1179 1191534 -1 -1 0 0 0 0 9 8 8 8 7 7 2 4 7 3 0 0
"b58107632f4bf4a0" 20 330 185 95980 129 566 70 23525 80 199627 249 2505 51 28928 5040 80 184 234848 30 3120 1179 1191535 -1 -1 0 0 0 0 7 6 7 6 6 7 3 3 3 1 0 0
"206b7dd4d9a7795e" 24 768 74 2259 290 80 344 28 443 5112 80 199627 90 4 83764 757 804 80 768 860 20 28 160 5854 1179 1191536 -1 -1 0 0 0 0 7 6 6 6 5 6 5 4 4 3 0 0