"4f5cf6e81d7d0843" 9173 174966
"e9972c13570c9b72" 111586 149815
"3d8ff7fda36991b5" 27253 145355 126782
"4334d6e81d7d0843" 9173 10422
"8211f397388faac0" 174776 158825 175186
"702c672a5261e4ed" 144242 37712
"b83882bcd1f79675" 170969 10201
"f992cfdc0a047bee" 66800 61155 59167
"c57f0f01eb653aa2" 43024 133407
"0b22067f830c6aeb" 115894 105093
"919a3ab6b1537fe2" 13384 92296 147680
"dd2c2242538ba061" 11299 171241
"fbb9a6978dfdec44" 38908 144242 37712
"a38c9bcc996040ae" 16617 61155 10201
"fbf6e3648ab69528" 105093 115281
"deac872fa5919133" 115894 92296 42774
"fd469b94625e71c7" 27253 126782 61363
"2e761f1e4e9ee33e" 174966 65092 110015
"cd40bd83159ed6a3" 83977 10422 163300
"3c7743ec0117cd25" 155134 66800
"b14666e9506ee94c" 133407 13384 61363
"32348635fe5913ce" 151391 11299
"2916df007f518640" 35786 13149 174966
"63c98aa31edc89d7" 149815 126782
"9b775fd948e81c02" 145355 83977 174776
"3ea143ec0117cd25" 155134 43024
"3b0ff57f830c6aeb" 115894 92296
"0e6755506af3604e" 12151 133288
"495557977a5eb692" 164842 47752 158825
"520a90d74e23fb3c" 111586 65092 10422
"ba171ad5b27a6e2a" 110015 145355
"518ad2617887516b" 175186 155134
"9c0faadadc2d8362" 59167 66800 170969
"0c14f46c73d39bc5" 115281 92296 42774
"5416502c340dd496" 147680 12151 209
"6e9a3f295c76a685" 142510 11299
"71e806bdc10bd0e5" 38908 174987 11299
"16919aa31edc89d7" 149815 158825
"b5aad3f59412a39b" 16617 151391 142510
"a1f5921c13a37b86" 111586 115281 142786
"5c650f01eb653aa2" 43024 92296
"fa3b909389ff6315" 163300 142510
"d96b3b7f2a6f5922" 92296 13384
"427bb54b1df70328" 37712 10201 84294
"3c77e7de8e56c01e" 13384 142510
"a4f7f634a88c736b" 11299 171241 209
"d30c7f2c6786f6a3" 30845 142303 159068
"1f62be6ec764cbd3" 5520 84276
"817d7a650427f5a0" 184565 92666
"ca64b3db50a7d3e5" 109731 162360
"bd09cf627fa1ff2a" 108447 71772 55279
"c00045a8857b38dc" 34968 131196 158367
"43daccec33d034d1" 91491 118528
"3e21876088f11e2d" 184589 175757
"95c293374a91843f" 109799 1822 138891
"964f37bea2a313fa" 169095 98401
"c6a911b7bd478609" 4952 112488 151363
"f4eaf2301c72e2eb" 84255 97942 70769
"712d4d22b5cf675c" 31092 65734
"5d2bca19cbdca243" 125998 67877 58253
"6c3871d5684d6757" 69485 105616
"f778c54f13e58b3e" 12105 29469
"ebfc97cc3ae4b26a" 58269 93248 101776
"b5208d304cee27a2" 88436 53514
"2846c0c3f345ca28" 101776 93893
"ec7f7d6c28dfb5ed" 56735 38798
"9cf83f91226f810d" 113483 117453
"e9d661b983655d58" 68353 49955 167973
"14850dfd7064c29d" 32389 71379
"a972ba6bb04eed9d" 170956 117899 150614
"cab1dfcee33bee7d" 124822 185294 16871
"b1d8e38a5bd72e26" 31333 117069
"a64169f3751631fd" 10469 88465 153175
"f83f446327d29dda" 34253 45433
"7e3c08dad8d73186" 28752 6762
"171ccad9f5e807ec" 108845 143045 177970
"9603514096a9c4f9" 153228 61152
"54faa6296613f6dd" 71742 177970
"7f9acbf5b5ba3578" 105085 150614 113483
"4ba58c15b46953e8" 29469 38798
"92522b7a7f416fbc" 65734 125998
"9ba6e54f13e58b3e" 12105 153175
"fcbbc1d3c53dd619" 49955 32389 6762
"9afd96296613f6dd" 71742 124822
"e3165024ec37a0e0" 143045 105616
"833da45f106b9da5" 185294 167973 28752
"d61ad38a5bd72e26" 31333 56735
"c9e23eb783b95b00" 53514 108845
"20b2d6e0e77b2838" 67877 45433 16871
"e1cf8d304cee27a2" 88436 117453
"1164f4f4a84d5c4c" 71379 108845
"4df279cff817647b" 109173 58253 10469
"98e35b678a18d4de" 117899 117069
"37f1feb6356d11e6" 58269 34253
"182a71d5684d6757" 69485 113483
"50fc8d6c28dfb5ed" 56735 93893
"7215b721ab2ffdb1" 93248 105616 185294
"3d340fc07f771990" 153228 75747 153175
"81ca0b7a7f416fbc" 65734 29469
"e4030dfd7064c29d" 32389 61152
"2e58d0c3f345ca28" 101776 167973
"6bba7d304cee27a2" 88436 31333
"fd36ac876221d348" 68353 67877
"8388848ffca4abcd" 88465 125998
"28a162492a5b881e" 60581 31092
"4bb2105da291c3dc" 17120 36071
"55404fdab8739c78" 112647 58061
"61e266a66bcf847c" 58295 133278
"33a64ddd72ccd52a" 24358 31783 122265
"462169853edb9639" 11743 69348
"d87cbd1f60d8fee6" 53351 168229
"e7a5235248939c8e" 122265 112652
"e4eb5a8c5bee1629" 31783 24358
"75a8f1e8f3eccb90" 58061 112647 133278
"9cb02757a126deb4" 17120 53351 168229
"10eb968439a2fe82" 171288 58061 58295
"681f3cb786338328" 36071 133278
"de3a492ff46ee817" 112652 69348
"eb7fad1f60d8fee6" 53351 115030
"7933335248939c8e" 122265 168229
"f0562cb786338328" 36071 31783
"de74b6b37c074d30" 115030 171288 24358
"76f43fdab8739c78" 112647 11743
"729f2b3eaf26f3ce" 168229 122265
"0311492ff46ee817" 112652 31783
"91b73cc5ebbbd3ed" 53351 171288 122265
"2307336971c07c6e" 36071 133278 69348
"f2717a8c5bee1629" 31783 112647
"b5ef1b3eaf26f3ce" 168229 58061
"173244e34226a6c8" 115030 24358
"53377139f05f7f8d" 58295 122265 171288
"3fdf005da291c3dc" 17120 24358
"2ab730036b60df3b" 11743 31783 53351
"f9c2581d7bce7ec3" 69348 133278
"218d523665f0f375" 112647 122265 168229
"820a381d7bce7ec3" 69348 31783
"8a8df028b8da1470" 171288 24358 122265
"78bb69853edb9639" 11743 112647
"ad19c476363ba301" 133278 36071
"f0c5a18185505005" 31783 53351 112652
"f3504fdab8739c78" 112647 58295
"bd07b155bc1c5e91" 17120 69348 133278
"fa814487b33a854a" 58061 122265
"39f19395705aa809" 11743 53351 171288
"9ecc54e34226a6c8" 115030 133278
"9268135248939c8e" 122265 58295
"03142f90c4bd45dc" 31783 168229 112647
"f565592ff46ee817" 112652 115030