"aef3e7c6e38c22dd" 22 369 153 43 352 251 80 352 12 1895 80 199627 19 30 3455 77 51 4327 2651 80 5942 5002 1179 1191239 -1 -1 0 0 0 0 7 10 9 9 8 5 4 1 4 3 0 0
"8107d6ab78881904" 18 271 1594 104 8717 80 344 30 28671 80 199627 859 232 10812 42 30 6484 6865 1179 1191240 -1 -1 0 0 0 0 8 6 7 6 7 3 2 5 3 7 0 0
"7b536debd6857195" 20 66 30 2194 80 386 4 1267 2913 80 199627 859 232 227 1274 80 229 74 4982 20895 1179 1191241 -1 -1 0 0 0 0 7 5 6 4 6 3 2 7 2 5 0 0
"274f8aa60e1236f4" 21 369 153 43 352 251 80 807 68 5012 80 199627 36 770 19 453 60 144 80 146 7591 1179 1191242 -1 -1 0 0 0 0 7 10 9 9 8 5 4 1 4 3 0 0
"23bc04e29f7e47d2" 22 44 7 77 28 4486 80 807 28 2688 80 199627 859 5112 103 4453 257 80 168907 90 35073 20298 1179 1191243 -1 -1 0 0 0 0 8 8 8 8 7 6 4 3 9 6 0 0
"8a36fb7625533747" 18 456 4 2636 80 199375 20 150 1749 80 199627 44122 474 749 80 586 4 2370 1179 1191244 -1 -1 0 0 0 0 7 6 9 6 5 2 8 4 3 2 0 0
"f97faa4e7e6ed4a4" 21 70 369 7 104 770 80 257 859 1746 80 199627 1031 330 83 8 29 80 859 146 56247 1179 1191245 -1 -1 0 0 0 0 8 5 7 5 8 3 2 4 8 6 0 0
"7fcb8edaa5a734b9" 34 4 212 30 3592 474 72 28 24 80 199627 330 2348 1525 4 89 80 249 859 32 35170 80 199627 369 2306 603 351 44 60 80 425 184 466 10013 1179 1191246 -1 -1 0 0 0 0 7 5 6 4 8 3 2 4 3 5 0 0
"9705498542ab193d" 23 369 119 17 436 80 199375 453 28 29 139 80 199627 956 28 915 408 43508 80 807 749 19 32 1179 1191247 -1 -1 0 0 0 0 8 7 7 6 7 3 3 2 7 4 0 0
"2b1db3dc6d8a1272" 22 4 127 14 231 102 550 11673 80 199627 330 166 119 60 102 184 119 80 386 330 1267 1081 1179 1191248 -1 -1 0 0 0 0 7 7 7 6 6 4 3 5 2 6 0 0
"36fb9feecc8d76d1" 23 1105 2284 184 996 235476 80 199627 249 425 550 11 30 6650 80 199627 10716 102 51 50189 80 255 1409 1179 1191249 -1 -1 0 0 0 0 7 4 5 6 7 4 3 4 2 6 0 0
"101311dfc9056515" 17 28 28 80 1334 227 271 634 80 199627 2601 398 185 3250 80 279 878 1179 1191250 -1 -1 0 0 0 0 9 6 8 8 8 2 2 4 7 6 0 0
"19fd64b828745107" 26 386 4 771 909 53 14 80 199627 456 4 2636 80 199375 20 150 19831 80 199627 44122 474 749 80 1334 227 4022 1179 1191251 -1 -1 0 0 0 0 8 4 7 5 6 2 7 4 3 2 0 0
"5dea72fabfc4e63f" 37 70 369 7 104 150 61 80 550 70 16520 1110 80 199627 330 2348 1525 4 89 80 249 1334 9583 138370 80 199627 859 11 1746 83 271 29 80 74 7 36 32855 1179 1191252 -1 -1 0 0 0 0 8 5 6 4 8 3 2 4 8 6 0 0
"2e3bde26fc696f08" 24 227 275 102 330 119 80 859 146 4204 80 199627 43657 297 4790 4627 80 859 146 632 80 859 146 236176 1179 1191253 -1 -1 0 0 0 0 7 5 5 6 7 4 2 5 3 5 0 0
"c2ea448fa0c70ba5" 28 4 127 14 1598 44 206 80 231 3273 1766 80 199627 425 60 9103 80 16520 1091 42 83 17347 51 495 80 166 563 592 1179 1191254 -1 -1 0 0 0 0 7 8 9 9 8 8 4 2 5 2 0 0
"c41aac4ff7c4529e" 29 1330 80 66 30 2565 80 66 30 3260 199372 199627 4015 178 154 229 590 250 770 1057 1274 80 25 30 139 80 199375 15723 4 1179 1191255 -1 -1 0 0 0 0 7 9 8 9 7 8 4 8 4 8 0 0
"47790dc79f64b833" 51 369 11 12 12684 28 1964 80 5002 19 154 4327 2651 80 199627 158 4 6 102 60 80 58 1015 14 19 208 80 550 83 10618 1179 199627 158 369 484 51 972 19 780 60 70 253 80 369 137 119 51 1146 1132 80 16506 1179 1191256 -1 -1 0 0 0 0 9 8 8 7 7 8 3 2 4 2 0 0
"49f50c2523bd7a4e" 45 369 390 77 70 30 891 154 369 1043 80 199627 369 27 1167 5012 36 51 71 1772 80 199627 11 51 2500 43300 19 453 28 139 19 30 31 80 199627 90 630 70 603 4180 804 80 330 114 4554 1179 1191257 -1 -1 0 0 0 0 7 8 7 8 7 4 2 3 3 4 0 0
"d413a025c21c536f" 25 16520 4899 406 7486 42 28 5088 80 199627 285 4 153 4 212 70 77 28 3592 474 89 80 56336 30 8374 1179 1191258 -1 -1 0 0 0 0 8 8 9 8 8 7 7 7 5 6 0 0
"b4468874379067b8" 33 955 51 915 408 43508 80 352 391 1749 80 74 139 19 3596 80 199627 42 735 2284 80 249 352 240 33017 80 25 30 139 80 352 254 511 1179 1191259 -1 -1 0 0 0 0 9 9 9 8 6 7 6 2 5 5 0 0
"66095cc4ee33ae25" 23 4 7654 53 14 456 369 391 89 80 199627 249 425 45635 997 45635 997 425 13 276 2104 30 5228 1179 1191260 -1 -1 0 0 0 0 7 8 7 7 5 4 2 3 3 4 0 0
"dcc1bb8865f5df6e" 47 16520 231 192 4300 474 425 80 168213 83 286 80 74 2022 80 199627 255 394 4 36628 154 199373 453 60 476 206 80 199627 249 36 425 80 199375 11 1895 19 30 3455 77 51 4327 2651 80 18227 83 28 4010 1179 1191261 -1 -1 0 0 0 0 9 8 9 9 7 9 4 5 3 2 0 0
"ec9eb9204ea46d99" 27 1618 83 42 19 71 891 80 146 590 32 808 80 199627 1383 6484 80 184 12955 1274 80 74 7 19 212 51 12393 1179 1191262 -1 -1 0 0 0 0 7 8 8 7 6 3 6 4 4 7 0 0
"61cea9054608e2e9" 50 103 4982 20895 77 4097 34920 83 28 34 80 199627 4017 77 43 369 1043 80 16520 44 51 1572 40944 80 199627 90 44 7 77 28 4486 80 382 61 80 382 2203 80 199627 19 4930 14 144 297 1051 403 80 453 891 474 1179 1191263 -1 -1 0 0 0 0 8 8 8 8 6 5 3 5 9 8 0 0
"ac9b75d06ed5ee24" 28 16520 12413 30 14678 80 7486 7618 80 1091 60 70 406 80 199627 891 566 1132 425 80 28 706 80 369 119 17 436 738 1179 1191264 -1 -1 0 0 0 0 8 8 8 8 6 6 5 4 3 5 0 0
"4c0225fbf05efdca" 22 4 127 14 231 102 16520 24 44 11673 80 199627 90 425 60 9103 80 103 234888 178 19 24322 1179 1191265 -1 -1 0 0 0 0 9 8 9 9 7 7 5 3 4 3 0 0
"b7a3b7fe0a1de8da" 20 4 127 30 398 231 30 5002 80 199627 330 166 928 103 231 80 550 763 603 3292 1179 1191266 -1 -1 0 0 0 0 8 8 9 9 7 5 5 3 3 3 0 0
"a201ac6ec3fda44d" 36 4 153 154 369 114 61 4 474 80 199627 509 60 263 12620 621 25 621 80 232 4 8054 53 1237 80 199627 16520 30 168907 80 255 127 4 44 28 2425 1179 1191267 -1 -1 0 0 0 0 9 8 9 8 8 6 7 5 8 6 0 0
"49f34fd9d991ac34" 44 150 206 104 11 509 7447 80 11 509 11887 80 199627 6 4 3589 178 14 80 11 1015 14 19 208 80 199375 119 509 4 1466 80 199627 199375 232 83 5012 80 2449 83 28 889 80 146 12464 1179 1191268 -1 -1 0 0 0 0 7 9 8 7 5 5 3 5 5 5 0 0
"781d9d18fef37bdf" 20 158 369 484 19 119 60 70 451 253 80 199627 137 120 103 4982 20895 4280 14 1478 1179 1191269 -1 -1 0 0 0 0 7 7 6 7 8 4 5 8 7 8 0 0
"657dfe5d5f492454" 23 35073 80 114 4 1058 14 408 103 275 16520 2990 199372 199627 425 16520 178 19 1082 406 90 780 236109 1179 1191270 -1 -1 0 0 0 0 7 7 6 9 6 4 3 8 7 7 0 0
"6734e04db75cc4ea" 26 369 2306 603 351 44 60 80 249 4 1348 30 1772 80 199627 4 212 849 28 3592 80 70 369 7 104 770 1179 1191271 -1 -1 0 0 0 0 8 7 9 8 6 6 4 6 5 6 0 0
"53384dc93ae56395" 26 4 4790 4627 80 2348 767 192 9247 80 199627 249 456 550 340 275 80 425 60 9103 80 4 229 127 154 7565 1179 1191272 -1 -1 0 0 0 0 4 3 6 4 3 8 4 7 5 5 0 0
"7cd9366673b472bc" 27 10716 144 30 1877 80 16520 51 50189 44 103 706 80 199627 4 127 30 398 80 249 1015 14 80 43 4 7 36405 199372 1191273 -1 -1 0 0 0 0 7 6 8 6 6 7 3 4 4 5 0 0
"674838951be022ae" 24 166 120 4 89 80 1267 232 28 1964 23 1138 80 199627 28 28 80 234833 51 4896 80 369 166 3757 1179 1191274 -1 -1 0 0 0 0 8 9 6 7 7 6 4 3 2 2 0 0
"faaef9d5895db731" 29 386 4 771 909 53 14 49 192 396 6310 199372 199627 25888 2596 2091 127 4 4029 80 4 7 19 1082 30 838 80 28 28 1179 1191275 -1 -1 0 0 0 0 6 5 6 4 3 9 4 4 5 7 0 0
"68ca35cc3b9586a6" 20 10812 19 30 31 80 6798 28 6484 80 199627 330 293 14 168907 80 634 1028 369 378 1179 1191276 -1 -1 0 0 0 0 9 8 8 7 7 6 4 4 3 3 0 0
"567a6b0a7b09b701" 32 70 369 7 104 70 150 2642 19 453 14 226 80 199627 4 904 19 228 53 14 80 425 173 30 161 231 30 1899 80 90 120 89 1179 1191277 -1 -1 0 0 0 0 7 8 6 7 8 6 5 8 8 7 0 0
"d8efbcf20b8018bc" 38 150 275 104 16923 11887 80 6 9765 60 19 30 2644 80 199627 4 4790 4627 80 6 278 28 6026 80 518 96 629 749 761 408 70 406 30 39 80 1334 70 4176 1179 1191278 -1 -1 0 0 0 0 7 6 8 7 6 9 3 6 3 8 0 0
"0b0cb6d85c928617" 28 369 119 17 436 811 80 369 2118 30 962 49 74 748 80 199627 425 60 9103 80 41 42 90 1183 1957 173 808 749 1179 1191279 -1 -1 0 0 0 0 8 9 6 7 6 4 4 8 7 6 0 0
"626bbe62b9fbbbf6" 26 127 51 2500 43300 19 28 646 80 249 16520 808 5056 80 199627 166 120 1167 283 120 89 25 70 30 823 21304 1179 1191280 -1 -1 0 0 0 0 6 5 7 5 7 5 4 4 3 6 0 0
"522bd41e3948cb90" 25 425 60 9103 80 206 19 92 271 1542 1964 83 80 199627 2284 391 43 184 996 235476 80 249 425 1334 3274 1179 1191281 -1 -1 0 0 0 0 9 8 7 8 6 6 5 3 3 9 0 0
"0f1b00eb8a8a42e1" 31 127 154 44122 474 749 80 16520 255 83 28 706 80 199627 1031 2527 11 1746 83 330 29 80 16520 5796 36 4275 80 122806 44 28 15374 1179 1191282 -1 -1 0 0 0 0 9 8 9 7 6 5 4 4 2 6 0 0
"71d069608b6ad96e" 28 90 2284 391 43 184 391 235476 80 249 425 184 2995 80 199627 184 166 120 2598 283 120 89 80 1267 3737 36 30 594 1179 1191283 -1 -1 0 0 0 0 8 7 7 9 6 5 5 3 2 9 0 0
"79d05d8401f74786" 20 28 80 28 80 2601 398 185 3250 80 199627 1015 14 80 43 119 4 7 19 4488 199372 1191284 -1 -1 0 0 0 0 6 7 8 5 7 8 4 3 6 3 0 0
"3bf00b8e07f31531" 23 537 22208 80 344 43 70 28 10156 844 185 80 199627 64 44 51 4633 80 1267 2757 42 1231 621 1179 1191285 -1 -1 0 0 0 0 5 6 7 5 6 6 4 4 5 4 0 0
"c4b2be95fc8b58e7" 22 425 28 40789 5977 352 22 2651 14 80 199627 249 807 11 51 3869 425 80 1043 44 30 1044 1179 1191286 -1 -1 0 0 0 0 6 6 7 7 6 5 3 4 4 5 0 0
"dbd3dee7c7548ac3" 23 408 30 5119 1352 80 199375 453 4 106 60 80 199627 14651 28 4853 80 1024 860 20 7841 340 691 1179 1191287 -1 -1 0 0 0 0 7 8 9 6 7 6 4 3 5 4 0 0
"33dc85398bf9cc93" 22 70 369 251 4 19 119 104 1895 49 14 80 199627 212 72 603 17168 80 200450 1269 2598 544 1179 1191288 -1 -1 0 0 0 0 8 8 8 4 6 7 5 3 5 3 0 0
"36d739c70316a136" 23 60 229 74 3439 80 11 10111 60 89 80 199627 1334 1617 19 30 72206 80 590 1062 42 103 3057 1179 1191289 -1 -1 0 0 0 0 6 7 7 6 5 6 3 6 4 6 0 0
"538a28a25851fa79" 46 192 250 14 453 60 144 30 1237 80 199627 11 757 53 4 44 61 80 234968 932 1179 199627 4 114 1525 150 10034 80 859 96 51 108 206 80 199627 257 859 453 4083 80 756 30 876 9103 19 3714 1179 1191290 -1 -1 0 0 0 0 8 9 7 8 9 6 4 6 8 7 0 0
"834dd9a79636f122" 21 3836 849 80 788 235105 102 51 5031 80 199627 5755 127 14 231 102 11269 80 747 19 4758 1179 1191291 -1 -1 0 0 0 0 6 7 6 5 6 6 4 5 4 4 0 0
"84476d1581ce517f" 23 1015 603 38030 80 120 770 44 80 6 4 13 199372 199627 4 5824 43 369 1208 80 859 453 2501 1179 1191292 -1 -1 0 0 0 0 8 9 9 5 6 8 3 6 4 4 0 0
"d8a555858ec9cfd0" 21 4 166 232 10721 80 6 153 43 173 1037 80 199627 74 92 80 11 709 3937 3522 47817 1179 1191293 -1 -1 0 0 0 0 6 6 6 5 7 5 3 4 5 3 0 0
"5aa6e522041fd423" 27 158 4 808 12 2976 60 80 200450 119 60 253 80 199627 232 42 49 14 80 1024 80 859 96 51 1237 19 1080 1179 1191294 -1 -1 0 0 0 0 7 7 7 5 6 6 5 3 5 4 0 0
"8d6e6b22eafd8e12" 44 10004 71 20 39258 80 344 382 5112 80 199627 174 1590 80 16520 83 1749 102 51 13715 1179 199627 90 707 60 42 80 1267 120 208 80 656 83 80 199627 166 2364 206 83 51 61 344 596 2157 1179 1191295 -1 -1 0 0 0 0 8 8 7 5 7 6 4 4 5 4 0 0
"a0cdd85ebcf307d5" 44 352 820 19 1015 14 80 166 232 60 415 80 199627 2647 2647 2647 80 200450 208 36 51 1895 1179 199627 13 603 6174 790 80 166 250 249 3755 80 199627 1334 227 275 80 229 127 206 36 17362 1179 1191296 -1 -1 0 0 0 0 7 8 6 7 8 7 5 6 7 7 0 0
"e844e8cbd3958330" 24 90 41275 6621 80 859 630 603 804 80 199627 4 1866 17 20 1218 80 249 199374 808 127 4 44 34 1179 1191297 -1 -1 0 0 0 0 7 6 6 6 6 5 3 4 6 4 0 0
"f3e60e9da97ce9bb" 51 11 460 14 2132 80 58 859 212 72 80 199627 566 4 2173 77 227 80 12 106 102 51 3120 199372 199627 394 28 915 19 11432 44 80 859 96 51 1237 44 80 199627 11 4 90 14 80 1024 80 120 30 108 403 7048 1179 1191298 -1 -1 0 0 0 0 8 8 7 5 6 6 4 3 5 4 0 0
"785c17949f2e3b7a" 22 5843 51 1741 80 460 51 3638 80 2380 245 61 80 199627 2346 603 6906 80 1342 102 51 8970 1179 1191299 -1 -1 0 0 0 0 7 8 7 9 8 8 6 6 9 8 0 0
"072f107fd20bb0d4" 21 1664 74 511 80 425 16520 51 650 129 80 199627 291 16520 44 30 1877 80 2441 28 41 1179 1191300 -1 -1 0 0 0 0 5 4 4 6 3 3 6 4 4 5 0 0
"3a79103054660457" 31 127 30 24806 415 80 1267 120 60 76 80 199627 2539 283 24 80 551 74 5430 1179 199627 344 11 43 184 119 80 90 24417 119 174 1179 1191301 -1 -1 0 0 0 0 8 7 6 6 7 5 2 3 4 3 0 0
"aa93f1a090527233" 23 507 28 23574 80 120 60 5723 80 453 245 1568 80 199627 4 2139 1625 51 6109 89 80 20 5125 1179 1191302 -1 -1 0 0 0 0 5 7 8 7 6 4 4 5 6 6 0 0
"662b694a39bc80dc" 23 184 119 43 184 119 80 184 6 824 80 199627 129 2743 119 60 44 150 29 139 80 6 7794 1179 1191303 -1 -1 0 0 0 0 6 6 5 5 5 3 4 3 4 5 0 0
"1c60852bdf7b79ef" 17 74 59455 76 28 4663 102 79938 80 199627 11 38860 6621 5376 559 16520 21406 1179 1191304 -1 -1 0 0 0 0 7 4 4 6 5 7 2 3 4 3 0 0
"0fee3c78115af839" 22 4533 20 102 80 200450 453 51 3262 80 199627 83 14354 199627 19264 199627 32398 80 859 212 51 41 1179 1191305 -1 -1 0 0 0 0 6 5 5 5 4 4 3 5 4 5 0 0
"7be091c1a69912a5" 47 415 30 39 77 4275 90 3173 80 199627 28 6469 12 20 14 192 369 229 127 19 742 243 12740 80 199627 184 353 83 51 3342 5208 249 425 1334 8986 1138 80 199627 227 271 634 275 80 74 7 19 13976 1179 1191306 -1 -1 0 0 0 0 8 7 8 9 8 8 7 6 9 8 0 0
"bc35092a5ada3412" 18 127 1093 4709 80 184 453 245 1568 80 199627 101638 101639 101640 101641 80 200450 22395 1179 1191307 -1 -1 0 0 0 0 6 7 8 7 5 4 4 5 6 6 0 0
"461e797f9ce46968" 50 192 119 150 14649 80 212 51 5032 80 199627 1664 7 51 30860 80 51 139 19 1057 544 80 106 30 6494 1179 199627 90 150 410 996 3469 53 14 44 3057 80 199627 249 425 966 70 1110 36 28 22809 80 966 192 89 1179 1191308 -1 -1 0 0 0 0 4 3 3 4 3 2 4 4 3 5 0 0
"3cb1b083876f2a21" 40 4 3619 60 80 30 21303 2174 80 199627 90 297 14203 80 330 70 106 192 1831 1179 199627 249 70 28 398 749 80 184 11 12 1394 80 199627 278 271 4153 90 27 245 4931 1179 1191309 -1 -1 0 0 0 0 5 5 5 7 6 5 6 5 6 6 0 0
"f23e2c930f6b2328" 25 192 396 36 227 1274 80 859 453 30 526 77 287 80 199627 351 83 351 80 79507 80 200450 18921 30 621 1179 1191310 -1 -1 0 0 0 0 7 8 8 9 7 5 6 7 8 9 0 0
"498f8b371d4fe6a8" 48 4 136 352 56 96 60 2099 80 192 369 2483 60 83 80 199627 6242 60 42 27609 80 550 206 19 656 83 1179 199627 4 996 234999 456 4 136 352 391 30 161 80 199627 425 807 2157 90 173 163 49 2714 1179 1191311 -1 -1 0 0 0 0 5 4 4 6 3 4 5 4 5 4 0 0
"12696a286a05a059" 38 250 603 19 2718 80 388 8 4047 80 199627 90 212 51 3610 49 14 80 859 630 70 271 5104 804 1179 199627 304 80 200450 27 271 1489 1342 80 550 206 19 21667 1179 1191312 -1 -1 0 0 0 0 7 8 7 8 7 6 5 7 6 8 0 0
"00604559de9d9a19" 39 199375 61 43 352 1081 80 550 11 14 80 199627 4 192 3272 80 166 4 13 199372 199627 1334 11 1132 80 166 9765 80 199627 249 61 104 61 80 90 344 43 1109 749 1179 1191313 -1 -1 0 0 0 0 7 5 5 7 6 5 8 6 8 7 0 0
"e7ce166d5e1d773f" 19 174 396 1716 1069 14 51 3326 80 199627 90 60 10726 849 80 163 14 231 26129 1179 1191314 -1 -1 0 0 0 0 7 6 6 5 6 5 2 3 2 2 0 0
"907402c56bee69fe" 28 456 4 996 1745 80 541 2326 474 80 199627 330 30904 19 185 770 10211 566 174 8372 80 249 550 11 559 184 4522 790 1179 1191315 -1 -1 0 0 0 0 9 8 9 8 9 8 2 2 9 2 0 0
"5a82f2ea81182d3c" 22 74 802 44 14 80 11 231 3696 80 199627 90 163 14 1899 80 1031 369 592 36 30 876 1179 1191316 -1 -1 0 0 0 0 6 5 7 4 5 7 3 2 2 5 0 0
"2bd358f428163d9e" 29 2348 1081 28 507 80 249 330 229 127 30 4812 80 199627 90 150 410 996 3469 53 14 44 3057 80 1031 28 4533 20 3326 1179 1191317 -1 -1 0 0 0 0 7 6 7 5 6 8 2 3 2 4 0 0
"b2554826ea850c5b" 22 291 16520 44 30 1877 80 227 625 90 510 80 199627 38860 6621 80 330 11 166 4758 28 5174 1179 1191318 -1 -1 0 0 0 0 8 7 8 5 6 7 4 2 2 4 0 0
"e16ef234aba52b42" 25 4 1866 17 20 1218 80 249 460 14 2132 1315 80 199627 199375 96 4 2359 83 28 2971 102 51 7534 13896 1179 1191319 -1 -1 0 0 0 0 6 7 6 5 5 8 2 3 2 3 0 0
"182236d55ec8fdcb" 21 1664 74 511 80 425 184 650 42 90 10027 80 199627 249 4 808 234999 90 271 236177 235980 1179 1191320 -1 -1 0 0 0 0 7 7 8 6 6 7 3 3 2 3 0 0
"3e873b0c2d97d692" 27 6469 12 20 14 80 249 4 166 436 150 840 80 199627 11 1093 4709 80 249 4 192 3272 80 166 453 340 4688 1179 1191321 -1 -1 0 0 0 0 6 6 6 5 5 6 3 3 3 3 0 0
"f773b5a6117052ee" 24 74 802 44 14 80 249 4 146 9556 80 199627 70 54 403 4 1165 14 36 27613 90 163 14 3905 1179 1191322 -1 -1 0 0 0 0 5 4 6 4 4 6 3 2 2 5 0 0
"45f37b37830b9280" 29 90 60 10726 849 80 102 330 255 119 80 199627 249 369 22 120 60 1525 14 89 80 297 6906 808 127 14 231 1896 554 1179 1191323 -1 -1 0 0 0 0 6 5 5 4 5 6 3 2 2 4 0 0
"7be9b7204d990057" 37 90 297 14203 80 330 127 14 231 1366 80 199627 28884 408 51 3342 5208 768 567 6539 53 51 2721 80 199627 90 61 43 352 1081 80 11 1070 154 19 28 6001 1179 1191324 -1 -1 0 0 0 0 8 7 7 6 6 7 3 2 5 3 0 0
"6e22af79ade84f28" 26 192 396 36 227 1274 80 184 70 222 793 80 199627 74 59455 76 28 4663 102 79938 80 1267 436 28 29 139 1179 1191325 -1 -1 0 0 0 0 5 6 6 5 4 4 3 3 2 5 0 0
"23976e0dde2a7669" 25 4 2139 1625 51 6109 89 80 456 4 601 1662 71 80 199627 174 396 1716 36 51 61 154 22 151 1274 1179 1191326 -1 -1 0 0 0 0 6 4 5 4 5 6 3 2 2 3 0 0
"79efbcf652425868" 38 566 4 2173 77 227 80 2139 42 44 30 782 80 199627 90 212 51 3610 304 80 630 30 3592 804 80 199627 70 28 3002 90 28 3292 80 127 14 231 192 8026 1179 1191327 -1 -1 0 0 0 0 6 5 5 4 5 5 3 3 2 4 0 0
"7fb8aaa4f48cb07b" 25 507 28 23574 80 788 234911 51 554 4840 80 199627 14354 199627 19264 199627 32398 80 166 592 19 13 66 160 44 1179 1191328 -1 -1 0 0 0 0 7 7 7 6 6 6 3 2 2 3 0 0
"aa91c2d32ff334e0" 19 3120 129 334 14 19 119 174 396 80 199627 101638 101639 101640 101641 80 50 51 17768 1179 1191329 -1 -1 0 0 0 0 3 6 7 4 2 4 4 3 5 4 0 0
"4c3b9715668ef626" 40 26552 42 49 4181 44 28 1741 80 199627 394 28 915 19 11432 44 80 127 51 3262 80 199627 4 136 352 56 96 60 80 2099 80 199627 249 369 153 352 11 251 30 896 1179 1191330 -1 -1 0 0 0 0 6 7 9 7 6 4 6 4 5 4 0 0
"90598b4b6e4ef03f" 39 1664 83 30 1877 80 330 11 251 19 20 80 199627 51 30860 51 139 19 1057 544 80 199627 351 234884 42 80 79507 80 79507 80 199627 1267 3002 823 1133 184 283 51 73077 1179 1191331 -1 -1 0 0 0 0 7 8 9 6 5 3 4 4 4 5 0 0
"e90776b4cab62aee" 21 30 24806 415 80 550 823 19 3596 80 199627 250 603 19 2718 80 19 13 66 44 2763 1179 1191332 -1 -1 0 0 0 0 3 5 6 4 3 5 3 7 2 8 0 0
"273f0d1ab2ceb794" 16 5843 51 1741 80 1183 245 61 80 199627 4533 20 102 80 2995 549 1179 1191333 -1 -1 0 0 0 0 6 7 7 7 6 4 5 4 5 5 0 0
"035daf4be5f5914d" 20 74 59455 9386 28 4663 102 79938 80 199627 129 80 4 558 119 60 44 150 29 4250 1179 1191334 -1 -1 0 0 0 0 4 6 8 5 4 7 4 4 3 3 0 0
"ae420240cd2bb284" 19 2539 283 24 80 1629 1625 80 199627 6906 614 53 297 14203 80 6 928 30 4139 1179 1191335 -1 -1 0 0 0 0 6 7 7 6 6 3 5 4 5 3 0 0
"4fc2d42397ea140a" 23 456 4 996 1745 80 369 1310 60 391 1274 80 199627 425 369 12 836 150 4893 80 807 11 21366 1179 1191336 -1 -1 0 0 0 0 4 4 5 3 2 4 2 5 3 6 0 0
"3d2c545c4155ed6f" 26 4 1866 17 20 1218 80 249 16520 76 749 10027 80 199627 291 16520 44 30 1877 80 74 12745 80 11 108 21304 1179 1191337 -1 -1 0 0 0 0 7 8 8 7 6 4 5 3 4 5 0 0
"0a688fad39c9a2ae" 25 1093 4709 44 30 1613 80 235009 6230 80 199627 330 30904 19 185 154 770 10211 566 8372 80 249 1334 11 57763 1179 1191338 -1 -1 0 0 0 0 5 6 8 5 6 5 3 6 3 4 0 0
"ff37aa641a558110" 29 200449 456 403 283 9247 80 184 1267 453 119 80 199627 90 24417 119 43 4 1267 119 80 563 408 51 3342 5208 80 550 33 1179 1191339 -1 -1 0 0 0 0 6 7 7 7 5 4 4 4 4 5 0 0
"e10a645e9b3758ec" 22 507 28 23574 80 200450 1057 60 42 761 80 199627 192 396 36 227 1274 80 200450 453 60 474 1179 1191340 -1 -1 0 0 0 0 7 8 8 6 5 4 5 4 5 5 0 0
"2132a952469f40b3" 27 415 30 39 77 4275 90 3173 80 550 17 255 43 4 460 44 80 199627 566 4 2173 77 227 44 30 1572 5814 199372 1191341 -1 -1 0 0 0 0 4 5 6 3 4 3 4 8 3 6 0 0
"58566e99b291d605" 22 6242 60 42 27609 80 283 154 2651 1617 80 199627 11 460 14 2132 80 120 30 2971 780 234820 1179 1191342 -1 -1 0 0 0 0 6 7 9 6 6 3 4 4 4 4 0 0
"99b149f40c4e7405" 22 3250 80 369 13 4 574 14 408 1610 30 1883 80 199627 90 41275 6621 80 330 11 12 7682 1179 1191343 -1 -1 0 0 0 0 5 6 7 5 4 4 3 4 3 4 0 0
"eeda6fda0e440bc1" 21 184 70 127 511 13177 19 119 80 199627 249 330 808 12 293 42 154 5218 80 192 6029 1179 1191344 -1 -1 0 0 0 0 5 7 6 4 7 3 2 2 4 3 0 0
"4c74409fdd9f4440" 18 4 5084 19 61 603 70 80 199627 915 80 4 944 20 234842 245 8027 293 1179 1191345 -1 -1 0 0 0 0 4 6 7 6 6 8 2 2 6 2 0 0
"cc09a5b9601432c5" 25 891 566 2144 42 44 30 2439 80 229 74 3757 80 199627 249 369 808 127 5549 44 28 1741 80 229 4760 1179 1191346 -1 -1 0 0 0 0 7 8 9 6 8 4 3 1 4 2 0 0
"1e51702bcc57b7f5" 44 859 20 63441 406 30 1883 761 80 199627 249 184 1267 453 60 144 103 11676 80 15786 36 271 70534 1179 199627 369 166 22268 19 283 4783 80 1267 232 28 782 83 2662 80 199627 1267 453 54 4706 1179 1191347 -1 -1 0 0 0 0 8 9 7 5 8 4 3 2 3 5 0 0
"7f489829087b1672" 23 16520 192 2173 77 541 80 166 212 74 511 80 199627 90 1540 4 808 163 14 80 246 192 8838 1179 1191348 -1 -1 0 0 0 0 3 5 6 9 5 4 2 2 3 6 0 0
"feec196740c92f91" 28 11 1629 14 425 80 590 212 103 3057 25 4156 80 199627 7 51 707 408 60 70 80 11 212 14 19 150 24776 103709 1179 1191349 -1 -1 0 0 0 0 7 8 6 4 8 3 3 1 4 3 0 0
"9566c9d8042ae67e" 19 369 166 283 4783 80 1267 32 52215 80 199627 7 51 146061 9008 80 232 14 52215 1179 1191350 -1 -1 0 0 0 0 5 6 6 5 7 2 2 3 3 4 0 0
"7ab2ca7345ebf5ba" 27 369 153 369 1267 453 60 144 103 11676 80 192 1051 80 199627 249 1986 859 20 236178 134 30 1883 80 74 511 40252 1179 1191351 -1 -1 0 0 0 0 6 8 6 4 7 3 3 1 4 4 0 0
"70cbbb061005a3a4" 29 915 80 4 944 20 15785 6477 19 96 70 54 4144 80 199627 5084 4 61 1957 70 80 249 369 808 127 5549 44 28 517 1179 1191352 -1 -1 0 0 0 0 7 9 8 6 7 8 4 2 6 2 0 0
"af7e754feb579cd6" 54 184 70 127 511 13177 19 119 80 1267 1747 144 80 199627 11 1629 14 425 80 234856 453 60 80 1267 32 33 1179 199627 212 14 19 150 24776 80 200450 3569 30 1568 90 24243 80 199627 206 19 21667 80 200450 278 178 70 154 6655 90 236179 1179 1191353 -1 -1 0 0 0 0 8 9 8 5 8 4 2 2 5 3 0 0
"cc39117db6a9c1f7" 52 369 481 83 28 634 3728 80 234840 4300 90 544 80 199627 200449 915 80 4 944 20 15785 6477 80 757 53 14 2743 199627 231 711 2144 42 44 30 2439 474 425 80 166 3380 80 199627 229 74 161 590 1525 14 89 408 103 1138 1179 1191354 -1 -1 0 0 0 0 9 9 8 6 8 9 3 1 5 2 0 0
"8bd8bb39f7f7ad43" 29 330 102 154 2098 474 848 80 255 8077 42 154 2603 80 199627 1031 369 127 5549 44 28 1741 80 231 102 369 29 103 5444 1179 1191355 -1 -1 0 0 0 0 7 8 7 5 8 3 2 2 3 2 0 0
"57f309e4554c0ed9" 26 369 7 51 146061 9008 80 166 4758 30 4156 80 199627 4 996 28 5028 10339 80 249 425 1151 163 14 19 5850 1179 1191356 -1 -1 0 0 0 0 5 6 7 5 8 2 2 3 3 5 0 0
"c9f0451ba393719d" 33 11 1629 14 425 80 199375 1183 603 70 43 369 114 119 80 199627 563 158 330 22 120 14 1057 60 89 80 199375 2995 549 80 453 60 144 1179 1191357 -1 -1 0 0 0 0 7 8 8 5 8 3 2 2 3 4 0 0
"07741136660255cc" 27 369 166 22268 19 283 4783 80 1267 32 83 28 782 80 199627 212 14 19 150 24776 425 80 200450 630 60 70 804 1179 1191358 -1 -1 0 0 0 0 6 7 6 4 7 3 3 1 4 3 0 0
"39ceefbf95718feb" 24 330 102 154 2098 80 293 88 42 80 199627 249 184 1267 453 60 144 103 11676 80 17 590 460 42 1179 1191359 -1 -1 0 0 0 0 6 7 9 7 8 6 3 6 5 3 0 0
"bd4ff0bddd05056a" 34 330 22 120 14 1057 60 89 80 192 199375 1057 60 42 1042 80 199627 481 83 28 634 3728 80 102 40711 57475 80 3470 44 30 3398 44 28 2202 1179 1191360 -1 -1 0 0 0 0 8 9 9 9 8 6 4 7 7 6 0 0
"a9342576e441a5f6" 25 4 185 4 61 603 80 249 16520 4783 77 70 103 1320 80 199627 2173 77 541 80 11 12 212 51 2934 1179 1191361 -1 -1 0 0 0 0 8 6 5 6 7 8 3 4 6 4 0 0
"59c9dae619cb6562" 31 212 14 19 150 24776 425 80 200450 283 51 783 510 80 199627 369 166 283 4783 80 16520 4692 80 4 11 1267 152 90 638 28 3755 1179 1191362 -1 -1 0 0 0 0 7 8 9 7 7 7 8 5 5 4 0 0
"34acb5f6fb308608" 21 231 1043 80 7 51 146061 9008 80 199627 1267 453 60 144 103 11676 80 550 51 9247 2919 1179 1191363 -1 -1 0 0 0 0 5 6 7 4 6 4 3 3 5 5 0 0
"12021e79bb1e113c" 48 11 1629 14 425 80 199375 630 4 44 28 1370 80 199627 481 83 28 634 3728 80 208 90 285 51 783 17768 80 199627 166 283 4783 80 127 174 396 19 119 80 199627 590 453 60 144 80 90 1057 275 11603 1179 1191364 -1 -1 0 0 0 0 8 9 8 7 7 5 6 6 6 6 0 0
"8d9f6a7fbc5f8533" 53 330 102 154 2098 80 293 88 42 36 51 108 206 80 199627 127 5549 44 28 1741 80 590 96 51 340 108 1237 80 199627 249 4 163 14 425 80 90 16520 163 749 19 1532 80 199627 249 199375 1183 4 16520 3274 80 90 199375 3177 1179 1191365 -1 -1 0 0 0 0 7 9 9 6 6 4 3 4 5 4 0 0
"67df2258a76fe742" 27 1267 453 60 144 103 11676 80 550 1051 90 550 722 80 199627 4 185 4 61 603 80 249 4 153 550 11 1262 1179 1191366 -1 -1 0 0 0 0 6 6 4 5 5 6 3 3 5 6 0 0
"7984c19d80b544b7" 30 212 14 19 150 24776 80 200450 283 1043 44 30 536 80 199627 915 80 4 944 20 2460 6477 80 200449 1151 127 14 83 28 6273 1179 1191367 -1 -1 0 0 0 0 7 8 9 7 6 3 7 4 7 5 0 0
"1a4f3815f6bf93c2" 31 330 22 120 14 1057 60 89 80 330 12 638 14 24 80 199627 249 199375 1057 60 42 80 90 49899 406 30 1883 80 344 51 6183 1179 1191368 -1 -1 0 0 0 0 8 7 8 6 7 5 4 7 7 6 0 0
"f38be4b4eb19162a" 52 234840 711 2144 44 30 2439 474 425 80 344 74 3757 80 199627 166 283 4783 80 16520 4692 80 1629 14 4300 80 199627 590 481 83 28 634 3728 80 90 630 1957 70 44 6071 80 199627 5943 146 13 14 35 80 200449 199375 41 583 1179 1191369 -1 -1 0 0 0 0 8 7 9 7 8 5 8 5 7 5 0 0
"4b48ce92d991f31c" 23 184 70 96 51 783 511 13177 80 550 33 80 199627 249 154 22 632 14 408 63441 406 49 4 1179 1191370 -1 -1 0 0 0 0 8 6 6 6 6 5 4 4 6 5 0 0
"3d44d42ac7da58ba" 50 16520 2173 77 541 80 369 7 107 554 80 199627 1267 453 60 144 103 11676 80 1629 14 80 199375 629 144 80 199627 11 1629 14 425 80 199375 2995 549 80 146 460 44 80 199627 199375 1183 4 43 60 9405 19 4436 1057 1179 1191371 -1 -1 0 0 0 0 9 8 8 8 7 5 5 7 7 7 0 0
"816abd919eaf2240" 26 90 4 163 14 425 80 249 199374 808 127 28 4937 80 199627 127 5549 44 28 1741 80 590 212 51 783 1895 1179 1191372 -1 -1 0 0 0 0 7 7 6 5 6 6 3 4 5 5 0 0
"48bb1b26a6e17093" 50 4 185 4 61 603 80 249 369 11 6 106 60 80 199627 166 283 4783 80 17 49 103 1749 44 28 3404 80 199627 212 14 19 150 24776 425 80 200450 2797 80 199627 630 70 271 5104 804 80 90 27 51 554 9469 1179 1191373 -1 -1 0 0 0 0 7 7 9 6 6 3 7 5 7 5 0 0
"4fcf9422f874025e" 26 600 7397 809 80 120 208 77 30 2602 80 199627 90 163 14 425 80 1267 453 60 144 30 11676 44 28 4942 1179 1191374 -1 -1 0 0 0 0 7 9 10 8 6 10 7 2 3 3 0 0
"9a0ac1a7db1b5ee3" 32 481 83 28 634 3728 80 63441 49 30 1051 80 199627 249 74 1539 559 823 369 152 80 369 166 3569 103 9184 80 550 1598 102 51 7536 1179 1191375 -1 -1 0 0 0 0 9 7 6 9 6 8 6 5 6 8 0 0
"15682ccb3efeb5db" 24 90 2173 77 541 80 16520 747 19 707 80 199627 90 70 4 185 104 4 61 603 80 43 51 1829 1179 1191376 -1 -1 0 0 0 0 7 8 7 8 7 7 5 2 3 3 0 0
"afb2d04e6b72ef3c" 24 127 5549 44 28 1741 80 330 6 2718 80 199627 330 102 154 2098 474 848 80 330 293 88 30 129 1179 1191377 -1 -1 0 0 0 0 6 6 9 7 5 6 4 5 5 3 0 0
"58660a73f3848010" 34 1267 453 60 144 30 11676 44 28 34 80 199627 11 1629 14 425 80 369 22 35 804 80 199627 103 1180 104 28 146061 9008 80 60 4449 14 3177 1179 1191378 -1 -1 0 0 0 0 8 9 8 7 8 9 7 3 4 5 0 0
"dbf842f72257eade" 25 4 185 4 61 603 80 249 369 13 30 4355 80 199627 234898 2144 42 44 30 2439 761 80 184 1267 2995 1179 1191379 -1 -1 0 0 0 0 7 8 8 7 6 6 5 4 4 4 0 0
"185a47dc88360054" 35 90 184 70 96 51 783 511 13177 80 199627 249 28 234829 4899 76 80 90 16520 231 2100 80 199627 127 5549 44 28 1741 80 249 74 2993 848 19 14596 1179 1191380 -1 -1 0 0 0 0 6 6 7 6 5 6 4 5 5 5 0 0
"89ea20c7842d4926" 24 915 80 4 944 20 15785 245 960 77 6477 80 199627 200449 369 166 1100 19 283 506 80 550 192 12628 1179 1191381 -1 -1 0 0 0 0 9 7 6 7 7 7 4 6 7 6 0 0
"0a3a8bbafef024a5" 26 90 2173 77 541 80 16520 747 36 511 80 199627 11 1629 14 425 80 509 369 481 83 28 634 3728 90 8071 1179 1191382 -1 -1 0 0 0 0 8 8 7 7 6 7 4 5 6 5 0 0
"895a534aeefb7d7f" 25 330 22 120 14 1057 60 89 192 369 1057 60 42 80 199627 127 5549 44 28 1741 80 199375 146 460 42 1179 1191383 -1 -1 0 0 0 0 7 7 8 6 5 6 5 4 4 6 0 0
"c29f99fb71416bc0" 24 369 166 283 4783 80 1267 232 1617 3274 80 199627 200449 234898 2144 42 44 30 2439 474 425 80 1267 7842 1179 1191384 -1 -1 0 0 0 0 6 8 9 8 5 6 5 5 4 5 0 0
"f1cd311479f44e9c" 41 1267 453 60 144 30 11676 44 28 10589 1819 80 199627 212 14 19 150 24776 425 80 120 14 106 226 80 199627 200449 4 185 4 61 603 80 249 70 369 421 566 4355 885 4355 1179 1191385 -1 -1 0 0 0 0 9 7 7 9 7 6 6 5 7 8 0 0
"05226e04702d7811" 26 146061 9008 80 28 1180 10290 14 52215 80 199627 330 22 120 14 1057 60 89 80 249 199375 1057 60 42 90 39310 1179 1191386 -1 -1 0 0 0 0 7 7 9 6 6 5 4 5 6 5 0 0