209
1822
4952
5520
6762
9173
10201
10422
10469
11299
11743
12105
12151
13149
13384
16617
16871
17120
23784
24358
27253
28752
29469
30845
31092
31333
31783
31975
32389
34253
34968
35786
36071
37712
38798
38908
41874
42446
42467
42774
43024
45399
45433
47752
49955
53351
53514
55279
56735
58061
58253
58269
58295
59167
60581
61152
61155
61363
65092
65734
66800
67877
68353
69348
69485
70769
71379
71742
71772
75747
83977
84255
84276
84294
88436
88465
91491
92133
92296
92666
93248
93893
97942
98401
101776
105085
105093
105616
105667
107550
108447
108845
109173
109731
109799
110015
111586
112458
112488
112647
112652
113483
115030
115281
115894
117069
117453
117899
118528
121480
122265
124788
124822
125998
126782
131196
133278
133288
133407
135096
138859
138891
139246
140249
142303
142510
142786
143045
143965
144242
144847
145355
147680
149075
149815
150614
151363
151391
153175
153228
155134
156949
158254
158367
158825
159068
162360
163300
164842
167486
167973
168229
169095
170956
170969
171241
171288
174776
174966
174987
175186
175757
176270
177970
184565
184589
185294