5430
5872
6766
6778
8869
8981
9855
10422
11498
12165
12894
13042
13053
13071
13197
13654
13658
13694
14669
14796
16638
16641
16768
16878
17352
17903
18562
19524
19683
19693
20815
21724
21890
22937
24370
25036
26717
26746
27343
29185
29985
30565
34650
34846
34974
35049
35668
36250
36267
37897
37971
40595
41848
41872
42170
42417
42428
43174
44175
46210
46586
46754
47734
48721
48730
48776
49288
50066
50783
50983
53107
54160
54255
54340
55531
56306
57092
58276
61157
61599
65757
65765
65782
66277
66790
66962
67835
68377
69761
71367
71397
72889
74974
75747
78784
83124
84243
84260
84725
85694
86370
87393
87615
87666
90994
91488
92083
92761
97071
97615
103199
103710
103835
105655
105665
106451
107055
108816
108957
110394
111083
112462
116208
118534
121855
123169
124051
125143
125586
125911
127241
127285
127978
128445
128630
128633
128789
129963
131458
131556
131797
134484
136313
140090
143578
143978
143985
144876
146169
147239
150825
152285
152494
153130
153606
157455
159432
161409
163402
164474
164555
164771
164846
164860
166970
166993
168229
169593
169598
170961
172748
174972
175065
177961
178234
178988
179279
179664
180362
180775
182080
183570
183665
183680
184571
187096
188869