70
307
345
805
1989
4604
5774
6002
7024
8058
8511
9433
9471
9855
10988
11704
12049
12193
13895
14567
14599
15498
15795
15870
16608
16864
17137
19688
21597
21684
23466
24766
25197
26875
27121
28543
28780
30573
31021
31057
32394
33339
33556
34272
34854
34892
35596
36588
36783
37502
38496
39046
39429
42118
44190
45460
45939
48262
48692
49031
49037
50939
51309
51888
53110
53248
54348
54361
54769
54780
54781
54913
55007
55555
55631
57353
58275
58276
58279
58905
59024
59164
59625
61162
62535
62538
62581
62587
62597
63389
65790
66966
68154
69194
69327
69332
69757
70214
71237
71757
74659
75055
75451
75471
77761
77767
77999
78069
78582
78817
78879
79337
80990
81726
81751
81830
83290
83877
84253
84265
84875
87579
87646
88065
89499
92689
95621
97067
107361
109352
109747
109752
112498
112578
113950
115075
115232
116992
118535
121858
122118
123199
123240
124269
128859
128868
130260
131920
132617
132877
135077
136325
139044
141106
141176
141195
143960
144696
145487
146106
148761
149025
151192
151267
151598
151970
156726
158276
159475
160542
162799
164865
167496
168229
171618
172172
172396
174770
175071
177592
178234
178297
178982
183646
183844
183853
185044
185288
187148
188601