"6ce3689b5b211508" 53075 77406 129900
"b60772b326d2422b" 159443 154503
"0492d2a0ea0b322b" 16389 111698
"194d15c80b6dedd5" 16944 35401 51491
"440fd30d5f2bc462" 157941 116243 2183
"dbc7b823915951e6" 81833 113531
"e1b5b36530c3babb" 164606 51491 84256
"5b8193876df6ed07" 87303 114221
"feb6fc4134edfafd" 153865 82198 5911
"a164703003b924ed" 138805 134714 105826
"34736ca504a43701" 69358 142400
"6159af1b8a21c6db" 130855 184046
"67f28c66ad0ac903" 182898 13548 60015
"014fdb8243f6e7bd" 26008 111595
"6455bea129b7dbcb" 117288 144849
"fde0ab06f9de7343" 182885 50549 169912
"767f01d940b0aa74" 38998 34844
"20d7e69d26bf5446" 28177 112248
"5f5dae37cce60190" 155518 71347 130855
"ee848aac079a7670" 129900 159443 105826
"335ed830a57aff8e" 184046 84256 47276
"85793e531563f05a" 157941 113531 53075
"7ced1531467416cd" 77406 2087 138805
"9d1b8d3029712f2d" 111595 16389 13548
"699526974afdd308" 140117 26008
"3bb85d56e4d6e7d0" 111698 2183 114221
"cb7db3c034bd3ec0" 182898 82198 116243
"5f7da823915951e6" 81833 71347
"28addcc2e267f640" 130855 60015 5911
"84b79ef59efa53b7" 154503 142400
"6256c1dede61e855" 69358 144849 105826
"70a727afd65dfc66" 117288 169912 155518
"a6a11a4121534759" 28177 16944 112248
"3499f0446a01ae63" 182885 50549
"475ff658479558cc" 134714 155518 113531
"cf29d8f777872573" 34844 51491
"9fe3abfb256755a8" 35401 16389 164606
"23e575c358717bde" 47276 153865
"e4b30f77c8460720" 39367 2087 111595
"93e331d940b0aa74" 38998 184046
"16e3b0479707d79f" 53075 105826 159443
"49b50e7e3d534e0c" 84256 154503
"484d175dadd249a1" 159443 82198 111698
"77dc13947789546b" 81833 157941 13548
"97fa36974afdd308" 140117 113531
"f6f7b823915951e6" 81833 114221
"5f46f984b2ffdb94" 61191 178285
"c1ae21224dcfac4e" 69324 67274 59621
"b398752d533563b7" 23473 70560 120825
"d47e8359237fcdee" 111403 185329
"a4def53c06a44ef8" 184558 34887
"7652118ce3e781cf" 65733 20795 37458
"16b2b62a421f3ae3" 98221 65771
"55e10f1f2da60bad" 26924 73581 64695
"5884bbd46a93edbc" 55622 127242
"e3366be032820d45" 70190 129045 147398
"b8374ecd70a0175b" 50548 116282
"a5cb8c6ffa1aa039" 158510 93422 161949
"64c6b373fae0da73" 94834 186093 80626
"774fee31e23a0411" 101456 57082
"f62f952e2e7ec664" 154323 60852 159415
"8a210b6c9d643e5e" 84278 166966 12027
"b5d007fc430891e2" 88988 42498
"9df9e804dde8adce" 129612 40336
"0a2dcfbae1fcce9a" 119492 1087
"5035431e3eb44196" 104638 46194
"f1b6d8756758c754" 161570 62586 148530
"1fab718233cf7aac" 28511 1009
"f1ca33fa78c1de19" 31714 86968
"83dcb465bce58071" 102330 134361
"a766c88b2942445d" 148530 176693 104638
"9078259fc4f16d3e" 62586 102330 119492
"f3c6093a64c4d0fa" 116538 46194 31714
"9fe980f2d799dac9" 1009 86968 1087
"b531b72b0c78846e" 185840 104638
"bf4dd6af626da324" 70153 134361
"1873c465bce58071" 102330 161570
"2d2f0ad6e853182d" 1087 46194
"27c2d65eaf062b49" 176693 31714 148530
"bd2cdfbae1fcce9a" 119492 62586
"bad6c71182765157" 46194 104638 62586
"8be77e4e19419e2c" 116538 134361
"60adb28735ac80c5" 161570 28511
"43e3d7a582c350ee" 185840 148530 1009
"39c65e8fc19c2159" 86968 1087 28511
"fa064d9574d9f1cb" 102330 31714 161570
"8a331427562cbd6c" 1009 104638
"a7ba818233cf7aac" 28511 62586
"83e456ea6ce0ece5" 176693 161570 86968
"a317fa79d99f113d" 116538 70153 46194
"cda3f6e7649e4ce1" 119492 1009 148530
"d639e93bf6051c61" 1087 86968 176693
"25f9c34856c02e53" 62586 104638 134361
"e31e5e4e19419e2c" 116538 28511
"036c06bb86346d9e" 119492 31714 70153
"e94c9465bce58071" 102330 1087
"42261427562cbd6c" 1009 116538
"cd3f359a159e30be" 62586 46194 1087
"73abb75176e69342" 176693 134361
"12d9343bb32381eb" 104638 31714 185840
"adb1d6af626da324" 70153 86968
"41c9aaf13fd98186" 119492 62586 176693
"61b6d4600d8263e1" 46194 28511
"6f8bc83f1428fd7a" 116538 102330 1009
"50dcc827ed61262f" 185840 1087 134361
"cdc1e28735ac80c5" 161570 176693
"dd752452af27fee0" 62586 86968 148530
"e939535ac7feaf4b" 77406 111595
"81aa635ac7feaf4b" 77406 182885
"e72768eeaa9873fa" 138805 84256
"f83b83ac20478f69" 2183 154503
"cc9842ea48b1b211" 87303 111698 134714
"c0b828ef9fd543de" 134714 114221
"1a09102a274dbe8e" 60015 144849
"1986a45a41b09ea7" 5911 16389 26008
"3534fd91587a479c" 111698 129900 13548
"4193bcc121f2b6ad" 184046 28177
"4a0c65c358717bde" 47276 113531
"1aae0ac0f23d0e59" 69358 157941 153865
"1eb134ced3af4c81" 169912 34844
"d57aa73e7feba587" 2183 53075 164606
"f89c4e578151de9c" 81833 142400 50549
"4551be3165dc952e" 116243 16944
"1a54be37cce60190" 155518 71347 159443
"f0bb4e8a73a92e2e" 182898 144849 130855
"7a572b833d79dabb" 51491 71347
"d0b72a085080d11b" 182898 51491 113531
"0df89d975b036afe" 35401 82198 169912
"a4169581edb8e200" 117288 16389 26008
"415336974afdd308" 140117 82198
"c021375789804289" 47276 182885 38998
"cb7568eeaa9873fa" 138805 77406
"704e39063af5e919" 142400 5911 116243
"9d748e2ded263aa3" 81833 16389 155518
"bcea2ed8ae3727c2" 53075 113531 169912
"ee0b707bbcdaf94e" 60015 134714 13548
"4370a6b76ceb2465" 184046 105826 159443
"2f1f34e793eaee25" 129900 153865
"0c61fd7e3d534e0c" 84256 71347
"9f574fe0b1a7a667" 39367 60015 69358
"6792527c38b6889d" 28177 129900 112248
"abc65b224823da63" 2087 69358 34844
"7988fa310716ae23" 111595 113531
"ffb8d69d26bf5446" 28177 50549
"8e870c04277c27cf" 82198 134714 130855
"53132f7df3aec107" 164606 105826
"5b246cf8ca8beb42" 35401 53075
"c5927a5ab7d3c294" 39367 51491 114221
"77d5d12d1f89d58d" 2087 16389 69358
"020c73876df6ed07" 87303 26008
"ee1e635da7f8b4ea" 134714 117288 159443
"8ac8d419bd7af6cd" 47276 154503 169912
"986dd2bdadf41d3b" 114221 184046 157941
"3f2eba0766fdde0d" 182898 26008 16944
"7ba467920a618573" 70190 50548
"b4db9665be7d2bbe" 185329 111403 57082
"72f2571c4189d8b0" 37458 116282 67274
"240e670db9794556" 154323 178285 59621
"ae64f91fb1541a74" 18797 60852
"3f1461b39f4bc203" 23473 158510 12027
"0b9f377dffa47267" 94834 120825
"70f49eac95927376" 55570 20795 161949
"cd40ca8771d40226" 184558 166966 64695
"9ac697192b09e2c2" 65733 129045 42498
"fc33b8a9244209ed" 34887 61191
"c5918d22d1a1b41b" 80626 159415 147398
"814b0b4c189c13b1" 73581 84278 88988
"580fb0063375de38" 26924 70560 40336
"0e4b89793572a488" 186093 129612 55622
"4bd25b1207f36647" 69324 65771
"985870b83643402b" 127242 93422 40336
"2425be42bdfec53f" 184558 37458 23473
"fbc19d539d94825b" 55570 61191 120825
"821a238f504e5c57" 146949 116282
"ed1a9dd3ff98adc7" 15837 166966 94834
"d3983cf5c766b924" 57082 26924 158510
"63adb6772c612e01" 70190 186093 147398
"d1fed65e3be2031e" 55570 146949 162801
"5313747ca99acb5b" 65733 50548 12027
"da36076db72a3089" 18797 161949 84278
"8879ef0fc3134150" 59621 60852 93422
"abc79a2a6abb7cf2" 65771 127242 129612
"fefe11a720d50b59" 88988 42498 40336
"b464f480f813436c" 73581 64695 42498
"1172114986e5e22f" 111403 154323 93422
"80d3b93189f585eb" 101456 185329 80626
"9897af3ef49d7206" 55622 84278 129612
"a7a990ee3ed8738c" 159415 42498
"42738f528c3a6397" 55570 67274 159415
"8adcd500a685b930" 65733 57082
"9912dc8c6f8b3e83" 26924 158510 93422
"8db4355659f62554" 162801 70190 70560
"30490afe96e7c9ea" 184558 65771 73581
"2e97ef76dcdb29c3" 94834 129612 12027
"47b73d914c39c51d" 69324 161949 147398
"948e522ef0817b2f" 61191 37458 64695
"72253b48e2ee048d" 162801 80626 12027
"2c08a5afce067f7e" 129045 120825 159415
"82ea82aad42ced48" 111403 88988 40336
"2f57471a140b7289" 15837 184558 158510
"ea0552b6c19d2502" 59621 127242 84278
"b3b849558da542ec" 148530 119492
"045643fa78c1de19" 31714 134361
"10348468c28cc4e6" 104638 86968 46194
"488b059fc4f16d3e" 62586 102330 1087
"c0212427562cbd6c" 1009 161570
"1eccc816d5ebd978" 28511 176693 185840
"27839cb6ebd8094c" 31714 134361 148530
"6b329328872b1224" 86968 1009
"34a4dfbae1fcce9a" 119492 31714
"1450d7312177f201" 62586 161570
"cedaf4600d8263e1" 46194 176693
"1940c465bce58071" 102330 148530
"0e06d6af626da324" 70153 104638
"6778b72b0c78846e" 185840 134361
"42f89328872b1224" 86968 28511
"835ccc85326b8740" 1009 119492 31714
"590f2ad6e853182d" 1087 176693
"1bf749558da542ec" 148530 116538
"f5ebc28735ac80c5" 161570 86968
"ad072427562cbd6c" 1009 185840
"c68e8a446ae5618a" 134361 102330
"571736de4c27df0c" 119492 104638 161570
"8d1aa75176e69342" 176693 62586
"9977d4600d8263e1" 46194 31714
"7d14b72b0c78846e" 185840 116538
"44f3e6af626da324" 70153 161570
"4aa21427562cbd6c" 1009 102330
"f4714b8e33ccd09e" 176693 185840 134361
"7517531e3eb44196" 104638 119492
"10a0b7312177f201" 62586 31714
"862da465bce58071" 102330 70153
"116b7e4e19419e2c" 116538 148530
"3d380f47661a1994" 134361 86968 1009
"fb1fb72b0c78846e" 185840 161570
"e3da44cd26aede5b" 46194 119492 1087
"d91b975176e69342" 176693 1087
"1e13d28735ac80c5" 161570 116538
"7f36b328872b1224" 86968 148530
"9d4ba465bce58071" 102330 62586
"4044c6af626da324" 70153 31714
"6908ffbae1fcce9a" 119492 176693
"75a0b72b0c78846e" 185840 102330
"42d08a446ae5618a" 134361 46194
"bbe0102a274dbe8e" 60015 111595
"ab43535ac7feaf4b" 77406 87303
"c8f89c2cef99db55" 154503 26008 129900
"8eed5527b36fbf7c" 2183 117288 112248
"ad26a43c7d3a5836" 182898 51491
"031701446a01ae63" 182885 105826
"fbaad2a0ea0b322b" 16389 144849
"9ba456ce90372f1b" 138805 84256 159443
"c079c9d232c4edd3" 35401 114221 153865
"01f405105d891389" 5911 111698 69358
"b9f5c2da7e26d614" 142400 184046
"9043d44c01b64771" 82198 164606
"293e18ef9fd543de" 134714 71347
"67bfc69d26bf5446" 28177 13548
"f4a7c339c82fd6dc" 155518 50549 130855
"fd6de0c8e444c1d6" 53075 113531
"e4767708646e5cd2" 157941 16944
"7fb34e18d45297fc" 38998
"5578b823915951e6" 81833 116243
"1916f8f777872573" 34844 169912
"46148e2ded263aa3" 81833 16389 153865
"a71b58eeaa9873fa" 138805 34844
"a688bea129b7dbcb" 117288 157941
"83f32ab268116ed7" 140117 129900 38998
"4c7a92da7e26d614" 142400 5911
"d324ed7e3d534e0c" 84256 16944
"e661ce604eeb16ed" 26008 105826 159443
"bcc942bcb8547fad" 155518 112248
"4ca33b2cf700f89a" 60015 16389 71347
"4c1327357a11fb5f" 51491 134714 69358
"4dd38cf8ca8beb42" 35401 182898
"0313d42de1eefbbb" 114221 116243 113531
"8ee7722a169147a8" 82198 154503 164606
"67309204a1858179" 2087 87303 53075
"528a2252297bad14" 77406 184046 169912
"d7d173ac20478f69" 2183 50549
"6275697906636a03" 47276 111698 130855
"37162a088170960c" 39367 111595 34844
"86e87d9af47ec047" 28177 144849 153865
"a6a1b5bf1b75991f" 182885 13548 112248
"ac8a922a39da5cce" 81833 28177 159443
"15ca94f567781810" 138805 69358 50549
"b0fab3c034bd3ec0" 182898 82198 105826
"d9e0073d36bc824b" 60015 117288 16389
"ad135e17ab6dca19" 111595 87303 53075
"e928a4ed8d430b3b" 35401 26008 129900
"6d0e98a5436c46c6" 140117 142400 16944
"7d1c4590232e651d" 47276 164606 34844
"997f6424ec9e8021" 161949 166966 73581
"bfe3cb83a195ccd0" 67274 69324
"023c57920a618573" 70190 15837
"97595c6c7741cac9" 98221 147398 18797
"aa6787f2677f4d41" 127242 20795
"aa42cf8833dfeaf2" 55622 159415 70560
"c12f8fe30805df0e" 23473 94834
"0bbd050abe48fc89" 178285 26924 84278
"19be26488fc437f2" 64695 154323 42498
"915d3af39e0f55b8" 37458 186093 59621
"7fbb55e338b8116a" 34887 12027 101456
"db7ce804dde8adce" 129612 50548
"a940a02ed12940eb" 116282 184558 185329
"3139967f5b0ffbb1" 158510 120825 61191
"d24a255b69f4699f" 60852 88988
"8194e00f0bd4fa16" 93422 129045
"1915eb4948199517" 57082 80626
"ca39ab6d0755311c" 65771 40336
"446150bf43b185f9" 69324 162801 37458
"c9a9d68d67d2388c" 65733 159415 20795
"c5eb609400a60b8f" 84278 23473
"42805ecd70a0175b" 50548 154323
"7fbc668036bbfc90" 65771 111403 88988
"61b33cede0a1920c" 26924 73581
"104bd29517bdfc69" 18797 185329 55622
"141491ebe19743f3" 98221 158510 186093
"3fdf0f4268750059" 67274 178285 61191
"0fa59775638460c9" 184558 15837 40336
"b65cb7520f82873d" 80626 120825 12027
"64e7b703a00fd5af" 161949 70560
"fa9174178789aecd" 147398 60852
"a0c6617af11f2eb2" 129045 129612
"f36c9c6b1298a9dd" 127242 59621 12027
"5f0bdc340bbe3308" 42498 93422
"f1b38baa57f87f3b" 146949 34887 70190
"fece50d8f4316488" 57082 37458 94834
"179c7cf5e1427947" 166966 147398
"ee78ea2a900c7627" 69324 154323 42498
"f76700c7d7628786" 65733 116282 64695
"ce0b6359237fcdee" 111403 40336
"df0188ac632c2357" 67274 84278 88988
"49c13cede0a1920c" 26924 65771
"59c955e338b8116a" 34887 12027 93422
"8e67abd46a93edbc" 55622 73581
"7c92ee4e1f203ae7" 18797 23473 129612