"f1479d90efddfbb9" 70225 50773
"447220309d9aee36" 50782 14777 127432
"ecc67e00cecd0d7d" 121382 4595
"bcf0a7b150c66592" 83219 2471
"d479a433678a2526" 36297 71275
"b13e946ae9a61ce3" 143679 7099
"3c5a1fd91939dd36" 176218 185668
"f9505cfebaa4a313" 87778 183864
"b5d5f5aa75186b2f" 12689 117073
"e8e82fed42dafc6b" 4611 106450 156960
"5c3ec8f6397b81c8" 105095 13510 39887
"1dc447bc8ed0303c" 86791 87658 94727
"cbc3cca749f93c10" 107529 35482
"6b7c8f83b2540235" 153456 55957 161324
"1d8554221a34df50" 135847 83908 20821
"531e0f5c784687c2" 159427 28961
"70d1d02c8536ea65" 113637 42425
"5d3dbf5f7bbe8506" 179052 31468
"4f80fea7d7d9db9e" 50041 33314
"9e8e6d4c9f31d343" 70225 121382 42425
"0d6739ba9d8bac22" 28961 4595 2471
"f6348d990da02e03" 4611 7099 31468
"195eae876394395d" 106450 87658 185668
"ecf2dda9cf86748f" 6350 94727 31468
"dcac0fabc9207b47" 14777 50773 106450
"073d2e9ab7d8c447" 143679 121382 33314
"d42d3c2939d7a692" 107529 159427 179052
"653105acb72939ff" 12689 50773 159427
"cd22fc0dc3bc3bad" 87658 156960 50041
"9bd1bc64e13f1efa" 7099 20821 179052
"7ae38845fb632b02" 153456 127432 13510
"92184f1eff788264" 107491 176218 4595
"7f23c153a3d428ec" 186960 143679 71275
"322c8dd5e1642286" 186960 50782 185668
"d3b2bc37ed12ef37" 135847 4611 6350
"a5ed0ade0c8d7e78" 91347 14777 28961
"1a4384e9d460bb64" 16678 127432 35482
"701b596325c18f1c" 70225 83908 117073
"ca78b5a586c26b07" 105095 36297 39887
"1f4c9181a274effa" 83219 2471 87778
"6ce419d4ee1fe440" 135847 176218 161324
"4de7a15a883ad430" 4611 121382 33314
"c46ecda887c73ba6" 71275 7099 28961
"0fccaf8ee3440b0c" 183864 39887 31468
"e4c2e555d1a58f13" 159427 20821 42425
"4411a043e4069c2a" 127432 50773 87778
"4e91183121b4cb92" 176033 69327 164879
"67b9f33c531bccfd" 31708 65757
"2b7a5ffeea30b522" 1380 89905
"0d146c549b5404ac" 110916 165615
"64f2008a39d2cb0f" 116735 167974
"5756c0765f17dd74" 27934 163762 13652
"83a12fd96306ac29" 61596 73983 117440
"263edc8591e7b05e" 45965 155276
"efc078f1fe2b9839" 10479 55344 78718
"55273cde95b88b19" 19729 46122 117553
"ac8dfc95da6749ac" 80672 134845
"e1bd48cbcc9d4e26" 186169 58252
"9dab0bde7801d5e3" 2249 80631
"60ee3b7d12b9d48e" 9432 173985
"5871e61b7cb554dc" 180375 115373
"ce3332761566d77b" 129958 181649
"2fe71f85c1de904c" 184028 126297
"c79a34016426ece1" 13570 28229 76192
"32b5ce62928a198f" 65747 89151
"ebc035c7c71ffd2d" 107171 82506
"5b9b320543aaaa22" 117553 176267
"2726c2450d2994ad" 35622 107171 155276
"53bff1e967ad2a37" 134845 10479
"fc0e1e6f8f021b4c" 46122 117440
"12f24c74f4dffd81" 164879 89905
"7bf1fb2b3315b4a9" 176033 65757
"89c030084d469f27" 13570 181649
"d1e2a513c3747f4e" 163762 167974
"f95b4ffeea30b522" 1380 27934
"b5bd74992d775593" 55344 78718
"defce33c531bccfd" 31708 13652
"5a9291328dd2ca30" 110916 76192 9432
"f4d3a79566e8fdfb" 89151 165615
"e66c68cbcc9d4e26" 186169 184028
"2b84b356839123ed" 69327 58252 129958
"b25022e79664174d" 112457 2249
"eadd1841e754f942" 82506 116735
"0f8f36ff44b4a414" 61596 180375
"d2ff856d82844b61" 28229 73983
"c3fc0d32ef0b688f" 173985 19729 45965
"365fe1dfa1eef731" 115373 126297 80672
"e214ce62928a198f" 65747 82506
"e245eb2b3315b4a9" 176033 13652
"9656220543aaaa22" 117553 89151
"f232008a39d2cb0f" 116735 164879
"0480fb40d21ac5ee" 155276 58252 165615
"4d3d1ab937fd9b34" 27934 181649 76192
"141c201e2631f1de" 70748 84008
"7bd9bf5fa541878c" 11958 161598 161570
"7a371609988b0bc3" 1996 156126
"95fecf4103e5a2ba" 54280 181255 30253
"d281a72b0c78846e" 185840 40336
"f21f395726392aa6" 20724 85598
"0d47633fa2c31538" 162461 2774 62596
"40e801f61bcf784b" 89119 139588
"591fa67bba5f6d48" 56663 30461
"1201712d3953cb5b" 84275 113854 136455
"1c13ec99b366e04a" 185924 21984
"3433a3f8f8d11e17" 174971 151511
"24425e8022ef99f1" 1996 156126 136455
"c163be0a17108fcb" 16850 30253 84008
"8ee2846bdee3ebc7" 139588 181255
"9c9b745c1d965f54" 161598 11958
"6f4b0fb962524424" 420 56663 113854
"2d129ffd2515ffd8" 70748 40336 30461
"5320a45c1d965f54" 161598 161570
"37d7bf848ded0e96" 2774 139588 185840
"4520060e030ae6a1" 113854 85598 151511
"f17b4175ae13a64f" 11958 40336 21984
"0fe0466216787e17" 40336 84275
"68949db1011c1822" 136455 11958 21984
"a6c4e099eaa6d3ba" 420 30461 139588
"6c6cc28735ac80c5" 161570 89119
"0538c17231bc5308" 54280 174971
"edd65f94b7288c85" 70748 1996 30461
"8487d03575430af9" 84275 62596
"b5b45ba0f48c6772" 74250 84008 185840
"2a88f33b43c89a83" 20724 161598 89119
"304efcb764a08a8c" 97211 56663
"13c2d1a74d81dd39" 185924 113854 85598
"9c82a17231bc5308" 54280 20724
"32c9ed9719f5fec3" 16850 185924 139588
"1a1a6a3c3e5b99f9" 2774 156126 1996
"45d9cd0cb1807142" 30253 85598
"4a9dc03575430af9" 84275 21984
"eeb542666bcecbe4" 20724 161570 151511
"c7f98ea0cd6b45f2" 420 40336 89119
"20851bcceb064978" 136455 1996 113854
"816cdd0cb1807142" 30253 161570
"897ff977b70f71ec" 420 151511
"6d1fc67bba5f6d48" 56663 161598
"f528cf5901cbd9fd" 162461 139588 30461
"49e359aa66831033" 74250 89119 156126
"e8b90f93b32b3ec5" 86791 16678 183864
"192fbf60a8f30a7c" 28961 12689 87778
"3b68d4daee2d2ca0" 39887 4611
"7934156e1ea07173" 36297 7099 50782
"5065dca749f93c10" 107529 107491
"c5f944a02988c101" 153456 143679
"85ba91de782c03dc" 50773 176218
"bdc50ca3886e25b8" 106450 185668
"2bef8b1cfa889aa5" 159427 13510 156960
"6808f0fc7aa34184" 83908 35482 94727
"7ffcd0d8b47245e5" 42425 113637
"6a28f30ab797add7" 4595 117073 55957
"9fcc9369c3458424" 20821 127432 71275
"4a430dc6b9bc73e8" 2471 6350 121382
"e8c5b7b150c66592" 83219 87658
"03f932ea43a97d4d" 161324 105095
"664c76261751c5bf" 31468 50041 179052
"170cad90efddfbb9" 70225 135847
"c5aa76e93a701357" 155276 65747
"a163dc8591e7b05e" 45965 110916
"8a5f8aede439cde2" 173985 9432 27934
"f297310367541068" 78718 184028
"b590f064d94d56d2" 176267 186169 46122
"d06385d2972c6635" 10479 134845
"9df3fb2b3315b4a9" 176033 73983
"ff3336ff44b4a414" 61596 129958
"9b8325c7c71ffd2d" 107171 28229
"e03ee06ffd260b06" 167974 115373 35622
"da3fec95da6749ac" 80672 76192
"068f2619e619811f" 55344 181649 82506
"f51fa3750941ebd1" 165615 164879
"f85d822960db51a4" 13652 2249 65757
"a671826758316ee3" 31708 116735 163762
"3ee0d44cb0f859f9" 52292 13570
"d728a34c2322c573" 80631 1380 19729
"6e9480e26863bf10" 126297 58252 117440
"7a36d61b7cb554dc" 180375 69327
"97a2b6d19e1cd332" 1380 134845 65747
"7c6f959d93b9369a" 117440 116735 176267
"01e98b9dc542f622" 167974 73983 78718
"ebe42bde7801d5e3" 2249 184028
"06952a5c23b2d037" 89905 19729 173985
"611427485342e11e" 80631 65757 28229
"8467120543aaaa22" 117553 27934
"372935c7c71ffd2d" 107171 116735
"97157825c65cbbfb" 73983 126297
"35c631f24e5b7252" 35622 165615 181649
"c99c0e6f8f021b4c" 46122 45965
"9e54ec95da6749ac" 80672 31708
"659c5a792f427944" 89151 110916 13570
"7e1512761566d77b" 129958 58252
"cdeb266d055eedc7" 10479 117553 164879
"8768cde6fe30dfdf" 115373 13570
"e4c3ad09e69ae676" 186169 76192 52292
"52a976e93a701357" 155276 61596
"77693d32515e0560" 65747 82506 176033
"8ae4fa8143ac900a" 13652 80631
"a84de61b7cb554dc" 180375 163762
"f9290b71915767dc" 69327 165615
"598cee56ab4b3d0e" 181649 176267
"410fcb731e19dd95" 167974 186169
"a2abbc8591e7b05e" 45965 13652
"5b4fc20b1b50d1cc" 65757 69327
"faf31e6f8f021b4c" 46122 76192
"9b2876f4be05b002" 58252 55344
"64fe101e2631f1de" 70748 30253
"7b9a022b9dc69a47" 85598 74250 156126
"cfa50609988b0bc3" 1996 84275
"f30b46ea9ad85867" 21984 161598 185840
"6f11cbf54df897b9" 97211 181255 89119
"5579395726392aa6" 20724 62596
"50398f7f878c4d02" 15652 40336 84008
"79df423fed2ac395" 11958 151511 30461
"ba2e917231bc5308" 54280 2774
"f9f8c67bba5f6d48" 56663 136455
"7d398a79b67389b2" 113854 139588
"3727b28735ac80c5" 161570 1996
"0a2ce0f61bcf784b" 89119 21984
"1334dc00785ae64c" 74250 161598 84008
"db26f509988b0bc3" 1996 20724
"ee6cfdb5c9309816" 16850 97211 139588
"ac39a1c8d710537d" 174971 2774 185840
"491bf9b0e8af2ad3" 420 54280 89119
"89a63635fdcdae4e" 15652 56663
"ccb33ffe45da84e7" 136455 139588
"3c80f6b1a5014856" 181255 84275 62596
"18185ea69620213a" 156126 84008 161570
"f8563b11cedb1af6" 11958 70748 20724
"b38aad80ac86c2ad" 185924 40336 161598
"b02d7fdfa0433355" 74250 151511 30461
"b8af89f649f1bb89" 1996 113854 185840
"f95192b54cb398d7" 16850 54280
"cef3785cdd24c8aa" 420 70748 84275
"20965a049cd35736" 15652 89119 161570
"5e59f6e783a3976e" 56663 113854 136455
"a8861db764a08a8c" 97211 156126
"8631cbfd6b28d258" 181255 21984
"4c989efb818c364f" 11958 174971 2774
"81dd4635fdcdae4e" 15652 151511
"0837200ba8196c4f" 84275 20724 84008
"1bd70a77b70f71ec" 420 185840
"b1a36366271f378d" 54280 156126 139588
"18529d80ac86c2ad" 185924 40336 62596
"6e862ffe45da84e7" 136455 85598
"6347111c8bc00068" 16850 70748 89119
"d0331609988b0bc3" 1996 139588
"5c183635fdcdae4e" 15652 62596
"9fae395726392aa6" 20724 84008
"9e62a8fdad81e97d" 11958 113854
"24da508f28eeeddd" 420 2774 151511
"e06326cf0d34092a" 74250 30253 161570
"ea9032473baa746e" 14777 143679 70225
"73deaee05f64e986" 135847 127432 105095
"4c16d24c183cc83d" 4611 153456
"9a4562b758360469" 12689 176218 55957
"21fbd02c8536ea65" 113637 83908
"7c1f4cb1aca6ab49" 50773 2471 121382
"a63f2b99a40223ac" 86791 4595 71275
"dabf5cf1e438ac8f" 106450 183864 87658
"e0e88f39a9029887" 117073 185668
"506cd4daee2d2ca0" 39887 20821
"d11c288433d672af" 28961 159427
"9168d0d8b47245e5" 42425 94727
"eb10fea7d7d9db9e" 50041 31468
"5bb17b932800e969" 176267 65757 55344
"0357a513c3747f4e" 163762 186169
"d71cfb2b3315b4a9" 176033 107171
"a6b960aea46bf6ab" 45965 116735 126297
"52e7f33c531bccfd" 31708 58252
"8f32c6819f3e664c" 173985 27934
"7056d44cb0f859f9" 52292 35622
"cc88526decbe2109" 134845 78718 9432
"abc07175ae13a64f" 11958 40336 174971
"03f88c7cf261008a" 56663 70748 1996
"1f9fc03575430af9" 84275 30253
"6ee3fd9719f5fec3" 16850 185924 181255
"a91017f25847dd0d" 2774 62596 151511
"3dca4daabde6f909" 54280 20724 85598
"f2e0111a3688fd6b" 113854 84008 185840
"91602021711b84ca" 89119 136455 161598
"f2b384268d326362" 139588 21984 161570
"034d3f039f51772b" 156126 30461
"78e798fdad81e97d" 11958 70748
"95faf509988b0bc3" 1996 40336
"b3d94585c25c0fb3" 174971 181255 420
"6b742e99417db1de" 185924 56663 156126
"70bb248df4014326" 74250 62596 185840
"191c310ee75e97bb" 15652 85598 113854
"757d111bfb5e4aee" 54280 97211 136455
"e619a2b54cb398d7" 16850 151511
"82321ddc3f383815" 139588 89119 84008
"5850f719cf161fee" 30461 84275 21984
"de6122666bcecbe4" 20724 161570 2774
"65c4f81f4a2b996a" 11958 30253 156126
"52ebe0c1cea2110d" 136455 181255 161570
"4f649723ed4949cf" 97211 185840 54280
"9df27239b55f1234" 85598 56663 151511
"e6ac65510171e7a9" 174971 62596 161598
"1a5a30f4dbafaee9" 74250 2774 21984
"72515d425c20db06" 40336 113854 84008
"3bf2000daa6a9271" 16850 136455 30253
"f801f11b2f95b868" 15652 11958 139588
"75656abccc673665" 174971 84275 62596
"fa166c88b865515c" 70748 84008 161570
"50a8911b71fcb19e" 74250 20724 161598
"1e8631a54e1dc563" 185924 420 21984
"6c6974f65e612ca0" 16850 174971 70748
"a7571f04b78f962c" 113854 89119 185840
"aef1466ae7493388" 97211 40336 156126
"adaf458b7598c244" 181255 136455 151511
"204fcdc40f40215a" 30253 161598 85598
"9f40d9902ca81233" 84275 84008 30461
"bd76cc75c9578b20" 11958 54280 62596
"e382c5c5f2693852" 56663 20724 161570
"56278f7a14eab456" 15652 74250 2774