"6916c18a683e378c" 119059 16242
"9e09117f2e3455c4" 34655 172521
"3681a3876df6ed07" 87303 179675
"bb0369dd52e8405b" 45591 79580 62999
"77216ef138ae4d27" 64038 137116
"bde87157a452b575" 27278 8916 70288
"1a6e0e0e7978086e" 83211 78565
"9da4e231fe77b41d" 60304 40377 50779
"2a8b935f07e5bc5b" 129956 4045 93420
"1ea1805d8544ed5b" 107834 58114
"ad51637e085b73f5" 28347 67334 38992
"1e00f171564c7462" 163540 119216
"580d691e85f17b71" 135738 16302 107548
"295f95f63ab63d29" 18232 34894 27227
"d3d7473112b0cc77" 152304 27040
"d527df8a3be5e2b3" 90966 128018
"83c0721a09fd2b28" 131666 136416 151533
"6d50092e9b05371e" 100960 124297
"2fde7d609d9067fd" 11461 181060
"a90132ed59622345" 54937 12949 71295
"79cd581f00560de9" 1686 181260
"9a8883d6a87c6805" 64955 116869 80620
"10158233f683df89" 138810 177186
"e9df31e3939c43fa" 83060 149956 82765
"b44fada212be5a59" 7032 147398
"81a4fd5b22792164" 33059 36722 172394
"ddf60555065b242a" 128431 13005
"028b224de9b609e3" 150382 162461
"1595bf702dab5008" 123807 180705 169316
"e6e63f2203043dbb" 78441 141676
"ca8cd8589ce55595" 114363 93477 118223
"aa19d014b30ab28c" 154359 3570
"51e1149a34510ff9" 82992 124211 181317
"b16f86038b157d81" 40333 3909
"5361b2376b0ba723" 3818 78950
"697f670d480cf946" 123222 7858 159613
"628e82395a2d050f" 71231 147398
"6dd6a5d12db79c47" 123222 3570 159613
"35de7ad9cdc28eff" 54937 3570 71231
"28cc0555065b242a" 128431 36722
"b3008b9e93934fd5" 33059 40333 150382
"a9a46b7f659f5a7c" 82992 180705 83060
"3853e6ea61f421ca" 182087 64955
"07a6f3d7be15adf1" 64955 149956
"92c8fb5adcb52546" 127247 181060 116869
"1fc3148411d11088" 114363 3909
"3bc5f1fa8e0e8794" 125904 54937 12949
"5c63581f00560de9" 1686 138810
"fe90896db7502625" 124211 141676 71295
"257e8da212be5a59" 7032 13005
"d9ad0555065b242a" 128431 40333
"53aa1555065b242a" 128431 93477
"d66ce542b7133fe6" 181260 169316
"adb98ba17a851006" 122393 11461 118223
"0dc2f87ae071cf3e" 123222 116869
"c8911acb96a31e08" 82992 128431
"b80aafc5293498c1" 141676 7858 80620
"6a263e402c6f45bb" 123807 78950
"714f5073e98283d7" 127247 36722 162461
"15f35cd5ec80c68d" 82765 64955
"5a7b62395a2d050f" 71231 3909
"24fbf87ae071cf3e" 123222 154359
"35700968b1115708" 125904 181060 147398
"ab54d6ea61f421ca" 182087 3570
"6ccadcdb41c56073" 150925 185840
"6836ae1a9ed2d8cb" 58355 54274
"ae3253f258eadf5d" 16761 112408
"fdf8c37f471e0e87" 164002 66563 138557
"51bf6b22cc6f66dc" 58355 54274 20423
"efb7c27dfafce5b1" 89522 6151
"e1501377c4f231b7" 112408 16761
"6201ce1a9ed2d8cb" 58355 164002
"a4a15a8b4d0e2f7d" 20423 54274
"ca923b9d441c1646" 78495 150925 66563
"d00d3997b47e8c4e" 89522 6151 71847
"497682b31cf551ec" 54274 150925
"1ccabe1a9ed2d8cb" 58355 138557
"2c2463f258eadf5d" 16761 185840
"f61c193308786aa0" 71847 20423
"5790ccdb41c56073" 150925 78495
"af76d27dfafce5b1" 89522 66563
"a22883554a703651" 6151 164002
"fb5f43e7c30c9341" 54274 58355 150925
"0c82393308786aa0" 71847 112408
"6f45a608eabaac99" 66563 164002
"af3a5a8b4d0e2f7d" 20423 89522
"d7e058e611607fef" 78495 138557
"39d62ce5756c46a7" 58355 112408 71847
"e02362b31cf551ec" 54274 6151
"99bf4b9d441c1646" 78495 150925 185840
"4318e27dfafce5b1" 89522 138557
"f9e4a72b0c78846e" 185840 54274
"b28aae1a9ed2d8cb" 58355 71847
"994ee27dfafce5b1" 89522 164002
"fb22da14d8fc4a0b" 150925 54274 20423
"9b2338e611607fef" 78495 16761
"cb2f27686730ff68" 66563 71847 138557
"51f483554a703651" 6151 150925
"e772e924b182a930" 20423 78495 66563
"8c247bbeb5e94b11" 54274 164002 58355
"8843ccdb41c56073" 150925 89522
"db51e84d4064e450" 78495 20423 164002
"ba3b137d3aafbb44" 123222 124211 11461
"278947348efe9847" 78441 114363 54937
"7a7768a0041b9365" 82992 141676 7858
"416ac2376b0ba723" 3818 181317
"ef0fae3a6ec59a1b" 1686 181060 64955
"120f4e402c6f45bb" 123807 180705
"8a58eb66d6132c45" 180705 181260 138810
"40f44f598d21e48a" 3570 116869 7032
"006d0ce2a005bf8b" 83060 128431
"7a7624457b8eaf3b" 33059 12949 36722
"61c82a8e2ba0e0fb" 71231 13005 40333
"b74229cf0afa5f00" 36722 149956
"49f76cde017bbba6" 3909 78950
"737b0eea6d53cf73" 78950 93477 154359
"f49a08111cc8c5bf" 162461 172394 71295
"87b984178789aecd" 147398 159613
"9dc04b19da4fc507" 123222 122393 11461
"fd7668a0041b9365" 82992 141676 3818
"bc7815cc256f995b" 7858 181060 181260
"e73d9affce75d588" 123807 3570 83060
"5af8f261961134d5" 33059 80620 3909
"726e88a6255f7d2b" 82765 177186 118223
"f549f149aa3f7fa8" 114363 1686 116869
"13a29f5a1cf8097f" 54937 180705 138810
"4f931f4813d9e822" 64955 128431 12949
"d04dfd3e83c1e259" 71231 40333 149956
"cf293f2ef10dd2d6" 93477 150382
"ef70c5e54700685a" 169316 159613
"1346d28bb6cac317" 182087 124211 7858
"2441f00b74b921d1" 127247 141676 1686
"aa9009f12540c7b5" 78441 181260 83060
"29f7fb577c539f2b" 125904 3570 128431
"cbe9a9844b73fe7f" 3818 116869 7032
"65d73fe36b0d9db8" 138810 12949 36722
"f93ff00a551de590" 78950 150382 172394
"98c05c8109540eb3" 122393 123807 80620
"424f2674b51062f9" 36722 149956 93477
"f83b242d40845f6b" 181060 128431 71231
"9e4b193f1cda49b6" 118223 71295 147398
"3917f1b07619632e" 123222 114363 11461
"e63d5c3c29d4ec3c" 124211 180705 13005
"6e99869d4b65fb88" 181317 181260 83060
"1824ba17335e85bc" 7032 71231 40333
"5f2998a6255f7d2b" 82765 177186 162461
"a591f0f84758c9d9" 78441 54937 64955
"8e7dcd82a7a7fc2a" 125904 7858 181317
"3f2d6367fc954d99" 1686 116869 33059
"b46c7233f683df89" 138810 141676
"ae74f87ae071cf3e" 123222 123807
"4229fc1fcd8bf8dc" 82992 80620 128431
"98c93541e46868ae" 124211 11461
"bd33bdc9e6703600" 180705 3570 71231
"a00f9c13e9f0d789" 172394 64955
"82679f69a8a7f1f6" 1686 169316 3909
"a5beccbc3c0c5a63" 33059 78950
"824e70e61801afa7" 54937 7032 147398
"e9fab2376b0ba723" 3818 118223
"f407c4b60d2ef08e" 181060 150382
"84b31ce2a005bf8b" 83060 154359
"bec2149ca3a1718a" 149956 93477 162461
"9706148411d11088" 114363 13005
"631f09cf0afa5f00" 36722 71295
"1ee00dcc5627b439" 177186 82765 159613
"bc7a5fa95310ede6" 12949 40333
"bffd375a60e4c02c" 181260 116869 181317
"d5358f382b35d598" 7858 78441 159613
"b9d96065bf6468a4" 123222 71231 122393
"6dde36f11998ebf4" 3909 181260 169316
"ec6da7360547ed5c" 181317 182087 162461
"5d2e28b835c13429" 141676 118223 159613
"eef798253887a5c6" 7858 1686 116869
"700c76d8f90f7b85" 64955 82765 177186
"17fdf49f0e48e3fb" 138810 128431 114363
"94efada212be5a59" 7032 149956
"0c22e338a54256f9" 125904 71295 83060
"b0a3bf7b315c3260" 36722 150382 3818
"952a3541e46868ae" 124211 12949
"00684b9ce2e7ba93" 123222 11461 82992
"b46eccc19e0f4c5c" 78950 177186 3570
"156969dbda0d2266" 40333 80620 154359
"3549e5ad2a09080b" 123807 13005 172394
"35c7b5e8c75a9dcd" 78441 71231 147398
"a9d0c394f311c959" 93477 181317 33059
"1da5b147a36aa9ef" 127247 180705
"90ca901d5e3bd853" 82992 118223 82765
"4ace552c9c5756c0" 181260 3570 93477
"cc6070b48ec90563" 116869 162461 159613
"dbb4966a7112bffe" 172394 147398 141676
"e5641fd867f2cdb6" 1686 128431 80620
"155c892d72671bf3" 182087 83060 3909
"cea0a7af5fe389ea" 169316 7858 12949
"4e361490b4a8cb6f" 149956 78441 177186
"13620e79f7a828e2" 150382 123807 154359
"385edf0610998c2a" 169316 127247 124211
"40b2ac2616a6c321" 180705 3818
"e831700b12a7c4d7" 71231 36722 169316
"d223e957a4220d0a" 141676 181060
"72b8b1fcda8b153f" 150382 118223 159613
"02f3b876bd657445" 54937 181260 138810
"34684541e46868ae" 124211 71295
"854f88366e7a297d" 149956 154359
"109ce619a356166e" 7858 40333 82765
"9898942352776a93" 181317 64955 83060
"b0d35fa95310ede6" 12949 13005
"e9e1f7f7fbea61bd" 123222 82992 123807
"e8f14ec57e926281" 80620 93477
"b70d43f58fc3987b" 3570 11461 128431
"100066f20cd9ef5d" 7032 177186 147398
"8ba7e83d5d52c381" 78950 162461
"526c1f2203043dbb" 78441 33059
"011e481f00560de9" 1686 116869
"cc16bc13e9f0d789" 172394 159613
"13fd6dec75087261" 122393 71231
"e794f87ae071cf3e" 123222 124211
"e233e957a4220d0a" 141676 181317
"ff60faaa6ff2c266" 182087 11461 1686
"c644117d85b07dfa" 162461 147398
"2765f9cb96a31e08" 82992 12949
"ee4544edd65646de" 7858 64955 169316
"36355541e46868ae" 124211 123807
"89b41f2203043dbb" 78441 1686
"9504a4b60d2ef08e" 181060 7032
"8bd0bff156e77b74" 36722 118223 172394
"c5186cd5ec80c68d" 82765 147398
"f348a90e614f9d66" 127247 125904 71295
"4e6d5dec75087261" 122393 3570
"9735d3d7be15adf1" 64955 13005
"bab2b7a5c77049a1" 3570 83060
"00b00e79f7a828e2" 150382 123807 147398
"cfc5b147a36aa9ef" 127247 181260
"631ddd39d92b311b" 54937 149956
"f4e423d76cc8de82" 11461 181060 116869
"6d7f7233f683df89" 138810 154359
"91f426f267987a69" 3818 181260 138810
"c0747b28e0693440" 127247 114363 162461
"fc6e3ec57e926281" 80620 78950
"8258c957a4220d0a" 141676 71231
"fc1ad3d7be15adf1" 64955 33059
"277749e9ae2ccc18" 124211 116869 159613