420
1380
1996
2249
2471
2774
4595
4611
6350
7099
9432
10479
11958
12689
13510
13570
13652
14777
15652
16678
16850
19729
20724
20821
21984
27934
28229
28961
30253
30461
31468
31708
33314
35482
35622
36297
39887
40336
42425
45965
46122
50041
50773
50782
52292
54280
55344
55957
56663
58252
61596
62596
65747
65757
69327
70225
70748
71275
73983
74250
76192
78718
80631
80672
81833
82506
83219
83908
84008
84275
85598
86791
87658
87778
89119
89151
89905
91347
94727
97211
105095
106450
107171
107491
107529
110916
112457
113637
113854
115373
116735
117073
117440
117553
121382
126297
127432
129958
134845
135847
136455
139588
143679
151511
153456
155276
156126
156960
159427
161324
161570
161598
162461
163762
164879
165615
167974
173985
174971
176033
176218
176267
179052
180375
181255
181649
183864
184028
185668
185840
185924
186169
186960