1686
2959
3570
3818
3909
4045
4125
6151
7032
7858
8916
11461
12949
13005
16242
16302
16761
18232
20423
27040
27227
27278
28347
32134
33059
34655
34894
36418
36722
38992
40333
40377
45591
50779
52515
54274
54937
58114
58355
60304
62531
62999
64038
64955
66563
67334
70288
71231
71295
71604
71847
78441
78495
78565
78950
79580
80620
82765
82992
83060
83211
87303
89522
90966
93420
93477
100960
107548
107834
112408
114363
116869
118223
119059
119216
122393
123222
123807
124211
124297
125904
127247
128018
128431
129956
131666
135738
136416
137116
138557
138810
141676
147398
149956
150382
150925
151533
152304
154359
155187
159613
162461
163540
164002
169316
172394
172521
177186
179675
180705
181060
181260
181317
182087
185840