60
1009
1087
2087
2183
5911
12027
13548
15837
16389
16944
18797
20795
23473
26008
26924
28177
28511
31714
34844
34887
35401
37458
38998
39367
40336
42498
46194
47276
50548
50549
51491
53075
55570
55622
57082
59621
60015
60852
61191
62586
64695
65733
65771
67274
69324
69358
70153
70190
70560
71347
73581
77406
80626
81833
82198
84256
84278
86968
87303
88988
93422
94834
98221
101456
102330
104638
105826
108368
111403
111595
111698
112248
113531
114221
116243
116282
116538
117288
119492
120825
127242
129045
129612
129900
130855
134361
134714
138805
140117
142400
144849
146949
147398
148530
153865
154323
154503
155518
157941
158510
159415
159443
161570
161949
162801
164606
166966
169912
176693
178285
182885
182898
184046
184558
185329
185840
186093