"bd921237a9c05cc3" 21 2 66 478 4702 566 93 520 386 553 150 305 330 1091 13095 13 113 1545 29730 31077 530 4 10920 -1 -1 0 0 0 0 7 7 9 8 8 7 6 4 6 5 0 0
"5bfd0eda6439da4c" 17 1664 66 6564 3277 11351 12343 13 553 548 31078 2852 2853 191 9794 4899 2505 4 10921 -1 -1 0 0 0 0 9 8 6 5 5 6 5 2 3 3 0 0
"6b71be8c7fc1d14b" 25 2 2793 901 13 134 61 171 1509 31079 13 553 35 1215 4110 21717 13 113 66 23 12669 499 355 6864 31080 4 10922 -1 -1 0 0 0 0 5 4 8 6 6 8 5 4 7 4 0 0
"fb734eba85009309" 20 117 2087 25 703 13 499 11757 2338 13 553 3515 8225 31081 3905 13 87 31082 19929 1588 4 10923 -1 -1 0 0 0 0 6 6 7 6 4 6 5 2 4 3 0 0
"c6e9825d00e039cc" 23 8982 3041 10231 13 2 1489 61 171 15340 13 553 95 31083 150 151 36 11840 726 113 373 1977 31084 4 10924 -1 -1 0 0 0 0 8 7 9 7 7 7 6 4 6 5 0 0
"e68db65cc69e9c14" 14 237 248 507 1592 2125 13 553 2 188 2124 61 2236 31085 4 10925 -1 -1 0 0 0 0 7 8 9 8 7 8 4 3 6 4 0 0
"611f504c616f72ef" 23 23 2321 603 8586 125 13 499 304 31086 13 553 2727 713 607 7829 13 2 9214 102 61 125 31087 4 10926 -1 -1 0 0 0 0 6 7 7 6 5 6 5 4 6 4 0 0
"2a870f487713c966" 18 41 361 545 1069 1497 1793 4164 353 13 553 102 1113 2 18906 7834 353 19319 357 10927 -1 -1 0 0 0 0 8 7 9 8 7 8 5 5 8 5 0 0
"cd54dc0f2dabdf54" 26 47 66 6062 125 5714 6063 353 6064 13 553 73 143 5201 5202 13 102 11636 3248 31088 174 31089 13 1628 93 31090 4 10928 -1 -1 0 0 0 0 3 3 7 4 3 3 4 7 3 6 0 0
"a4e7a7b1fbe36ca5" 24 53 8244 1821 171 1247 13 35 311 61 1131 3632 31091 13 553 2 1753 1754 191 3581 607 31092 607 16490 4 10929 -1 -1 0 0 0 0 7 8 7 6 5 6 6 4 9 5 0 0
"a7f161893e0da2ec" 33 1382 1383 484 1384 17 13 553 95 3316 3317 61 653 31093 13 553 11603 4885 6209 29778 2439 34 35 2014 6299 13 5101 31094 13 35 847 31095 18477 4 10930 -1 -1 0 0 0 0 9 5 5 4 3 4 2 4 2 9 0 0
"e1a1f866b0e848aa" 25 2 1368 93 9856 31096 5282 13 553 10714 10715 999 660 1887 5368 10716 13 553 2637 1114 1511 31097 1960 2532 593 4 10931 -1 -1 0 0 0 0 6 7 8 7 7 6 4 4 6 5 0 0
"faa3984b109b1339" 37 134 191 6406 5282 3536 721 6 6434 2267 718 6405 718 13 553 1695 1696 1697 2 10251 5709 1655 13 553 772 1494 2764 11067 2 2815 2 1013 93 22251 16069 19428 2332 4 10932 -1 -1 0 0 0 0 7 8 8 7 6 8 6 4 7 7 0 0
"969651ece22f1302" 29 41 1043 392 31098 13 297 847 87 134 13 553 1822 217 31099 13 35 39 1108 31100 31101 4589 2200 13 9456 13600 13627 13628 13618 4 10933 -1 -1 0 0 0 0 8 7 7 8 6 7 3 4 6 4 0 0
"5a4989ad4f3f6556" 25 33 574 1580 13 553 1071 860 61 11489 454 13 553 102 61 1786 13887 13 150 36 4434 1071 1732 2846 1299 4 10934 -1 -1 0 0 0 0 8 8 7 6 5 5 4 7 6 7 0 0
"0dd82158d2c34831" 20 95 6080 3141 13 16083 2886 6748 13 553 357 8412 3611 21453 13 35 151 330 2747 31102 4 10935 -1 -1 0 0 0 0 0 0 0 0 0 0 0 0 0 0 0 0
"eac47240bc8f5e96" 26 31103 576 13 353 7170 13 687 337 2999 13 553 357 1724 2144 2 15476 15477 2128 297 481 31104 2398 13 31105 388 4 10936 -1 -1 0 0 0 0 0 0 0 0 0 0 0 0 0 0 0 0
"8e3a49474267e53f" 19 1920 1047 2152 13 347 13137 31106 20919 13 553 357 15340 13146 2 2165 61 12669 113 4 10937 -1 -1 0 0 0 0 0 0 0 0 0 0 0 0 0 0 0 0
"a787ae6686d64c70" 39 34 31107 31108 13 357 14235 31109 13 553 1863 31110 688 13 357 144 31111 31112 13 553 3241 35 31113 2519 31114 13 553 357 150 87 13085 504 13 414 4882 41 1821 1052 17411 4 10938 -1 -1 0 0 0 0 0 0 0 0 0 0 0 0 0 0 0 0
"bd59528d333e80b6" 28 15134 8225 15135 15136 13 1071 9738 6475 13 553 3277 2601 12343 13 357 347 36 31115 13 66 1220 28376 2 13146 113 7659 1605 4 10939 -1 -1 0 0 0 0 0 0 0 0 0 0 0 0 0 0 0 0
"947553f816eb10d1" 42 20 3387 1806 2 5262 31116 13 553 31117 3242 20 4738 186 7357 13 1580 23 31118 13 553 66 372 13 1580 573 1192 578 13 553 102 61 1786 13887 13 191 797 607 1466 21106 188 31119 4 10940 -1 -1 0 0 0 0 0 0 0 0 0 0 0 0 0 0 0 0
"8268610596b0b495" 35 4753 4304 4447 13 4449 737 3531 13 553 3166 31120 237 248 13 553 6270 31121 31122 1695 7442 8057 13 553 1696 1697 13 1580 2423 1047 297 722 31123 297 31124 16483 10941 -1 -1 0 0 0 0 0 0 0 0 0 0 0 0 0 0 0 0
"ae02d581bf3fd1f8" 50 171 2321 11160 26 2546 13 8586 31125 31126 13 23 31127 188 31128 13 553 191 31129 283 31130 1959 1960 1961 13 553 31131 31132 2 31133 31134 31135 55 13 553 860 150 31136 4899 31137 31138 2 412 31139 13 134 61 13316 171 18 16483 10942 -1 -1 0 0 0 0 0 0 0 0 0 0 0 0 0 0 0 0
"5d2a147ca0e3a557" 49 31140 596 14235 15032 31141 13 553 548 1795 12541 5441 1978 1529 13 31142 171 31143 20470 13 553 20871 31144 165 22388 13 553 134 31145 13 2 1109 16508 13 31146 95 31145 504 13146 13 553 499 23280 31147 13 35 607 4110 14097 4 10943 -1 -1 0 0 0 0 0 0 0 0 0 0 0 0 0 0 0 0
"aeaa87734ba21112" 35 102 1 13 1382 1383 484 639 17 13 553 305 1842 31148 4401 31149 13 553 31150 24801 13 2107 31151 2 2696 13 553 31152 13 1580 1109 797 31153 19836 31154 4 10944 -1 -1 0 0 0 0 0 0 0 0 0 0 0 0 0 0 0 0
"e45d22892f4b5857" 41 31155 3141 134 13 357 1109 31156 596 31157 13 553 33 95 171 1651 13 31158 21980 13 553 2 102 31159 4 4 4 1016 4401 13 553 2 2793 901 5146 188 18152 4 4 4 68 13 10945 -1 -1 0 0 0 0 0 0 0 0 0 0 0 0 0 0 0 0
"72720bf5e172e4ad" 39 31103 576 13 357 102 566 31160 13 553 150 305 330 1091 13095 13 1071 150 31161 2696 13 553 357 1753 1754 2 3581 607 6211 13 553 1488 7780 13 66 23 431 353 1755 4 10946 -1 -1 0 0 0 0 0 0 0 0 0 0 0 0 0 0 0 0
"a9c1a41cd7931551" 46 8982 3041 10231 13 93 579 66 188 200 13 553 31162 10715 999 660 1887 5368 10716 13 553 188 2842 457 30408 20 1793 146 7521 13 553 1549 600 31163 319 1007 20 31164 31165 13 31166 1431 31167 188 29178 31168 4 10947 -1 -1 0 0 0 0 0 0 0 0 0 0 0 0 0 0 0 0
"add64ce0bc780a96" 38 95 3316 3317 13 87 31169 1307 358 13 553 357 188 125 2684 31170 13 150 661 2852 31171 13 553 2727 1109 1485 2728 1429 13 553 548 1817 2852 2853 8414 188 1249 3317 4 10948 -1 -1 0 0 0 0 0 0 0 0 0 0 0 0 0 0 0 0
"ec089a54bd769bc6" 32 35 8712 1750 357 8412 13 31172 31173 31174 13 553 41 361 545 1069 1497 1793 4164 353 13 553 2 2124 2125 13 31175 31176 384 31177 4 4 4 10949 -1 -1 0 0 0 0 0 0 0 0 0 0 0 0 0 0 0 0
"bf91a852e6e3b477" 25 125 515 31178 29806 2 6063 31179 13 553 117 25 6836 13 3073 2346 31180 4 553 31181 515 31182 13 31183 9214 4 10950 -1 -1 0 0 0 0 6 4 7 3 5 5 5 2 3 2 0 0
"b3af73b991f05874" 39 8864 10588 1113 2 66 12463 18 13 553 34 26 87 3840 520 170 515 1604 4 553 41 150 600 26857 13 6063 162 125 16083 13 553 357 188 8387 1113 13 102 4434 31184 4 10951 -1 -1 0 0 0 0 9 7 9 8 7 6 5 6 9 7 0 0
"55c45198298b37d4" 18 31185 31186 31187 504 13 6338 31188 13 553 8307 31189 13 66 113 5673 188 31190 4 10952 -1 -1 0 0 0 0 7 6 7 6 6 4 6 4 5 5 0 0
"b6eca70ed81bc053" 28 6080 6296 2 66 7078 1187 17652 553 852 1449 386 566 387 13 1071 5589 188 10984 110 553 3277 31191 31192 13 20394 188 31193 4 10953 -1 -1 0 0 0 0 0 0 0 0 0 0 0 0 0 0 0 0
"ccb75ad7f66f7bae" 27 8552 31194 2 835 396 27689 13 553 41 17870 2905 13 515 600 2807 13 553 102 61 323 13 267 1042 61 102 2318 4 10954 -1 -1 0 0 0 0 8 9 9 7 7 7 6 5 4 4 0 0
"68e837eb8cc3878b" 32 3302 31195 2 415 607 13 553 28 860 688 31196 484 13 553 3316 31197 1232 2 3838 639 13 553 9456 13600 17124 13628 13618 13 171 102 31198 4 10955 -1 -1 0 0 0 0 6 5 6 5 4 6 6 7 6 6 0 0
"b531f5e59dd65264" 25 3316 3317 7142 174 774 1712 13 553 15476 15477 146 15478 150 5892 13 553 10714 10715 13 1319 999 1887 5368 10716 4 10956 -1 -1 0 0 0 0 5 4 6 4 4 3 4 2 4 3 0 0
"cefabfe23e207189" 28 452 421 35 61 2519 31114 13 553 357 113 38 729 7547 31199 1331 13 553 41 361 4164 13 6601 13 297 22975 361 353 4 10957 -1 -1 0 0 0 0 9 8 8 7 7 5 4 7 8 5 0 0
"8a934754afa1fdfe" 27 1552 31200 347 484 1384 7223 13 553 7082 1724 134 3302 31201 6836 31202 13 553 170 6209 27708 13 23 3073 200 23407 126 4 10958 -1 -1 0 0 0 0 9 6 7 8 7 5 6 5 8 6 0 0
"51a228900c5f5e9b" 37 2321 603 8586 13 95 19404 2284 13 553 125 171 22731 7829 31203 6716 13 553 11491 19634 13 718 6405 13 116 150 1510 337 553 150 13085 504 13 14697 1389 4753 10811 4 10959 -1 -1 0 0 0 0 8 7 9 7 6 7 6 5 8 5 0 0
"6a965177a8c3ed27" 37 73 31204 13 171 3358 30378 13 553 2124 2125 31205 13 1232 31206 66 2136 13 553 12766 1552 1778 13 87 61 2785 1603 13 171 200 1669 675 31207 13 347 31208 24808 4 10960 -1 -1 0 0 0 0 7 6 7 8 6 6 6 5 8 6 0 0
"9685b960c9fa73f8" 33 4753 61 31209 13 675 931 61 13 553 20727 95 4304 31210 31211 61 13 553 35 31212 13 308 31213 31214 31215 13 553 8380 3048 1680 31216 787 5881 4 10961 -1 -1 0 0 0 0 8 7 7 6 5 7 6 6 8 5 0 0
"a4a8f08d13dfe33b" 33 2519 8781 13 417 31217 13 688 752 13 553 150 305 330 1091 13095 13 1122 3338 2024 31218 13 553 9214 2652 13 20 31219 12541 19077 31220 359 14867 4 10962 -1 -1 0 0 0 0 6 6 8 7 6 6 6 4 6 6 0 0
"3a17ac67b82a667b" 33 31221 2727 13 1485 102 1429 13 553 31222 162 31223 274 53 8244 515 21903 13 553 31224 53 31225 1900 13 31226 13 553 31227 2 31228 2346 53 31229 4 10963 -1 -1 0 0 0 0 8 7 8 6 7 7 5 4 6 4 0 0
"3a30c7af0d9375d3" 33 2124 31230 13 61 31231 13 553 30631 20150 13 31232 13579 31233 13 553 1571 8581 31234 31235 13157 13 553 9456 13600 17124 13628 13618 13 171 7204 102 31236 4 10964 -1 -1 0 0 0 0 8 5 7 6 5 6 6 5 7 5 0 0
"352c8e30d3a53848" 18 8307 2152 13 357 66 23 12669 13 553 22979 2809 607 31237 31238 13 171 15769 4 10965 -1 -1 0 0 0 0 6 6 8 5 6 7 4 2 5 4 0 0
"f6ea2976adaac32c" 23 704 2429 2 305 28132 13 373 3693 6475 7919 13 553 357 1500 1109 1110 2652 1432 13 28 31239 31240 4 10966 -1 -1 0 0 0 0 7 6 8 5 6 7 4 2 3 6 0 0
"40aa59c0ace70256" 30 3963 7132 13 357 347 36 18554 13 35 23 12645 4748 13 553 1267 457 35 5603 61 7231 29305 13 410 87 61 134 3302 171 6728 4 10967 -1 -1 0 0 0 0 8 6 7 6 7 7 5 3 5 5 0 0
"99dc1fd56054ea68" 21 636 12785 171 1342 1047 22899 13 553 35 2204 347 2663 330 351 13 171 1651 31241 721 6066 4 10968 -1 -1 0 0 0 0 6 7 7 6 6 6 3 2 4 5 0 0
"cfd3b450554ad3c0" 26 150 102 2859 8892 1669 8893 13 87 61 14164 13 553 1109 2971 712 417 6711 13 1549 87 61 457 113 1331 31242 4 10969 -1 -1 0 0 0 0 7 6 7 6 6 6 4 4 5 5 0 0
"6d056bad195381f7" 36 41 386 1456 35 23 445 31243 8926 13 553 596 21770 607 698 6260 274 11751 1109 31244 104 13171 13 553 1205 4570 31245 31246 31247 13 2805 53 3081 799 102 31248 4 10970 -1 -1 0 0 0 0 8 7 8 6 7 6 4 6 3 7 0 0
"d8892df5977c5c72" 28 3221 3753 478 7092 13 357 1806 8382 1029 61 6777 31249 13 553 31250 11535 19135 1806 13 19144 31251 1964 816 11 25948 171 31252 4 10971 -1 -1 0 0 0 0 7 6 7 5 6 6 5 3 6 4 0 0
"2e7d3e707700d819" 32 31253 1580 25 1808 517 31254 13 852 330 719 150 2131 31255 13 553 357 20 31256 16318 13 1629 18576 412 31257 13 8642 445 102 171 1577 8644 4 10972 -1 -1 0 0 0 0 7 6 5 6 6 6 5 4 3 5 0 0
"b462f29b44521a1e" 31 35 2204 150 31258 20 10205 13 2204 24693 35 361 981 3186 2236 1464 2785 31259 13 553 357 31260 1215 13 2 860 744 31261 1179 704 917 4 10973 -1 -1 0 0 0 0 6 6 6 5 6 6 5 5 3 3 0 0
"f77f0eb8a286a865" 41 1013 3032 4323 286 364 13 41 150 36 1201 3125 17581 13 553 360 61 297 738 739 2852 740 741 13 357 19695 34 171 2358 31262 13 1250 31263 515 113 16089 93 4316 13 31264 31265 110 10974 -1 -1 0 0 0 0 6 8 6 7 6 7 7 3 4 6 0 0
"b5ce6da12cd7774f" 28 35 23 12645 4748 13 4300 357 478 8062 13 553 357 15565 5894 14958 113 188 15566 2 12516 535 38 5381 20 23 8676 15691 4 10975 -1 -1 0 0 0 0 8 6 7 6 6 7 6 2 3 5 0 0
"944028edc9bdd4ff" 30 41 386 1456 35 1778 8090 31266 13 553 171 11355 355 5579 481 31267 13 357 12676 1511 373 125 11721 13 2 31268 698 2245 87 6495 4 10976 -1 -1 0 0 0 0 8 6 7 6 6 7 4 3 4 6 0 0
"b7fe34e671db3975" 41 150 5799 31269 463 31270 504 13 150 2248 415 4007 13 31271 3115 553 13 553 171 16604 3907 1013 1000 31272 10211 35 31273 61 697 13 357 2195 3195 347 8301 31274 150 1665 31275 171 31276 4 10977 -1 -1 0 0 0 0 7 5 6 5 6 8 5 3 2 6 0 0
"ce5f03155b94ad89" 33 519 16395 13 347 349 31277 3314 13 553 357 1331 9277 3479 2 3503 590 31278 41 347 11738 47 1633 188 764 1079 35 87 361 171 1552 2327 3923 4 10978 -1 -1 0 0 0 0 7 6 7 5 6 6 6 4 7 4 0 0
"6419d410eee762e0" 37 191 15157 15158 13 574 35 1378 360 61 17875 13 553 357 6558 1983 6759 13 188 704 2884 326 31279 7537 13 553 102 9071 61 9072 367 31280 13 2245 9198 8845 22704 4 10979 -1 -1 0 0 0 0 8 6 6 5 6 7 5 5 6 7 0 0
"c93b9be617d9298f" 17 31281 305 27180 9321 13 553 357 1331 729 7543 13 499 600 2452 6141 21524 4 10980 -1 -1 0 0 0 0 7 7 5 7 6 5 4 2 5 3 0 0
"e5155f94bba609b9" 19 31282 2620 1737 10839 61 13 553 87 138 1930 588 13 1549 87 150 25233 331 151 4 10981 -1 -1 0 0 0 0 6 7 5 6 6 4 4 4 3 6 0 0
"ae130ff3809944f3" 30 1306 2001 357 286 305 521 22961 13 553 504 31283 31284 4124 2 66 8982 25291 1338 18135 7389 7645 823 95 31285 429 31286 6821 31287 9603 4 10982 -1 -1 0 0 0 0 4 5 3 5 4 5 3 4 3 6 0 0
"5c85624c5c0b7fe1" 18 31288 2340 150 36 362 11646 553 31289 2941 15618 2024 13 31290 3302 13 14288 14697 4 10983 -1 -1 0 0 0 0 5 6 5 6 5 5 4 3 5 4 0 0
"8e5dd133f1cb07bd" 21 347 1832 2451 28 31291 1825 31292 13 553 17137 4652 942 113 13 357 66 23 2891 3248 6672 4 10984 -1 -1 0 0 0 0 8 8 7 6 6 7 3 3 4 3 0 0
"c75d1423c5b869de" 18 150 7238 36 5140 13 1071 1664 31293 13 553 2 31294 37 7911 1664 7647 31295 4 10985 -1 -1 0 0 0 0 5 6 4 4 4 4 4 5 5 3 0 0
"ece979c4c809b30d" 21 1131 89 520 31296 1396 1173 19886 13 553 311 61 20 31297 6495 2 2094 17417 2018 1250 31298 4 10986 -1 -1 0 0 0 0 7 8 7 5 6 4 5 4 5 6 0 0
"815bd5c500adaf14" 19 66 31299 13 18603 11053 13 35 16188 31300 553 31301 609 13 16604 737 18792 31302 31303 31304 10987 -1 -1 0 0 0 0 4 4 3 4 3 4 2 3 3 3 0 0
"64092994e22ac736" 23 5625 579 13 125 5881 31305 578 2195 553 4887 31306 31307 31308 13 31309 11355 11721 2 31310 11342 3195 30289 4 10988 -1 -1 0 0 0 0 6 6 7 5 4 5 4 3 3 3 0 0
"9959a945fe829591" 18 150 6601 304 10971 326 553 1274 170 774 609 566 31311 2 31312 410 102 16395 4 10989 -1 -1 0 0 0 0 6 7 5 6 5 5 4 5 6 6 0 0
"286b40eb48cf830c" 21 7123 1734 27180 9321 13 499 22687 553 3221 3753 11718 286 305 13 35 2056 61 31313 31314 31315 4 10990 -1 -1 0 0 0 0 7 7 5 5 5 4 5 4 7 5 0 0
"04dd20ffa4bd5b56" 24 1842 4176 15609 425 31316 15611 553 35 36 4748 13 7659 31317 114 31318 265 2772 2346 2204 27047 31319 31320 150 4 10991 -1 -1 0 0 0 0 4 4 4 5 4 3 2 4 4 4 0 0
"4da85c6f16734bba" 25 20 474 150 146 36 621 13 31321 1321 13 553 1549 744 31322 61 31323 349 31324 31325 1488 4316 61 731 4317 4 10992 -1 -1 0 0 0 0 5 5 3 6 4 5 4 4 4 4 0 0
"5a673f4d4d5cfe88" 22 3693 268 136 31326 13 188 31327 2777 2 2777 553 31328 31329 31330 6464 2 4571 31331 31332 31333 31334 4 10993 -1 -1 0 0 0 0 5 6 4 4 4 4 3 3 4 3 0 0
"ee2b3a4095180cf9" 37 5799 150 36 31335 31336 1664 415 4007 530 553 357 1762 2652 31337 3406 1580 360 61 31338 25 566 313 25734 150 31339 6750 2287 18102 13 357 1331 9277 31340 5654 3581 1887 4 10994 -1 -1 0 0 0 0 6 7 6 5 4 4 3 5 6 3 0 0
"f1a44691ea9224d8" 22 41 386 31341 20 1342 31342 357 19107 13 553 8111 11029 3302 14697 2 3425 17652 23 2891 621 2513 4 10995 -1 -1 0 0 0 0 0 0 0 0 0 0 0 0 0 0 0 0
"bf51c49494f061dc" 19 1500 1109 1110 31343 2 23672 13 553 357 3963 7132 2 596 425 1192 19783 731 31344 4 10996 -1 -1 0 0 0 0 8 8 6 6 8 7 3 4 5 4 0 0
"40c6f14d07f01712" 24 636 12785 31345 1643 31346 13 553 357 1303 1304 3025 297 1306 412 1202 31347 13 553 13587 13619 13620 251 9456 110 10997 -1 -1 0 0 0 0 7 8 7 9 8 8 3 4 3 7 0 0
"c854e38d7b9a7597" 26 816 11 31348 817 13894 13 553 150 102 2859 8892 1669 31349 171 5719 95 13 553 1762 4652 37 357 596 17137 3248 4 10998 -1 -1 0 0 0 0 7 7 8 5 6 6 3 6 4 5 0 0
"65b037294d77567e" 19 297 15831 1545 13 553 150 95 36 7238 113 17471 142 13 553 2 7646 1385 7647 4 10999 -1 -1 0 0 0 0 6 6 6 6 4 5 2 4 3 4 0 0
"d8f59824952f2096" 26 35 27726 5625 2 31350 31351 13 553 1930 588 138 13 297 87 113 31352 2775 13 553 31353 8643 1083 171 31354 8644 4 11000 -1 -1 0 0 0 0 8 8 6 8 4 6 4 5 6 7 0 0
"ea60eca27941b123" 27 35 6601 6362 636 7962 13 553 1331 87 8969 61 1303 13 297 87 113 165 13 553 2245 87 6495 8404 31355 2 31356 4 11001 -1 -1 0 0 0 0 9 7 6 7 6 5 3 5 8 6 0 0
"c4a650f30a82e690" 24 41 150 36 1330 116 4799 297 3278 13 553 16469 4589 5881 13 347 31357 13 553 2 2625 95 4972 31358 4 11002 -1 -1 0 0 0 0 5 7 6 7 4 6 3 4 3 5 0 0
"f873589dbc7bb3df" 23 548 5799 5800 337 13 4007 150 4337 1568 31359 553 13 15609 31360 1842 12155 737 31361 13 553 61 14164 4 11003 -1 -1 0 0 0 0 6 5 5 4 3 7 3 4 4 3 0 0
"6f9543645e90956a" 27 20 547 61 102 13 357 66 737 519 31362 13 553 357 1862 12333 31363 2 1841 171 5719 95 13 553 2 7646 7647 4 11004 -1 -1 0 0 0 0 8 7 6 7 5 6 3 5 5 5 0 0
"a85bc1e59093b34c" 24 66 1274 170 53 188 31364 13 553 15294 61 737 722 1729 1666 31365 13 553 191 35 2371 330 1643 31366 4 11005 -1 -1 0 0 0 0 7 7 7 8 5 7 3 4 4 7 0 0
"cdc436cbdeae8dce" 28 18603 11053 13 1109 3436 113 3290 13 553 31367 31368 9322 3901 13 553 357 1303 1304 3025 297 1306 412 1202 2398 7225 2 31369 4 11006 -1 -1 0 0 0 0 6 7 6 7 5 6 3 5 4 6 0 0
"9007de2ed0e0049a" 20 3693 18820 31370 2 16604 13 553 102 12142 9072 13 150 24634 31371 31372 31373 2 27005 3753 4 11007 -1 -1 0 0 0 0 5 8 7 7 6 6 4 4 5 9 0 0
"9595168a44b87d0d" 16 35 4337 4748 31374 13 553 11355 1077 3224 12243 13 553 2 722 31375 4 11008 -1 -1 0 0 0 0 6 8 7 8 6 5 3 5 7 6 0 0
"21bd75e6651d47f2" 25 357 3425 13 66 23 2891 417 22925 13 553 191 15157 15158 13 481 805 13 553 2 1331 9277 77 2 6657 4 11009 -1 -1 0 0 0 0 7 8 6 7 6 5 4 3 6 7 0 0
"ad95ed6181c84911" 24 41 386 3212 20 1110 31376 13 553 150 102 2859 2838 1669 31349 13 553 282 10463 1109 14319 1113 2 31377 4 11010 -1 -1 0 0 0 0 7 9 5 8 5 2 3 3 8 7 0 0
"0614aecfe172197a" 26 1500 1109 1110 31343 2 31378 13 553 35 349 150 1109 31379 31380 6659 13 553 2245 87 6495 13 331 150 1568 31381 4 11011 -1 -1 0 0 0 0 5 7 6 3 4 2 2 3 5 5 0 0
"78fb555ad28e31a4" 36 297 1613 8535 13 31382 13 553 460 461 462 13 672 855 8949 2 1342 31383 13 553 15576 1886 31384 1450 25 1016 1892 1187 13 1109 31385 669 25 16510 777 17815 4 11012 -1 -1 0 0 0 0 3 5 5 4 6 2 3 2 3 5 0 0
"d7ad7dbcecefeaf5" 18 20 66 414 7590 338 5147 31386 5148 13 553 47 34 26 1096 5586 31387 11751 4 11013 -1 -1 0 0 0 0 2 4 2 2 3 3 3 2 2 2 0 0
"375f46a0eb72de14" 29 25 349 355 13 25 353 31388 13 553 4820 171 1983 4821 13 2691 1983 31389 13 553 4638 95 53 14746 13 1250 95 31390 3058 4 11014 -1 -1 0 0 0 0 3 6 4 5 2 3 5 4 4 6 0 0
"7667ec89f1982e09" 38 2978 6971 8772 8310 34 31391 1007 27183 13 553 297 744 882 607 883 191 14311 61 11101 31392 13 553 95 1342 1863 2652 30325 2 8336 27844 31393 13 144 95 19188 2739 31394 4 11015 -1 -1 0 0 0 0 7 6 4 6 5 3 4 3 5 5 0 0
"096e974f96e7bb7b" 19 282 3018 3019 18792 3253 93 13 553 6223 66 6252 1983 6277 31395 33 535 4 68 13 11016 -1 -1 0 0 0 0 1 3 2 4 3 3 2 1 3 3 0 0
"542497e6b5a01eae" 32 191 2905 1286 1287 1521 18611 2813 13 553 12118 16483 553 2416 31396 31397 39 113 31398 13 553 7530 3691 1378 9950 31399 13 3302 31400 188 9398 736 4 11017 -1 -1 0 0 0 0 4 6 8 4 7 6 5 3 5 4 0 0
"744ceb033a87c020" 31 357 34 4142 4143 4144 321 4145 4146 13 553 31401 504 13 66 23 134 1143 2963 28513 13 553 499 2416 1667 35 500 729 171 27844 31402 4 11018 -1 -1 0 0 0 0 3 4 3 2 2 2 2 2 3 2 0 0
"682f6ec8a317c50d" 30 66 1664 33 2614 313 6087 13 553 31403 9297 55 31404 600 13 553 28 347 36 13677 13 1303 1489 500 34 1610 357 20183 457 31405 4 11019 -1 -1 0 0 0 0 3 4 4 6 2 2 2 4 4 5 0 0
"8e96844542e6c828" 28 20 5938 6443 55 2209 13 664 347 11430 31406 13 553 2 66 377 378 8586 31407 13 553 2 17581 9425 31408 3 2 31409 4 11020 -1 -1 0 0 0 0 5 4 5 3 4 2 3 5 5 6 0 0
"e1b8edc9e9b1fa5f" 35 2 8428 16910 55 11861 61 596 460 603 31410 13 553 282 6783 744 22715 13 357 150 36 396 47 25264 31411 13 553 2 6935 13 150 36 1550 31412 6228 4 11021 -1 -1 0 0 0 0 5 4 4 5 6 2 3 2 3 4 0 0
"599f486a5ce24c06" 34 731 13 87 3155 188 3156 2 31413 13 553 5008 353 28 373 637 31414 2 31415 29305 13 1071 13 553 61 14672 6020 373 102 31416 31417 31418 31419 7904 4 11022 -1 -1 0 0 0 0 7 8 7 7 4 4 3 4 5 7 0 0
"bcf4c263ca28f3a6" 37 191 767 10203 326 13 7563 31420 13 553 4944 31421 31422 13 1042 150 36 330 735 13 553 191 489 31423 14330 13 357 66 113 1220 901 648 23 19167 2 125 313 4 11023 -1 -1 0 0 0 0 8 7 5 5 5 4 4 3 6 6 0 0
"b87f93d7dc2a8e24" 35 610 607 1096 31424 901 13 553 341 24815 417 282 31425 13 553 330 66 347 39 330 12028 1655 13 553 367 26058 31426 171 31427 13 347 330 28916 7894 11835 4 11024 -1 -1 0 0 0 0 4 5 4 3 4 4 3 3 3 4 0 0
"bc9b42b4c679868c" 35 660 20457 31428 12920 31429 31430 13 553 31431 31432 41 31433 171 31434 2070 484 8062 13 553 150 330 1379 736 13 736 31435 13 553 3405 3532 4880 2 31436 31437 4 11025 -1 -1 0 0 0 0 3 7 7 5 5 5 5 4 4 4 0 0
"2ccc75c70dcea56b" 39 31438 31439 2 799 3279 13 553 5981 18152 18406 2 31440 31441 31442 31443 13 553 15373 25 31444 13 31445 31446 410 31447 18375 31448 13 553 1775 835 31449 2652 10369 31450 31451 31452 31453 4 11026 -1 -1 0 0 0 0 4 6 6 5 7 5 5 4 5 3 0 0
"43af4cf6b8588592" 47 31454 860 10062 31455 150 3278 2265 13 553 1998 31456 31457 13 6121 134 31458 388 31459 31460 13 553 150 736 31461 1131 61 8543 31462 2 1145 7380 31463 13 553 31464 134 7102 20084 191 31465 31466 13 10883 1207 31467 31468 4 11027 -1 -1 0 0 0 0 4 6 5 4 6 4 4 7 3 3 0 0
"bbc192cbc19f83f3" 68 31469 21557 25 31470 1929 31471 13 553 15576 1886 1450 25 704 376 3396 13 553 31472 297 1580 61 102 7957 17499 9001 1012 13 553 14672 31473 1374 31474 20374 31475 1660 530 1043 13 553 31476 87 282 2128 6239 1319 719 31477 31478 15687 31479 2 1374 31480 373 12365 31481 31482 13 553 191 5363 1047 31483 87 31484 31485 526 4 11028 -1 -1 0 0 0 0 0 0 0 0 0 0 0 0 0 0 0 0
"7f5fa7b3beb07e53" 63 796 61 26580 31486 125 553 297 1613 8535 41 12157 358 553 31487 504 4124 13 553 191 799 16575 170 2 22877 14634 1872 31488 53 13 553 106 31489 4124 20 4330 31490 31491 31492 31493 31494 31495 553 11161 61 31496 8922 20871 31497 31498 31499 15759 23 3302 359 6863 31500 31501 4346 453 31502 150 2664 4 11029 -1 -1 0 0 0 0 3 8 5 5 4 7 4 3 4 3 0 0
"7e46958d88ffe3a6" 117 457 1522 17 31503 31504 31505 31506 21817 31507 31508 31509 4899 13 553 976 1022 20 6282 31510 31511 20 31512 13 553 4154 87 188 31513 31514 1071 31515 31516 31517 13 553 2 66 5494 31518 31519 191 31520 530 31521 13 553 31522 102 66 3070 134 31523 23648 66 4402 622 13 553 1705 31524 170 25590 66 2204 31525 31526 31527 31528 553 31529 61 566 31530 31531 31532 982 31533 31534 31535 31536 13 553 610 607 53 31537 13 31538 53 31539 1971 31540 13 553 1559 610 3235 93 53 13 2128 35 13678 31541 622 2416 188 31542 27259 2 31543 305 31544 134 188 31545 4 11030 -1 -1 0 0 0 0 5 5 6 3 5 6 4 4 4 4 0 0
"dfa42a5a0ecebfd4" 49 347 330 41 39 3195 31546 31547 1775 31548 13 553 66 347 36 19546 150 1842 31549 31550 13 31551 425 31552 13 553 31553 31554 31555 31008 1341 61 31556 29043 31557 31558 1108 787 31559 13 553 31553 12986 47 31560 31561 66 31562 31563 4 11031 -1 -1 0 0 0 0 5 6 6 5 5 7 5 3 4 3 0 0
"b2eeadd920633f25" 101 852 35 1331 31564 798 18332 2785 3840 3751 31565 13 553 1906 1580 31566 566 146 12103 15352 31567 6826 31568 13 553 12118 53 31569 31570 1872 31571 31572 2 31573 31574 13 553 20 26305 31575 31576 297 3939 26634 31577 66 423 39 31578 13 553 13585 53 1953 976 20 286 31579 7303 31580 13 553 20422 596 21165 31581 31582 31583 31584 31585 31586 61 31587 20 31588 31589 55 31590 2957 170 10623 13 553 2318 20374 31591 3838 1145 1534 31592 2 2859 31593 31594 31595 31596 2696 31597 31598 23001 31599 4 11032 -1 -1 0 0 0 0 5 7 6 5 6 7 4 3 6 3 0 0
"77c2282e95a3fa0a" 128 25525 31600 31601 920 357 1028 35 417 4209 87 393 31602 31603 31604 2859 1517 31605 31606 31607 31608 31609 2 31610 2 2507 31611 5381 414 31612 31613 31614 22028 11168 31615 31616 31617 3227 31618 31619 384 191 373 10063 2 860 31620 31621 358 31622 31623 106 31624 3963 2 41 162 9333 9745 297 87 620 31625 1088 330 23313 2564 548 12430 31626 31627 2453 31628 191 9431 297 744 373 882 607 883 884 31629 5462 7763 31630 3110 31631 974 28785 31632 2 31633 41 1550 13 297 6783 1990 6784 31634 29723 31635 31636 2 31637 31638 2 1774 2 4550 13146 93 5894 31639 31640 737 12811 797 2 9468 150 31641 31642 31643 5791 1823 31644 4 11033 -1 -1 0 0 0 0 3 6 4 2 5 5 5 4 2 7 0 0
"d2345f67f1b51612" 84 41 1002 66 31645 31646 31647 31648 31649 2 31650 13 553 31651 31652 7842 6473 8062 31653 150 4337 3342 31654 31655 449 13 553 410 134 8590 31656 31657 10892 31658 31659 31660 2 6042 566 31661 13 553 3972 31662 596 134 28193 31663 20 1947 4322 31664 31665 2 2284 13 553 703 721 607 1007 3313 31666 31667 31668 31669 13 553 31670 950 12990 13621 31671 13 12990 31672 31673 13 553 2 66 377 378 13 31674 11034 -1 -1 0 0 0 0 6 5 7 6 5 8 4 4 5 6 0 0
"254c8b54292e3e15" 17 13729 13970 150 4337 1568 7266 31675 13 553 1109 1110 2464 3427 2 25378 1558 87 11035 -1 -1 0 0 0 0 0 0 0 0 0 0 0 0 0 0 0 0
"ad912b5ceca43666" 26 25 10355 10356 13 417 2503 1016 1513 3926 31676 13 553 5008 353 188 1461 55 2 31677 13 7530 2861 1378 14626 10893 4 11036 -1 -1 0 0 0 0 0 0 0 0 0 0 0 0 0 0 0 0
"1af2a5259e7d8064" 24 66 347 355 13 66 347 355 367 406 13 553 188 2124 150 330 515 362 1669 13 191 489 7223 14330 4 11037 -1 -1 0 0 0 0 0 0 0 0 0 0 0 0 0 0 0 0
"3c2b57bcecfe1442" 27 191 767 6050 326 7563 7564 13 553 297 744 373 882 607 883 884 13 553 150 330 1379 736 13 191 353 395 6105 4 11038 -1 -1 0 0 0 0 6 7 9 8 7 6 3 2 9 5 0 0
"b54ad19e3f5e059c" 25 357 34 4142 4143 2 4144 321 4145 4146 13 553 357 347 66 596 737 36 12103 13 6105 1990 14074 31678 31679 4 11039 -1 -1 0 0 0 0 5 6 7 6 6 5 3 2 7 4 0 0
"d77f6cde089d2d7f" 21 66 2690 4944 13 1071 150 36 13677 13 553 357 2570 15076 4899 1109 1998 2 28802 31680 31681 4 11040 -1 -1 0 0 0 0 6 7 6 7 6 6 4 2 5 4 0 0
"8da5003d9c9e688c" 36 2978 424 8772 13 499 596 286 20 373 102 19106 13 553 20 5938 5939 5823 2 452 31682 31683 12527 31684 13 553 347 330 14091 13 41 95 61 1664 1841 16809 4 11041 -1 -1 0 0 0 0 6 6 5 6 6 3 2 2 4 3 0 0
"72623288179b6fe2" 27 12118 13 34 645 61 14672 13 553 357 41 35 31685 297 1613 8535 13 553 345 171 1884 150 36 1568 31686 1018 31687 4 11042 -1 -1 0 0 0 0 4 5 7 5 6 8 6 5 3 5 0 0
"c41d9f8dd62ebac4" 25 6787 8001 61 8002 5849 13 553 359 31688 31689 13 63 461 462 13 553 2 8428 8429 31690 31691 31692 31693 19754 4 11043 -1 -1 0 0 0 0 5 6 7 8 5 4 2 3 8 6 0 0
"6035bffff1eaefd4" 31 66 1664 1319 6086 6087 13 87 1047 1043 25 347 36 1550 281 3440 13 553 15576 1886 1450 25 704 376 3396 13 499 330 1330 9425 8483 4 11044 -1 -1 0 0 0 0 6 6 5 5 6 7 4 3 4 3 0 0
"d6cffa3197ae0ecd" 30 9140 31694 31695 13 553 2 6935 359 1842 13 31696 31697 31698 13 31699 31700 31701 13 553 5363 1047 5364 2 25415 1319 966 722 4 4 4 11045 -1 -1 0 0 0 0 4 6 6 7 4 4 3 4 5 6 0 0
"dcc8ec119c56fc80" 32 282 3018 3019 1082 13 345 1857 1043 11423 13 553 20 414 4529 5145 5146 5147 5148 13 553 20 5938 5939 5823 13 2 858 410 2941 1043 31702 4 11046 -1 -1 0 0 0 0 5 6 5 6 6 5 4 3 5 4 0 0
"527fddc5400fc581" 33 4376 451 3998 6294 13 191 362 150 36 31703 13 553 25 349 355 25 349 355 13 150 1780 13 553 25 10355 10356 13 417 18 31704 4403 305 4 11047 -1 -1 0 0 0 0 5 5 5 5 5 4 3 3 4 4 0 0
"0633553c051787bd" 28 4638 95 53 14746 13 1250 31705 102 1016 394 87 586 2340 31706 110 4180 110 553 6223 6252 1983 6277 13 499 330 1379 736 16483 11048 -1 -1 0 0 0 0 4 6 6 6 6 3 2 3 4 5 0 0
"405a77e2ea921293" 26 731 3155 3156 13 2 720 34 31707 31708 504 13 553 1868 504 13 1071 150 36 13677 13 311 150 36 3221 2331 4 11049 -1 -1 0 0 0 0 5 6 6 7 6 5 4 3 6 5 0 0
"799fc6b52d544812" 29 1664 6086 6087 13 482 34 31709 6876 13 553 2683 942 13 1549 4638 373 4766 110 553 31710 425 2038 13 191 353 5008 188 31711 4 11050 -1 -1 0 0 0 0 6 6 6 7 6 4 3 3 4 5 0 0
"902e3b8042127dcd" 34 191 7820 767 13 2 326 9733 7563 13 553 13093 5630 13 31712 31713 13 553 6787 8001 61 8002 5849 13 553 1549 1613 8535 13 345 4326 174 4267 31714 4 11051 -1 -1 0 0 0 0 5 6 7 8 5 4 2 3 8 6 0 0
"23cc8db4ebaea197" 33 13729 13970 150 36 2248 4410 13 113 24946 30307 31715 13 553 9140 9141 13 31716 1559 31717 110 553 66 2690 4944 13 191 102 31718 357 326 7650 31719 4 11052 -1 -1 0 0 0 0 4 6 5 5 6 6 3 3 4 4 0 0
"d6e75e4af3d5a46b" 29 2 4920 2785 1885 31720 16483 553 157 11735 13 31721 31722 13 1367 15691 16483 553 113 12205 2204 3668 13 191 1879 1592 29157 29424 31186 4 11053 -1 -1 0 0 0 0 0 0 0 0 0 0 0 0 0 0 0 0
"31204090418526c2" 21 341 1352 610 13 31723 31724 9630 13 553 41 4505 676 1043 9105 13 31725 5933 535 308 31726 4 11054 -1 -1 0 0 0 0 0 0 0 0 0 0 0 0 0 0 0 0
"07bb802925af3c21" 38 2 10184 1258 22494 2803 13 553 35 1109 3323 351 547 8851 13 553 34 23136 392 3302 2318 2 1542 13 553 357 66 23 53 748 1862 24168 13 35 297 150 36 200 4 11055 -1 -1 0 0 0 0 0 0 0 0 0 0 0 0 0 0 0 0
"7d3bf070f44a4cd7" 41 2 1248 188 31727 4195 4196 4197 13 553 547 31728 150 36 31729 13 8310 478 2475 18502 13 553 34 31730 1315 515 4228 31731 13 553 357 35 6012 193 142 13 113 2546 188 146 31732 4 11056 -1 -1 0 0 0 0 0 0 0 0 0 0 0 0 0 0 0 0
"3b37988b4b3e55c8" 24 11526 31733 2265 13 28 1793 31734 31735 1319 13 553 357 547 31728 150 36 31729 13 8310 347 330 31736 479 4 11057 -1 -1 0 0 0 0 0 0 0 0 0 0 0 0 0 0 0 0
"e516080b166f9e50" 20 28 1732 2700 20030 102 515 2 986 13 553 341 1352 610 13 1664 1110 3280 93 31737 4 11058 -1 -1 0 0 0 0 0 0 0 0 0 0 0 0 0 0 0 0
"79f86da6a2f124c7" 26 596 352 8329 2700 384 13 5588 13 2126 16485 774 13 553 41 4505 676 1043 9105 13 31725 5933 535 20174 2151 113 4 11059 -1 -1 0 0 0 0 0 0 0 0 0 0 0 0 0 0 0 0
"b7dc8c7b41580d20" 44 41 14308 14309 14310 2 25075 3313 31738 13 553 6121 1892 712 1043 12573 13 31739 4446 2 31740 3727 13 553 7171 1667 73 61 4773 4757 13 38 727 188 31741 13 2 927 353 31742 3302 18 2 18 4 11060 -1 -1 0 0 0 0 0 0 0 0 0 0 0 0 0 0 0 0
"254125aea24e23d9" 49 2595 63 5618 13 2 31743 20127 150 31744 13 553 150 14905 689 13 548 31745 2771 1231 737 13 553 150 3186 349 1065 31746 6647 13 113 1854 188 31747 13 553 150 4848 13 150 138 2151 13 47 66 5494 5881 1405 31748 4 11061 -1 -1 0 0 0 0 0 0 0 0 0 0 0 0 0 0 0 0
"8037f8c37c0eb947" 26 76 2227 13 76 150 286 421 6257 3037 13 553 2181 1055 584 31749 13 553 985 6566 31750 93 13 2619 676 31751 4 11062 -1 -1 0 0 0 0 0 0 0 0 0 0 0 0 0 0 0 0
"a1d5dfa32109a576" 23 41 402 25 23 8940 13 347 36 31752 13 553 31753 530 4819 1056 13 188 1342 6907 15621 4 68 16496 11063 -1 -1 0 0 0 0 0 0 0 0 0 0 0 0 0 0 0 0
"052af16e46b471b7" 35 357 320 4414 326 13 297 359 171 10279 13 553 502 607 57 1 13 47 7054 326 31754 13 553 2369 3840 31755 12486 13 2 6105 125 93 31756 31757 1874 4 11064 -1 -1 0 0 0 0 0 0 0 0 0 0 0 0 0 0 0 0
"9b814e617bd7ba4c" 25 11519 319 20 95 31758 22323 13 553 1668 16405 47 7389 93 1323 13 553 347 863 12740 330 13 102 21305 14996 4 11065 -1 -1 0 0 0 0 0 0 0 0 0 0 0 0 0 0 0 0
"7a77e8329aee14f1" 26 481 482 483 742 361 3923 13 553 357 150 330 113 31759 941 23691 13 553 297 66 2374 367 35 34 31760 30622 4 11066 -1 -1 0 0 0 0 0 0 0 0 0 0 0 0 0 0 0 0
"bc25fefce2099f28" 27 474 475 150 36 476 482 31761 13 553 41 3302 2931 1795 3663 1842 621 116 13 553 1669 2445 61 93 31762 5713 31763 4 11067 -1 -1 0 0 0 0 0 0 0 0 0 0 0 0 0 0 0 0
"f224949ecf2b6866" 28 8720 742 1047 13 7159 373 31764 23652 13 553 8359 371 31765 13 722 31766 13 553 357 742 61 1173 13 95 31767 616 7212 4 11068 -1 -1 0 0 0 0 0 0 0 0 0 0 0 0 0 0 0 0
"b466bb749c080b50" 20 87 1047 9633 9634 13 102 21770 33 13 553 373 941 20068 13 2 31768 31769 1265 698 4 11069 -1 -1 0 0 0 0 0 0 0 0 0 0 0 0 0 0 0 0
"1aa5a23113531f9f" 31 20 31770 13 31771 2299 150 901 8213 13 553 41 7460 150 6510 3768 13 1374 10483 2236 31772 13 553 4532 3998 13 3736 8757 28010 796 3751 4 11070 -1 -1 0 0 0 0 0 0 0 0 0 0 0 0 0 0 0 0
"a32389a424294460" 30 6625 6626 13 113 95 102 297 31773 13 553 2 7739 7740 13 847 2236 1842 20 412 23410 13 553 20 10361 2 1628 113 31774 8864 4 11071 -1 -1 0 0 0 0 0 0 0 0 0 0 0 0 0 0 0 0
"1d28268729224646" 20 347 2852 15668 13 31775 5795 566 14093 1033 13 553 16016 8859 13 31776 16230 31777 25071 31778 4 11072 -1 -1 0 0 0 0 0 0 0 0 0 0 0 0 0 0 0 0
"2791db1551930f04" 20 330 751 14970 7316 347 13 3186 31779 13 553 191 9738 14202 14203 13 4862 18471 596 6475 4 11073 -1 -1 0 0 0 0 0 0 0 0 0 0 0 0 0 0 0 0
"0dc5de75dbfc32ad" 19 12959 31780 1015 13 507 14786 14787 24456 31781 13 553 4961 31782 13 6270 31783 31784 31785 4 11074 -1 -1 0 0 0 0 0 0 0 0 0 0 0 0 0 0 0 0
"f030f8330b05ad57" 29 191 2027 61 13 150 36 31786 19451 13 553 282 4268 165 3307 13 31787 3018 31788 13 553 41 34 31789 7882 564 981 8612 603 4 11075 -1 -1 0 0 0 0 0 0 0 0 0 0 0 0 0 0 0 0
"ec7676aa1017c975" 24 357 66 3007 113 6475 13 451 10971 13 553 7945 31790 20 150 1356 1842 13 499 146 633 25 10809 1842 4 11076 -1 -1 0 0 0 0 0 0 0 0 0 0 0 0 0 0 0 0
"7a6b1c41bbe98176" 31 11851 4899 1592 13 28169 31791 31792 927 13 553 297 26 53 12825 13 31793 10269 22083 13 553 596 188 3873 13 2200 1303 20 636 3663 1842 4 11077 -1 -1 0 0 0 0 0 0 0 0 0 0 0 0 0 0 0 0
"899f149030e8609b" 19 191 7533 35 31794 13 31795 1303 13 553 7950 7951 13 20 373 4228 47 956 3180 4 11078 -1 -1 0 0 0 0 0 0 0 0 0 0 0 0 0 0 0 0
"e803f2ab85a01907" 24 341 1067 4700 13 1580 61 2356 87 2928 13 553 20 9217 13 35 417 286 31796 13 125 1633 31797 31798 4 11079 -1 -1 0 0 0 0 0 0 0 0 0 0 0 0 0 0 0 0