"69224a25cf7ffede" 30 188 61 410 1069 1825 10164 102 13 553 171 1190 2 15779 504 10881 457 13 553 953 297 87 1342 1669 26955 13 4403 113 1192 2308 4 11080 -1 -1 0 0 0 0 0 0 0 0 0 0 0 0 0 0 0 0
"6cc080b2763ca975" 25 720 588 1485 737 87 102 13 553 5140 154 150 7592 151 194 195 196 13 553 357 11633 11950 6503 331 727 4 11081 -1 -1 0 0 0 0 0 0 0 0 0 0 0 0 0 0 0 0
"da1053f8a33aabac" 19 191 61 15131 542 13 297 3200 10666 31799 13 553 974 1399 13 417 61 1806 18341 4 11082 -1 -1 0 0 0 0 0 0 0 0 0 0 0 0 0 0 0 0
"5f3b880248c90aa3" 21 234 235 236 13 297 722 18432 3195 13 553 23 2611 359 3744 1863 357 87 150 36 2283 4 11083 -1 -1 0 0 0 0 0 0 0 0 0 0 0 0 0 0 0 0
"143f6624645dddc0" 16 191 188 855 1658 171 1659 13 553 87 61 2928 38 386 297 14699 4 11084 -1 -1 0 0 0 0 0 0 0 0 0 0 0 0 0 0 0 0
"f73f6f38c8a31f94" 19 20 8241 2851 2 777 19195 13 553 134 347 286 628 25 345 1129 142 425 142 4 11085 -1 -1 0 0 0 0 0 0 0 0 0 0 0 0 0 0 0 0
"f2b14d73d24bed26" 32 171 2534 66 13665 13 553 499 1328 188 305 171 9578 41 35 545 2891 13853 31800 31801 13 553 2 7332 14624 13 297 722 1577 6062 901 17393 4 11086 -1 -1 0 0 0 0 0 0 0 0 0 0 0 0 0 0 0 0
"7bb318f330ea9d3a" 31 31802 3136 13 31803 61 588 1806 8328 188 31804 31805 13 553 41 14128 61 737 13 586 113 2865 13 2 35 188 12988 21571 4576 20 31806 4 11087 -1 -1 0 0 0 0 0 0 0 0 0 0 0 0 0 0 0 0
"ede73d4310bf87ec" 20 14566 15557 15558 15559 13 553 5260 20 7282 735 3488 13 2 386 20 174 860 31807 31808 4 11088 -1 -1 0 0 0 0 0 0 0 0 0 0 0 0 0 0 0 0
"5d5a83dea73126b2" 12 3358 6669 359 8974 13 553 6240 26521 6320 14839 23434 4 11089 -1 -1 0 0 0 0 0 0 0 0 0 0 0 0 0 0 0 0
"4d1cb1748e4b53bf" 15 7550 421 25 7557 13 553 4773 4757 5136 553 13 26 31809 31810 4 11090 -1 -1 0 0 0 0 0 0 0 0 0 0 0 0 0 0 0 0
"f8d94799429c5f96" 24 10255 10256 6907 10257 10258 13 553 482 752 753 763 764 188 13 553 297 2785 1016 4403 6777 6778 6779 6780 4 11091 -1 -1 0 0 0 0 0 0 0 0 0 0 0 0 0 0 0 0
"1c8693d947aed8ba" 14 3327 12783 171 15471 13 553 171 12893 38 61 931 359 19927 4 11092 -1 -1 0 0 0 0 0 0 0 0 0 0 0 0 0 0 0 0
"e393801030a60397" 17 17047 171 7639 31811 13 553 66 117 4176 134 2 87 2284 31812 2151 9917 4 11093 -1 -1 0 0 0 0 0 0 0 0 0 0 0 0 0 0 0 0
"7588f0ba97162754" 16 347 2852 1817 16108 13 553 772 6576 6930 538 6931 2 2232 21202 31813 4 11094 -1 -1 0 0 0 0 0 0 0 0 0 0 0 0 0 0 0 0
"1bfe63a4e14c6a95" 27 150 2214 1780 8771 13 113 31814 13 2 3313 704 3314 13 553 835 15159 20 19052 7551 13 297 3312 61 7675 1480 2299 4 11095 -1 -1 0 0 0 0 0 0 0 0 0 0 0 0 0 0 0 0
"e51ba6ccf4dd0689" 20 41 8387 353 3302 1993 2054 23416 19407 13 553 20475 5913 13 34 35 31815 31816 13 11484 4 11096 -1 -1 0 0 0 0 0 0 0 0 0 0 0 0 0 0 0 0
"d81c7a5cc2e91bfc" 23 150 4715 1808 1762 4337 31817 31818 13 13732 13 553 35 27684 5304 171 18183 13 188 4403 1315 373 102 4 11097 -1 -1 0 0 0 0 0 0 0 0 0 0 0 0 0 0 0 0
"f462c578c39bd952" 21 26 27665 188 572 361 731 31819 31820 13 553 20 31821 31822 31823 7397 13 361 1674 6475 87 31824 11098 -1 -1 0 0 0 0 0 0 0 0 0 0 0 0 0 0 0 0
"9c6c2c70e38890ec" 36 34 4539 13 35 1495 1493 13 357 31825 4211 13 553 188 2833 347 151 455 5881 13 191 31826 15589 31827 13 553 188 1190 15779 21097 13 499 66 286 330 31828 4 11099 -1 -1 0 0 0 0 0 0 0 0 0 0 0 0 0 0 0 0
"d52a5e87074efd81" 27 5316 5771 13 188 26855 31829 2 31830 13 553 188 31831 5849 150 4337 13 171 12694 607 1725 31832 13 188 38 1562 2349 4 11100 -1 -1 0 0 0 0 0 0 0 0 0 0 0 0 0 0 0 0
"f3df6d26f1ac42f4" 24 5316 5771 13 547 5673 31833 13 553 31834 2144 13 3327 607 675 31835 13 25 17047 188 304 24620 19187 31836 4 11101 -1 -1 0 0 0 0 0 0 0 0 0 0 0 0 0 0 0 0
"bf4418709fde73a1" 27 41 188 31837 4757 5136 553 31838 31839 31840 13 553 14566 15557 15558 15559 13 31841 8771 13 150 31842 31843 13 6480 35 30239 4 11102 -1 -1 0 0 0 0 0 0 0 0 0 0 0 0 0 0 0 0
"3371f4db305085fb" 27 191 188 1762 53 31844 367 13 5580 6490 4403 1993 13 553 174 6491 2203 2 10328 188 13 191 188 855 171 1659 1658 4 11103 -1 -1 0 0 0 0 0 0 0 0 0 0 0 0 0 0 0 0
"390eed4b313da8fd" 26 15994 5140 7949 435 13 6025 82 31845 13 553 5316 5771 13 482 188 31846 373 764 763 13 2 188 31847 8025 920 4 11104 -1 -1 0 0 0 0 0 0 0 0 0 0 0 0 0 0 0 0
"bc72b25a73039d76" 23 5255 347 286 628 13 25 95 142 31848 13 553 6480 1319 13 346 188 12988 993 31849 20 188 31850 4 11105 -1 -1 0 0 0 0 0 0 0 0 0 0 0 0 0 0 0 0
"f1c156032f11cf5d" 15 14566 15557 15558 15559 13 553 6480 35 30239 13 1760 4578 2346 6930 4 11106 -1 -1 0 0 0 0 0 0 0 0 0 0 0 0 0 0 0 0
"a39dad57f2b28e96" 29 31851 95 154 305 195 196 13 25 10635 1774 61 13 553 20 8241 2851 2 154 31852 13 953 297 20 12164 29111 102 1187 87 4 11107 -1 -1 0 0 0 0 0 0 0 0 0 0 0 0 0 0 0 0
"0b6223863a99dd4b" 25 95 61 171 12893 13 347 18483 188 31853 13 553 22075 323 13 188 61 1069 1825 13 34 35 463 31854 31855 4 11108 -1 -1 0 0 0 0 0 0 0 0 0 0 0 0 0 0 0 0
"66a5ab293cdb389a" 24 150 8584 8512 2214 20 31856 8343 446 47 31857 31858 55 31859 31860 1399 13 553 150 21606 31861 31862 193 31863 4 11109 -1 -1 0 0 0 0 0 0 0 0 0 0 0 0 0 0 0 0
"6409258d9ec237ea" 28 3358 6669 359 31864 25012 13 553 180 180 13 87 61 3988 2125 13 2247 12639 31865 553 41 14128 61 737 2218 13 417 17883 388 11110 -1 -1 0 0 0 0 0 0 0 0 0 0 0 0 0 0 0 0
"2208857b24ea8089" 20 361 1674 6777 749 13 553 357 4773 4757 5136 553 13 357 1664 31866 30185 188 25525 297 15159 11111 -1 -1 0 0 0 0 0 0 0 0 0 0 0 0 0 0 0 0
"0aae5bc8af8a761d" 28 20 2601 12049 35 66 23 113 30058 13 553 357 482 752 753 763 764 188 110 553 234 235 236 13 367 347 4932 31867 151 11112 -1 -1 0 0 0 0 0 0 0 0 0 0 0 0 0 0 0 0
"10ddbf831d622766" 16 23 2611 359 2423 13 553 720 588 1485 737 5141 10275 20039 31868 797 4 11113 -1 -1 0 0 0 0 0 0 0 0 0 0 0 0 0 0 0 0
"6e5c3e00403c4be4" 30 188 61 410 1069 1825 13 2 2094 31869 5953 13 553 188 5848 5849 61 171 38 1562 2349 13 675 297 963 359 1693 61 125 5525 4 11114 -1 -1 0 0 0 0 0 0 0 0 0 0 0 0 0 0 0 0
"5b40e634afaff9d7" 25 347 2852 1817 16108 13 188 31870 347 29530 13 553 35 151 1495 1493 13 2 134 347 286 628 25 31871 425 4 11115 -1 -1 0 0 0 0 0 0 0 0 0 0 0 0 0 0 0 0
"e837f9939069115b" 24 4773 4757 31872 5136 553 13 357 87 1771 188 1828 553 191 188 855 1658 171 1659 13 18 330 31873 4093 4 11116 -1 -1 0 0 0 0 0 0 0 0 0 0 0 0 0 0 0 0
"984a0a431c2a96c1" 13 17047 61 171 2534 13 347 3313 23775 540 452 373 3717 4 11117 -1 -1 0 0 0 0 0 0 0 0 0 0 0 0 0 0 0 0
"08e427e230a0eed6" 36 7550 421 13 35 95 61 1083 31874 7618 31875 13 553 234 235 236 13 10071 28023 102 1906 31876 13 553 5580 6490 174 6491 2203 13 2 2859 104 8307 188 855 4 11118 -1 -1 0 0 0 0 0 0 0 0 0 0 0 0 0 0 0 0
"a1cbad603e5dcf66" 37 297 2785 1016 4403 6777 6778 6779 6780 13 553 974 1399 2303 25455 150 600 1978 515 576 13 553 20 2601 12049 35 66 23 113 30058 13 2 1571 150 6467 31877 31878 4 11119 -1 -1 0 0 0 0 0 0 0 0 0 0 0 0 0 0 0 0
"1c02419a0f21c79a" 30 361 1674 2941 3327 4243 13 553 357 596 15229 657 2 6377 6099 22985 31879 13 553 3327 12783 171 15471 13 6258 25 66 347 330 31880 4 11120 -1 -1 0 0 0 0 0 0 0 0 0 0 0 0 0 0 0 0
"0c394a14c461b723" 36 1808 1121 13732 13 373 150 36 1930 31881 13 553 5912 5913 13 877 31882 6110 2 29258 3413 13 553 2 1724 2144 13 2 5217 6105 7802 3302 2700 4083 482 31883 4 11121 -1 -1 0 0 0 0 0 0 0 0 0 0 0 0 0 0 0 0
"d63139a287732739" 22 14566 15557 15558 15559 13 553 11484 343 95 9391 596 953 6020 1043 29157 13 2 3940 93 30673 93 4 11122 -1 -1 0 0 0 0 0 0 0 0 0 0 0 0 0 0 0 0
"768f9e66882a3b63" 33 720 588 1485 737 13 2 102 355 113 9322 7576 31884 13 553 3135 3136 2 14515 29730 2785 13 553 347 2852 1817 16108 13 499 31885 6751 17587 7314 4 11123 -1 -1 0 0 0 0 0 0 0 0 0 0 0 0 0 0 0 0
"7476ba2a4f905b2a" 22 20 16820 1736 13 150 21551 3327 4391 8612 31886 13 553 7550 421 13 687 31887 14453 31888 1032 24493 4 11124 -1 -1 0 0 0 0 0 0 0 0 0 0 0 0 0 0 0 0
"d816f84b587c8154" 20 34 4539 35 151 1495 504 13 553 357 134 191 542 61 15131 13 297 981 35 3654 4 11125 -1 -1 0 0 0 0 0 0 0 0 0 0 0 0 0 0 0 0
"4a77c38df02b2eda" 18 66 3500 963 13 1071 1378 150 13124 13 553 787 7329 877 1016 3009 920 740 4 11126 -1 -1 0 0 0 0 0 0 0 0 0 0 0 0 0 0 0 0
"6dea02e6f45f3dc9" 33 738 384 18715 357 31889 13 2 108 981 31890 31891 13 553 357 7586 44 566 7587 6436 13 553 20 5425 3998 5426 13 297 5217 2717 113 188 14738 4 11127 -1 -1 0 0 0 0 0 0 0 0 0 0 0 0 0 0 0 0
"d2a54dbf838b1936" 16 2204 35 36 2627 548 3157 330 13 553 14693 28504 13 31892 5177 2598 4 11128 -1 -1 0 0 0 0 0 0 0 0 0 0 0 0 0 0 0 0
"de3ff39ad21bf5ee" 18 31893 823 5940 515 5942 13 553 2446 3535 2217 3536 87 12388 1842 359 7456 353 4 11129 -1 -1 0 0 0 0 0 0 0 0 0 0 0 0 0 0 0 0
"6f9a9d0db3c8e871" 37 347 304 13090 2 2888 13 553 20492 1947 31894 609 5823 5824 20483 7285 4 553 357 720 737 588 13 21168 1192 12507 13 553 20 31895 13849 31896 609 13 1208 7180 1771 4 11130 -1 -1 0 0 0 0 0 0 0 0 0 0 0 0 0 0 0 0
"32f5dd61bcce887b" 20 20 311 31897 13 87 26917 3302 31898 13 553 6858 6859 31899 13 66 7638 1192 1502 4768 4 11131 -1 -1 0 0 0 0 0 0 0 0 0 0 0 0 0 0 0 0
"9f695ceb2e6921ce" 19 20 356 501 769 13 66 3070 31900 13 553 357 66 23 737 1487 1151 188 13059 4 11132 -1 -1 0 0 0 0 0 0 0 0 0 0 0 0 0 0 0 0
"e2ec9d388d2f4de6" 18 34 35 330 3654 31901 31902 13 553 134 392 113 3248 2816 10906 2 5886 17504 4 11133 -1 -1 0 0 0 0 0 0 0 0 0 0 0 0 0 0 0 0
"e7d4e0b0699ce6dc" 17 738 7069 721 13 191 1109 37 12212 13 553 24921 13 636 8395 47 17056 4 11134 -1 -1 0 0 0 0 0 0 0 0 0 0 0 0 0 0 0 0
"1f322eb3dd957a74" 17 1806 504 7389 61 1297 13 553 20 150 146 373 12779 330 36 1157 3797 4 11135 -1 -1 0 0 0 0 0 0 0 0 0 0 0 0 0 0 0 0
"97070fe36fda5f63" 13 31903 31904 27717 66 4192 13 553 395 2327 1804 20436 31905 4 11136 -1 -1 0 0 0 0 0 0 0 0 0 0 0 0 0 0 0 0
"bc81d32c355e5046" 33 3622 2023 13 507 93 20596 13 553 16263 1016 3021 61 16194 31906 4 553 6863 31907 150 330 571 13 553 6863 19244 188 9067 13 1842 359 353 1523 4 11137 -1 -1 0 0 0 0 0 0 0 0 0 0 0 0 0 0 0 0
"eaf62eb296846e3b" 14 134 3087 171 71 13 553 345 608 7534 7155 41 151 31908 4 11138 -1 -1 0 0 0 0 0 0 0 0 0 0 0 0 0 0 0 0
"501ecd9235337b3f" 18 31909 13 28 102 361 3478 13 553 7123 3342 568 1319 13 1013 102 286 1867 4 11139 -1 -1 0 0 0 0 0 0 0 0 0 0 0 0 0 0 0 0
"9e64ccbe4e42f680" 20 191 860 23788 2 3261 31910 13 553 23 4339 13 357 66 737 2652 66 788 188 15677 4 11140 -1 -1 0 0 0 0 0 0 0 0 0 0 0 0 0 0 0 0
"7d82fe991d11a27a" 20 6597 61 452 1101 13 31911 28321 13 553 357 3365 87 515 13 10423 10424 34 8349 26757 4 11141 -1 -1 0 0 0 0 0 0 0 0 0 0 0 0 0 0 0 0
"64370ecff9898ad4" 19 1109 6633 12834 13 2 8486 3248 13275 13 553 28232 628 102 13 188 6761 6752 31912 4 11142 -1 -1 0 0 0 0 0 0 0 0 0 0 0 0 0 0 0 0
"b5ce13fde70bdb65" 23 520 1047 87 1509 20 860 515 424 21770 13 553 95 9910 12220 13 720 737 588 578 13903 2 4931 4 11143 -1 -1 0 0 0 0 0 0 0 0 0 0 0 0 0 0 0 0
"e10cea0f903ad642" 25 1498 61 8410 13 2 66 117 373 102 4766 13 553 357 449 3088 61 7053 13 2 66 347 1319 2305 1978 4 11144 -1 -1 0 0 0 0 0 0 0 0 0 0 0 0 0 0 0 0
"1ff9dea9a4af2618" 29 20 4481 6971 22501 297 31913 87 6659 13 553 150 87 25 87 4699 1071 4403 1293 1750 14359 9618 13 134 4483 87 4484 4 68 13 11145 -1 -1 0 0 0 0 0 0 0 0 0 0 0 0 0 0 0 0
"600c12ea6ec731c5" 37 1510 150 2928 504 13 2 87 61 31914 10931 13 553 6863 10020 61 6863 9066 188 9067 13 2 87 4124 357 10610 150 3668 504 2 31915 14253 939 417 940 4 68 13 11146 -1 -1 0 0 0 0 0 0 0 0 0 0 0 0 0 0 0 0
"c1116f79e6470369" 22 150 36 890 1187 13 25 31916 727 13 553 150 2280 2873 11706 11707 13 357 341 193 421 13898 4 11147 -1 -1 0 0 0 0 0 0 0 0 0 0 0 0 0 0 0 0
"70c46c3143d33ae2" 19 386 359 1109 12261 8676 5477 2571 13 553 191 7231 7113 14958 14957 2 722 723 609 4 11148 -1 -1 0 0 0 0 0 0 0 0 0 0 0 0 0 0 0 0
"efd85fe7683a0ff4" 22 16625 13 66 352 349 170 13 1947 20656 13 553 24154 355 1052 13 102 95 5823 5824 20483 609 4 11149 -1 -1 0 0 0 0 0 0 0 0 0 0 0 0 0 0 0 0
"0de5c32469cb7f66" 25 787 7329 877 13 66 23 297 160 2 24175 13 553 7586 44 7587 6436 13 357 10794 2871 347 12067 66 31815 4 11150 -1 -1 0 0 0 0 0 0 0 0 0 0 0 0 0 0 0 0
"9edc7ff47ffbfcef" 26 347 1667 106 722 170 320 13 981 607 803 31917 171 5942 13 553 95 9910 12220 13 308 102 1527 61 31918 2696 4 11151 -1 -1 0 0 0 0 0 0 0 0 0 0 0 0 0 0 0 0
"82743510ef7de200" 29 28 1793 3477 3478 13 66 7604 26583 927 13 553 357 35 2204 150 13 102 61 31919 2 3478 13 10794 2871 150 1795 4862 4421 4 11152 -1 -1 0 0 0 0 0 0 0 0 0 0 0 0 0 0 0 0
"cdb1b8ef87c3361a" 26 191 66 14405 31920 13 553 3972 1947 20656 609 5823 5824 20483 13 553 938 939 940 13 720 737 588 5881 13903 21822 4 11153 -1 -1 0 0 0 0 0 0 0 0 0 0 0 0 0 0 0 0
"46bb67e81665dba9" 25 14 13 191 34 953 437 13 31921 31922 9158 13 553 10423 10424 5425 3998 5426 1763 13 553 134 20 3998 31923 4 11154 -1 -1 0 0 0 0 0 0 0 0 0 0 0 0 0 0 0 0
"ff640dcfa56ecb85" 15 41 150 146 12779 2437 331 1157 13 553 547 13005 2696 2200 3180 4 11155 -1 -1 0 0 0 0 0 0 0 0 0 0 0 0 0 0 0 0
"1e528fe2019135fa" 19 2247 2905 31924 20071 14649 13 553 134 34 392 3248 2816 10906 2 1315 31925 622 15637 4 11156 -1 -1 0 0 0 0 0 0 0 0 0 0 0 0 0 0 0 0
"1ea5fc1f15d8da97" 23 66 3500 963 13 20 171 10112 865 3536 13 553 34 356 501 188 769 13 357 31926 93 113 689 110 11157 -1 -1 0 0 0 0 0 0 0 0 0 0 0 0 0 0 0 0
"4f4722404b98547b" 22 66 3972 1947 5822 13 609 5823 5824 5825 13 553 191 14735 1192 1792 13 5441 7317 3923 2 13296 4 11158 -1 -1 0 0 0 0 0 0 0 0 0 0 0 0 0 0 0 0
"bb672aea629f1d12" 24 4763 13 3342 568 1319 13 1013 102 286 1867 25146 13 553 357 66 1934 1720 13 87 31927 61 1071 15112 4 11159 -1 -1 0 0 0 0 0 0 0 0 0 0 0 0 0 0 0 0
"f68da88dc5bde98f" 18 357 23 737 722 1487 23681 13 553 102 1527 1113 31928 13 191 1589 1192 2696 4 11160 -1 -1 0 0 0 0 0 0 0 0 0 0 0 0 0 0 0 0
"3dc8174a9d00b4c1" 26 35 2204 36 13 41 35 31929 1157 3797 2437 13 553 93 6987 13 1016 61 13380 31930 13 150 31931 330 326 24568 4 11161 -1 -1 0 0 0 0 0 0 0 0 0 0 0 0 0 0 0 0
"f186f9b58b30df88" 21 938 939 940 13 31932 504 110 553 6601 61 8410 13 1016 61 31933 1765 603 14074 2 8969 4 11162 -1 -1 0 0 0 0 0 0 0 0 0 0 0 0 0 0 0 0
"3292d4f28ac27ce5" 20 14693 13 31934 31935 31936 553 191 383 384 12212 13 23179 1088 2007 1071 414 1737 21643 14764 4 11163 -1 -1 0 0 0 0 0 0 0 0 0 0 0 0 0 0 0 0
"bb2f02949d7f0107" 21 16263 1016 16196 61 359 21120 13 3302 16264 13 553 191 171 6521 61 31937 13 35 2204 36 4 11164 -1 -1 0 0 0 0 0 0 0 0 0 0 0 0 0 0 0 0
"ea416b2803c37500" 30 95 9910 12220 1091 936 1862 13 5477 31938 13 553 191 4481 6971 22501 13 297 4483 87 4484 13 1109 17867 2696 1031 1071 31939 61 9048 4 11165 -1 -1 0 0 0 0 0 0 0 0 0 0 0 0 0 0 0 0
"bc764ebd11e7fdb3" 16 191 7231 7113 1016 14957 14958 13 553 742 13205 61 1303 31940 10423 10424 4 11166 -1 -1 0 0 0 0 0 0 0 0 0 0 0 0 0 0 0 0
"c4b2ddfb7cf72270" 22 532 6857 13 66 188 26629 2006 6860 13 553 357 23 737 722 1487 23681 20 31941 13 297 31942 4 11167 -1 -1 0 0 0 0 0 0 0 0 0 0 0 0 0 0 0 0
"705db3c5847bae93" 23 66 3622 2023 13 8486 3248 13275 13 553 28 1793 3477 3478 13 1016 61 31943 12583 520 2332 4673 2331 4 11168 -1 -1 0 0 0 0 0 0 0 0 0 0 0 0 0 0 0 0
"30a63a7db6e209a8" 21 347 304 13090 13 47 2888 13 66 8343 326 553 191 31944 942 13 66 6864 805 326 68 4 11169 -1 -1 0 0 0 0 0 0 0 0 0 0 0 0 0 0 0 0
"92ba98c1bc327cc0" 20 150 1029 31945 2358 388 3204 31946 31947 13 553 3087 171 71 13 721 23767 6781 9120 31948 4 11170 -1 -1 0 0 0 0 0 0 0 0 0 0 0 0 0 0 0 0
"b31d1e1ffaff5a0d" 20 608 7534 7155 13 4404 31949 553 106 361 8024 35 95 737 3048 31950 13 31951 31952 142 4 11171 -1 -1 0 0 0 0 0 0 0 0 0 0 0 0 0 0 0 0
"b378062f5a07961f" 23 21068 61 7053 13 66 347 463 721 330 11822 553 515 31953 5941 5942 13 150 1641 993 23642 31954 12574 4 11172 -1 -1 0 0 0 0 0 0 0 0 0 0 0 0 0 0 0 0
"e330da88714c654d" 20 20 388 389 13 607 1151 3459 3460 553 1034 9939 31955 3938 10147 1543 31956 170 3302 31957 4 11173 -1 -1 0 0 0 0 0 0 0 0 0 0 0 0 0 0 0 0
"d3951710611c82f9" 17 974 797 384 13 31958 31959 373 29551 553 31960 1914 6648 13 31961 31962 31963 4 11174 -1 -1 0 0 0 0 0 0 0 0 0 0 0 0 0 0 0 0
"d18ee07c790047c7" 17 4386 31964 28 31965 31966 13 31967 553 3635 1033 11967 154 13 13452 2240 823 4 11175 -1 -1 0 0 0 0 0 0 0 0 0 0 0 0 0 0 0 0
"63d629ece850540c" 42 738 31968 4702 2337 13 31969 87 113 386 31970 553 357 66 142 2236 308 993 13 191 1863 421 102 31971 553 1071 2761 358 5141 2762 150 31972 13 1109 6781 1593 13 113 30947 5584 31973 31974 4 11176 -1 -1 0 0 0 0 0 0 0 0 0 0 0 0 0 0 0 0
"af0558ac1e99893e" 35 61 3497 3498 13 102 731 113 19433 20843 553 31975 31976 5312 191 12347 13 457 102 31977 553 297 1060 2317 3635 1033 13 347 66 1543 31978 13 1934 31979 31980 4 11177 -1 -1 0 0 0 0 0 0 0 0 0 0 0 0 0 0 0 0
"cb0647cf1e133d0e" 19 66 87 608 1320 22958 26508 31981 553 150 26799 351 31982 8451 87 803 31983 31984 31985 4 11178 -1 -1 0 0 0 0 0 0 0 0 0 0 0 0 0 0 0 0
"e89123b629cf2c1d" 21 14738 1122 720 31986 31987 1394 21191 553 8341 94 410 151 347 15268 2100 13 31988 2809 3939 7041 4 11179 -1 -1 0 0 0 0 0 0 0 0 0 0 0 0 0 0 0 0
"c5f23df481bb1abb" 22 150 1641 93 731 737 13 113 607 1031 553 31989 10811 13 20340 31990 13 675 1534 93 4899 31991 4 11180 -1 -1 0 0 0 0 0 0 0 0 0 0 0 0 0 0 0 0
"17fe9368ea174a69" 26 93 19236 11445 31992 11443 772 87 3909 553 341 1559 2380 2337 13 504 150 388 12574 3193 13 675 87 415 1109 23802 4 11181 -1 -1 0 0 0 0 0 0 0 0 0 0 0 0 0 0 0 0
"cb6d30d9d7101872" 27 41 6252 6253 1718 170 13 4304 1713 31993 553 31994 15422 3988 1952 31995 15423 13 2 93 31996 6563 162 47 4323 21871 4730 4 11182 -1 -1 0 0 0 0 0 0 0 0 0 0 0 0 0 0 0 0
"709831206cc81fe2" 21 61 31997 102 1461 13 18468 31998 2 31999 553 3208 15665 15666 15667 13 3204 481 482 2318 3751 4 11183 -1 -1 0 0 0 0 0 0 0 0 0 0 0 0 0 0 0 0
"cab2e71536ecf37c" 40 150 1641 457 1082 274 2128 14913 10031 553 25 6388 305 7042 13 87 61 3302 32000 13 150 415 32001 32002 553 15418 15419 6693 457 481 14288 2321 32003 13 2957 150 5891 32004 548 402 4 11184 -1 -1 0 0 0 0 0 0 0 0 0 0 0 0 0 0 0 0
"1dbe645dc00c28c8" 12 26748 6766 32005 32006 13 553 352 3302 609 9341 13 29524 11185 -1 -1 0 0 0 0 0 0 0 0 0 0 0 0 0 0 0 0
"28f53c1bee84d11d" 15 297 558 13 102 8594 13 553 4447 737 170 7329 609 32007 941 4 11186 -1 -1 0 0 0 0 0 0 0 0 0 0 0 0 0 0 0 0
"4ac141932c759ae7" 19 191 32008 32009 32010 553 32011 2349 32012 61 1496 9332 13 553 349 4605 4107 394 1771 4 11187 -1 -1 0 0 0 0 0 0 0 0 0 0 0 0 0 0 0 0
"0f233ee9a6dfbbfe" 19 191 15707 32013 13 102 32014 13 553 347 17581 362 11438 13 553 5534 1031 116 32015 4 11188 -1 -1 0 0 0 0 0 0 0 0 0 0 0 0 0 0 0 0
"c3bc9bb8ec42b0d1" 16 347 3369 1605 13 191 102 1841 13 553 1774 7743 5174 25 32016 32017 4 11189 -1 -1 0 0 0 0 0 0 0 0 0 0 0 0 0 0 0 0
"a124a54ce4d2dbb6" 17 2335 1643 32018 13 23314 32019 13 553 696 2284 13 150 87 4340 337 697 4 11190 -1 -1 0 0 0 0 0 0 0 0 0 0 0 0 0 0 0 0
"a021f23d7ea41540" 18 357 87 1602 61 93 9038 10252 10491 13 553 32020 1796 3970 2012 32021 32022 32023 4 11191 -1 -1 0 0 0 0 0 0 0 0 0 0 0 0 0 0 0 0
"0fe040779af54591" 22 357 61 1069 4214 13 150 437 606 13 553 4605 349 13 170 32024 32025 32026 13 32027 524 32028 4 11192 -1 -1 0 0 0 0 0 0 0 0 0 0 0 0 0 0 0 0
"fe831078259eaac7" 21 113 1651 1869 13 2 12388 87 1932 1933 13 553 188 7926 6233 1914 297 20 32029 3110 32030 4 11193 -1 -1 0 0 0 0 0 0 0 0 0 0 0 0 0 0 0 0
"77bf782b218c9a5d" 17 20 26036 32031 13 32032 351 13 553 1549 6895 61 3302 8091 32033 32034 32035 4 11194 -1 -1 0 0 0 0 0 0 0 0 0 0 0 0 0 0 0 0
"4b055ffdbf53dc44" 26 66 87 608 14718 4824 32036 13 553 2335 1643 32018 13 23314 32019 13 553 35 150 545 457 21203 1082 32037 13 32038 4 11195 -1 -1 0 0 0 0 0 0 0 0 0 0 0 0 0 0 0 0
"a55815c370278942" 21 41 3527 25 1405 190 13 553 1774 7743 102 18893 13 553 1549 609 355 609 3302 9341 32039 4 11196 -1 -1 0 0 0 0 0 0 0 0 0 0 0 0 0 0 0 0
"2aad6d8f9ba9832f" 20 3635 1033 11967 154 13 170 32040 17709 13 553 3208 15665 15666 32041 15667 13 2 1018 32042 4 11197 -1 -1 0 0 0 0 0 0 0 0 0 0 0 0 0 0 0 0
"c1247bedf3713377" 20 2 8638 13 16028 13 21339 32043 13 32044 32045 32046 18179 13 2 188 1498 25954 1892 821 4 11198 -1 -1 0 0 0 0 0 0 0 0 0 0 0 0 0 0 0 0
"2be0b10741b07c0c" 31 150 545 32047 4414 13 10302 150 737 3993 13 553 2300 2301 2302 1043 3838 993 13 553 8341 94 410 151 347 24983 2100 13 174 681 32048 4 11199 -1 -1 0 0 0 0 0 0 0 0 0 0 0 0 0 0 0 0
"2ee0dcf5cf4cd24d" 27 3318 367 499 151 1989 367 3909 13 553 134 3302 402 7040 3939 7041 13 553 347 330 2928 11438 1122 1842 1047 297 32049 4 11200 -1 -1 0 0 0 0 0 0 0 0 0 0 0 0 0 0 0 0
"737166a92f2fb0af" 28 150 32050 113 32051 6410 13 553 1071 2761 358 2762 150 32052 13 553 1109 3302 15421 15422 15423 13 2 14566 93 3302 32053 3692 4 11201 -1 -1 0 0 0 0 0 0 0 0 0 0 0 0 0 0 0 0
"ef81f88f5b3a5b9a" 28 15866 151 34 35 39 6057 13 553 357 41 6252 6253 1013 3390 292 13 553 29462 2380 2337 13 47 10893 1854 357 341 2305 4 11202 -1 -1 0 0 0 0 0 0 0 0 0 0 0 0 0 0 0 0
"0958f0e13f3ccd8c" 24 1664 93 32054 5478 32055 13 553 2 1319 1270 1863 421 457 13 553 1664 1047 1342 13 357 87 1284 27193 4 11203 -1 -1 0 0 0 0 0 0 0 0 0 0 0 0 0 0 0 0
"8d07375ab1b91be0" 26 1109 134 412 1885 1589 95 22263 13 553 2 61 3497 3498 13 93 1187 13 553 357 384 1775 1003 6083 13 32056 4 11204 -1 -1 0 0 0 0 0 0 0 0 0 0 0 0 0 0 0 0
"f2a349560bcea011" 27 134 23 457 2805 21678 1016 32057 13 553 357 297 6475 8594 13 719 18 13 553 2 66 999 1319 1605 13 2 32058 4 11205 -1 -1 0 0 0 0 0 0 0 0 0 0 0 0 0 0 0 0
"b904ada860490128" 29 1669 61 93 14124 22736 32059 18193 13 553 1496 9332 13 2957 1861 2317 3635 82 13 553 330 150 361 21242 13 47 6253 25 32060 4 11206 -1 -1 0 0 0 0 0 0 0 0 0 0 0 0 0 0 0 0
"ec7594effcfc063d" 38 347 2663 633 35 32061 32062 87 13 553 357 2652 66 414 1889 35 19197 446 13 553 703 18667 616 7212 32063 14175 13 553 2 2785 4729 200 1993 32064 16496 87 3302 355 4 11207 -1 -1 0 0 0 0 0 0 0 0 0 0 0 0 0 0 0 0
"77905e6ad5cc2df4" 40 32065 32066 32067 1078 1077 10221 10222 13 553 32068 330 32069 171 32070 5579 13 553 41 11612 32071 2 10440 3459 125 13 553 2 696 150 1408 337 697 13 2 25 6388 66 737 7042 4 11208 -1 -1 0 0 0 0 0 0 0 0 0 0 0 0 0 0 0 0
"2bcc0dc909f23eac" 39 171 731 521 61 3302 32072 2 32073 17735 13 553 357 1602 10252 61 992 16496 66 23 10285 1029 13 553 23 32074 32075 38 150 2852 32013 13 553 2 32076 1796 4077 32077 2012 4 11209 -1 -1 0 0 0 0 0 0 0 0 0 0 0 0 0 0 0 0
"f10103baa47ed778" 41 134 2794 4447 13 32078 150 788 13 553 2 34 1376 3488 32079 93 4766 8308 32080 16496 553 87 425 32081 32082 353 38 5381 13 553 357 41 32083 35 796 282 36 3998 32084 32085 330 4 11210 -1 -1 0 0 0 0 0 0 0 0 0 0 0 0 0 0 0 0
"8bdebb61320c2804" 39 32086 957 13080 4157 82 1534 13 553 507 15418 15419 13 357 504 150 3668 13 553 1002 1580 1109 134 29404 521 32087 13 553 2 19762 113 607 13 2 596 330 1716 347 2861 4 11211 -1 -1 0 0 0 0 0 0 0 0 0 0 0 0 0 0 0 0
"b6d1f2336375548f" 23 134 32088 32089 13 553 3744 1480 927 9340 113 9341 13 553 2 573 367 25986 13 2 134 4605 1449 4 11212 -1 -1 0 0 0 0 0 0 0 0 0 0 0 0 0 0 0 0
"d68001079a2481ca" 34 28 8411 32090 22492 13 188 32091 61 32092 13 553 12516 13 722 275 12527 13 219 32093 32094 55 18945 13 553 2 134 4605 1449 13 87 125 3302 607 4 11213 -1 -1 0 0 0 0 0 0 0 0 0 0 0 0 0 0 0 0
"3eb40ab865af11f9" 45 347 991 633 7659 2 32095 13 553 1664 35 330 2928 11438 13 1071 373 1331 1608 13 553 2 297 1060 2317 3635 1033 13 347 32096 32097 13 553 34 4211 26 171 2337 13 35 151 193 32098 1376 32099 4 11214 -1 -1 0 0 0 0 0 0 0 0 0 0 0 0 0 0 0 0
"a2bd8bf5ff2c5cc5" 17 297 6475 8594 13 32100 10296 2891 13 553 357 150 3432 351 636 6787 31231 4 11215 -1 -1 0 0 0 0 0 0 0 0 0 0 0 0 0 0 0 0
"631c4096a8ca6bca" 21 150 545 93 731 737 13 23334 32101 30538 13 553 25 6388 305 7042 13 171 1651 32102 32103 4 11216 -1 -1 0 0 0 0 0 0 0 0 0 0 0 0 0 0 0 0
"65ee4df8fca237e0" 14 144 2761 2762 358 32104 13 553 11031 1796 3977 693 2 32105 4 11217 -1 -1 0 0 0 0 0 0 0 0 0 0 0 0 0 0 0 0
"48966b9118b911ae" 16 191 3390 292 2 1651 6706 13 553 1151 3459 11068 13 2200 30483 14203 4 11218 -1 -1 0 0 0 0 0 0 0 0 0 0 0 0 0 0 0 0
"8eabb988863f1649" 25 2335 3140 3168 2 4107 1577 13 553 357 1602 10252 61 4093 992 13 553 4447 13 520 26 521 32106 32107 2928 4 11219 -1 -1 0 0 0 0 0 0 0 0 0 0 0 0 0 0 0 0
"d931422ac4fcc058" 26 35 150 545 457 1082 10031 13 553 14174 14175 13 19587 32108 32109 4 553 341 2380 2337 13 414 395 32110 32111 1552 4 11220 -1 -1 0 0 0 0 0 0 0 0 0 0 0 0 0 0 0 0
"1e7d9bf8f3bc3a0d" 24 556 373 17912 13 1071 624 625 13 553 66 2785 13428 1032 14967 13 553 326 34 26 171 32112 32113 32114 4 11221 -1 -1 0 0 0 0 0 0 0 0 0 0 0 0 0 0 0 0
"44b3dd3428cfba83" 24 13803 13804 13805 13621 13646 209 5090 9405 4546 13 553 12702 1823 9988 2 986 15865 13 283 452 3194 188 200 4 11222 -1 -1 0 0 0 0 0 0 0 0 0 0 0 0 0 0 0 0
"5682bc717a1763b6" 22 41 32115 13 35 12042 150 676 1568 160 12045 13 553 7820 26991 2 32116 4620 13 22230 32117 32118 4 11223 -1 -1 0 0 0 0 0 0 0 0 0 0 0 0 0 0 0 0
"a48058bef3fb7348" 16 2652 14712 6052 14713 14714 13 553 113 8699 13 191 102 2859 17504 1411 4 11224 -1 -1 0 0 0 0 0 0 0 0 0 0 0 0 0 0 0 0
"0278b54d767fb519" 30 1047 913 1693 13 1675 2099 2100 13 553 10011 10012 13 32119 32120 32121 13 553 23 326 1032 7215 171 7216 13 14996 353 6864 3838 32122 4 11225 -1 -1 0 0 0 0 0 0 0 0 0 0 0 0 0 0 0 0
"fba1511b48356fe6" 24 5614 417 63 6729 6730 13 553 1488 388 16017 2 628 170 6991 13 553 1342 61 412 3483 330 32123 6838 4 11226 -1 -1 0 0 0 0 0 0 0 0 0 0 0 0 0 0 0 0
"acec07cb76fdd382" 26 2 10874 13 95 6563 2619 763 13 553 13477 13478 13479 61 6173 13 553 621 9127 13 1549 737 170 14607 150 36 4 11227 -1 -1 0 0 0 0 0 0 0 0 0 0 0 0 0 0 0 0
"bbbaceec37282a63" 29 11598 11597 13 22587 358 13 553 26 6701 373 1016 9073 13 297 35 34 286 628 553 5962 5963 13 353 2652 13951 737 32124 2396 4 11228 -1 -1 0 0 0 0 0 0 0 0 0 0 0 0 0 0 0 0
"187c7a4b303d0299" 20 2 6290 13 772 953 102 286 1867 13 553 4975 13 29921 7317 14311 32125 2006 32126 32127 4 11229 -1 -1 0 0 0 0 0 0 0 0 0 0 0 0 0 0 0 0