"85214ac7ad3998f0" 10608 11783 4484
"0b26bda3ac5f4f3b" 1991 72 4448
"6856fc16cdf4276a" 11255 1230
"ebb9cee145526c0c" 89 1420
"6e6a3e18d45297fc" 837
"07969fab2f04ddb6" 5763 1180
"5e34e0a093b91fa9" 2134 2560 10838
"04887dd57a7142fe" 1843 11076 9432
"3edd9e4a8bcab1fb" 11618 8700
"342f55a03eb4b146" 4590 64
"c25f9548b567b8c0" 8180 3931
"229697f63665390f" 7362 319 4692
"44e6d1ad5a35c5f4" 11551 9348
"47485ff049d6370f" 8981 9142
"a9b44fea4cef7bb3" 11947 4798
"6b7e4f4b26966552" 6279 1979 11279
"3cbe8acdcec55992" 51 8270 3929
"302d6603efdeb4bc" 10095 7731
"f09ec3934be44dba" 1971 6347
"c1172098fe4a123c" 1305 11255 11783
"37d5005ec58d9c4e" 3934 3970 3970
"98c70be197ec00cb" 3934 1169 8981
"170c663de2d192a1" 11618 6279 3931
"11b4285fb8601085" 4443 837
"2fd87e446e0289bf" 3934 319
"02c9ff5ade800714" 1180 11279 9432
"301d3e18d45297fc" 11618
"c3803677dbdd91b6" 72 5763 4484
"19e0d50f6acb78a2" 9348 10608
"b10c22a3055b6c14" 4448 1230
"b676a9435128d490" 4590 64 11076
"2e4608901f7f6043" 1971 3931 11279
"17b403feace0388a" 8700 319 89
"05ce7f411d978807" 1420 1991
"f97ae4e7ad5cf194" 10608 3970
"d497ec227459a08f" 11947 1305 1180
"111bdee4d3be782a" 3931 837
"41965ff049d6370f" 8981 2134
"dff6031d5393a7ec" 8180 89 4443
"f2b986a31da29e94" 4692 1230 8700
"36dfc3934be44dba" 1971 11551
"6e19d9848a364f7d" 10095 3929 1169
"53cd9e4a8bcab1fb" 11618 8270
"aa28e08cebd5bafb" 1991 1843 11947
"0740bf078146bda7" 6347 8180
"9efad8aee26c5cf6" 1305 11255
"b1a168c4e6ab5211" 2144 5070
"57b64dfc5be1175c" 3127 5273 3544
"e692addb0b79855b" 1727 10894
"9aa66cd2ef8d6206" 3992 2180
"0f553a79ce49e01c" 9652 3957 10274
"1dc759ef723d8f7e" 967 4745
"70065e4668bdeb4a" 322 8870 7870
"76f531656de5cfff" 7964 10894
"9a4e89fa5c17e8c4" 9444 8872
"9dce9a9316f8da98" 10271 9241
"28d1f31f26e9ec39" 2232 11992 6473
"7aea3f52af2e2864" 1798 5228
"e7a4db6ad77d39fe" 2117 6736
"f88fdbf3c4f4278f" 8507 10851
"e2662c185c07fbc4" 2741 6736
"308129d0a74cdb43" 7526 744
"6def80f746fd4568" 9765 4680
"fa9f06fcc97d8879" 10932 8880 10274
"6de9a99b764b1dd1" 9109 6040
"6656f1482cbdc7b7" 2852 934 3051
"20879fbc0d134871" 6473 416
"a827f84d8c056b91" 8488 10261
"8c7dc1133df74d23" 8920 11107
"2fe3f0bcf7345eba" 3664 3957
"a8020cfa26cfaa04" 5070 5273 7870
"9f88a2b240ba37b6" 3992 8880 744
"70621a244bde323e" 2117 1727 7870
"8c5e21d9d8f9afff" 3957 416 10274
"3f2229d0a74cdb43" 7526 3544
"6dbfc80027dea9c6" 9241 9444
"05e3e525050c0477" 10851 7964
"f87068c4e6ab5211" 2144 322
"254636d40a11fbbf" 3957 10932
"c6f5e902e44cf9ae" 3051 6736
"34c28d2882cab111" 8870 744
"9f22addb0b79855b" 1727 9241
"222a05ad44efcaca" 416 9109
"bccbb5d6b1c6e7e1" 10894 8872
"42f48981ba32ba37" 11992 1727
"18b191c01b907a4e" 8880 2852
"a25f56e99929a19e" 11107 7526 3544
"84114c957a57b03b" 4745 8870
"7a0bfa75c1a5876a" 2232 9765 2117
"8542543add4a7461" 9652 967
"b715f84d8c056b91" 8488 1798
"42f39eb0ae43d36b" 5228 8507
"db9d818c8364b063" 6040 3992
"f8928706ed02afc5" 146 2104
"d8431a95ff737a50" 2089 9419
"cfe3834d4a6bb386" 1848 8631
"970a2ce4f7cfdc81" 1283 9004 1529
"ff70ece139ee8a78" 2140 10523 8795
"18847d575dc55ae1" 10917 371
"5f860ead99c7ae73" 11372 4876
"65094b57d2f11417" 8261 10280
"92f2adece888ff06" 2437 7867
"3a43e7fd427e14f0" 4240 11510 3020
"98fa683bc74fc0fa" 10873 11703
"d90b9f17156a4e0f" 10444 4878 11506
"a23665f6d3c5702d" 4381 6660
"0f3e06965425afa3" 8469 7474
"1eedb74501a0b3c6" 2040 9629 3623
"dfda1d8688c33a68" 11731 8217 1252
"63587b21f5e07326" 2621 3440
"ce64b94b20e73acc" 1883 288
"94287756347582ea" 7372 8064
"b97da6cea32bc52f" 7587 3623
"e3a85f88d64f77f6" 11694 1020 9419
"ac228706ed02afc5" 146 371
"16818799e059cbbf" 10917 1883 10444
"5b73e2bd65b06f3e" 2168 3440 6660
"f29f51c49e3a5640" 8631 11703
"eec70c65141eb2cb" 6125 1848
"92e28bce96189e6a" 8261 1283 11372
"bcf0c6c5fcad9a26" 2437 4876 8217
"94fe1ef455f37f50" 4381 1529 11510
"c2bb7642117e6b28" 4240 2040 7867
"ef4a683bc74fc0fa" 10873 9004
"245e83fa738cabfe" 2140 2089
"bf0d06965425afa3" 8469 2621
"10699ca9324b0261" 9629 8795
"858f6afe1da2ff2c" 10523 3020
"f62940a4c44c61e6" 2104 288 4878
"c66b75bbf95db45b" 7372 11731 8064
"b5207a014b77f428" 7474 1252
"f5269707fbe29671" 11506 10280
"8cac0d50a4debc17" 6660 3623
"c93779b1c503ed49" 10280 3623
"d0f910ffb40fe74e" 8217 8795 1252
"138c06965425afa3" 8469 371
"cb01b873c06ab27d" 8261 1848 4878
"2d6ae635122ca2fb" 1529 8064
"d3fdfa252e0294ca" 2040 2104
"ae4b48c5f6888bd6" 1883 7372 7474
"f46079914e564b9e" 10444 10523 7867
"76a5d1deebdab545" 3875 258 11113
"53406ed5ad450a91" 10158 1906
"77c671213132d072" 5456 8698
"1063a88de9a6a3df" 10913 6183
"8578c1ba3d30a839" 1139 7137 4983
"88ba1eb4d674f400" 4647 11872
"00eda840a0c2c0be" 7942 9897 6508
"f858358266264a63" 8371 6478 4005
"5c199d62699457cd" 4275 3201
"2e4dfa58ec186af7" 11728 10136 1553
"2dc288a9880c4019" 4649 6928
"e454a03c7cd92cd2" 4928 5250 299
"57def5c66fe5d2c5" 6757 2471
"5a18bc81a4ecbf0d" 857 1139
"52945fdd3df2c758" 11320 2784
"f09321715bbe6745" 6183 6708 9315
"6bdfb55f43522dd6" 341 3599 4045
"d66f1f05c4e60870" 11543 7160 1885
"2e1af4a3520b3d61" 11148 9117 7284
"2d653ffa1c1efec2" 1297 9544
"f74442bc6cd0f2e2" 6198 7921 2451
"07656dfcd5230096" 8812 4171 10956
"6ee7001babd03f54" 6762 10135
"a2f0136dfcc79557" 8437 11086 11950
"1beaf581a7f38e99" 7676 4216
"457fb7ce971e742d" 5130 4806 8803
"25df960569ab70e6" 2097 3856 10976
"6b4c89ebfe83a38c" 1216 5513
"c888485626eed2f2" 8368 4655
"82f0ee93835040f3" 4224 941 7638
"52ca5911abdea93c" 10615 3053
"7ec1338da70dfbb4" 4273 11325
"45e234a13c745bed" 12144 675 11412
"1963e9ed98a2ffb6" 9149 4939
"449047285ea7b9ed" 1234 8365
"f994288cf46fac50" 5556 10819 4059
"de95dbb43137ad2c" 1234 4216 6762
"d6b8942b41f428b0" 8365 10956 2451
"e2b24ddf5f120c64" 11758 8803 4224
"77085532b9c27a73" 11950 1216 3856
"5cfdb0cb601b40c1" 4655 695 6762
"eb643a9ad327cb45" 10135 8368 7638
"c65830d2a00b8977" 4171 12144
"9f7d298f01236efc" 4059 941
"eb236c25514675e1" 8812 1297 11148
"e0cf5d0e19687fec" 7284 9149
"37cdf51c7b329af3" 5130 6198 1234
"e6180c83f2891a5e" 5556 4273 11412
"0f003a35d9e1143c" 5513 11086
"75308719e730a346" 9811 10615 4216
"6e7d51b3b03beb85" 7921 7676
"845a5e84c4f458a5" 2097 7638 9544
"4ca989829e4146da" 675 8437 4655
"7d1e434f4d897a06" 9117 2097
"207f3effbb2f7168" 11412 1297
"40505f76b9e29eb6" 10819 12144
"f20cd4e1bc7ebe10" 11148 4273 9149
"1825b03cabb94536" 2451 7921 8368
"6acd592289ed14f6" 11325 10976
"7dc42e620095ec78" 4939 4059
"f8c5b0cc01e52983" 3053 1830 8803
"d5ad60effa601830" 5130 11758
"e95c810eb922edfe" 4171 6198 11412
"bf26206980999ea0" 1216 11086 7676
"529961636ac70970" 695 8365
"f35302e3eea5af60" 10925 2380 11493
"813176394a4dc390" 948 11399
"6b3ccfb9c93fe6b0" 2963 2322
"8c34c0f543df8ed8" 2496 5019
"bff476e3b64ef600" 8243 2379 7544
"5fa5515bec5528b2" 11179 2329
"cb5203d7d0b7a69d" 3815 8916
"85516135f352a05d" 12015 5985 6683
"24e8bf8f80be218d" 12027 7510
"86971aeb95843937" 1880 4739
"2321fb1b9fea4d85" 6251 2710
"a3a3859c20e9a034" 5019 4043 8079
"9ffe2ea83beff86f" 8115 6666 4739
"9c4c8b4500a5d978" 11642 4522
"032d9f30cbe4e365" 8079 11399 5349
"776066bb7187bbce" 2379 2496 491
"dc78d2884dacefc6" 7617 2387
"051b170b2414b716" 10925 6106
"57e5d5565092d1ca" 5380 8916
"09844c74d19e176f" 4522 2387 2710
"6adbdc154f8af555" 11493 11305 5083
"098e17b74a64ce2c" 8916 3815 1880
"d5598fec18e37b83" 4761 491
"700e154fece162a2" 11305 6106 6683
"9325d61df660f1b4" 7544 948
"58e3308691964186" 4043 11642 11399
"d50d6b73cccf7bad" 2329 6251
"8ff3c0f543df8ed8" 2496 4043
"0ae51d669ad9fcab" 5380 2380 8535
"702c2bf11660fb5b" 5985 2379 7974
"3a6bd74a37f89f98" 6666 12027 7617
"8925bd9a6927ff12" 5970 11746 8115
"fdaac084141fb17d" 6135 19 5072
"22f066bb7187bbce" 2379 2496 2710
"72d98febd72ed052" 8520 2322
"10af34db0d33b6f5" 5072 11305 2963
"cfda096075754792" 7617 5083 6251
"cbb0ff7b69ebc14b" 12027 7617 8115
"a2e40dd655a0be00" 4739 7510
"5b456389246310c2" 4522 7974
"598852d024c55609" 5970 8243 2387
"210e0a62db7cbeba" 19 7544 7974
"e1057422ed350296" 5349 5072
"a5e799d5a3d9fb90" 12015 491 5019
"783082e92ac77de3" 8243 5083 948
"4d94a9461100f83c" 5559 6748
"41d5a45aec57a334" 5559 5352 3124
"04c114817898032c" 5352 267
"79dac727b4e2b467" 5657 3237
"74803f601ec5506c" 1892 6748 6094
"73c05a1cfbcd27a6" 500 11366
"1c79a2c253155973" 3153 6842 5645
"58f8425b7adc1a1c" 5352 7621 10323
"a99e0b30c3e618ca" 3124 4478 6807
"4f37430843193dbd" 5489 10339 9803
"3147c32a99001f2d" 4519 7531
"1ddc44d56547fef1" 6156 10398 7318
"0e2ee24ce1a66c92" 4519 3026 46
"2f0e841e2ea2c8f9" 6782 4581 5402
"c63922cc298c5a86" 5559 11010 6330
"c85c92ce13164067" 6748 8462 11217
"85a8a5c10595c6d7" 10101 6330
"cb7505d1fe5eb7a9" 500 7485 11910
"85c8a5c10595c6d7" 10101 6842
"c6f4c7c071981607" 1397 6094
"54b1ae8081aa0d4a" 5657 5374 533
"1bd786828eaaae85" 4581 10339
"678996973bdbcf9f" 5374 6819
"77024858127988da" 3237 267 1266
"78ca11acf401fad6" 4466 10323 3205
"88e323a8a32177cc" 7531 7318 6782
"9908e57d2b88f7c0" 3124 2952
"3db48397ec3f5c1b" 5352 11955 267
"a02f29dd72ac2b20" 6819 9803 6807
"143696280754d57b" 4466 11366 2952
"9b181423dec11216" 7621 11217 11910
"c3bca273417ad03e" 3401 533 5489
"ae71751175fd8b68" 11010 3026 3237
"939562e8947613b1" 6156 1266 6842
"700169586e53c128" 3153 6330 10323
"6dc36fd0265b02ad" 46 4581 6094
"63f6e88fea980ca4" 4478 3237 10398
"a8170e6dd9051ea5" 5402 1397 11366
"974f4ce532a3fe79" 3205 11910 533
"6c5a45c208c6b79e" 5374 10339 2952
"7926f9b015955b80" 5402 7485 9803
"dc3ae4844a38fc33" 1892 3153 6819
"5b10320812260439" 46 5645 3237
"ae5e075a00317146" 2381 8462 7318
"4ed03f601ec5506c" 1892 6748 7531
"6f9acca7cd42b2bd" 1030 3220 8883
"cc08caf4c7c8965b" 3420 8883
"cc544c0e9f697a60" 3510 8883 1030
"b835a9691dd368e2" 3220 410
"a51885fb11274d21" 3220 8883 1030
"5ce74f22946df452" 3510 410
"88d7e4e89867cc41" 7084 8883 3420
"7d894f22946df452" 3510 7084
"eed2a30e0090d6af" 3220 3510 8883
"5d4b41c240a3d463" 1030 410
"5c97caf4c7c8965b" 3420 7084
"d9d6a9691dd368e2" 3220 7084
"edf94f22946df452" 3510 8883
"4a47a9691dd368e2" 3220 8883
"51306fb02fe19b4f" 1030 7084 410
"96126ca04a19d3ff" 3510 1030 7084