"a37b5ca6ab22305f" 7428 11263 1050
"750178b91f968b58" 523 3412 6535
"4e815ef52bb919ad" 1976 7324 4535
"9d348bcbb077cb61" 9721 7303
"e313222835a1399a" 10045 120
"e8c55885901104ab" 10479 9025 1265
"7dbdc13639dbbcd9" 6581 3321
"1ad2e17010b55296" 1986 730
"ecc6f4a83508893a" 4092 1173
"740e1bf92229a249" 76 4094
"51e46d538ea3a392" 10834 7678
"a8a024f9d8d795e0" 2230 8943 11192
"dcf284548e70ec26" 3937 6585 6102
"83a8d9523bafdcb3" 10277 938
"3057c219b3240872" 8986 84 1740
"2d30e7056872013f" 9721 1986 4814
"00bddf6e3059ef7e" 1273 9859 10479
"9fcec0396428bb21" 8898 76 10050
"71a5ce2c3cdf8026" 8943 11192 1711
"e717f4a83508893a" 4092 2373
"d820182840211af5" 2230 1634
"860ec13639dbbcd9" 6581 4490
"b08869e3515f36dd" 1050 1740
"294a02ac97dc99a6" 523 6102
"2deea90199076266" 9025 4535 1173
"6e017036a071d617" 4921 3412
"9b91470b8008c741" 11263 730 6535
"0239a7167721d6d5" 9239 9751 5053
"076485ca9717f36a" 6176 867
"91c4a686c1425a54" 10031 8258 6383
"4cf55ccd236c41fb" 3199 9764
"2370b9f48ad67be5" 2092 6281
"af9669ac09d1cc3f" 9487 11530
"7a6023acdb870ed9" 9017 7432 9301
"61c1ed955e3a615b" 6737 1612
"da8c6abd23e79cea" 8282 1841 6333
"e066d75cd1ffb465" 4184 8792 2997
"062c358444e64aaf" 10522 8225
"b1aeda3e5edc91d6" 2584 12150
"f468ca1783e67bc0" 4840 1306
"30a279827e894cde" 5947 1416 3807
"a12e25167cdb4134" 9932 1717 8500
"4fcb6abc16f16bb3" 165 6118
"22b6df4537320ab3" 1835 5062
"d1b15ef51bcc5d2a" 3977 4987
"8819ba13b4c4c471" 4757 10058
"652f0e19cb280283" 1306 9239
"01bb3ea9162eb281" 11621 8258
"7e3bac614b4a43a9" 8276 2997 9017
"89fcdfab47bc3f0a" 8282 11530 867
"d88c6a26b3d55a22" 6176 6118 12150
"069fa7855af8e519" 9751 7432
"6e50cad5f721f180" 10023 1841 8225
"869067a164ac831a" 5053 4757 6281
"3c9e159277f737ef" 2584 3807 9487
"1e37f14aaee0914d" 6737 4987 6176
"d6b87778ff836750" 8792 1416
"998c6fafa5704c88" 1835 165 1612
"3e79e62db329b0fd" 9301 3199 10058
"728f6eb8f01f66bc" 5062 2092
"cb06847f5fc023e6" 1717 10522 9764
"68d7e56accfd5893" 9932 6333
"e53258df651de00a" 10289 8500
"7044c5a50d8ab2a3" 10031 4840 6383
"d6194eceead2837a" 3977 4184 5947
"62ab51f4cbb8540d" 9487 1612 10522
"cf49abf7489e0381" 8258 2997
"5fcce4fc59926d2a" 8282 1717 6737
"197b0ed7fd1c990e" 9751 1416 1841
"fcb69f9a4105630c" 5053 6281
"379ced5fbe84f3dc" 4757 8792 9301
"748c6abc16f16bb3" 165 9017
"61d30f8fd560ea62" 10522 6333 10058
"44a6df4537320ab3" 1835 4840
"3522c843903a7c06" 721 7689
"812a4e8b2922946b" 10284 4975
"656f4f4dbd51252e" 8397 10015 11365
"5a870a5f2161404e" 5822 6112 11278
"b8bad298eaf5cf40" 12086 6880
"b0e274fdf3522825" 6978 9668
"6b1bd9537b6577f4" 6518 11211
"fdcb19e42a295121" 6345 2609 10024
"9c46205f798bd700" 10144 3533 5047
"12347a47433fd385" 2796 184
"cf0080f4b791394a" 5923 11272
"4b8220501d9fd3ed" 6989 611 9423
"848fca8b390b5030" 9843 7936 11284
"ee22438ff5a38d91" 11874 6663
"0638b97d894feebb" 7772 2119
"2904f99a808f1a4a" 6815 7962 10624
"e9c48bddde3cc06d" 6672 5217
"b8214d5bd07f36e3" 10668 4194
"2c2adec097157e32" 10029 5836
"50d94c9a22d93a08" 4452 10245 7351
"0f73d78df73d43c7" 9917 11690
"f63e657163b91965" 2543 3871
"6a61a4a41b6d088d" 3677 8512
"c3d8157bb8937246" 9646 10873
"ff8b1e197863bc07" 5741 10124 5541
"3d96448de4fe172a" 5601 2489
"0a342003c6b2ded5" 6894 4748 7581
"5b7c95057ee09917" 1581 10431
"6b78abd6cc36c84d" 3079 8750
"9c05e54941a51e5f" 4753 4031
"b1cde2aed7ec7b9b" 9120 9102
"79ddf8139a871a87" 11640 2109 8509
"7aa475c5883fa2d9" 9852 7662
"8e22894e63cb8b8d" 5393 8542
"ce90b4adca24b439" 11765 8385 729
"d5308da797c11293" 5037 4887 2548
"e6d5df3459239ff8" 1125 6048
"92692871848ee4fa" 5863 11073
"790d2bc8d692e4f5" 5547 7355
"b74a3014049146d6" 1708 5863 5547
"b587b1fdd28d4c9f" 3658 1708
"fb51a3b3db5b143c" 2195 8741 3658
"8d58b1fdd28d4c9f" 3658 5161
"aba8cf74024d9294" 3882 5547
"65707bd12ff3b98f" 1609 5613 2195
"af1afe84bd1d1206" 7355 11854
"b579832c7e038c09" 2460 5867 5863
"4116e7a3927dde8c" 11420 7355
"85b7cf74024d9294" 3882 1609
"df79fc4be7ad9b0d" 5867 993
"28ecb1a96df7c5f1" 2460 5547 11854
"44b5e7a3927dde8c" 11420 5867
"50c349b7c928febd" 2513 7355
"d6ecc1147dbdd764" 5161 8875
"8c164cda32590557" 3826 11665
"46da877ccea51eaf" 8875 4232
"91bc9d94c20c0cbc" 10164 4232
"76ecaccfcc7b9d26" 11132 8366
"ebf34cda32590557" 3826 2951
"ea1bacae412353f1" 5953 10164
"45a26ed5ad450a91" 10158 11665
"e9bcaccfcc7b9d26" 11132 7653
"25d4514c8fc1e27a" 2951 3658
"843ec75cde8b290a" 269 3826
"bf98e4c62204b750" 5429 5533
"96e2932e1da9fa2f" 4270 7334
"b917a1f8c3a50b0f" 7334 5696
"7baf58af5a4cbde7" 12001 5533
"624af325d5a098f9" 8527 2038
"9b79e637adbc9686" 10655 5533 5696
"b8f453baecb60a86" 12001 8527 2038
"4a9e779c2099eebb" 4268 6482 6309
"36b5fe648d9f212b" 10655 9939 4268
"a85a29396b12af16" 4268 10337
"83047edabc2d4b22" 6482 11553
"3aefd9a9117636db" 6309 8597
"6886a3341a90b67a" 1304 12001
"273e3c821ccc110e" 11553 1304
"5dd59963cd368c11" 10655 8597
"cf175a93ca70104b" 9939 1304
"bf51c6ec50affa40" 11553 8597 1304
"de7a023fe8d9658b" 6482 6309 10337
"9ffb7e7ad39557bb" 10655 6309 1304
"2e4035c978fac030" 9939 10337 11553
"716d779c2099eebb" 4268 6482 1304
"0fd5d30b6c4e46d5" 6941 4810
"4a71a2201df05978" 9153 7176 5258
"e68f68939b1594cd" 7615 3726
"157fafd9d9f65a1b" 962 2116 4866
"87525675244520dc" 3622 9885
"1bd13b3f9302be06" 676 5980 5880
"722e84c749af0ec0" 11575 9894 2977
"38c9df66b29a44f7" 7014 8552
"4fc56b7d3ef1e2d9" 953 1216 9162
"ab173f0a79a1441b" 9525 11612
"7a15955c0c7061da" 12126 927 5373
"eda197b884b3c887" 2327 4527 8643
"61a48990b25b2710" 172 10096 7697
"15ab7353ad9d92e7" 4235 11360 8805
"b1a99e88415428a1" 8377 4688 1953
"d6fcb6397c6b3f7d" 2715 1011 9658
"f10f63608aad2e59" 8232 7276 7538
"9366f6a027bdcfef" 6871 8156 4053
"22072ece8870bd5c" 9326 6571 10828
"efd756009ca465b9" 3891 170 9960
"284f08b05f0932f0" 9984 7924 11861
"cf528f1735bc8f39" 6694 7646 7255
"ff760baded92be4e" 1912 11779 10519
"94475dcc0f6a4a44" 10969 6772 2011
"d52bf574093fecb9" 8132 4693 10911
"4ecf99d7f9894d23" 10456 9678 3981
"6823174890248635" 7072 8373 3500
"1b068e2da3a6b1e5" 3017 4503 10828
"c78bb1e53c4bed32" 9322 7924 11861
"29cdb288a49471bc" 5415 10519 10911
"98a309b75555d4ff" 2715 1912 4053
"e8925c4787a0cc8c" 6871 6694 9960
"80ed45854029e55c" 11360 1953 7538
"17e67b48f4459458" 8232 8132 10828
"ff0c71d5d75fa502" 8377 7255 9322
"a0f7f7bbff1036be" 1196 9326 10911
"643c9f574e29f353" 4688 8805 10828
"ce7eabf7e052825e" 7276 8156 6571
"1c6531cbfcb574de" 170 3981 11861
"6622871094191ad8" 9658 2011 7924
"6ae2105af7dd39b7" 4235 10969 4693
"98d09770000e99aa" 9984 4503 11861
"648c53a06641c7ae" 5415 5168 9678
"714f586182ede55f" 7646 10519 4053
"a1aa30d374053313" 7925 7072 7924
"3865517a10447db4" 11779 3891 9960
"fc1ce9c55e0e56c9" 7538 6571 11861
"4e9a02612a834dcd" 10456 6772 10911
"67ed63608aad2e59" 8232 7276 3017
"b27bac6fedd44821" 6871 1011 8156
"415315e63b24ebc6" 7646 8373 10828
"53ba2e45ccc1c139" 5168 4688 3500
"e405b9a921045085" 8377 3891 3981
"8ec959f11829c194" 8805 9658 9984
"f801ccf372ea8803" 11360 4693 4053
"b5739d31fceff1ae" 10969 8232 3017
"524c764dc0d4612a" 1953 8132 10911
"bdf36da1e186e9c1" 8377 8373 9984
"d0c0cde9d903a971" 8232 6694 9326
"c00bd89d989101a6" 7925 7255 2011
"633fc75b9ec59ec8" 4028 7741
"5063f7a71aa6a40c" 6666 5093 7873
"a3504fb9234e5106" 2299 590
"a72cb5d832421d54" 3376 10653
"7ea967c88264877c" 486 7977 8691
"84594b4fcdf5a2a4" 7287 738 6006
"ac33f4637d06351e" 5011 4390
"7c0aa2d276579aaf" 7159 4111
"4e42f13707c53160" 6086 6914 4299
"a7d91634efecb7a2" 4292 10521
"b8afb15426d7eaff" 7918 8072
"404c795a1effdc42" 2382 2950 10607
"51e52ab51df307b0" 2405 4913 5730
"f06c1bbd43f052f8" 2386 1598 9598
"020cad89349a7dc3" 2019 364
"080d431de322c517" 3228 11303
"e381d47cadd0422a" 5555 4602
"ba6d711c0483cb88" 9383 8114 11929
"e3175b58b5807fca" 9253 11258 4694
"8321e667effc3fe9" 3152 4951 628
"baf5c897b5bf067a" 8030 760
"e731ef040c01715d" 4899 410 8904
"080b46ce151d693b" 8359 6979 6097
"18c02e280ceda27c" 10813 6204 2023
"6072624531cf687c" 3015 548 2698
"0e1cf348d18408a0" 6188 823
"4f95028eb9162457" 6848 45 4578
"2fbcaba9f0c0c3ca" 3401 2342 3082
"6bf93273f98a3902" 6160 377
"a8675fe1eb43f1c6" 753 10400
"22f740c451583bda" 7303 8986
"23a6f0945c26ceb0" 9721 7428 84
"839f1bf92229a249" 76 10479
"275902ac97dc99a6" 523 2230
"26ad96c99443849e" 11263 10050
"b6d36d538ea3a392" 10834 3412
"70bce9f67153d921" 10045 120 3937
"d63ce6de4e6ed6bf" 6581 4094 9025
"78b4ddd787df9959" 1976 1986
"ce578993d807bf23" 8943 7324
"6b6a69e3515f36dd" 1050 9591
"fc246076598bd9a2" 7678 4092
"e7130543009ed185" 11192 6585
"ad101771479cc985" 4535 1634
"16b916c1c7dab1c9" 1173 3321 6102
"e0ec41d32ea24f1e" 1740 2373
"510ad9523bafdcb3" 10277 6535
"f0a35ecbec8ac6c8" 4490 1265 1711
"d09f63375d74083b" 4814 938
"edcd5bebc14fe95b" 730 3937 4094
"c0ce44e4780f40cb" 6102 9025
"2073679f1f284bd0" 10479 4814 4092
"0afcfafff3691028" 7428 11263
"bf3ba89258593b93" 6581 3412 1265
"5da0b80af8366003" 2230 3937 6585
"86152c718b1bb844" 10045 938 11192
"120e08593ce390fb" 11184 8943 2373
"127a2c6c719c8539" 10050 730
"02fbfe230d953ec4" 6535 4814 1986
"f67641136eba5128" 7678 1740 7324
"4d5869e3515f36dd" 1050 1173
"b47c859779f6048f" 4921 10834 4535
"7a3fccdad84a9a02" 4490 1976
"ca170a7408cc844e" 1634 9721 76
"999a4e201c0533ef" 8986 7303 523
"4a264a5432a6d5c8" 1273 6102 7324
"dce9e80107bbccdf" 10479 4092 1265
"c144aba74b4c1ade" 4094 4814 1711
"c5f2e17010b55296" 1986 1173
"cd1a96eda30eeabe" 11184 2230 10277
"75e31a5c016cc9ed" 8898 9025 8943
"2b09be12785d12ae" 9859 84 938
"0d214020673e8570" 120 1976 9591
"a0ec67a94b1a25a3" 3321 11192
"cfdbe159887b31f9" 7428 10050 6581
"2972623d8aa82703" 10045 1265 6535
"b9b2994382a3dc1e" 1717 5053
"55dc216070cb491a" 9487 6333 1612
"7141050759754cb5" 2997 10522 3199
"9617ba13b4c4c471" 4757 1835
"dd8f8fd0ed748803" 6281 6737 5062
"71c9a8a86ca15437" 6383 8225 1306
"183caa77a978d1f4" 1416 2092
"3808973c169b0b14" 6118 4840
"910349b549acc94b" 10031 3977
"22158c7799958857" 8258 1841 11530
"5ae40868f83b1d81" 4987 9017
"dfcdda3e5edc91d6" 2584 8792
"23be755bb44fd427" 9239 6176 1306
"c847c02a2db2784a" 867 4184
"45d93bd46c96e03d" 9932 10023 9764
"ddf421835ae1fd16" 9301 3807
"5262d51058dae26d" 10058 12150
"6249033f21f77625" 8282 9751 7432
"246c6abc16f16bb3" 165 8500
"645f6def2c6c41d6" 5947 10522
"fe7accddc79b4ad7" 11621 3199 5062
"18687c1f6228ad1c" 10023 2997 7432
"f1a3ed955e3a615b" 6737 9301
"4e39e6cfc3216167" 6281 10522 8792
"8ecc2b2876160321" 11530 4840 6333
"f7679f9a4105630c" 5053 9017
"f34ca10912fc2af2" 8225 3807 1306
"64bdd72063aed73c" 8258 165 10058
"f5c71b8f308ed97a" 6383 9487
"3c0dd48833e44e51" 9932 10031 1835
"bc320a0ecfae9da8" 1717 4757 8500
"d1e95cb239b2f8ac" 6281 1416 4987
"eb1945c7bdfa7797" 10289 867 9301
"2b4dc050801019ef" 9751 5947 4987
"df52e3cab334434a" 4184 2584
"8030ca79f71f53d1" 9017 12150
"6431fa28c053970e" 8276 1841 1612
"262c5b7d6d22afdb" 9764 8225
"f4aaca1783e67bc0" 4840 10522
"b83b3ea9162eb281" 11621 6333
"4d08fabb495dfc23" 8282 10023 6118
"45d38e2d9a724f20" 10058 6737 8276
"2589a7167721d6d5" 9239 9751 6383
"61b1fa4428f3f318" 8282 5053 11530
"17d9b9c5eddbc237" 11621 10031 8792
"23231f045ce80cde" 1841 7432