"ea39a367b3cdf5aa" 3434 9567
"91f6c33a3759eea6" 8988 1600
"2a9bb1163c35a770" 1547 10451 9119
"8f38aed639836f20" 6731 11260
"b0e795f7713c9381" 7328 11426 6120
"63e0d836814db8aa" 94 1155
"0378885d8c93973b" 8149 1508 6582
"cdccb3a05ad10126" 2598 513
"020a78c57c2d664b" 4085 3404 4926
"a8196485923384d8" 5767 898
"80f6ba6ebd298a74" 666 1981 8380
"fedd0479d1eee286" 660 7801 1037
"90e6b924d2181f2c" 4402 860 7314
"eb3bdf7790a9bea2" 7724 10005
"2bd3a30ae6701cb5" 8290 8279 10252
"1a5068b4f611546a" 4097 6195 9560
"39e1b5d822b8ab30" 8954 1169 11555
"cce06d74d80e4c80" 1178 11426 9119
"93656b22775879b7" 11197 6047 9560
"557ff66a0aef7309" 11260 8988
"accbe1d5134a56b5" 10005 10252
"9aa32f98314764d1" 2830 94 860
"52819a76f21494c3" 2830 8149 1037
"db04ec1a00bdecaf" 11197 3404 10451
"dc5bd463c191faa9" 666 6120 7314
"772f22e9bac12d44" 4097 8290 1547
"8ee5aab990aff449" 8954 9567 898
"60cb623aaeeef8e3" 7328 7801
"2ef0e139bcb73193" 1981 1508 1600
"5ee7ecd6dc358505" 6195 2598 1155
"b454affe8b74f978" 4085 6731 6582
"626a8e9197cf0c84" 6323 4085 513
"6195ab55a535e1cc" 11260 1178 9119
"0faa93aadad79abc" 4097 3434 8988
"1f372888f2eca6d7" 11197 6323 10252
"31fac90c7515bcb8" 8954 8279 10005
"e0c2fe07527712a5" 1981 11555 7801
"ae5541c79643f50b" 6047 660 2598
"2becb7a2d818ad7c" 666 1169 11426
"8458a156223c835a" 8149 4402 9560
"efa3500f3dbeba69" 3404 1155 11426
"4b81980943b13469" 2830 8290 6195
"98a8efa36f88d5d9" 6047 9567 6582
"ed363c76b292f622" 1508 4402 5767
"1a1242981d26e39c" 1155 6120 10005
"85611f48a2272483" 1178 94 9119
"b85f56573749f1b6" 2285 725
"3c3c4f44508bd9c7" 4930 9084
"2315d25463c90665" 9246 1727
"8d07d0f8d13caaf6" 6338 10513
"3c9e873803d93740" 1602 4249 2915
"74bbb4c0144b78f6" 12021 3198 347
"acdc427688e65520" 10002 6131
"47c1addb0b79855b" 1727 7572
"f291bb2246ab2dd4" 6745 311 2714
"0237872629a45fc8" 9084 11623
"ddf2c2c4e2052f8e" 1602 8505 4445
"56c08c32b0b877c0" 3949 3507 2128
"636bcf836fc0e7dc" 12110 11859
"6c10ab67deaa3815" 11277 4487 6477
"9e743e32f4c4b966" 6651 10237
"c78d915ef81fa2c3" 234 11437
"9e6145b177acfe89" 11660 621 6891
"f4e394d2a5b2162d" 9483 10899
"6a47eddb56f150b8" 2059 6634
"28eb6dcc2098d120" 8286 5327
"728dca5c4bd8cfec" 3921 4445
"9a8a546904b6c825" 8083 3507 3198
"8b30f9f070a21792" 234 8505 2128
"a866ad30e0fa8b73" 11626 11229 12110
"435de1ad14d60145" 6651 12021 4487
"04a49c5a5591f880" 11660 9084 1727
"f0453a8974053607" 9483 11277 2714
"c16176922b1b4776" 2285 11623 2915
"c1994ff26929dafb" 3949 311 11859
"d9af01d0dd499798" 1602 10899 2059
"95a00592843c6a1b" 725 4930 4249
"2760973f78e771a5" 9246 621 10002
"0a0a77e80fdc1fed" 347 6338 6634
"2950a62fb035f556" 7572 8286 5327
"f3d0e857760b8a8d" 234 11437 6131
"93e5a11a52a0e18d" 11626 10237 4445
"feffec6c28824a61" 6745 12163 3198
"b6b716f0166863ed" 3949 11660 10513
"1d228ae0539d2af5" 9483 12110 5327
"04ad050310b9dd69" 11229 311 4487
"0402e2d8fe618ece" 8083 6651 621
"2e297dc65d6f2da8" 2285 3507 6477
"b1afe6aa9f1a602e" 9084 8505 3921
"8c2df01444c6ca14" 2059 11277 11859
"94a422aea1d30e0f" 1602 6338 7572
"6b96532a3f2a16ae" 725 1727 4445
"307ef8f0f2da9c64" 6028 174 11640
"78671b916e43ee66" 3334 3660
"71395a08a4ef7898" 154 3085 10939
"de49430bc55db02b" 6277 383
"867039a21df6dda3" 1720 4259
"063fcf2ccc55dc1c" 615 8763 10841
"ab120c10bec29e16" 2575 970
"f2482c166edc354d" 4102 6517 10047
"6373110dca5d358e" 3991 143 6715
"a9b2284cd854ec90" 5931 4695 4803
"d272cb8c0af14a7a" 1864 8047 10873
"70a71a8e093ffb9c" 5265 4257 10648
"3175e02fafd3c5da" 505 8746 10439
"6496a2fbc90236ac" 9428 10434 8495
"0fcee97828542329" 4756 2538 2065
"93fc758adbf55547" 1065 8495 4284
"11e63f8751a70fa7" 11640 10873 3499
"3785130f49f6ac1d" 6028 2538
"b20853e9e3353304" 5577 505 3660
"c10b258075c49350" 10439 9428
"bba173361aa33276" 8746 8763 10873
"47087b0c5b36b76d" 383 4695 1065
"1ff2eeeb567b9218" 9434 143 6715
"62b7d92df99cb0d3" 174 3660 4259
"d8056ae2291348b7" 3334 10939 143
"f6493e165bfd182f" 1720 3991 4803
"820d69e0f28231ca" 4756 3085 10434
"13aac4d5aaeba8cf" 4284 2065 8495
"346a88229774c3ee" 10329 2065
"531233648fcd91ae" 7472 8047 10841
"f1ee38e84b5a9a88" 156 970 10648
"460173ec2fb96acd" 5265 383 8495
"a1040c10bec29e16" 2575 8746
"eacd8e3f43e7449d" 4257 10047 1065
"843a3945af4e2b98" 6277 3991 10439
"d2cbd15d1c67f8b8" 8763 10873 6028
"b777485471881e23" 5577 174 5931
"21a5a89d1a41f144" 4102 11640 6715
"8daa477f6446c064" 6517 4803 3499
"6a1e125fa28f3a1c" 1720 3334 3991
"7610d8e4e39353f5" 4284 154 7472
"2f0036789ae4e5a7" 10939 4259 8495
"25127372ea7a543f" 1864 970 10047
"ab2f878cce63a8c9" 4756 4102 8047
"7e864d5758b5675d" 5265 6028 5577
"cd39a546780b97bb" 10329 6517 4257
"4fdb4456f774d99c" 3160 8516 8863
"cf55576f64409fe6" 7916 3987
"519fc14717ea2794" 7291 6313
"e54fbb1659c7233b" 2622 179 8912
"35e339e5547dfc5d" 8319 179
"866855256e0b7ebc" 10187 7916
"8ff11a94bfbddf1f" 5848 3987
"e5e9d1e222371a11" 10632 3849
"437a74ea3c789cc5" 3685 8219 3103
"02541b6eb4269f36" 1204 4495
"2e404a6eebabb552" 9921 3084 11668
"df479d5a18debefb" 7387 6875 11074
"64e8ee123a7fbbc9" 8313 12122 9738
"2788c782831b98cc" 181 9999 3881
"dba3440ee1768e86" 179 1967 10150
"9b6756e87274ac0e" 6923 5870 6039
"fa524d5c1135d025" 6909 9257
"a72c12e0fc3cc320" 3116 5180 3481
"85cae957ce4aab1f" 4542 5399 7478
"420e4eade44079d0" 11704 11871
"dc7e240e46233d41" 11115 10545
"8d7184dec6906fcd" 9400 6931
"917eeefb041e185d" 10824 5877 8215
"05381010cab870f4" 3086 5549
"c7829e5fecf3dbfd" 8528 9284 8815
"aa45fe5114ffc2d5" 5225 5544
"efd1666815586c61" 2995 6586
"dae7225d5f4aad3d" 4657 6787
"066b86dd4c23786d" 3652 3819 9988
"4b2b4073cee1d1ca" 10592 7570 10657
"d472fb14ed372ee4" 5330 3676 4662
"f5815c736355af9b" 2421 12069 11704
"97a30f3467b93fe0" 129 2111
"c125d920d14828c4" 4388 219
"8d675d839974d6a4" 9122 10673
"59c356024d86c13e" 6704 1279 5225
"4dc30ce219c9255c" 1064 6586 10673
"995cb98df3a0df57" 9400 6931 10657
"2061666815586c61" 2995 4542
"d765b4caa5ad9352" 5180 9988
"1c0c6f2a32a16201" 3676 5544
"2cb181cebcf9e861" 1279 9122
"e8b2db469bd33f07" 8215 7478
"239667d5ff24857d" 5345 11115 10545
"5012a19000df373c" 10592 11704
"a8d3c70b1b54c973" 3481 4657 6787
"1e9f36873a38a576" 2810 7570 4388
"3980081ad7d96983" 1064 3819 2995
"fdc1e40f2d5a1192" 8528 5225 10673
"b397cf62e3789d98" 6931 5399
"0804cecf19c5462d" 9122 2111 5330
"59d1a19000df373c" 10592 10824
"07febbce6beaf0dc" 11115 8815 4385
"31f9128c2a55461e" 6704 7478
"78052acfc1d92e3c" 1279 5180 219
"b0ffb0df76c273a2" 3116 2810 9988
"63c3a3207b408c0c" 11871 4662
"d58edb897d9ad56d" 5345 9284 5399
"f1a0399fae6c3e76" 8528 9122
"6608d920d14828c4" 4388 12069
"0b5cad8a770361bb" 10824 6931 5544
"99764a9fc25fc067" 2421 3481 3086
"15a081cebcf9e861" 1279 4657
"cf593ac047e4273f" 4385 9122
"484af0f066618f11" 2421 129 10545
"0d424a6d82f6a4fc" 3967 1072
"4c8eae4e5aec684b" 11701 5606
"853816b9d258cbd5" 9297 1078 5976
"94ae012a783b33a7" 1199 10809
"d274b2e580b3b7a8" 5385 1894 4165
"64c7d79a07dc5ad3" 5410 10921 9526
"07ff436119a75f7b" 10537 686
"41b11b277ca816a7" 9641 11218
"5f248a1878244ba4" 749 7743
"aecf99213f268ba3" 172 5292 7641
"54029995476591b2" 10830 4453 669
"129874551b78b355" 4164 4906 10962
"1399eb9150cc3f7e" 4330 7522
"0f18a75bca982096" 6379 7275 4437
"fac59bcf8f8972c0" 9804 7782
"a62f7c2bd335b2c9" 11384 8421
"575f4599f0186bb9" 11315 10929
"68e6bcc70f1ece46" 5693 5448 2384
"077a95043e2bfed5" 5340 2007
"02ccf700356559be" 8245 2242
"3e9da7182c44e8dd" 7072 10749 6753
"875ffca897bdd6c1" 5164 7540 703
"0356dc552312d885" 3301 1357 9105
"07c8f0ff3faa7d64" 10263 5656
"5472900ba488e495" 2957 10863
"c64efbb6aa373012" 9592 11751
"bacd0124f85ddf34" 1185 5023 5958
"67b88382126d08a2" 929 10396
"4a60a0b9b3c1ea98" 9145 3647 7239
"146dec9c7ec61953" 9334 342
"03cf5de3fff11a28" 4091 5074 6666
"aed0d51bccd67400" 7282 7989 5358
"98d5361db3dd8109" 8634 8233 8865
"e8c1e94f50dd5a5d" 10455 8361 2177
"64df897823123a8a" 8133 592 7648
"9dab3c40151c8c85" 1195 9213
"1407417b5adc7b4b" 4998 4998
"980b4579b575bbb6" 2377 2599
"a581d01101818b77" 8570 2388 6083
"810ae011fce76b3e" 323 8068
"9cf68438da2cbdd1" 2383 2969
"e9ffe8f6e604acba" 8697 3148
"bf5303e8beb61158" 4525 8581
"830565a003275f62" 9547 2333 7859
"d5e620ff4d312d5c" 9267 2969
"131015ca0c06a60d" 6839 7608 7361
"5e977444a953e60c" 6769 6779
"1ed70ff2324024cc" 2098 8697 1585
"73398d8196561025" 1853 625
"ff3ddd181206361e" 6166 7852 1268
"b9a5161224ded23d" 2872 2390
"291fada97f2d2dc6" 10957 3708
"0396d6a6ab3cbc21" 1409 7665 4417
"e6af4b90adfdb69f" 2710 4299 2960
"c655ed8b78bf4e45" 3694 3148 4393
"a953c5de293fa086" 7857 7075 625
"9d33f81b23ada6a2" 2599 7857
"02c75d96f70f66d1" 2314 7857
"164c9e4bcb805c2d" 7859 2333
"0856c0b81eb36639" 7852 11858 1409
"48a33e43d2d32421" 7361 2314
"74698d8196561025" 1853 1409
"e8a5161224ded23d" 2872 2377
"792468e9b721fb52" 2960 7075 6839
"32dcc07f820e9cef" 4417 4393
"8957d278af53105d" 3148 2383
"e7cb9e4bcb805c2d" 7859 314
"5bb656597b2ba9c1" 2098 2333 1585
"38910300ba105414" 8068 625 2969
"8d71e996874e34da" 9547 10860 2960
"3b17b7c12c0f8039" 8697 6779 2314
"5cd8f861d8ae6589" 2390 8570
"dd68ea05db525919" 2872 1268 7608
"4febd050654cd398" 6839 3708
"993b60848a4ab178" 6166 7665 10957
"da820557aede0ce3" 625 323
"05afeac50ad860d3" 323 5659 4525
"060fcaf6a32e49bb" 7608 10860 7075
"10e98a6ddd6f6f4a" 4299 8581
"dddcf87ff96d4d4f" 6166 2377 2969
"36f73d3055b3a65f" 2599 2710 1853
"b03206d88dbad7b1" 3708 11858
"01ae02f24ddd588d" 314 1585
"5753d3a04c7ceffe" 2383 2388 7361
"a094dac37c32d808" 8891 1886
"79230e7b3060f984" 5483 4603
"ad27e773fb77616d" 7737 3047 3701
"323c399237269d5a" 7170 7788 652
"84ec2f8fe9bd9bc2" 11363 5396
"75ce1b8e4318c1e1" 8895 11504 8903
"6b80b461ae7d8603" 5279 9260 11578
"7b2ddda626209283" 10637 5992 529
"c1075c2dc4941dca" 8481 7809 61
"31e3f13f9ad34ee0" 4480 617 11573
"67a1391eeb4eee4a" 6090 6771 6844
"f0f26f594cc79df3" 6139 11889 3350
"e02e6517ebfcc482" 10812 3370 263
"bd5944e2205c0389" 6076 11998 48
"fb59003c27397998" 11941 6833
"8bbbe204cc3e9043" 3578 473 10400