"33d770c69ce2c271" 32 20 347 1305 351 10311 18906 10314 13 553 347 286 2941 362 13 5399 347 2852 30693 553 347 361 28805 13 5163 41 35 637 504 953 18 21839 521 10770 -1 -1 0 0 0 0 8 6 9 4 6 9 6 4 6 3 0 0
"0ad740e48c6785af" 34 20 23 1126 2 30694 38 6132 13 553 1549 113 12524 93 2941 13 1488 703 1580 171 1489 1669 30695 13 553 2 63 9164 27649 515 25892 500 14501 30696 4 10771 -1 -1 0 0 0 0 9 10 9 7 8 9 4 3 6 4 0 0
"6c1fcc717facfc7d" 23 113 1319 1113 30697 13 553 5536 936 504 4485 10227 13 553 357 345 3663 25978 2 368 297 20 30698 4 10772 -1 -1 0 0 0 0 7 6 8 6 7 10 7 6 6 5 0 0
"f96341facb0647f3" 24 1047 688 191 30699 13 553 1510 150 545 1774 5531 191 9714 30700 13 553 2 188 10201 30701 30702 373 30703 4 10773 -1 -1 0 0 0 0 8 7 7 5 6 6 6 4 4 3 0 0
"2df324b62abd1e2b" 33 20 347 66 703 1580 30704 30705 30706 13 553 687 28805 171 200 30707 10252 13 553 320 321 322 13 687 999 30708 2042 30709 349 20 6828 171 30710 4 10774 -1 -1 0 0 0 0 8 7 6 3 5 8 8 5 4 2 0 0
"ba5664ac0b6d3ab9" 39 1580 1071 3313 30711 737 5260 13 553 87 383 21998 3038 8525 41 113 6105 30712 13 553 102 920 2273 2274 2275 13 357 6121 36 308 30713 13 1580 11765 35 39 12577 22966 30714 4 10775 -1 -1 0 0 0 0 9 6 7 6 7 8 5 9 7 7 0 0
"64bf81e16913c9b5" 39 30715 61 2316 13 30716 3348 4715 6565 13 30717 30718 1047 30719 13 553 34 35 9212 188 9213 13 34 146 8349 171 4647 13 553 347 7235 367 13 34 1376 15491 1013 349 1872 4 10776 -1 -1 0 0 0 0 7 6 6 4 5 6 4 5 3 4 0 0
"9d6fd954e1b5d22e" 27 34 35 543 30720 30721 578 13 150 3275 457 297 30722 13 553 297 520 606 150 1507 20 24908 504 188 887 30723 30724 4 10777 -1 -1 0 0 0 0 8 8 7 5 7 7 7 5 4 4 0 0
"91509a309bcd318a" 47 20 1754 2 736 13 20 61 1199 30725 326 13 20 102 30726 87 957 13 0 10351 150 2131 13 553 20 66 999 395 6074 774 6075 13 297 1886 1108 2 30727 1150 13 553 35 504 2928 330 347 350 323 4 10778 -1 -1 0 0 0 0 8 7 8 7 7 6 6 7 6 5 0 0
"e313114dd763a038" 32 2 3075 3117 113 5782 13 16069 30728 621 774 2859 200 13 553 30729 61 2327 7577 13 23 330 6094 26726 13 553 2 30730 23 11562 30731 30732 4 10779 -1 -1 0 0 0 0 9 8 6 4 6 6 7 8 5 6 0 0
"a41be7ced5e1e8d7" 31 1342 61 845 1925 14620 13 553 30733 2520 13 1113 2 17674 13 553 171 30734 2 20 23 38 313 12700 13 30735 2 2321 30736 23 431 4 10780 -1 -1 0 0 0 0 8 9 8 6 7 6 5 6 5 3 0 0
"64cfbe195c1f5fb6" 31 20 23 2891 1420 25 61 1069 2941 13 553 357 535 2 2852 30737 61 1542 13 553 499 30738 3305 8245 13 553 113 15042 30739 19327 15044 4 10781 -1 -1 0 0 0 0 9 8 7 6 8 8 6 4 7 3 0 0
"f1b840aa0ffebeb0" 39 20 188 5779 361 5780 13 30740 30741 30742 30743 13 30744 188 2 171 9216 297 13 553 8618 28483 607 3302 6302 9792 13 553 66 1793 2000 305 188 2809 188 30745 2 30746 30747 4 10782 -1 -1 0 0 0 0 7 6 6 5 6 7 4 6 4 5 0 0
"c27099d50d5d6340" 34 30748 5309 87 13906 515 13 553 627 1710 2 95 727 7357 30749 13 417 1567 13 553 1792 113 1013 171 1651 607 13853 1737 13 191 395 1376 93 1567 4 10783 -1 -1 0 0 0 0 8 9 8 7 8 8 7 8 5 6 0 0
"c3697a6110fc04d5" 50 1775 12339 12340 13 1109 1110 3302 797 222 13 553 150 297 362 30750 13 357 150 30751 15070 13 553 35 481 61 3034 13 2 402 1319 25 35 1869 30752 13 553 30753 30754 2 66 55 30755 620 7003 1122 4699 3864 774 609 4 10784 -1 -1 0 0 0 0 7 7 6 4 5 6 6 4 4 3 0 0
"f87d2e2d7a367685" 19 1510 150 545 1774 5531 191 1109 30756 13 553 35 3299 30757 504 358 13 30758 30759 4 10785 -1 -1 0 0 0 0 7 8 6 7 6 3 4 5 4 3 0 0
"d824e26621f28824" 20 548 1370 39 2287 1580 373 61 2181 13 553 10330 9110 102 4107 26757 13 803 5260 737 4 10786 -1 -1 0 0 0 0 7 9 6 7 6 5 4 5 4 3 0 0
"d7c259f63c60543c" 14 20 12241 12242 21097 13 553 118 96 2 66 4931 13684 6167 4 10787 -1 -1 0 0 0 0 8 7 9 6 6 8 3 3 4 3 0 0
"3e806900602ac55d" 18 66 347 30760 8245 13 553 15042 30761 19327 19328 13 3003 113 35 742 361 2067 4 10788 -1 -1 0 0 0 0 6 5 8 9 7 7 3 4 6 5 0 0
"5507233970b0104c" 13 20 66 999 93 6075 6074 13 553 3812 30762 30763 7933 4 10789 -1 -1 0 0 0 0 8 7 6 7 6 8 6 4 5 4 0 0
"6323eef79da6a078" 16 66 23 2891 8525 25 113 13 553 588 1114 2888 2890 2 4146 30764 4 10790 -1 -1 0 0 0 0 7 6 7 8 6 4 4 5 6 7 0 0
"ad76ed12d672f38f" 14 35 9212 188 9213 13 553 1131 6562 504 150 388 330 5000 4 10791 -1 -1 0 0 0 0 7 8 8 6 6 7 4 3 4 3 0 0
"d0b172fe8a29138b" 15 66 347 361 1979 547 13 553 35 481 61 18237 541 161 2283 4 10792 -1 -1 0 0 0 0 6 7 6 7 6 5 4 6 4 4 0 0
"f1eff160dba2cd7c" 23 20 23 1125 30765 13 30766 1126 13 553 8618 2316 515 1380 4140 150 993 304 20 357 134 953 30767 4 10793 -1 -1 0 0 0 0 7 7 7 7 7 5 5 5 4 5 0 0
"da6f8ef54b1bda8a" 20 87 383 12394 12516 1420 13 553 3212 8522 30768 1033 1494 30769 13 553 504 150 388 628 4 10794 -1 -1 0 0 0 0 7 7 6 9 6 6 3 4 5 4 0 0
"b6526555d206e205" 17 7116 7117 7027 7118 13 553 113 1403 737 1088 13 7389 742 61 3289 30770 4 10795 -1 -1 0 0 0 0 8 6 5 8 7 6 5 3 7 6 0 0
"67f8880b9a7245dd" 22 532 7314 44 2941 3302 323 13 553 297 520 606 150 1507 13 63 9164 607 2 19737 515 11024 4 10796 -1 -1 0 0 0 0 7 5 6 6 7 6 3 6 3 4 0 0
"1925dfecee6ef9ff" 16 2 12777 63 13260 361 13261 53 13 553 7306 1821 7307 2 19546 30771 4 10797 -1 -1 0 0 0 0 6 6 6 6 6 3 4 7 2 6 0 0
"304cf975b4498c8a" 20 2 76 61 8695 30772 8696 13 553 1705 23 1706 1707 13 499 441 330 25 4716 117 4 10798 -1 -1 0 0 0 0 7 5 7 5 7 6 5 7 4 8 0 0
"e1175b537ded05b7" 22 61 2652 1069 6030 13 66 11476 10303 125 13 553 87 4109 1016 8958 13 2957 1109 9325 23276 2696 4 10799 -1 -1 0 0 0 0 7 6 6 6 7 6 5 6 5 7 0 0
"8ef9d6f520b39488" 15 1488 4170 1983 1084 13 553 1109 1522 13272 30773 13 2 13273 27633 4 10800 -1 -1 0 0 0 0 4 3 4 5 8 5 2 2 4 2 0 0
"cc4d79945ae5b642" 15 1506 12631 2286 30774 13 553 347 23775 171 8815 13 28 30775 5893 4 10801 -1 -1 0 0 0 0 8 8 7 6 9 8 3 3 5 3 0 0
"d8a750d66a39a666" 19 95 545 9142 53 1965 936 13 553 478 1981 15445 15446 6316 13 2 305 4882 787 4 10802 -1 -1 0 0 0 0 7 7 8 6 7 5 3 3 4 2 0 0
"7bb5a93655f98d2b" 23 2 30776 12383 30777 11977 13 553 347 8024 30778 13 357 30779 146 1043 13 553 7168 12849 30780 12851 30781 4 10803 -1 -1 0 0 0 0 8 8 8 7 7 4 2 3 4 2 0 0
"71a1ccc677e3a4ab" 18 1842 9442 9443 2 9463 30782 13 553 373 150 2861 2864 13 113 3753 2 30783 4 10804 -1 -1 0 0 0 0 7 6 7 8 8 4 4 2 6 8 0 0
"e7140822e65b92cf" 31 347 286 3804 13 171 30784 61 30785 13 553 13146 113 3401 13 30786 2525 999 13 553 8882 30787 13 3443 20 30788 337 13 20 8885 8884 4 10805 -1 -1 0 0 0 0 6 8 6 7 6 3 3 5 4 6 0 0
"7cd4b8ffd900b79c" 37 6188 6189 6190 13 30789 30790 41 39 13 553 35 4079 367 2265 1188 13 1651 61 21014 30791 13 553 2 30792 4703 188 4704 13 150 545 30793 13 311 113 9601 170 4 10806 -1 -1 0 0 0 0 7 8 7 6 7 5 5 3 7 6 0 0
"4317b28403a649e3" 30 14172 14173 6890 1534 13 553 357 1821 353 412 11447 13 320 53 24703 13 553 347 19556 353 744 13 113 23 30794 321 9054 30795 30796 4 10807 -1 -1 0 0 0 0 6 8 7 7 7 7 3 2 7 6 0 0
"75a839153daba970" 27 66 347 545 87 38 150 1045 25 39 13 553 357 16377 11773 3635 30797 30798 13 553 16454 18645 30799 4326 24950 30800 2214 4 10808 -1 -1 0 0 0 0 5 7 6 7 7 6 4 6 4 7 0 0
"273ec51c51940580" 28 3257 6988 305 2218 4391 6989 13 553 87 1031 61 13 357 150 719 4337 13 553 1201 186 1013 87 138 457 14288 8612 744 4 10809 -1 -1 0 0 0 0 4 4 5 7 8 4 3 8 5 5 0 0
"ac315fe308eb5bdc" 34 8445 4071 13 66 347 36 297 6094 13 553 282 2606 2607 357 13 357 66 347 30801 4312 13 553 171 5790 96 188 30802 744 13 373 150 96 30803 4 10810 -1 -1 0 0 0 0 6 7 6 7 8 4 7 4 6 2 0 0
"e89316267a6075e1" 30 548 373 1495 504 1550 63 1004 13523 13 553 3013 89 13 357 150 286 990 1780 13 553 9363 2722 126 13 2 22523 2014 358 30804 4 10811 -1 -1 0 0 0 0 5 5 7 7 7 5 4 2 5 8 0 0
"99ed3219be06566e" 24 66 23 431 432 433 434 13 553 499 66 1817 992 8630 8631 7543 3663 13 553 534 113 2284 749 3160 4 10812 -1 -1 0 0 0 0 7 6 6 5 7 3 2 3 5 6 0 0
"fb63fdcd916ced8e" 19 87 61 2348 1131 3123 13 35 102 1473 13 553 6198 7322 7323 2 534 2284 30805 4 10813 -1 -1 0 0 0 0 8 7 7 6 7 5 3 7 4 5 0 0
"87d6c02a916625e9" 32 66 23 431 93 3951 412 738 384 13 553 134 1043 1665 294 13 150 530 330 854 13 553 66 556 25 313 7192 13 87 1047 87 30806 4 10814 -1 -1 0 0 0 0 6 6 6 5 7 4 2 6 3 4 0 0
"54b2f6acad3bf6a6" 16 14537 10062 13 357 1109 3611 113 1750 13 553 30807 30808 61 113 30809 4 10815 -1 -1 0 0 0 0 5 3 5 3 3 6 2 2 3 5 0 0
"9957807b487f69c5" 16 1201 574 772 722 547 371 13 553 9394 386 113 30810 191 12777 22928 4 10816 -1 -1 0 0 0 0 7 8 6 5 5 4 2 8 5 9 0 0
"713e922984e46331" 18 6061 13 414 28825 170 125 13 553 11476 10303 13 357 150 87 2000 305 963 4 10817 -1 -1 0 0 0 0 7 6 7 6 5 5 2 2 4 4 0 0
"50505d784f67fd41" 24 35 545 34 87 2191 1240 13 134 4623 4702 4704 13 553 2517 30811 30812 13 347 463 30813 22076 116 9738 4 10818 -1 -1 0 0 0 0 4 5 4 4 3 4 2 2 6 4 0 0
"e135f77ab074441c" 31 347 286 6590 13 1071 478 13 30814 113 15445 30815 6316 13 553 1705 23 3956 1707 13 347 2371 30816 435 30817 30818 30819 30820 25465 150 30821 4 10819 -1 -1 0 0 0 0 2 5 3 3 2 6 2 5 2 5 0 0
"abb05d14195137d8" 26 16377 11773 3635 16453 16454 13 6121 110 13 553 2 76 61 8695 8325 8696 13 499 463 22989 359 28844 30822 5602 30823 4 10820 -1 -1 0 0 0 0 6 6 5 5 7 8 1 1 3 3 0 0
"7e5d104bccbdc0c4" 44 718 13 63 13260 361 13261 53 25892 772 748 1862 13 553 35 1334 2128 357 21980 18 13 504 1842 1510 150 5889 13 341 193 1032 8586 26037 30824 13 6828 25004 5196 2 66 1821 353 412 21524 4356 4 10821 -1 -1 0 0 0 0 5 7 6 5 6 4 2 7 7 8 0 0
"8f43dfb3461932d0" 41 1693 8311 609 573 367 13 553 3131 3132 13 357 134 30825 66 1821 353 3433 191 6081 13 2957 11946 30826 13 2502 30827 174 21300 609 13 772 21373 30828 18849 30829 35 151 20426 2888 1315 4 10822 -1 -1 0 0 0 0 9 9 8 8 6 4 2 9 8 10 0 0
"fcc64451b694753c" 67 7306 1821 7307 13 2 410 3297 13 553 357 134 30830 530 1511 15784 1756 13 1750 30831 30832 13 553 347 193 8583 171 8815 1071 728 30833 30834 30835 30836 30837 30838 30839 13 10588 817 30840 30841 30842 30843 30844 30845 30846 13 30847 2035 13 28 30848 30849 13 30850 30851 30852 30853 457 165 14927 4395 1736 1735 30854 30855 4 10823 -1 -1 0 0 0 0 6 8 8 7 6 4 2 4 5 5 0 0
"0f8c2b5f989fdd09" 34 95 545 9142 53 1965 13 188 5790 515 30856 1122 1611 188 9737 13 553 286 305 66 347 545 87 38 25892 25 39 13 346 547 174 30857 4766 30858 4 10824 -1 -1 0 0 0 0 7 6 7 6 4 6 2 3 4 5 0 0
"3dd41319b1038761" 69 66 556 25 313 7192 13 30859 9442 30860 13 553 1549 21512 3280 15777 25337 359 373 61 134 8387 504 13 30861 30862 1482 3890 13 30863 30864 13068 30865 13 742 61 8695 1737 11652 13 2 1109 14319 27955 20 13 1580 520 474 19006 188 823 61 1337 13 30866 1580 1232 30867 61 8341 23161 1047 26859 20916 30868 1378 373 30869 4 10825 -1 -1 0 0 0 0 7 6 6 8 8 5 2 6 7 4 0 0
"0629c68e7f132c41" 57 282 2606 2607 357 191 4079 367 2265 1188 13 553 330 347 13 5525 1675 53 30870 13 30871 13 4361 588 7075 30872 13 9733 1709 13 30873 30874 13 3257 1293 30875 16822 47 7033 30876 30877 13 1240 30878 134 93 946 1000 13 150 8899 171 16574 22684 330 116 415 4 10826 -1 -1 0 0 0 0 3 6 4 4 3 6 2 2 4 5 0 0
"8befb9ff07005366" 30 87 61 2348 1131 3123 13 1013 1735 2028 2 5581 13 553 66 23 431 432 433 434 13 357 30879 1872 13 1580 373 150 2861 2864 4 10827 -1 -1 0 0 0 0 3 2 7 6 3 4 1 2 4 7 0 0
"3d9566defe58917a" 24 787 13697 13 12849 12850 12851 12852 13 553 1488 76 61 1983 1084 13 2 4352 25837 373 102 30880 15365 30881 4 10828 -1 -1 0 0 0 0 5 3 5 3 3 5 2 2 2 3 0 0
"1a252278e0ef4446" 22 1506 3452 721 13 3488 7322 7323 13 553 1829 7306 3248 13 357 87 61 3405 116 17966 2 845 4 10829 -1 -1 0 0 0 0 5 4 3 2 3 1 1 3 2 1 0 0
"5b703d40a285073c" 41 87 61 113 3013 89 1029 30882 13 553 14172 14173 6890 1521 13 2 2226 2056 4 553 1109 13272 493 102 1016 30883 30884 1480 13 553 417 7065 13 2204 30885 10635 10635 13273 2 2796 13699 4 10830 -1 -1 0 0 0 0 6 7 6 4 4 2 2 4 3 5 0 0
"84724806bba1cc99" 38 87 61 963 13 373 61 359 1004 13523 13 553 150 373 1550 1495 13 457 1130 30886 4 553 8882 8883 373 19124 8884 13 553 1549 1109 2731 5399 2 2796 8812 95 787 4 10831 -1 -1 0 0 0 0 8 8 7 5 6 4 3 3 4 4 0 0
"3cc07c3da47977b3" 43 1775 61 1641 457 1487 20 1131 13911 13 553 1109 2722 9363 126 13 2 12799 1930 5399 66 788 4 553 683 8229 13911 13 2696 1110 21133 13 553 150 457 890 13 1549 17867 28 1517 30887 3901 4 10832 -1 -1 0 0 0 0 8 8 7 6 6 5 7 4 5 5 0 0
"f882f193692dae07" 50 1071 87 19679 150 36 3251 13 61 2652 1069 6030 13 553 2 1109 10329 30888 13 3257 6988 305 13 500 12115 16321 13 553 1549 2303 61 13 87 4109 1016 8958 13 553 87 61 1016 3006 13 2 1109 1589 25 1016 8131 28232 4 10833 -1 -1 0 0 0 0 9 8 7 6 7 6 3 5 6 4 0 0
"4a1cfc5c43046f3f" 58 66 23 431 93 3838 3951 412 738 384 13 2 5922 134 1043 3951 1665 13 553 1494 61 171 2316 2 6188 6189 6190 13 191 6551 357 150 151 24568 4 553 1109 18350 4071 13 1071 150 457 890 36 13 553 95 6563 2696 13 1016 8131 8864 13 1182 3313 30889 4 10834 -1 -1 0 0 0 0 9 9 9 8 7 9 4 2 1 3 0 0
"3e0df4293f242cfc" 47 95 545 9142 53 30890 13 150 304 1807 13 553 150 373 2861 2864 13 113 2865 2 14122 14172 14173 6890 1534 4 553 373 150 2861 3722 13 113 2865 2 8566 13 553 1109 11879 30891 3358 16084 2 17478 30892 30893 4 10835 -1 -1 0 0 0 0 7 7 6 5 5 2 1 4 4 6 0 0
"d146f8cd3f824c58" 42 1052 66 11476 10303 125 13 553 113 703 1187 13 19181 22032 4703 188 4704 110 553 515 87 637 161 8943 13 1315 30894 2 14729 188 394 13 553 347 30895 1482 116 16410 2 600 170 10813 4 10836 -1 -1 0 0 0 0 6 6 5 7 5 1 2 3 6 5 0 0
"f6950207f7190b86" 43 66 347 286 3804 13 1342 61 412 3483 13 553 704 1795 30896 13 150 515 151 1007 13 553 87 61 3013 89 13 2006 150 286 16425 13 553 2 1842 359 16434 13 493 9443 2 8864 28450 4 10837 -1 -1 0 0 0 0 9 8 9 8 8 4 3 4 7 5 0 0
"eeb04e99d690c404" 46 95 150 36 30897 13 63 13260 361 13261 53 13 553 1109 61 5532 13 1580 2606 2607 357 13 553 2 113 373 3131 3132 13 61 171 4007 13 553 2 621 1863 61 30898 13 30899 30900 704 265 2049 30901 4 10838 -1 -1 0 0 0 0 9 9 9 8 8 7 7 9 7 8 0 0
"16fec33afac3cdd5" 52 504 150 388 28677 13 7306 1821 7307 13 553 347 193 8583 171 8815 13 5719 117 171 1643 2715 4 553 627 1990 3706 13 1549 19159 125 3110 13 553 345 66 347 193 1550 8583 13 297 748 359 4361 61 171 1494 2 6601 18 30902 4 10839 -1 -1 0 0 0 0 8 7 7 6 7 4 3 4 6 6 0 0
"4557691c0a583c1c" 49 1109 26999 2 1750 20 1568 606 860 150 29885 13 553 35 4079 367 2265 1188 13 359 1568 150 637 1487 4 553 12849 12850 12851 12852 13 553 1549 1109 1110 18 13 2 1109 30903 30904 102 125 3110 13 11695 13 2637 21954 4 10840 -1 -1 0 0 0 0 9 9 8 6 7 9 7 5 6 6 0 0
"a27e2a0311a37886" 29 66 23 431 432 433 434 13 553 2 2517 12383 12384 13 553 1494 87 1660 171 8131 13 553 2 1109 1521 417 2696 13 1588 4 10841 -1 -1 0 0 0 0 6 6 6 7 6 9 6 6 9 5 0 0
"22a20493c4bb0fe9" 28 14172 14173 6890 1534 13 553 8882 8883 373 8884 8885 13 553 787 13697 13 1109 8775 1577 13 553 2 1521 2165 30905 30906 6890 4 10842 -1 -1 0 0 0 0 8 8 7 4 5 5 9 5 5 6 0 0
"e0ad60fc35d5093a" 46 87 61 2348 1131 3123 13 6601 87 3804 2 3104 13 553 10329 30907 13 3257 6988 305 2218 4391 6989 13 553 1016 61 30908 13 1580 1342 607 1930 13 553 2 1016 61 30909 8289 30910 13 520 61 20848 677 4 10843 -1 -1 0 0 0 0 9 8 8 6 6 4 3 7 7 6 0 0
"264c89f8fec521c4" 25 1494 150 1495 13 87 150 151 2739 13 553 2 7559 2807 30911 13 30912 30912 1488 636 30913 7123 30914 2 30915 4 10844 -1 -1 0 0 0 0 6 5 9 4 6 3 4 5 4 8 0 0
"d5cc49fe2813fffe" 15 347 36 330 87 30916 537 30917 13 553 7204 30918 1160 1144 30919 4 10845 -1 -1 0 0 0 0 2 6 8 5 4 2 2 1 5 3 0 0
"4c09ab498c6b5665" 30 30920 30921 13 150 487 1178 2851 11623 11624 13 553 13657 8508 188 30922 17640 30923 13 5124 160 4 553 4970 331 3594 20 2859 5750 30924 4 10846 -1 -1 0 0 0 0 8 7 9 6 6 3 5 3 6 5 0 0
"943a7728cf7c08c7" 29 26 171 2454 13 87 61 9676 2303 13 553 721 523 4799 13 20 7676 150 151 6915 4 553 297 1199 993 4361 925 61 6601 4 10847 -1 -1 0 0 0 0 6 7 7 6 5 4 3 2 4 3 0 0
"d932669399a5d752" 19 347 2852 713 772 102 61 6704 13 553 616 8556 2 7159 3536 641 13 9592 30925 4 10848 -1 -1 0 0 0 0 5 6 6 5 6 1 2 2 3 2 0 0
"50526b8fe1e6de0c" 18 297 796 9718 521 3452 13 297 30926 4 553 2 3753 13 1016 7939 736 19238 4 10849 -1 -1 0 0 0 0 3 4 5 5 4 2 7 2 4 4 0 0
"7db28a7fc19df37b" 30 347 388 9142 6971 30927 13 1013 117 1319 10191 4 553 2 66 15077 15078 9190 766 1928 4 553 150 362 30928 357 5163 30929 9155 877 30930 10850 -1 -1 0 0 0 0 4 4 3 4 4 1 2 3 3 3 0 0
"b73e5ecd3e33b35d" 30 35 30931 920 8902 20 87 2928 30932 13 553 12932 1389 23078 30933 13 2 4182 1611 4 553 113 9204 13 359 1842 23 3907 30934 30935 4 10851 -1 -1 0 0 0 0 5 7 8 6 6 4 2 2 4 2 0 0
"5cb735b86252837e" 27 4058 2846 1681 20 5494 972 13 553 5412 170 63 30936 13 7659 12435 7543 3663 4 553 3939 7298 87 3488 7300 171 25162 4 10852 -1 -1 0 0 0 0 6 5 8 5 6 1 2 1 2 2 0 0
"f86e1edcc6523d90" 19 297 722 796 4409 30937 30938 504 13 553 23376 488 489 171 490 13 2 1571 15230 4 10853 -1 -1 0 0 0 0 4 4 5 5 5 2 2 3 3 4 0 0
"9b00cc4a0b51abe5" 19 556 13 772 102 15319 1047 1093 4 553 188 1602 61 1795 8634 13 170 30939 30940 4 10854 -1 -1 0 0 0 0 7 6 6 6 4 4 3 3 5 4 0 0
"1a280435f69b681e" 32 2 1022 2928 150 7020 1071 30941 2735 170 13 553 8452 30942 30943 3070 8901 1275 4 553 12980 13 35 28 102 361 30944 357 13 34 17561 1187 4 10855 -1 -1 0 0 0 0 6 4 4 4 3 1 5 3 4 4 0 0
"e291458217b7b5cd" 24 13399 9269 188 30945 13 553 3004 2087 10324 171 30946 4 553 359 15162 13 1109 30947 2696 13 1071 731 292 4 10856 -1 -1 0 0 0 0 4 3 5 4 4 3 2 3 3 4 0 0
"1b2de900883fffbf" 23 16021 16020 13 21051 979 1643 30948 4 553 150 308 417 1448 1015 13 20 87 15391 8655 13 63 9345 4 10857 -1 -1 0 0 0 0 3 4 4 4 5 2 2 2 2 3 0 0
"6238ae43af7fe6b4" 20 20 3007 1055 990 30297 19316 1201 13 553 704 633 599 13 35 588 102 2441 10819 6907 4 10858 -1 -1 0 0 0 0 2 3 4 3 3 2 2 3 3 3 0 0
"20b24fa1b5511a40" 26 845 134 13 14566 1032 30949 13 553 34 26 10901 171 10902 13 20 30950 19762 4 553 2 14303 13 1725 30951 30952 4 10859 -1 -1 0 0 0 0 2 3 4 4 2 1 3 3 4 4 0 0
"f940f81bcb161aa5" 14 1762 3203 13 113 1016 4842 150 21110 553 35 7524 7804 3019 4 10860 -1 -1 0 0 0 0 5 6 8 7 6 8 1 7 3 5 0 0
"ba00a6dc635662a4" 21 286 772 2897 61 8100 3302 14359 305 13 553 2 6202 116 23059 297 748 191 6068 305 1485 4 10861 -1 -1 0 0 0 0 7 8 8 9 7 8 8 4 8 5 0 0
"ef4fd0234c71dc2b" 17 636 367 4304 66 1793 9982 13662 553 8318 8319 8320 8321 3302 27218 30953 30954 4 10862 -1 -1 0 0 0 0 4 6 7 8 5 2 3 5 9 4 0 0
"34cc2a43a5819553" 20 5474 6514 817 6515 737 23637 13 553 20 95 150 2439 13883 2852 330 13 30955 30956 30957 4 10863 -1 -1 0 0 0 0 6 3 3 6 4 2 3 5 2 4 0 0
"3978b29c5e811889" 22 847 12821 13 1498 502 9066 47 5708 553 41 14871 2777 1160 265 30958 13 693 1552 30959 796 30960 4 10864 -1 -1 0 0 0 0 7 8 9 9 7 5 3 6 7 6 0 0
"db951ec0424bb869" 21 27 993 4077 13 357 84 26390 9630 553 117 5872 1702 30119 940 13 1762 449 6910 30961 30962 4 10865 -1 -1 0 0 0 0 8 7 9 8 6 6 3 4 6 5 0 0
"20a4d40de8d1767b" 23 1695 1013 87 1589 13 5609 11731 11732 435 553 95 61 171 30963 13 171 30964 24784 30965 30966 265 30967 4 10866 -1 -1 0 0 0 0 9 9 9 9 8 7 4 5 7 6 0 0
"eff45771791915a4" 22 1342 4715 357 1032 2 3744 1480 13154 93 6380 553 61 14672 2 102 373 10071 1341 23 6601 27665 4 10867 -1 -1 0 0 0 0 7 7 8 8 7 5 2 4 6 5 0 0
"07e22f399923a32f" 16 17979 23 2507 13 10266 30968 3497 553 4192 13762 13 7945 7946 5714 30969 4 10868 -1 -1 0 0 0 0 6 5 7 7 6 3 4 6 5 4 0 0
"7f1ca18cb3b577cb" 19 30970 30971 13 2 8025 150 8026 553 3971 171 977 4434 30972 1511 30973 3302 21147 87 4 10869 -1 -1 0 0 0 0 6 4 5 5 6 3 2 4 2 3 0 0
"deee443c3ea36077" 23 9605 330 454 9606 13 2 771 6867 6844 553 10477 1296 10478 13 30974 1296 10478 13 30975 5709 26743 1552 4 10870 -1 -1 0 0 0 0 7 6 8 8 7 4 3 6 6 6 0 0
"e2605078d95eef91" 18 357 1863 2832 191 981 61 2726 5981 553 134 14083 14084 13 61 23728 171 25988 4 10871 -1 -1 0 0 0 0 6 5 4 4 3 3 3 5 4 4 0 0
"b8a4e15151c7a162" 24 774 731 9041 2151 14839 1071 66 521 15877 553 2 95 1762 1558 12107 12108 13 150 36 330 30976 9048 30977 4 10872 -1 -1 0 0 0 0 7 6 6 6 7 5 4 8 5 3 0 0
"60fcf6138d1e28ae" 16 30978 787 6873 3413 553 2 6004 13 507 191 171 1342 608 2247 920 4 10873 -1 -1 0 0 0 0 8 6 6 8 6 3 3 5 6 5 0 0
"071d7456f691f953" 24 1071 102 61 1093 134 13 171 1651 150 2314 6910 553 1034 1071 102 1093 134 13 388 30979 953 12657 30980 4 10874 -1 -1 0 0 0 0 7 7 7 8 7 3 3 5 2 4 0 0
"bcd0677791f1f610" 29 15576 1886 421 25 704 376 3396 13 553 1863 150 304 3467 13 1109 12217 948 8487 2444 553 28 15999 1863 150 417 39 2664 3768 4 10875 -1 -1 0 0 0 0 7 7 8 8 7 6 2 1 3 4 0 0
"c27ea6533db2b3e0" 18 1651 28496 150 4337 13413 13 553 38 10560 171 107 61 9355 127 13 1947 30981 4 10876 -1 -1 0 0 0 0 8 7 8 8 6 5 4 2 5 6 0 0
"8c0dca47ee4ea306" 21 34 30982 30983 13 357 2446 235 13579 30984 30985 4766 6907 13 553 63 30986 30987 8412 9296 11861 4 10877 -1 -1 0 0 0 0 9 6 9 5 7 9 7 3 4 3 0 0
"e7052453879220e5" 23 8091 61 1874 13 357 15761 1113 4926 13 553 23 3440 11609 150 13 113 415 1489 96 63 30988 30989 4 10878 -1 -1 0 0 0 0 8 7 8 8 7 7 5 3 4 7 0 0
"564500e4e4cc4861" 39 7287 5076 2859 13 553 66 30990 171 30991 30992 7054 326 13 7055 2132 3302 7056 13 553 150 4092 330 4093 4091 421 13 499 6042 66 20 30993 23 30994 13 113 35 30995 1892 4 10879 -1 -1 0 0 0 0 7 6 6 6 5 6 3 1 2 5 0 0
"89f4f031301207ed" 19 30996 21373 1192 30997 1481 61 419 2078 13 553 66 113 1002 13 87 840 722 30998 4 10880 -1 -1 0 0 0 0 7 5 6 8 6 4 3 3 3 6 0 0
"682c2e832dfc9b19" 16 4330 711 61 13 553 191 8497 6644 2 30999 359 16640 55 31000 10642 4 10881 -1 -1 0 0 0 0 6 5 5 4 4 6 4 3 3 4 0 0
"243d69181e760338" 31 7957 2859 7921 3635 82 13 2506 699 116 13 553 1622 76 61 1043 25 44 1604 13 150 36 1568 22678 20 31001 13 6785 25 27530 66 4 10882 -1 -1 0 0 0 0 8 8 7 8 5 7 5 2 6 6 0 0
"5fe9652af6f4d13a" 29 347 530 2354 31002 342 31003 31004 13 553 4330 711 286 305 13 588 31005 18202 31004 13 588 711 1122 699 116 1400 798 3635 1033 4 10883 -1 -1 0 0 0 0 7 6 6 5 5 5 6 4 3 4 0 0
"88bca83476627158" 23 718 23 1889 687 36 2999 13 5583 5584 68 13 553 1580 347 36 151 326 13 47 636 31006 68 4 10884 -1 -1 0 0 0 0 9 8 7 6 6 5 3 1 2 4 0 0
"283953500eb94572" 31 113 41 3555 2 61 31007 13 2280 12095 13 553 5583 5584 13 20 31008 51 13 31009 8733 13 87 25 26 171 28948 13 18881 2 2265 4 10885 -1 -1 0 0 0 0 8 7 8 7 6 5 5 3 4 7 0 0
"0852e1705c3ff18c" 16 5583 5584 2 530 1667 7437 13 553 31010 14288 31011 12553 10211 797 31012 4 10886 -1 -1 0 0 0 0 7 7 6 4 5 5 5 3 3 5 0 0
"4ffd2b16ff97586c" 38 31013 3303 5520 2 31014 31015 13 553 113 66 23 20 1842 1793 31016 13 703 113 1580 102 361 1188 13 553 10588 31017 31018 31019 1033 699 22016 31020 25601 31021 19731 3478 68 4 10887 -1 -1 0 0 0 0 6 5 6 6 4 5 6 3 3 5 0 0
"751469223bd94304" 34 31022 13432 31023 553 47 2862 10708 150 151 283 31024 1928 31025 13 553 357 4403 305 31026 13 8047 3189 10708 6912 18484 1162 2 19035 13 3555 41 23 31027 4 10888 -1 -1 0 0 0 0 7 6 7 6 5 6 4 2 4 5 0 0
"89bfc6142e64f9fd" 27 31028 76 61 1043 13 31029 738 31030 31031 13 553 1622 76 31032 1043 25 44 1604 1697 13 357 347 4766 151 20331 31033 4 10889 -1 -1 0 0 0 0 7 6 7 5 5 6 4 1 3 5 0 0
"43d9551f41509d52" 22 150 363 433 3933 1094 171 31034 31035 13 553 191 287 8355 8356 13 2 3531 25 1029 956 61 4 10890 -1 -1 0 0 0 0 7 2 4 4 5 5 1 1 1 2 0 0
"b14b3452b6c6aa6f" 24 66 1240 3110 1680 13 357 15332 1208 113 13 553 1622 76 61 171 1489 13 2006 44 1604 10251 939 113 4 10891 -1 -1 0 0 0 0 8 7 8 6 6 8 3 2 4 3 0 0
"1c6866c4db8d5952" 18 1580 102 5882 1188 171 6601 13 553 357 346 1408 993 388 20 2862 2 31036 4 10892 -1 -1 0 0 0 0 5 3 3 4 4 3 1 2 2 1 0 0
"54c939f0ffd2cfd1" 28 191 287 8355 8356 13 6020 1624 15772 3298 3174 4 553 357 722 1121 1420 171 11 4176 13 2781 9531 66 999 10177 31037 23235 4 10893 -1 -1 0 0 0 0 8 7 8 6 7 6 2 3 4 3 0 0
"30edf8eadca9c551" 41 150 363 433 3933 1094 2284 171 31038 31039 4 553 357 28 7560 1004 2 31040 13 66 23 7957 2859 7921 4 553 1775 15972 15997 3572 2851 13 357 66 117 2720 16310 2 93 66 573 4 10894 -1 -1 0 0 0 0 6 2 4 4 5 5 1 2 1 2 0 0
"cab833f094c104b4" 22 66 1240 1680 1607 13 357 15332 1208 113 13 553 357 1990 357 712 1885 15332 26292 287 8355 8356 4 10895 -1 -1 0 0 0 0 7 6 7 6 6 8 3 2 4 3 0 0
"a36d9768f1b01c61" 36 66 3500 963 13 28 297 1378 150 3278 504 4 553 1622 76 61 1043 25 44 1604 10251 13 2 596 66 44 305 603 4824 13 87 61 87 171 161 2052 4 10896 -1 -1 0 0 0 0 8 7 7 6 6 6 2 2 3 2 0 0
"ddd7d0db44c4b36e" 27 31041 150 286 30006 13 87 61 1043 722 18 4 553 171 3358 61 31042 13 357 31043 373 4109 13 373 2902 1093 297 4 10897 -1 -1 0 0 0 0 9 8 7 8 7 7 2 2 4 3 0 0
"75fcfde2d977787d" 24 28 5779 361 5820 2700 5682 34 13 553 5324 15617 2 5623 171 31044 13 66 1837 5872 2340 31045 188 31046 4 10898 -1 -1 0 0 0 0 7 5 6 5 5 7 2 2 3 2 0 0
"6b45d9125c32ea50" 23 341 1599 981 19759 13 600 171 305 95 913 13 553 4667 1093 297 13 2 11445 6243 737 1043 2747 4 10899 -1 -1 0 0 0 0 7 5 6 6 6 5 2 2 3 2 0 0
"ac575d6a8c959dba" 27 449 1906 31047 13 31048 641 24980 3369 6167 13 553 308 113 35 31049 6927 31050 31051 13 2 596 66 6243 737 1043 2747 4 10900 -1 -1 0 0 0 0 5 4 5 5 6 6 3 4 2 4 0 0
"0dff8722362efb19" 37 4793 357 21657 8586 31052 13 553 188 14981 2578 1047 17149 13 2 66 19746 721 4 553 357 188 11589 150 11590 636 11591 13 2 66 347 36 330 1878 31053 93 1464 4 10901 -1 -1 0 0 0 0 8 7 6 8 6 6 5 4 4 5 0 0
"aa403e93a99351e6" 23 28 5779 361 5820 2700 5682 34 13 553 171 3358 388 353 327 31054 13 373 5042 2 31055 188 2340 4 10902 -1 -1 0 0 0 0 7 5 6 5 5 7 2 2 3 2 0 0
"90b24a6337ce306f" 31 66 1778 116 1773 13 28 588 87 386 297 31056 13 553 171 174 1342 386 297 359 217 13810 13811 13 357 2652 12524 1381 2 12298 31057 4 10903 -1 -1 0 0 0 0 9 8 8 8 6 6 1 1 3 3 0 0
"d6d6963cb4f0cfbf" 41 66 347 2062 362 31036 13 357 999 1990 1169 3100 13 553 13803 13804 13805 13621 13646 209 5090 13811 4546 13 34 193 2 5324 15617 2 11408 188 3261 2902 13 95 150 1599 4103 31058 31059 4 10904 -1 -1 0 0 0 0 9 8 7 7 7 6 2 2 3 3 0 0
"05c8ef38761be3c6" 21 4505 31060 2578 1047 17149 13 553 150 2062 31061 13 1109 1110 3253 125 13 36 134 3478 113 4 10905 -1 -1 0 0 0 0 2 3 6 5 2 2 1 4 2 2 0 0
"9d2da8a69f91c5db" 25 34 1868 31062 1122 327 4633 13 553 5583 5584 34 31063 17625 13 796 34 457 26 545 13 28 3032 10814 31064 4 10906 -1 -1 0 0 0 0 2 7 4 5 3 1 2 4 3 3 0 0
"2708bc303dada46b" 17 645 646 188 647 648 13 553 28 5779 361 5820 13 774 10 34 31065 4 10907 -1 -1 0 0 0 0 6 8 8 7 5 6 3 1 7 1 0 0
"4ce17c8c82dad237" 16 7784 7785 13 150 9929 7404 13 553 7786 7787 13 2696 7928 1157 3913 4 10908 -1 -1 0 0 0 0 3 5 6 4 3 3 2 3 2 2 0 0
"da0afd094814bf87" 25 2 6288 37 384 13 347 23280 1740 13 553 20 373 10236 10237 10238 13 2 66 411 1918 7780 20 24634 31066 4 10909 -1 -1 0 0 0 0 9 4 8 6 5 4 5 2 3 5 0 0
"988af9379c3bdcfe" 26 20 373 10236 10237 10238 13 102 31067 171 9723 13 553 6726 188 15777 8165 13 4566 34 521 361 13 367 2652 573 4 10910 -1 -1 0 0 0 0 9 7 8 9 4 5 8 3 9 2 0 0
"c13859de5f754c38" 25 16274 61 823 13 357 87 150 36 1016 6864 3186 13 553 2957 7928 1157 3913 13 1109 9999 20931 2 16508 796 4 10911 -1 -1 0 0 0 0 6 4 9 6 6 4 2 3 3 4 0 0
"8b55988d978782d9" 30 20 11850 13 1187 35 31068 13 93 31069 557 2209 13 553 1029 150 653 3388 3389 13 25 41 1109 113 31070 358 13 63 23198 5977 4 10912 -1 -1 0 0 0 0 3 2 4 6 3 2 3 4 3 3 0 0
"e51f6150f8ca0767" 19 14338 44 14339 353 188 31071 13 553 2957 7928 1157 3913 13 1109 31072 35 1110 31073 4 10913 -1 -1 0 0 0 0 4 4 7 5 4 3 3 2 5 2 0 0
"640ab352745c5489" 31 16274 61 823 13 548 87 331 1507 13 553 20 11850 13 1109 1110 11408 78 13 553 1029 150 653 3388 3389 13 1109 113 1110 2 14566 4 10914 -1 -1 0 0 0 0 6 5 7 6 4 3 2 3 4 3 0 0
"c2a334f38a2f0082" 40 2 1315 171 6285 6286 13 87 61 1712 6527 13 553 38 821 102 822 13 357 150 2652 193 3497 421 1890 367 20535 13 553 113 61 8845 8846 13 772 722 1577 188 200 8101 4 10915 -1 -1 0 0 0 0 7 4 6 5 7 4 2 2 5 6 0 0
"f71bde875c076bb5" 28 14338 44 14339 353 358 31074 102 31075 13 553 150 1109 305 13530 63 13531 13 1109 3302 16510 17411 621 2 1315 171 6285 6286 4 10916 -1 -1 0 0 0 0 5 4 8 6 5 3 1 2 6 5 0 0
"ff35e71e4b2b89ad" 26 2 1315 171 6285 6286 13 357 34 26 171 4404 13 553 13983 13 188 10422 457 61 415 13 34 26 515 1983 4 10917 -1 -1 0 0 0 0 6 7 5 7 4 4 2 1 8 4 0 0
"34bf66dd9fae936f" 29 38 821 102 822 13 87 61 4623 15627 13 553 15474 13 87 61 188 8373 13 357 504 2056 925 796 13 357 87 150 1507 4 10918 -1 -1 0 0 0 0 5 2 3 3 7 3 2 3 3 2 0 0
"2bc05c11a7a030e0" 26 113 61 8845 8846 13 1013 748 34 3004 1403 13 553 4346 11876 920 11920 13 357 34 457 31076 20 1510 606 150 4 10919 -1 -1 0 0 0 0 3 2 4 3 3 1 1 2 3 1 0 0