179
181
625
652
666
847
1064
1155
1185
1720
1894
2314
2383
2390
2710
2714
2957
2995
3334
3676
3685
3849
4453
4906
4998
5327
5396
5544
5606
5656
5848
5976
6120
6131
6139
6875
6931
6976
7314
7361
7478
7540
7724
7852
8319
8421
8516
8528
8895
8912
9145
9246
9260
9334
9434
9738
10002
10005
10439
10809
10812
11115
11218
11277
11363
11437
11660
11668
11858
11998
12122
174
703
1215
1600
1727
1967
2098
2111
3987
4542
5279
5992
6090
6538
6586
6651
6833
6909
7648
8149
8219
8245
8863
10537
10962
11683
48
61
94
129
143
154
156
172
219
234
263
311
314
323
342
347
383
473
505
513
529
592
615
617
621
660
669
686
725
749
860
898
929
970
1037
1065
1072
1078
1169
1178
1195
1199
1204
1268
1279
1357
1409
1508
1547
1585
1602
1789
1853
1864
1886
1981
2007
2059
2065
2124
2128
2177
2242
2285
2333
2377
2384
2388
2421
2480
2538
2575
2598
2599
2622
2681
2810
2830
2872
2915
2960
2969
2975
3047
3059
3084
3085
3086
3103
3116
3126
3148
3160
3198
3301
3350
3370
3404
3434
3481
3499
3507
3578
3647
3652
3660
3694
3701
3708
3819
3881
3921
3949
3967
3991
4085
4091
4097
4102
4119
4164
4165
4249
4257
4259
4284
4299
4302
4330
4385
4388
4393
4402
4417
4437
4445
4480
4487
4495
4525
4603
4657
4662
4695
4756
4803
4926
4930
5023
5074
5087
5164
5180
5225
5238
5265
5292
5330
5340
5345
5358
5385
5399
5410
5448
5483
5549
5577
5659
5693
5767
5870
5877
5931
5958
6001
6028
6039
6047
6076
6083
6166
6175
6195
6277
6313
6323
6338
6379
6477
6517
6582
6634
6666
6704
6715
6731
6745
6753
6769
6771
6779
6787
6839
6844
6891
6923
7072
7075
7170
7239
7275
7282
7291
7328
7387
7470
7472
7522
7570
7572
7608
7641
7665
7737
7743
7782
7788
7801
7809
7857
7859
7916
7930
7975
7989
8047
8068
8083
8133
8215
8233
8279
8286
8290
8313
8343
8361
8380
8430
8481
8495
8505
8570
8581
8634
8697
8746
8763
8788
8806
8815
8865
8891
8903
8954
8960
8988
9084
9105
9119
9122
9213
9257
9267
9284
9297
9309
9400
9428
9483
9526
9547
9560
9567
9592
9641
9804
9921
9988
9999
10047
10150
10187
10237
10252
10263
10329
10396
10400
10434
10451
10455
10509
10513
10545
10592
10632
10637
10648
10657
10673
10749
10824
10830
10841
10860
10863
10873
10899
10921
10929
10939
10957
11074
11197
11229
11260
11315
11374
11384
11426
11435
11504
11555
11573
11578
11623
11626
11640
11701
11704
11751
11859
11871
11889
11941
12021
12069
12110
12163
12169