64
288
416
744
837
934
941
1030
1397
1798
2089
2104
2134
2232
2710
2784
2952
2963
3201
3420
3544
3931
3934
4043
4059
4240
4581
4928
5072
5250
5352
5513
5763
6094
6279
6330
6473
6819
7867
7870
8217
8261
8469
8507
8795
8880
9241
9315
9652
10158
10261
10398
10608
10838
10913
11107
11113
11255
11372
11412
11642
1266
1420
1727
2496
2621
3237
4005
4224
4876
6928
7284
7531
8981
9803
10339
10819
10976
11279
11305
19
46
51
72
89
146
258
267
282
299
319
322
341
371
410
491
500
533
675
695
857
948
967
1020
1139
1169
1180
1216
1230
1234
1252
1283
1297
1305
1529
1553
1631
1830
1843
1848
1880
1883
1885
1892
1906
1961
1971
1979
1991
2040
2097
2117
2140
2144
2168
2180
2322
2329
2335
2379
2380
2381
2387
2437
2451
2471
2534
2560
2741
2852
3020
3026
3051
3053
3124
3127
3153
3205
3220
3401
3440
3478
3510
3599
3623
3664
3815
3856
3875
3929
3957
3970
3992
4045
4171
4216
4273
4275
4381
4443
4448
4466
4478
4484
4519
4522
4590
4647
4649
4655
4680
4692
4739
4745
4761
4798
4806
4878
4939
4983
5019
5070
5083
5130
5228
5273
5349
5374
5380
5402
5456
5489
5556
5559
5605
5645
5657
5970
5985
6040
6106
6125
6135
6156
6183
6198
6251
6325
6347
6478
6508
6543
6660
6666
6683
6708
6736
6748
6757
6762
6782
6807
6842
7084
7137
7160
7318
7362
7372
7474
7485
7510
7526
7544
7587
7617
7621
7638
7676
7731
7921
7942
7964
7974
8064
8079
8115
8180
8243
8270
8365
8368
8371
8437
8462
8488
8517
8520
8535
8631
8698
8700
8803
8812
8870
8872
8883
8909
8916
8920
9004
9109
9117
9142
9149
9348
9419
9432
9444
9544
9629
9667
9765
9811
9897
9991
10095
10101
10135
10136
10271
10274
10280
10323
10444
10523
10615
10710
10845
10851
10873
10894
10917
10925
10932
10956
11010
11076
11086
11148
11179
11217
11320
11325
11366
11399
11493
11506
11510
11543
11551
11618
11694
11703
11728
11731
11746
11758
11783
11872
11910
11947
11950
11955
11992
12015
12027
12144