11
128
170
345
738
753
823
867
1173
1196
1612
1708
1711
1841
1882
2116
2382
2386
2584
2715
2977
3082
3199
3210
4527
4694
4753
4892
5093
5440
5533
5613
5647
5863
5880
5953
5980
6112
6118
6176
6581
6694
6737
6916
6979
7176
7276
7287
7538
7653
7678
7689
8156
8225
8527
8805
8875
9264
9322
9668
9852
9894
10015
10058
10158
10431
10828
10864
10981
11420
12116
45
269
1609
2460
2489
2513
2796
2950
3228
3589
4840
5011
5053
5258
7741
8258
11302
12086
76
84
120
154
165
172
184
364
377
410
486
523
548
590
611
628
676
721
729
730
760
927
938
953
962
993
1011
1050
1125
1216
1265
1273
1304
1306
1416
1581
1598
1634
1717
1740
1835
1876
1912
1953
1976
1986
2011
2019
2023
2038
2092
2109
2117
2119
2195
2230
2299
2327
2342
2373
2405
2543
2548
2609
2657
2698
2951
2997
3015
3017
3041
3079
3152
3164
3321
3376
3401
3412
3500
3533
3622
3628
3658
3677
3726
3807
3826
3871
3882
3891
3937
3977
3981
4028
4031
4053
4092
4094
4111
4184
4194
4232
4235
4253
4268
4270
4292
4299
4390
4452
4457
4490
4503
4535
4578
4593
4602
4688
4693
4748
4757
4810
4814
4854
4866
4887
4899
4913
4921
4951
4975
4987
5037
5047
5062
5113
5161
5168
5217
5246
5373
5393
5415
5429
5541
5547
5555
5601
5696
5730
5741
5822
5836
5843
5867
5923
5947
6006
6020
6048
6064
6086
6097
6102
6144
6160
6188
6204
6281
6309
6333
6345
6383
6451
6482
6518
6535
6571
6585
6663
6666
6672
6720
6772
6815
6848
6871
6880
6894
6914
6941
6978
6989
7014
7072
7159
7235
7255
7303
7324
7334
7351
7355
7428
7432
7581
7615
7646
7662
7697
7772
7873
7918
7924
7925
7936
7962
7977
8030
8072
8114
8132
8232
8276
8282
8359
8366
8373
8377
8385
8397
8500
8509
8512
8542
8552
8597
8626
8643
8691
8741
8750
8762
8792
8898
8904
8943
8986
9017
9025
9102
9120
9153
9162
9239
9253
9301
9326
9383
9423
9487
9525
9591
9598
9646
9658
9678
9721
9751
9764
9801
9843
9846
9859
9885
9917
9932
9939
9960
9984
9990
10023
10024
10029
10031
10045
10050
10096
10124
10144
10164
10245
10277
10284
10289
10337
10400
10456
10479
10519
10521
10522
10607
10624
10653
10655
10668
10699
10813
10834
10873
10911
10969
11073
11124
11132
11184
11192
11211
11258
11263
11272
11278
11284
11303
11360
11365
11381
11530
11553
11570
11575
11612
11621
11640
11665
11690
11743
11765
11779
11854
11861
11874
11929
12001
12018
12126
12140
12150
12159