"50982ead6c8666ef" 63893 137892 15883
"fc8cce2c58ed869c" 85544 62810
"83aaef23a4e5299f" 53390 18930 92135
"bd284efd3ba35ce5" 18930 36772
"c54579d5087d7fcb" 169495 51204
"88086d134430d860" 83008 178139
"f1ad0fc27fb83a69" 54 164838 149378
"12617444f00e254f" 53390 70309 47097
"1a29a89da9c7398a" 11361 47097 48234
"eba12abe6645fd9b" 37884 157694 28723
"ee00bf1ae5a1e47f" 164852 67357
"c39cfdf88666e91b" 157681 6738
"36f21aa6741aece8" 48462 31777 70703
"1d27cc22fe01afeb" 107354 104848 84814
"662c4939c252d322" 131778 20843 180316
"0ad14f2f00edc972" 104837 113970
"4035304429acbe98" 179488 157686 170013
"ffab9cd3ec4acd16" 19532 27270 67772
"c9f554ad9600306c" 14604 142089 113970
"9a281a4b357ff7e0" 77478 48462
"9db16daed35ebed8" 101856 77478 69442
"72b2184dc25146b9" 157686 67772
"e2bf119b1812cc5b" 28723 48234
"1af5daa038b7aeee" 62810 107354 180316
"0e8640fc8f664a89" 131778 67357 19532
"5e0facab4d231d7c" 164852 169495 170013
"ae795ced16070a13" 70309 20843 104837
"73481ac7a9a81dc6" 37884 157694
"d833c6b7f9ac7520" 164838 18930
"25bd4d134430d860" 83008 70309
"e4a3745ae6401561" 104848 70703 6738
"091526f06e75ef0e" 31777 69442 137892
"43d49b9574e1077f" 63893 157686
"cafe6550381fbca8" 27270 157681
"9dc80ac7b16fa7e7" 84814 77478 36772
"2c1c6b61168376a2" 142089 101856 85544
"7a7fb79fa63a4967" 51204 149378 179488
"6f66f8e6bf292670" 14604 131778 92135
"eb473a19c818b27f" 53390 54 47097
"2ec46d50db3e307c" 11361 113970 27270
"005443c66cf94122" 48462 67357
"7f124c8b9a42f4ec" 67772 157694
"fc61c634769c2527" 84814 164838 62810
"2f829799210f4ba7" 149378 20843
"5d73016731616961" 164852 107354 164838
"212543c66cf94122" 48462 70703
"c751ba1a592e27ba" 28723 67772 37884
"af5421bee2be8ada" 98425 179884 175636
"5f791def0a3b1306" 2477 96102 145097
"0037b24ea294eeed" 102262 93973
"6faddcbd16c04917" 42483 38487 137239
"f607c93be7d800d2" 9291 13124 29743
"139e5a232ce4df49" 68725 95615 22136
"5da15650edfc3c33" 67341 18029 178734
"34466b4b34ce3901" 174597 97971 39126
"452b398175b3ddf6" 121706 59082 188879
"530f0129d9618c3a" 151871 150771 46398
"7166a924cafd95c6" 48818 55511 1825
"887c8062681413b7" 88087 19958 98322
"ab5e7164204c84c5" 149872 156914 86583
"a3b106e27af1c606" 63698 184555 108320
"f6612304faf68443" 27999 178798 32345
"459b3d79c86ee2c5" 98166 178734 188879
"ae81d90ca38768ce" 55511 63698
"92b2fd3f0befc2fa" 2477 97971
"225b72d744930221" 108320 93973
"0393e936f78a337f" 68725 27999 88087
"f304ae92ad4b4c91" 64035 9291
"d6a73a6d5d91f468" 22136 19958 178798
"d95d0a9151651225" 174597 96102 32345
"b59a6172798be4ba" 121706 86583 67341
"08e706d8d1327f20" 137239 156914 46398
"e9e0e065829d7259" 13124 39126 10387
"fec2800695a0a305" 6633 18029
"616ea94851504c64" 151871 188879 150771
"02904813726d8f2b" 48818 98166 38487
"7dc5104c2d8d0865" 162445 149872 145097
"9cfcc8a024c79550" 98425 102262 1825
"a5c01c8f14890a3d" 175636 98322 42483
"40a660619a24b806" 93973 184555 29743
"875b1aac8c49945a" 59082 178734 95615
"c0373985904c3f4f" 88087 13124 108320
"081c4b9bfb1aa1d5" 151871 156914 39126
"bf8b17ac3ac71b17" 86583 175636 27999
"d68c3251dc76da58" 97971 63698 188879
"e7948afe351e4b10" 64035 137239 29743
"b6b6b924cafd95c6" 48818 55511 68725
"c3548c5c53767db3" 93973 108320 102262
"b1c316750fe2703d" 162445 151871 59082
"838903268ba42ca9" 6633 96102 149872
"043e8f3356f09d30" 98322 98166 88087
"fdd0d6adf21d4fe1" 95615 1825 63698
"20d14a6c568fe0fb" 38487 13124 39126
"0806d53511fb1c5a" 90251 157508
"ca3fed85a67d3ad5" 137372 186813 114446
"17d5d1cedd98768b" 139258 46579 14471
"5b2fb4923da88971" 133659 181587 127906
"3654461ffdd82f82" 288 74363 6779
"bd5964e82f1944c3" 126473 41401
"7fa8084f0695ff63" 125698 115091 84645
"f54f158c9c73749b" 175669 97025
"c32391e5b5d85959" 44048 69631
"a60b3aecbd321121" 118409 144840
"c2f1d78686b227a6" 66136 145735
"52ff20bab5d96d48" 2801 108470 103941
"3fcb6801bc9755a9" 64962 169004
"d2a2ddd95819bc43" 24364 135300
"55f353c91ca52613" 36799 129356 127257
"f49548dfce8a207c" 29155 124800 22955
"37a398debc5f4e41" 88450 144300 80924
"2dd781b3664e85a8" 143328 103941
"732e86e8efdd87d7" 53866 78568
"e50694f5a19685d3" 7144 10793
"2a1fa86af7af1567" 118421 129892
"6232c41c595acdb8" 44131 134658 7144
"7cd4d535d893a6e6" 40622 42630 2002
"33c28a7e0c3cc78c" 34915 116479
"bdf24f3f6746acb2" 184569 39305
"bdecf008987b4e5e" 75425 29554 116479
"4e50ba4915046bef" 160923 25560
"aaad5e5add9bc618" 15755 26734
"bb0fc302329f7a29" 78568 186497 14589
"64a822b51fee3359" 58892 4592 129377
"2648544c24d4b48d" 156797 157532
"24a8e60d5917123b" 3075 85486
"f797990afe8043fc" 129982 118421 80247
"cab8692d06faf59a" 79752 42219 71276
"43182060fac83f87" 43694 3114 21739
"68e665fecc813cb5" 147835 169404 92030
"7e52ac9e9a4684c4" 39305 10793 25560
"130799ae48b46357" 16832 40622 127570
"0e8d1f7537a7bf01" 93322 156797 187748
"93e9f9f58121ce34" 34915 3075 43694
"6aca91e984fa00b8" 44131 29554
"395ed3f1b4f66271" 186497 179033
"638b3a1c9aef89d3" 15755 3114 79752
"980236a2da85981c" 129377 80247 71276
"5d50d0add662ad46" 85486 2002
"aa9961a60bfbf78b" 129892 118421 58892
"06b8eef51ae05960" 40622 16832 184569
"1c874b45cef9ff59" 116479 75425
"011f100647d442c6" 169404 174757 93322
"4f4792b137b0e44f" 92030 75425
"44e4d60d5917123b" 3075 4592
"7c26a8e9b94d220a" 147835 127570 75425
"d1c33e11c7c48e4d" 21739 26734 160923
"eb86ccbee45e933a" 157532 42630 42219
"89eb94f5a19685d3" 7144 34915
"45b5b54a53ee19c0" 129892 21739 25560
"c552ff55dc0100bc" 43694 44131 85486
"b943bd6fbf506218" 129982 71276 78568
"b43ef79683802b21" 10793 39305
"0f9d9888dace524f" 14589 53866
"087014bc387dd8a2" 187748 116479
"a9a63e9e0a5fb5a5" 18263 134658
"9bd5643fa8c5e83f" 186497 29554 14589
"2761e1e4a2b24f83" 3114 34915
"8341acc453c07ef3" 187748 156797 2002
"447cace51e3944c7" 131367 51648 7292
"7714306cab5bb1f9" 55586 23760
"501418c8ce0eb78a" 42778 23475 113979
"faf413bdccaa1015" 107730 18200
"46cad35eb15aafcc" 43739 65434 172342
"ee7daf33cde43a6a" 4552 126297
"fd35c14721c718d2" 112460 30870
"5fa0efe1cef51c45" 91467 140281
"8ff2df366a22310a" 4304 158424 150503
"ab1d3a1b976b640a" 46739 55318 166088
"c0566c4041abba61" 11442 8650 80127
"1c4e932a35e7b02e" 111640 137289 159019
"d095cd7d3c37e375" 35520 50519 175961
"c0295a47b1d51cee" 77727 100300
"721283aa87b3a7af" 129989 111481
"eaee65d2972c6635" 10479 51038
"c3a3107e7ea7fb88" 52205 172166
"6b381131821867ab" 46871 175754 78012
"416fc7ca2cc72b73" 114001 186698
"f57dc108a46746d4" 166088 8650
"9dcb8c34ccaa8c21" 172342 78012 100574
"3655c0244720d933" 137289 8650 131367
"0d713da9f615e10e" 55318 129989
"a4f6378ebfda9230" 50519 11442
"d4d19ac8f86114e8" 107730 7292 30870
"5a222966066ff00c" 43739 175961
"bb2807f077fe3723" 113979 140281 65434
"f2d4007e7ea7fb88" 52205 111481
"3814f422a21fd133" 51038 23760
"5447d9b25712da72" 172166 175754
"af0f2058f80f2ed7" 126297 4552
"a65f7e64f962273a" 42778 159019
"e8de0ad8b99c2b17" 23475 186698
"174635d76568dda6" 111640 100300
"5c4b72d99d3af359" 51648 46871 114001
"fbe45505b66d2d49" 18200 46739 150503
"c9ed75d2972c6635" 10479 112460
"67ba6a47b1d51cee" 77727 172342
"9798406cab5bb1f9" 55586 107730
"54d6067ffe713db4" 78012 23760 4304
"2cf5d8857fd25e27" 131367 65434
"08a17d5e8e04ecd4" 100574 11442 77727
"6b8645b469846eff" 113979 175754
"da6a73aa87b3a7af" 129989 80127
"c721453ac5946c04" 175961 186698
"f07b811969d299c7" 151347 91467
"774b1bcf798b7f98" 35520 137289 140281
"4d782bf158d0399f" 180342 181993
"b7ea0697d0acceb8" 94760 132870
"bc766d32a1194bf1" 42848 20880 172370
"0689ab79a3a7b6a0" 85276 36231
"5775d03cdfd257e4" 115590 73135 110995
"d4c6d03630e31527" 53882 6976 95930
"b00e29f5391f4178" 180777 3014 163363
"64e6ddcd3644cbb5" 82774 180333 33006
"468fd8acae92cb58" 98873 168402
"45e7f6ce097081ca" 113088 89639
"c64dfb7df1e43005" 68370 6443 30930
"1554bdee1dc9155d" 106834 172941 75261
"d9498814cce7d56e" 97337 13752 140379
"90449b55d483bcb2" 18279 159510 66083
"c5ba84aa6cdb0c48" 82257 174223 160151
"e569b82b8f4bac0d" 111905 118788
"02dd618526e5ede5" 2115 16780
"daca49f526fbd4bb" 45015 94760 180333
"4578057c65325b85" 42848 36231 20880
"9729a5809e58ba18" 25890 168402
"049f97a4496e007b" 180342 73135 33006
"a773732783271cb6" 180777 13752
"8915e3a6b16df775" 45016 98873 68370
"edac8744208d6e2d" 115590 163363
"6348bbf2ef3862f2" 82774 6976 18279
"f6b888a2eb754fe7" 110995 3014 172941
"f1cf85906c36276b" 181993 172370 140379
"5704a39add965d51" 53882 97337 75261
"84bda5b2acc1f820" 89639 30930 159510
"3918bb79a3a7b6a0" 85276 95930
"f71cf6ce097081ca" 113088 106834
"f73c730373912ec9" 6443 66083
"1f73c82b8f4bac0d" 111905 160151
"a239f7456bfdd544" 82257 180832
"da5d485ced1410b2" 125052 53882 82774
"a6c68b96e68c3546" 45015 172370
"b66d945645c04ac4" 16780 181993 111905
"c045e2fe862d431b" 42848 106834 97337
"23173053fb34704a" 45016 68370 18279
"fd37afe6c6f28eaf" 115590 132870 30930
"4b663f0839279147" 180333 98873 82257
"e4f9e6a7147d1b45" 94760 3014 174223
"e457a602e78113cf" 2115 73135 89639
"521ca5b92ce7c864" 163363 33006 6443
"5fdffce26ef06d27" 85276 75261 160151
"445e7f4637c3323e" 180777 168402 113088
"b0c7677b084d6889" 25890 6976 20880
"55a838b49fe008a9" 192894 47618
"2b80c4ed9d75b955" 62985 44176
"4dd34781aef4acc5" 84267 134264
"a5be1cd95010cb19" 78782 54888 23259
"4fbcd73456190582" 142685 62425 30465
"37ea407dbb28b952" 108147 45743 24732
"3c3ae9864fc97a14" 29984 154190 138340
"07a0871b09d9f849" 75870 129213
"41c771721754f65a" 107894 171269 11748
"47c7afb154b0c432" 152991 132148
"eba9a3019e4ca13c" 44199 107798
"e2f26a3002863455" 69665 2516
"32ab011fd844a37d" 177389 17918 6143
"810c12e8df5fc0e8" 84556 2495 131504
"de7d09400369c468" 132618 24958
"83fef8c4ab7532bd" 47833 147590
"dba38305a920fc5f" 134332 19652
"aab7562664365d0b" 187856 189101
"139c5d23fb569928" 192646 193398
"a4d64a6dcf5fef90" 192354 193311 195196
"fbb8b409c7eff753" 189987 193069 194002
"b924a669f6254712" 194787 198375
"6163039b4e0eb32c" 199298 202121 200006
"f6498cfddf34c47d" 197038 198060
"f66bd387c25c99a2" 192804 197934
"f213d30d3368f06a" 194642 199448
"155bfa9d1de4a63f" 197708 197839 198937
"5553e86e80e0de7d" 193767 197741
"dbf883c860b37c12" 191470 199610
"a6743b66b8f87207" 196589 199092
"160bf00a5f82a09a" 197406 203386 203800
"b8c16fd1dd676744" 145116 198518 201992
"40860f7835847eed" 198188 201563
"26162adf1deb852f" 192713 203136
"8540b4a8302e34fe" 198979 203716
"c5158bf031beb526" 199552 203375
"fdf48c817d1ec63c" 210863 211151
"669d3ecae71582d7" 212019 212642
"017d3f72316f5d79" 205955 212028
"c66b86a48321cc56" 208029 210943 214219
"e65fb81bfbdebdc1" 212605 214632
"390d072827e8c01d" 211240 216606
"d9822d85e2311346" 211610 213726
"8a6541f7d6338e56" 206149 214230 218996
"4d2fcc49a1507710" 206146 212116 218357
"cc84b8d46e6bffcb" 208116 211890 213349
"d239f913e60546e5" 214099 214729
"033e125acccacf00" 206012 206945 216606
"6eb58c817d1ec63c" 210863 214230
"d4e9a6676963d5e8" 208029 212028 214099
"9a351d6439415418" 210066 210943 214219
"dd8c072827e8c01d" 211240 214632
"74bc97cf83200448" 205955 212642 214729
"c5b6beb5d1e4f678" 211890 213349
"cbe809fbf1c82c3c" 206012 211151 212116
"c473215fb69d89c6" 206149 216606
"bf30c81bfbdebdc1" 212605 218357
"98a292d1c9bc87f7" 206132 208029 212019
"3c8454ddc009c512" 206146 211890 213726
"d551e5645d0b6337" 205955 210066 210863
"80ace6d169cc88a5" 211240 212028 214219
"11dc125acccacf00" 206012 206945 210943
"e4d0a0e94dd97cdd" 208116 212605
"f44c841cda92f98e" 206149 212116 218357
"d882ee9b4d17e005" 205955 208116 213349
"a7dae001702e8fb2" 210863 212019 214099
"72c22d85e2311346" 211610 214632
"3673d0c30e12bb66" 206945 214729
"44c71de8972f8588" 212028 214219
"0141c2dd4a346be3" 210943 211240 214632
"c21a179a0ff45a5e" 206149 213349 218357
"ac0909fbf1c82c3c" 206012 211151 212642
"a83231212f024f60" 208029 210066 211890
"cff318b3b9b285f4" 211240 212019 218996
"42dfb81bfbdebdc1" 212605 216606
"69bb53572c324fb7" 206132 210863 214230
"96246b47e27e776d" 205955 211610 214099
"7c75170824b59edb" 208116 212028 213726
"a67d072827e8c01d" 211240 218357
"524b841cda92f98e" 206149 212116 214219