"5b8f72e9588b16de" 102 40090
"3f04d7afff0dbc01" 101387 143927
"fcc74ecadd389199" 106850 187624
"8f3632a8892f95c5" 144020 102678 65245
"a0c6a84cc32ad699" 136765 104508 138096
"341e661383092cc0" 179877 71221
"2f1f1fbaacb0d282" 47345 164838 168034
"920c2edcfb0d9685" 103801 69463
"67dcfddb0c05f9cb" 137466 17623
"658e1dde93fb7d0d" 118312 107727 37858
"87246d26520d7a16" 46294 16557
"c5d0d9dfe97b7d19" 72093 144822
"5ec11f96c7e5cd4e" 64450 101918
"ac321716b285460f" 19070 36471
"72077058308b9f81" 186773 10985
"0167d12bc84378d2" 43461 45666
"e208cc55c2d81210" 137727 145166
"483de8d17481f8df" 123723 67208
"964a357938184dc3" 17164 147552
"e7967fae68c8b612" 174586 148447
"c7d1c7e53aa94ff3" 81590 123729
"d0150a53e93aa7cb" 137466 176923 169499
"834f9021aacf2712" 187624 46294 10985
"41cb4eaf6b9c26ed" 169499 67208
"3b8a25e096afd67a" 36471 65245 168034
"8d9e4d8d3ad6fad2" 16557 45666
"af39e6d7f720344c" 137466 43461 164838
"866048ab689cd2c4" 103801 179877 72093
"26375aebe4507200" 69463 123723 169499
"a34fec4d1a65539f" 148447 47345 136765
"eb4e1ecadd389199" 106850 17623
"7c0db2e77346a931" 37858 147552
"731560e74892b24d" 71221 123729 144020
"41d2cb7dd25a2c64" 102 81590 143927
"73aa1f96c7e5cd4e" 64450 138096
"2744d7afff0dbc01" 101387 144822
"83a6c7c7461ee2b2" 137727 145166 168034
"a52a5810d34a9da8" 148453 17164
"5941a5c524756bae" 40090 46294
"f8479e8e4fb800ba" 104508 102678
"83fe9058308b9f81" 186773 174586
"5b1a8d418e437ed7" 118312 101918 19070
"e6d21edb0c05f9cb" 137466 107727
"2f7278d7426c3980" 144020 187624 16557
"bd323fe377ddd140" 65245 36471 37858
"3b730fbf950aaad3" 69463 176923
"394bb470ed791b07" 147552 71221 103801
"45f567bd44053ec7" 127829 187222
"bc20976722056439" 38930 156165 9375
"2e372e591088cde3" 34301 17244
"65970e30f6eb1601" 28956 39549
"2eb3a3412f5ef170" 167244 131737
"cb933a6f15212500" 184035 166012 135500
"7798fc73f0702a45" 34227 54067
"ac651a980182288b" 20718 160199
"2d7787dc0320ceb5" 50476 176169
"3387dd0ae618e5e2" 173178 64020
"10976c98f4b773a5" 68731 92309
"6f617e29821509c4" 21226 49447
"8eb860e248a3786c" 58342 8907 128314
"6f9931379eefe623" 122485 68156 67172
"5a959e6b89c59d3d" 31584 179288
"b9b63b9ceaa156ba" 37248 59054
"518fad79d203322e" 87600 158264
"d4f16da7b16048c6" 22935 108831 120066
"21c5aa903daf589d" 141836 32009
"29f0f5bdcf96a1b8" 66025 90384
"b1f74bb5e5f650a1" 169218 57348 13004
"6015d3c76199bbff" 90392 158561
"3bff93e29d442a62" 103006 3072
"6b6a6fec9a860d90" 19548 87453
"6bf1bcce65212d80" 174793 148114 10450
"1b9b610a563479cc" 76443 136907 185606
"b5b068de3f244707" 119217 134577
"0ee15d3d9f89efd0" 46750 42485 182552
"214d3e2d1d1e7038" 103192 129103 165806
"20b0e1f955b4f738" 169220 20321
"004f046aeba2d2de" 111083 1401 56623
"6af904706141dce6" 159353 86585 50775
"a8c276399a0bb118" 30854 159439
"c33175295b067ffd" 55295 107548
"af12276c766f4fc7" 63886 148695
"b7bcee0367641123" 178935 63451 180804
"7fb7b9301e4cba58" 48777 76443 46750
"d9199e83d666f11a" 10450 185606
"67b8bf5e71e9f70e" 107548 87453
"1c75b9c4d1ab7fcf" 19548 90392 169220
"c980962998f79a63" 56623 141836
"0ca01bd3ab0ac6fa" 103006 103192 119217
"d911cd0b119e857f" 169218 63886 13004
"c8ba10f50779d7e3" 136907 90384
"5ff90bf4312aab9a" 48777 62803
"1175add9b2b39b09" 159439 158561
"3f8514b77ff3c455" 1401 42485 182552
"d49fe18f6d1c41c7" 50775 57348 20321
"b0859a38d1d69a9c" 71283 114502 174793
"ea57b1d6126417d7" 111083 148114
"0845cfef5f5906ba" 66025 32009 134577
"25810f3c405b3457" 55295 93716 165806
"2188bf5e71e9f70e" 107548 86585
"34bd0e4275898896" 178935 159353 30854
"24260561ec705253" 185606 169220 129103
"9f831081925535d8" 180804 90392
"d3925870d52ae0b0" 76443 63886 111083
"344e7bc936cc2e89" 182552 46750
"f004a3e29d442a62" 103006 19548
"f1c1fed53a6e9101" 56623 134577 148114
"e43700f50779d7e3" 136907 10450
"c2b2bf5e71e9f70e" 107548 62803
"ccc9156bc2f8c11d" 87453 158561 119217
"41c2b6c1ad859de5" 174793 159439 148695
"5b05fb0c4c34f88b" 103192 90384
"11ef3a5e6125f388" 85789 134891
"cfa78542b687ca76" 45521 119730
"b2e4e30e376cf6c7" 100833 133649
"44fe4a9ea1795645" 178928 103335
"1fbc4850d6410721" 15803 92997
"8ced274100c78a78" 186679 57808
"e2df06c6cfc33561" 89785 77605 16035
"1de71637f0fb65dd" 22921 144687
"97222af348e5fdd5" 16391 95821 138600
"5d29cf62a62fbf83" 183170 29459 96899
"97c52c99d5f8e9d5" 124784 106076
"8fad8377f5f7c2f1" 60387 10222 9278
"5099391dea954dce" 55557 7959
"732a2475f92fc779" 30872 174866
"fdb82d31e0792c34" 9278 29459 158065
"f0661a41303ad8ca" 129114 124188 28784
"57aecc8ef1844a4b" 57159 162477
"cd7bc680a0960417" 18526 138768 187445
"94f338e260270382" 123437 160851
"67e1c08477e4f82a" 155404 20077
"a87ee54a7d90665d" 82146 171970 187445
"4e62ff8acc4faa4a" 16035 28784
"0ed6f537f0fb65dd" 22921 9278
"542ee4e82ad321a9" 96899 158065
"44abe395a7382480" 174866 95821 124784
"3fdc2d0fb3c8e8e3" 138600 9278
"5e3d8cb895afde34" 183170 18526
"840799f2bed28b16" 9278 187445
"bf4e64835e69e33a" 103335 160851
"a696be7924f0b637" 28784 95821
"60182fbd1ec5fb03" 144687 18526 124784
"9515d7fb1394a1ab" 138768 124188
"baf4e11047bc2518" 100833 124188 20077
"53ebac8ef1844a4b" 57159 20077
"57cf301f7dded8b0" 171970 95821 158065
"2d08c1a5dad9a238" 56410 160851
"7728bc122dd9dbbf" 92997 124188 187445
"b3bf688c2c83aaab" 29459 7959
"b96c117c59f63c6d" 106076 183170
"a0aa3a9ea1795645" 178928 20077
"05144fa1d3b4ca2a" 57808 160851
"9f3254c4334d2853" 162477 96899
"87b62475f92fc779" 30872 160851
"2b761637f0fb65dd" 22921 138768
"08a6194fb712a10c" 29459 187445 15803
"a6a43d859c929d24" 16391 82146
"eb2f4e18d45297fc" 85789
"84735e18d45297fc" 103335
"d223d0a1f146e879" 175619 80857
"8e587bb3f9888ef7" 42262 96600 140321
"4d5fa39bbb892afd" 46830 90833
"25b56c4452dab7a0" 91229 6821 168963
"35d751c9f66b2a6f" 1958 130400 138260
"03e15a2393155ce8" 128850 148761
"a5e5b4f43f1f2111" 176243 133322 180836
"8c469cc1a8b2d7c7" 101126 61735 65614
"7c20b60f343d1663" 130632 62898
"d74d81323bb3e584" 22666 164845 145489
"5ab112d82b856bbd" 149962 43159 61719
"75cc29b3b6196ca5" 40618 18383 153105
"5ffc33e609652e09" 118462 137775 164763
"89ac95904fe7bbdf" 124809 141633 122961
"a32e5543cd5a75bd" 28360 17670 56731
"8f47a2cc548424fb" 61892 167478 130701
"08334e18d45297fc" 36831
"13566a83192bd61e" 65614 65614
"48db5412c29eb32a" 15667 120256
"8cc32689a87e9890" 125588 32191 153304
"7b0673c1a5d7e0be" 155966 85288 118520
"da2ab8dadecb9b22" 175949 70798 1497
"c403fb118c631cea" 166922 106942 160451
"b0a675431e69bb08" 180394 178286 175090
"414910491e1e7aac" 132856 133647
"5c0dacb39ec78f89" 158775 51953 51888
"bfb57de86581b1c3" 175051 115397 178286
"f64ff8ef86079c73" 86660 73679 47679
"a8ab80f8f2b68690" 75340 124279 31178
"73d62281d5a91973" 84285 147129 48132
"f371e5f12fc3bf8e" 32228 155155 157755
"a9096f726f446529" 92813 88790 82654
"cbb727a356172897" 145831 7444
"d365d282567c716a" 166103 22598 181751
"2fe356e8205aa273" 83070 7444 181751
"525c94f092be3443" 10820 107844
"2a2f87b768f9f21e" 45592 157635 106842
"114322fb05c46053" 44560 37676 128892
"62bc1b8512ce4759" 13735 172158
"e6e0874402a4244b" 70565 45664
"6e363d9648cc5459" 32220 12109
"af7fe7cce58a31ab" 56544 162899 124250
"1e5d3833652e50c0" 29685 57236 13655
"d1376fbb8bb1d321" 115069 154903
"9a1f92a46485b5b7" 181453 179347
"fb451be5386c34e4" 10867 121175 45664
"b9cca7429a7df53b" 56193 175106 35215
"94bae181c1b0b056" 183128 20580
"125993055c1adcca" 7887 87013 13136
"7b0c1747169455c3" 55304 91328 119270
"9261bf295731836b" 112936 70580
"aa02a7a5cd41d04c" 168883 78950
"934f9fe3c124d2d4" 98736 86236
"3ebb2f3d31b7dd2d" 56680 21038
"2e99be37d253cbd1" 153833 49248
"21a4847df9f1412c" 162868 10820 56193
"06703490d52c4864" 13580 121175
"87634dbf1a6d29ac" 55304 175106 181453
"9ccf22a666213bf9" 37676 70565 162899
"42f9a059ad4714ce" 106842 112936 153833
"05a99446a850ed16" 107844 13735 56680
"49f197a5cd41d04c" 168883 13136
"1858497ca298cecf" 10867 115069
"77d1d43edd8de8b4" 57236 175106 45664
"d17c6ab31ca7da9e" 128892 13655 12109
"58f117c84b3c6d8f" 45592 56544
"e379bce07bee1297" 29685 183128 91328
"295faee74f48051b" 157635 172158
"b52150292ef39507" 124250 86236
"dd8bddbee57d41a7" 87013 35215
"e9d7230476766f5b" 78950 55304 154903
"7a11bee74f48051b" 157635 179347
"7ab34526d1d91048" 107844 20580 119270
"86b1653de8352042" 13580 168883 32220
"64d201080dda4ca9" 29685 112936
"5b50edb9b8bcb525" 45664 56680
"6251fa40aa8ae0b4" 44560 153833
"58b33f882875813a" 37676 32220
"848cf84b1666276d" 121175 98736
"f1b18dc3bbefee7f" 57236 21038
"03a049f81adbcba8" 162868 10867 128892
"1ffcda40aa8ae0b4" 44560 70580
"c77e734bf0ccf129" 161625 140798 89612
"0e6f97a6da683bf4" 181442 26776 125005
"fc1e6ca397256b32" 16732 188342
"59be104ef7185257" 10743 117086 145655
"cd14401f4eeec9b8" 187277 177414
"b44b3fdc39feb1fa" 105129 37897
"5cefce9ca3032c6b" 176971 41417
"ae098f50662f64ab" 69792 36701
"490a5fe8998fa2bb" 34584 19695
"b457d34b016cffbd" 69842 61620
"7de5e2a097ed4386" 181298 30252 47568
"3711cc1b0f44901f" 172944 132188 6126
"e5b6ba7d5fcc1de1" 45432 2515 177382
"b9ddf60945e134a6" 58595 115961 187282
"57e75999fb0154a1" 10858 187876 143390
"8be71b654d5e06a1" 174193 17138 21260
"71c9b5b2dfb7bcbf" 152067 217539
"5c78515cf017a6f8" 187852 6140
"ba808fe8998fa2bb" 34584 177414
"400fe1aa70138bde" 161625 124354 69792
"2a097a27e08525b9" 145655 6917 41417
"6e057f6e709eb8e2" 188342 132188 176971
"6ba04f20ecf7a793" 140798 19695 16732
"c0940d5171e5b131" 181442 105129 16732
"60ebc16147d5317d" 89612 10743 177414
"a2786363c98b38d7" 26776 117086 217539
"fd02201f4eeec9b8" 187277 37897
"c00cd2a097ed4386" 181298 30252 6917
"b9efda7af8aa07cc" 61620 45432 177382
"5d637c9e77363c15" 10858 187852 188342
"9bd66685b9b6140c" 143390 47568 187282
"7d55250bdb8fafc9" 124354 123883 125005
"797425f1a6160b48" 6140 140798 21260
"080be27a1f4213bb" 6126 36701 69792
"7195a1a494d505ea" 172944 34584 177414
"829e3760d5b63654" 10743 187282 177382
"2bb2b4f19ed85838" 132188 69842 152067
"20fd9c3add47e7ed" 176971 6126 69792
"b2cf71636c6f42a9" 115961 61620 36701
"2b10170edd2a7722" 174193 26776 34584
"3463dd8902b5d93e" 17138 89612
"c0cc68ba45d31a12" 188342 10743 69842
"b3cf915b889bd097" 41417 161625
"4f14d9652d94d41d" 6917 21260 181442
"feea4fc611f4ad23" 145655 181298 187277
"79340f02c76464b0" 105129 177414 19695
"6fd4c7fdf1950790" 40138 2515 16732
"87e4352859fe81a0" 45432 187876 58595
"809637e46dcf0056" 189854 191253
"8f30d0ea0bfc7502" 189570 193393
"48d2a13154db0f35" 190833 195022 196780
"d7b37cb44920c9f1" 197874 198982
"280e3139a9ba6ce4" 189859 192270
"79a13af4406bacc7" 198338 199629 200979
"49584ea14cd549d7" 191887 195108
"dec266ad23e836af" 197295 198365
"4ddc857817c661f4" 201687 192188
"7a1f80650c833695" 195729 196911 201346
"a383318a30e3e93b" 193326 198135
"995976d5ebedc660" 195749 205963
"b09ea51451558a5f" 194355 198226 206445
"f542de9005c764d7" 191841 193221
"e50ec76cc2738e95" 199957 204192
"d54937e46dcf0056" 189854 202346
"85821855e5bad9b0" 189859 190833 204663
"4489be13e677af61" 189837 199022
"71b5fdeed836c162" 205589 195161
"e50ab9b5823e7358" 190768 204672 200293
"4f912ff4131f9813" 203951 205284
"18a1837eb9ab5356" 206715 191253
"1774ff4cea4f4243" 200979 189773
"cf374d2da88010f0" 196911 198135 191841
"ff90af11d28ebb67" 195108 204672 197874
"a5f307b4d5041d32" 205589 205963 200293
"386b5c36ea1a6a5a" 199629 206445
"faad9250482551f2" 193393 195022 201687
"6331d0ea0bfc7502" 189570 197295
"347786a751a8c8c0" 189943 205963
"99b889faa2b56ed6" 204663 191841
"8555318a30e3e93b" 193326 205589
"79a39fd1ac2c3555" 195729 201346 206715
"be7776d5ebedc660" 195749 198365
"a59b9e60ae7e6668" 193221 196780
"4828d4e5a554f5c9" 198226 206445
"706cadadc6c20dcd" 191140 198982