"923491370611d966" 122778 48234
"90c76a65303b02ab" 4133 11643
"67ed8d39b0971a43" 39486 183395
"33cb6d7a92917086" 100539 181394 104845
"a55dbafe40230832" 131143 30866
"295bcbd3940db07c" 27977 91537 121723
"be3f37ba094aecd4" 155133 39486 46839
"64c7c0cfd8618ff4" 11643 32474
"660121dbbc207643" 91624 104497
"97d6dfb99d2bdab5" 183395 37957
"01eb5f5046dbf9b4" 11018 134258 92515
"ce295459a6a6e9ea" 104845 39486 105448
"15e1b1924a6a6f65" 78337 2199
"6a38dafe40230832" 131143 141022
"b9d52bf661e7e295" 11353 35689
"90cccf9d70fb5ac1" 56436 32474 157210
"f2fc4b2ea742458f" 28685 38873
"32a8563b396f217c" 68361 122113
"94c844cb136e8cdd" 181189 128667
"a2da9b5bb2ca47e0" 90955 139497 27977
"3a910dc5c75f22dc" 33935 140083
"c1b7988475730e70" 61163 181189 27247
"6014fb15ed508db7" 153520 27247 56490
"de2e9ef847a97002" 104497 100539 129548
"c8ed1da69c704e08" 129548 38873 30866
"0aea24bb9d7b8d45" 18622 121723 48234
"1db81e62384b18a8" 155133 90955
"60914fe79b59f7ab" 181394 141022 43797
"88a5b9b4414213b9" 122778 140083 18622
"1fe3b5028bca26dd" 27977 33935
"2a02ebbc86549e2f" 122113 105448
"6b795b978b0c17a2" 11018 131143
"48e446c406a6192a" 181189 4133 28685
"d4a651f040df28bb" 27247 56490 128667
"d1cc4e97a230fa80" 134258 78337 181189
"3896bdb03c6da04e" 157210 11643 91537
"e1470111ded2a6e4" 37957 43797 46839
"d1d36d39b0971a43" 39486 11018
"2181558bed17a1f0" 104497 91624
"9d3bef4e070833e4" 33935 32474 2199
"4498eba010a329f3" 139497 183395 92515
"0b969fead50daf77" 129548 104845 30866
"902b6fd9c4d5b0a4" 11353 35689 48234
"470ca2233c302814" 122778 155133 105448
"415387a4e1558d26" 142404 97075
"3c2acb998a702f78" 124452 16514
"6c5179c0c9595214" 139250 176169 60390
"46aa5c4e4eaf5ad9" 83976 61071
"f2e807753a8b9710" 167523 14788 137111
"35e78f520583e300" 107299 101727
"db7315caba356176" 80775 34997
"598ace48cfc19d9d" 30374 64713 21441
"2613f057e0a3f0f7" 55789 25004
"54e80aeeb76a428c" 49335 143973 121292
"7aef84bc155f6b96" 113149 141857
"cd13f39b69b95be4" 91547 186433 36275
"bac437b63b01d237" 104589 53839 112522
"50720eb40bf427ec" 18972 127881 51851
"9327591e3d45928a" 146147 93090 175963
"5142cc5f4552fb5c" 100137 123219
"0f3edc6524606db5" 52146 92665
"0b9e1242e4658528" 42225 175741 18101
"8ebe831d6750cb94" 153754 131113
"720370eea6ae145b" 69033 30949
"87f8d53a02fa1309" 41550 28821
"bdf2e2f9891787dd" 6700 56566 6408
"54cfc7c27d61dae9" 130389 60833 147314
"b4514ea254e5a8e8" 37934 30216
"5cc71e1638c9c4e2" 113989 84294 159713
"b5254b8fc7b839ab" 96765 48597
"b8563f92a8062977" 34461 181477
"a493ac80e6c9b6e8" 19403 130510
"fef344ec84e9e5d3" 81199 33119
"85c1cf972cf95c2d" 46568 37923
"0bf214eee9e188e3" 165676 88807 6240
"d0ef804ee1df9bd9" 174869 46415
"1165c1f76c353ac4" 2603 42225 46568
"18418f1f772cb71d" 175963 18101
"066ad00de306e53c" 6240 153754 181477
"309deb7d0af3cc21" 175741 96765
"359b804ee1df9bd9" 174869 28821
"bf7938639c6e0133" 88807 92665 41550
"4251c3ebad23c5e7" 84294 69033
"3ec9f337f3abed10" 93090 37923 60833
"d4b3b5c1ec8d0480" 130389 46415
"f7bb4ffc4ce6c19a" 100137 37934 46415
"5de7dde496cc5db4" 2603 82041
"7b9c498e95b10bd3" 52146 96765 123219
"4441bb232c7f32bb" 130510 159713
"9afc380129218cd9" 19403 56566 33119
"b7dd74e83325ad67" 66329 127881
"2bd97a19a9a963d1" 6408 175741 30216
"6e2b6de216ad90fb" 111944 18972 131113
"12452d5860fb64b7" 51851 30949
"b7e51f92a8062977" 34461 48597
"c4ae59d26a3251fc" 113989 147314 6700
"98b8585c8776793f" 146147 42225 46568
"c2a0dd2e6e75c571" 6240 174869 52146
"a3ae399a8a976f7c" 153754 28821 56566
"2a1e909667f94ba1" 60833 181477 81199
"228edf4b8ca07d10" 159713 30216
"78d0800fbf5c20c8" 93090 6240
"1bd32fa2c6122f63" 165676 84294 130510
"fb43691b561ebea8" 123219 175963
"05fcba532a1eb016" 175741 81199 33119
"1f1e188465bb1635" 13842 174362
"96915edfe347f749" 55570 22593 158257
"1716593fdd870160" 55605 186813 45394
"10a8280251273706" 30965 38115
"a1ff416d8dccbebb" 22917 188076
"b5ca0d621361bf8a" 33517 133029
"629e87608cec2a18" 51983 90312 176846
"c66948fecbba501f" 68127 122019 133029
"bed6f087b58327c0" 129340 23922
"9db807e1c49603f9" 80843 8285
"6219e068daedac9a" 164881 8285 119211
"71633835e6482d82" 93239 66079
"8d10bfddf54cdf96" 40609 164249 14913
"76679ae03cfe8dd8" 146555 27771 159468
"e40176655f34d9b3" 121692 90312 40609
"071cf827b97d98de" 186126 90312 14913
"d54e246101f1472e" 176846 118522
"27382ec48e9ab5c7" 114285 129340
"811197c593f68883" 146555 11505 68127
"6794485257cc2c93" 8285 59920
"dc51a108c6115d69" 22593 55570 158257
"2d77dfae11890960" 156387 55605 186813
"23faf7a2f6a59000" 160300 30965 188076
"3e15a6212853bd20" 11764 13842
"5e4bcc5e61154a33" 158257 55605 45394
"20fc68565a4447c1" 22917 146555 33517
"7d27629c1327e0f4" 11505 33517
"a3f3de896746054c" 38115 122019 51983
"c1adf41a0d944e1e" 181810 133029
"af6b79f41b411a2c" 51983 27771 15819
"636e8754e2055b32" 87676 23922 145735
"eeba66655f34d9b3" 121692 90312 14913
"1c0da669a667599a" 164881 93239
"c5ac71a81ebdf3f8" 59920 66079
"1e5ce4fa4f69758e" 159468 164249 145735
"1aba193989fae908" 49293 15819
"3059257a5c84a7ec" 90312 176846 129340
"d343ac085b8f3990" 164249 15819
"a8fce8959ae111f1" 188076 33517 159468
"5bbdbd9b64decb37" 27771 121692 49293
"452cbb5c425c3e39" 121692 186126 164249
"a98576aa26e5e128" 118522 135675
"411a98704e206583" 80843 164881 119211
"20c653232dca0636" 90312 114285
"992d2835e6482d82" 93239 40609
"4c6a015c4f88f760" 156387 158257 38115
"8bb99f0679365e96" 160300 51983
"5a7d7342e1c62ebe" 178272 188760
"4f7e11a01493fda9" 17949 5448 145374
"6c5e5883707e4651" 17933 151664
"786fa231086172bd" 71397 139321
"cefbda1382ef11eb" 19876 80939
"c519158c7e9a2aa9" 130644 2219
"d1fb9ad4378ea395" 159463 187445
"68adfc496722769a" 13385 17700
"96517da13abeb5de" 175612 109187 52445
"32bbbe7d0def4ec4" 134036 112178
"cbc2cc3e97150e82" 110077 62518
"24344a02f9d3c7c2" 78646 32407
"0f0779a77d28713c" 163689 750
"7f69d5f823f7667a" 147721 43989
"16cbf67ad91ef618" 610 61306
"85cdcfd521d62dd0" 158743 27309 186327
"481d803b9c82726e" 179219 90058 85486
"99e1c4f654975fde" 154080 10799 9165
"dd8e2a67392a50c5" 176715 55521
"be1852851e20d598" 168424 183734
"8055ed943c5d110c" 55521 85486
"013404928c8c225e" 78646 32407 62518
"537af5f823f7667a" 147721 179219
"1ee7658b821c3474" 10799 9165 168424
"0001de15ee7fab3c" 2219 17700
"a0b5b76fe007cda6" 25665 134036 130644
"7a0218bc19127e86" 139321 110077 19876
"d29c661bcf3d36c2" 159463 112178 79963
"d9eef5b440079a5b" 5448 109187 71397
"650bafd521d62dd0" 158743 27309 43989
"f0c3741597c6dc3c" 55521 154080 52445
"f488f396d2d05f6f" 90058 110077 179219
"138979a77d28713c" 163689 10799
"04dcfd4b833aa61a" 78646 183734 179219
"81dc7bde91a4fcab" 17700 186327
"0b2ce9bee8c632c3" 134036 176715 19876
"5b73e91efe2aa449" 168424 55521 158743
"895743ce65198c98" 32407 62518 610
"d134861bcf3d36c2" 159463 112178 176715
"415414758abfe54f" 147721 154080 61306
"117904188b8ee60a" 13385 9165 85486
"2c82ff3fecd633ef" 2219 175612 90058
"bac9a3d232b5b668" 71397 19876 55521
"2f7c7f8fabd1bf7c" 27309 62518 78646
"b1cf644a96c23fb8" 134036 183734 154080
"2905e02a8a94aed6" 85486 17700 186327
"54f98060d5f533a6" 56001 18379
"1b5753bd042781ce" 168206 1806
"8cbfbd0d242baf09" 11375 116472
"70857cb9d03b834f" 75746 61719 148769
"a0a2546ab72c72ac" 116946 101712 166287
"dce92e2cfdae85b5" 174930 106934
"ff8d2ad80515f574" 23807 26847
"9023792eaacb6d97" 11242 169786
"9a8d672f7fb2c06d" 91949 122897 70798
"ec6dc7377015dec2" 55151 78590
"61e77e29bf035045" 106942 51321 169594
"c5a1dcf5b987a150" 162391 81729 87319
"92fafee8dd22f9ef" 71256 81970 90174
"d87c25753711f2ee" 32200 90360
"fe826988d99b3422" 164526 26859 111769
"baf12fc376218a8d" 176327 56624 80787
"579969e9cec56c81" 38640 4568
"5cb50d94e85ec4b9" 77757 106933 107078
"6c466ba83736edc7" 26847 107078
"f68f67654d443047" 106933 61719 106942
"d881e806767c8598" 1806 11242
"d3de1e2cfdae85b5" 174930 61478
"493de61cc08748b1" 116472 166287
"5dea63bd042781ce" 168206 81970
"0dac5f463913c5c9" 23807 70798 169594
"8d7b0c44c07ba3b7" 151140 162391
"c11f2d191670464f" 90360 87319
"aa3a65c87136adad" 148769 101712
"66b656eb4c9538c0" 107078 18379 71256
"399925753711f2ee" 32200 78590
"26e133474ddd6685" 56001 122897 80787
"abd3c5be09b36411" 164526 133684 11375
"e1d2558569be7679" 4568 176327 75746
"1acf178962eb7002" 106934 106933 81729
"a0b3e7377015dec2" 55151 169786
"28544a1945695831" 116946 26859
"629aec921a2689f8" 91949 56624
"b6cb36b12c16c6fa" 51321 111769
"783b69e9cec56c81" 38640 11242
"2855e806767c8598" 1806 26847
"89a696015b573696" 77757 174930
"a792013b60279e90" 107078 23807
"0359bd197680deb0" 166287 7616
"d4a1e6682aef2a85" 78590 169594
"e040d7377015dec2" 55151 90174
"454668af96d5457e" 61719 70798 61478
"cf049348f4a275bc" 80787 71256
"ccaea823a555ba8a" 21689 78778
"8a0a8f49c797828f" 143417 52803 150679
"75ff3ce592a8cbb6" 23455 89439 53892
"10500ce313afed52" 64182 147158
"bb4bbed15f9bfe36" 55843 79393 4714
"9c8b21e6c8fe632f" 84982 606
"2f012fc8ea6c7504" 145602 76075
"8dfee35c52912db6" 11549 103893 185433
"5cb686552710aa96" 148489 4179 31892
"a0ae093cccde3bc8" 52803 180342
"8c137214820937c9" 35101 13742 166916
"0da17c2eb25fbc5f" 45132 23175
"b84228ad8e48cd18" 19187 39431
"470df0108a4d2d67" 19201 13754
"9a650f295bea3215" 6771 156325
"e155b002f9fef4bb" 127170 5463
"59c5bf9628f556cf" 140377 127587
"66b9bd611f82f6a5" 46122 22235 79108
"f53e91aca6fead0f" 135266 57464
"441800d48b119daf" 131728 23175
"3b672c1431f9230a" 23455 35101 13754
"8db7f71c1397633c" 6771 19201 5463
"8552e069d658ff4d" 11549 55843 127587
"6758eb13f7702cc2" 4179 147158 79108
"d0f76e0c9e4f1509" 79393 46122 185433
"505b55df47acf481" 53892 13742 127170
"a2f076ab6b49c67f" 135266 31892 76075
"3bd805f4c7db9621" 133835 139196 22235
"e3263ffc159ae538" 22474 19187 166916
"9171c0765a174e13" 143417 23175
"bed647a01d589698" 89439 606 156325
"c4c572402065f358" 64182 103893 45132
"b187e81e0f8901f5" 148489 150679 180342
"6526093cccde3bc8" 52803 145602
"b62777de9e871325" 21689 176053 131728
"65b0517e0af475aa" 4714 39431 57464
"d6ebcb4f0af050d0" 140377 45132 23175
"7e39cbeeab47ca42" 78778 13754 135266
"d0c95b349eef5f2c" 84982 55843 5463
"d093fa6bf4c49b03" 150679 103893 79108
"ce59cf47494a4646" 145602 140377 45132
"50737ed36d91bd67" 19187 19201 166916
"ea28b2792cda3f52" 89439 13742
"09a9b12af4165a7c" 23455 19187 143417
"86a5b28302ea1ebd" 133835 78778 46122
"89e5349758742ed6" 148489 11549 156325
"930e965387965df5" 57674 36587 25319
"6d828fc791656ef4" 179931 45450
"29a268c424d92175" 97514 82442 2637
"f747261e9f444e25" 65751 16066 164077
"6003c16062f69d5c" 22686 137054 29097
"14512a88e233fa6d" 146744 113873 162467
"5aad22248babfdf8" 150017 69705 46526
"71d3edd962ea9ec4" 6189 13079 158510
"b2c1df410046d0d0" 121864 109585 109565
"70cd092fa8230aeb" 131766 125394 33518
"d37bbfe4f60c4168" 13141 178186 71893
"fcd2f4b3ab6165db" 132525 46425
"e680317cc968f859" 57339 30281 184957
"79ab63350cca8882" 81973 39727 26670
"b8c1ad0671a664e5" 187575 13210 146721
"2e179f609d9c5794" 7880 146254 88475
"c1c794626fc6ec0b" 129395 88475 30281
"874bd96f4e80a930" 141799 97514 146254
"d143303caa677f16" 162467 29097
"759daf1e8caffe37" 129395 109565 178186
"f910b2b621aeedd0" 125394 26670 137054
"2d221f4134950576" 71893 81973 57339
"c6470be13bf0c4b2" 1651 150017 36587
"9f39f718b2801691" 57674 121864 33518
"e699b62882d67fb5" 179931 164077 30281
"b149a38a541ec115" 88475 69705 45450
"34539473833b1826" 16066 129395 113873
"8a85a9930a19bb4e" 158510 13210 39727
"e6f8cc06a1e2f38d" 184957 6189 13079
"77907eea905fc752" 141799 82442 132525
"5f5803d0f233868b" 146744 97514 125394
"37efbaaa92a0face" 131766 46526 137054
"30df07698533afcc" 7880 71893 146721
"93f970fb2da2d95e" 22686 29097 2637
"7d5c2e02247f4872" 46425 57339 146254
"d40044dafc6e8703" 65751 187575 178186
"5116c587d58ef1f3" 162467 82442 39727
"bae2db8d0cfbd419" 6189 33518 13079
"50a322113ad986a3" 1651 150017
"5784782aef0c4117" 57674 29097 109565
"cf4f9a8224ed073a" 69705 13210
"a3060d81c7218dc2" 71893 187575 30281
"4d618bf2600118a0" 184957 146744 26670
"4efb71adc4cbc2f5" 121864 164077 45450
"b3e96ae883b2e391" 158510 2637 36587
"70df2c7f7a7c2535" 65751 46425 178186