"a018c71d526d41af" 23 34 6020 171 12648 13 191 28138 1016 2870 13 553 34 35 1192 14414 13 373 61 1016 7645 3727 2369 4 11694 -1 -1 0 0 0 0 7 8 9 7 8 6 7 3 4 4 0 0
"4d39e66abfc6d455" 22 188 12988 61 297 2050 13 1580 607 17888 2 6685 13 553 357 61 4865 4866 61 457 102 8787 4 11695 -1 -1 0 0 0 0 8 7 7 6 7 5 6 3 2 2 0 0
"22851baba6b0d1e4" 22 8316 13 347 12671 621 13 357 347 36 2166 13 553 12356 102 1863 1009 12357 13 347 7977 33658 4 11696 -1 -1 0 0 0 0 7 8 8 7 7 9 4 3 2 3 0 0
"1238d9ba76d9ff24" 19 520 61 415 13 41 171 12856 12857 12858 13 553 25 1319 13 1506 4352 33659 15769 4 11697 -1 -1 0 0 0 0 6 8 6 7 6 5 6 7 6 8 0 0
"dfc5764899980ed5" 22 4113 13 191 19228 349 93 33660 33661 24071 13 553 1488 414 297 1320 13 321 20602 11455 362 1173 4 11698 -1 -1 0 0 0 0 8 8 7 7 7 6 8 2 6 5 0 0
"98987e69c4d94dd6" 27 3494 3495 170 3901 13 553 41 13151 4699 25 373 3314 13 2214 515 13 553 66 1002 986 2236 51 274 93 4109 1655 4 11699 -1 -1 0 0 0 0 7 8 6 7 6 7 4 5 4 6 0 0
"906d666c6f2af801" 18 95 10008 10009 150 2305 33662 13 553 13765 2866 4346 5381 191 534 33663 4 68 13 11700 -1 -1 0 0 0 0 6 7 7 5 6 9 5 4 3 4 0 0
"10e72c4fe51db511" 47 7636 7637 13 191 347 36 330 7521 13 553 208 209 210 211 13 347 530 2371 417 171 1643 15425 13 553 347 36 10433 2024 13 347 689 13 347 463 33664 13 35 731 410 13 1047 410 87 113 21962 282 4 11701 -1 -1 0 0 0 0 7 7 6 8 6 8 6 4 4 5 0 0
"e62644d776193795" 26 547 61 4813 15115 8688 13 33665 23965 13 553 13729 61 13992 13993 13 150 13994 13 2280 33666 33667 6791 33668 7592 349 4 11702 -1 -1 0 0 0 0 6 6 7 7 6 6 6 6 3 4 0 0
"7af8b72083c97d4e" 22 20 367 2326 13 2 360 61 33669 8276 13 553 7035 7036 87 2134 171 6892 2 102 14875 33670 4 11703 -1 -1 0 0 0 0 7 6 7 6 7 7 5 5 3 4 0 0
"837acfc206829fad" 24 165 15387 13 20 170 660 695 13 553 457 9166 13 2957 171 734 61 30237 35 504 150 33671 150 1621 4 11704 -1 -1 0 0 0 0 6 7 7 6 7 7 5 4 6 5 0 0
"dca820246a32f55b" 24 197 9025 12967 13 3497 9496 33672 7151 13 553 548 986 286 451 1780 13 20 17925 772 5525 5262 367 125 4 11705 -1 -1 0 0 0 0 8 8 6 7 6 5 6 3 4 5 0 0
"64b2d5b49ac9d593" 37 3935 787 463 9612 3764 13 2439 131 150 4391 13 553 2163 171 2164 13 33673 1836 33674 150 33675 6971 13 553 10896 10897 10898 13 20 33676 33677 33678 21120 548 8213 3313 4 11706 -1 -1 0 0 0 0 7 6 7 6 6 4 7 6 3 4 0 0
"373429336b9fbaca" 22 41 150 452 2889 1389 33679 19840 33680 13 553 20 10927 282 33681 171 33682 47 33683 13 1456 33684 4 11707 -1 -1 0 0 0 0 8 7 7 6 7 6 6 3 3 3 0 0
"cc86cb9d211b4f0d" 39 3208 15665 15666 15667 13 553 35 33685 197 171 2683 299 16605 33686 16605 3901 302 13 1047 33687 47 33688 13 553 1580 14128 61 313 14532 13 66 530 7047 1580 87 361 2236 993 4 11708 -1 -1 0 0 0 0 7 6 6 7 6 6 7 4 5 6 0 0
"c2644b461587117f" 18 3970 163 1047 10543 2 22153 2928 33689 13 553 1047 1069 33690 13 33691 14230 33692 4 11709 -1 -1 0 0 0 0 0 0 0 0 0 0 0 0 0 0 0 0
"3edab2bab5dfd981" 21 2502 11165 132 728 13 28033 33693 33694 13 553 5155 3241 13 442 3073 823 95 25425 55 33695 110 11710 -1 -1 0 0 0 0 5 5 5 4 4 3 2 5 2 3 0 0
"5c816ae282a3da6b" 27 14428 61 14449 14450 14451 13 2636 61 3369 33696 2512 13 553 1549 1071 13006 13007 1780 13 2652 10619 5881 33697 33698 7397 7079 4 11711 -1 -1 0 0 0 0 0 0 0 0 0 0 0 0 0 0 0 0
"915fb68bc666f4ae" 24 171 5451 5452 5453 29790 5455 13 553 150 304 1379 330 13 191 3536 5795 7464 2 7105 4691 2617 2 33699 4 11712 -1 -1 0 0 0 0 0 0 0 0 0 0 0 0 0 0 0 0
"fc3883f101ec1585" 32 295 1065 2977 349 347 1550 13 150 24634 2349 36 3302 33700 13 553 357 12356 102 1863 1009 12357 13 345 34 26 1016 33701 1131 2 4371 33702 4 11713 -1 -1 0 0 0 0 0 0 0 0 0 0 0 0 0 0 0 0
"20a4c43a2cc8890b" 22 3536 33703 19791 13 38 33704 13 1047 33705 13 553 357 20 13006 1780 13007 13 5141 25409 61 2817 4 11714 -1 -1 0 0 0 0 0 0 0 0 0 0 0 0 0 0 0 0
"dc02260ef3a03474" 25 41 13151 2 11429 13 2246 5177 16918 2867 13 553 33706 7035 7036 13 737 275 351 1093 13 3003 931 2001 547 4 11715 -1 -1 0 0 0 0 0 0 0 0 0 0 0 0 0 0 0 0
"01c6c8734c5219ea" 30 170 3901 3007 6777 17594 13 357 33707 412 161 26099 13 553 41 171 12856 12857 12858 13 6757 14 687 3003 2277 927 3901 116 12583 33708 4 11716 -1 -1 0 0 0 0 0 0 0 0 0 0 0 0 0 0 0 0
"448552b214ca76e0" 29 150 2062 3488 21132 362 13 150 304 2007 33709 13 553 8316 13 521 3935 787 3048 9612 3764 13 3949 5929 796 33710 3266 901 33711 4 11717 -1 -1 0 0 0 0 0 0 0 0 0 0 0 0 0 0 0 0
"e4ca29e63dc0c35c" 20 25 1319 13 1071 20 704 33712 33713 2036 13 553 20 367 33714 28340 33715 28805 33716 33717 4 11718 -1 -1 0 0 0 0 0 0 0 0 0 0 0 0 0 0 0 0
"e27ea4a7da09c63e" 27 208 209 210 211 13 33718 16111 10306 20 7863 150 455 13 553 95 10008 10009 13 4576 33719 33720 2 33721 33722 6020 8789 4 11719 -1 -1 0 0 0 0 0 0 0 0 0 0 0 0 0 0 0 0
"03879307ac05183e" 44 20 10927 4652 1800 18430 33723 13 553 5155 3241 95 16953 33724 13 2006 188 61 1069 33725 171 33726 33727 13 553 35 731 410 30325 47 1862 3949 17718 4684 6020 33728 33729 33730 55 55 1109 150 305 1299 4 11720 -1 -1 0 0 0 0 0 0 0 0 0 0 0 0 0 0 0 0
"fdba4e0fcf8599f5" 25 3970 163 1047 10543 13 357 8380 4970 17531 33731 13 553 197 9025 12967 13 1990 16103 2423 970 38 578 33732 15742 4 11721 -1 -1 0 0 0 0 0 0 0 0 0 0 0 0 0 0 0 0
"878a82aa7854fe6a" 26 10896 10897 10898 2 102 61 297 33733 2 1492 33734 637 13 553 13765 4346 2866 13 18 359 1378 33735 33736 33737 16219 4 11722 -1 -1 0 0 0 0 0 0 0 0 0 0 0 0 0 0 0 0
"50d76038395d7c98" 22 2502 11165 132 728 13 7577 607 33738 394 13 357 520 61 415 13 61 1342 2 3923 1651 113 4851 11723 -1 -1 0 0 0 0 6 5 6 4 3 2 1 2 4 4 0 0
"b6a77a8b9c6708ba" 30 425 33739 33740 20 414 297 1320 13 553 13729 23049 13992 13993 13 2506 150 36 2248 33741 13 553 1362 34 566 93 1000 2502 33742 33743 110 11724 -1 -1 0 0 0 0 7 5 6 4 6 8 3 2 3 5 0 0
"3ff2a12e5c0b6a71" 22 347 863 33744 621 13 15303 2 3731 13 553 171 33745 2 33746 61 2870 13 796 33747 171 33748 4 11725 -1 -1 0 0 0 0 5 5 6 4 7 7 6 3 2 5 0 0
"38684872744ff70a" 30 41 150 452 2889 13 150 36 20137 9421 13 553 547 61 4813 15115 8688 13 33749 13 553 14128 61 313 14532 13 341 33750 2 1497 4 11726 -1 -1 0 0 0 0 4 6 5 4 4 5 2 9 3 8 0 0
"00593af5d67cea90" 16 347 36 2168 35 2507 33751 13 553 171 542 3076 33752 3025 8578 5497 4 11727 -1 -1 0 0 0 0 6 7 6 5 3 2 3 2 6 6 0 0
"17617d8a46bb897d" 19 188 12988 33753 2135 33754 13 7636 7637 13 553 188 33755 33756 13 30262 457 9166 14902 4 11728 -1 -1 0 0 0 0 8 4 7 4 6 6 8 5 4 6 0 0
"b8ec964a21e99433" 26 33757 55 33758 2284 33759 13 41 33760 14230 725 13 553 150 304 1379 330 13 33761 2 33762 13 33763 1230 13 33764 4 11729 -1 -1 0 0 0 0 5 6 8 5 7 6 3 3 5 4 0 0
"07316bc3ffe48de6" 17 3494 3495 33765 13 33766 2 33767 13 553 33768 33769 13 2163 171 2164 33770 4 11730 -1 -1 0 0 0 0 3 6 5 7 4 2 5 8 4 6 0 0
"583a4412913bd507" 34 34 6020 171 12648 13 645 33771 2841 61 3536 13 553 35 113 286 27803 1780 13 150 36 415 986 3751 13 553 76 150 36 33772 20024 305 26741 18794 4 11731 -1 -1 0 0 0 0 7 8 8 7 5 8 3 2 7 4 0 0
"c053f7d16598dbbc" 42 4361 61 2928 13 1580 4505 14450 14451 13 553 360 61 545 33773 13 3327 33774 188 33775 13 553 13729 23049 13992 13993 13 150 304 305 33741 13 553 171 33776 1464 1771 134 125 102 13 2902 4 11732 -1 -1 0 0 0 0 6 7 6 4 5 3 3 2 7 5 0 0
"1eba633047846463" 38 20 5494 33777 188 1157 33778 13 53 10619 504 13 553 3208 15665 15666 15667 1549 553 32574 25 645 2941 13 150 847 33779 504 13 553 295 1065 2977 349 347 1550 347 847 4 11733 -1 -1 0 0 0 0 6 8 7 4 5 3 5 3 5 5 0 0
"74afe5bf3875a7b7" 44 3490 13 35 598 35 87 1047 3536 13 553 1488 414 297 1320 13 87 33780 1913 2321 13 553 33757 55 33781 33782 13 1580 25336 13 33783 151 33784 13 553 8316 13 33785 33786 13 33787 13 33788 358 4 11734 -1 -1 0 0 0 0 5 7 7 6 6 8 4 3 5 5 0 0
"d149fa865d697dd9" 36 13765 2866 4346 13 33789 33790 10708 150 33791 13 553 66 801 360 33792 33793 13 1488 61 1131 297 33794 13 553 170 3901 33795 33796 13 1567 653 13 33797 13 553 171 11735 -1 -1 0 0 0 0 8 6 6 3 5 5 3 4 4 6 0 0
"6b5f82033f1c0450" 18 41 13151 2 33798 33799 13 553 35 330 39 351 32378 13 16140 4772 134 410 4 11736 -1 -1 0 0 0 0 7 6 5 6 4 2 4 6 6 3 0 0
"1e1357365ece6f2b" 18 66 3341 7035 33800 13 553 347 7428 33744 362 653 13 13006 33801 33802 3302 4228 4 11737 -1 -1 0 0 0 0 8 6 6 4 5 2 3 5 4 5 0 0
"d749372bd861265a" 24 474 475 150 36 31729 13 8310 330 8342 2475 13 553 93 115 25302 3304 2 1934 367 6265 2087 17447 796 4 11738 -1 -1 0 0 0 0 6 6 5 4 5 2 2 6 4 4 0 0
"166ed36f3dce306c" 30 87 61 3251 14729 13 386 3212 35 3302 1043 33803 13 553 357 87 1047 1043 297 1733 13 35 33804 1217 3174 297 720 34 33805 675 4 11739 -1 -1 0 0 0 0 6 9 9 9 8 5 2 3 3 3 0 0
"85885074c9186b5e" 22 15422 11978 15421 13 20824 2183 33806 13 553 13360 33807 61 3302 31356 13 2440 10790 33808 13272 134 33809 4 11740 -1 -1 0 0 0 0 7 8 9 8 8 4 3 2 2 3 0 0
"3f5d85d1826c8313" 25 12909 171 13 188 2 1808 13 553 33810 672 9648 8387 13 636 698 41 93 963 1376 33811 1319 737 33812 19212 4 11741 -1 -1 0 0 0 0 9 8 9 7 9 5 2 2 7 3 0 0
"94c656e811b1801b" 31 5037 13744 1298 13 35 3048 1250 33813 13 41 33814 1374 9018 13 553 10650 33815 399 359 9136 13 1013 645 2852 421 1664 5680 33816 125 33817 4 11742 -1 -1 0 0 0 0 4 6 8 7 6 9 8 3 3 4 0 0
"301717605c20a7fa" 21 20 10653 14141 18448 15726 13 553 11981 3693 1144 13 11983 14281 457 33818 20 297 1047 1716 1381 4 11743 -1 -1 0 0 0 0 8 7 8 6 6 5 5 3 3 3 0 0
"e4e823f8d68b666e" 21 3972 28 171 33819 33820 6125 13 553 12021 5602 13 2785 11438 14717 33821 33822 5602 1990 193 319 4 11744 -1 -1 0 0 0 0 9 9 9 8 8 5 6 3 2 3 0 0
"30b89400c67adea6" 34 150 4322 3365 3322 20 1333 357 87 61 13 3736 87 3675 2652 22927 13 553 282 33823 1047 12931 396 14524 13 33824 102 2340 6659 150 330 33825 21364 22869 4 11745 -1 -1 0 0 0 0 4 3 5 6 4 5 4 7 6 6 0 0
"51af3e2a9198f252" 23 3720 33826 740 13 1488 150 95 19540 3668 13 553 15588 8301 9566 13 2879 3150 8849 347 1667 417 6659 16483 11746 -1 -1 0 0 0 0 3 4 6 2 4 5 4 5 4 5 0 0
"181c96a5057e35e2" 30 33827 191 18956 25396 13 553 66 801 367 13 1628 25 13325 61 13 2813 47 33828 13 191 353 1628 66 410 7123 33829 53 33830 33831 4 11747 -1 -1 0 0 0 0 5 6 8 5 7 5 5 3 8 6 0 0
"2a238470a6f41ff1" 29 6864 6633 102 373 13 1481 577 13 553 2 93 4812 394 26053 33832 13 150 1510 463 417 4212 33833 13 33834 1559 13043 5520 2866 4 11748 -1 -1 0 0 0 0 7 6 5 7 8 5 3 8 8 8 0 0
"809ef651151e3894" 24 2 85 3812 2441 481 482 4198 33835 13 553 7425 1137 2 2063 3302 7426 13 93 1584 7197 7198 116 521 4 11749 -1 -1 0 0 0 0 5 6 7 7 6 4 3 3 4 4 0 0
"dcdff226a5e9e15d" 27 33836 2 8741 15179 113 2 3939 113 13 553 21671 33837 2 2920 2921 125 3327 2922 33838 38 33839 578 297 5039 5039 113 4 11750 -1 -1 0 0 0 0 5 4 5 6 8 4 3 1 2 4 0 0
"407aa50411e9577b" 28 5257 33840 2 5258 5259 723 13 553 347 7366 33841 20 26036 3497 10867 823 7135 13 553 347 1297 25 4485 27456 55 1967 200 4 11751 -1 -1 0 0 0 0 5 6 6 5 6 3 3 1 2 2 0 0
"42828100acdf5b1f" 16 1071 574 35 607 33842 13 553 827 38 12734 20837 33843 24866 2 33844 33845 11752 -1 -1 0 0 0 0 2 2 2 2 2 3 4 0 0 0 0 0
"9f813352100f22c0" 16 33846 4552 1765 4403 1315 2436 13 553 5501 8812 8957 636 1580 504 631 4 11753 -1 -1 0 0 0 0 4 4 5 4 5 6 2 1 3 3 0 0
"22c20567808d3c1b" 19 852 150 1868 28 999 33847 33848 3717 110 553 4836 13 1868 20 150 388 146 1061 4 11754 -1 -1 0 0 0 0 8 7 6 8 5 3 3 0 4 4 0 0
"09f5de6a097e9af2" 17 33849 7396 936 8589 13 6300 33850 110 553 61 13333 2941 33851 33852 2531 609 4 11755 -1 -1 0 0 0 0 7 6 5 7 6 6 5 5 4 5 0 0
"4d2a553017ba242c" 19 8003 1131 1047 53 33853 13 553 357 95 61 53 412 890 13 33678 2087 182 183 4 11756 -1 -1 0 0 0 0 6 6 6 7 6 7 5 4 3 4 0 0
"e1aa1a3fbdc14448" 14 34 26 6756 13 20 33854 13 553 6764 150 1539 30286 33855 33856 11757 -1 -1 0 0 0 0 7 6 6 8 6 5 6 4 5 3 0 0
"a0f0e008a6f78a67" 21 191 4463 647 10798 13 61 2303 35 8306 13 553 33857 33858 326 8688 1775 33859 1109 33860 2905 4 11758 -1 -1 0 0 0 0 8 7 7 8 7 7 6 5 4 5 0 0
"642ebf5125ec6229" 22 150 87 33861 2062 13 345 33862 2833 24292 13 553 357 41 355 33863 35 286 13 61 396 7741 4 11759 -1 -1 0 0 0 0 7 7 6 6 5 4 5 3 3 3 0 0
"81f88483f8a2b489" 17 150 2062 12566 13 23 2218 16483 553 10051 19115 13 796 29770 7845 2284 33864 4 11760 -1 -1 0 0 0 0 8 8 8 6 7 8 7 4 5 3 0 0
"58bf6d7dd6697224" 20 10775 150 286 1736 13 548 33865 2869 13 553 20 10545 61 13985 10991 2 71 33866 33867 4 11761 -1 -1 0 0 0 0 6 5 4 6 5 4 6 3 4 2 0 0
"94bfbec8c616a0d1" 17 35 3780 9079 13 4403 305 33868 13 553 412 1378 53 33869 2114 2963 229 4 11762 -1 -1 0 0 0 0 7 7 6 6 6 5 6 3 4 2 0 0
"4604ded336d58dd7" 21 37 2595 2596 2597 13 35 39 796 13 553 3076 33870 68 33871 2785 33872 68 2382 13099 1945 4 11763 -1 -1 0 0 0 0 7 7 6 5 6 5 5 4 3 4 0 0
"f13fcd9c26710e2d" 18 25 5127 13 20 33873 33874 15770 13 553 35 3727 61 13 1624 394 351 33875 4 11764 -1 -1 0 0 0 0 8 7 7 7 6 5 8 6 5 5 0 0
"09d2b15fe1f22582" 36 5257 2683 20556 18571 5259 927 13 553 347 463 2852 3105 20 34209 457 1381 13 553 25 4485 1842 34210 6780 13 553 27456 21871 13 93 660 34211 102 34212 2 25684 4 11869 -1 -1 0 0 0 0 6 6 6 6 5 6 5 8 4 7 0 0
"4ef7727934250ad8" 18 1071 574 1580 12467 34213 20465 13 553 827 2652 38 5381 13 1069 305 282 34214 4 11870 -1 -1 0 0 0 0 7 7 7 6 7 7 6 5 4 6 0 0
"914f0b9c76242772" 18 774 34215 660 113 34216 7313 13 553 6141 35 8957 61 2 34217 394 61 2897 4 11871 -1 -1 0 0 0 0 6 6 6 6 6 6 6 5 4 4 0 0
"85efea85d062ad7c" 17 13063 28185 191 76 150 36 1061 13 553 34218 2564 34219 13 87 61 4836 4 11872 -1 -1 0 0 0 0 7 7 7 7 7 6 5 4 4 5 0 0
"d12abdfcd288ac7c" 23 2564 23 545 8589 2 21696 95 22252 13 553 347 863 330 305 1720 29924 13 18014 13 3715 13 34220 4 11873 -1 -1 0 0 0 0 6 6 7 6 5 8 2 4 3 4 0 0
"7d46e84c4e355b0c" 26 150 36 299 8003 301 302 13 330 16510 113 1604 305 13 553 357 95 61 412 890 13 2655 35 34221 182 183 4 11874 -1 -1 0 0 0 0 5 6 8 5 4 7 3 3 4 5 0 0
"d1908694ab9b005f" 24 34 26 6756 20 310 5589 2 34222 12073 13 553 347 66 796 34223 145 34224 34225 2 6764 13 6448 3025 4 11875 -1 -1 0 0 0 0 4 4 6 4 4 7 2 5 4 3 0 0
"40a8e8160092aaa1" 17 191 2758 5748 11929 2 34226 13 553 2303 61 113 35 8306 13 34227 34228 4 11876 -1 -1 0 0 0 0 4 5 7 5 4 6 3 5 6 4 0 0
"b406686b62d38953" 27 35 1568 5046 2833 1029 451 16780 13 553 34229 34230 13 150 463 116 93 1010 330 968 13 17652 41 34231 13 1047 34232 4 11877 -1 -1 0 0 0 0 0 0 0 0 0 0 0 0 0 0 0 0
"37ebd603169682ef" 18 1109 150 2062 12566 1109 1110 113 711 13 553 34233 1808 10442 3509 2 10051 19115 4 11878 -1 -1 0 0 0 0 8 8 7 6 6 8 5 5 7 7 0 0
"2488a5adbb7505da" 28 41 34234 392 1736 13 35 3125 388 13 553 150 304 2852 34235 34236 13 87 150 34237 13 553 20 93 34238 26 13985 10991 4 11879 -1 -1 0 0 0 0 7 7 8 6 6 7 2 5 6 4 0 0
"e485e87adb0c01be" 28 5328 425 2 35 34 2861 34239 13 34240 13 553 35 3780 9079 13 2652 30156 26674 13 34241 566 34242 13 106 34243 34244 93 4 11880 -1 -1 0 0 0 0 5 6 7 5 4 8 2 4 3 4 0 0
"ad5f63b6cd9e10eb" 27 796 484 1795 34245 41 9510 1679 13 553 357 20 34246 481 2 12576 34247 13 37 2595 2596 2597 13 20 796 10562 12604 4 11881 -1 -1 0 0 0 0 4 5 6 5 4 7 3 4 3 4 0 0
"90058de3e019fd9c" 39 25 5127 1047 1890 34 392 13 553 41 3640 15770 712 13 34248 76 61 2236 13 553 34249 4410 13 35 3727 61 34250 13 553 12158 34251 34252 357 34253 20 1981 34254 213 95 4 11882 -1 -1 0 0 0 0 7 7 8 5 6 7 4 6 6 5 0 0
"e403373f531ccdae" 22 1052 150 3998 34255 13 20 10927 34256 2963 34257 13 553 13729 61 13992 13993 150 33741 3497 33245 34258 4 11883 -1 -1 0 0 0 0 6 6 7 6 5 7 2 3 6 4 0 0
"9090e6221ab416c9" 23 4638 95 860 134 113 33478 2 8578 13 553 191 7925 1389 2 34259 16480 7637 13 499 286 986 362 4 11884 -1 -1 0 0 0 0 4 5 7 5 4 7 2 8 4 8 0 0
"32fa463ee90078ae" 19 14229 34260 34261 13 34262 800 13 553 3935 787 15147 4352 3764 9612 2 5189 34263 5881 4 11885 -1 -1 0 0 0 0 5 4 6 6 6 6 2 5 4 5 0 0
"03c61f0af9273c50" 20 34264 34 171 24802 13 5155 721 3241 110 553 34265 150 330 4083 13 6521 61 171 8373 4 11886 -1 -1 0 0 0 0 8 8 7 6 6 9 4 2 5 7 0 0
"503d87d925943b9f" 20 360 61 87 34266 13 87 6693 353 5881 13 553 34267 367 34268 13 3970 163 1882 10543 4 11887 -1 -1 0 0 0 0 6 5 6 4 5 6 2 7 5 6 0 0
"cb93f40bbf3ecc97" 25 482 34269 18202 13 4460 113 13 482 373 61 134 13 553 191 564 297 1320 13 5101 991 33968 170 3901 34270 4 11888 -1 -1 0 0 0 0 6 7 6 6 6 5 3 3 4 4 0 0
"c8483cfc0f180956" 19 2335 13 41 13151 2 11429 1088 13 553 12727 93 32267 1088 13 520 61 188 25042 4 11889 -1 -1 0 0 0 0 7 6 6 7 5 6 4 4 6 4 0 0
"85e46846f860a607" 23 373 3706 2 3495 13 357 25 87 1709 507 13 553 150 373 3278 13 35 520 13006 150 9481 362 4 11890 -1 -1 0 0 0 0 6 6 5 5 4 5 3 4 4 3 0 0
"da4cf64aa0b8940f" 25 66 556 11026 13 1488 347 545 6659 21061 13 553 171 5451 2 1494 5452 5453 5454 5455 13 34 34271 1022 34272 4 11891 -1 -1 0 0 0 0 8 7 7 6 7 8 5 4 5 4 0 0
"12e3884813c95188" 23 347 66 349 1550 1065 34273 13 598 504 13 553 34274 34275 18563 7212 8701 920 268 13 95 10008 10009 4 11892 -1 -1 0 0 0 0 5 6 6 5 5 6 5 3 3 4 0 0
"204422983178f47b" 30 34276 61 1069 1315 13 417 452 1825 10790 13 553 150 1298 34277 13 1071 3744 357 7329 34278 21249 6924 2 34279 5881 18049 920 34280 20626 4 11893 -1 -1 0 0 0 0 7 6 6 7 6 6 5 6 4 5 0 0
"176c93d85d8a3912" 18 11165 132 2502 728 13 34281 21770 13 553 5255 5256 2851 13 16317 34282 174 8709 4 11894 -1 -1 0 0 0 0 6 5 6 6 4 4 4 6 6 6 0 0
"8acde66a18b49315" 21 2838 13 2854 13 8944 13 520 457 87 415 10403 110 553 1552 22335 13 1250 9982 616 10354 4 11895 -1 -1 0 0 0 0 6 5 5 5 4 3 3 5 4 5 0 0
"fc1644f78d8e1156" 20 457 9166 13 34283 13 20 362 150 3456 13 553 347 12671 12583 13 357 4091 66 17852 4 11896 -1 -1 0 0 0 0 5 5 5 5 4 3 3 5 4 5 0 0
"a1edaa667e793df7" 25 34284 150 36 171 3006 13 34285 61 102 13 553 5900 1930 3032 55 34286 1009 34287 13 95 9910 87 21678 6892 4 11897 -1 -1 0 0 0 0 6 6 7 6 5 4 4 5 4 5 0 0
"60528e715658fc53" 21 4813 5494 13 15115 8688 34288 20457 34289 13 553 8316 13 1342 61 34290 13 297 25 1319 1065 4 11898 -1 -1 0 0 0 0 7 6 6 6 5 4 5 4 3 4 0 0
"392d916391c1ea13" 18 197 171 12967 13 34291 10898 13 553 345 10935 23 34292 357 1837 566 1680 3110 4 11899 -1 -1 0 0 0 0 6 7 7 6 6 8 5 4 4 4 0 0
"12bf23580b4a72be" 33 520 61 415 13 87 150 457 34293 1736 13 553 347 12671 621 13 113 1837 2284 34294 6444 1033 13 553 357 85 394 5140 34284 150 13458 27808 6510 4 11900 -1 -1 0 0 0 0 6 6 6 6 5 4 4 5 5 5 0 0
"1e731e0262dec3c7" 27 2 7432 7433 7434 3302 61 13 553 66 347 348 169 349 350 351 2042 2396 61 13 553 34295 34296 116 5362 1475 4366 4 11901 -1 -1 0 0 0 0 7 6 6 6 5 6 5 4 3 5 0 0
"10e9d3f87de346f8" 20 776 11859 13 1800 772 735 18095 13 553 7425 1137 3221 7426 191 504 2137 2 34297 3832 4 11902 -1 -1 0 0 0 0 6 7 6 6 6 4 4 4 3 5 0 0
"a4e2d6bfc51f4a46" 31 12869 11978 5171 12870 13 191 34298 1754 13 553 756 5781 13 191 34299 34300 4361 34301 13 553 11438 14717 13 191 34302 9256 1389 2 34303 10337 4 11903 -1 -1 0 0 0 0 6 7 9 7 6 6 4 6 2 4 0 0
"d8dc3b9bc4900205" 19 1015 3322 13 357 102 1473 34304 13 553 85 3812 2441 13 191 34305 5682 2 34306 4 11904 -1 -1 0 0 0 0 5 8 9 8 6 6 4 5 3 5 0 0
"6334cba3c31eeb2e" 16 3208 15665 4715 15666 15667 13 553 4515 194 1250 34307 435 7196 229 34308 4 11905 -1 -1 0 0 0 0 7 7 5 6 8 6 7 4 6 4 0 0
"41ff70a719fa038d" 25 330 751 14970 7316 347 13 191 34309 34310 13 553 2879 3150 8849 2 34311 598 47 341 55 3358 2 6563 3104 4 11906 -1 -1 0 0 0 0 8 9 7 6 6 5 6 5 5 6 0 0
"e0199d1ccfbf2638" 28 15520 4597 13 34312 34313 13 553 1013 3298 421 1913 13 191 102 113 2615 13 553 34 93 34314 34315 13 191 66 113 34316 4 11907 -1 -1 0 0 0 0 7 8 5 8 7 5 2 6 3 4 0 0
"c235961e520b8f3f" 17 12021 367 13 499 463 2852 7479 13 553 171 34317 34318 13 34319 3358 3478 4 11908 -1 -1 0 0 0 0 8 9 6 7 6 6 6 5 3 5 0 0
"fdb30b10492b89c2" 17 297 11038 8741 13 34320 165 13 553 5039 5039 13 20495 23 2805 621 4970 4 11909 -1 -1 0 0 0 0 6 8 9 9 5 4 3 4 2 3 0 0
"f4880da69acc2e9c" 37 367 14924 13 29785 556 2 34321 14796 34322 13 553 87 1047 1043 1733 13 357 1479 676 1480 1481 150 286 1482 13 553 41 1785 1882 93 5881 13 347 29112 566 5546 16483 11910 -1 -1 0 0 0 0 9 8 7 6 8 6 8 5 9 7 0 0
"43a84b49cb3a7832" 20 87 61 3251 3314 2 15226 2941 13 553 357 1764 704 8386 8387 3727 2957 1886 457 14978 4 11911 -1 -1 0 0 0 0 7 7 6 6 4 5 6 6 4 8 0 0
"a26c85f42fabe5ff" 18 1144 11981 3693 11982 11983 13 553 2010 34323 18403 13 357 2652 102 39 305 13202 4 11912 -1 -1 0 0 0 0 6 7 6 6 6 3 3 6 2 4 0 0
"6af279bd843a5e58" 19 11673 740 13 2920 2921 2922 13 553 282 1762 1047 4694 191 7028 1109 7095 2475 34324 4 11913 -1 -1 0 0 0 0 5 6 6 6 6 3 4 6 2 5 0 0
"3844f084102e2758" 16 2 191 10653 14141 3775 14142 13 553 942 1047 102 373 1481 34 577 4 11914 -1 -1 0 0 0 0 8 7 8 6 7 5 5 5 6 5 0 0
"2aa7065a027c6b88" 21 25 4485 4486 13 191 27456 1047 942 13 553 134 102 2340 13 6633 102 5492 2 17504 6864 16483 11915 -1 -1 0 0 0 0 6 7 6 6 6 7 5 6 6 7 0 0
"993d1f7f7e56c824" 19 3537 14242 4692 2 25302 4862 13 553 47 184 1013 13 34325 4312 845 636 367 34326 110 11916 -1 -1 0 0 0 0 7 8 6 7 6 5 5 5 6 6 0 0
"3dacc58838926bef" 21 6891 19289 15588 13 87 15496 171 15135 13 553 5257 2135 5258 355 5259 13 66 117 2018 34327 4 11917 -1 -1 0 0 0 0 7 8 7 6 7 6 4 6 6 6 0 0
"dc0b2cec001787c7" 22 1071 574 13 772 4388 23 545 353 13951 13 553 191 5557 7887 13 22534 687 1493 484 699 4093 4 11918 -1 -1 0 0 0 0 6 7 8 5 5 4 2 1 8 6 0 0
"66f08e3c64a3654f" 20 191 102 268 13 66 4812 13 553 7510 1737 34328 22641 13 687 731 355 3302 34329 34330 4 11919 -1 -1 0 0 0 0 5 6 9 4 4 5 2 1 2 5 0 0
"aaff14027bdad645" 23 12909 6839 4691 13 499 600 34331 13 553 742 15023 34332 12115 13 2942 34333 2 34334 8864 566 1131 5381 4 11920 -1 -1 0 0 0 0 9 8 7 6 7 3 9 1 4 4 0 0
"3df73fd978de701e" 27 1029 11038 8741 13 66 34335 2 6912 524 2387 13 553 11673 740 13 3313 150 36 545 521 993 359 1193 2 1665 1259 4 11921 -1 -1 0 0 0 0 3 4 9 6 6 3 4 2 6 7 0 0
"7697e84eeebdab32" 22 87 2010 412 34336 34337 2 34338 13 553 25 4485 4486 13 191 27456 1047 87 171 603 161 34339 4 11922 -1 -1 0 0 0 0 6 4 6 3 3 4 6 1 3 3 0 0
"a20baea0be27eb32" 25 102 2340 13 19149 5714 13 34340 31771 2 34341 136 16483 553 3069 34342 5781 13 34343 2809 13 7432 7433 3302 7434 4 11923 -1 -1 0 0 0 0 8 9 7 4 5 8 3 7 4 6 0 0
"c240c2dceac67547" 28 1250 1013 13 474 61 14300 1250 24445 566 22595 13 553 5037 55 34344 11980 13 357 10950 34345 13 474 34346 2 4947 20 34347 4 11924 -1 -1 0 0 0 0 4 3 8 4 4 5 6 1 2 3 0 0
"1f7878525d5caec5" 25 95 442 34348 435 13 8331 34349 34350 34351 5141 21671 13 553 191 330 463 2852 3105 13 34352 34353 2 3744 34354 4 11925 -1 -1 0 0 0 0 4 5 6 3 3 3 2 1 4 4 0 0
"6ea7d1f892053cba" 35 2 3638 13 9830 150 36 476 8310 34355 609 13 412 3198 13 553 474 475 150 36 476 477 330 478 479 13 2 34356 788 720 578 1077 698 34357 34358 4 11926 -1 -1 0 0 0 0 4 4 7 4 5 4 3 1 4 3 0 0
"17a7cc04a1d2af03" 36 3504 14405 1052 13 1488 3412 11718 286 305 3291 13 1842 359 402 61 53 412 21977 13 553 191 5557 7887 13 22534 1580 1778 134 13 330 347 34359 146 578 8830 4 11927 -1 -1 0 0 0 0 4 5 6 5 5 4 3 1 5 5 0 0
"011946bf07a1d5f8" 61 474 475 150 36 476 8310 330 478 479 13 6599 2717 38 7223 329 1131 3387 13 553 297 11038 8741 13 35 642 17627 2 34360 12038 13 2 297 4799 34361 13 34362 35 34363 4312 1007 4 553 191 10653 14141 3775 14142 13 423 347 1379 170 535 34364 2 34365 34366 34367 1173 6623 4 11928 -1 -1 0 0 0 0 4 4 6 4 4 4 3 1 4 4 0 0
"00e5481923c2d320" 24 12869 11978 5171 457 34368 13 553 7198 417 3018 13 540 34369 4 553 87 61 3251 3314 357 1329 417 34370 4 11929 -1 -1 0 0 0 0 5 5 5 3 4 5 5 2 3 3 0 0
"32a729afba58b084" 13 367 14924 66 788 4110 1882 13 553 4515 194 2696 34371 110 11930 -1 -1 0 0 0 0 6 6 5 5 4 6 4 2 6 5 0 0
"09dc79cad38a4b58" 34 188 2578 12909 13 34372 23506 66 1628 93 13 553 2 85 3812 2441 191 34 9198 2475 13 553 5039 5039 13 134 2905 13 188 18348 66 6836 1636 18645 4 11931 -1 -1 0 0 0 0 8 9 7 6 5 3 9 1 3 4 0 0
"956311a53b8c91b7" 30 5769 171 200 521 47 11859 13 553 1013 3298 421 1913 13 34 171 608 24566 34373 16483 553 282 1762 1047 4694 20 2160 353 171 34374 4 11932 -1 -1 0 0 0 0 8 9 6 5 4 2 3 1 5 5 0 0
"6645fd33a023193e" 27 8301 15588 13 66 629 188 34375 13 553 1144 11981 3693 11982 11983 13 553 2 8386 1764 8387 13 373 150 193 330 5881 4 11933 -1 -1 0 0 0 0 0 0 0 0 0 0 0 0 0 0 0 0
"07bd48e8aa78f2ec" 26 3536 410 15421 15422 15423 13 553 7905 34 373 26278 1122 564 313 34376 13 553 330 751 14970 7316 347 34377 34378 7255 4 11934 -1 -1 0 0 0 0 0 0 0 0 0 0 0 0 0 0 0 0
"4ff71cb2ca3b5f50" 45 34379 15023 15024 13 347 36 1990 1889 13 553 1013 34 34380 34376 13 9870 13 34381 2 34382 4346 110 553 282 1762 1047 4694 20 2160 170 21300 13 553 7425 1137 3221 7426 13 347 2000 2775 34383 31514 34384 4 11935 -1 -1 0 0 0 0 0 0 0 0 0 0 0 0 0 0 0 0
"80efd28ce04a32d9" 31 34385 2300 15078 697 13 26 34 3786 15425 748 13 553 6241 744 1042 34386 1015 3322 13 553 2879 3150 8849 13 698 34387 2772 1777 1842 19827 4 11936 -1 -1 0 0 0 0 0 0 0 0 0 0 0 0 0 0 0 0
"107571d184f70417" 33 347 1992 188 20085 188 95 355 1032 13 553 1479 61 373 1480 1481 150 286 1482 13 553 5257 2135 5258 355 5259 357 723 171 31810 34388 19927 34389 4 11937 -1 -1 0 0 0 0 0 0 0 0 0 0 0 0 0 0 0 0
"731f1598c49bea48" 23 87 3208 15665 20 11443 13 15666 15667 13 553 66 12021 417 13 2 410 345 596 36 1043 415 1232 4 11938 -1 -1 0 0 0 0 0 0 0 0 0 0 0 0 0 0 0 0
"bdf582439201c577" 20 20 33570 171 34390 34391 171 26327 13 553 20 14249 34392 125 13 3358 34393 596 5039 5039 4 11939 -1 -1 0 0 0 0 7 9 8 4 5 5 4 3 4 3 0 0
"33e5086b6f156cd7" 30 87 15520 4597 63 7335 7816 34394 13 553 2 7432 7433 3302 7434 13 34395 393 12333 34396 4 553 2 102 268 417 34397 34398 16483 68 13 11940 -1 -1 0 0 0 0 0 0 0 0 0 0 0 0 0 0 0 0
"2089359c4b8c9f13" 44 1869 35 1726 32003 2387 34399 13 553 347 863 1993 134 13 357 38 1693 376 1173 13 553 2 4812 87 504 13 191 66 347 348 169 349 350 351 1029 4 68 13 34400 600 171 11472 188 34401 4 11941 -1 -1 0 0 0 0 0 0 0 0 0 0 0 0 0 0 0 0
"a38abedbdab95ad8" 31 34152 191 2905 13 66 3503 102 34402 1480 13 553 1144 11981 3693 11982 11983 13 553 41 150 17888 32013 13 61 1602 11455 5037 940 4 68 13 11942 -1 -1 0 0 0 0 0 0 0 0 0 0 0 0 0 0 0 0
"614568f7d5026187" 35 1628 1013 1169 34403 504 34404 34405 13 553 4515 194 835 3313 110 1109 3436 26036 18037 13 134 347 286 990 34406 1780 16483 553 2010 34407 1939 34408 357 171 34409 4 11943 -1 -1 0 0 0 0 6 7 7 4 3 5 4 3 4 4 0 0
"96e1c395dde05975" 21 87 8741 16083 13 28 3037 1628 7198 13 553 93 29294 357 3025 13 134 87 1665 7908 34410 4 11944 -1 -1 0 0 0 0 6 7 8 5 4 4 4 4 5 3 0 0
"e1b383ef6df9f138" 20 191 1628 2570 2914 13 347 286 330 2307 13 553 28 574 34411 13 35 457 788 699 4 11945 -1 -1 0 0 0 0 6 8 6 3 2 4 3 5 6 4 0 0
"7c78e6c55dadfd30" 18 3251 3314 13 357 1806 10248 13 553 330 347 863 305 4831 774 28170 26057 34412 4 11946 -1 -1 0 0 0 0 7 8 7 4 3 4 3 4 4 5 0 0
"3fe902ee9c036bea" 23 150 36 2697 305 20 6030 35 347 1667 13 553 191 796 102 2652 607 2 4702 35 852 66 34413 4 11947 -1 -1 0 0 0 0 0 0 0 0 0 0 0 0 0 0 0 0
"0a0dda93a8a88dae" 23 47 10051 373 19115 13 2107 1047 113 34414 2114 13 553 357 449 87 61 53 7429 20 313 34415 34416 4 11948 -1 -1 0 0 0 0 5 6 6 5 6 4 2 5 3 2 0 0
"62aaf9ffd658354f" 21 150 3727 36 34417 13 25 796 5127 34418 13 553 1071 772 26525 35 373 727 357 877 19884 4 11949 -1 -1 0 0 0 0 6 7 7 5 6 3 4 2 6 5 0 0
"3c730785b3f8fe2f" 23 34 26 6756 6971 34419 13 61 13333 712 171 2475 1043 34420 13 553 548 9938 13 1071 34421 4120 200 4 11950 -1 -1 0 0 0 0 4 5 6 5 6 7 3 5 4 5 0 0
"9c9955f8b6944323" 20 95 412 890 13 41 2852 34422 34423 15770 13 553 34424 858 1293 171 34425 87 25 1821 4 11951 -1 -1 0 0 0 0 3 4 4 4 3 7 2 4 6 3 0 0
"20c42ba49fff473e" 18 20 347 388 146 1061 34426 25326 13 553 2303 61 13 35 4836 752 1552 34427 4 11952 -1 -1 0 0 0 0 3 2 3 4 3 3 2 6 2 5 0 0
"5073c6ab42cc2489" 33 181 13 182 183 13 47 34428 30058 4 4 553 34429 34430 3514 13 1559 150 10545 36 13985 357 4326 66 113 10991 13 357 353 20 330 150 36 4 11953 -1 -1 0 0 0 0 2 4 3 4 2 2 2 3 4 4 0 0
"61c9f31a006e1113" 22 150 8306 286 1842 20 35 36 545 8589 5536 4187 13 553 93 1319 524 34431 1071 26 34432 18817 4 11954 -1 -1 0 0 0 0 4 5 6 4 6 5 5 3 4 3 0 0
"1215c7c9f1f91e04" 18 47 12029 12030 13 150 1568 286 3753 5046 13 553 20087 28 326 2 34433 21322 4 11955 -1 -1 0 0 0 0 7 6 7 6 7 5 6 6 8 9 0 0
"0c2de9fe75666bab" 27 150 713 521 5288 23691 34434 13 553 1971 5381 13 191 34435 2596 6647 13 297 34436 15 3478 358 2 11612 358 4862 5288 4 11956 -1 -1 0 0 0 0 5 4 4 4 5 3 2 5 5 5 0 0
"3dd9b92bf38a200e" 28 34437 16780 13 191 174 616 452 34438 1047 13 553 191 4463 34439 10798 13 297 1200 34 150 545 417 1032 14205 15 7325 34440 4 11957 -1 -1 0 0 0 0 2 4 3 4 2 4 3 5 2 6 0 0
"d45bbda3dbd50085" 21 34 113 35 3780 13 113 34441 34442 13 553 113 4552 34443 1485 728 2 34444 2731 35 34445 4 11958 -1 -1 0 0 0 0 2 3 2 4 2 2 3 3 5 3 0 0