"ec2db17d10b8fa15" 17 1862 2781 34587 2 34588 13 553 357 61 9911 18922 2299 2 10811 14890 34589 4 12019 -1 -1 0 0 0 0 6 4 5 4 6 7 3 2 4 7 0 0
"d7524fa1110d7ef8" 18 359 8495 1307 9948 34590 7548 13 553 2 9495 3614 2 2280 34591 2321 10057 4211 4 12020 -1 -1 0 0 0 0 5 4 3 5 4 4 5 3 4 3 0 0
"7d9f36479e873959" 25 34 3235 1199 1097 61 13 357 35 36 34592 6994 13 553 548 87 362 87 61 2652 1765 2067 2 737 2446 4 12021 -1 -1 0 0 0 0 6 6 7 6 5 5 4 2 4 5 0 0
"2d9387bc308c6813" 18 13280 34 3038 357 61 13281 5402 13 553 34 26 3908 2 32273 34593 3327 7301 4 12022 -1 -1 0 0 0 0 4 6 4 3 5 6 5 3 3 3 0 0
"2a97ccbfe606d92c" 22 1774 5297 20 34594 6830 13 2 188 33920 26810 13 553 34 6333 6334 29234 2 6282 1319 6348 34595 4 12023 -1 -1 0 0 0 0 7 6 8 5 6 6 8 5 4 5 0 0
"be1b823cbe19d7a9" 22 35 1743 34596 13 35 421 34597 553 1205 34598 357 362 286 330 990 4107 394 451 188 34599 34600 4 12024 -1 -1 0 0 0 0 7 7 6 5 6 5 4 6 4 4 0 0
"dd996430ab597dd2" 25 1071 2227 361 297 66 703 12624 125 353 13 553 517 34601 34602 1757 55 34603 13 2 4140 524 3327 282 23343 4 12025 -1 -1 0 0 0 0 8 9 9 7 7 4 6 4 5 5 0 0
"b4985ad0f4ae1fd6" 27 9928 9929 150 9282 9211 13 553 520 34604 607 297 34604 165 13 553 357 3443 150 36 487 297 748 20 3075 61 11676 4 12026 -1 -1 0 0 0 0 7 8 7 7 6 5 4 5 4 6 0 0
"d60da5c296fecd4f" 42 34605 1109 8459 1097 34606 9950 13 553 357 14853 417 13308 11813 30007 2100 1795 8620 34607 13 553 1109 1990 5561 35 87 731 1854 18054 136 20 1109 34608 13 87 2505 548 606 7793 36 20 34609 4 12027 -1 -1 0 0 0 0 6 5 5 5 6 4 2 3 3 4 0 0
"54c6a236f0d4a0ea" 27 87 10423 457 10424 13 20 34610 34611 13 553 655 21871 1071 34612 330 1131 5282 34613 34614 2 34615 698 34616 3327 953 22316 4 12028 -1 -1 0 0 0 0 8 6 6 6 7 6 5 5 5 5 0 0
"a060c674897ae740" 33 191 34617 150 373 15147 15148 15149 13 553 150 20422 545 527 13 38 5217 970 3032 637 34618 13 553 357 125 1749 5579 7590 5579 34619 2200 6561 61 4 12029 -1 -1 0 0 0 0 5 4 4 5 6 4 3 4 3 4 0 0
"1944c6b047c00962" 37 150 9683 330 9367 4310 13 373 34620 34621 355 13 553 95 6563 61 3210 357 34 26 2813 34622 532 7123 34623 34624 13 553 134 1 14695 34625 2 34626 8664 34627 2340 4 12030 -1 -1 0 0 0 0 7 5 5 5 6 4 3 6 4 5 0 0
"82f9f9d691b02776" 22 32702 2 34628 47 150 18154 637 2446 9066 13 553 3385 1763 31294 13136 143 2 1022 3486 721 927 4 12031 -1 -1 0 0 0 0 6 6 5 5 6 5 3 5 3 3 0 0
"e39da3a12f8014ac" 48 34 186 35 2846 32535 13 3248 2733 2734 34629 358 13 553 16 347 441 772 34630 138 34631 61 415 29776 21069 13 357 655 150 36 146 421 993 20 28483 13 553 150 15329 93 4093 29855 6004 47 3606 358 32318 2767 4 12032 -1 -1 0 0 0 0 6 6 7 5 4 4 3 2 4 5 0 0
"d56e8e60465cb99f" 33 742 61 1303 2027 20 34632 13 553 291 292 34633 34634 2 1109 1110 1763 125 13 553 357 1110 2652 1775 6348 12346 13 188 4735 2 66 188 4735 4 12033 -1 -1 0 0 0 0 8 7 6 5 6 6 3 3 4 3 0 0
"172192e99fd5c4de" 18 4339 174 616 13 1071 556 925 362 13 553 8279 823 3488 13 24065 34635 265 4 12034 -1 -1 0 0 0 0 5 6 4 7 6 4 5 4 3 2 0 0
"5e6445c5a5b2a843" 20 34 13332 596 32542 13 6501 1129 13 553 7198 191 1610 13 26 2369 6907 116 983 8394 4 12035 -1 -1 0 0 0 0 8 7 6 8 7 6 6 5 6 7 0 0
"a6acf80a972e496b" 22 14647 14648 34636 504 34637 13 553 16475 61 3248 4799 34638 13 1549 13 34 564 2369 6907 116 34639 4 12036 -1 -1 0 0 0 0 7 6 6 8 6 6 4 2 5 4 0 0
"269dd83422a98d94" 22 718 41 392 13 357 20 26 34640 35 1106 13 553 297 297 13 2905 2151 5141 1131 34641 23501 4 12037 -1 -1 0 0 0 0 6 5 5 6 5 5 4 3 4 4 0 0
"430244580b8805cd" 18 7264 13059 1660 2 34642 3503 14386 13 553 14 10853 1549 347 39 330 2700 34643 4 12038 -1 -1 0 0 0 0 7 6 7 8 6 6 6 3 4 5 0 0
"c6ff076db681de51" 18 5620 1150 357 311 150 24568 13 553 87 61 34644 26265 2006 35 9598 286 34645 4 12039 -1 -1 0 0 0 0 6 6 7 8 5 4 7 4 6 7 0 0
"8c3bffdb7116abac" 22 1549 2652 12126 35 23278 150 357 20 34646 2376 13 553 297 482 1101 596 61 41 29787 2652 34647 110 12040 -1 -1 0 0 0 0 7 5 6 6 6 6 5 6 5 4 0 0
"e62e10832040ccb8" 19 15703 125 15704 13 499 66 863 13 553 150 437 10125 16907 13 1069 305 34648 34649 4 12041 -1 -1 0 0 0 0 5 4 3 4 4 4 2 3 3 2 0 0
"44c8328658ddd652" 23 347 1622 441 13 347 36 87 6530 34650 13 553 34651 35 265 23 2 87 61 95 858 55 113 4 12042 -1 -1 0 0 0 0 6 7 6 6 7 6 5 4 5 4 0 0
"85ae720aa21057b4" 19 13989 14030 13 718 718 13 357 34652 1580 13 553 388 2664 772 1093 5141 18841 26157 4 12043 -1 -1 0 0 0 0 8 7 8 7 6 5 6 3 4 3 0 0
"50daaf2786bd1df0" 23 347 19149 18896 990 134 1250 1756 13 20 2905 13 553 8176 6608 13 357 10858 10859 2284 21322 457 113 4 12044 -1 -1 0 0 0 0 6 6 5 6 5 4 4 5 4 3 0 0
"acf20b310341a0c4" 23 340 1333 357 150 12803 4176 36 19135 13 553 2483 15693 1930 15694 15695 134 113 493 2 524 2601 7176 4 12045 -1 -1 0 0 0 0 5 4 6 5 5 4 2 5 3 4 0 0
"e83d9cde21916775" 19 171 860 2902 13 347 39 26157 34653 13 553 15550 15526 35 1906 1383 457 355 11866 4 12046 -1 -1 0 0 0 0 7 6 6 7 6 4 5 4 5 3 0 0
"10079b70fc0eadf3" 27 87 34654 76 61 3247 3497 8985 13 553 1549 150 87 2519 504 113 2861 34655 34656 34657 13 1109 737 9860 297 20 4209 4 12047 -1 -1 0 0 0 0 6 5 5 6 5 4 3 4 4 3 0 0
"093652c7cfd0d5c0" 28 347 975 34658 2861 20 31163 34 26 53 4 553 57 1420 14782 2 66 113 1837 1201 20800 34659 13 34660 4393 297 20 1697 4 12048 -1 -1 0 0 0 0 8 7 7 6 6 6 5 4 5 4 0 0
"1723aa52d5ddb788" 23 66 414 13820 13 357 134 66 34661 29581 13 553 4346 5381 10140 421 13 66 347 31744 34662 34663 34664 4 12049 -1 -1 0 0 0 0 3 3 3 3 3 3 3 3 3 3 0 0
"3398aa42bfeb828a" 25 6291 61 566 1199 28109 13 13502 467 6915 13503 13 553 530 3485 171 10540 2803 13 2 11302 11672 34665 20 34666 4 12050 -1 -1 0 0 0 0 6 5 4 4 4 7 3 3 3 4 0 0
"e1ac3cfa0a239bc3" 28 345 7026 7027 1109 7028 13 66 34667 2 34668 34669 13 553 596 11875 96 13 2 66 28138 326 13 749 11336 13 357 22167 4 12051 -1 -1 0 0 0 0 8 6 6 8 7 3 3 3 7 6 0 0
"85c39553670a9316" 27 66 347 146 1045 25 1857 47 482 414 13 553 35 297 34670 359 5963 14280 13 357 66 3302 4222 2 3537 188 30470 4 12052 -1 -1 0 0 0 0 4 2 2 5 4 2 2 2 4 3 0 0
"7a46f946ee509bc5" 35 66 556 8419 13 20 12088 28802 13 66 1749 27642 13 553 596 737 1689 1690 1691 171 1692 13 357 414 4882 188 1828 13 191 345 2734 414 7521 4 68 13 12053 -1 -1 0 0 0 0 9 7 6 8 7 4 4 4 8 5 0 0
"ee758c4d8cc970c9" 22 150 504 1720 388 13 20 23 20 34671 2 34672 13 553 517 102 61 23739 548 20422 417 2928 4 12054 -1 -1 0 0 0 0 2 2 3 2 2 2 2 3 3 3 0 0
"cd2bcfd22e160995" 46 35 34673 66 13 357 66 117 3591 63 11793 24592 13 553 20 34674 17575 113 117 566 170 13 2 34675 3751 2 17137 1187 150 36 34676 13 553 347 36 6391 19127 2391 13 357 34677 410 357 727 34672 34678 4 12055 -1 -1 0 0 0 0 3 4 5 3 3 2 3 3 5 4 0 0
"05d86dc8ced204a9" 26 6129 3951 4663 13 34679 61 34680 353 61 34681 13 553 9707 61 171 34682 13 4177 515 34683 7460 34684 1913 93 117 4 12056 -1 -1 0 0 0 0 7 8 6 4 3 9 4 4 3 3 0 0
"3647f5e78e910a6e" 25 25 6740 6741 417 2518 87 6742 13 1319 693 13 553 188 4990 417 6724 13 1060 188 34685 34686 787 297 68 13 12057 -1 -1 0 0 0 0 5 5 5 5 4 5 3 3 3 5 0 0
"fed33c0bcec9e26e" 56 2 66 23641 2340 30470 13 357 410 87 3025 1588 13 553 86 13 34687 13 7904 34688 13 19975 34689 13 553 6129 3951 4663 13 2 66 414 34690 10436 34691 34692 18169 13 8723 30680 799 13 553 35 36 504 10954 13 95 16865 2507 481 66 34693 29591 34694 4 12058 -1 -1 0 0 0 0 7 5 4 6 7 7 4 3 5 5 0 0
"2becab97949b3cb3" 31 9707 13 66 23 29591 2056 13 66 5896 997 18885 13 553 188 4990 66 23 737 34695 13 20 34 3232 171 9948 2 12828 66 113 9733 4 12059 -1 -1 0 0 0 0 8 6 5 7 8 2 3 3 8 6 0 0
"92d3d13a285c4563" 45 718 308 1303 13 20 530 4816 35 8493 13 27541 860 150 34696 10741 13 553 1047 977 482 47 414 308 34697 10475 3739 13 553 2 182 410 357 2087 16136 1511 13 1511 188 34698 2 34699 18432 20 34700 4 12060 -1 -1 0 0 0 0 3 2 2 3 3 2 2 2 4 3 0 0
"c801bfa77ed38799" 35 530 373 2615 2 10246 150 993 2286 13 553 2 373 150 12164 34701 566 1720 6911 609 13 553 47 2581 2582 553 87 6742 34702 13 171 34703 2131 17117 34704 4 12061 -1 -1 0 0 0 0 2 2 2 2 2 2 2 2 2 9 0 0
"ac0c2144e3deffd6" 48 66 34705 2 9830 34706 3180 13 66 34707 417 17394 23 27665 13 553 2 9495 3614 342 8394 553 34708 9060 150 34709 66 5342 13 66 1008 20647 13 553 184 297 61 9911 13 1988 19657 5530 125 330 22032 347 1232 39 4 12062 -1 -1 0 0 0 0 4 3 4 4 3 4 3 3 3 4 0 0
"ff2c27af74d9d522" 34 34 3235 1199 1097 61 2 25 66 117 13 553 1580 564 521 8169 13 20 34 150 6083 330 13 553 1775 6348 12346 13 357 610 47 2581 2582 553 4 12063 -1 -1 0 0 0 0 3 3 4 3 3 2 3 3 4 5 0 0
"9dd4d68ec9bd4d19" 17 20 5043 13 34710 34711 34712 34713 13 553 2637 1131 5282 16471 16472 13 6613 4 12064 -1 -1 0 0 0 0 2 2 4 3 4 2 2 2 2 3 0 0
"d6e8dba3b9249921" 30 16475 3248 7083 34714 13 34715 34716 13 553 357 66 6836 12624 125 93 6592 2 12624 20083 13 553 13280 3038 13 357 13281 361 113 10273 4 12065 -1 -1 0 0 0 0 2 2 5 4 2 2 2 4 2 2 0 0
"e07b9530cce80f5e" 28 34 6333 6334 3919 20 31115 34717 13 553 47 9066 13 23470 34718 20 34719 13 553 38 5217 14187 150 14188 13 34720 4227 8688 4 12066 -1 -1 0 0 0 0 4 4 5 3 4 2 2 3 2 3 0 0
"a212f54c297f570d" 25 134 1 171 4906 34721 13 20 15545 34722 13 553 10423 10424 13 4414 7557 34723 13 482 34724 6130 33263 3282 313 4 12067 -1 -1 0 0 0 0 3 4 4 6 5 4 3 4 3 3 0 0
"afe1064e6b0becab" 29 359 6252 7706 1307 13 34725 34726 13 553 2 6004 13 6952 20 4715 34727 13 142 13746 13 553 4339 34728 34729 13 34730 34731 34732 4 12068 -1 -1 0 0 0 0 2 2 4 3 2 2 2 2 2 2 0 0
"5741ea0b36b3a4f1" 21 191 14647 14648 14649 13 53 34733 13 553 1549 6561 15976 34734 13 34735 34736 113 7715 34737 34738 4 12069 -1 -1 0 0 0 0 3 3 2 4 3 2 3 3 4 3 0 0
"a9ffad045156eb78" 20 26 6501 1129 13 33568 3302 13 150 17942 13 553 1362 34 566 13 772 34739 34740 32101 4 12070 -1 -1 0 0 0 0 6 5 6 4 4 5 4 4 2 3 0 0
"b8731f62fb5fd89d" 34 35 4310 9399 61 1112 13 357 87 388 628 13 553 8279 12484 26949 8336 19901 7282 13 6105 34741 13 553 3385 1763 1091 13135 13136 13 359 1123 34742 1433 4 12071 -1 -1 0 0 0 0 2 2 3 5 2 2 2 5 2 7 0 0
"4211a2186de6b57f" 24 1580 6563 61 3210 13 357 87 61 1737 34743 13 553 9928 9929 150 8506 9211 13 1109 34744 4715 542 2734 4 12072 -1 -1 0 0 0 0 3 3 4 5 3 2 2 3 2 5 0 0
"8f554363e63177dc" 24 520 3628 607 297 87 3628 165 13 553 357 13856 61 11676 13 87 165 2 607 357 3804 150 87 10043 4 12073 -1 -1 0 0 0 0 4 4 5 5 4 2 2 4 2 4 0 0
"8af3c209537e2376" 45 548 986 286 451 1780 13 347 993 388 171 21062 13 553 6408 6409 6410 13 34745 388 15358 13 34746 1664 23 1305 17727 13 553 772 3455 14790 983 3606 358 13 25250 6969 8586 13 1250 34747 34748 2852 7820 4 12074 -1 -1 0 0 0 0 2 2 4 3 2 2 2 5 2 4 0 0
"e313e238c0215bf0" 36 297 606 1047 925 1849 13 191 150 2439 13 553 34 26 3908 2 66 23 34749 13 357 150 34750 373 34751 15147 6777 13 2852 775 417 34752 13 1200 146 7428 4 12075 -1 -1 0 0 0 0 2 2 2 4 2 2 2 2 2 4 0 0
"43f1096903c43636" 41 1862 2781 2830 13 2303 23735 13 553 4139 517 4140 524 4141 13 23 9308 34753 367 13 553 35 323 324 13 347 330 863 32969 13 35 102 61 1093 13 20 4361 61 34754 1983 953 4 12076 -1 -1 0 0 0 0 3 3 4 6 4 5 4 4 3 3 0 0
"d59ce66d1a2463b5" 25 1071 637 2227 13 2905 5399 13 553 616 115 537 3537 1449 3538 3532 13 553 1205 13 14702 34755 774 170 200 4 12077 -1 -1 0 0 0 0 3 3 4 5 4 2 2 3 2 4 0 0
"492e8f0f3df14f5d" 24 1774 5297 13 20 796 1114 628 34756 553 1071 925 556 330 14980 13 553 291 292 293 294 13 504 34757 4 12078 -1 -1 0 0 0 0 3 3 4 4 3 2 2 3 3 3 0 0
"547f1c11f6c2e4e8" 21 1205 421 13 687 87 36 34758 13 553 357 547 61 171 8709 2 5456 61 102 566 1246 4 12079 -1 -1 0 0 0 0 7 6 5 7 6 6 3 5 3 7 0 0
"bcfbf8079ce7bbb9" 26 34759 13 35 11688 34760 150 36 330 11285 13 553 47 7514 7515 7516 13 297 297 13 117 353 12666 13 2416 34761 4 12080 -1 -1 0 0 0 0 7 8 6 6 6 8 5 3 4 5 0 0
"860996071265bb4e" 27 191 34762 1029 34763 660 13 87 2902 13 35 5870 1094 34764 1093 13 553 687 2062 6020 34765 941 13 34766 15526 2999 34767 4 12081 -1 -1 0 0 0 0 4 5 6 7 8 5 2 5 4 8 0 0
"853afeabb301536b" 25 1032 3737 22218 55 297 4941 9204 13 553 297 1376 12084 12085 13 13989 14030 191 4150 5279 13 357 2470 23 415 4 12082 -1 -1 0 0 0 0 8 9 9 6 6 7 3 4 3 6 0 0
"19b9960d8d0b9f05" 23 34768 5381 10140 421 13 34769 359 14019 13912 13 553 34770 4 10858 10859 61 10860 13 1321 957 633 417 4 12083 -1 -1 0 0 0 0 7 7 5 6 4 6 3 7 3 6 0 0
"3ddec1984054fa79" 42 35 2807 311 34771 484 12516 13 553 357 2652 34772 34773 13 150 4176 12803 13 87 61 10800 34774 13 553 150 1780 34775 34776 188 28149 34777 1807 4 596 34778 1689 1690 1691 171 1692 13 34779 4 12084 -1 -1 0 0 0 0 5 6 3 2 2 6 2 9 4 9 0 0
"b93c00429b4ce76e" 58 10464 13 718 13 95 61 34780 13 482 3314 171 34781 13 553 87 61 37 34782 13 87 61 171 25379 13 87 61 13820 13 553 357 41 34783 13 34784 722 5620 1150 13 4342 150 34785 637 34786 13 553 9860 87 6258 10511 13 357 134 34787 61 3302 34788 34789 4 12085 -1 -1 0 0 0 0 8 7 6 4 5 6 2 2 5 2 0 0
"92a3faef190bf023" 36 2 28529 35 10327 598 34790 13 357 7882 34791 13 553 35 457 34792 14794 520 34793 34794 13 553 20 35 863 14518 13 47 150 367 863 34795 34796 4 388 2664 4 12086 -1 -1 0 0 0 0 5 4 5 4 4 3 2 6 3 6 0 0
"f05814eead775290" 37 28 31187 34797 13 331 34798 13 553 2446 66 556 8419 13 102 14769 13 553 2 566 66 265 8176 6608 28 76 150 36 330 24025 34799 13 34800 579 364 4595 6 4 12087 -1 -1 0 0 0 0 7 6 6 4 5 6 3 7 5 7 0 0
"dff472384e7781a7" 31 345 7026 7027 1109 7028 34801 394 125 1052 13 553 15703 1424 125 313 15704 13 553 357 1405 8671 1109 1047 34802 22951 2200 5045 8461 2 34803 4 12088 -1 -1 0 0 0 0 6 6 5 4 3 7 3 5 5 6 0 0
"02e42b86a92be7b1" 33 35 95 340 150 36 566 34804 4284 68 13 553 1071 547 34805 34806 13 340 1333 13 553 2 386 359 1892 34807 34808 34809 34810 13 2 14786 34811 4 12089 -1 -1 0 0 0 0 3 6 4 6 3 6 2 4 2 7 0 0
"50bc42608f6d1802" 73 1829 102 61 13 2 57 34812 150 36 1259 34813 13 553 47 1043 1774 13 357 347 330 600 596 18371 13 553 150 504 1720 388 13 41 347 39 1783 13 553 548 457 545 34814 34815 13 20 34816 1964 11866 31427 13 2 47 13085 13 20 29307 19722 11603 34817 34818 13 34819 13 35 4337 34820 34821 13 34822 34823 150 4337 34824 34825 4 12090 -1 -1 0 0 0 0 7 4 5 4 3 4 2 5 4 6 0 0
"5e6808b8468fc208" 42 134 66 23 20164 417 13 35 3497 8985 13 553 297 35 41 61 1069 34826 2813 782 26 16293 359 34827 13 553 357 191 23 34828 19679 13 553 530 3485 171 10540 2803 13 1374 134 34829 4 12091 -1 -1 0 0 0 0 6 4 3 4 5 5 2 5 2 4 0 0
"3e80dd013aa1f38d" 46 10125 16907 13 588 950 28317 17601 13 553 76 61 34830 13 28 87 150 1223 435 34831 13 553 357 76 61 12694 34832 13 297 13502 467 6915 13503 13 553 125 95 102 13 35 4638 311 4145 12537 308 6581 4 12092 -1 -1 0 0 0 0 6 7 6 5 6 6 3 4 5 4 0 0
"55733f2f54698575" 32 449 1664 7694 7695 2100 150 36 21192 34833 13 553 3302 34834 1722 4 47 1756 13 357 136 61 13 87 61 34835 13 34836 2 87 34837 34838 4 12093 -1 -1 0 0 0 0 0 0 0 0 0 0 0 0 0 0 0 0
"289e0179eb9f28e9" 18 517 102 61 34839 13 357 1109 113 2731 13 553 57 1420 14782 2 3766 34840 4 12094 -1 -1 0 0 0 0 8 7 8 6 7 6 6 3 8 4 0 0
"7ed3243c6aa97063" 23 191 3153 21022 8461 13 553 282 2483 15693 1930 15694 15695 13 553 347 286 421 362 20 347 30779 441 4 12095 -1 -1 0 0 0 0 6 6 9 7 8 3 5 3 7 2 0 0
"66bfb9c285332026" 30 26 34841 504 2029 171 13 553 2 14 33 687 93 7254 2 1886 446 504 34842 13 553 357 76 61 545 1069 34843 2151 359 34844 4 12096 -1 -1 0 0 0 0 8 8 8 8 8 5 5 3 7 7 0 0
"dbb3af09231ca12c" 24 150 304 34845 330 13 20 1101 61 3302 13 553 2 87 113 61 1549 34846 13 20 102 606 61 1716 4 12097 -1 -1 0 0 0 0 7 6 7 6 4 4 4 4 4 4 0 0
"2dfc4edb7729c808" 20 517 102 61 4254 13 499 2861 1863 13 553 357 18841 13 1071 637 319 359 61 34847 4 12098 -1 -1 0 0 0 0 7 7 7 5 5 6 5 5 6 4 0 0
"d43368621a38fc23" 21 5574 34848 358 13 20 31068 2 7264 13059 1660 13 553 713 11445 11955 217 4546 596 11875 96 4 12099 -1 -1 0 0 0 0 7 7 7 7 6 6 6 5 5 4 0 0
"a13e74d55e4b23b0" 27 517 102 61 297 34849 13 553 357 1376 12084 12085 13 1034 2280 228 446 13 553 265 8176 6608 13 1071 2715 925 796 4 12100 -1 -1 0 0 0 0 7 7 7 6 6 4 4 3 5 4 0 0
"8b2cb39e4bc7ce09" 28 774 1552 394 61 34850 4749 13 35 286 1497 34851 13 553 87 502 2902 47 150 13 2 297 87 61 55 1342 61 621 4 12101 -1 -1 0 0 0 0 6 6 8 6 6 3 3 5 6 6 0 0
"630cfaeda3d7130d" 26 95 860 3606 1179 10668 13 2 596 704 396 10725 13 553 2 7168 347 1622 441 772 748 1403 28543 34852 34853 34854 4 12102 -1 -1 0 0 0 0 8 8 8 6 7 4 4 5 7 5 0 0
"4fcef84b87ea996a" 22 23751 457 1083 22904 13 357 150 457 355 11866 13 553 15703 1424 2 34855 6734 357 34856 34857 15334 4 12103 -1 -1 0 0 0 0 7 7 7 7 6 4 4 4 4 4 0 0
"e2c2488c15e58bb8" 27 18483 18983 34858 2 93 34859 13 8341 34860 3853 2318 1762 13 553 2 1376 12624 297 297 13 520 1774 34464 2135 8610 5163 4 12104 -1 -1 0 0 0 0 6 6 7 7 6 4 4 3 4 4 0 0
"a4def85cf15c8a47" 44 28 282 3744 421 35 847 1852 13 373 3744 18259 34861 13 553 34862 441 34863 29326 87 61 191 622 10858 10859 61 10860 13 553 20 3089 34864 2874 61 4107 15526 13 282 1885 22133 530 311 2 5870 4 12105 -1 -1 0 0 0 0 7 7 7 7 5 3 3 7 6 6 0 0
"04247ba98bb43e25" 25 6391 347 34865 1765 34866 2439 1071 34867 34868 13 553 7688 87 61 13820 1071 34869 13 548 330 504 1510 1720 388 4 12106 -1 -1 0 0 0 0 6 6 6 7 6 4 4 4 5 4 0 0
"3cde18d0b9fc76ac" 34 4715 11955 61 34870 13 1034 7874 358 13 553 34871 731 30593 55 2 34872 13 553 1333 340 3483 2 3090 87 61 13 357 20 34873 1885 517 102 61 4 12107 -1 -1 0 0 0 0 7 7 7 6 6 4 4 4 5 4 0 0
"0325cd2c9b284a31" 29 742 61 28483 7075 6915 13503 13 553 1034 102 1750 440 1109 34874 61 2483 15693 1930 15694 15695 13 553 357 1609 34875 150 6584 12803 4 12108 -1 -1 0 0 0 0 6 6 7 7 6 3 3 5 5 3 0 0
"530aef470aed91b7" 22 117 1201 170 2700 13065 13 2 113 3474 171 31738 13 553 492 19953 34876 13 7047 712 1043 8340 4 12109 -1 -1 0 0 0 0 7 8 6 7 8 5 3 6 5 5 0 0
"b07c9f336576c0bb" 20 4752 34877 13 20 1 257 34878 13 553 357 5209 4970 5211 13 687 452 7874 358 34879 4 12110 -1 -1 0 0 0 0 8 7 8 6 7 6 5 6 3 2 0 0
"4f6be1cdc60c68cd" 20 347 304 2439 993 13 719 34880 4361 61 13 553 499 330 6758 3401 18668 1552 5495 34881 4 12111 -1 -1 0 0 0 0 9 8 5 7 7 7 4 2 9 4 0 0
"41843f9bb6d3aa90" 18 1145 34882 2770 13 63 34883 34884 13 553 20 5963 14280 13 38 34885 4970 34886 4 12112 -1 -1 0 0 0 0 7 6 5 6 6 4 3 5 3 6 0 0
"d94c1626ecda72be" 23 1908 1923 13 29718 13 1580 13140 34841 504 13 553 1112 61 443 13 357 388 2664 25 93 34887 34888 4 12113 -1 -1 0 0 0 0 8 9 7 8 7 8 6 5 5 6 0 0
"fd644c849c865892" 17 517 102 23084 13 18 1651 8842 13 553 34889 3450 6302 13 4257 18882 11751 4 12114 -1 -1 0 0 0 0 7 6 6 7 6 5 3 8 7 5 0 0
"bc0c06102789d81b" 24 347 3278 13 520 76 61 13 66 23 3302 34890 34891 13 553 7017 61 78 13 1842 20 6648 1385 34892 4 12115 -1 -1 0 0 0 0 6 6 7 5 6 5 5 7 6 8 0 0
"a03be59976b4ca11" 24 150 1568 286 34893 2833 13 2852 731 34894 13 553 495 19688 13 134 3450 13 34895 93 616 66 7860 34896 4 12116 -1 -1 0 0 0 0 7 6 7 7 8 7 3 4 9 7 0 0
"456d06f247e7bb56" 17 150 1622 1667 13 7264 150 504 19797 13 553 2683 34897 34898 13 5620 1150 4 12117 -1 -1 0 0 0 0 8 7 6 5 5 6 4 7 5 5 0 0
"ee8fc9e8a4c9585e" 23 41 35 1661 13 66 34899 6838 34900 13 553 2 6659 4241 13 449 297 297 13 35 545 1983 34901 4 12118 -1 -1 0 0 0 0 8 7 5 6 7 5 3 6 4 8 0 0
"b2ac5fb2f6f75f15" 21 457 1689 1690 13 2 28098 171 2123 13 553 357 347 18659 986 362 13 347 355 1356 11866 4 12119 -1 -1 0 0 0 0 7 5 4 4 5 6 3 5 5 4 0 0
"70ad80b4e30c7df7" 23 4638 102 3219 13 150 36 330 63 572 110 553 134 5189 4110 13 449 1664 13 14566 34893 5140 806 4 12120 -1 -1 0 0 0 0 6 7 5 6 5 6 4 3 4 4 0 0
"ca8591c87f9e240b" 35 66 1778 13 66 19546 13 34902 19546 13 2 87 1464 23 4890 13 553 718 13 66 23 63 13820 13 2 66 34903 13 35 1906 34904 373 4840 34905 34906 4 12121 -1 -1 0 0 0 0 9 7 8 10 9 7 5 6 8 8 0 0
"49bedefec8d70b84" 19 1342 61 3483 13 34907 38 18352 13 553 530 39 34908 34909 340 1301 13 113 61 4 12122 -1 -1 0 0 0 0 7 5 6 6 5 5 4 5 5 5 0 0
"f81c4a1032bb25b7" 27 34 26 63 34910 13 3474 353 359 15604 18996 13 553 41 392 1043 13 1869 13 852 704 4702 13 297 482 1101 61 110 12123 -1 -1 0 0 0 0 8 7 7 7 7 5 4 5 5 5 0 0
"4722cb18cf9b7b09" 19 14124 34911 13 125 4176 23250 13 553 12803 87 150 36 845 13 95 61 3405 18356 4 12124 -1 -1 0 0 0 0 7 8 9 8 7 7 4 6 2 8 0 0
"130378d4ca730353" 18 61 396 10725 2 12615 34912 13 553 517 102 61 34913 357 87 150 36 34914 4 12125 -1 -1 0 0 0 0 6 8 9 7 8 6 4 2 4 6 0 0