"9d523b10cc593e0e" 1579 7037
"c8ad57d81625cd74" 5368 6791
"78baea0d0356d383" 8055 3407
"29969a3c82e8a107" 9770 2435
"31d3e226d87408c5" 3440 4342
"0e1fb234e1788755" 121 1016 2590
"f7edc42ce44e0f64" 1611 10425 2574
"c46518c77a56572a" 7058 2235 10210
"d7a23087b187f0d4" 4381 2181 11278
"0a4429d0a74cdb43" 7526 12165
"6d2d2e2052a698f6" 11267 10530 4696
"5d4a3cdb9f877293" 6702 4492 10898
"10072aba4afd6be3" 7351 9609
"a9d39f89c850bf40" 12170 10968 4031
"79b681dc591e14fc" 3938 113 8991
"376b8def6d808e89" 2741 11131 5806
"e933affdcb0d8627" 4675 5702 5900
"c61bab28f8038641" 10851 12170 5702
"b60bc414e90b7e47" 8813 4661
"1cee8ed92eac9db7" 11699 6348 7921
"b7e3eda77c0f6647" 3688 6086
"f558e77239bb0b29" 3262 23 5181
"d8f0702342e637e9" 11729 7235
"8a98d32fa8e750cd" 843 7340
"a6b79d4e1dfa4dd5" 10373 6140
"b2c8ebb85b81fcd1" 6572 9804 7930
"4ca2bc5f01389e71" 7079 9264 11724
"27e2119c41d18492" 11693 11595 8549
"a2b4a7e94facf29c" 6410 7611
"e77beafb254769c8" 7345 10964
"f4aaafbf9b7f549f" 10315 7251
"e6270df7d009f844" 9918 7643
"67e22207b949ee56" 4866 8559
"b838ec255d6d0048" 4364 10626
"e6c96d8d4b8272b7" 5925 857 5363
"722c0071fe2bcdb4" 11022 388
"07e985bde5f59630" 3383 1400 11968
"c7f135fa576f5c1f" 4132 6971
"f68153ea65a45e9a" 4669 3213 1400
"49cb6fe1495c32cc" 11968 4132 3383
"9bc000c406df608d" 6971 3213
"35f91a8451162f00" 2672 4418 11968
"9c921dd10ac7d9f1" 1400 3383 4669
"18e20e485761680a" 6791 5900 7037
"509d29bf9cd1fb17" 8055 5702 8991
"c65e432ec13130d1" 3938 12165
"2babe4fa615158c0" 12170 10425 9770
"c5b0cc56f518978c" 4342 7351 10530
"db0e8aa025e59ef3" 10898 7526
"9a03a03dae01d5f3" 5368 4031 2741
"c813e525050c0477" 10851 4696
"3eaadf89be6eb3ae" 4675 3407
"60ff6479e0843ea9" 6702 5806 9609
"b1c937cf8ad1f51b" 4492 7058
"e879127c8c0c6694" 2235 10210
"82b2a0faa3e86380" 2590 4381 10968
"17e1998f752079cf" 11278 2435 11267
"b58c12b0d9c75e38" 1579 2574 121
"5c0281c5e92e0fc3" 1611 2181 1016
"9294a8b7ac2517cf" 3440 11131 113
"63bb685054ae6514" 1016 6193
"b95d70e3d982ce8f" 5213 4661
"565817f7be7345ee" 11693 4364 11595
"521be1d14cf9d9b4" 8730 10373 11057
"e53691f4f48354bf" 7251 7930
"84623b176c832073" 6086 9264 857
"fcf020c21270e57c" 10315 3688 7611
"f8a944a0f0d296d0" 3262 6140
"adf8ead969298453" 5925 9804
"94a365b9e99544a8" 4866 11729 5969
"a228323e2298e4e5" 7079 10626
"88af1bbc2f603fcb" 388 11022 8549
"a4b4a7e94facf29c" 6410 7643
"44c69b577d2aed3e" 7235 9918 4506
"03665d84d93a61e5" 5363 6572
"5f8843d86ce50c2c" 388 10964
"968343f8e8780d74" 5969 11724 843
"10ab51b3b03beb85" 7921 23
"2769e9358e6949de" 5181 7340
"2da743d86ce50c2c" 388 7345
"f31f8ed92eac9db7" 11699 6348 8559
"b06ccf5b4b2e290f" 388 8730 9804
"5dba7e6352e8cb77" 11693 3262 11057
"5d60f7520c446146" 7953 843
"f9c2863b98e3557d" 8549 11729
"e62e1a42e8dec797" 6140 4661
"ae3830d16045fe36" 7930 11595
"a09bafbf9b7f549f" 10315 11022
"435c0632d9806995" 6348 7079 388
"3c0d335faf24f843" 9918 11724 9264
"e4d13a68731f536c" 7643 4866
"0a079d4e1dfa4dd5" 10373 3378
"4f05494b242d2237" 7345 3262 7340
"3b4122e27dafd47e" 10964 10626
"6e1d51b3b03beb85" 7921 6140
"cdb743d86ce50c2c" 388 7611
"3fc8fe48118c7d3f" 4364 7235 23
"e26e9d9e2377bdc5" 6086 6572 5363
"b0b2bfaf41aaa523" 843 11699 3688
"e0f2b5a4b7e54ecf" 5213 4661 8559
"79e9bc81a4ecbf0d" 857 8549
"2b5a103286d6556a" 4506 5363
"e53ad9820d859936" 11693 10315 5969
"4557323e2298e4e5" 7079 7340
"372bc414e90b7e47" 8813 5181
"030a8090c2ed1cc6" 9264 7251
"e050f7520c446146" 7953 388