"e0339bbea18a0806" 9094 1619
"79251b7d12b9d48e" 9432 3122
"15d9230b67e5cd30" 5834 9123 8999
"e20fddab88b39a78" 1191 9304 1582
"afe05ed35fae78b4" 2557 10868
"82695a00028e8644" 2138 10753 9640
"111cb5d7f18c7223" 7135 10129
"f0cf482893f865f8" 5318 79 10445
"322ae88d352f6e2d" 11245 10349
"79b24393a4f3b700" 1307 4875
"f969f61464eeb422" 11469 6537
"1b4cb39deb4761f8" 9406 2590
"233469f2505c1968" 6897 1186 7958
"c6dd44d4dab57042" 1633 9938
"a81919331c74c354" 11703 10770
"a28c945d25a6be65" 7645 10564
"48da9804aa7895c8" 8992 7031
"307549c627bb3406" 10741 9445
"98e96e6fca563c48" 3558 3905 4701
"5dfddc9a20309776" 1733 8999
"b4e43779e4d03734" 4701 9445
"008bd5bc93ec602b" 9640 4875
"212db7446129484c" 10753 9304
"8cfeeb86279939a4" 2412 5834 6897
"e5eeca7f47bc3f93" 1582 1307
"f0bcba59bc7ca3de" 79 7135
"30fd639095bf2ecf" 9938 7031 10445
"4a3c945d25a6be65" 7645 9406
"c9e9f1a6483fbdd4" 7958 10129
"4b699804aa7895c8" 8992 1191
"32d6ba89789178fa" 10868 10349 2557
"7cd9820e62408c21" 9123 1619
"da258f9ace0901ef" 1633 11245 10770
"2c49f61464eeb422" 11469 6060
"873f3a0cf2ddd9e5" 9432 5318 6537
"222edfbb18d5789d" 10564 3905
"12d42906c1f450f5" 2138 1186
"2ab4be7c5992f51f" 9094 2590 4701
"f18e206c0a84ecff" 10741 348 10349
"d3e619331c74c354" 11703 1733
"c535b99449558770" 4701 10868 5834
"53bc2af2bccc2cb1" 10129 10753 3558
"e3cd7b779be1320d" 2412 3413
"516c0d3d98fa4d60" 8999 11245
"7f4bb5d7f18c7223" 7135 7031
"2cdcd5bc93ec602b" 9640 10445
"8706beeca5d5114b" 4875 9123 9445
"ae6939dd725e6dd4" 179 9655 11115
"749b6f09ad70157b" 5866 1153 2871
"19776cd06f024d83" 11510 5158
"663cc79998883e23" 9361 8539 5893
"968941af34cf55bc" 3369 1959
"f616b27e71a38d2c" 10500 8654
"7cb6416e0edf0430" 8676 10916 1830
"5e528ea43d931485" 3732 2992 8312
"ebee62c86e4e3fd4" 8444 11650 7807
"37db46da0e89ce03" 715 3799 5500
"45fc66f3825b7f64" 1867 11864
"395ebc7eaa13eb3b" 9737 5153 4972
"b36bae0f510c2ec8" 8070 1660 3248
"bef6c5e47b612275" 3414 11923 2853
"b18530be54618f8f" 10269 9205
"39aec2ebf1aa6219" 8035 6751
"7f07db9eb1602360" 488 3266
"cba534062b62688b" 6069 8683 9799
"b20f609676d0b0a6" 5578 7523 65
"ba680bbf4b4f0d8c" 4671 4683
"242c13b4fe93f748" 7873 2240 10448
"e093019dca729563" 6086 5395
"19a01a707324d537" 11946 7170
"0af52feee3887354" 7850 7069 10340
"8f2804f50b95ff19" 6480 1147
"bc3701d3d23a74c0" 1408 2782
"209a7bd663969994" 6144 11770 2311
"40b42529e1b46abe" 9938 10349
"104200170074d527" 6060 5318 2590
"2ddedfbb18d5789d" 10564 6897
"b4a3fcb71fe107f9" 9094 7031 3905
"2043607964f96bb8" 10741 1307 7645
"55806cd3582e6353" 79 10868 10753
"257bd5bc93ec602b" 9640 4701
"46d62906c1f450f5" 2138 9445
"813d745c265ecbc0" 2557 10868 3558
"ed3ed4883baf40cb" 1733 11469 7135
"ba2d44d4dab57042" 1633 7185
"dca4d3cce697eb95" 8992 3413 1619
"57696776a1fcd573" 1191 10445
"54d2cc0aa35533e2" 6537 9123
"08990c64d358288a" 9884 8999
"eac7622bdccea9a3" 11245 5834 1582
"9a9db39deb4761f8" 9406 7958
"b288afc616be18fd" 1191 9123 9884
"5d968a140991d533" 5158 129 3369
"deb272a2101e9c30" 8539 5153
"ac0a2196467c8b2b" 9314 3799 10916
"af11f2d30295ff3e" 3732 9737
"fa2719331c74c354" 11703 2871
"b1dd240e46233d41" 11115 7807
"fc39685aa9df19ef" 11591 1959 4972
"4990ab5bfc8c85c3" 8676 11923
"b65009e9d717e85f" 8070 3248
"705fba6839b78e2a" 11062 1153 715
"4d06c7d01fd1f580" 5866 5893
"a9c719453a49c840" 8654 1079
"12361efe615e919c" 8444 1660 2992
"ce64b27e71a38d2c" 10500 1867
"60ee236bebee174f" 2853 8312
"0fb0f39968ad75f6" 9655 3192
"dd2135f8d6e337ac" 11650 3414
"2a9430be54618f8f" 10269 5500
"3321d501fa47ad15" 1830 11864
"3b6d79f68df43275" 9361 11177
"7b9109e9d717e85f" 8070 8444
"d17f50331215baf8" 1079 2853
"2db378f506f095c1" 8312 3799 5158
"eae3e79435e99944" 3192 3369
"c4bbd03fd9e39954" 1660 11923
"fb347a4603794944" 6555 179
"a9af9491bcd27850" 10485 5500
"6cd84e2ee1c7d04d" 179 8070 10500
"1eff5b9147cba7ab" 9314 4972 5866
"2e7640c31192a0a9" 11062 2871
"76d6241ae67e18bc" 9361 9737 3248
"74fb424331af5bd0" 8539 1959 2992
"69d70f851de3b482" 11650 8654 5893
"920e882dc2f5abc9" 11510 1867 11115
"be87ed9dcdd1119d" 11177 2992 5153
"07a0f2d30295ff3e" 3732 7807
"2d3589847b737aea" 715 3414
"c59819331c74c354" 11703 8676
"179048ec740aa465" 10916 3248
"cbff35f88bb2c64a" 11591 5158 1830
"66223fe67dcdc464" 11864 129
"c85819453a49c840" 8654 3369
"f2b0e0a74b033da0" 2871 1079
"f60fe98b247a08b5" 4972 8070
"6d73864db6b85a69" 5500 10269
"2791c78b90ddbe89" 5866 4972 179
"d0eb8cfc49efa42a" 5578 2782
"286cebd5d7f8f869" 7170 1147
"8869bd376dab654c" 2311 6144
"0a095d7221fa1ce8" 9799 7069 4671
"08c85b2aeca68530" 7523 11770 7850
"374a7e5356132d21" 488 2240 3266
"52c6b8d71286b9bb" 65 4683 10340
"2bf304ae15de9601" 10448 6069
"2eaf0094fa0f3d6b" 8683 6086
"f371573cca1340c6" 5786 1408
"5e4be3332553e696" 5395 7873
"0ed904f50b95ff19" 6480 8035
"aa45c6084a3fc0aa" 6751 11946
"97414d91d2846807" 7170 1408 2782
"3c0548a89c78e091" 11946 2240 6144
"c4e67976bbb151cc" 1147 6069 6751
"3944c2f7067a87e7" 10453 5578 8683
"2658cc4dfb6b83d7" 8035 5395 2311
"0bfe671f47d61b76" 4671 4683 65
"c78f002be8d405f4" 11946 5395 3266
"893a70a523278cc8" 11639 2782 11770