"c6969a2c96d382c6" 19 3898 3898 3898 13 34 33876 23852 33877 13 553 719 15914 1069 15352 13 1071 347 19686 721 11765 -1 -1 0 0 0 0 8 6 8 6 6 8 6 5 5 4 0 0
"9f11cc563658140b" 30 10189 25 373 1765 2607 13 553 3896 3247 3897 13 8722 4899 33878 13 553 33879 17917 2 17489 33880 13 553 13873 33881 530 417 33882 33883 4 11766 -1 -1 0 0 0 0 7 7 8 7 6 9 3 7 3 5 0 0
"133f4165d6733c20" 37 20 102 61 2053 2 11978 3118 13 553 482 752 753 763 764 188 110 553 1071 95 1509 33884 357 2 26074 15128 13 553 282 87 388 357 33885 33886 33887 20 33888 4 11767 -1 -1 0 0 0 0 8 9 8 6 6 7 6 4 5 6 0 0
"3f697d49c307fb7a" 22 2 102 3081 33889 1113 4 553 23 11509 772 11510 999 305 1995 2 703 2941 4107 11 14288 11916 20919 11768 -1 -1 0 0 0 0 9 7 9 8 8 6 6 3 9 8 0 0
"75b990b08d30f905" 27 33890 33891 165 4363 13 553 15353 15354 13 2890 3195 878 4 553 6990 3744 33892 13 33893 11131 10918 13 553 33894 33895 144 33896 11769 -1 -1 0 0 0 0 7 7 7 6 6 8 6 3 6 6 0 0
"3a99cf15bf491d93" 36 6781 36 24593 28199 3267 13 553 33897 9234 13 102 3328 55 33898 33899 33900 2662 4 553 150 36 146 2316 33901 33902 13 553 5782 13 33903 13 6781 4337 16053 33904 4 11770 -1 -1 0 0 0 0 6 8 7 7 6 6 5 9 6 8 0 0
"31dba7adda12b98c" 40 150 36 616 3532 13 33905 622 3497 13 553 323 33906 150 3075 6448 13 553 2929 5369 1622 1190 858 9409 950 18 20 33907 7003 13 553 1116 386 33908 33909 13 718 87 61 33910 4 11771 -1 -1 0 0 0 0 6 8 6 6 7 7 4 6 7 6 0 0
"31c76d9ed0bc34d8" 42 20 66 999 6074 93 6075 23278 5537 25694 33911 33912 13 553 35 417 7524 1549 703 3314 33 446 4 553 347 19149 8314 39 20 347 36 385 26581 33913 13 553 1250 33914 23 33915 33916 3282 4 11772 -1 -1 0 0 0 0 6 8 6 5 5 6 7 5 5 6 0 0
"9742b732e5d7be57" 37 20 9495 3614 33917 3248 3001 13 2 95 607 11 23278 10596 33918 4 553 33919 2 134 20 1109 1215 1121 12781 13 553 1192 33920 6644 14827 33921 1374 150 191 33922 33923 4 11773 -1 -1 0 0 0 0 8 7 8 5 5 7 6 4 6 5 0 0
"2c6bdd65218e083a" 20 191 313 314 13 315 316 188 317 200 110 553 2546 142 8380 13 33924 8987 33925 33926 4 11774 -1 -1 0 0 0 0 6 7 6 7 5 7 5 4 7 6 0 0
"42ed02a7c0c82ded" 50 13698 13699 2 823 8536 8537 150 286 8538 7317 13 553 150 36 362 19909 13 1749 1765 13 852 367 61 3429 1511 142 13 553 23 33927 33928 94 33929 1792 13 553 6705 61 171 18924 14118 3238 787 13 2 297 20 33930 33931 4 11775 -1 -1 0 0 0 0 5 7 5 5 5 7 5 4 5 6 0 0
"0b7d26bdf8ea86d4" 47 8741 9413 12391 13 3006 19486 33932 13 553 3896 61 3247 3897 13 357 417 61 1602 14379 35 4463 2572 330 33933 4 553 33934 87 33935 61 966 3251 33936 13 553 191 14346 14347 13 12667 33937 13 3212 2781 33938 33939 4 11776 -1 -1 0 0 0 0 6 7 8 7 5 6 7 3 5 5 0 0
"623d705f61caa417" 49 66 703 1747 2 171 1584 138 4103 13 357 41 150 1832 305 11397 13 553 33940 93 33941 33942 33943 33944 4446 87 33945 13 553 10708 171 4403 1315 33946 33947 13 33948 24634 21673 4729 13 553 7171 36 23280 11018 33949 13 33950 4 11777 -1 -1 0 0 0 0 6 8 5 6 4 7 6 5 7 5 0 0
"a46c2b665b176e59" 35 2 28 33951 9074 102 2349 9315 9316 13 553 63 9390 17180 1148 9392 1775 9207 23 6990 33952 4103 12073 13 553 787 7458 7459 6869 13 33953 61 33954 33955 33956 4 11778 -1 -1 0 0 0 0 8 8 9 7 6 7 6 5 9 7 0 0
"748c5faeec9dd2d2" 46 33957 1315 373 466 134 5000 13 553 357 347 993 7308 20 547 20410 1577 2 33958 13 553 13258 33959 20816 8625 33960 13 33961 33962 2 33963 13 341 373 2828 2 5312 13085 13 553 33570 21647 7645 33964 2 33965 4 11779 -1 -1 0 0 0 0 0 0 0 0 0 0 0 0 0 0 0 0
"f122fedc0dd7b600" 21 21201 901 134 1016 8812 24173 13 553 1774 4403 305 1043 2047 13 66 574 1580 34 93 33966 4 11780 -1 -1 0 0 0 0 8 8 7 8 7 9 4 3 4 7 0 0
"5d1c81778249d978" 19 66 574 1013 639 331 19601 33967 13 553 23 4171 125 18563 13 537 1394 102 32792 4 11781 -1 -1 0 0 0 0 7 6 8 8 7 8 3 4 4 7 0 0
"364b0ed5856771c9" 28 6620 13 66 113 12676 305 9048 13 553 150 14286 14287 14288 14289 14290 13 553 1321 5193 61 13529 13 87 388 357 33968 3110 4 11782 -1 -1 0 0 0 0 8 9 9 7 7 8 4 4 5 6 0 0
"42b3587dbfdcb521" 18 1584 61 13232 13233 13 150 304 33969 13 553 10071 3314 12260 13 150 304 2989 4 11783 -1 -1 0 0 0 0 8 9 6 6 8 8 3 1 2 3 0 0
"fc54e09aeab29b32" 37 3898 3898 3898 13 600 171 1606 353 358 13 553 2 87 10189 25 373 1765 2607 13 553 482 752 753 763 764 188 13 25538 34 1580 373 150 39 188 33970 12667 4 11784 -1 -1 0 0 0 0 9 8 6 5 7 8 3 2 3 5 0 0
"70764c51e514a503" 25 2027 61 13455 63 2929 13456 13 553 171 61 1069 633 13 347 286 330 4159 13 553 33971 104 33972 6501 33973 4 11785 -1 -1 0 0 0 0 9 9 7 7 8 9 4 2 3 4 0 0
"0c81b99b07807e5e" 26 150 14286 14287 14288 14289 14290 13 553 8986 8987 13 191 102 61 2053 13 553 1109 15755 5272 636 4732 286 66 33974 4 11786 -1 -1 0 0 0 0 7 8 8 7 6 7 3 1 2 3 0 0
"521e6ffc3f61c393" 34 13082 9721 9720 13 341 600 4228 188 33975 13 553 852 367 61 3429 1511 142 13 4638 87 33976 8281 110 13 553 8722 4899 13 26608 116 7069 3635 1033 4 11787 -1 -1 0 0 0 0 7 9 7 6 7 7 3 3 4 4 0 0
"ae97a9c83c7ffd31" 29 2 102 3081 228 229 13 33977 13 553 6270 9074 2349 9315 9316 13 553 357 1109 150 20074 13 134 1109 1110 2696 23672 2 33978 4 11788 -1 -1 0 0 0 0 9 9 8 8 8 9 4 3 3 4 0 0
"ed13a08ee064b222" 34 2 5140 1509 388 357 1096 8099 13 553 35 417 7524 13 357 1629 386 297 33979 13 553 13082 9721 9720 13 66 44 1093 1664 13 150 9499 362 1852 4 11789 -1 -1 0 0 0 0 7 7 7 6 6 7 3 3 4 3 0 0
"4ef1d124bc8c909d" 30 6620 13 772 33980 547 6601 13 553 2929 5369 1622 1190 858 9409 950 18 33981 13 553 1774 4403 305 1043 2047 13 330 347 598 33982 4 11790 -1 -1 0 0 0 0 7 7 7 6 8 9 3 4 3 2 0 0
"13ec7dabdf1b139c" 19 347 993 7308 13 1778 547 20410 13 553 23 4171 125 17126 13 38 941 171 10231 4 11791 -1 -1 0 0 0 0 7 8 8 8 7 8 3 3 4 7 0 0
"a6f67eb516452dcc" 28 1321 5193 61 13529 13 330 150 304 17852 13 553 11509 772 11510 999 305 1995 13 553 19159 33983 17652 66 347 4337 330 33984 4 11792 -1 -1 0 0 0 0 0 0 0 0 0 0 0 0 0 0 0 0
"45a68dfab466fd86" 27 8741 9413 12391 13 330 347 33985 13 553 15353 15354 13 191 1109 1215 1762 12781 13 553 102 7949 13 5525 33986 5580 1339 4 11793 -1 -1 0 0 0 0 8 8 8 8 7 8 3 4 3 6 0 0
"8a297df912786499" 23 548 12738 286 12739 13 95 61 1016 3009 13 553 787 7458 7459 6869 13 1109 2796 636 17942 2 33987 16483 11794 -1 -1 0 0 0 0 9 8 5 5 7 9 3 3 4 5 0 0
"4345bfb22db327cd" 17 20 66 33988 23 417 15909 33989 2358 13 553 3897 33990 2 1301 621 33991 4 11795 -1 -1 0 0 0 0 7 6 7 6 6 3 3 6 3 3 0 0
"e7a599903e3858c0" 19 823 61 8536 13 38 4410 11002 13 553 9074 3358 12387 33992 13 150 36 38 33993 4 11796 -1 -1 0 0 0 0 8 7 7 6 6 3 3 7 3 3 0 0
"aa6d068b62f13082" 15 10071 3314 12260 13 1584 13232 13233 13 553 33994 2349 33995 787 33996 4 11797 -1 -1 0 0 0 0 7 7 7 6 6 4 3 6 3 3 0 0
"d49865ae74a43302" 14 2 9495 3614 5140 9025 162 13 553 33997 10939 4254 61 95 4 11798 -1 -1 0 0 0 0 7 6 6 6 6 6 3 3 3 3 0 0
"724f4aee088529be" 16 2546 142 8380 13 1730 33998 13 553 8722 4899 13 5141 2023 920 113 4 11799 -1 -1 0 0 0 0 7 8 7 7 6 5 3 3 3 3 0 0
"48e1e38925f7e997" 19 3898 3898 3898 13 330 150 36 17056 13 553 33999 7456 18563 3519 34000 7055 34001 34002 4 11800 -1 -1 0 0 0 0 8 8 7 8 7 6 3 2 3 9 0 0
"d9a6577fb605dfd0" 21 66 703 1747 13 18 20 4352 34003 13 553 12345 10567 329 13 14038 9721 2014 9702 3358 34004 4 11801 -1 -1 0 0 0 0 9 8 9 6 8 6 6 3 4 2 0 0
"ef2a89cf74791db6" 14 3328 13 34005 1293 4 553 13698 13699 388 13 357 1884 1720 4 11802 -1 -1 0 0 0 0 8 7 7 5 7 5 5 4 3 2 0 0
"49a42c4e87ce17ac" 22 191 1109 1215 13 1762 12781 2 16997 34006 13 553 20 102 61 2053 13 1342 34007 2 504 3327 4 11803 -1 -1 0 0 0 0 6 7 8 8 6 5 5 3 3 3 0 0
"99a9291ecefe047a" 22 171 61 1069 633 13 28 347 1298 34008 13 553 9390 9391 1148 9392 13 2607 1765 34009 2 19195 4 11804 -1 -1 0 0 0 0 8 7 6 7 7 5 3 9 3 7 0 0
"077694d33f1d9fa4" 30 41 150 1832 305 11397 13 150 847 1628 34010 4 553 20 313 7150 13 315 29829 171 504 188 317 200 13 553 8722 4899 3993 34011 4 11805 -1 -1 0 0 0 0 7 7 8 6 6 6 3 3 6 5 0 0
"78aae5d55d9031ea" 29 12345 10567 13 87 61 963 13 553 2546 142 8380 13 34012 34013 5464 2864 4 553 23 4171 125 13 34014 15662 34015 34016 34017 14428 4 11806 -1 -1 0 0 0 0 9 8 8 6 7 7 3 3 5 4 0 0
"7a595dad8c6389c6" 15 8741 9413 12391 1669 9025 20199 13 553 150 14286 14287 14288 34018 14290 4 11807 -1 -1 0 0 0 0 8 7 8 7 6 6 3 3 4 3 0 0
"9d177ffb750781aa" 18 2329 1885 2236 1301 2330 22263 13 553 35 417 7524 13 1321 5193 61 13529 34019 4 11808 -1 -1 0 0 0 0 8 6 7 6 6 7 3 3 3 4 0 0
"8eb562cb34f2f8d0" 15 191 171 34020 34021 13 553 34022 3358 63 13516 6610 13 102 3195 4 11809 -1 -1 0 0 0 0 7 6 6 6 6 6 3 3 6 3 0 0
"2775b2ddeebe6fcb" 17 888 5260 1130 934 13 553 357 9022 3938 2 34023 3938 13 150 36 3711 4 11810 -1 -1 0 0 0 0 7 8 9 6 7 6 3 4 7 6 0 0
"9c64555536e5134e" 12 150 2941 362 15153 13 553 113 2905 4421 34024 34025 4 11811 -1 -1 0 0 0 0 7 7 6 8 6 6 5 3 5 5 0 0
"e0dc72eca87fb2d8" 15 347 39 9348 13 553 15102 2890 2919 504 13 347 2928 330 15425 4 11812 -1 -1 0 0 0 0 8 5 6 5 6 6 3 4 2 7 0 0
"98dcb555d36dc522" 14 2 1109 34026 13 553 171 174 1342 61 359 3009 34027 34028 4 11813 -1 -1 0 0 0 0 6 6 7 5 6 7 4 5 6 6 0 0
"626ddf5c20bcd239" 14 191 66 6134 6135 13 553 11390 34029 34030 1114 5207 104 21341 4 11814 -1 -1 0 0 0 0 6 6 7 4 5 4 5 6 4 7 0 0
"49832a298aab9d3c" 18 20 2207 425 2 1854 13 553 2620 61 3210 357 31345 1773 323 134 330 1778 4 11815 -1 -1 0 0 0 0 6 6 6 5 5 5 6 5 7 5 0 0
"257e7e24731d5aa1" 21 2 10832 134 3730 13 553 20495 7980 607 5525 7053 13 553 106 1187 482 87 6043 125 6044 4 11816 -1 -1 0 0 0 0 6 5 6 4 7 7 5 7 4 3 0 0
"c681ceef40e24993" 20 4361 61 308 2247 34031 446 13 553 12171 3478 4457 4458 13 553 1842 359 15179 358 2963 4 11817 -1 -1 0 0 0 0 6 5 6 6 5 4 4 4 6 5 0 0
"73be361f0eba771f" 21 2 1869 515 13 553 560 561 61 95 967 13 553 191 1015 3212 102 17559 515 3993 384 4 11818 -1 -1 0 0 0 0 8 9 8 8 7 6 5 5 7 6 0 0
"7e7168365f2fbe8b" 18 4968 10018 10019 13 553 3358 1481 6266 949 2932 488 13 553 357 4799 805 34032 4 11819 -1 -1 0 0 0 0 8 7 7 6 6 6 4 4 3 4 0 0
"7bc265bd949a0ef1" 19 1069 87 61 2287 13 553 61 297 722 34033 13 1549 2284 9159 29667 2652 95 1757 4 11820 -1 -1 0 0 0 0 7 8 9 7 6 6 4 5 6 6 0 0
"d605b26411b266b8" 26 35 4808 55 34034 457 2307 286 13 1868 13 553 2 1243 87 457 1977 25060 13 553 8405 8406 7845 941 357 1331 4 11821 -1 -1 0 0 0 0 7 6 6 9 8 3 4 9 4 7 0 0
"4f94f82624cbe57f" 21 102 190 359 1434 13 553 10035 10036 11026 5577 2316 13 553 801 901 3868 359 150 637 34035 4 11822 -1 -1 0 0 0 0 5 4 6 5 7 3 4 6 4 5 0 0
"516af515b83ba9ca" 18 26572 66 4220 34036 19006 13 553 87 1047 1043 1733 13 297 722 1173 2 2227 4 11823 -1 -1 0 0 0 0 6 7 7 6 6 4 4 4 6 5 0 0
"80bce023947ca335" 26 482 87 14176 13 504 34037 13 553 347 2852 1667 1200 4715 2928 1664 15160 13 553 47 720 87 113 61 1043 34038 4 11824 -1 -1 0 0 0 0 6 4 5 5 5 5 4 3 4 5 0 0
"b3a47162cf02842e" 14 7180 34039 1712 7722 13 553 13489 55 34040 102 17504 34041 34042 4 11825 -1 -1 0 0 0 0 7 6 6 5 6 4 3 3 2 5 0 0
"d5eb69d8aada780b" 41 7814 13 191 1342 34043 34044 34045 13 553 61 3497 3498 13 347 863 330 26164 116 34046 412 34047 13 553 15239 7980 607 5525 7053 13 553 482 61 373 815 191 102 566 1047 297 15373 4 11826 -1 -1 0 0 0 0 6 6 4 4 5 3 3 3 2 6 0 0
"78375c18222bf2ef" 44 560 561 13 66 788 901 24208 1038 13 553 34048 10036 1331 13 357 373 150 1297 520 3443 14077 14563 13 553 1432 1433 13 373 113 1533 2 202 13 357 2316 61 457 452 38 34049 1038 34050 34051 4 11827 -1 -1 0 0 0 0 6 7 5 6 6 5 3 4 3 4 0 0
"8f59141d44e985ea" 50 87 1047 1043 1733 13 87 4872 1047 20 23134 515 13 553 66 1778 14235 3302 2767 13 5525 87 286 7949 359 637 11683 1795 13 553 3358 13515 13 63 13516 6610 1869 13 504 87 704 9159 20 23 3906 417 34052 20 6130 5714 4 11828 -1 -1 0 0 0 0 8 9 7 6 5 7 4 3 4 3 0 0
"aa28951223aa6160" 23 2 308 2247 13763 13 87 61 308 2735 547 13 553 540 480 358 13 95 1342 34053 34054 359 34055 4 11829 -1 -1 0 0 0 0 5 5 6 4 5 3 5 2 3 5 0 0
"739fa250d24bc69a" 26 15102 2890 2919 13 553 1069 87 61 2287 13 553 191 287 34056 8356 13 102 1015 412 18230 1029 1808 34057 34058 34059 4 11830 -1 -1 0 0 0 0 7 6 4 5 5 4 3 4 3 3 0 0
"af9772783dffb26f" 44 596 6134 6135 1031 13 359 361 1345 8607 34060 13 553 6041 6042 87 6043 125 6044 13 2536 8276 6099 2 150 2248 21114 8795 20 34061 3833 34062 13 553 47 993 10234 13 61 6644 25 150 34063 9335 4 11831 -1 -1 0 0 0 0 6 5 7 6 5 4 3 5 3 4 0 0
"e636a56d54efb960" 29 3044 1525 13489 55 11636 13 553 1868 35 8715 8716 645 457 2307 13 357 1131 5974 14499 169 35 146 1243 16 55 34064 286 14282 4 11832 -1 -1 0 0 0 0 6 7 7 5 5 5 4 4 3 5 0 0
"38c4a17520e09bd3" 42 171 174 1342 19781 22359 13 1862 6691 13 553 15239 7980 607 7180 1668 34065 13 553 4968 388 4228 10019 13 347 14240 34066 13 102 34067 7055 34068 34069 34070 134 14 347 34071 3007 1795 359 34072 4 11833 -1 -1 0 0 0 0 5 7 6 8 6 4 4 4 3 5 0 0
"93f61619bae15bf6" 48 3358 1122 6266 484 488 13 373 5903 171 34073 20 34074 13 553 359 1434 13 373 16083 171 34075 359 637 34076 13 553 801 901 3868 13 357 347 14414 362 13 102 34077 359 34078 13 191 61 488 1094 28 361 34079 4 11834 -1 -1 0 0 0 0 8 7 6 7 6 6 4 3 3 5 0 0
"fea6bb099b190d54" 49 596 8720 13 66 347 146 713 1192 330 13 102 34080 20410 359 7113 13 553 2 1432 1433 607 2 165 13 548 1510 355 34081 504 34082 20 17167 1420 13 553 10710 1712 10711 13 720 1052 23 20553 13 357 9928 6726 18 4 11835 -1 -1 0 0 0 0 6 6 5 5 6 3 3 3 2 6 0 0
"1c9297999d48cb2a" 29 386 359 34083 125 1093 21244 1509 13 553 4647 71 13 34084 1887 14479 2 349 13 553 2 1869 13 1890 34085 34 26 27 12086 4 11836 -1 -1 0 0 0 0 8 7 6 6 6 5 4 3 2 6 0 0
"3689e5305d35f683" 31 2 34026 13 1013 102 1473 297 2155 13 553 560 561 13 102 3409 34086 3933 34087 13 553 8405 8406 7845 61 13 373 2958 737 8777 1756 4 11837 -1 -1 0 0 0 0 7 6 3 5 4 4 3 4 3 3 0 0
"4bca228ff9a0be0a" 33 15271 15272 13 20 61 34088 13 553 191 1015 3212 13 102 61 737 297 34089 13 553 297 722 34033 13 359 139 2982 14395 34090 548 34091 1571 34092 4 11838 -1 -1 0 0 0 0 6 6 6 3 5 4 3 4 3 3 0 0
"0afa8ad76ed52293" 22 1008 22912 13 357 347 146 1667 520 504 15160 13 553 888 771 4234 13 357 20 87 11732 15391 4 11839 -1 -1 0 0 0 0 0 0 0 0 0 0 0 0 0 0 0 0
"13f8bff16a1b21e4" 22 34093 4311 4221 13 2 621 12573 13 553 1120 34056 13 2 1069 2287 35 4715 1047 2416 188 3006 4 11840 -1 -1 0 0 0 0 6 9 6 5 5 2 2 1 2 4 0 0
"8c9c4aebfc7f32a8" 20 20 171 1489 34094 13 87 1047 1043 1173 13 553 1886 34095 13 20 66 7199 7200 7201 4 11841 -1 -1 0 0 0 0 8 10 10 8 8 9 8 3 5 4 0 0
"8781f6f6294663a9" 23 3554 26263 13 47 347 66 2214 362 13 553 482 14176 87 1496 13 38 504 34096 1842 20 480 358 4 11842 -1 -1 0 0 0 0 7 4 4 6 5 3 3 7 2 5 0 0
"d84d92f6463a6359" 19 20 1431 15755 13 4772 34097 3208 13 553 66 1778 9536 2735 13 34098 23134 636 34099 4 11843 -1 -1 0 0 0 0 6 5 4 7 4 7 3 1 3 8 0 0
"41b49e12bc1b0fdf" 32 95 61 8715 8716 13 645 2307 1868 13 553 19166 1378 1207 13 20 66 7199 7200 7201 13 553 95 61 171 174 1342 13 102 25 4361 61 4 11844 -1 -1 0 0 0 0 9 7 6 9 8 8 4 2 3 4 0 0
"3e98b9db57a316d1" 20 150 304 26219 13 66 117 93 2735 63 457 13 553 6134 6135 1031 13 2 34100 10832 4 11845 -1 -1 0 0 0 0 7 4 4 6 4 6 3 4 2 5 0 0
"917c4bab1097aa2e" 21 27450 1109 8793 9348 13 34101 2247 13763 13 553 34094 2 102 34095 13 20 171 1489 425 18054 4 11846 -1 -1 0 0 0 0 8 6 7 8 7 5 3 3 4 6 0 0
"8b50b1651ee8d830" 21 34102 34103 13 12171 4457 4458 13 553 442 2767 362 1011 13 1250 34104 2087 87 6043 2 6044 4 11847 -1 -1 0 0 0 0 6 3 4 5 6 5 2 6 2 7 0 0
"be7db7e7d92977b1" 19 2087 87 1576 13 34105 1731 10711 13 553 95 1693 12322 16405 13 63 38 5381 1869 4 11848 -1 -1 0 0 0 0 7 8 8 9 8 6 3 4 4 4 0 0
"b42d8b779e06b535" 29 20 34106 125 34107 27488 2 480 358 13 553 2620 3210 1246 13 357 87 150 1507 13 553 373 34108 2087 13 10035 5577 2316 10036 4 11849 -1 -1 0 0 0 0 7 6 5 8 5 6 2 6 2 6 0 0
"5f55f13ceee4da04" 23 347 36 1889 442 2784 13 1250 8612 24455 8771 13 553 357 373 607 1434 13 63 8405 8406 7845 61 4 11850 -1 -1 0 0 0 0 7 5 5 6 5 4 3 5 2 7 0 0
"c8ef5a92c252f05f" 31 66 34109 13 560 561 13 553 34110 34111 1171 13 20 357 431 13 553 357 34112 360 61 877 5551 13 1250 1869 782 13515 2637 13516 6610 4 11851 -1 -1 0 0 0 0 8 8 8 9 7 6 7 3 6 5 0 0
"4343b66fe103f484" 25 34106 34113 4899 2 2247 13763 13 553 442 3497 5041 13 1250 282 1199 35 171 1651 9113 13 553 213 176 13633 4 11852 -1 -1 0 0 0 0 6 7 8 8 6 5 5 4 5 4 0 0
"5e586207366ff96b" 21 66 23 18179 1029 13 347 2014 353 171 10275 13 553 15102 2890 2919 13 20 95 2207 425 4 11853 -1 -1 0 0 0 0 7 6 6 7 5 4 3 3 4 5 0 0
"06001ca70c2c5254" 33 4549 171 10112 607 359 1434 13 553 1668 61 20494 13 1559 1342 150 3251 34114 553 3358 34022 63 13516 6610 13 553 1634 14311 20 27996 1964 171 15789 34115 11854 -1 -1 0 0 0 0 7 9 6 8 7 8 5 2 4 7 0 0
"12b80bfe4cd4c3af" 25 171 174 1342 1243 34116 13 553 35 8715 34117 645 2307 13 1016 34118 34119 4883 20457 13 150 355 34120 4391 34121 4 11855 -1 -1 0 0 0 0 6 5 6 8 6 6 3 0 4 7 0 0
"9a9e97095f81445a" 33 6041 34122 87 6043 125 6044 13 553 34123 1953 737 34124 150 367 193 1536 553 7521 1201 117 1173 2018 13 553 191 171 1537 5260 13 3141 1764 13 34125 11856 -1 -1 0 0 0 0 7 6 5 10 7 5 3 0 6 8 0 0
"ef24c6220ee2df2d" 32 2 532 8065 13 553 357 347 863 924 13 925 373 504 926 1604 553 7362 34126 34127 13 553 12834 61 171 14076 2 6059 34128 35 34129 14243 4 11857 -1 -1 0 0 0 0 5 4 6 9 5 6 3 0 5 9 0 0
"d8d139fdbc4cf9b1" 35 357 636 596 347 463 11067 13 66 1373 13 553 1002 1743 1699 553 1539 171 200 13 796 34130 6272 2 34131 34132 34133 171 13 596 171 34134 17704 34135 4 17633 11858 -1 -1 0 0 0 0 8 7 7 7 6 4 4 0 6 8 0 0
"e98cd95ced8382b0" 21 4531 34136 93 13 553 5783 5784 13 20992 15180 2 6594 1580 34137 349 34138 1580 299 110 302 34139 11859 -1 -1 0 0 0 0 5 4 5 7 5 7 3 0 4 7 0 0
"ed14a37fd9e597d9" 32 320 13 1580 1109 23786 2 6633 13 27457 4170 34140 150 36 34141 13 2891 34142 553 9008 9641 13 553 1758 9142 34143 13 1200 331 34144 13 24693 4 11860 -1 -1 0 0 0 0 6 7 8 9 6 5 3 4 4 9 0 0
"ffe6f75e4990023a" 30 357 15 16 1187 1188 1189 13 553 41 61 9422 553 23 53 34145 13 2657 777 13 553 358 34146 34147 13 4403 305 34148 34149 34150 4 11861 -1 -1 0 0 0 0 7 6 7 8 7 6 4 5 6 7 0 0
"fac8d50cf31c8549" 26 12120 13 34151 25601 17652 224 13 6815 13 23711 13 23711 553 34152 19152 23729 13 4883 2444 299 110 302 86 13 6815 4 11862 -1 -1 0 0 0 0 0 0 0 0 0 0 0 0 0 0 0 0
"db8d6786fecce1d2" 37 671 2859 10210 553 548 34153 1231 11977 2902 41 87 150 193 188 34154 553 38 1693 5385 1728 34155 817 13 553 34156 299 110 302 34157 2 6687 34158 2096 4 68 124 16496 11863 -1 -1 0 0 0 0 7 3 5 8 6 6 3 4 6 9 0 0
"2b46dd274dd272b3" 47 2 1120 10173 10525 16928 553 12618 1078 34159 13 2 34160 171 34161 34162 34163 4 553 171 34164 61 304 1331 3497 1517 34165 20801 34166 34167 10211 373 68 34168 34169 34170 68 34171 13 6094 13 191 31454 25306 723 299 110 4 11864 -1 -1 0 0 0 0 6 7 5 8 5 4 4 0 5 8 0 0
"85813e7393dd3fd4" 32 388 305 2913 787 2914 446 13 553 341 598 34172 16283 553 171 932 34173 13 347 34174 13 553 3873 34175 7282 18889 13 345 23 34176 27166 10275 4 11865 -1 -1 0 0 0 0 6 6 5 7 5 4 4 0 5 7 0 0
"7643ab6cf4a2d044" 39 2781 11692 660 34177 969 34178 6171 34179 150 34180 25601 17652 224 1817 1192 3302 13 150 6412 13 553 34181 6784 34182 1130 553 34183 1547 11692 34184 737 553 2107 957 34185 34186 34187 34188 34189 11866 -1 -1 0 0 0 0 0 0 0 0 0 0 0 0 0 0 0 0
"7bdeba93c30ac4f2" 38 722 10850 1047 13 553 1169 299 110 302 34190 13 27457 34191 452 553 34192 34193 34194 1842 19187 15737 102 34195 34196 13 553 34197 6374 2 357 24036 34198 34199 66 3294 2 14678 4 11867 -1 -1 0 0 0 0 5 7 5 8 5 6 6 0 5 7 0 0
"df1dec4ee59e2816" 28 8501 66 34200 13 553 5464 171 24842 34201 34202 553 1009 34203 805 134 34204 553 532 34205 30806 34206 13 34207 34208 61 53 8387 4 11868 -1 -1 0 0 0 0 7 4 5 7 5 5 3 0 4 7 0 0
"7327bdaa50703e4f" 20 10189 25 1765 34446 13 553 357 347 36 11509 13 772 999 305 1995 170 774 2151 34447 4 11959 -1 -1 0 0 0 0 7 7 6 9 6 5 3 4 5 8 0 0
"0b5119136f048626" 20 547 6601 13698 13699 53 34448 10928 2932 13 553 3896 61 3247 3897 13 1034 5187 639 34449 4 11960 -1 -1 0 0 0 0 9 8 6 8 9 6 3 4 3 6 0 0
"d61612b97c775dbb" 31 171 61 1069 633 721 13 25 1201 4352 1210 13 553 1182 9074 2349 61 9315 9316 13 553 10071 3314 12260 2 171 598 150 19903 34450 3901 4 11961 -1 -1 0 0 0 0 10 7 9 7 9 7 4 3 6 4 0 0
"57cb2997ba7d0988" 16 150 14286 14287 1930 14289 14290 13 553 482 752 753 188 13160 4738 763 110 11962 -1 -1 0 0 0 0 8 8 7 7 8 8 2 3 5 6 0 0
"a86772e1617bba80" 22 852 367 61 3429 1511 142 13 553 10938 165 10939 4363 13 553 9390 5520 17966 13 9391 1148 9392 4 11963 -1 -1 0 0 0 0 7 9 8 7 6 5 4 7 3 7 0 0
"ef6e5382ad5ae1c8" 21 95 1509 388 357 1096 8099 13 553 102 3081 116 18286 13 553 2329 1885 1043 1301 8522 34451 4 11964 -1 -1 0 0 0 0 6 6 8 6 8 7 4 3 3 8 0 0
"8422feec830a0500" 18 95 3705 4171 125 6644 2 77 13 553 34452 8987 3104 13 347 2000 18341 116 4 11965 -1 -1 0 0 0 0 8 7 8 6 7 8 4 4 3 4 0 0
"49f3c147c77a5284" 20 347 993 7977 33623 297 13 553 1584 61 13232 13233 13 347 304 362 993 359 7329 7303 4 11966 -1 -1 0 0 0 0 9 8 6 7 9 6 4 3 7 2 0 0
"00eedc9794464640" 25 1774 4403 305 1043 2047 13 553 191 1109 1215 1762 12781 13 553 191 14346 14347 13 8307 9648 2 8308 34453 7813 4 11967 -1 -1 0 0 0 0 9 7 7 8 9 7 4 4 5 8 0 0
"95bf2fe1b26eb26a" 22 150 36 616 3532 13 191 17809 466 12000 13 553 31569 16633 1305 373 466 134 5000 2 9929 17164 4 11968 -1 -1 0 0 0 0 7 6 5 7 8 6 4 3 4 6 0 0
"0474ae156ebdb5b1" 17 13529 1321 34454 61 457 87 13 553 35 34455 7524 13 66 87 14032 23 4 11969 -1 -1 0 0 0 0 10 5 5 4 6 8 6 7 6 5 0 0
"5f11280eb13861a5" 22 2027 61 5537 21493 297 20 2929 13456 13 553 188 317 200 3294 313 13 35 417 852 35 316 4 11970 -1 -1 0 0 0 0 8 6 7 8 9 4 4 4 6 4 0 0
"e144bfeac5bed5b6" 28 11509 772 11510 999 305 1995 13 553 2 87 10189 25 1765 2607 13 553 193 6620 13 66 23 2805 13890 142 170 25 193 4 11971 -1 -1 0 0 0 0 9 7 6 7 9 4 4 6 6 8 0 0
"e9b79a1b53a78dcf" 29 2546 142 8380 13 95 61 53 18752 5381 13 553 191 66 999 6074 93 6075 13 553 171 61 1069 633 13 1580 8188 44 1852 4 11972 -1 -1 0 0 0 0 9 6 7 6 7 4 4 3 4 5 0 0
"31ae11357d1bd75a" 32 34456 34457 4715 18215 13 553 13698 13699 34458 3302 34459 2 34460 13 553 3896 61 3247 3897 13 2929 5369 1622 1190 858 9409 950 18 359 61 12958 4 11973 -1 -1 0 0 0 0 9 7 8 6 9 5 3 4 7 8 0 0
"b6b1159e04620a62" 12 34461 2861 1747 13 553 357 1016 3358 9315 34462 14615 4 11974 -1 -1 0 0 0 0 8 6 7 6 7 4 4 4 4 4 0 0
"7e853c3c1661cc26" 22 20 102 61 2053 13 553 150 36 34463 87 14289 14290 13 553 10071 3314 17837 13 63 29939 96 4 11975 -1 -1 0 0 0 0 8 8 9 7 7 7 4 2 2 3 0 0
"d2042daf1c388a82" 21 9390 13 191 9391 1148 9392 13 553 10938 165 17947 7816 13 553 482 752 753 763 188 764 110 11976 -1 -1 0 0 0 0 7 8 9 8 7 6 5 10 5 8 0 0
"3e560d893546af7c" 22 852 367 61 3429 1511 142 13 553 2 102 113 3081 13 357 25 18 1376 13 417 18 23277 4 11977 -1 -1 0 0 0 0 8 7 7 8 6 8 4 3 4 3 0 0
"796b55da45586b49" 24 8722 4899 13 553 2 774 1088 967 388 357 1096 5805 8091 8128 13 553 15353 15354 13 20 8285 353 2475 4 11978 -1 -1 0 0 0 0 9 9 8 6 7 6 4 2 2 3 0 0
"92ff2b3a5fe611fe" 16 23 4171 125 13 553 347 993 7308 13 20 774 17126 3993 2734 999 4 11979 -1 -1 0 0 0 0 7 8 8 7 8 6 3 2 3 2 0 0
"498907e54520383f" 22 191 14346 566 14347 13 553 787 7458 6583 6209 6869 13 553 2 9495 3614 13 2 621 297 653 4 11980 -1 -1 0 0 0 0 6 7 7 6 5 6 5 3 3 2 0 0
"9d5aa45b91c5a0c5" 21 35 417 7524 13 553 1774 4403 305 1043 2047 13 553 1321 5193 113 13529 2 102 417 1050 4 11981 -1 -1 0 0 0 0 8 7 7 8 7 7 4 2 5 4 0 0
"8c7ce3d0c73e45b3" 33 2027 61 13455 20 2929 13456 13 553 13082 34464 136 13 95 61 6785 1342 13 553 11509 772 11510 999 305 1995 13 499 36 330 326 521 24384 3901 4 11982 -1 -1 0 0 0 0 9 9 9 9 8 9 6 6 7 7 0 0
"87bb9b24c39b8164" 26 95 860 1737 34465 13 25 1765 2607 13 553 7141 36 146 1889 35 25 95 25917 13 553 5782 23 191 7557 3497 4 11983 -1 -1 0 0 0 0 7 6 5 7 7 5 6 10 4 10 0 0
"12f6941bfbd42753" 15 13698 13699 113 13 553 171 61 1069 633 35 2813 61 452 34466 4 11984 -1 -1 0 0 0 0 7 6 6 5 6 5 3 3 4 3 0 0
"e6c9a3df3a7e8075" 18 3896 61 3247 3897 13 553 20 102 61 2053 13 1411 102 17504 2 2453 34467 4 11985 -1 -1 0 0 0 0 9 8 7 8 7 7 3 3 4 4 0 0
"e7d24747924f57c1" 18 150 36 34463 87 14289 14290 13 553 10938 165 17947 4254 13 20 5557 188 34468 4 11986 -1 -1 0 0 0 0 8 8 9 8 7 6 5 2 3 2 0 0
"05dd205885effa1c" 12 8722 4899 13 553 68 15353 15354 20 34469 388 18792 4 11987 -1 -1 0 0 0 0 9 9 8 6 7 6 4 2 2 3 0 0
"05ac511914be129b" 23 8986 34470 13 553 28 150 36 330 12640 13 553 2 12738 150 286 12739 13 357 484 410 1825 3832 4 11988 -1 -1 0 0 0 0 7 7 7 6 6 6 4 2 3 3 0 0
"ebc4c4dc516943c3" 25 34471 32965 9495 3614 13 553 41 347 1832 305 4890 13 297 7389 117 34472 34473 553 4431 16083 7458 7459 6869 8688 4 11989 -1 -1 0 0 0 0 8 9 8 7 6 8 4 2 3 2 0 0
"e8226ad5e6cd04af" 32 25525 150 13150 330 13 35 417 7524 13 553 3659 1315 170 34474 13 357 17196 55 33500 34475 553 2 449 13 1321 5193 61 13529 20 188 34476 4 11990 -1 -1 0 0 0 0 8 7 7 5 6 9 2 2 3 3 0 0
"ba3965247c8ed018" 20 515 163 61 359 34477 13 414 8741 9413 12391 13 553 3898 3898 3898 13 1109 34478 10567 4 11991 -1 -1 0 0 0 0 8 8 8 6 7 8 2 3 3 2 0 0
"b9b7d2969246894b" 27 748 34479 188 10461 542 13 553 357 1157 7563 9733 2 5422 1882 313 13 553 66 23 5782 13 2 34 26 720 142 4 11992 -1 -1 0 0 0 0 7 6 7 5 6 5 4 8 4 5 0 0
"8b4d528d351d1886" 25 2 373 34480 34481 13 25 373 1765 2607 553 357 20 66 999 188 34482 6074 13 297 347 600 3157 6075 371 4 11993 -1 -1 0 0 0 0 6 7 6 6 7 6 3 5 4 3 0 0
"569ca022a35dd3a3" 29 543 61 8536 13 2006 150 8538 32203 13 553 357 1480 457 3897 13 28 102 1015 34483 13 553 2 66 703 18 20 3221 13671 4 11994 -1 -1 0 0 0 0 6 6 6 5 6 6 5 3 4 4 0 0
"f8b100644e434742" 41 102 1571 3313 8771 2 34484 21662 3314 12260 13 553 87 482 752 753 763 13 150 304 169 34485 13 553 357 783 34486 783 9390 13 553 9391 1148 9392 13 2 34 4620 2720 34487 436 4 11995 -1 -1 0 0 0 0 8 7 6 7 6 6 5 8 4 7 0 0
"85b2409bf7782dd6" 72 347 1328 34488 417 34489 13 553 10938 1854 10939 4363 13 87 1047 1131 34490 4 553 8722 545 457 4899 13 34491 373 150 36 566 34492 13 553 357 95 1509 727 353 6270 317 412 21402 34493 13 553 2 2247 34494 87 504 308 12666 1947 34495 13 357 11205 4 553 34 392 990 774 21537 13 3302 2 34496 33821 34497 36 362 9664 4 11996 -1 -1 0 0 0 0 7 6 6 6 5 6 6 7 3 6 0 0
"fe5fac50f16f6267" 40 1131 34498 349 13 548 34 596 34499 1108 13 553 35 34 956 19149 13 1314 386 13 20 12738 150 330 13069 4 553 34500 2056 18409 13017 13 30517 30517 34501 787 7458 7459 6869 125 4 11997 -1 -1 0 0 0 0 6 7 6 5 5 6 6 6 4 5 0 0
"3f163636bf46c5bf" 64 191 1109 1215 1762 12781 13 1774 4403 18 2047 13 553 87 61 297 6546 2 87 34502 34503 27329 13 553 12952 349 34504 55 16496 34505 481 34506 13 7042 34507 553 41 1109 34508 2 1109 34509 2043 13 1109 530 2846 200 13 553 20 8986 4444 8987 34510 34511 34512 13 1016 34513 18517 103 61 34514 4 11998 -1 -1 0 0 0 0 8 8 7 6 6 7 6 4 4 5 0 0
"5cd01c9b91420bd9" 41 10307 61 1042 34515 1303 34516 553 2 451 26 34517 358 20 34518 3914 34519 13 553 357 1321 5193 61 13529 13 2 191 150 34520 193 13 553 282 102 3081 596 18 34521 34522 2846 34523 4 11999 -1 -1 0 0 0 0 8 9 8 6 6 4 4 3 3 4 0 0
"db79b6dd895f784a" 38 3898 3898 3898 13 87 61 297 4417 13 553 8812 66 1718 412 748 1821 305 1995 1319 188 764 4 553 66 347 1550 1842 24168 1780 13 25 13 6620 13 357 134 5174 4 12000 -1 -1 0 0 0 0 9 9 9 7 6 8 5 4 5 4 0 0
"6227f2e1aaaf0c8b" 39 34 6459 2056 2113 297 34524 34525 553 357 988 20 171 9172 1473 34526 13 553 171 61 1069 633 13 1580 34 26 2852 950 34527 553 2 34 35 113 34528 1817 34529 34530 34531 4 12001 -1 -1 0 0 0 0 6 7 6 6 6 5 4 3 4 3 0 0
"d3d2be978c0a5c81" 66 2929 5369 1622 1190 858 9409 23662 20 17421 13 553 2 20 4114 34532 13 171 34533 2391 3025 357 34534 8935 13 553 66 703 1747 13 499 2887 330 26228 357 38 1693 22225 13 553 2 3736 15862 4377 2785 2844 55 34535 34536 34537 13 553 150 14286 14287 34538 14288 14289 14290 553 2 66 703 392 2785 34539 4 12002 -1 -1 0 0 0 0 6 7 7 6 6 6 6 5 3 4 0 0
"3ba6be1e623f9fdb" 37 1584 61 13232 13233 13 66 13665 1749 24509 13 553 23 4171 125 13 2 134 347 330 39 4589 8590 34540 4 553 41 150 1832 305 4890 13 66 703 34541 188 34542 4 12003 -1 -1 0 0 0 0 7 6 7 6 6 6 5 3 4 4 0 0
"0d8628eea306f0a3" 29 347 993 7977 191 171 5344 13 553 150 36 330 17056 191 13671 34543 13 188 200 672 2067 2329 1885 4488 1043 2330 1301 412 8244 4 12004 -1 -1 0 0 0 0 0 0 0 0 0 0 0 0 0 0 0 0
"674889cd1d0a094e" 18 171 174 1342 61 34544 5218 13 553 3358 34022 63 13516 6610 13 34545 34546 26274 4 12005 -1 -1 0 0 0 0 7 7 6 8 10 6 4 4 6 8 0 0
"11543486d7dc9627" 15 596 8720 34547 2048 276 13 553 2 1243 96 13223 1808 4220 34548 4 12006 -1 -1 0 0 0 0 6 7 9 8 8 8 4 5 6 5 0 0
"e761017526809848" 21 15102 17763 17422 61 9676 13 553 8715 34117 645 2307 13 373 1977 457 353 34549 888 4 1868 4 12007 -1 -1 0 0 0 0 5 6 8 9 9 5 4 3 6 7 0 0
"fa9f6a4e5aae19d2" 17 2 1431 28562 30692 358 13 553 2 1869 191 2267 13 2717 1016 34550 125 4 12008 -1 -1 0 0 0 0 6 7 7 8 9 7 4 4 7 7 0 0
"fafdd2f7da76aa06" 20 61 3497 3498 13 2 34026 13 553 357 4799 61 87 38 388 34551 34552 601 4 68 13 12009 -1 -1 0 0 0 0 6 7 6 7 8 6 5 4 6 7 0 0
"ef74056a339ea531" 18 801 901 3868 13 347 463 34553 11524 13 553 560 561 13 23 14979 3497 34554 4 12010 -1 -1 0 0 0 0 6 7 7 6 6 5 4 3 4 5 0 0
"429281b4f725d3f8" 26 9648 672 34555 13 213 13633 1669 4404 125 13 553 596 34556 6134 7223 1031 13 530 646 588 3075 1110 34557 1043 3125 4 12011 -1 -1 0 0 0 0 4 8 7 7 9 7 5 3 6 6 0 0
"44b542b9ad10cb81" 21 1043 15153 637 9439 417 13 553 4968 10018 10019 13 34558 1381 34559 34559 34560 13 87 34561 1031 4 12012 -1 -1 0 0 0 0 5 7 8 5 5 5 4 2 3 4 0 0
"f4034bbbe6071837" 31 191 1015 3212 13 3504 7092 547 34562 13 553 1069 87 61 2287 13 28 34563 34564 2265 297 722 5041 191 3206 611 313 394 13420 4 13 4 12013 -1 -1 0 0 0 0 0 1 0 0 0 0 0 0 0 0 0 0
"50d3b652fbeef98d" 34 66 1778 14235 2735 134 13 1842 20 34565 358 13 553 21168 1192 12507 13 191 1047 737 4732 113 34566 2 2067 34567 34568 600 13 1913 20 373 34569 2340 4 12014 -1 -1 0 0 0 0 6 8 7 6 6 5 4 3 4 6 0 0
"78e0544c14fabbbc" 27 15271 15272 13 66 801 34570 34571 1315 34572 13 553 8405 8406 7845 61 10911 34573 13 11319 34574 13489 191 24025 34575 1091 34576 4 12015 -1 -1 0 0 0 0 7 8 7 6 7 6 4 4 6 6 0 0
"c8d4e7e82830acbe" 30 34577 66 4220 22963 13 34578 396 347 29604 21242 13 553 347 2852 1667 1200 15160 13 357 41 3527 171 13160 3253 34579 14317 588 7398 327 4 12016 -1 -1 0 0 0 0 5 6 7 6 5 5 5 5 6 6 0 0
"9468dab696bb05b4" 14 9348 34580 392 20680 13 553 359 1434 17486 5981 1887 4 68 13 12017 -1 -1 0 0 0 0 5 7 6 6 7 5 5 4 5 7 0 0
"98491eddd0440dc5" 40 6041 6042 87 6043 125 6044 13 553 2 308 2247 13763 13 41 6984 150 6510 4 553 2 10832 1675 34581 34582 13 553 357 87 34583 174 20266 7793 34584 13 2 34585 12381 21364 34586 4 12018 -1 -1 0 0 0 0 7 7 8 8 7 7 5 4 6 7 0 0