"a38ccef1e2ab3c85" 4558 8151
"078ae25bf4916eb3" 7295 2427 6993
"b1e48032ab371a64" 1107 319 5652
"b82bca29a1bb70cc" 1791 8299
"0f8607c2ddb547db" 8002 11433
"4d2d5e0b791e071a" 1996 4094 9209
"02a6fe6332c4d7c1" 2176 6707
"a9c7f4a83508893a" 4092 5217
"77aef65a6c96a38f" 6791 10351
"5fdcff75c04aad10" 118 11544 6414
"8434d0ac2c6656a8" 10059 6029 2067
"a507742189da5d3b" 9022 2427 10660
"08442785b308506e" 9087 8160
"a97e3a4715381234" 6647 6696 5178
"139da3bd59ceb481" 3225 5055
"01e413fc2b22a721" 9077 4210
"deb4186d08136e12" 1311 2605
"84b44bad50a51e74" 4538 10612 9937
"9adb85100d522800" 9726 8918
"93d866e47cb8ae7f" 4558 7295 319
"3eb4d6f9fa8c720e" 9883 8151
"6e82dc02f68f712a" 10612 6414 1107
"3f65140420780696" 9554 2067 6993
"71caca29a1bb70cc" 1791 6647
"c75ac5bcde47d399" 5652 5217 9554
"c54d33d704d2bc71" 4538 6707 4210
"d02ff98ff29cbe05" 5055 2605
"5b8fefae09e8b432" 9937 8299
"bff47668ceceaeb1" 9022 11433 10351
"c81a3261dbb53416" 9209 5178
"3404f1add2a30d28" 4092 2427 1311
"9221012a6cdf577e" 6029 6647 2176
"9cd3672e7b60f12a" 8918 9726
"a41ef65a6c96a38f" 6791 8002
"6fc56d646cb21e4d" 11544 6993
"6ffcd2c02dd078f9" 4558 9077 4094
"fbc86b7daeef51d5" 9087 8990 3225
"4193f509988b0bc3" 1996 10059
"32501b385ab78062" 10351 1107
"fb0837c333ec3174" 8151 6696 7295
"875cbb7471c4b01d" 8160 118 6993
"cf301b3e0e2dbeea" 8990 11544 2605
"37704135741b0eeb" 11248 6029 9937
"7807c4cd340abf60" 9022 10612
"eb89f7b5d09b6550" 1311 5217 9937
"ebc433bf0174b0b3" 10162 9927
"fa11c0b08bdd3abc" 3415 10007
"a9ffdfccf5e4e258" 11274 6955
"c90f7199925174ce" 6667 11232
"c79eae4f9aa2038c" 7942 5953
"2235a4d9d8e8f04a" 4142 1620 695
"9b4da06403d24631" 1222 9783 6831
"9c332f157a19d9b3" 7907 11353 4064
"6cffc62363b7bb4f" 10125 8819 209
"d0fa66793bffe070" 3999 221 5460
"1e5fd03408b5cccf" 7142 4949 10673
"be52d6ea9df83db5" 1655 3251
"43cf1d136653840f" 6198 10342 5911
"28e4ac75c40024a5" 11296 7160 5121
"efff5ed72ec03f04" 2640 1153
"56401f92f3cad36e" 10984 11280 7332
"8e7746d7987d08dd" 7799 9904
"8ae2a5141f8dcbc4" 5450 2140 11353
"d7eb79782ac35b54" 221 7160 695
"cd64a7ec582aa78f" 1153 6831 9927
"2b314239007e1097" 10125 209 1655
"f55c212d247a36a5" 11232 1655 5867
"b24c37c07e6af466" 4142 4064 7332
"d9e7160fc39278c7" 9904 6198 10342
"dd0f5997988d526c" 5953 11353 7142
"709d18bb347bcce4" 4949 11296 5121
"e28e5894d1f87ea0" 6955 695 7799
"eef5ad365d3beea0" 3105 10673 3999
"f458e64a9f17d752" 7942 221 5911
"e562447b39a99c95" 11374 5460 3251
"6a3481cb785ccfda" 1222 11280 3415
"fbf9d3f2663c03eb" 2640 5867 1655
"58982956b1f9ddfb" 10162 1153 4973
"6aa858f73f11b15b" 7332 10984 209
"1955f6039553e823" 1620 6831 10673
"973b000fb8ebb49f" 6198 4973 5953
"872932779976f3bd" 7942 4142 7907
"7a35a213ed1673a9" 6667 10125 10162
"618074285b0d847e" 8819 11274 4064
"c3eb88015fc68f9b" 7799 11353 3999
"5ccde044bb996c28" 209 9783 7160
"d1cd18bb347bcce4" 4949 11296 5911
"329acb3ccaaf35f2" 221 7142 9927
"c4b1ddede32763f3" 10125 3251 10007
"6f1ef639b2fd1d10" 6831 11232 1222
"5785ef2fd6c4c60f" 11296 11353 9927
"61f77abad153fc78" 5953 10342 6198
"669b3c085cb802a3" 4064 695 10162
"48de9b6d1b519abf" 5627 408
"67a95896e1b7c852" 9516 890 751
"b27ba75170160ca7" 11380 3802
"838753d5e91e0b8f" 4022 8896 7817
"fcec99deef96ef11" 589 6713
"548f8e9f7990c022" 8765 4716 6971
"16e0c8363ab414f1" 7309 6089 11150
"b4832e4ff3b17dc1" 7278 7624
"b83b6cf5eb61e1bc" 1653 12013
"5a0905b0fc186e17" 1593 7846 10957
"4772f6cefe93908c" 7919 548
"51bb3e18d45297fc" 6004
"b0a2a6118a0adda6" 7295 8299
"77a40b8a21a698e9" 10059 2427
"95e42853617b5bde" 8151 6647 8918
"092cb9b1118ba8a6" 10612 319
"6d01d7676faf7f33" 2067 8002 6696
"fca24b284351eea4" 5652 1791 1311
"40ce28d94854b8cd" 2605 6414
"edd00a8ff29cbe05" 5055 9726
"211c2989414d4e4f" 4210 10351 10660
"68c5fe6332c4d7c1" 2176 3225
"baceefae09e8b432" 9937 5217
"8170adeb0f4007fb" 9883 118 4094
"9d3088dfca4b474f" 8299 7295 4538
"4473240c683777a8" 11544 4092 8151
"ef5e12876a564bd7" 10059 2427 6707
"79e32785b308506e" 9087 6647
"ec4c2eac23f90eee" 1107 10612 8918
"a4498c4970e6ce67" 6696 8002 319
"324b878f2d30bddc" 2067 1791
"f63b61acb96b38aa" 6993 5652 11433
"5b6e28d94854b8cd" 2605 5055
"60b976a06b5e38eb" 10660 5178 6791
"d6bb9986c5c059e8" 5217 4210 9937
"1b5c0e0443afdefa" 9883 9554 8299
"01e400d766dee106" 7295 4538 4094
"3d060b8a21a698e9" 10059 8151
"fbd2995460b247d8" 2427 1107
"390eb9b1118ba8a6" 10612 8002
"37f882dac8133df0" 6993 11433
"13dc212e2d6c43be" 6414 9077 9209
"2071c20bef8ae816" 6791 8160 5178
"829d029935f8579a" 5217 3225 9937
"bc8ea9cefbc352f7" 9022 4558 8990
"d2d9f1ae4b177416" 118 4094 11544
"c991a6118a0adda6" 7295 4092
"cdf531164bec9bf2" 6029 2427 9087
"a268005e6e5c290f" 8918 319 6696
"cce546567a024e43" 8002 6993 5652
"8383367c2b72b00c" 9209 10660 5178
"8ed55a17ed634462" 10351 4210 6414
"1afca0e3431d9a2f" 9937 8160 1791
"0b30e09835706cbb" 4558 8299 4538
"7915dd5c28d03214" 11544 8151 10059
"b9f4b39b6dd6bb99" 6707 9087 10612
"0e0cb568454a3629" 9726 2605 8160
"0bff8fa256e0c21e" 5055 9077 1311
"9880eb1680130cf4" 9927 5953
"2c38bc6d5843b525" 6955 10342
"30cc359522f5b46a" 11232 6198
"0500a0ecb78cb67f" 1620 3999
"405f1142b6ee9dc8" 2140 7942 10673
"790191c15b56058f" 5121 221
"68935cbac4d1b1ce" 10007 4142
"5500efccf5e4e258" 11274 7142
"bba508f7825c0b01" 5460 1655 3251
"1ee537ac8efd7664" 6831 209
"206200f7128c3a15" 11374 5911 9904
"d8726ed72ec03f04" 2640 11280
"cd0f7199925174ce" 6667 11296
"5f0a6d617b51e787" 4064 10125 7907
"a05522c6bf77ebd4" 7332 8819 10342
"a2ee1bf661e7e295" 11353 7160
"e2c433bf0174b0b3" 10162 9783
"031932621c7bce47" 5450 1153
"3e79c8aa144aa5a7" 1222 10984
"92d861636ac70970" 695 5297
"94e756b533dfd398" 4949 1620 3999
"315e8e30723c951c" 3415 10162 209
"6fbf7f2595a83da1" 4973 9927 221
"95d35cbac4d1b1ce" 10007 5121
"ccb070f23baa6b32" 6831 7942 4142
"46d103c6f2a83cd2" 3105 11274
"ccabfc4be7ad9b0d" 5867 9904
"86db1f8b1b9be473" 11280 6955
"8b10258db3b31728" 5911 4064 11232
"0353d6ea9df83db5" 1655 7160
"1f483584b666c417" 11374 7332 6198
"6d726ed72ec03f04" 2640 11353
"781bacae412353f1" 5953 10125
"40694e3346be9d77" 5450 10342 3251
"73b94a5ae211ea2e" 6667 10984 7907
"fa88b8eda09d12d0" 2140 5460 7142
"e594d28ffa3a0def" 8819 9783 3999
"72222dad227fd640" 1153 6955 1222
"765b9d9a42fefb24" 3105 7332 5121
"5a24e824efdcb1ef" 11274 4949 5297
"fb5db2aa20312620" 4973 11280 10673
"cbaab9f631848631" 10007 5953 695
"18a0352d23569b75" 11374 6831 1655
"e6d764e0426198e6" 5460 4064 209
"59fea3f110b4d5fe" 5867 221 9904
"0e7545d8ac75d089" 5450 10162 3251
"b70e3561cee1fa43" 10957 7846 751
"fcab99deef96ef11" 589 1593
"41df954beb30b65f" 3802 7817 9516
"0681ab6d1b519abf" 5627 11380
"09ebd8b85026619a" 4716 12013 6194
"7a740bf801aa824e" 1653 6004 8765
"8442fa53b857926a" 7846 12013
"3fa34e519e84e93c" 4950 6089 7919
"a75a47b14b2f977e" 7624 7909
"3b756bf97d917d96" 408 11150
"fd3388aac8c1ea4a" 890 8896
"a78e2412f47367bf" 548 6713
"bc5e6cb01b332e7f" 7278 589 6971
"4fe2989c791f8cad" 4022 6089
"f8924ce10557cfb4" 9516 1653 7817
"4be93307f63b0acb" 6194 8765
"a4188198bf3bb75b" 11380 1593 7624
"00ab073b3fd4ea28" 9213 890
"24c28f73760f3df5" 7309 4716
"5ea11f19543b8bea" 751 5627 4950
"a243f6cefe93908c" 7919 3802
"a8172604d42c8490" 6004 6713
"34443edb983eabf4" 7278 408 548
"d985213baa442a17" 10957 12013 4022
"2eda50fbc997316a" 9516 1593
"096e3f3ff79ba6d5" 589 10957 6089
"65a1a0fc55d596f8" 6089 6004
"f8114bcae54f8ea4" 7909 4950 6971
"fc9f2412f47367bf" 548 11150
"80238f73760f3df5" 7309 6194
"4d5e6f580b503fa7" 4022 6713 8896
"0c556da59b286a6f" 408 1593 890
"03d56869bf34bc58" 11380 7846 7909
"fd87c5f38b1e38ab" 6004 7817 589
"a580ab6d1b519abf" 5627 7278
"95ab6698aa04b56d" 11150 751 7919
"b83288aac8c1ea4a" 890 4716
"e6772ca677ad952c" 1653 7624 8896
"c36c073b3fd4ea28" 9213 4022
"099ca0ce2136cf44" 8765 4950 548
"49f0fa53b857926a" 7846 6713
"cae2bc256bd18ec1" 8896 12013 3802
"f6d0fe4444258b8b" 6194 10957 5627
"d314e23676cdd74f" 7909 751
"b46a80a8d6a9f3ec" 6089 7278 6971
"c5d11e613c52f9fb" 1593 7817 8765
"a0a6fc587e6929c2" 7846 5627 9516