23
76
113
121
388
729
843
857
1016
1400
1579
1611
2181
2235
2435
2574
2590
2593
2672
2741
3213
3262
3378
3383
3407
3408
3440
3688
3938
4031
4132
4342
4364
4381
4418
4492
4506
4661
4669
4675
4696
4866
5181
5213
5363
5368
5702
5806
5900
5925
5969
6086
6140
6193
6348
6410
6572
6702
6791
6971
7037
7058
7079
7235
7251
7340
7345
7351
7526
7611
7643
7921
7930
7953
8055
8549
8559
8730
8775
8813
8991
9264
9609
9770
9804
9918
10210
10315
10373
10425
10530
10626
10851
10898
10964
10968
11022
11057
11131
11267
11278
11595
11693
11699
11724
11729
11767
11968
12165
12170