118
209
221
319
408
548
589
695
751
890
1107
1153
1222
1311
1593
1601
1620
1653
1655
1791
1996
2067
2140
2176
2427
2605
2640
3105
3225
3251
3415
3802
3999
4022
4064
4092
4094
4142
4210
4538
4558
4605
4716
4949
4950
4973
5055
5121
5178
5217
5297
5450
5460
5627
5652
5867
5911
5953
6004
6029
6089
6194
6198
6414
6647
6667
6696
6707
6713
6791
6831
6955
6971
6993
7142
7160
7278
7295
7309
7332
7624
7799
7817
7846
7907
7909
7919
7942
8002
8151
8160
8299
8765
8819
8896
8918
8990
9022
9077
9087
9209
9213
9516
9554
9726
9783
9883
9904
9927
9937
10007
10059
10125
10162
10342
10351
10612
10660
10673
10957
10984
11150
11232
11248
11274
11280
11296
11353
11374
11380
11433
11544
12013