65
79
129
179
348
488
715
1079
1147
1153
1186
1191
1307
1408
1582
1619
1633
1639
1660
1733
1830
1867
1959
2138
2240
2311
2412
2557
2590
2782
2853
2871
2992
3122
3192
3248
3266
3369
3413
3414
3558
3732
3799
3905
4160
4671
4683
4701
4875
4972
5153
5158
5318
5395
5500
5578
5786
5834
5866
5893
6060
6069
6086
6144
6480
6537
6555
6751
6897
7031
7069
7135
7170
7185
7523
7645
7807
7850
7873
7958
8035
8070
8312
8444
8539
8654
8676
8683
8992
8999
9094
9123
9205
9304
9314
9361
9406
9432
9445
9640
9655
9737
9799
9884
9938
10129
10171
10269
10340
10349
10445
10448
10453
10485
10500
10564
10741
10753
10770
10868
10916
11062
11115
11177
11245
11469
11510
11591
11639
11650
11703
11770
11864
11923
11946