"147f7b9ad5f66a73" 15 6615 1669 504 1747 14773 13 553 3497 6930 2 6105 8586 17389 17390 4 7175 -1 -1 0 0 0 0 8 6 7 7 6 6 3 3 2 6 0 0
"653e66274fbb2f02" 36 4361 17391 9920 13 87 388 357 628 9929 2 17392 13 553 357 87 11490 357 17393 171 3789 284 17394 13 553 330 347 2280 17395 823 13 113 5709 93 17396 11408 4 7176 -1 -1 0 0 0 0 8 7 9 7 8 8 5 4 3 7 0 0
"baaa31e9b805d307" 29 1580 17397 13 482 102 1555 2 1571 165 13 553 17398 17399 53 4570 4571 17400 13 553 53 17401 12664 2651 13 35 102 61 6159 4 7177 -1 -1 0 0 0 0 7 5 7 8 6 5 4 10 5 8 0 0
"a76a2d6df2a5b1a7" 18 17402 125 1762 3938 504 17403 13 553 15797 500 95 3089 763 13 357 102 3059 4 7178 -1 -1 0 0 0 0 7 6 8 7 6 6 5 4 2 5 0 0
"661c3a718be687ab" 34 347 330 17404 12381 13 102 3909 1718 13 553 6270 2531 17405 609 4403 116 2689 329 13 553 7168 66 827 134 10884 13 347 2258 330 17404 5395 20 3401 4 7179 -1 -1 0 0 0 0 6 4 5 7 5 6 3 3 2 6 0 0
"57854a995255a115" 35 102 2902 1093 8404 8852 13 553 357 1718 388 1363 13 35 102 61 3221 17406 13 553 66 23 3635 1033 11967 154 13 28 102 606 361 6296 53 17407 17408 4 7180 -1 -1 0 0 0 0 8 5 6 8 6 5 2 2 2 6 0 0
"3c85814428ebbfdc" 32 66 17409 17099 13 499 7428 1655 362 17410 13 553 1164 6547 7317 499 283 10931 362 993 13 553 801 901 11067 13 499 39 17411 330 504 17412 4 7181 -1 -1 0 0 0 0 9 6 8 6 7 8 3 3 2 4 0 0
"0ccff2542e06f1e5" 20 188 1342 359 2001 7848 13 357 14118 3838 1043 993 13 553 38 1145 10939 2615 20 14032 4 7182 -1 -1 0 0 0 0 9 6 7 7 6 5 3 3 3 6 0 0
"72d490dbd8a65ba5" 30 17413 421 504 17414 13 357 574 35 87 61 17415 13 553 359 8633 34 746 3751 9215 13 17416 2396 188 855 7124 2 5196 87 61 4 7183 -1 -1 0 0 0 0 8 7 7 8 6 6 3 3 2 6 0 0
"034fe33b79936437" 21 17417 981 319 17418 2999 13 553 596 720 150 2664 6712 3663 13 3497 1065 2 3221 17419 17420 4 7184 -1 -1 0 0 0 0 7 6 5 5 6 5 3 3 2 5 0 0
"798dd3739612e8ac" 34 95 61 171 10196 13 3358 607 5254 13 553 28 347 457 1015 297 13 66 347 1379 1108 20 9391 6024 13 553 1250 442 171 603 855 171 6785 5722 110 7185 -1 -1 0 0 0 0 9 7 8 7 8 6 4 5 3 7 0 0
"e2d95c90742a81d3" 38 2 171 3857 15779 13 20 66 767 9950 13 553 745 4107 16098 6644 2 981 607 7780 20 17421 13 553 1250 14085 12083 14086 13 1721 2 17422 61 113 17423 13 17424 17425 4 7186 -1 -1 0 0 0 0 8 5 7 7 6 4 3 4 3 6 0 0
"d7ec2dc34c8d9da2" 23 26 3405 948 2153 13 357 87 61 188 2327 2882 13 553 20 4620 1482 170 13 87 590 1420 17426 4 7187 -1 -1 0 0 0 0 6 5 6 7 6 4 3 3 3 7 0 0
"a2f776461bb7b214" 39 1109 15415 845 13 28 102 190 113 17427 13 553 23 14955 367 17428 13 357 134 66 113 824 2 17429 13672 13 553 9390 17180 13 1148 9392 2 574 1580 171 454 61 1232 4 7188 -1 -1 0 0 0 0 8 6 7 6 6 6 4 5 3 6 0 0
"7063d1f627027e4f" 36 744 34 17430 268 1091 17431 171 17432 13 553 357 719 150 36 10698 1319 13 1580 139 5463 10939 13 553 188 8575 61 113 8576 13 349 102 113 17433 171 17434 4 7189 -1 -1 0 0 0 0 7 5 6 6 6 6 4 3 2 5 0 0
"79ae2fe8956f6d3a" 23 41 150 279 280 281 553 10450 150 637 1664 553 357 17435 61 1112 553 2 1588 556 774 1088 15735 4 7190 -1 -1 0 0 0 0 7 6 7 8 7 7 6 4 4 6 0 0
"dc638912c3704d06" 17 687 17436 9322 2829 553 17437 1016 17438 359 17439 17440 13 7070 170 17441 68 13 7191 -1 -1 0 0 0 0 8 8 7 7 6 9 5 3 3 5 0 0
"97b733bf8ee3b1ea" 16 34 11473 11474 11475 359 17442 553 17129 93 17443 8891 13 17444 4 68 13 7192 -1 -1 0 0 0 0 6 6 7 7 6 7 3 8 3 5 0 0
"df096e4430a7a117" 14 14460 6501 17445 13 553 113 4552 10995 10996 6766 16259 4 68 13 7193 -1 -1 0 0 0 0 8 7 7 6 6 7 5 4 3 4 0 0
"4e147ad142b159d3" 18 5851 5851 13 116 150 8261 13 553 499 600 4729 1293 436 4393 17446 4 68 13 7194 -1 -1 0 0 0 0 5 5 7 6 6 8 6 3 4 4 0 0
"f938445d0f46b351" 18 95 10246 305 8003 3895 13 553 1549 7543 4481 13 2 3609 353 17447 4 68 13 7195 -1 -1 0 0 0 0 6 7 7 6 6 8 6 5 3 4 0 0
"050d3b109b17acfa" 19 87 25 11429 150 847 362 10852 553 68 171 68 6601 17448 26 547 17449 4 68 13 7196 -1 -1 0 0 0 0 7 6 7 6 7 9 5 4 3 5 0 0
"fdba5831885cb5ef" 14 20 620 5461 20 1800 553 2436 5084 2028 967 17450 4 68 13 7197 -1 -1 0 0 0 0 8 8 9 7 7 7 6 4 3 4 0 0
"84423165782718a2" 16 35 15739 2620 17451 17452 13 553 1488 6791 11616 12577 17453 17454 4 68 13 7198 -1 -1 0 0 0 0 7 6 7 8 6 7 3 7 3 5 0 0
"b15c819c86b43fca" 27 417 14125 14126 5163 14127 675 13 553 4003 4004 4005 13 2245 34 26 106 12157 305 2 11408 35 12709 1928 17455 4 68 13 7199 -1 -1 0 0 0 0 8 8 9 7 8 7 6 5 6 6 0 0
"8b002c21925331db" 25 347 1206 12670 13 113 14551 1485 13 553 20 66 795 13 367 2200 6338 17456 2 23 17457 17458 17459 4 68 13 7200 -1 -1 0 0 0 0 7 7 7 6 7 8 6 4 8 5 0 0
"54850d55bbbbaa47" 16 1580 95 467 723 17460 13 553 35 1360 1122 17461 61 12761 4 68 13 7201 -1 -1 0 0 0 0 7 7 6 6 6 7 5 3 4 4 0 0
"6c8ab3c8d51c10f8" 21 2107 3185 305 297 17462 553 170 774 9038 737 9039 13 1580 17463 17464 6105 17465 17466 4 68 13 7202 -1 -1 0 0 0 0 8 7 7 6 7 8 5 8 5 7 0 0
"cf5465270e86bdd3" 26 621 9127 13 1549 2652 13733 17467 553 1947 452 2574 58 2575 2576 13 357 150 2652 1297 520 61 17468 17469 4 68 13 7203 -1 -1 0 0 0 0 8 8 7 6 6 9 5 7 3 4 0 0
"ef8a784f92e42719" 23 8587 457 150 286 3195 13 150 596 25 304 13 553 25 1550 7559 388 87 4715 570 6531 17470 1558 4 7204 -1 -1 0 0 0 0 7 7 7 6 7 8 5 4 8 6 0 0
"61fe977ff67c9c3a" 19 2245 87 353 14082 13 95 61 1016 17471 13 553 95 4690 17472 2 17473 799 17474 4 7205 -1 -1 0 0 0 0 8 7 9 8 6 6 5 6 4 7 0 0
"2d4d2fc29c90c06d" 16 66 7940 6864 3972 7941 13 553 1091 2193 1756 414 9048 359 8160 17475 4 7206 -1 -1 0 0 0 0 7 6 5 5 4 6 4 4 3 6 0 0
"922c444a560001db" 32 20 9467 388 13 87 61 297 1912 12624 13 553 28 361 2227 13 1109 6874 1389 2 17476 13 553 2 14615 373 7214 13 1549 1016 8864 1754 4 7207 -1 -1 0 0 0 0 7 8 8 7 8 8 5 6 6 6 0 0
"82ade18c9fc438a6" 16 1664 66 1778 703 351 13 553 1071 5870 1047 10831 13 66 2652 17477 4 7208 -1 -1 0 0 0 0 7 8 8 7 8 7 5 6 6 6 0 0
"62d39bb7bfcb5388" 26 1988 106 16007 13 191 17478 96 2 17479 13 553 28 61 3914 1831 1016 1829 13 553 1549 1494 1525 799 3939 18 4 7209 -1 -1 0 0 0 0 8 9 8 7 6 8 5 6 5 6 0 0
"82c2550a52b2417b" 21 134 61 1069 11878 13 1013 95 3009 7949 13 553 41 1094 7406 13 297 737 17480 66 17481 4 7210 -1 -1 0 0 0 0 8 8 6 6 5 5 6 6 6 7 0 0
"98d5d9a0d7587d3d" 21 1808 9457 4537 9458 13 357 1029 66 23 7521 13 553 10260 10261 855 13 2 1494 17482 4197 4 7211 -1 -1 0 0 0 0 8 6 7 5 7 6 5 5 4 5 0 0
"efc0156209e932bc" 37 17129 13 1342 61 977 520 3093 331 3692 13 553 1488 13 87 61 17483 520 1420 343 17484 13 553 8587 457 150 286 3195 13 3747 61 35 1109 2696 17485 774 13152 4 7212 -1 -1 0 0 0 0 8 7 5 6 5 6 6 7 5 8 0 0
"a29272846afaa939" 42 34 11473 11474 11475 13 2 66 5935 6501 17486 13 553 34 645 305 106 13 360 61 171 11950 2 17487 13 553 87 25 11429 150 847 362 10852 13 41 35 283 17488 2 600 1617 351 4 7213 -1 -1 0 0 0 0 9 9 7 7 6 6 4 6 8 6 0 0
"a8178cf8cdf104a3" 33 28 361 2227 13 703 12298 353 5580 11067 13 553 171 1651 2861 367 2 2696 1109 17489 2 8459 13 553 2 20 620 5461 13 343 607 8555 17490 4 7214 -1 -1 0 0 0 0 7 8 8 7 8 7 5 6 6 6 0 0
"fc321e0dd9e67764" 33 286 13 772 95 102 1810 297 2155 13 553 1947 452 2574 58 2575 2576 13 553 170 774 9038 737 9039 13 1580 1489 331 1525 2 17491 1109 2731 4 7215 -1 -1 0 0 0 0 7 6 6 7 6 6 5 6 5 8 0 0
"aebf94ba78cfc92f" 41 116 150 8261 13 95 61 171 3009 2 373 102 2859 3358 13 553 25 7559 13 61 1016 311 2 5140 415 3089 13 553 1580 95 467 723 13 1549 150 1507 13 1109 2731 116 726 4 7216 -1 -1 0 0 0 0 8 8 7 7 6 7 4 6 6 7 0 0
"38a7b84746523a9f" 33 2 693 13 1052 1109 1110 17492 13 553 2 14615 373 7214 13 3923 61 1016 12820 13 553 2245 87 353 14082 13 1109 1110 521 2 2696 1110 17493 4 7217 -1 -1 0 0 0 0 8 9 8 7 7 7 5 6 7 7 0 0
"1dd806c2462b786f" 32 134 61 1069 11878 13 1013 5399 9063 13 553 299 8003 3895 302 13 1109 1110 3118 2835 13 553 95 150 545 547 13 737 61 742 722 17494 4 7218 -1 -1 0 0 0 0 8 8 6 6 6 6 5 6 6 7 0 0
"5f2df35176da8d15" 35 347 1206 12670 13 66 3503 774 1552 17495 6336 13 553 1664 66 1778 703 351 13 2 23 2891 17496 17497 17498 13 553 14460 66 17499 17500 17501 2 17502 9463 4 7219 -1 -1 0 0 0 0 9 8 8 7 6 6 5 6 7 6 0 0
"2fe3d630f1af1d02" 20 5851 5851 13 744 2107 388 504 17503 13 553 357 1749 150 36 515 330 9928 17504 17505 4 7220 -1 -1 0 0 0 0 7 8 6 8 6 5 3 2 3 4 0 0
"58a2b2ba4178d583" 23 113 4552 10995 10996 13 2 1148 3125 6159 13 553 412 1378 17506 16269 13 17507 16268 17508 436 17509 17510 4 7221 -1 -1 0 0 0 0 7 5 6 8 6 5 3 3 3 4 0 0
"215f1bcce6b478d5" 25 66 7940 6864 3972 7941 171 17511 17512 17513 13 553 28 61 15638 16127 134 1016 16128 13 6853 1632 150 17514 11738 4 7222 -1 -1 0 0 0 0 4 5 7 8 7 6 3 4 6 6 0 0
"04245bfdbbd98c2a" 41 1091 2193 2194 17515 13 17516 17517 17518 530 17519 13 553 1780 95 150 36 13 1106 515 608 20 17520 13 357 3939 2195 2196 2 2197 17521 20 1793 2663 13 171 2436 5084 171 17522 3938 4 7223 -1 -1 0 0 0 0 7 8 8 7 6 5 3 2 3 4 0 0
"f9e6e6c4f37da0b1" 15 417 14125 14126 5163 14127 675 13 553 41 1094 7406 1552 17523 17524 4 7224 -1 -1 0 0 0 0 8 7 5 5 5 6 4 2 3 2 0 0
"c0acc99b5dbdb9d5" 24 20 66 795 13 326 504 150 17525 13 553 608 8432 1476 20 10260 10261 855 13 2238 17526 17527 2 17528 4 7225 -1 -1 0 0 0 0 8 8 6 6 6 6 4 3 4 3 0 0
"b3ffdfbaa16e52e3" 18 1988 106 16007 1552 17529 13 553 2436 5084 13 1071 150 146 17530 6551 17531 17532 4 7226 -1 -1 0 0 0 0 9 7 5 7 6 6 4 5 5 3 0 0
"d93b5a90de6b1bb2" 26 499 4729 1293 487 13 171 17533 2 17534 517 13 553 1808 9457 4537 9458 13 357 2652 347 17535 499 17536 17537 17538 4 7227 -1 -1 0 0 0 0 6 4 4 6 6 7 3 3 3 3 0 0
"0c05b2b835b39c3b" 40 34 10621 410 7033 3282 13 357 106 11535 367 596 20 17539 727 17540 358 13 553 2 1988 106 16007 1552 17541 17504 13 373 388 357 17542 4862 12811 13 2 3485 17543 17544 2329 17545 4 7228 -1 -1 0 0 0 0 5 7 7 8 7 6 2 3 4 4 0 0
"8d85c70aebc0d940" 33 66 574 93 1488 95 17546 737 17547 13 553 20 95 4690 4691 171 17548 8830 1882 313 13 66 3302 320 17549 13 373 441 25 373 1420 17550 313 4 7229 -1 -1 0 0 0 0 6 5 6 8 7 5 4 2 3 2 0 0
"e4020d16e2e00965" 34 35 15739 2620 13 357 87 188 17551 61 2720 17552 17553 17554 13 553 87 25 11429 150 847 362 10852 13 20 9467 388 1552 17555 8225 17556 2 9556 17557 4 7230 -1 -1 0 0 0 0 7 5 7 8 7 3 5 5 6 6 0 0
"9023bf1407910e76" 36 1664 66 1778 703 351 13 28 87 17558 150 17559 2999 17560 2846 13 553 34 645 305 106 34 17561 305 13 28 417 66 347 36 13 170 774 9038 737 9039 4 7231 -1 -1 0 0 0 0 5 4 6 7 7 4 4 3 4 3 0 0
"c2c6364e1181ba0c" 25 28 361 2227 13 347 171 490 10191 5738 17562 17563 13 553 28 5870 1047 10831 13 1552 5879 3302 17564 17565 17566 4 7232 -1 -1 0 0 0 0 7 7 8 8 7 4 3 3 3 4 0 0
"692615f651a97399" 22 1988 106 16007 17567 17568 13 553 28 61 15638 16127 134 1016 16128 13 712 1622 17569 1713 25 7559 4 7233 -1 -1 0 0 0 0 9 7 5 7 7 5 3 3 4 3 0 0
"cd32e5a9bf9985b1" 24 1808 9457 4537 9458 13 17570 3930 17571 7282 13 553 347 1206 12670 13 357 534 712 17572 13 116 150 8261 4 7234 -1 -1 0 0 0 0 7 6 6 5 5 4 3 4 3 2 0 0
"f5c26986ba0a06a5" 31 95 17573 55 17574 17575 1089 953 17576 13 553 357 2546 113 4552 17577 10996 13 553 44 7793 1655 353 17578 17579 368 636 353 13 357 295 17580 7235 -1 -1 0 0 0 0 6 6 7 6 7 5 2 2 2 4 0 0
"d987692903c7ed68" 16 1947 452 17581 17582 2615 17583 13 553 2 2107 3185 12624 2151 17584 17585 4 7236 -1 -1 0 0 0 0 2 7 6 4 5 8 4 3 2 5 0 0
"18613c61e1ecd150" 27 508 1245 2013 2 66 788 17586 13 553 34 11473 113 11474 171 11475 13 553 499 330 600 4729 1293 436 95 1016 17587 4 7237 -1 -1 0 0 0 0 3 6 6 5 5 4 3 3 2 4 0 0
"de0d375a546fb073" 21 35 286 3434 616 17588 13 553 41 3302 7406 1765 1094 13 553 14615 373 724 13 373 7214 4 7238 -1 -1 0 0 0 0 7 7 8 7 8 4 3 3 2 4 0 0
"9cb50e13e72498f8" 25 66 703 5881 4110 17589 2734 13 553 47 4589 5881 5246 13 553 1095 17590 17591 13 66 1934 17592 550 2505 17593 4 7239 -1 -1 0 0 0 0 8 7 6 5 7 3 2 2 2 4 0 0
"4889664525118eae" 24 331 150 7830 4879 47 4107 5750 13 553 6532 1016 467 17594 6533 13 553 17595 326 13 12226 357 150 17596 4 7240 -1 -1 0 0 0 0 4 5 6 4 6 6 3 8 4 7 0 0
"53c1279843954391" 15 2 11577 17559 12438 11371 13 553 8871 3531 2785 14565 888 8873 4391 4 7241 -1 -1 0 0 0 0 2 3 6 4 5 5 2 3 3 4 0 0
"63554308383cf10e" 21 150 304 17597 13 3302 17598 2299 553 1915 61 2859 17599 13 553 17600 17601 34 6828 16324 16325 4 7242 -1 -1 0 0 0 0 9 7 8 6 7 3 1 2 3 6 0 0
"94a743d6139d2bf0" 19 1141 1142 1143 13 191 9022 920 3001 13 553 3479 17602 1997 13 17603 2258 17604 14002 4 7243 -1 -1 0 0 0 0 1 6 8 5 4 7 2 2 3 6 0 0
"d092b74c456daeea" 19 44 3764 7079 2 2683 628 13 553 35 36 590 66 1720 499 36 188 2599 942 4 7244 -1 -1 0 0 0 0 7 5 7 6 6 4 2 2 3 5 0 0
"641c3e72a699c7de" 17 66 3503 188 17605 13 337 830 13 553 4330 13162 146 1351 44 504 2183 4 7245 -1 -1 0 0 0 0 8 7 7 6 7 4 3 2 3 6 0 0
"d10e0e1aba8ddd1c" 13 331 150 4879 10565 13 17606 17607 17608 17609 1842 4 68 13 7246 -1 -1 0 0 0 0 3 4 5 3 5 5 3 6 4 5 0 0
"29b729611d38de64" 17 6532 1016 467 6533 13 553 283 17610 1720 13 347 39 10273 95 2620 326 4 7247 -1 -1 0 0 0 0 7 5 6 5 6 3 2 4 5 6 0 0
"aec016e5ed2fb1f9" 25 17611 16510 3302 547 17612 13 553 47 10732 188 9232 150 657 1356 17613 1091 1095 13 553 743 17614 17615 17616 17617 4 7248 -1 -1 0 0 0 0 3 7 7 5 5 7 3 2 3 5 0 0
"e6fdcdd83363fc3a" 15 191 1863 61 53 17618 9096 13 553 1141 1142 1143 13 17619 17620 4 7249 -1 -1 0 0 0 0 7 6 5 6 6 2 2 3 4 4 0 0
"8d08cc5f610a591a" 30 3067 17621 13 347 286 7366 13 553 357 17622 17623 131 2 188 17624 17625 2137 13 553 1842 1047 2049 722 6740 10893 2 17626 17627 17628 4 7250 -1 -1 0 0 0 0 7 5 6 3 6 5 2 3 4 3 0 0
"9a1285990449ba10" 28 1664 5246 47 720 17629 4799 4595 553 13 553 547 3746 150 36 17630 993 17631 359 2329 17632 17633 13 10077 17634 17635 616 17636 4 7251 -1 -1 0 0 0 0 3 2 4 1 2 2 1 5 2 2 0 0
"950642064767d349" 17 17637 636 11535 1047 17638 9702 17639 13 553 102 5654 17640 17641 7329 17642 17643 4 7252 -1 -1 0 0 0 0 6 6 4 5 4 4 3 3 2 5 0 0
"5986b4b98a844209" 28 17644 17645 1240 1754 150 7481 4702 4304 13 553 1488 170 7329 609 66 703 578 4110 13 14002 20 5525 12524 17646 17647 116 17648 4 7253 -1 -1 0 0 0 0 5 3 4 4 4 2 3 4 4 5 0 0
"a71f5e5c749c4222" 38 17649 1389 443 796 17650 66 1604 1552 17651 727 13 553 47 7231 7997 10732 17652 13823 688 150 4879 10565 17653 13 15553 16483 553 17654 12226 34 17655 1641 18 17656 13 749 17657 4 7254 -1 -1 0 0 0 0 0 0 0 0 0 0 0 0 0 0 0 0
"1c943ea843518bbc" 28 8451 61 188 6412 13 150 661 188 9234 13 553 3075 61 8871 718 17658 357 17659 13 888 17660 17661 8873 787 17662 4 68 13 7255 -1 -1 0 0 0 0 6 8 6 4 6 7 5 3 3 6 0 0
"b8be25b15f4c3579" 48 6521 2 17663 17664 16483 17665 170 17666 13 17667 93 17668 13 553 1169 2 2336 17669 13 1549 17670 341 17671 17672 482 13 553 5530 17673 17674 2 1141 3248 17675 3993 17676 17677 2370 13 636 17678 1143 17679 1552 17680 5457 6533 16483 7256 -1 -1 0 0 0 0 8 6 7 8 8 5 5 6 8 7 0 0
"d85cb0c63ed58c10" 56 34 17681 457 17682 7103 13 191 6927 17683 146 578 138 3032 68 13 553 17684 15996 17685 13 17686 17687 16483 13 553 63 1915 13293 2 3401 17688 17689 1016 68 13 17690 17691 17692 413 17693 93 13 184 35 17694 17695 13 114 17696 102 25 5140 542 1924 61 16483 7257 -1 -1 0 0 0 0 7 7 8 6 6 6 5 4 6 8 0 0
"da0b365717524d79" 70 150 16092 17697 330 474 3456 146 17698 13 553 860 134 17699 13 123 17700 17701 963 134 61 1095 124 13 553 150 373 102 6097 17702 17703 17704 17705 13 11026 17706 737 17707 3557 17708 13 68 13 13 17709 17710 53 61 17711 537 17712 17713 104 1047 2638 2035 191 313 17714 113 61 17715 13 7044 326 7153 209 17716 4 68 13 7258 -1 -1 0 0 0 0 8 6 7 7 6 4 6 5 6 7 0 0
"4a4e8cd650493eb2" 40 297 102 8336 17717 553 17718 17719 13 113 12237 17720 17679 553 737 17721 2 6838 3609 1071 13 17722 17723 2 17724 17725 13 25 1862 41 35 361 2599 942 13 1842 359 2506 116 5769 4 7259 -1 -1 0 0 0 0 8 6 8 6 6 6 7 3 4 7 0 0
"ad8f4f7123efb70a" 23 1664 5246 47 720 17629 4799 4595 553 13 17726 17727 17728 13 17729 17730 7425 405 17731 13 17732 4 68 13 7260 -1 -1 0 0 0 0 4 2 3 1 2 1 1 2 2 2 0 0
"1856a0f3178b341e" 43 17733 17734 5557 13 63 17735 17736 2508 17737 17738 1047 1713 17739 13 553 17740 17741 17742 2 17743 6603 17744 17745 13 553 2 9830 1047 415 11371 13 423 17746 17747 13 537 17748 2546 17749 17750 2868 17751 4 7261 -1 -1 0 0 0 0 7 5 6 5 6 6 5 4 3 4 0 0
"6b0b7e79a674e9d9" 47 17752 17753 17754 17755 102 11559 17756 17757 17758 7863 13 553 191 17759 731 1885 17760 2 17761 1143 17762 17763 68 13 553 8871 2785 8872 888 8873 4284 7876 7274 1911 13 38 35 8873 17764 17765 6333 17766 17767 16483 68 68 13 7262 -1 -1 0 0 0 0 0 0 0 0 0 0 0 0 0 0 0 0
"08f14983ccb523ee" 22 17768 6333 17769 17770 13 150 657 9234 188 146 547 988 2852 9234 4 553 357 66 17771 697 68 4 7263 -1 -1 0 0 0 0 0 0 0 0 0 0 0 0 0 0 0 0
"857055e2b535e034" 46 17772 357 1834 17773 499 17774 41 1420 1913 4 553 357 457 61 2928 478 1604 17775 17776 553 14384 2785 113 12237 3912 357 17777 2958 17778 1983 17779 17780 4 17781 6223 3450 17782 17783 25 35 2663 13 3293 5217 68 4 7264 -1 -1 0 0 0 0 0 0 0 0 0 0 0 0 0 0 0 0
"b1e151cb9555338a" 26 191 1863 61 53 17784 9096 13 553 331 150 4879 151 10565 13 553 150 2852 171 5246 13 87 150 463 331 17785 4 7265 -1 -1 0 0 0 0 6 5 7 3 3 3 3 5 2 2 0 0
"796700f5b91b949d" 20 66 113 17786 13 499 2335 16324 16179 13 553 347 600 17787 1381 13 504 87 150 3668 4 7266 -1 -1 0 0 0 0 7 5 7 3 3 3 3 9 2 2 0 0
"024af0ae3fc85897" 28 474 3572 13 66 23 87 38 2884 13 553 1071 12237 3912 13 66 347 1379 13 553 283 11718 13 341 600 93 17788 697 4 7267 -1 -1 0 0 0 0 8 5 9 6 4 2 2 4 3 3 0 0
"20b14e463fceebb5" 23 34 35 361 2599 942 13 14002 6255 20 66 13 553 34 35 17789 13 35 66 703 113 305 9048 4 7268 -1 -1 0 0 0 0 6 7 8 4 3 3 2 3 4 2 0 0
"5f3e8d85a915abb8" 30 150 76 36 396 646 10732 13 553 20 1095 61 13 357 66 368 636 93 17790 13 553 17791 34 772 722 504 4124 188 4330 13162 4 7269 -1 -1 0 0 0 0 6 5 8 3 4 5 4 3 2 3 0 0
"950248cce42301cd" 22 17792 126 17622 13 1141 1142 1143 13 553 66 113 17793 38 17149 13918 17794 13 3479 61 171 1342 4 7270 -1 -1 0 0 0 0 8 5 7 4 4 8 2 4 3 3 0 0
"6c4ad4a79dd21bce" 21 9830 415 11371 13 20 3037 17795 5246 13 553 357 76 61 17796 1915 13 2 703 578 4110 4 7271 -1 -1 0 0 0 0 6 6 7 2 3 5 2 5 2 2 0 0
"b267a9cc5841793b" 28 347 17797 362 830 13 35 361 2599 942 13 553 357 6285 134 17798 13 5558 171 17799 13 2 84 17800 13 1842 359 142 4 7272 -1 -1 0 0 0 0 6 7 8 3 3 3 2 5 4 2 0 0
"69e5594384853d51" 30 331 150 4879 10565 13 1109 113 17801 13 553 8871 2785 14565 888 4391 8873 13 553 17802 1342 61 359 17803 13 171 1342 61 16324 16179 4 7273 -1 -1 0 0 0 0 9 8 8 6 4 4 2 2 3 2 0 0
"8e4de061676e91be" 34 17804 66 10810 13 17805 351 17680 13 553 5246 13 2506 3093 1042 17806 13 553 171 14002 13 1774 61 1775 8442 13 357 171 17807 13 150 9051 286 3692 4 7274 -1 -1 0 0 0 0 7 6 7 4 4 2 2 3 5 4 0 0
"10c14bb0410535dc" 27 25 12225 13 20 16633 17808 17809 13 553 66 14155 170 6097 13 1141 1142 1143 13 553 66 3581 3500 2 1192 66 12226 4 7275 -1 -1 0 0 0 0 7 7 7 5 4 4 2 4 2 2 0 0
"050428a1d3e5340b" 33 10893 443 66 1800 188 9234 5811 13 553 357 2303 61 13 35 188 2 171 200 13 553 688 150 4879 151 10565 13 553 1109 17810 3302 116 845 4 7276 -1 -1 0 0 0 0 6 7 6 5 4 3 2 4 2 2 0 0
"a5968874b69fbb5d" 21 20 1863 61 53 9096 13 1109 17810 116 845 13 553 1109 1110 17811 20 17812 2 4330 13162 4 7277 -1 -1 0 0 0 0 9 7 8 6 4 3 2 3 2 2 0 0
"5f2e002eb64bfed1" 19 66 113 17786 13 347 320 17813 13 553 1109 1110 456 13 2 2652 1109 493 12237 4 7278 -1 -1 0 0 0 0 7 6 7 3 3 2 3 3 2 2 0 0
"7903f15d9dfc432b" 22 9830 61 415 11371 13 20 3037 17795 5246 13 553 34 35 361 2599 942 13 191 17814 373 2012 4 7279 -1 -1 0 0 0 0 6 7 7 2 2 5 2 5 3 2 0 0
"a0dd8e1ebac42cdb" 15 10732 17815 171 1247 13 553 95 1915 13 2957 6532 588 355 17816 4 7280 -1 -1 0 0 0 0 7 7 6 8 5 6 4 1 4 1 0 0
"7c66613db4f912c1" 31 2411 17817 2 3479 3248 17818 7289 17819 191 34 35 431 13 553 16324 16325 4970 1196 8886 2 102 2842 17820 17821 13 20 1510 150 36 17822 4 7281 -1 -1 0 0 0 0 4 5 6 7 6 7 3 5 3 3 0 0
"7d6da9de6e9df38d" 49 66 703 353 6097 2 6089 578 13 553 1071 34 108 515 17823 13 17824 2 17825 13 553 357 14002 66 367 573 13 2 1071 347 457 362 17826 13 553 228 171 8416 13 283 34 17827 2187 13 35 93 12298 7659 17828 4 7282 -1 -1 0 0 0 0 9 9 7 10 9 8 7 6 8 7 0 0
"eecfa6bd28bdb433" 37 7123 14955 6833 14956 13 553 87 61 17829 13 357 17830 14317 2652 13 553 6615 1016 517 1047 1043 4828 308 17831 520 13 553 4684 188 17832 17833 17834 357 17835 13 17836 4 7283 -1 -1 0 0 0 0 6 5 4 6 6 7 7 2 6 3 0 0
"ae17e051c1e48d52" 34 2 171 3857 15779 13 1109 17837 553 8282 6006 13 5124 17838 12850 4341 13 553 687 1109 146 1993 8062 362 7817 13 553 687 95 340 3076 93 17839 2734 4 7284 -1 -1 0 0 0 0 4 3 3 5 4 5 5 3 5 3 0 0
"b5230502cc6f0db6" 23 5463 5464 13 13060 17840 17841 2 17842 292 13 553 38 1145 10939 61 14032 13 357 117 17843 17844 2067 4 7285 -1 -1 0 0 0 0 5 6 7 7 8 9 4 5 6 6 0 0
"7c2bef62377904ae" 51 801 901 11067 13 2 3478 17845 13 553 359 2001 7848 13 537 7456 34 26 171 4926 787 13 17846 13 17847 2 17848 13 553 1621 95 17849 13 20 26 63 1842 13 20 95 61 17850 17851 13 150 188 200 304 17852 17853 17854 4 7286 -1 -1 0 0 0 0 4 4 5 6 7 6 8 3 7 5 0 0
"a872b873bf97f6ec" 43 15415 1043 11025 13 553 308 113 2696 13 17855 17856 13 17857 1230 17858 13 553 17859 7948 1043 17860 13 1071 87 17861 13 553 17862 13 6378 47 636 396 13 12612 7301 2 17863 13 150 17864 3254 4 7287 -1 -1 0 0 0 0 4 4 5 5 6 5 6 5 6 4 0 0
"fd4ee8923df692f5" 2 20 4620 7288 -1 -1 0 0 0 0 5 3 3 4 4 3 5 4 4 3 0 0
"c36fd19b1f5faba4" 28 2 87 61 2882 13 41 12164 353 39 6677 13 553 357 35 36 520 5863 17865 17866 13 553 41 3302 2931 1795 578 3275 4 7289 -1 -1 0 0 0 0 4 4 6 5 5 4 5 5 4 3 0 0
"876f4f14f23129e2" 21 102 10647 10648 1109 17867 13 553 341 113 6024 41 17868 17869 13 553 596 150 2664 6712 3663 4 7290 -1 -1 0 0 0 0 4 5 6 7 8 4 4 4 5 4 0 0
"92e2a77c56be97f7" 21 17870 3025 359 281 17871 13 553 1747 621 858 17411 2 4328 13 553 357 410 1588 367 556 4 7291 -1 -1 0 0 0 0 3 4 5 6 7 3 3 4 4 3 0 0
"388ac6efbcde5b82" 16 66 4827 17872 13 1947 9260 13 553 2 8450 17873 357 3838 12984 17099 4 7292 -1 -1 0 0 0 0 6 7 7 8 7 6 6 2 5 5 0 0
"40fcb34bb2fefe33" 17 1947 17874 13 84 1164 3360 13 553 66 23 3635 1033 154 171 85 17875 4 7293 -1 -1 0 0 0 0 6 5 6 6 7 5 5 4 5 4 0 0
"08f0d05a66a6f5da" 17 2828 2829 1298 17876 4571 13 553 357 17877 17878 1885 17879 17399 2 17880 489 4 7294 -1 -1 0 0 0 0 5 4 5 6 4 3 3 7 3 8 0 0
"3c1e766a19d42830" 25 8450 353 547 3727 17881 3751 13 553 41 3302 2931 1795 578 3275 13 1374 1182 343 455 17882 13 17883 2 1773 4 7295 -1 -1 0 0 0 0 7 6 5 7 5 6 4 6 7 7 0 0
"205311b733d3004e" 35 547 17884 1013 347 286 1983 353 1887 13 553 547 3727 331 61 948 2153 13 553 357 28 621 17655 27 2 7678 13 66 23 3635 1033 154 171 85 17875 4 7296 -1 -1 0 0 0 0 8 7 6 7 6 7 5 8 7 6 0 0
"154980bbedeb8542" 24 191 15415 17885 13 6543 9920 13 553 1602 17886 13 35 417 17887 675 881 13 553 596 150 2664 6712 3663 4 7297 -1 -1 0 0 0 0 6 5 6 4 4 5 4 5 5 4 0 0
"7221e3e6bc456224" 24 20 66 767 1609 17888 17889 2 10809 17890 17891 13 553 20 4620 1842 87 150 17892 13 553 359 2001 7848 4 7298 -1 -1 0 0 0 0 7 8 6 6 5 5 3 3 4 5 0 0
"8b99102ad1b12fd5" 35 297 722 2154 3663 1862 17893 13 553 357 410 1588 367 556 13 87 17894 1646 17895 13 553 284 1233 1069 2014 8775 3789 13 553 8258 10428 358 2 1164 3360 4 7299 -1 -1 0 0 0 0 7 6 7 7 6 6 4 5 6 5 0 0
"a774c2d59f46d916" 33 1747 3364 13 87 1015 17896 2 17897 13 553 1374 102 3059 548 1510 36 9865 1609 13 553 28 17898 11637 17899 17900 13 553 102 2902 1093 595 8852 4 7300 -1 -1 0 0 0 0 8 8 8 7 6 7 5 6 7 6 0 0
"549dec78d313d22a" 28 547 484 2094 1588 2095 2039 13 553 1016 12607 2 14402 2928 17901 384 13 553 347 2280 330 8919 17902 13 553 687 17903 2999 4 7301 -1 -1 0 0 0 0 9 7 7 8 6 6 5 5 6 5 0 0
"1be601efa1924336" 18 9390 13 191 9391 1148 6494 17904 17905 13 553 1621 95 8539 191 3104 28 17906 4 7302 -1 -1 0 0 0 0 6 8 6 7 4 4 6 8 5 4 0 0
"ec17c7cf5ab05874" 36 347 385 17907 14955 367 1990 17908 13 553 5722 10187 17909 17910 789 13 553 93 17911 17912 17913 17914 17915 17916 2859 13 553 948 5163 188 8575 61 53 616 16089 17917 4 7303 -1 -1 0 0 0 0 8 6 6 6 4 5 4 5 4 3 0 0
"c7c93fed0dad3a18" 33 11025 547 566 190 13 553 35 4310 9399 61 1112 13 102 61 3221 17918 4 553 12984 17099 13 357 87 150 36 845 13 417 150 367 437 1052 4 7304 -1 -1 0 0 0 0 6 7 6 7 4 5 5 6 5 5 0 0
"1a15ed313ac76b7c" 16 1886 5585 2828 2829 13 553 687 17919 2999 2 171 3857 15779 2284 17920 4 7305 -1 -1 0 0 0 0 5 7 6 6 5 4 5 6 4 4 0 0
"ac05b60ae4f74bc1" 21 1071 588 2615 13 341 17921 171 3857 15779 13 553 113 6024 142 621 520 286 367 7223 4970 4 7306 -1 -1 0 0 0 0 6 8 5 7 4 5 5 6 6 5 0 0
"f3b18bc1fbdba396" 29 95 61 171 10196 13 87 61 171 17922 553 2 87 61 2882 13 2 297 61 171 3857 15779 553 8282 6006 13 87 388 16071 17923 7307 -1 -1 0 0 0 0 7 8 6 6 6 5 4 4 5 4 0 0
"17b515ef26d6f505" 25 801 901 17924 2 17925 13 1580 553 1342 61 412 3483 17926 13 1034 553 1220 5805 171 5806 13 2 8063 373 17927 7308 -1 -1 0 0 0 0 7 8 7 8 6 5 4 4 5 4 0 0
"83df001fbc7af490" 25 737 1091 936 1862 347 6253 25 117 13 553 134 703 1887 17928 5749 3324 1047 553 305 547 2 2775 357 17929 1052 7309 -1 -1 0 0 0 0 9 8 7 8 5 5 4 3 4 4 0 0
"5018902f131dc924" 23 4568 4569 53 4570 4571 13 553 1549 66 827 134 10884 13 93 609 191 553 17930 17931 11549 499 1482 14734 7310 -1 -1 0 0 0 0 9 7 8 6 5 6 5 8 6 8 0 0
"94c088b450f6c6b9" 19 116 484 2094 297 722 1580 2095 2039 13 553 17932 1571 2 2210 787 7329 17933 2316 4 7311 -1 -1 0 0 0 0 7 7 6 6 6 6 6 6 7 7 0 0
"4b8c2f9045d921f8" 20 449 449 66 16143 11492 188 394 13 553 1549 41 35 1641 17934 13 4330 93 53 17935 4 7312 -1 -1 0 0 0 0 8 9 7 7 7 6 8 5 7 6 0 0
"d8dd0c55fe8c87df" 25 1863 17936 17937 13 1549 171 704 305 553 17938 14328 7396 13 347 8256 13 347 25 2062 553 1250 14085 12083 14086 110 7313 -1 -1 0 0 0 0 10 9 8 6 6 5 7 8 6 8 0 0
"bf8dc490d46f49a6" 23 41 150 279 280 281 13 347 6083 25 34 3241 13 553 687 1641 17939 1568 13 499 993 20 8555 4 7314 -1 -1 0 0 0 0 8 9 8 6 6 7 6 6 5 7 0 0
"fe68e673b5758885" 21 95 39 1511 17940 142 357 17941 13 553 41 3302 2931 1795 578 3275 13 150 637 12574 17942 4 7315 -1 -1 0 0 0 0 9 8 8 7 6 7 5 8 7 8 0 0
"90a8475e4beb9fdf" 17 423 66 827 134 10884 13 136 191 17943 553 359 171 2001 7848 970 7388 4 7316 -1 -1 0 0 0 0 9 7 7 6 6 6 7 5 8 7 0 0
"9a9934426f466461" 25 7123 14955 6833 14956 13 1628 93 1628 13 553 347 2280 330 8919 13 1549 731 2777 2 174 2050 61 521 1246 4 7317 -1 -1 0 0 0 0 9 6 7 6 5 7 5 6 9 7 0 0
"23ae16bdcf932c8c" 19 1982 1319 1013 347 286 1983 1887 13 553 23 113 6561 948 2153 13 38 6362 588 4 7318 -1 -1 0 0 0 0 7 6 6 5 5 5 6 5 6 6 0 0
"e89234b405c13785" 16 367 5537 41 66 15415 13 553 17409 353 17944 2 14060 17945 17946 102 4 7319 -1 -1 0 0 0 0 7 8 6 7 6 6 8 6 5 7 0 0
"c99c6e3c9383f3f8" 19 4361 61 87 6543 9920 1071 4075 361 15233 2507 13 553 1093 102 2902 20 1110 8852 4 7320 -1 -1 0 0 0 0 9 7 7 6 6 6 6 6 6 6 0 0
"ebef7925467474cd" 20 66 117 8560 10647 10648 13 3360 9110 1164 13 553 1863 17947 17948 13 1109 1110 2871 17949 4 7321 -1 -1 0 0 0 0 8 7 8 6 6 8 8 6 6 7 0 0
"1868973b2fd1f7bd" 20 66 1002 2213 1088 396 13 17950 6615 4 553 17951 125 329 13 66 1220 2247 17952 17953 4 7322 -1 -1 0 0 0 0 6 6 7 5 5 5 6 5 5 6 0 0
"8755c13ee5e243ba" 24 66 1793 545 17954 41 12202 150 279 280 13 553 17955 96 2 1716 17956 13 188 17957 61 17958 53 4100 4 7323 -1 -1 0 0 0 0 8 6 7 6 6 6 6 7 6 6 0 0