"1243a8331327031e" 20 13277 2151 18514 18515 697 16254 13 553 357 34 35 26 2218 13 2978 357 731 61 1428 4 7474 -1 -1 0 0 0 0 4 6 6 4 4 3 3 2 2 3 0 0
"e37c4b9e2bfd9014" 24 6050 2100 171 2620 61 18516 553 3302 9717 18517 61 18518 18519 553 2 460 2946 55 18520 13 66 23 440 430 7475 -1 -1 0 0 0 0 10 9 10 8 9 8 5 5 3 5 0 0
"005d6ac8c8f987b4" 16 18521 18522 12467 18523 18524 553 1075 18525 18526 18527 18528 553 18529 18530 18531 13 7476 -1 -1 0 0 0 0 0 0 0 0 0 0 0 0 0 0 0 0
"b467a0bc4e225c77" 66 796 5248 361 18532 13 18533 18534 553 18535 14751 1842 20 12336 171 18536 553 2 18537 61 18538 13 18539 18540 18541 553 18542 736 18543 55 16730 13 8794 1977 18544 13 3807 1869 35 3248 13 3861 297 1580 3862 3863 3468 553 347 361 18545 18546 18547 1071 18548 7650 553 188 8800 1187 1580 41 87 361 981 446 4 7477 -1 -1 0 0 0 0 1 1 1 2 1 3 1 2 1 2 0 0
"6c24d67ffd914b4e" 31 9678 12980 13 452 2062 18549 18550 553 18551 13 15408 13 18552 18553 530 553 18554 18555 18556 18557 18558 8672 553 18559 286 18126 3993 18560 18561 530 4 7478 -1 -1 0 0 0 0 0 0 0 0 0 0 0 0 0 0 0 0
"d7e32c2ea556e1bc" 49 1930 588 138 13 1482 18562 16178 553 337 18563 200 2 18564 13 18565 18566 18567 553 4874 61 412 18568 13 3659 1007 2816 553 357 150 95 36 18569 18570 13 95 61 18571 18572 15890 55 102 61 18573 13 357 87 61 18574 4 7479 -1 -1 0 0 0 0 0 0 0 0 0 0 0 0 0 0 0 0
"e89c01d00358a117" 72 12576 457 1191 35 482 61 18575 553 12576 457 1191 1013 18576 191 2097 18577 553 18578 18579 18580 113 3210 13 41 87 113 2902 553 18581 13607 209 89 13 18582 18583 18584 6083 548 6 4337 2265 3307 191 8487 55 13654 18585 93 18586 553 18587 1374 1580 2056 803 18588 18589 3775 553 87 171 5701 154 38 5581 1013 722 504 18590 1080 1081 1082 7480 -1 -1 0 0 0 0 3 4 3 4 4 2 4 2 5 3 0 0
"1865c298577086a6" 49 18591 353 18592 13 188 18593 18594 553 357 3744 1194 3209 18595 28 39 18596 18597 553 350 1378 2321 150 854 553 5456 61 87 18598 47 415 18599 1993 13 18600 18601 18602 18603 11053 553 57 18604 18605 13 1034 1602 1293 515 13844 4 7481 -1 -1 0 0 0 0 0 0 0 0 0 0 0 0 0 0 0 0
"b8a877f73d703f44" 39 532 6857 6858 6859 6860 553 18606 18607 636 1643 18608 55 18609 553 2 15543 15544 15545 13 150 1510 18610 3327 2280 553 136 18611 18612 18613 1109 18614 13 1201 5709 4393 18615 18616 1404 4 7482 -1 -1 0 0 0 0 0 0 0 0 0 0 0 0 0 0 0 0
"c0d21f3584e93678" 30 15271 15272 8459 18617 553 20 796 5416 18618 18619 553 435 963 13 95 860 61 6546 17171 553 18620 2483 13 347 713 13 357 18621 7479 4 7483 -1 -1 0 0 0 0 0 0 0 0 0 0 0 0 0 0 0 0
"23819790996259fb" 34 13610 12312 13611 13 13612 237 209 18622 13614 553 34 18623 342 13 1969 18624 553 18625 18626 13 18627 18628 553 596 87 13685 171 13686 13 357 25 1319 2831 110 7484 -1 -1 0 0 0 0 1 2 2 3 1 1 2 1 1 3 0 0
"19eeeea6b747a6bd" 31 18629 18630 8688 15670 18631 553 11584 10428 358 20 1757 1047 18632 553 18633 162 5260 188 18634 553 35 26 2218 13 357 7380 2151 771 2781 5519 4 7485 -1 -1 0 0 0 0 0 0 0 0 0 0 0 0 0 0 0 0
"bbb0d5d3f059ed5f" 73 87 120 222 18635 18636 2 18637 2151 12962 553 467 18638 18639 18640 1032 553 188 18641 13 2096 18642 18643 553 35 18644 13 20 12698 18645 1131 13 188 18646 18647 553 553 4417 4417 13 2 1178 61 188 8416 553 18648 720 150 7275 6292 553 357 423 34 1601 13 18649 13 410 87 18650 553 23 439 440 430 13 1842 20 4410 504 18651 4 7486 -1 -1 0 0 0 0 0 0 0 0 0 0 0 0 0 0 0 0
"93b8316f8130b20c" 46 35 5908 1013 5909 26 515 553 478 305 7642 13 351 13 1533 13 699 553 1549 347 3261 18652 171 17495 18653 553 2 66 377 378 188 18654 553 2932 18655 18656 553 2 9717 331 13 5141 18657 2 18658 12115 4 7487 -1 -1 0 0 0 0 0 0 0 0 0 0 0 0 0 0 0 0
"c350e81f162f6982" 32 6863 9065 61 6863 9066 188 9067 553 1510 150 18659 362 13 87 61 7231 2851 553 18660 18661 18662 18663 553 1071 7112 1736 13 372 113 9190 14422 4 7488 -1 -1 0 0 0 0 0 0 0 0 0 0 0 0 0 0 0 0
"a353ba1deafe7763" 29 34 10379 2469 2 8688 18664 18665 13 553 191 4620 357 66 2652 23 188 2321 13 553 171 1651 134 349 821 13 969 5065 11588 4 7489 -1 -1 0 0 0 0 9 8 7 7 7 8 6 3 7 4 0 0
"97d609d8b9f1df6d" 18 1047 530 15271 15272 13 553 2 8612 9496 13 553 2 12980 13 353 18281 7151 4 7490 -1 -1 0 0 0 0 8 6 7 7 6 8 8 5 5 3 0 0
"bdb9fbb883ecf407" 21 1069 61 18666 18667 2 18668 18669 13905 553 667 18670 13 1071 1043 18671 305 18672 2316 1552 18673 4 7491 -1 -1 0 0 0 0 7 8 7 7 7 6 5 4 5 8 0 0
"0a9ccd365a02e816" 21 41 373 2831 13 1109 18674 2 1872 449 13 553 61 14449 14164 13 35 18675 521 1510 18676 4 7492 -1 -1 0 0 0 0 6 6 6 6 6 7 4 6 4 5 0 0
"489b5c992ad0acf9" 38 3807 2 18677 18678 13 174 18679 553 3861 18680 18678 13 553 983 18681 2 18682 3468 13 34 26 18683 553 34 564 11663 13411 2 76 5153 359 76 18684 18685 38 1693 18686 4 7493 -1 -1 0 0 0 0 6 7 7 6 6 8 5 3 4 5 0 0
"2cca48159c0d1c3e" 38 13892 66 18687 349 822 13 553 2 66 630 188 4235 13 25 2279 13 1448 590 386 13 1013 1449 1015 3316 2 18688 10687 15983 18689 1842 18690 553 13098 13099 13100 3710 1819 4 7494 -1 -1 0 0 0 0 8 9 8 7 7 6 5 6 4 7 0 0
"bdd9004453769ac4" 26 2243 642 33 1720 13 2 504 18691 553 452 3626 18692 2 171 18693 874 553 357 134 66 23 521 13 18694 9048 4 7495 -1 -1 0 0 0 0 7 9 7 6 6 5 4 4 4 5 0 0
"1b2fc7d396a48e18" 48 25 41 150 304 305 306 13 18695 515 87 25 66 4334 18696 13 553 87 150 18697 18698 18699 13 138 113 18700 18701 6884 18702 13 553 87 61 87 18703 18704 18705 18706 13 553 18707 18708 6556 188 6272 7130 55 13057 4 7496 -1 -1 0 0 0 0 5 7 5 6 5 6 7 5 7 8 0 0
"0d52f8b9b1c97438" 28 774 5377 5363 5378 16574 13 102 11603 18709 18710 13 553 5796 18711 18712 787 1988 4 553 13587 13588 13589 13590 13 18713 213 18714 4 7497 -1 -1 0 0 0 0 7 6 8 7 6 6 4 3 6 4 0 0
"addace01ddd8faa3" 42 34 18715 18716 171 2 4121 18717 18718 553 18719 13 18720 504 13 8155 504 18721 47 4326 3717 553 23 439 440 430 13 18722 171 18723 18724 553 20 796 5416 18725 25 61 1374 61 1374 18726 4 7498 -1 -1 0 0 0 0 6 6 6 7 6 5 4 5 4 5 0 0
"bc6138e0c847474b" 48 35 18727 1013 18728 26 515 13 1182 18729 18730 3531 35 33 61 6497 18731 901 18732 13 553 2 1178 61 188 8416 13 1988 185 18733 18734 13 553 41 87 361 981 446 13 18735 2 18736 18737 18738 18739 1552 18740 18741 4 7499 -1 -1 0 0 0 0 9 9 8 7 6 5 4 5 6 7 0 0
"7d710f3f1d018604" 29 2243 642 33 1720 13 2 102 3675 417 9618 18742 13 553 7380 2151 771 2781 5519 13 347 854 35 357 1082 18743 2038 18744 18745 4 7500 -1 -1 0 0 0 0 6 6 6 6 5 6 6 6 6 8 0 0
"95de0562aa5ef926" 35 35 26 2218 13 1071 76 18746 18747 349 553 13600 13610 13607 13611 13612 237 13613 13614 13 596 76 3307 18748 553 2 41 373 2831 13 18749 676 18750 18751 1664 4 7501 -1 -1 0 0 0 0 7 6 6 6 6 5 6 5 5 6 0 0
"258e8ca84faa8299" 28 2 66 377 378 4749 13 553 357 134 66 23 1029 13 18752 18753 2652 150 388 18754 553 16640 2652 727 150 18755 18756 10871 4 7502 -1 -1 0 0 0 0 6 7 7 6 6 7 5 5 4 7 0 0
"9ab265aff473d269" 33 15585 16254 13 150 305 3118 7979 7122 553 35 26 2218 13 1549 1319 3514 2369 8054 1434 13 553 13892 742 61 87 6787 10381 13 38 18757 18758 18759 4 7503 -1 -1 0 0 0 0 7 6 7 5 6 6 4 4 6 5 0 0
"b81d0c2bda00fd8f" 18 17743 373 13098 13099 13100 18760 55 18761 13 553 134 3302 16510 18762 2 18763 18764 4 7504 -1 -1 0 0 0 0 5 6 7 8 7 5 1 3 4 8 0 0
"cb1d26f95221bc9a" 18 61 1069 18667 2202 2 7601 18765 18766 13 553 1713 18767 6521 6475 13 18768 15545 4 7505 -1 -1 0 0 0 0 6 7 9 8 8 6 2 4 2 8 0 0
"614f1f197962f22f" 20 34 18769 171 18770 18771 6096 13 553 134 66 18772 349 1015 13 1013 44 969 5065 11588 4 7506 -1 -1 0 0 0 0 8 9 9 6 7 9 7 3 2 3 0 0
"0fd74a4224380f01" 27 18773 18774 1093 2 18775 18369 13 553 35 1319 607 435 1033 161 4304 47 2470 13 553 359 18664 7635 191 18776 18777 4 17633 7507 -1 -1 0 0 0 0 5 7 8 9 6 6 3 5 3 5 0 0
"4df0e590a09ed43e" 19 2 66 630 2846 188 1571 2 2683 13 553 2243 642 1720 2 2753 18778 393 18779 4 7508 -1 -1 0 0 0 0 6 6 6 8 5 5 2 5 3 7 0 0
"d4abedd9b898241c" 25 18780 892 18781 61 8612 9496 13 553 18782 18783 18784 2 12467 1722 13 553 1588 18785 188 18786 18787 13 66 18788 4 7509 -1 -1 0 0 0 0 6 8 9 7 7 5 3 6 3 6 0 0
"92cb7c005736e97d" 23 171 18789 18790 18791 13 553 15585 16254 357 347 600 601 13 357 553 41 18792 953 1080 1081 388 2664 4 7510 -1 -1 0 0 0 0 5 4 7 6 6 6 2 5 2 3 0 0
"811d9c6997276adb" 28 34 564 171 9723 2735 18793 13411 13 553 315 34 15225 3302 704 1617 18794 297 150 304 305 13 13810 13811 286 3302 13812 5065 4 7511 -1 -1 0 0 0 0 5 5 8 6 5 4 1 5 2 4 0 0
"436418f83e324fd6" 20 41 18795 297 35 953 18796 481 1080 13 553 357 18797 193 10892 515 35 23 13589 13590 4 7512 -1 -1 0 0 0 0 4 4 7 5 5 6 2 4 2 2 0 0
"0b4fd046b186292f" 25 2 66 377 378 38 6132 13 553 18798 66 18799 297 359 361 18800 18801 13 553 357 66 630 1448 1449 386 4 7513 -1 -1 0 0 0 0 6 5 6 7 6 6 2 4 3 5 0 0
"6a522fbf5671417a" 26 1930 588 138 1664 13 553 191 1024 8525 3634 10542 394 13 553 1735 1736 2 17845 297 359 150 146 484 305 18802 4 7514 -1 -1 0 0 0 0 4 6 8 7 6 6 2 4 3 7 0 0
"afe0ec6d2c30cd4a" 30 20 34 113 18727 1013 5909 26 515 13 553 34 2 15544 18803 25 5416 61 13 553 1109 1110 18804 13 357 3125 934 1109 102 3610 4 7515 -1 -1 0 0 0 0 9 8 7 6 7 7 4 5 3 9 0 0
"1e767d9e2483eb3a" 16 12980 13 5581 87 1131 18805 13 553 102 39 18806 13 18807 2 13892 4 7516 -1 -1 0 0 0 0 6 7 8 6 6 9 4 4 2 3 0 0
"f0634d80403b8876" 17 34 35 146 2218 36 13 553 1034 347 7428 1655 188 18808 47 362 18809 4 7517 -1 -1 0 0 0 0 5 5 6 6 5 7 2 4 3 3 0 0
"e749c0a66bd11f3d" 31 2 1178 188 8416 61 41 188 1342 18810 18811 110 553 586 2096 313 609 76 150 188 3370 637 13 553 2 596 23 439 440 481 430 4 7518 -1 -1 0 0 0 0 6 7 8 7 6 6 4 5 3 7 0 0
"29b9420abfc77925" 19 41 373 2831 297 5579 799 15424 13 553 357 66 2374 13 367 1934 171 11109 881 4 7519 -1 -1 0 0 0 0 4 5 5 8 8 6 3 4 8 6 0 0
"b43c8f24f15905cd" 22 796 1205 150 1297 417 13 357 799 3279 55 553 713 87 13 1580 313 170 18812 617 373 18813 4 7520 -1 -1 0 0 0 0 7 3 7 4 9 9 6 3 7 5 0 0
"6e5a822a2bfd6aa0" 18 102 1187 10544 38 10545 61 9355 127 13 553 87 18814 18815 14044 61 8508 2625 4 7521 -1 -1 0 0 0 0 6 9 9 4 5 8 3 8 2 4 0 0
"89276da946f5b58f" 20 1664 6633 17541 13 493 373 18816 18468 55 553 556 772 7890 7891 12204 13 2 18817 4501 4 7522 -1 -1 0 0 0 0 8 8 7 8 8 8 5 7 7 6 0 0
"6cfef3dc0b3158c4" 20 87 18180 18818 8676 4020 4018 55 553 7440 18819 18820 7441 125 13 357 1013 1086 87 3699 110 7523 -1 -1 0 0 0 0 6 6 6 6 7 4 7 7 2 3 0 0
"8539726013069dd5" 27 1571 202 18821 20 1842 9362 13 553 7954 7955 7956 13 357 150 521 286 18822 553 5257 956 5258 355 5259 13 106 1207 110 7524 -1 -1 0 0 0 0 5 5 5 8 10 6 2 9 4 8 0 0
"9e7bba1ba30164ae" 27 313 170 617 13 87 1603 34 17809 55 553 134 10632 1196 10815 13 347 1604 3829 330 330 18823 18824 388 146 6467 2941 4 7525 -1 -1 0 0 0 0 7 4 4 5 9 8 4 7 8 5 0 0
"c71f91013669cfe3" 25 66 4931 2245 4157 6592 138 2 66 18825 55 553 15251 15252 18826 547 504 16028 13 2652 347 36 737 1305 362 4 7526 -1 -1 0 0 0 0 7 6 6 6 6 4 2 2 6 4 0 0
"bcdea77814bad261" 24 18827 4093 18187 13 18828 61 102 1720 18829 55 553 1604 1795 13 5793 13 25 18 9491 13 18 66 9733 4 7527 -1 -1 0 0 0 0 5 6 9 6 7 7 7 5 5 5 0 0
"af03170f9f09a963" 37 796 18830 61 18831 357 25 12676 13 3527 553 357 66 6243 566 357 712 1043 993 13 357 25 13 553 2 18832 171 13827 8413 18833 13 553 5793 13 5140 61 18834 4 7528 -1 -1 0 0 0 0 7 4 8 5 6 7 8 9 2 4 0 0
"378f6a6bc7e80582" 35 10839 13 102 150 36 15986 963 13 553 1034 600 171 1693 18835 1331 1795 18836 553 18837 6836 737 1655 18838 125 620 553 47 10428 13 1628 353 1052 138 440 4 7529 -1 -1 0 0 0 0 6 8 4 6 8 3 5 6 7 7 0 0
"56c9686f4fb9094f" 56 347 1667 25 117 134 13 358 102 15193 13 553 1929 421 13 35 87 1509 7070 3504 13 578 999 13 102 1571 36 963 13 5140 61 2047 95 4 553 357 362 150 2652 5891 13 150 36 417 18839 5258 355 5259 1718 13428 34 704 504 3302 18840 18841 4 7530 -1 -1 0 0 0 0 4 6 5 4 4 3 6 5 9 8 0 0
"3531cde4dd0301ed" 34 18842 18843 18844 13 347 113 463 13 553 16008 16009 13 150 463 16010 113 18845 13 553 5831 16655 18846 13 5881 347 18847 13 553 796 18848 61 18849 18452 4 7531 -1 -1 0 0 0 0 4 5 3 4 6 2 8 7 5 5 0 0
"7525346e3b19cb3a" 12 1842 9362 347 417 18850 55 553 18851 3327 3120 2318 4 7532 -1 -1 0 0 0 0 6 5 6 6 8 3 4 2 6 4 0 0
"3df77cff8f6d12f6" 28 95 61 6911 18852 134 435 13049 55 553 357 87 1303 6543 18853 55 553 7536 7537 1923 13 35 598 350 18854 171 102 18855 4 7533 -1 -1 0 0 0 0 8 5 7 7 9 2 5 8 4 4 0 0
"fee83875ccf39af0" 20 1929 421 13 1580 95 61 3166 18856 13 553 357 102 1187 13 106 1016 18857 18858 18859 4 7534 -1 -1 0 0 0 0 7 8 9 5 6 8 4 3 2 4 0 0
"494aad7d4d0016a5" 21 87 61 171 2620 13 38 727 504 5399 13 553 2 18860 396 13 95 1342 61 18861 18862 4 7535 -1 -1 0 0 0 0 7 6 9 7 6 7 4 5 3 6 0 0
"f00673c577e773e9" 20 1713 66 7539 6897 1923 14237 13 553 2 827 18863 609 13 191 61 102 4400 18864 18865 4 7536 -1 -1 0 0 0 0 9 7 7 6 6 8 4 5 6 7 0 0
"17286b3d54e72f82" 17 1531 1532 357 13 1529 15225 1533 13 553 556 772 7890 515 4357 18866 15705 4 7537 -1 -1 0 0 0 0 7 7 6 7 8 8 5 4 7 5 0 0
"6203ce3bac8810ed" 18 5793 18177 13 102 61 9393 13 553 3774 61 3280 7369 13 12697 113 10928 18867 4 7538 -1 -1 0 0 0 0 8 6 9 7 6 6 4 4 5 7 0 0
"453ca0a44fa4e4ea" 20 5257 2135 5258 355 5259 457 13 553 20 12826 388 18868 13 95 860 150 36 6411 689 4 7539 -1 -1 0 0 0 0 7 8 6 8 7 3 4 7 4 9 0 0
"dcec4dae93ddb022" 18 20 12826 388 18868 13 66 347 3278 13 553 12196 13 95 102 61 18869 6846 4 7540 -1 -1 0 0 0 0 6 7 6 9 8 4 5 7 5 9 0 0
"95f381df3546ef63" 20 596 61 457 5140 7888 7861 13 553 2 25 25 25 10132 13 720 1052 61 87 1693 4 7541 -1 -1 0 0 0 0 8 7 6 8 7 7 4 6 4 7 0 0
"5526ff7cc515d2d3" 11 14880 14881 2151 14882 13 553 7327 396 18870 11412 4 7542 -1 -1 0 0 0 0 8 6 7 6 6 6 4 6 6 6 0 0
"8250436654378de9" 25 66 347 1667 25 117 13 191 35 1817 18871 13 553 3699 457 1013 171 932 351 13 499 1305 737 362 18872 4 7543 -1 -1 0 0 0 0 6 7 7 5 5 6 4 4 6 5 0 0
"09e34b77e53d787a" 25 283 95 47 10428 13 95 7272 10859 150 36 842 13 553 4501 13 7123 3302 18873 1319 13 1580 1778 125 1621 4 7544 -1 -1 0 0 0 0 8 7 6 8 6 7 5 6 6 7 0 0
"256eae0edb659725" 20 520 2279 13 687 10328 3401 1356 36 13 553 18874 18875 125 18876 13 9860 87 6258 10511 4 7545 -1 -1 0 0 0 0 6 6 8 7 6 4 5 5 6 9 0 0
"7dba7131a3982776" 15 12196 13 13840 12204 13 553 150 36 1029 2512 18877 47 18878 18879 4 7546 -1 -1 0 0 0 0 7 6 9 6 6 6 4 4 5 7 0 0
"cae260099b50fc96" 19 25 18 9491 13 417 9618 3829 13 553 25 25 25 10132 13 1109 113 18880 1709 4 7547 -1 -1 0 0 0 0 9 8 7 9 7 6 4 6 5 8 0 0
"12d34ad1d1fb6fbf" 22 191 7440 7441 13 102 9394 355 6864 13 553 2 827 13011 13 95 1342 61 3302 1131 18881 6563 4 7548 -1 -1 0 0 0 0 9 7 7 8 5 5 4 4 6 6 0 0
"0523a386e591ef68" 18 835 1093 1109 1215 1216 7675 466 13 553 1109 150 304 330 351 4257 18882 18883 4 7549 -1 -1 0 0 0 0 7 6 7 5 5 6 3 3 4 2 0 0
"3deee2ff51a42cca" 27 2 11760 87 150 36 12018 18884 13 553 1488 1182 343 39 351 18885 13 553 1929 421 35 34 3298 13 4007 15391 18886 4 7550 -1 -1 0 0 0 0 8 8 6 7 6 6 3 5 7 6 0 0
"86576902942d1e26" 27 66 703 17992 95 9060 4020 13 553 66 703 2941 1319 2720 2859 13 553 357 417 1842 1109 13220 774 18887 18888 18889 7369 4 7551 -1 -1 0 0 0 0 9 8 7 8 6 7 2 4 3 4 0 0
"ba8b9e93e8fb038f" 28 10843 10956 13 357 66 1240 1754 13 553 347 1641 737 18890 171 4083 13 553 34 10843 1604 515 1043 13 357 347 18891 417 4 7552 -1 -1 0 0 0 0 7 7 7 6 4 7 2 3 5 3 0 0
"9e6a4ece72846e4e" 25 596 61 457 1806 305 18892 13 553 20 12826 18893 12827 18894 13 553 357 66 534 704 18895 15691 13 3120 634 4 7553 -1 -1 0 0 0 0 7 7 6 7 5 4 1 9 4 9 0 0
"3d8dda0d6f341ea9" 30 66 347 1667 18896 171 2747 566 18 13 553 357 66 113 18897 2 14060 170 13 553 357 87 61 171 2620 13 87 2851 171 7231 4 7554 -1 -1 0 0 0 0 6 5 6 5 4 4 2 5 6 5 0 0
"eac8e31646da3fa0" 39 66 6891 18898 359 8413 13 553 23 18899 373 297 738 384 35 556 373 18900 13 553 95 7888 7861 13 38 386 20 1842 13 553 1842 20 414 9362 13 38 150 1045 7388 4 7555 -1 -1 0 0 0 0 7 8 7 5 5 5 3 4 3 5 0 0
"a9df5a26d8fe4124" 38 20 620 5461 13 66 347 7428 305 4831 417 13 553 66 12676 1852 93 1698 2 18901 7537 1923 13 553 1122 18180 1043 4341 2 1173 13 553 47 10428 2014 18902 2 18903 4 7556 -1 -1 0 0 0 0 6 7 8 7 6 8 2 3 4 7 0 0
"a964fe2e4b7af8df" 38 7954 7955 7956 13 66 7925 1389 13 553 347 598 3401 13 18904 18905 2883 13 553 134 66 793 35 34 26 1232 171 18906 13 553 2 10328 3401 13 35 1109 17867 2696 4 7557 -1 -1 0 0 0 0 8 6 8 6 7 5 4 3 5 5 0 0
"eb47d994e00c8824" 36 66 347 39 351 845 13 537 7272 2851 13 553 12676 305 4882 2 7587 6711 174 18907 13 553 305 9048 2 6458 13 12204 13 553 330 347 39 1604 11565 3195 4 7558 -1 -1 0 0 0 0 7 7 7 8 6 6 2 4 7 8 0 0
"63a27e037d934352" 36 1109 150 11016 151 13 1109 113 18908 5399 13 553 10814 1201 1196 10815 171 3829 13 553 1531 1532 357 683 286 1533 13 553 2 34 10621 357 5217 1643 15384 18909 4 7559 -1 -1 0 0 0 0 8 7 7 6 5 6 4 4 3 4 0 0
"91c0b2fc5b5ef54a" 34 1531 1532 357 13 357 683 286 1533 13 553 359 797 15471 636 8395 47 5519 13 553 191 7334 396 188 394 13 553 386 359 6252 18890 93 18910 18911 4 7560 -1 -1 0 0 0 0 7 7 6 7 5 8 3 4 5 6 0 0
"f8e4b210596124a3" 47 347 36 330 326 13 4361 61 171 5831 16655 13 553 87 61 171 2620 13 87 61 500 66 10328 13 553 417 1925 66 6861 13 2 87 61 93 18912 13 553 25 25 25 10132 13 1109 1110 95 102 683 4 7561 -1 -1 0 0 0 0 8 7 7 8 6 6 3 3 5 7 0 0
"ad199c928361c03b" 38 10843 10956 13 357 34 617 515 7494 13 553 16008 16009 150 463 16010 13 553 357 1109 1587 772 34 7890 515 7891 13 553 2 18817 1709 18913 18914 13 414 4882 93 1088 4 7562 -1 -1 0 0 0 0 6 7 7 6 5 7 6 4 4 5 0 0
"1ef76957484c47fa" 35 14880 14881 2151 14882 13 553 66 5174 35 36 297 9936 1314 87 1015 18915 13 553 95 15251 15252 15253 2 95 1494 13 553 4501 13 66 23 2166 2735 1664 4 7563 -1 -1 0 0 0 0 6 5 5 4 3 8 1 3 4 2 0 0
"dcb88e3bf422fc1a" 28 5257 18916 18917 5259 355 13 553 1510 150 1667 330 106 61 2135 18918 13 553 18919 87 18920 10511 13 5255 102 61 18921 18922 4 7564 -1 -1 0 0 0 0 3 5 5 6 2 5 3 7 3 8 0 0
"1bb84823d1a939bb" 19 1929 421 13 35 331 4018 9060 4020 13 553 357 150 2814 134 191 7955 18923 7956 4 7565 -1 -1 0 0 0 0 4 5 6 2 5 5 4 3 2 2 0 0
"84c8ae78ebaa9d5f" 19 191 171 18924 18925 150 4932 13 553 347 1667 13 25 117 13 297 4931 113 18926 4 7566 -1 -1 0 0 0 0 4 6 5 4 6 2 5 2 2 3 0 0
"cd2df61c529e52ae" 20 4168 10335 13 357 347 355 3250 13912 13 553 23 2891 18927 5399 13 347 355 18928 18929 4 7567 -1 -1 0 0 0 0 7 4 7 3 5 3 3 5 2 4 0 0
"ec30d9da639d82f2" 18 588 61 1541 2 588 1542 13 553 449 13 1664 7694 23 18237 2100 1033 18930 4 7568 -1 -1 0 0 0 0 4 5 6 3 4 4 5 3 2 4 0 0
"e4fc46f12957b6b2" 29 35 2859 61 4766 454 2957 361 13 553 2337 15758 11793 1008 15760 13 553 1141 1142 1143 13 2 519 25 61 7675 17912 14697 373 4 7569 -1 -1 0 0 0 0 2 3 4 7 4 3 3 5 4 6 0 0
"f179fb6b5cdfdbee" 18 20 1863 61 18931 13 347 355 18932 13 553 4149 18933 7144 2 7875 18934 18935 4 7570 -1 -1 0 0 0 0 5 6 5 3 5 5 3 2 2 3 0 0
"c258ded6f59c3075" 25 2 14948 96 6729 384 13 553 540 1232 6551 6659 6302 13 553 93 550 457 2483 200 2484 13 18936 2 18937 4 7571 -1 -1 0 0 0 0 6 4 6 2 4 4 4 2 2 3 0 0
"c6edc864e4a1d947" 20 283 799 12083 2 18938 799 358 13 553 4168 10335 2183 13 357 134 61 731 358 18939 4 7572 -1 -1 0 0 0 0 7 2 6 4 5 3 4 3 2 4 0 0
"6475f6c6092f97a1" 18 9217 727 5750 13 7155 18940 13 553 1088 737 10051 1431 2 1589 6561 6911 18941 4 7573 -1 -1 0 0 0 0 3 5 4 3 5 3 3 4 2 3 0 0
"3df153a9cf18fd32" 30 4149 7151 13 2 449 13 521 1220 1664 18942 13 553 5494 2100 13 102 18943 2 61 18944 553 2 14948 7299 191 949 12624 737 816 4 7574 -1 -1 0 0 0 0 4 4 6 4 4 4 4 3 3 3 0 0
"db278b1d12d80755" 21 357 2353 18945 18946 394 18947 13 553 5620 150 3278 13 3313 744 507 18948 18949 18950 18951 18952 4 7575 -1 -1 0 0 0 0 3 2 4 3 3 3 4 2 2 4 0 0
"ba27f7bd893be6f4" 23 588 61 1541 13 588 1542 13 553 357 347 355 18953 18954 18955 13 113 18956 17401 18957 12583 134 18958 4 7576 -1 -1 0 0 0 0 5 4 4 2 4 3 3 3 2 3 0 0
"c34d3e5a81b7be27" 16 283 799 12083 13 2 1760 1863 13 553 18959 1552 5523 18960 17531 18961 4 7577 -1 -1 0 0 0 0 5 3 6 4 4 3 3 4 2 4 0 0
"0bbb409151afa83b" 19 93 550 457 13213 2483 200 18962 13 553 2337 10337 15758 15759 13 15760 3178 10087 18963 4 7578 -1 -1 0 0 0 0 4 3 5 2 3 3 3 2 2 4 0 0
"1c77818e66039d53" 36 6965 18964 2506 1047 18965 13 553 1474 18966 18967 18968 38 18969 18759 55 4180 18970 4 553 18971 18972 94 18973 2 18974 18975 13 553 18976 1474 18977 18978 125 2506 53 4 7579 -1 -1 0 0 0 0 2 2 2 3 1 1 1 1 1 1 0 0
"c7330d2170a0d87b" 51 2337 6475 18979 9427 18980 13 553 18981 87 1108 901 2 14779 18982 739 150 1379 454 18983 9873 15760 1718 1510 388 4 553 13912 18984 18985 5248 5620 1246 1150 13 553 2280 543 6123 2 12913 18986 13 367 150 18621 1750 4284 18987 87 18988 4 7580 -1 -1 0 0 0 0 4 4 2 3 5 3 2 2 2 2 0 0
"ee9995e6e8a21a6f" 36 6597 1047 1196 18989 981 13 553 2 87 6293 1004 13365 66 457 23 18990 18991 13 553 18992 18993 17445 18994 18995 8849 18996 13 553 18997 34 18998 13 18999 326 10900 4 7581 -1 -1 0 0 0 0 3 4 2 3 2 2 3 3 3 2 0 0
"17b6ab8812e19341" 26 1091 286 1862 15742 6788 13 553 2 61 19000 13 19001 3727 61 35 1342 61 19002 61 1038 19003 19004 417 2358 19005 4 7582 -1 -1 0 0 0 0 7 7 6 6 4 8 4 5 5 4 0 0
"f85aefc2ed59ba96" 19 449 19006 19007 7695 1664 13 553 449 1664 19008 7695 2100 19009 13 10051 1402 19010 19011 4 7583 -1 -1 0 0 0 0 7 6 5 6 4 7 3 3 2 4 0 0
"cad1a28b22af4745" 39 550 2661 457 19012 1109 19013 13 553 417 19014 384 8311 609 87 19015 14675 4 553 357 87 19016 19017 19018 19019 13 553 2700 61 51 19020 13 1580 93 1093 1004 13365 19021 19022 4 7584 -1 -1 0 0 0 0 4 5 3 4 5 2 3 4 3 2 0 0
"29bf30f733cf3274" 39 373 11490 19023 2 14948 524 3478 19024 13 553 87 1319 20 150 19025 449 19026 36 5155 13 553 20 1863 76 61 19027 2 19028 19029 13 553 588 87 61 1541 588 966 1542 4 7585 -1 -1 0 0 0 0 5 6 5 5 5 5 2 4 3 3 0 0
"f5aee1406fb730d7" 38 19030 19031 87 7133 171 13 553 93 550 2711 2 7092 2483 1464 19032 13 553 1109 1047 1474 19033 13 1109 19034 18468 19035 13 553 2 191 1109 19036 1109 102 19037 7613 19038 4 7586 -1 -1 0 0 0 0 6 6 3 5 5 4 2 4 4 2 0 0
"48141c57c8805ceb" 36 1071 3845 13912 2 19039 19040 53 13 553 150 151 19041 12083 357 35 2652 445 358 4 553 3503 93 19042 599 2 283 799 12083 19043 13 553 19044 61 19045 2067 4 7587 -1 -1 0 0 0 0 7 6 5 5 5 5 4 4 3 3 0 0
"8497a29a4bce8c57" 37 93 10432 643 10279 3293 19046 13 553 1109 150 2 1208 18169 19047 7396 18439 4 553 2 1141 1142 1143 521 191 66 1664 13 553 449 449 3302 2905 3089 19048 3314 93 4 7588 -1 -1 0 0 0 0 6 6 5 5 5 5 4 4 3 3 0 0
"05d104b8b9c898fc" 37 14835 2664 5620 566 313 13 553 1669 162 4304 357 1093 1004 13365 553 19049 19050 19051 13 3372 87 2 19052 19053 19054 13 553 5749 19055 3993 11853 3280 1342 19056 19057 4149 4 7589 -1 -1 0 0 0 0 6 5 6 6 3 4 2 3 2 2 0 0
"7a22c0f4663c0d5a" 42 19058 61 95 19059 13 3257 19060 588 61 19061 13 553 87 35 19062 2 1542 19063 4793 53 6163 13 553 357 41 3727 61 13 87 61 1765 19064 13 553 15265 19065 2905 95 23 3302 19066 4 7590 -1 -1 0 0 0 0 7 7 6 6 4 8 3 3 3 4 0 0
"6a2e2cdd34b51e53" 55 19067 3385 8032 19068 13 553 1580 16259 61 14766 19069 1122 61 3302 2719 19070 190 410 19071 16861 19072 19073 4 553 34 19074 3302 772 53 19075 19076 2785 2337 10432 15758 15759 1008 15760 13 553 588 18997 14835 19077 2 20 7155 13 34 19078 515 25 19079 14948 4 7591 -1 -1 0 0 0 0 6 4 5 6 4 3 4 3 3 2 0 0
"7612207b2cffab5f" 46 5141 1109 12576 19080 520 719 19081 13 553 2 1488 297 102 19082 19083 66 19084 286 19085 13 553 41 449 2100 3227 19086 19087 5105 2785 13 553 7592 2652 283 1456 19088 331 12083 2 19089 19090 19091 19092 1047 19093 4 7592 -1 -1 0 0 0 0 6 6 6 5 4 5 4 3 3 3 0 0
"c2a282dc0d90812e" 44 19094 61 18237 19095 492 47 19096 13 553 66 134 2905 53 19097 588 2 313 19098 13 553 1109 19099 19100 19101 19102 150 13 553 6615 19103 19104 125 6647 13 588 61 1541 588 357 313 676 1881 1542 4 7593 -1 -1 0 0 0 0 7 7 4 5 2 5 4 3 3 3 0 0
"5c6db201e52ee7eb" 31 347 2963 1486 2371 1643 4083 13 553 20 1863 12281 2 66 805 1032 13912 13 553 357 87 150 337 171 5630 13 347 600 93 3362 504 4 7594 -1 -1 0 0 0 0 8 7 6 6 6 6 5 3 3 2 0 0
"3b5b8714791c0abb" 39 95 1067 6302 19105 4273 19106 13 553 134 2506 19107 19108 19109 19110 2615 13 553 2 93 550 457 2483 200 19111 19112 13 553 150 415 19113 1356 545 13 150 986 19114 1510 3488 4 7595 -1 -1 0 0 0 0 6 5 5 5 4 5 7 5 4 5 0 0
"af6722186635d1bd" 36 10051 19115 2 3079 171 6069 13 553 2369 19116 87 102 1473 13 588 87 61 1541 2 588 5518 13 553 357 1487 8896 636 4434 19117 13 20 7154 19118 19119 326 4 7596 -1 -1 0 0 0 0 7 6 6 7 7 7 5 4 4 3 0 0
"ef150f9a7902749f" 42 341 1543 12086 1032 774 19095 19120 19121 13 553 283 799 12083 2 727 19122 19123 1923 13 553 1109 150 2747 1007 1032 13 20 102 1863 2028 2 165 13 553 3302 1109 19124 1665 5421 1808 8812 4 7597 -1 -1 0 0 0 0 8 7 6 5 6 4 5 4 4 4 0 0
"6c1393a453ce5ad7" 41 93 19125 1047 457 87 19014 19126 13 553 2 2337 5324 2369 8472 19127 19128 9532 13 553 357 1109 2703 297 19129 13 19130 19131 19132 13 553 150 12086 1356 19133 13 150 1765 1031 19134 19135 4 7598 -1 -1 0 0 0 0 6 5 5 5 4 5 7 5 4 5 0 0
"cafd512371fe4195" 40 1808 845 15463 6514 14948 13 553 326 19136 19137 116 6729 19138 13 553 815 6716 19139 2 2652 102 61 297 6205 13 553 357 1622 1042 61 3289 2 1808 1513 19140 13 772 5141 8480 4 7599 -1 -1 0 0 0 0 7 7 6 6 6 6 5 5 5 5 0 0
"0d799392052bcd03" 37 102 2861 588 19141 19142 13 553 357 87 150 19143 13 20 19144 1342 1829 15230 13 553 1622 61 452 38 150 19145 331 13 553 2 1511 12086 12083 5141 17705 2 19146 4 7600 -1 -1 0 0 0 0 8 7 6 6 6 5 5 5 5 5 0 0
"14acc000ec31021e" 46 3993 19147 66 788 2100 19148 13 553 347 19149 25 19150 190 13 20 19151 19152 1778 13 553 410 19153 452 454 61 13 482 66 347 36 3838 14287 13 553 410 588 87 1509 777 13 20 102 7131 19154 6097 4 7601 -1 -1 0 0 0 0 8 7 6 6 6 7 5 4 4 5 0 0
"7d9d2f78a63a1da2" 41 66 574 774 19155 9532 13 19156 61 737 1043 8607 13 553 357 35 286 305 92 3327 13 35 286 2775 331 13 553 521 7155 19157 19158 13 553 1034 134 66 19159 2 19160 19161 388 4 7602 -1 -1 0 0 0 0 6 6 6 6 6 6 4 4 4 5 0 0
"c49c79473ae00ac2" 35 721 2136 326 13 548 1510 504 19162 13 553 93 16223 1342 19163 19164 13 553 357 7592 1511 357 2340 2700 2029 13 553 61 3251 2777 20 61 452 2636 19165 4 7603 -1 -1 0 0 0 0 8 7 7 6 6 5 5 4 4 4 0 0
"c36c58870cf468fc" 42 19166 1378 521 1482 6302 13 553 803 452 19167 13 357 2327 3405 150 13 553 1456 19168 19169 607 19170 19171 19172 13 553 20 1232 2337 10211 8094 19173 3786 19174 13 2506 61 5909 588 19175 19176 4 7604 -1 -1 0 0 0 0 6 6 7 6 6 5 4 4 4 4 0 0
"d968bac4caab65fc" 53 20 3246 165 1093 13 1042 3075 61 87 4168 10335 13 553 20 1863 1745 13 1109 3035 19177 19178 13 553 87 19095 19120 19179 3035 14948 13 373 150 688 7830 13 553 373 61 1808 598 2 1342 13 655 19180 13 2 2719 13 1808 2684 351 4 7605 -1 -1 0 0 0 0 7 7 6 6 6 7 5 5 5 5 0 0
"d5122462a6ffef6e" 44 19181 66 956 1795 901 636 13 35 1510 150 1079 504 13 553 19182 15049 13 1541 845 347 66 7428 13 553 25 35 3727 61 12298 799 435 19183 13 553 35 113 4403 4521 13 1071 19184 688 1150 4 7606 -1 -1 0 0 0 0 6 6 6 6 6 7 5 4 4 4 0 0
"7dbb495a0a3851d4" 40 730 545 890 20 19185 852 66 1449 13093 13 553 357 596 7548 13 66 347 19186 19187 11530 13 553 26 297 5909 515 13 87 1047 18884 13 553 2 4312 34 19188 564 11663 13411 4 7607 -1 -1 0 0 0 0 7 7 6 6 6 6 5 3 3 3 0 0
"7324af16cfb20e7c" 46 66 529 125 19189 13 20 23 25 102 1765 13150 13 553 1725 325 2 126 1757 13 19190 19191 13 553 297 722 12336 13 20 361 19192 19193 19194 19195 13 553 13098 13099 13100 61 373 25 3606 2 6362 13101 4 7608 -1 -1 0 0 0 0 0 0 0 0 0 0 0 0 0 0 0 0
"ca9e22a5f5feeeb1" 24 508 19196 440 430 13 719 361 87 2331 553 499 385 1667 41 66 1793 33 1720 13 1250 19197 8063 578 4 7609 -1 -1 0 0 0 0 6 7 6 5 5 6 5 3 4 5 0 0
"03ef3093c14c16ee" 11 9717 1109 15179 13 553 460 11053 18603 19198 19199 4 7610 -1 -1 0 0 0 0 7 8 9 6 7 7 6 4 4 5 0 0
"8d48b2978f3a35c4" 21 11879 7109 19200 11880 13 553 1069 18666 18667 13 845 19201 17992 553 191 12154 19202 3634 19203 394 4 7611 -1 -1 0 0 0 0 8 7 8 7 7 6 5 4 5 7 0 0
"2d6e04b965683c06" 32 963 13 326 23 6785 13 553 142 19204 13 326 66 93 5709 4 553 7634 7635 66 19205 13 553 357 347 600 2452 13 66 985 3195 170 4 7612 -1 -1 0 0 0 0 7 8 8 7 7 7 6 4 6 6 0 0
"2c71473ccb2f8679" 25 66 347 1148 330 116 17966 13 38 61 14164 553 1930 588 138 13 357 1109 6781 1379 13 1109 3593 566 19206 4 7613 -1 -1 0 0 0 0 6 7 6 6 6 6 6 6 4 6 0 0
"bfa9457f9cc0c8e0" 34 171 1190 4970 357 19207 20 19208 553 2182 1109 3037 19209 13 347 19210 553 95 61 8487 55 676 55 16371 55 1823 13 66 3070 188 1929 19211 19212 697 4 7614 -1 -1 0 0 0 0 5 7 6 4 3 7 4 7 3 2 0 0
"71575f99aed6b384" 16 66 377 171 19213 19214 553 15543 15544 15545 13 38 19215 61 170 787 4 7615 -1 -1 0 0 0 0 5 6 6 5 4 4 4 3 6 3 0 0
"646571b2d32b6ba8" 21 35 642 446 13 41 61 8612 9496 553 320 13 1580 347 854 19216 330 13 985 19217 19218 4 7616 -1 -1 0 0 0 0 7 6 7 6 6 5 6 3 4 5 0 0
"2bfd5878023cb94c" 25 66 19219 19220 19221 19222 19223 553 15271 15272 66 19224 19225 19226 553 106 61 188 8416 13 191 66 7559 353 8612 110 7617 -1 -1 0 0 0 0 7 8 8 6 6 7 6 4 4 5 0 0
"5f7758bbb567d02c" 34 66 347 19227 1842 13 357 134 7120 16574 553 774 5377 5363 19228 13 35 66 23 19229 13 20 61 553 4505 61 454 171 10932 13 66 5709 349 170 4 7618 -1 -1 0 0 0 0 7 7 8 6 6 7 6 4 5 5 0 0
"ae29ce4246521fa3" 32 66 19230 188 19231 2 19232 171 19233 553 66 23 188 6857 13 66 347 2062 362 993 191 6838 13 553 19234 637 3438 305 19235 13 93 19236 4 7619 -1 -1 0 0 0 0 6 7 6 6 6 5 4 5 6 3 0 0
"0d2f7f4b1f8dcbbf" 39 2 66 630 19237 13 345 66 574 1314 87 386 553 41 373 2831 590 13 297 66 788 188 19238 13 367 1925 1717 553 3807 13 171 19239 13 367 12676 12624 669 457 483 4 7620 -1 -1 0 0 0 0 7 8 8 7 6 7 8 5 5 6 0 0
"0656618d304850df" 18 1331 41 26 19240 19241 3302 13 553 165 721 1718 2838 102 13 1071 7112 19242 4 7621 -1 -1 0 0 0 0 7 6 6 4 3 5 3 5 3 4 0 0
"4e1806fcaa8892d9" 22 6863 19243 61 6863 19244 4361 9067 13 553 3554 782 13810 13811 13 41 35 388 13 19245 6800 5881 4 7622 -1 -1 0 0 0 0 4 6 6 3 4 2 2 6 3 6 0 0
"6ca5b1388778403d" 24 66 23 547 13 357 19246 150 7592 13 553 1016 18753 19247 13 93 10328 66 13 2 417 19248 2735 134 4 7623 -1 -1 0 0 0 0 8 6 7 7 6 6 6 4 5 6 0 0