"62478fc6beee9aa9" 20 191 4564 361 5780 13 504 17959 102 553 2391 13 367 8731 13 357 66 573 367 2652 4 7324 -1 -1 0 0 0 0 4 5 7 8 8 6 6 4 9 8 0 0
"5f7f4218e8c99bcd" 22 17960 3938 13 87 1981 1247 2 17961 13 553 357 774 892 609 13 999 353 4824 17962 297 17963 4 7325 -1 -1 0 0 0 0 6 7 8 7 8 7 6 5 7 6 0 0
"45e4e1c3d08f08f1" 25 1829 1109 1110 297 17964 13 417 150 286 4159 13 553 357 449 13 188 61 410 1069 1825 13 687 353 17965 4 7326 -1 -1 0 0 0 0 5 7 6 6 6 5 5 3 5 6 0 0
"f9cfbd071d03f62b" 29 35 8760 87 8761 8762 13 2128 722 17966 3663 13 553 20 8785 150 3456 457 13 553 357 191 1601 13 297 102 61 457 1093 4 7327 -1 -1 0 0 0 0 7 6 8 6 6 7 5 4 7 6 0 0
"310bc4e47b999c4e" 21 2 4702 13 4703 188 4704 13 1378 17967 553 357 373 3033 353 13 373 355 188 17968 749 4 7328 -1 -1 0 0 0 0 3 7 6 6 4 4 6 2 3 5 0 0
"bb36526c45973cfd" 24 2644 1165 13 15565 5894 5870 13 920 14958 188 15566 13 553 8061 1082 13 17969 13 188 6025 727 38 6836 4 7329 -1 -1 0 0 0 0 1 3 5 2 2 3 6 8 2 1 0 0
"b8ea303ff47d973f" 15 14052 14053 17970 13 14054 13 202 171 17971 13 7168 66 529 8196 4 7330 -1 -1 0 0 0 0 6 5 7 6 7 6 5 3 5 2 0 0
"08df9697671a3dd5" 33 174 14320 171 14358 13 17972 2 17973 66 949 9431 13 553 113 17974 13 13213 1109 1110 13 28 150 396 990 13 553 13900 17497 362 1463 15419 17975 4 7331 -1 -1 0 0 0 0 3 6 7 5 6 3 4 2 3 8 0 0
"0592160d401692eb" 26 9011 9012 13 77 2785 17976 13 553 17797 17977 13 150 863 330 17978 17979 13 553 4198 13 5718 7659 6882 125 313 4 7332 -1 -1 0 0 0 0 7 6 7 7 7 6 5 4 5 6 0 0
"32e938cc30a4795f" 28 17980 13 1182 17981 13 553 28 2859 17982 13 1469 9427 17496 13 553 1821 1993 2151 170 2 95 61 530 1461 28 17983 7893 4 7333 -1 -1 0 0 0 0 4 6 6 5 5 5 3 6 6 7 0 0
"6b68241aa6ce8109" 29 66 352 12668 13 102 17984 93 13 553 1408 150 17985 13 1842 359 2905 553 4532 521 61 17986 13 357 7168 2652 596 17987 17988 4 7334 -1 -1 0 0 0 0 8 5 7 6 6 6 5 4 4 3 0 0
"88f62164748afaf3" 20 14931 9723 13 7638 367 11482 13 553 499 9054 151 17989 17990 13 5749 1047 7428 17991 17992 4 7335 -1 -1 0 0 0 0 5 6 6 5 7 4 4 4 7 6 0 0
"c1b54b42f89b2567" 24 2 504 13408 13 2340 17993 1378 13 553 2 1998 13 1580 6050 7883 999 2652 13 553 28 1731 17994 17995 4 7336 -1 -1 0 0 0 0 6 7 7 6 7 5 4 4 4 4 0 0
"14c2ff8cd985d547" 23 95 11732 13 171 13504 13 84 2669 13 553 41 16633 8335 357 313 13 341 2626 393 17996 17997 737 4 7337 -1 -1 0 0 0 0 7 6 8 6 7 5 6 3 5 5 0 0
"9a3bca1f53c9ac5b" 25 2 16245 16246 13 9676 16247 13 150 6915 17998 13 553 2619 66 1675 13 8896 13 3405 162 13 2371 6786 1953 4 7338 -1 -1 0 0 0 0 6 5 6 3 4 6 4 5 4 7 0 0
"87907b86a28a7531" 23 352 353 354 13 1341 361 680 553 15241 17999 8688 588 355 553 66 8495 2805 13 2 25 596 5253 110 7339 -1 -1 0 0 0 0 6 7 4 6 6 5 3 5 4 4 0 0
"38defad604b3c473" 20 191 66 3421 353 18000 13 596 1106 553 9982 4212 13 20 14389 11607 18001 1182 2120 1509 4 7340 -1 -1 0 0 0 0 5 8 7 4 4 3 3 4 4 3 0 0
"2df815bafaf82186" 30 41 1808 1905 150 361 2218 13 35 999 8895 8896 553 188 607 10246 15290 15291 14838 13 2 87 61 18002 8777 18003 18004 14769 18005 18006 4 7341 -1 -1 0 0 0 0 3 6 5 2 2 2 2 3 2 2 0 0
"2ce1d60c2aab288e" 32 41 4884 14557 396 13 2 4862 364 18007 61 18008 553 191 367 66 3369 347 13 1842 20 26 9702 1033 55 55 18009 18010 17007 1319 18011 87 4 7342 -1 -1 0 0 0 0 2 3 4 2 2 3 2 4 1 2 0 0
"6ec6c3ef837ff0f6" 30 41 6184 688 2 1109 18012 693 13 35 993 193 2747 553 2 1315 171 6285 3064 13 18013 35 878 13 87 18014 7548 3248 18015 1319 4 7343 -1 -1 0 0 0 0 4 5 6 4 5 5 5 4 5 4 0 0
"51b3a9472c3081c5" 28 297 8282 3307 110 35 286 5581 2865 13 3890 4894 6819 6820 553 47 12715 110 18016 18017 13 4595 18018 18019 13 20 18020 18021 4 7344 -1 -1 0 0 0 0 1 4 4 1 1 1 1 7 2 2 0 0
"6b78c762d4e73609" 36 15743 15744 13 2 719 386 20 361 18022 481 2374 3089 20 2056 675 150 36 1780 17679 18023 553 191 5557 7887 13 920 1015 5602 553 553 18024 17679 1664 4812 18025 4 7345 -1 -1 0 0 0 0 3 4 4 2 1 3 2 3 2 2 0 0
"6fe16db6a987d94f" 70 2 66 23 13 731 18026 13 35 113 1868 13 116 18027 553 150 3739 13 1013 731 1754 13 20 386 35 150 676 6783 2040 6158 35 87 1015 1765 18028 553 1013 1808 1809 1473 1811 13 18029 9634 3313 2316 18030 18031 2162 20 18032 18033 553 553 1047 297 1069 1069 18034 10127 55 16219 13 18035 1374 553 520 723 1584 2340 4 7346 -1 -1 0 0 0 0 3 4 5 2 2 2 3 4 3 4 0 0
"7cc98b3cdea02924" 26 3970 9334 8380 61 13 18036 1806 3195 6864 18029 18037 553 2 6165 13 2247 18038 2 18039 18040 13 18041 13 87 18042 4 7347 -1 -1 0 0 0 0 3 5 5 3 2 3 2 4 3 3 0 0
"61e00cf6e460380e" 38 1131 1416 388 1417 18043 55 13 1293 1584 18044 18045 417 1352 150 18046 13 499 18047 1137 357 125 3178 14288 18048 553 150 341 1137 620 1783 13 607 3251 35 7883 18049 3093 542 7348 -1 -1 0 0 0 0 3 3 3 2 3 2 2 3 2 2 0 0
"0b2af5c9ce925a67" 51 113 3531 1983 1193 13 373 20 18050 18051 13 14615 18052 18053 66 703 10022 553 17160 13 18054 87 13 341 113 11757 1580 66 44 353 6540 2 1319 979 87 14288 18055 553 18056 17679 15296 3104 1187 4214 4214 396 1473 2 1319 607 18057 4 7349 -1 -1 0 0 0 0 4 5 5 3 4 2 3 3 3 4 0 0
"f64954d73362dc21" 39 35 12063 1510 688 151 1720 956 13 47 113 18058 13 15147 433 936 13 1131 2349 484 1655 446 553 2 2349 13 4365 3313 18059 170 18060 4715 13 150 18061 18062 55 1862 384 4 7350 -1 -1 0 0 0 0 5 4 2 2 3 2 2 3 2 3 0 0
"53a2b23a4a9137ec" 49 1091 739 13 1109 125 18063 6849 18064 18065 18066 13 18067 358 17679 18068 13 537 18069 18070 1964 799 3302 18071 774 18072 553 134 7510 7511 7512 7513 13 14373 3125 3768 2777 18073 17679 718 13 18074 553 1862 18075 18076 18077 340 18078 4 7351 -1 -1 0 0 0 0 3 3 3 3 3 2 2 3 2 2 0 0
"4874823a366d09b2" 44 47 48 49 13 18079 18080 18081 13 18082 13 16515 150 358 41 556 17679 18083 34 18084 18085 553 545 1762 504 142 13 357 1047 2785 171 8416 13 8975 18086 13 2 1319 18087 18088 2 18089 13 373 18090 7352 -1 -1 0 0 0 0 4 2 2 1 1 2 1 4 1 1 0 0
"f15b1359e15c48da" 41 347 924 13 543 61 545 9982 13473 18091 553 1160 18092 10244 13 20 4948 2 574 20 347 3507 116 553 548 1510 3313 713 13 2852 18093 76 1780 13 576 286 2775 17679 150 863 1007 18094 7353 -1 -1 0 0 0 0 0 0 0 0 0 0 0 0 0 0 0 0
"90157c3e764448d2" 38 3358 16088 18095 13 28 13352 13353 13 553 150 10486 10487 337 13 499 286 364 4 553 95 18096 386 53 412 18097 13 553 357 2652 87 2094 18098 13 499 286 417 2666 4 7354 -1 -1 0 0 0 0 7 9 6 5 3 5 2 1 3 4 0 0
"5d1f7e4a57f51257" 42 586 35 367 150 18099 358 4407 13 553 357 574 35 87 61 457 1641 3405 18100 13 553 2 297 87 920 13 18101 6563 2200 1173 13 553 347 632 927 116 621 13 566 629 188 998 4 7355 -1 -1 0 0 0 0 6 7 6 6 5 6 2 2 4 3 0 0
"97b6e5c2dfe47b7b" 40 950 61 1199 13 357 722 61 412 950 13 553 4589 5441 7532 13 191 4862 1047 1720 4 553 347 39 628 13 357 347 18102 1007 18103 13 553 573 367 18 20 1043 44 1807 4 7356 -1 -1 0 0 0 0 5 7 6 6 4 6 2 2 6 4 0 0
"2f46363b31d6d479" 44 347 1667 25 1857 2999 13 1854 3032 988 2867 13 553 18104 13 102 18105 1083 2 2155 4 553 1747 8530 13 347 863 330 3016 18106 18107 13 553 3860 174 604 171 394 701 125 13 34 2304 18108 4 7357 -1 -1 0 0 0 0 6 7 5 6 5 5 4 4 2 3 0 0
"fa8799cf3d9e555e" 37 61 5255 10503 18109 353 18110 13 553 357 113 171 8091 10175 13 1081 150 2371 798 4 553 12676 5881 721 7196 13 1842 20 4799 18111 553 774 18112 13 537 134 581 4 7358 -1 -1 0 0 0 0 6 7 5 6 5 5 4 4 4 3 0 0
"00ce88a7783bde8e" 35 4330 13134 10798 2868 13 359 1114 13 553 2785 18113 13 106 61 435 18114 18115 4 553 18116 1109 18117 1637 13 553 12113 13 347 36 27 188 18118 297 18119 4 7359 -1 -1 0 0 0 0 4 5 3 3 2 3 2 8 2 6 0 0
"ff60c7ee2238b4b9" 40 586 35 1785 1747 1786 1787 13 8840 1192 412 888 13 553 560 6238 359 151 13 2200 18120 4 553 7547 18121 13 815 18122 13 553 18123 23 2050 2 7124 13 191 519 367 423 4 7360 -1 -1 0 0 0 0 7 7 6 4 4 5 4 4 6 3 0 0
"91e6e95b9f9f5db4" 44 150 10486 10487 337 13 347 39 2287 13 35 573 367 13 553 2 347 3076 18124 367 7673 18125 2809 4 553 1091 16115 13 5452 721 13 1580 1109 1110 521 13 553 357 6597 2349 18126 18127 1734 3803 4 7361 -1 -1 0 0 0 0 5 8 7 5 4 6 4 2 7 2 0 0
"f389922be93dddb5" 44 14522 3302 3405 6858 18100 13 1250 12715 13 553 38 5735 2 2267 13 41 14786 14787 14788 14789 7316 4 553 14893 1641 18128 13 540 3180 18129 13 553 35 8380 361 4488 18130 18131 18132 13 36 55 18133 4 7362 -1 -1 0 0 0 0 5 6 5 4 3 5 4 6 4 6 0 0
"ee3c4cb80854a315" 50 286 305 13 35 1043 18134 4941 13 297 102 10155 13 18135 1881 47 2786 18136 14561 18137 18138 13 18135 1881 47 48 49 6686 13 7153 18139 18140 2717 3302 18141 13 18135 1881 191 18142 18143 13 598 47 341 13 976 774 1091 739 4 7363 -1 -1 0 0 0 0 5 7 6 6 3 6 4 2 5 3 0 0
"1c7f58946a8fdbe9" 53 20 66 11868 188 1875 13 6836 93 1187 18144 18145 13 553 191 5557 7887 13 347 36 18146 13 1869 13 25 367 1193 18147 13 553 41 6184 688 13 347 4410 13 39 1888 5141 535 13 553 18148 515 396 4377 87 13 2 1862 18149 18150 4 7364 -1 -1 0 0 0 0 5 7 5 6 4 5 1 4 4 3 0 0
"500f2fac8f3f9195" 57 41 4884 14557 396 13 18151 26 3302 18152 13 5749 353 18153 13 553 191 367 66 3369 347 13 347 151 15225 13 2 23 3302 3993 18154 13 553 1160 18155 18156 1580 18157 2 34 10057 15286 4124 13 553 504 150 36 18158 13 150 1780 18159 18160 4337 2958 1664 4 7365 -1 -1 0 0 0 0 6 7 6 6 4 4 2 4 4 2 0 0
"0e6b89f84a98c4b2" 34 1778 1643 11412 13 499 924 13 553 28 621 18161 61 18162 13 553 347 600 8091 18163 13 499 3497 18164 13 553 95 8022 61 134 621 993 20 6969 4 7366 -1 -1 0 0 0 0 3 4 4 6 3 2 2 3 4 2 0 0
"61582ffec5c3741f" 42 347 1667 6300 373 1047 13 47 520 373 1047 13 553 548 1510 3313 713 2852 4158 76 1780 4 553 35 12063 1510 688 151 446 956 13 457 17619 13 553 2 11551 18165 61 18166 18167 18168 4 7367 -1 -1 0 0 0 0 3 5 4 5 3 3 3 4 4 3 0 0
"6c89f1ba4fa7cd39" 45 18169 18170 13 3890 4894 6819 6820 13 553 134 7510 7511 7512 7513 13 2227 134 669 2284 13 553 357 3860 174 604 171 394 1882 701 125 13 553 2 95 3638 1070 13898 13 423 1543 188 18171 1643 9244 4 7368 -1 -1 0 0 0 0 2 4 3 3 2 2 1 6 3 5 0 0
"d1b51ad97ff7d7b0" 26 150 36 13 150 36 2511 13 1747 8530 13 553 2 35 66 721 18172 66 23 13 553 1034 6165 113 18173 15402 4 7369 -1 -1 0 0 0 0 5 4 4 4 6 9 4 3 3 5 0 0
"87345664a894e532" 29 191 1342 386 18174 13 113 171 8091 4287 10175 1109 18175 13 553 150 38 1509 286 305 18176 18177 13 113 1131 3313 388 1712 18178 4 7370 -1 -1 0 0 0 0 7 7 7 7 7 6 3 4 5 6 0 0
"15905d1007c05b0c" 27 150 2062 305 330 2852 18179 13 87 61 5255 10503 13 553 2 87 388 171 6285 6286 13 191 102 113 371 13 17160 4 7371 -1 -1 0 0 0 0 6 5 5 5 7 6 4 3 4 6 0 0
"14c5dd5438f4a167" 26 150 3739 191 150 388 25 18180 13 28 13352 13353 13 553 1842 1047 297 722 18 13 357 134 61 113 18181 18182 4 7372 -1 -1 0 0 0 0 9 8 8 9 6 4 3 4 7 8 0 0
"97ac7d5f97ef4d3f" 33 297 8282 3307 949 66 2307 13 553 61 1641 18183 171 142 13 357 2785 171 8416 13 553 6864 723 373 1360 13 20 2646 35 796 18184 18185 4348 4 7373 -1 -1 0 0 0 0 8 7 6 6 7 9 6 3 5 7 0 0
"c784349aee07f7ea" 34 191 61 297 1806 13 1374 693 13 553 150 330 863 1403 13 95 150 36 963 13 553 357 150 341 1137 620 1783 13 87 61 113 440 18186 18187 4 7374 -1 -1 0 0 0 0 9 9 9 8 7 6 3 3 5 6 0 0
"242111465f91a7ac" 28 297 87 920 102 13 12700 2 102 7405 13 553 1013 1808 1809 1810 297 18188 13 553 357 2652 3737 13 3737 697 150 18189 4 7375 -1 -1 0 0 0 0 7 8 7 8 6 6 6 2 4 7 0 0
"3019ec19b72d0a05" 27 4330 13134 95 542 150 7592 151 6297 13 553 18190 18191 13 1747 8530 18192 13 553 10496 18193 35 1785 1747 1786 1787 18192 4 7376 -1 -1 0 0 0 0 4 5 3 6 5 5 4 5 5 8 0 0
"d4347974376668a9" 25 18194 18195 13 15743 15744 18196 13 553 4211 2652 1854 3032 988 2867 13 553 596 2992 1580 18197 796 9394 113 18198 4 7377 -1 -1 0 0 0 0 6 5 6 6 6 8 5 3 5 5 0 0
"517c3a27a6976e4f" 36 560 561 13 1837 35 18199 1928 13 553 35 171 18200 61 18201 2035 13 481 504 727 35 13 553 35 504 150 4406 358 4407 13 1122 18202 171 4400 13309 18203 4 7378 -1 -1 0 0 0 0 7 7 7 7 7 6 5 3 7 6 0 0
"2c95dd8f9341d066" 34 20 4589 5441 7532 12553 13 102 1196 8701 13 553 113 3531 1983 1193 13 18204 61 6246 12846 13 553 95 102 61 18205 515 13 774 3970 9334 8380 61 4 7379 -1 -1 0 0 0 0 8 6 6 6 6 5 4 3 5 7 0 0
"7aace8ef8929a11f" 21 347 12063 1510 688 151 446 956 13 553 191 5557 18206 13 18207 2615 13 2 1217 18208 18209 4 7380 -1 -1 0 0 0 0 9 8 7 8 5 3 4 5 5 8 0 0
"8dd67c09e81b357b" 37 150 3739 13 20 457 703 18 13 41 14786 14787 14788 14789 484 13 553 2928 35 1747 8530 13 18210 6132 61 395 18211 13 553 1002 150 504 727 47 727 1978 4093 4 7381 -1 -1 0 0 0 0 9 9 8 8 4 3 4 4 7 8 0 0
"b06c5bf333f1e4ad" 29 12113 116 18212 13 18213 18214 13 553 35 150 4410 25 711 13 20 2441 5953 12937 18215 13 553 150 4410 13 20 2441 18216 6380 4 7382 -1 -1 0 0 0 0 6 5 5 6 6 5 3 3 4 4 0 0
"1bde3bd9f526dda7" 34 2 6165 113 13 553 191 367 66 3369 347 13 553 28 359 66 11868 13 347 388 12794 347 13 15124 1641 87 18217 13 35 3089 61 18218 87 18219 4 7383 -1 -1 0 0 0 0 7 6 6 5 6 7 4 3 5 4 0 0
"d5a588d3b5606946" 19 548 2439 134 18220 1680 8461 13 553 297 1624 3307 110 150 2439 18221 18222 188 18223 4 7384 -1 -1 0 0 0 0 4 2 3 6 3 2 2 1 3 4 0 0
"b4ab1f3f2f4c6f60" 34 41 113 7303 18224 18225 18226 1747 13 553 47 4934 48 7883 2 15048 18227 93 553 134 7510 7511 7512 7513 13 553 34 515 1861 18 20 44 2278 18228 4 7385 -1 -1 0 0 0 0 4 3 5 2 3 3 3 3 4 3 0 0
"ffde833f97596720" 21 61 95 3970 9153 18229 357 5000 13 553 1109 2 9604 113 13 1109 23 1983 18230 38 13246 4 7386 -1 -1 0 0 0 0 4 3 4 5 4 5 3 2 4 3 0 0
"5b0a7aca5d99721e" 27 150 668 36 396 504 1925 13 347 18231 362 13 553 357 6184 331 1071 1863 150 14414 13 2 1319 3244 367 308 968 4 7387 -1 -1 0 0 0 0 5 4 4 7 5 5 4 3 4 5 0 0
"32c585a59daf36d5" 20 535 8307 18232 797 18233 13 17160 13 553 3025 410 3358 170 18234 13 3638 20 347 924 4 7388 -1 -1 0 0 0 0 6 5 6 3 5 4 5 3 3 3 0 0
"2405eae9fb566930" 23 977 920 17704 13 736 326 449 13 596 8022 13 553 4655 1693 323 13 150 983 18235 150 18236 146 4 7389 -1 -1 0 0 0 0 7 4 5 6 4 4 3 2 3 4 0 0
"e56bcf7090c623ec" 21 1043 1065 125 18237 13 297 3121 721 3122 13 553 18238 11978 6065 13 2 1762 13735 18239 3706 4 7390 -1 -1 0 0 0 0 8 7 7 5 6 4 4 3 3 4 0 0
"6be7ad44ad6f4c6d" 24 13735 18240 2039 18241 18242 13 553 28 18243 1862 134 1634 330 18244 13 553 191 1695 13228 18245 18246 13 18247 4 7391 -1 -1 0 0 0 0 4 5 4 3 3 5 4 2 6 3 0 0
"e302324f3873dbf4" 27 25 3693 2291 13 66 1800 6300 110 553 66 347 36 151 545 297 2166 7604 13 87 61 8387 41 35 5623 14 1190 4 7392 -1 -1 0 0 0 0 6 6 5 4 4 3 3 2 4 4 0 0
"cb60fb1b023b9cf6" 48 20 34 35 388 5217 18248 901 417 504 5868 13 553 171 1230 25 150 188 10112 193 385 13 553 66 2618 774 1756 737 18249 5518 18250 627 18251 93 343 18237 1230 553 41 5171 16723 13 150 417 1667 482 26 2093 4 7393 -1 -1 0 0 0 0 6 5 4 3 3 2 2 6 4 3 0 0
"57101511b28a35c4" 41 730 360 4467 1015 1013 87 1589 13 553 667 308 968 12624 330 25 6020 18252 13 553 28 10920 10921 13 87 61 18253 18254 13 357 18255 1825 171 6826 3183 601 548 18256 4232 3278 15266 4 7394 -1 -1 0 0 0 0 5 4 5 2 3 3 6 3 2 3 0 0
"d97c054b0a8fe7be" 44 136 1990 1774 5173 95 13 18257 87 1420 25 553 6838 2014 2905 2 148 18258 18259 18260 588 13 1354 34 18261 1231 7893 2734 553 5140 5037 148 5038 361 18262 13 2 2506 15329 1071 18263 18264 297 18265 4 7395 -1 -1 0 0 0 0 7 6 5 6 6 5 6 4 3 5 0 0
"da58bc227904130c" 37 3413 3414 7255 5358 13 357 3416 553 5870 12238 18266 18267 18268 13 553 286 772 1109 188 18269 6194 13 2 18270 451 6911 1693 18271 18272 18273 18274 13 87 61 18275 1953 4 7396 -1 -1 0 0 0 0 5 5 5 6 6 4 3 2 3 5 0 0
"bf42381d898c7586" 13 3674 3488 1016 18276 6412 13 553 3705 18277 18278 2 4987 4 7397 -1 -1 0 0 0 0 6 5 6 5 4 3 2 1 3 3 0 0
"4e00618e9d57b029" 21 34 18279 13 347 7977 393 2807 13 553 28 452 18280 566 10432 2151 13 548 9537 3314 5669 4 7398 -1 -1 0 0 0 0 7 6 6 5 4 3 3 2 3 3 0 0
"484077e90bdfe780" 21 410 34 6020 171 3165 18281 13 553 357 18282 61 3178 7178 13 5525 13243 8101 3302 2444 18283 4 7399 -1 -1 0 0 0 0 9 7 6 6 8 5 2 3 5 4 0 0
"18762679e71f6a42" 29 28 4184 1762 588 3688 2 504 2625 13 553 41 6479 6371 297 6480 6481 13 553 1695 13228 2 529 18284 1842 359 1693 920 329 4 7400 -1 -1 0 0 0 0 6 8 7 6 5 7 2 5 2 4 0 0
"790ebc52cbbb8be5" 33 150 36 151 545 18285 18286 774 4987 13 553 357 95 61 6538 6412 13 2 66 113 18287 13 553 499 2305 18288 452 606 47 18289 7033 18290 7126 4 7401 -1 -1 0 0 0 0 8 7 9 8 5 4 3 6 3 2 0 0
"3b682cafbcf94436" 37 35 193 3179 2439 1016 18291 13 553 1488 5870 12238 2 134 2731 13 553 18292 8612 61 720 18293 2 93 18294 2511 53 7642 18295 2 18296 2200 18297 18298 18299 18300 18301 4 7402 -1 -1 0 0 0 0 7 8 7 6 4 5 3 4 4 5 0 0
"9a09c070ea51f275" 42 95 18302 13 18303 2 4120 18304 18305 13 553 18306 18307 2 18308 18309 12600 660 18310 13 553 191 452 1145 1420 113 500 3048 13 553 106 1187 110 499 9537 146 3314 5669 13 357 93 1450 4 7403 -1 -1 0 0 0 0 8 6 5 6 6 4 3 8 3 6 0 0
"52c98721c694d97c" 42 171 4403 12516 353 358 13 18311 353 171 7639 13 553 347 36 10370 1071 4120 9723 720 18312 13 553 95 5037 148 5038 113 18313 171 18314 13 553 347 8213 1319 3183 1071 772 534 5886 18315 4 7404 -1 -1 0 0 0 0 7 8 6 7 4 4 6 4 4 6 0 0
"bd12e01670c4e0a5" 44 1762 1533 515 93 5037 148 18316 94 13 553 66 2618 774 2 3398 171 6338 18317 13 553 217 4546 209 9538 13 66 347 1832 18318 1571 330 13 553 34 35 388 504 18319 2 18320 18321 18322 934 4 7405 -1 -1 0 0 0 0 6 7 5 5 4 7 3 5 3 5 0 0
"0de3d35503761b40" 33 28 10920 10921 2 66 17845 13 553 730 360 4467 66 18323 953 18324 13 553 95 9676 17539 2 7577 553 61 297 6604 6603 13 347 863 330 18325 4 7406 -1 -1 0 0 0 0 5 6 5 5 4 6 3 3 3 5 0 0
"2d1fdb082f394a20" 41 286 772 1109 6833 6194 11026 13 553 667 308 968 13 347 863 330 3193 13 553 5910 1774 5173 1842 359 18326 13 553 1580 367 150 193 330 3253 13 347 188 18327 286 17411 146 14714 4 7407 -1 -1 0 0 0 0 8 7 6 6 5 6 3 4 5 4 0 0
"e48c292e5372bb15" 52 106 1187 25 3693 61 3118 1210 13 553 1602 61 3178 7178 191 18328 3868 901 6883 13 553 95 2838 2 2854 61 653 13 150 1669 18329 13 553 102 165 10447 41 18330 18331 5101 330 18332 13 457 191 18333 8347 347 15973 18334 18335 18336 4 7408 -1 -1 0 0 0 0 6 8 7 7 5 4 2 8 3 6 0 0
"3750ca1b29cc30cf" 43 5870 12238 2 18337 1088 396 13 553 12224 6065 13 18338 2018 2 18339 125 13 553 34 18340 2 66 347 15225 18341 13 297 18342 1109 18343 6712 3663 4157 7028 2 18344 1774 362 18345 737 1007 354 4 7409 -1 -1 0 0 0 0 7 6 8 9 6 3 2 3 2 4 0 0
"15ca7c267aa95534" 40 3121 3122 1071 34 18346 2 18347 13 553 357 341 924 13 66 23 547 188 18348 2 18349 13 553 1109 150 5354 2452 113 3610 13 553 2696 1109 18350 102 11772 2 18351 2859 18352 4 7410 -1 -1 0 0 0 0 5 7 5 6 6 5 4 5 3 5 0 0
"9887b173c3ed2d0e" 45 1588 1303 11035 13 217 4546 209 9538 13 553 13243 18353 18354 13 2 106 3195 150 668 36 9936 13 553 357 66 1695 1709 13228 2 3972 170 358 13 553 347 600 4107 17992 171 845 47 18355 171 18356 4 7411 -1 -1 0 0 0 0 8 7 8 7 5 5 4 4 4 6 0 0
"182f7b26b360c4ae" 38 35 388 18357 1488 4987 61 474 18358 13 553 2 41 6371 16723 347 66 2305 13 553 6480 6481 13 188 18359 1522 1083 7317 13 553 345 95 61 6384 13 150 362 18360 4 7412 -1 -1 0 0 0 0 7 8 7 6 4 4 3 6 4 3 0 0
"d8c3e8e1a6d0f226" 44 1602 3178 2615 588 191 452 371 13 553 1230 25 150 188 10112 193 1550 13 553 1232 171 3009 2 188 3009 150 752 13 553 66 23 53 748 1862 18361 687 102 286 1093 2 588 5171 10892 1434 4 7413 -1 -1 0 0 0 0 6 6 6 6 5 6 4 4 4 6 0 0
"da997e881cf2b45c" 15 18362 18363 66 2618 18364 774 13 553 6838 7639 358 3007 18311 639 4 7414 -1 -1 0 0 0 0 8 6 7 5 6 5 5 3 7 5 0 0
"4ef7ed0a2c3d57b3" 25 25 3693 13 18365 927 171 6787 2617 13 553 150 9537 3314 171 18366 13 553 1451 171 18367 6864 3302 18368 18369 110 7415 -1 -1 0 0 0 0 7 7 6 6 5 3 3 6 6 6 0 0
"a0856abd44e2f167" 18 730 360 4467 18370 6592 435 6926 13 553 2 106 1187 18371 87 1693 18372 777 110 7416 -1 -1 0 0 0 0 8 7 6 7 5 6 5 4 8 5 0 0
"37d443729b8bab78" 27 28 1695 457 18373 13 553 474 61 6538 6412 13 553 357 217 4546 209 9538 13 553 150 36 102 457 297 359 1015 4 7417 -1 -1 0 0 0 0 7 8 7 8 6 7 3 3 5 6 0 0
"d1a045bd7af4c1b3" 24 286 772 1109 6833 6194 13 2 87 7942 150 18374 13 553 5910 1774 5173 13 572 359 18326 93 10729 3519 4 7418 -1 -1 0 0 0 0 9 8 8 9 7 7 3 4 6 8 0 0
"9a20decbf8581e5a" 23 3413 3414 3415 2 18375 25 3416 13 553 66 347 36 1568 10370 13 553 150 9537 3314 171 18376 3438 4 7419 -1 -1 0 0 0 0 7 6 6 5 5 4 4 4 7 5 0 0
"40d612f6cf09971a" 25 742 150 36 5037 148 18377 548 3497 2536 13 553 667 1109 2062 308 968 13 553 3302 1145 3289 18378 2 3753 4 7420 -1 -1 0 0 0 0 6 6 5 4 4 3 4 3 5 4 0 0
"5e0bb6d848238f5e" 45 4686 13243 18379 18380 18381 18382 13 553 7168 12224 6065 13 999 4703 18383 2 93 1793 15814 18384 13 553 34 35 421 417 13 357 18385 18386 13 2 1230 25 35 1201 18387 388 18388 1071 18389 18390 3174 942 4 7421 -1 -1 0 0 0 0 5 6 5 4 4 2 4 3 4 2 0 0
"bda74165c7599518" 36 474 61 6538 6412 13 2006 18391 13 553 12676 1015 8655 13 134 191 396 4361 61 13 553 150 36 9936 6936 18392 18393 13 553 191 23 4882 13 87 61 3747 4 7422 -1 -1 0 0 0 0 7 6 8 6 6 6 3 2 5 3 0 0
"8c5fc30681b908ca" 21 1863 1420 25 3048 13 10708 15879 351 13 553 5870 12238 13 357 742 61 3289 2 87 1094 4 7423 -1 -1 0 0 0 0 7 5 6 4 4 4 3 4 3 4 0 0
"2676097ee254f7ba" 24 106 1187 25 12583 1112 1669 15001 13 553 720 2652 1230 25 188 10112 150 1550 388 1655 13 18394 8215 17816 4 7424 -1 -1 0 0 0 0 8 7 6 7 5 4 2 6 4 5 0 0
"3bc0c50c7085b52b" 28 66 347 36 1568 10370 13 357 186 93 13 553 217 4546 209 9538 13 553 3413 3414 18395 18396 13 357 1043 1173 3416 7548 4 7425 -1 -1 0 0 0 0 7 7 6 6 5 5 3 3 5 6 0 0
"57529094c920d348" 37 5037 148 18397 742 61 92 18398 13 553 66 2618 774 7728 2 18399 265 18400 13 553 34 2 66 12224 6065 2 18401 305 603 11695 636 17942 1319 25 1863 13037 421 4 7426 -1 -1 0 0 0 0 6 5 5 3 3 3 5 2 4 3 0 0
"c3dc8cf405de95e4" 36 28 10920 10921 13 66 347 36 2891 3174 7412 6991 660 330 13 553 1230 25 188 10112 150 1550 1655 13 553 35 388 2191 34 17561 13 504 35 7077 330 4340 4 7427 -1 -1 0 0 0 0 6 7 6 6 4 5 2 3 5 5 0 0
"c484554dced230db" 29 1109 2696 18402 4987 13 553 357 474 61 6538 6412 13 553 106 1187 25 1112 1669 15001 13 553 357 1109 1319 102 18403 18404 1990 4 7428 -1 -1 0 0 0 0 8 7 7 6 6 5 3 4 4 6 0 0
"db332e287bd9d740" 18 150 9537 3314 1374 171 18405 18406 13 553 25 3693 1109 1589 20 18405 10859 9899 4 7429 -1 -1 0 0 0 0 3 7 4 8 5 5 2 6 4 3 0 0
"75ae1fce55d652d8" 24 286 772 1109 6833 6194 13 553 667 308 968 13 11963 125 18407 13 553 730 360 4467 13 18408 8131 14232 4 7430 -1 -1 0 0 0 0 4 4 5 7 6 3 7 5 5 4 0 0
"f6ad3e0572db8f54" 35 18409 61 13243 13 553 188 704 9682 3122 13 553 1549 34 35 36 326 13 23 18410 191 9738 739 18411 13 553 357 596 8285 353 18412 18413 13 358 7640 4 7431 -1 -1 0 0 0 0 6 5 6 7 8 4 7 4 4 5 0 0
"8e0cd85c8f5e135f" 38 217 4546 209 9538 13 1580 171 660 193 18414 13 553 3413 3414 5268 13 357 596 3416 6766 565 13 553 28 1634 2 18415 2627 13 1374 1588 34 26 171 2859 4773 5284 4 7432 -1 -1 0 0 0 0 8 9 8 7 7 8 3 4 4 3 0 0
"bac7169de731fd5c" 38 730 360 4467 13 1374 2760 28 18416 93 7585 13 553 28 10920 10921 13 188 10811 388 357 457 3478 18417 13 553 66 347 36 10370 13 357 34 26 87 3840 171 6601 4 7433 -1 -1 0 0 0 0 6 6 6 7 8 5 6 5 5 4 0 0
"47fd8fca7abfad3f" 37 412 16396 5538 412 1378 1333 13 553 28 150 6712 3663 990 13900 200 362 13 553 357 347 1379 1482 367 13 66 529 8196 13 553 2 586 1580 588 3297 6333 504 4 7434 -1 -1 0 0 0 0 7 7 6 6 6 3 5 8 6 7 0 0
"1554f130d1cda6c4" 37 34 297 3527 4623 188 4704 13 553 308 20 171 174 1342 637 3302 188 1726 8301 13 553 41 8335 357 313 18418 18419 13 553 347 1667 4638 4361 993 330 2852 304 4 7435 -1 -1 0 0 0 0 8 9 8 6 4 5 3 6 5 4 0 0
"eeb48a5d6f57d34c" 42 34 26 297 2891 357 35 36 2891 504 18420 13 553 113 352 353 354 188 17885 13 553 66 3421 353 2727 13 357 18421 3422 13 553 95 1106 18422 18423 13 20 8785 150 457 8786 3456 4 7436 -1 -1 0 0 0 0 6 6 7 7 6 3 5 6 7 6 0 0
"4eb6c25e9cc88b9b" 45 7577 3938 20 6787 18424 18425 13 553 87 61 95 340 38 388 357 2090 170 11565 2 1879 13 553 95 11732 61 171 13504 13 9313 18426 7706 13 553 87 14075 357 358 18427 20 9313 18428 7990 1725 3840 4 7437 -1 -1 0 0 0 0 9 9 9 6 3 3 5 7 5 7 0 0
"84e734b30149ca4b" 36 41 1808 1905 150 361 2218 13 553 925 1793 2247 2852 13067 13 553 357 9011 9012 3581 8380 9013 13 553 10708 1725 325 6200 13 345 311 150 151 355 636 18429 4 7438 -1 -1 0 0 0 0 7 7 6 6 7 7 3 4 4 4 0 0
"786bcbab0908365a" 47 2619 66 1675 13 106 23 66 13 1341 23 6704 3524 13 553 95 11732 61 171 13504 13 87 1015 515 3338 13 553 2 191 34 6459 1828 2 17809 446 13 553 347 286 993 20 2863 28 772 815 8597 165 4 7439 -1 -1 0 0 0 0 7 8 7 7 7 5 6 5 5 4 0 0
"187722c1dc68540b" 46 171 3047 150 545 18430 13 14134 14135 13 553 357 4361 61 16437 2 2337 1122 1213 7863 2 5566 170 515 13 553 2 504 13408 13 20 66 1821 351 13 553 347 4337 14429 357 4361 61 102 25 1550 18431 4 7440 -1 -1 0 0 0 0 8 7 7 6 8 5 5 6 5 6 0 0
"4fc8a2d4cfc5a097" 46 41 1601 102 61 1093 2 1112 1487 13 553 14052 14053 14054 95 61 171 18432 13 2006 34 577 13 553 113 4602 4603 34 6828 359 1953 13 553 2 66 23 125 87 1911 38 4129 18433 524 2 2094 18434 4 7441 -1 -1 0 0 0 0 9 9 8 6 5 8 3 4 4 4 0 0
"f7c49a1c0d4c7133" 38 102 373 1346 13 20 26 2805 7079 13 553 28 5045 10785 1469 9427 10786 13 553 357 191 18435 7180 16396 2 93 4359 1608 13 553 286 113 6030 4198 2 15358 5580 14610 4 7442 -1 -1 0 0 0 0 8 8 8 6 5 5 4 3 4 4 0 0
"60d124b47c111572" 36 2 87 5173 93 15275 5537 787 738 936 13 553 66 8495 2805 116 845 11491 13 553 28 2940 361 8404 18436 8001 13 553 66 23 521 134 2 985 6777 14551 4 7443 -1 -1 0 0 0 0 6 6 7 7 7 4 4 6 5 5 0 0
"9da2458e02600238" 16 95 340 61 3302 2051 2052 13 553 14931 18281 13 191 23 14320 14358 4 7444 -1 -1 0 0 0 0 9 7 8 7 8 8 7 4 5 6 0 0
"1546b2330b96e73d" 15 15565 5894 14958 15566 13 553 357 87 150 1228 331 18437 8873 14929 4 7445 -1 -1 0 0 0 0 8 7 9 8 8 5 3 4 4 4 0 0
"49e38ed176079ae5" 16 20 5779 361 5780 13 553 2391 573 367 13 352 12668 15372 18438 1175 4 7446 -1 -1 0 0 0 0 9 8 7 6 7 9 6 5 7 5 0 0
"36c984dfda92410b" 29 35 388 18439 8896 13 553 3302 10708 6050 7883 999 13 553 188 704 2063 15290 15291 14838 13 1071 3845 18022 2 18440 18441 18442 3935 4 7447 -1 -1 0 0 0 0 9 6 6 5 6 6 4 3 4 3 0 0
"b3b318a1dcd941ed" 18 1829 7123 297 3040 13 553 18443 11067 2 18444 13 553 357 7638 353 457 11482 4 7448 -1 -1 0 0 0 0 8 7 6 7 8 7 7 4 6 5 0 0
"98eb621721ed91cf" 19 4532 521 61 17986 13 553 357 1109 18445 4862 13 553 520 388 18446 2 11067 1173 4 7449 -1 -1 0 0 0 0 8 9 8 9 8 8 5 4 5 5 0 0
"3d82a9b4ec1ad54b" 26 15241 3455 8688 355 13 553 357 87 150 9282 331 13 553 16245 16246 352 18447 18448 13 553 2 11879 87 8761 18449 4 7450 -1 -1 0 0 0 0 7 5 8 7 8 5 4 8 6 6 0 0
"918d4eb5655cfecc" 30 412 18450 5538 412 1378 1333 13 553 357 66 8495 53 2805 18451 13 553 2 87 5173 93 15275 5537 13 553 2245 579 18452 2 18453 4 7451 -1 -1 0 0 0 0 9 5 6 7 6 6 5 4 5 7 0 0
"1cf8953354682fdb" 22 174 14320 14358 13 553 87 61 95 340 38 388 357 2090 13 553 10164 18454 2 628 2859 18455 4 7452 -1 -1 0 0 0 0 8 8 8 7 6 8 7 4 5 5 0 0
"d0bfd16222655ba5" 31 2391 13 66 573 367 13 553 3241 2852 171 5753 8094 13 297 66 18456 2846 358 18457 2 18458 7231 13 553 5754 5755 2 5709 349 2859 4 7453 -1 -1 0 0 0 0 10 8 6 5 6 9 5 5 8 5 0 0
"4b1eff02ff80645d" 29 191 18459 901 2508 1038 13 553 347 7678 2619 66 1675 13 553 357 9011 9012 3581 8380 9013 13 553 10164 18460 2 712 6786 2620 4 7454 -1 -1 0 0 0 0 9 5 6 7 6 7 5 4 5 6 0 0
"1820f9d46d459c3b" 25 7577 3938 1875 13 553 28 347 330 847 13900 200 362 13 553 357 13106 942 13 553 11531 394 2 14852 18461 4 7455 -1 -1 0 0 0 0 9 8 6 7 7 6 6 4 7 8 0 0
"cb991ab8a80a9e6b" 41 14134 14135 521 351 13 553 357 87 2128 308 530 1993 13 553 41 18462 3659 18463 970 9251 357 313 13 553 352 18464 2 1908 188 18465 1842 18466 13 553 18467 18468 737 2 18469 4400 4 7456 -1 -1 0 0 0 0 7 7 8 6 6 5 4 5 6 7 0 0
"073a955cf95011b8" 26 2 504 13408 13 553 20 18470 18471 18472 2941 13 553 18473 171 2578 14893 5780 13 553 18474 737 191 66 352 12668 4 7457 -1 -1 0 0 0 0 8 8 7 5 6 9 6 4 8 6 0 0
"b50854ace5e8b3e3" 37 373 25 34 18475 13 553 35 193 330 18476 13 553 28 102 18477 2 87 150 36 297 953 13 553 113 6391 23 113 4602 4603 2 18478 18479 18161 1463 18362 18480 4 7458 -1 -1 0 0 0 0 9 9 7 6 6 8 7 4 6 6 0 0
"9d2215d63fcd4df0" 22 4198 13 3037 20 11443 353 18481 13 553 113 352 353 354 1200 1184 5538 297 16396 412 1306 18482 4 7459 -1 -1 0 0 0 0 0 0 0 0 0 0 0 0 0 0 0 0
"4742fb669e85df72" 20 15241 3455 8688 355 13 8549 1109 150 305 330 13 553 66 529 8196 13 499 18483 6864 4 7460 -1 -1 0 0 0 0 0 0 0 0 0 0 0 0 0 0 0 0
"47dcc2691b636a3d" 21 7638 367 11482 13 340 2051 2052 13 553 1829 4403 305 3040 13 35 286 1604 6991 17992 367 4 7461 -1 -1 0 0 0 0 0 0 0 0 0 0 0 0 0 0 0 0
"d69af828b78e5160" 23 2 87 5173 93 15275 5537 13 191 18484 2151 10432 18485 13 553 6659 14940 2200 6869 13 14052 14053 14054 4 7462 -1 -1 0 0 0 0 0 0 0 0 0 0 0 0 0 0 0 0
"86bcbf5eb1c93ee1" 27 35 999 8895 8896 13 191 1022 5537 787 5870 457 18486 13 553 14931 1389 2861 1043 18 13 113 8785 150 457 8786 3456 4 7463 -1 -1 0 0 0 0 0 0 0 0 0 0 0 0 0 0 0 0
"2888c6a321b0210b" 31 28 5045 10785 1469 9427 10786 13 1032 4724 150 2652 304 1007 354 191 13 553 4532 1029 61 4533 13 357 7389 521 1187 35 25 2240 1315 4 7464 -1 -1 0 0 0 0 0 0 0 0 0 0 0 0 0 0 0 0
"d1c7673357ec23e6" 27 150 18487 18488 8762 13 330 150 863 417 18489 18490 13 553 2 16245 16246 9676 16247 13 66 3421 353 3422 774 18491 18492 4 7465 -1 -1 0 0 0 0 0 0 0 0 0 0 0 0 0 0 0 0
"86cb4e1e01eacd48" 29 95 11732 61 171 13504 13 2 3044 2828 1345 13426 4703 13 553 2 4702 4703 188 4704 13 150 286 1550 1187 25 343 286 1293 4 7466 -1 -1 0 0 0 0 0 0 0 0 0 0 0 0 0 0 0 0
"3fd0fea6d382e45c" 18 2 1998 13 191 414 750 4862 18493 13 553 2619 66 1675 13 18494 9187 6601 4 7467 -1 -1 0 0 0 0 0 0 0 0 0 0 0 0 0 0 0 0
"c8abe4c0b5a0bc6f" 28 15565 5894 38 14958 188 15566 13 412 1885 6698 93 170 13 553 41 1601 170 18495 61 1093 13 113 4326 920 102 606 18496 4 7468 -1 -1 0 0 0 0 0 0 0 0 0 0 0 0 0 0 0 0
"1893f461fb7850cc" 30 4198 13 6266 20 18497 697 18498 13 87 150 1641 18499 13 553 15241 3455 8688 355 174 14320 14358 13 1609 1386 355 18500 417 18501 6045 4 7469 -1 -1 0 0 0 0 0 0 0 0 0 0 0 0 0 0 0 0
"2d506aa768f27fcc" 30 4532 1029 61 4533 13 102 920 113 18502 2 3706 13 553 188 607 10246 15290 15291 14838 13 41 12162 1978 17883 1043 1681 330 8676 7949 4 7470 -1 -1 0 0 0 0 0 0 0 0 0 0 0 0 0 0 0 0
"fbbecbd34e68847f" 46 3241 146 171 5753 297 66 5754 5755 13 10708 18503 5140 6132 697 13 553 188 61 410 1069 1825 13 41 392 351 330 1978 362 13 553 66 352 12668 18504 188 2737 13 16959 18505 712 87 481 6852 5602 18506 4 7471 -1 -1 0 0 0 0 0 0 0 0 0 0 0 0 0 0 0 0
"269cba13c5f37ab4" 30 41 8335 357 313 13 347 330 1223 18507 13 1667 13 347 18508 18509 13 553 66 8495 8223 13 347 39 330 417 2941 2 18510 18511 4 7472 -1 -1 0 0 0 0 0 0 0 0 0 0 0 0 0 0 0 0
"e21b904f42fee799" 35 28 4602 4603 13 1342 1877 41 355 2724 13 553 41 1601 102 61 1093 13 35 286 305 737 521 53 588 47 150 847 2852 7977 18512 417 2006 18513 1814 4 7473 -1 -1 0 0 0 0 0 0 0 0 0 0 0 0 0 0 0 0