"50cf7f3d6e475e98" 11987 10017
"1aeb3f732b8672a8" 6977 167
"f4958a551201aefe" 9993 9423 3538
"d97bf69af5285d10" 8983 2413 9308
"ba4a7c7c3d37e5f4" 9423 10256 3563
"8465607519c54f61" 11437 8914
"38cb9d94c20c0cbc" 10164 498
"876eacd1fa40a222" 8083 10196
"d1cb028dfccc8b61" 4745 11608 3563
"76c60f7711bfd802" 11374 3538 10454
"ca4d070e1ab933fd" 10000 10051 1580
"854260535da76afb" 10017 5118
"04324b121bffbfea" 9180 167
"ddf24fd5cbe13fed" 3920 143 6977
"89989fbc0d134871" 6473 4918
"46918b57d7b94ee7" 5316 7991 8364
"3331de6836ce25d6" 11374 10097 9423
"7bd5f3d0b02bfe85" 1218 6640
"abd7609a9525e39a" 1580 10513
"a354b0f174bdd789" 2413 11268
"9ad1ac5bdefa640a" 10256 2440 9576
"65b455052378ceb9" 1249 2108
"5553f556b2aec488" 116 3563 6473
"3b0345ed4872a8b3" 3505 9993
"b36d5720c1eea115" 167 3538 4745
"1291a251833350a8" 3920 9180 9308
"817555052378ceb9" 1249 5118
"e05514cd0003eadb" 10017 10000 1580
"22d3653fd3a800de" 143 2108 3942
"1976f09624cd757a" 11987 10017 10256
"6fc2b86ffcaa75b9" 9576 6977
"f117f3d0b02bfe85" 1218 11608
"04f061e65a583bb5" 10051 8364
"6f910fe7dc39a8a6" 11172 1337 5316
"634f3d4c73ebf0ab" 2440 1249
"b9ba2aea6719c95d" 10097 6640 4745
"1e05c5e5ffb1d33f" 8983 11987 498
"55e4a01ed03ed03d" 11268 10164
"0427ef274a36db9d" 498 9993
"6e2880eae095b074" 143 3942 2440
"ed6d033fdd990588" 11437 8914 4918
"3e4be1f07b28996c" 3920 11608 3538
"0c1d3c5f62afc1dd" 9423 10256
"e28360535da76afb" 10017 10196
"9a92fd7c745cf4bb" 9180 10097 167
"0e37609a9525e39a" 1580 7991
"e62df954e6096cf6" 9325 1279 6013
"171934bcbff9bffa" 7648 5028
"b88cbe56e88a7cd7" 5505 8860 2861
"574256191291ce0f" 2511 5163 3734
"b615bc8260f750f6" 6682 5546 3414
"7d21052284369741" 6013 7889
"9c4403eef6fb9a8f" 3166 11362 632
"c9f5c319bbf0a472" 3809 6786
"43815c0b9a305e6c" 4232 10186 3809
"d6b622aaba8eec23" 8672 3561 9647
"fe3ba2c69cea67d3" 10676 1772 3414
"a75c99db2f55207d" 11866 3835
"66629f666712899a" 6682 1831
"f52df8a550ea2f64" 5230 8156
"94c2e77279cbb4de" 1772 7648
"0c76187da56c3e9b" 5780 5071
"21b6639a02728a7d" 5232 9205
"05b5eab8edc04a1f" 746 5505
"e095c319bbf0a472" 3809 5108
"094c8b36a2129430" 3414 9285
"5d1c2c627d2957b9" 9285 8849 11362
"486921ccbba09adf" 1279 5501 7243
"1c50597450dc2c7e" 11033 5071
"33b1280dd64cfd4c" 10676 3734 632
"1590e9df047dbb8c" 9647 5028 2861
"45c0b84d319c9044" 8156 7611
"6a33309c9843aa1a" 8849 8860
"2da6fc0620bb47e0" 6786 7243
"33f0a8c71ba1fd7e" 3862 5163 9205
"5b652b51b539dbda" 577 7611
"e5a3779171e4ccd4" 8672 9325 1772
"4ae9dec21890a3b4" 2511 5108
"950216ecf9266e8a" 8260 632
"883c4331d881cda7" 1279 9285 1831
"b68abc051478abea" 4232 3166 5780
"270d05f971311d82" 10186 6682 5501
"fd31a7d2b637d896" 3561 5230 9647
"b698f55efdc63f69" 5546 8156
"d5437d25f36e95f2" 5028 8860
"bfb042a8f701d578" 8051 7889 746
"e995eab8edc04a1f" 746 5071
"bcdbde33de2462aa" 3835 5780 7243
"0411e676e7e8f83a" 8260 11866 5505
"1727ad34da113382" 11033 11362 2861
"aaeba7a163567e39" 3414 7648 7611
"28e8516b761fcf1a" 1772 2511 5546
"1db053dd931a5e19" 3862 10676 3166
"fd535373377c5477" 7488 10290
"777fb9d69dda4dcf" 755 5363
"06bb229280e157f3" 2311 11764 532
"18207637c9c1ae1e" 8466 6826
"e8c31198d1e0b85d" 11092 4299 1346
"63dd61a561889de8" 11053 7488
"89de8857b12d3881" 4941 7170
"e699873eb519fad8" 6826 5363 11092
"a9214fb7a2c23c83" 9817 3688
"2d6d90647e60405a" 755 10290 532
"801e61a561889de8" 11053 8466
"b3894e6bed8fd468" 1346 11764
"d6e3f0897b473b32" 4941 4299 7488
"f4168934be5ad1cd" 11764 10290 3688
"b9a11a0b590ab938" 9817 11092 4941
"693f2d5842132ac5" 6826 2311
"68865d84d93a61e5" 5363 7170
"0a094e6bed8fd468" 1346 9817
"a95afc52cd33e721" 11092 8466 755
"66f0ac841b3eb79c" 4299 1346 7488
"4a778d4a4ed89686" 10290 11053
"46e3e0ca47e6ac57" 532 5363
"0e35da45198a65ae" 3688 9817 6826
"10f2d0519d331f00" 755 2311 10290
"a530944122ae73c8" 11764 4941 11092
"5a83132e3247f4cb" 5363 11053 3688
"46c2e0ca47e6ac57" 532 755
"48daf1a8225048e1" 2311 8466 10290
"eca9a19c542b37ab" 4299 7488 1346
"f769f5a49d253116" 7170 755 4941
"0564457a93300dae" 11053 7488 8466
"726e3eee5c3d9512" 1346 11764 3688
"1f121475425adf89" 11092 10290 6826
"f5eaf5a49d253116" 7170 755 11053
"b8555d84d93a61e5" 5363 2311
"e1f2a6212853bd20" 11764 4941
"2d93baa43c331adf" 10290 1346 11053
"5d2a8a6ddd6f6f4a" 4299 9817
"f395ae42ec4224fe" 8466 7488 11092
"0fc8bd376dab654c" 2311 3688
"188a95e1721d1a60" 3920 11268
"0ca1c9e5fa6e8218" 8983 9576
"40e5d4a1d789b6cc" 167 9308
"d8dd3f732b8672a8" 6977 8083
"184b2821ad3379d1" 8364 1218 8914
"f8af336d3a85a82c" 10454 5316
"7323666694dc37fe" 10513 11437
"1ab51b6eb4269f36" 1204 10256
"8cf6e7a653be9e30" 143 11608
"b4d4d0f7917610c5" 10097 1249
"b4ee1eb91bb002c4" 10000 11374 9180
"1e8245ed4872a8b3" 3505 7991
"d8cf3c957a57b03b" 4745 3563
"a3b2b88389f5699b" 2440 1580 2413
"d6e5ef274a36db9d" 498 4918
"61e99fbc0d134871" 6473 10164
"9d6fe43f83235bac" 6640 2108
"56047358d8dc427f" 9993 10051
"894d1c8bae4e4e80" 7628 9423
"591b01077c57c3f0" 3538 5118
"9a1dacee23bd417a" 1204 9576 5316
"0b3d258c01d0f06f" 11172 3920 8083
"84b173d318aeece4" 8364 6977 3942
"b773dabce09992fd" 9993 10256 10097
"d6c4125b0eb086a0" 7628 7991 2413
"233145ed4872a8b3" 3505 2440
"e49a52d30e640505" 9308 10017 9180
"e144905fb16b4d20" 10513 6473 167
"f39fbf26111479cc" 116 2108 10454
"b486a6895ea8fb6a" 11374 5316 6640
"2c74d0d6161ec581" 4918 8983
"9174f136fe98d467" 10164 11608 11268
"b8ddcc9249b5ec4c" 11987 9423 1204
"84e2c33fffb55fae" 143 116 10164
"c05455052378ceb9" 1249 498
"251f070e1ab933fd" 10000 10051 8914
"8bd3e0756b7dad0b" 11437 1580 5118
"287e6f4d3e75d1b7" 1337 6640
"e0eefa1b136bcb33" 3563 10256 3538
"d683b0f174bdd789" 2413 7991
"28647f25e82dc6c5" 9576 167 10454
"ae6464ede8baf2cd" 4745 11172 9180
"debf298c84117d36" 10097 1218 3505
"33face494012118f" 143 10513 3942
"015993ed8bfe6f78" 4918 3563 498
"059ac3f56c2d1ae2" 8914 11987 11374
"d1b034431e15817d" 10196 1772
"07e62428083a2d07" 8672 7889 746
"f47bcf66a7554a46" 10676 6013 11033
"d04d80b40f7726be" 3166 11866
"3a0a6246125d4e94" 3561 3809 8156
"279d4ae5916f18c2" 9647 11362
"1f8fa79d646abc85" 9285 5501 6786
"88b934bcbff9bffa" 7648 7611
"6750674e5bcd3be2" 5028 5505 8860
"cb440b7bc31353a1" 1831 5780
"fa339f666712899a" 6682 5232
"c3772bf22bb5cf88" 7243 5071 2861
"3a16107ee013ca0b" 2511 5546 8849
"084a5db8b32d4b47" 3734 9205
"75f43cf82f45337d" 5163 3835
"9dfbf8a550ea2f64" 5230 3414
"d8c181cebcf9e861" 1279 9325
"bdc47980ac51c39b" 632 7510