"8fe11771479cc985" 4535 9088
"7cdf2e70b1572542" 7050 6244 6352
"ad16bc1441f3777c" 8059 2915 9111
"7b8e92376b0ba723" 3818 1768
"8e9be8ab4be49cac" 6105 6032 7950
"6427e3fd5d51927a" 6314 8631
"c8d724a0e27e1017" 9427 9692 11212
"55b8cebc1ba9e769" 5477 10375
"3f7b1c7ac04fd3d5" 6918 6584
"c33aba25d299c96d" 1708 10259
"2e9836c042d740c4" 7300 6637 3756
"91414a64b688a4c8" 11803 10028 10433
"8c2d683e6d10b5a6" 1179 1628 2944
"9867285c0948f4c4" 11502 11106 6696
"9af2e6c3fa06f155" 7727 3563 6058
"46462bb48303dc52" 108 6702 4985
"7ed4322c04c3efe9" 10128 1578
"ba66768d6fc26df4" 8257 10161
"9e3ae27afdf9913a" 10749 8035
"2f38a9e69092c6e7" 5291 5788 5850
"9b4d4ec131e973c8" 5606 286
"4e8fbb0b7d71cae2" 8204 5977 9066
"fc07c887186636f0" 3561 9805
"d06ee3163f29a611" 11748 2242 6758
"c71d7de53514ec28" 10489 2504 3498
"77e45d839974d6a4" 9122 336
"43eb2336c146a2ac" 8241 9226
"5d8b295c67f51fcc" 1929 6451
"d54ac5cae29fbeb7" 6508 1396
"c7a6e86cb9c624f8" 6066 5253
"14af4662c5ba80af" 10430 2990
"23668125005487c1" 5539 1214
"d91488bf4520b1e0" 6762 9158 10828
"08341c012f5aa548" 9466 7905
"aea9646156997ae0" 11865 11960
"af100ffc1f3cb552" 8566 5135
"778f819d61732b1e" 6750 7364
"e24036574def6776" 10161 2242 6066
"0659568cd931476a" 8257 3498 8204
"d2a1a82f8a689825" 9158 5977 3561
"cd0ab557f7b67a2a" 1948 1396 6451
"7f0855ed39d117a0" 5788 5253 8241
"131e1261e084bd43" 286 10828 10430
"743be00824963c27" 8566 5606 9066
"ae704e258569b491" 9122 9466 10749
"56e686936cb91940" 5291 1929
"01ffc2ebf1aa6219" 8035 11996
"af9145d331537a93" 5539 11960 1214
"8411b63d45e1c7d4" 6508 9805 9226
"1622796b10022f62" 10489 5135
"b0fdcaa16ea41999" 336 6758 7364
"f729646156997ae0" 11865 9805
"d5fb748961553b28" 5850 6750
"e0e094aebbcf2cbb" 11112 11865
"4ec6824e0eef8ab0" 10203 2242 2990
"35b4ffa3eedc5922" 11748 8204 6762
"823505fcc47a5aa8" 9466 3498 6451
"cdedb80c48bcf277" 9158 7905
"7e052ebfcaec9fce" 11865 11960 5253
"d2572e1cc1ce7b44" 6750 9122 5788
"cb241c03afd5daba" 1948 8035
"ad4f825698cc608a" 1396 1929
"34f37226f234d979" 10203 8257 5850
"23c0930ed1fe15a7" 9226 5135 10828
"bd62a8093842bf51" 4519 3399 504
"d239249eaec3bd79" 7665 4462 8885
"bc5c86d7e3f5d23b" 8131 6327
"9f991ad2b3eda0bb" 4110 4857 12045
"7fdd41345a7e9849" 532 6824 10354
"d6074e6aadc94a27" 5105 1411
"2ffe77bf3801e0fe" 355 9662
"3de7bc7e365220ef" 7665 4585
"298d0b06f050db63" 4462 3343
"4d774e1673cf4a54" 7820 6595 504
"3976188e837ba856" 6490 532
"bad1023466f81078" 5105 11488 4585
"b52425d90c016f94" 3399 9662 12045
"afa843e80a3fdba5" 4857 6824
"1b49443dc6410cbc" 8131 4519 10354
"7662500c84415e0b" 7820 7665 8885
"bc7faa9825d02c29" 6595 6327
"a7980995e27c2dd1" 4462 532 3343
"8787188e837ba856" 6490 4857
"b93aa2e4942c9f9b" 4110 504
"782ea604b8ded5a5" 8894 1411 4585
"5d477d59dd418f54" 3399 12045
"8f589af116254741" 11488 8131 6824
"46158d928ba61265" 355 6327 8885
"da781abd31ee67b7" 6595 4519 4462
"164ca2e4942c9f9b" 4110 8894
"7f5f24c0fb21b0c0" 6490 7665 3399
"7f994e6aadc94a27" 5105 12045
"fd8e2861137d5ff0" 4857 8894 3343
"6407a0336d8d7556" 1411 10354
"b85cb273bddb0ce3" 7820 504 9662
"5520f4e47916117d" 11488 532 6824
"0979c3fb3770d835" 8131 4857 4519
"4f1796ef68a94b7e" 355 1411 4585
"a7aea07e2e0e2e43" 7665 6327 12045
"431c953479d600ee" 4462 3399 10354
"0c64b7b4f095716d" 4110 532 8885
"50dfaa9825d02c29" 6595 7665
"d3b8188e837ba856" 6490 9662
"8ad84e6aadc94a27" 5105 8894
"36f521469ace62e5" 8131 1411 504
"8881e666582e0ad0" 7820 4857 4462
"e334d69db2ba33d2" 11488 6824 12045
"067e71919eb956fd" 4110 10354 3343
"e93355ef96192a90" 11106 4535
"1f8784520b913d54" 11803 6105 10128
"3a70337cc9fd810a" 3563 10375
"660fda170f86855e" 11212 5477 6032
"e703c23d88c3ef5f" 11502 8059
"5dd3ec03915f2bc2" 2944 1768
"a3bfd709ac76ab49" 1179 6352 7950
"b22101ef7607d9ea" 6058 6314 6918
"d839ba25d299c96d" 1708 6244
"e9763d1e1bee62a0" 6696 6702 9111
"d44aa065c6f43a45" 7300 10028
"bb5553fb81a5f918" 108 3756 3818
"14c7f4e435de4525" 1628 10433 1967
"ca0709272ad7ba62" 7727 6637 10259
"66285cff8cc306ea" 9088 4985
"2c214bee61d270ca" 7050 9427
"05ed848cffa15746" 9692 8631
"27bcf5a5e39d8881" 1578 2915
"475b6195c33fbd6f" 6584 1967
"b9e92a463669d347" 1052 1179 8631
"c7051e5bd3024bee" 11502 7050 10259
"ab4220ded1b0ff27" 10028 2944 5477
"a1571a1c7b27d064" 4985 6244 9692
"bbb1389289175bfc" 9088 1768 6314
"a710ebb3f4c8df66" 1133 6352 1708
"507478d85317e8e9" 6696 6032
"1e13354cbad1b7eb" 11106 3756 6058
"52487ee7e828abd9" 8059 6702 9427
"bb6cf5a5e39d8881" 1578 1708
"9778a10961feda88" 11803 6637
"276c2b71d7d21a41" 7300 1628 6105
"e508be815fe74518" 11212 3818 10375
"7e14dbe7a5fa0392" 10273 2915 7950
"5ab955d4f095572a" 1133 3563 6584
"97117ba4e571a56b" 11977 9111
"15497fd62bfcbf38" 7727 10433
"b66ca5491ff8c147" 108 10128 6918
"881f09e65b46c4fc" 11803 6696 6244
"c12e3de0d5dbfb88" 7300 9088 1967
"80a358f271f060b0" 7950 5477
"7b590fc802a2b967" 11106 6352 1708
"cc382a463669d347" 1052 1179 1768
"8831e3a548fd4314" 11502 9427 1578
"99604bee61d270ca" 7050 6314
"30e148d321c9b791" 7727 9692 10375
"7484bd6d193a34b0" 4535 6105 3818
"bfcb1d73c98eaa03" 108 10028 6058