"a9991ea3f8658a45" 3937 11776
"c5ebce03c0baa640" 5268 1131
"eea820f1ddbc42de" 1749 10608
"9dcda4d36569607f" 6232 6250 790
"46b9c05dc6efb77a" 2997 646
"4a5a6581a159ab19" 9184 11623 10496
"7c74b57f2ea6be40" 10393 5717
"771537fbb7f5f7b2" 10667 2933 10266
"2da9ffa259bfda5d" 6433 7173 2623
"05ff63253faff24f" 7863 6872
"3505e85a9bf12ffc" 9115 2887
"7f36545c996859d6" 11072 8266
"6fb452514cb3bf55" 9849 1065 5495
"eb5b3272b9c4aec0" 9919 5854
"2bb675f8226cf10a" 11982 2639
"967317184c10e73b" 130 11355 5999
"2c7e15307982653d" 3862 2058 11377
"d2278cbea91cdc39" 6529 6341 11386
"ccec221a694b2270" 11120 10954 5969
"aad4446b29d042b4" 4181 4268
"a3d82f7825fa2151" 5875 4720 9174
"efff5d1eb6b15f66" 11753 5500
"1675b72dcf8350c6" 2006 2928 930
"2695031c58e36088" 6655 4162
"1a3a5dcad1f15043" 685 4651
"98fa080a518aa703" 9157 8551 11320
"40ab3c4e84906713" 8713 8674
"1e627f62cad1feb0" 1174 5774 5212
"87e9232764b26d54" 13 5922
"96fe66afab621ab1" 9522 8586 2588
"65e85a77e306b49c" 9810 11742 7589
"1dfb006291a7887c" 2794 4610
"bdeb4932591c9706" 675 5223
"8c4d42f8e078cf1d" 6023 4302 2410
"6ba8f91651b78087" 7603 7282
"103b244933e0d80e" 9664 1866 8758
"1835aa102668a853" 915 221
"0ff711b365b22138" 7589 8674
"2af80c53f549bdcf" 9174 10967
"1d20b3c56137d573" 13 5969 1174
"9e4c6295bbf9869f" 8551 5500 4181
"509d221a694b2270" 11120 10954 8586
"55399faaee4e3385" 9522 11742
"2e50bf08c10c48e8" 2588 8713
"fc43fc53a3e06108" 4720 5212 2410
"809722cd9907134e" 6023 2006 4162
"4664f22967d024e3" 7282 685
"86aba7f2b50103f6" 7603 4268 11320
"f68b99bbe3c2707a" 2928 9810
"199450d2e600c1fc" 5875 5922 675
"e95d402e55e399ee" 286 4651
"36acf3abf62a5fb7" 4610 930 5774
"0cf9c2b718b788a7" 9664 915
"05bf5d1eb6b15f66" 11753 4302
"0d0fed56e5e5f8f0" 221 2794
"88f16103bdafe4e0" 5223 9157 6655
"e9da3c4e84906713" 8713 5500
"be478fc4890d2ecd" 2928 10967 6023
"5fea76e4f2e29696" 8758 1866
"484a502fa8cac107" 4162 10954 8551
"db54fff5feaf0e4a" 5969 5875
"3c6b5ca5434a27b1" 685 13 5212
"6f05031c58e36088" 6655 2006
"e24faf08c10c48e8" 2588 4181
"de65e3e45a2422c7" 11320 8674 9522
"9cdb141b5510f0bc" 11742 1174
"92b930f5acdef82e" 1832 8884
"3953b1a65c53255c" 10092 5770 9724
"095f8e7bd6518f3f" 6147 7484
"55dcb16d9b441ab1" 10398 1426 4436
"9ecbf768cbccee1a" 2838 437 7977
"31d184708c60d6b1" 3924 5320 3246
"68bba1ff215b5173" 2053 8895 4733
"1410efdf547f7285" 4466 3210
"bd08abd58c703e0c" 6838 6832
"de909869dfe14d7d" 1892 10092
"32e7e92dd028ce53" 5770 4436 9724
"16c795d0940eafa5" 3210 4466
"8b8ab4129b64fc6a" 1212 8895
"ac84f511005a8d9a" 3228 6953 6832
"b8b4eb9f16a0cbc3" 5320 7484 3246
"74d0d059b2aacc57" 3246 1426 6838
"8d50e45d702f79c2" 7977 2838
"3993eae963166aaa" 4733 437 3924
"5aafa585d2ab982b" 6953 6147 1892
"49d8af9ddf518f1a" 8895 8884
"ffe830f5acdef82e" 1832 5770
"7626ff68068357e3" 6838 10092 9724
"bb00e81d987cdc97" 1212 3210 4436
"f1b09869dfe14d7d" 1892 10398
"f17bbe00325e8a22" 1426 5320
"9384c9d0c69888a8" 6147 6832 2053
"43e8158e172e0273" 2838 6953
"a5eccd89bea0591a" 7977 4466 6838
"a528cd1830f9ace4" 4733 3924
"25d380fb15478fae" 2053 7484 6832
"87fdf0594346db78" 3246 437
"7d40145cad8cb05e" 10092 8884 10398
"3ba1efdf547f7285" 4466 9724
"817c431de322c517" 3228 8895
"06fe4288a6bb5a1c" 6953 10398
"82f58cfb946f5325" 7484 6838 2053
"5451d059b2aacc57" 3246 1426 8884
"c986ad6dc4d2e183" 7977 10398 1212
"65e815c78650a65d" 3210 4466 6953
"060c6c1767c92ce0" 6832 6147
"5553eae963166aaa" 4733 437 2838
"5ef2eda7dbab981c" 10092 1832 5320
"afa1d7e1f143e15a" 6838 2053 5770
"0ee18a7c0e84862b" 2838 7977 7484
"0cd54ebb35b8cc1d" 12112 10266 5717
"cbfac05dc6efb77a" 2997 5854
"702e3a9da6d644c8" 130 2058 6250
"b600012ea6eadec2" 5268 1131 9919
"b50d1366dc07d5be" 6529 6433
"9f71318e6ae7ef75" 2639 9919 3862
"6ec3ed941e74d61a" 10496 9849
"9cbfbd4ffe3e4057" 790 10393 2933
"9866088f76892cc0" 646 7863 2623
"52f7d10366dbcf71" 11377 5999 9184
"da71f810400062da" 1105 11072 10667
"04a4a89ec7b51e8a" 11623 6872
"deadf2f244463ba0" 3937 11776 9115
"b95fe8dbf1c54773" 6341 5495 11386
"1beb0823f4f348fa" 1749 7173 8266
"1ffa24fee89fe709" 2887 1065
"aab91d2dd19bd14a" 11355 11982 6232
"d620d92cf3eb7615" 12112 5999 11377
"0634a2fef522cccd" 10667 1131 7173
"f26a15ae52c0c176" 11776 3778
"3357953c31614498" 3862 2639 6433
"db05827a021fbba8" 5268 10266 9582
"f9ad17e6c4272bf7" 10496 6872 5854
"2f9ee8341f09eef0" 9849 3937 9115
"41fca456c5f89f8e" 646 9184 2933
"a436944145c173cf" 2623 130 12112
"12d785eb137f3e9e" 11355 5717
"5d667443639ffb38" 8266 1105 1749
"75f5881da17005ac" 11377 11084 10393
"875133834e17e0b1" 6341 6250 11072
"98160cfeb5f96f98" 7863 2887 3862
"1e58632cc0a6ca60" 6232 11982 2058
"59aa3272b9c4aec0" 9919 2997
"22934171a673cb85" 1065 2639 7173
"e723a89ec7b51e8a" 11623 790
"ae74e57e18bbcce0" 2623 11355 10667
"248d24fee89fe709" 2887 11386
"62d7a8d808b87611" 3778 10608 9115
"2a5e4953d474e14a" 5854 5999
"4b80a30030bdcc09" 2933 790
"8fcb4491949058cb" 9582 12112 6529
"a1582252b5aef7f8" 6341 10393 9919
"57ced7922613e3ad" 6433 7863 6232
"4d05ec735c726d87" 5495 6250 10266
"7e877b1d568bcc4f" 11084 130 6872
"f84dc9f6277818f8" 7173 9849 5268
"d5fcb8fcea29bd2f" 930 8758
"7f9fdb4ee3f04a70" 8551 5969 9810
"33108acd5748100f" 5700 11120 9174
"78264cd1e8eae257" 2410 4162 2794
"96c2572bec04d50c" 5076 11320
"3242ab0004d1d87c" 4720 7603 915
"67f79faaee4e3385" 9522 6655
"968a5dcad1f15043" 685 5875
"c3bd141b5510f0bc" 11742 8713
"95b2b40fad583e15" 2588 675 13
"5845446b29d042b4" 4181 6023
"0369d8be80b53c70" 5774 13
"fe13864db6b85a69" 5500 8758
"8d5b847c526877cc" 5223 2928
"c7bcedb99cfc86a2" 7589 11120 1174
"9e1e7dc14f6023b0" 4610 8674
"c0ce2400fdb213cc" 5212 11753 7282
"82f72acc68c270ef" 4302 9157
"773ac2b718b788a7" 9664 1866
"cdf469ebba96631a" 2006 5922 915
"c14929396b12af16" 4268 5875
"5c99d8be80b53c70" 5774 930
"6f87aa102668a853" 915 9810
"3ce32883e3434b3c" 5969 5212 4181
"84eb4932591c9706" 675 5076
"affb006291a7887c" 2794 4651
"151f402e55e399ee" 286 11742
"ff893c4e84906713" 8713 221
"0f953f163faf1ebc" 5223 4162 4302
"d07f4f872d1ee697" 5700 6655 685
"022983917fe05dea" 9157 7282
"55bbd8be80b53c70" 5774 9522
"50821e4ae4d92c31" 10954 9174
"6c99232764b26d54" 13 4720
"1eb791233ac36d9b" 11320 1174 4610
"6c96aa102668a853" 915 5922
"9bba6fd9946a0457" 7603 8551 1866
"1ab2572bec04d50c" 5076 11120
"06bfaf08c10c48e8" 2588 6023
"2ad3864db6b85a69" 5500 11753
"6010e1adcaec9ac9" 4610 5875 5076
"909ae29e3a93ab12" 4651 685
"430d4932591c9706" 675 9664
"261b006291a7887c" 2794 915
"517c402e55e399ee" 286 930
"9b5d51b4f0f086c6" 4162 7282
"65e5365cfcc19359" 7589 8758 8674
"61c0e45d702f79c2" 7977 4436
"48335d5f0f2e1f08" 10092 8895 9724
"182704e42d86856e" 5770 1426
"90ad8e7bd6518f3f" 6147 437
"7c0b6abbd53cc082" 3924 2838
"f2ff7e99c35dad55" 7484 6838
"d13a90d110e23f48" 8586 10398 8884
"a7ef0c13939e5cfb" 5320 2053 1832
"438d4288a6bb5a1c" 6953 4466
"f95895d0940eafa5" 3210 6832
"e06a431de322c517" 3228 437
"2de3025c36ccb714" 1212 1426 6147
"90d3bbc19a2b7389" 7977 4733 2838
"4c801c13939e5cfb" 5320 2053 4466
"25c680bb75a2a383" 8586 8895 9724
"3af1b4a0e98714ea" 5770 7484 8884
"ff89de6ba375447e" 1892 10092 6838
"f45ce80eecce7ca5" 3210 4436 1832
"f6159659f790f209" 1212 3228 10398
"de7db56b1660ad2c" 8586 7977 437
"4ff4fb7139a49dad" 5320 6147 7484
"ffa437cd66f9c676" 4733 2053 6832
"1eb11cac7b7016b5" 1892 5770 1426
"0c32dd4c6d2c09fe" 8895 4466 2838
"6df96b8c77b06400" 7977 5320 3924
"dee31cac7b7016b5" 1892 5770 10398
"9e0c361e633a2583" 1426 3210 7484
"3bf0384e05100803" 4733 8895 4466
"069a23964cfc7e75" 8586 6953 1832
"09ef6c0e2726a2db" 2053 3924 6838
"a8f006d197f51540" 3228 437 4436
"8a8a3c8813782b5f" 6953 2838 6832
"930fbbed19d7e825" 1892 4436 1832
"b14157213105b250" 1212 5770 8884
"293680bb75a2a383" 8586 8895 7484
"1b19172c0c000828" 4733 6147 9724
"764db5cbf55a8741" 1426 2838 10398
"64a55cde6018ed7b" 10092 2053 6832
"c81b23964cfc7e75" 8586 6953 3924
"348f3969ed9cd234" 3228 3210 9724