116
143
167
498
532
577
632
755
1204
1218
1249
1279
1337
1346
1772
1831
2311
2440
2511
3166
3414
3505
3561
3563
3734
3809
3835
3862
3920
4232
4299
4745
4918
4941
5028
5071
5108
5118
5230
5232
5316
5363
5501
5505
5546
6013
6473
6682
6977
7243
7488
7510
7611
7628
7648
7889
7991
8051
8083
8260
8364
8466
8672
8860
8914
9180
9205
9285
9308
9325
9423
9576
9647
9817
9993
10000
10017
10051
10186
10256
10290
10676
11033
11053
11092
11172
11362
11374
11608
11866
11987
746
1580
2108
2413
2861
3538
3688
3942
5163
5780
6640
6786
6826
7170
8156
8180
8849
8983
9734
10097
10164
10196
10454
10513
11268
11437
11764