13
130
221
286
437
675
685
790
915
930
1065
1105
1131
1212
1426
1749
1832
1866
1892
2006
2058
2588
2623
2639
2794
2887
2928
3228
3778
3862
3924
4162
4181
4268
4302
4733
5076
5212
5268
5320
5495
5500
5700
5717
5770
5854
5875
5969
6147
6250
6341
6433
6529
6655
6838
6953
7173
7603
7863
7977
8266
8586
8674
8713
8884
9115
9522
9664
9724
9810
9849
9919
10092
10266
10398
10496
10608
10967
11120
11355
11377
11386
11742
11982
12112
646
1174
1575
2053
2410
2838
2933
2997
3210
3246
3937
4436
4466
4610
4651
4720
5223
5774
5922
5999
6023
6232
6832
6872
7282
7484
7589
8551
8758
8895
9157
9174
9184
9582
10393
10667
10954
11072
11084
11320
11623
11753
11776