108
286
336
355
532
1052
1214
1411
1578
1628
1708
1929
1967
2504
2915
2944
2990
3343
3399
3498
3561
3563
3818
4110
4462
4519
4535
4857
4985
5105
5135
5253
5291
5477
5539
5606
5788
5850
5899
5977
6066
6105
6244
6314
6584
6595
6637
6702
6750
6762
6824
6918
7050
7300
7665
7727
7833
7905
7950
8035
8059
8131
8204
8257
8566
8631
8885
8894
9066
9111
9427
9662
9692
9805
10259
10273
10354
10375
10430
10433
10489
10749
10828
11106
11112
11212
11488
11502
11685
11803
11960
11996
12045
504
1133
1179
1396
1768
1948
2242
3756
4585
6032
6058
6327
6352
6451
6490
6508
6696
6758
7364
7820
8241
9088
9122
9158
9226
9466
10028
10128
10161
10203
11748
11865
11977