"411a53b4e96bf40b" 81749 16662
"ac1bf73c5d087ccd" 66594 122403
"1179e32badb19d63" 181192 139900
"42f9ab0d981063a6" 39342 20695 33234
"8dd45a79384ed4d2" 105080 170572 55291
"8fba096c69d5bd55" 174595 117162 74898
"781affe417713b2a" 170572 98110
"53e11ca97342c95f" 129253 19943
"8da7b4c02e92e3e0" 122403 66597 5459
"3dfcaea01cbabfc2" 68366 75799 11233
"b58cdf97db3c6ea5" 16662 5968
"ddec9fb00a1e39b2" 51581 20695
"5a01bed21765def6" 98009 74892 14079
"2c6f207c678ddb55" 105080 69437
"50afe1b46bddff76" 185258 27254
"a9ba8a000bb16ae6" 11233 109952
"ddcbc7452d7f9dad" 127093 141352 69455
"5c1900f417713b2a" 170572 159612
"3ad12203f4042945" 109952 142518
"f8ff9a04d51feaa5" 41244 33648 42394
"8fb9e9235c98ea3f" 68374 10477
"18e4b903a7a426fc" 14079 19553
"533902b46bddff76" 185258 132006
"ebade59474255630" 75799 156774
"d0475ec5995bd0a2" 20695 1341 159612
"c78e9fb00a1e39b2" 51581 27254
"620615fbe1eec421" 174595 5968 33234
"2114ff54608afdf6" 151388 66594 5459
"d429805fe7e6c8eb" 55291 19553
"32ec508f755a8d0b" 68366 109952
"abd817389af84aba" 181192 74898 14079
"44add7452d7f9dad" 127093 141352 142518
"2486a7df6f97374e" 69437 159612
"c76baefb9dda4102" 117162 10477
"f4c5130cc8cf361c" 19943 66597 156774
"fd7ecf47d5967918" 39342 41244
"33b074577684be92" 74892 185258
"1fe7d5685c29694e" 139900 98110 132006
"8c9fc59474255630" 75799 33648
"695f818cacbb1520" 122403 74892 68374
"895063b4e96bf40b" 81749 42394
"02e7a87833f25834" 129253 105080 74898
"20b09ddcaacb80d8" 117162 51581 156774
"950346abe84e0e66" 129550 142518
"b14aefe417713b2a" 170572 33234
"af0182814e11c0fd" 19943 98009 10477
"78ef413079597ee7" 43740 37490 113976
"7ad698bdc7121b8b" 53263 20640 54871
"f3cc5f58cce660a0" 9482 720
"e5f8af14782bbebb" 127262 39915
"b01fcdf173d47d8a" 18349 40597
"c069c47ecc9ac838" 30382 95902 12511
"eed6b2a2934c92cd" 159065 134844
"fe325c3e54eeacfa" 33911 121524 90099
"1d18db864acec93d" 176285 147243
"aee195455fb0d7d2" 154532 156969
"2520ea9768498775" 160880 56117
"b01861422b215310" 85566 150264
"51cdf582dff19fd2" 125412 15354 23702
"48e8ea77a36fb73a" 75554 81743 140166
"f4c69bd3284f682f" 66516 89282 117048
"9876837b947907bf" 68786 59019 90991
"421f4d1d80d8a573" 120681 2850
"1f48e9a6821a1abd" 2467 114557
"2acf765124a76fcd" 53263 66516 30382
"b22dcb6eaff43c29" 78423 37490 156969
"9d316183614e9878" 89282 39915 81743
"ce2ed85bece19da5" 160880 176285 15354
"112a3f4d181da83b" 143940 43740 113976
"19bdc738501dcabd" 127262 2467 90099
"1514f3a21a020eef" 18349 147243 125412
"978030d77b7991c6" 85566 121524 95902
"4ff5fe1f862e1d01" 93595 20640 117048
"18f68950e7783169" 120681 54871 134844
"1e6da33326dfe7e7" 56117 23702 114557
"325cd9a2a28cad77" 154532 720 140166
"f6a9f989399ebafb" 33911 9482 40597
"7f72da6b6a9f630d" 159065 82343 68786
"2b7f62cc14d2a0a8" 75554 150264 12511
"8a24737604c2b8d2" 59019 81743 171225
"d48b128792b7a3ef" 127262 81743 90099
"3d6b765124a76fcd" 53263 66516 12511
"b32e9f88824eb40f" 121524 18349 40597
"461cd10fb7d804f0" 93595 15354 23702
"083b7bcc7f07d5e6" 56117 9482 117048
"9e97bfdb41f392e4" 85566 125412 95902
"0f5b93f07d8c4905" 75554 134844 156969
"ad7b8297eee0ded7" 20640 176285 113976
"e47fff66cb68223e" 33911 154532 2850
"3c222773ca43fc43" 143940 54871 39915
"4331b452d3dcba38" 159065 89282 720
"990e10e0124c0f36" 147243 37490 2467
"b4fb3fe18ccecdb5" 60565 181005
"847402e88ba1e621" 108366 173925
"e5a3adf470d7c112" 97122 2167
"839c872efe9ee7a7" 159444 27143
"6320532c3a85e77c" 22659 184278 95508
"6f7cedf2af8eae18" 74734 158707
"8ff04de4f98eb9c6" 151137 3699 164111
"14af5a8b7fe2d213" 5304 183676
"e4361d75b16f1666" 141259 55631 145471
"049e5ce43618a222" 151137 101030
"b261e77c3f1e7c68" 59161 4885 28944
"e8b8751b64fbf784" 51963 133486 48764
"eef8750408d5f50a" 116329 151972 102400
"9a55f86b7b6f1d7e" 79640 38206 97122
"227a00917d475680" 30824 88246 158707
"e71d804d1adfa177" 88246 181587
"965e05ce10060386" 35501 158707
"c13dcb7f8c181e44" 110142 177173 95508
"72ed4b53d1fab922" 23297 29549
"1c5c5092dfd8c394" 121702 101030
"cf80c6b2fec09d33" 108370 81893
"8653ef508fb29b63" 85243 48764
"d68216f0404ceb87" 116329 159444 164111
"16cd4082cc0d6ec3" 51963 177173 95508
"fce48c7117442d1e" 5304 97122 95508
"c5a14fa3830d7446" 59161 151137 173925
"d3582731c638f12a" 151972 183676
"b24015bde139aa44" 4885 29549
"a3cb5a1d008fa5ec" 177173 48764
"325a9cba6994a1f4" 70261 79640 173925
"5974b583cfb2d300" 30824 38206 34686
"a442df9efb63dc7e" 60565 3699 181005
"52a2ff3431995511" 133486 2167 158707
"bbf91f6ec8ff2054" 141259 145471
"8f816b53d1fab922" 23297 110142
"b2148af21aade07d" 55631 85243
"589a596c795a56eb" 28125 108370 35501
"31dccdf2af8eae18" 74734 28944
"635602e88ba1e621" 108366 181587
"4dec2243616c970d" 22659 102400
"b5bcdb5008687da0" 65144 184278
"00b75092dfd8c394" 121702 81893
"b59bf4ce10060386" 35501 81893
"f52fa66465aa6474" 183676 101030
"2c4e64b01ed733c0" 151972 110142 164111
"455aadf470d7c112" 97122 29549
"7590ad3cb216d69e" 23297 181005 48764
"b8ac7547162df98e" 71751 144835
"5a94adddc7b64f91" 84259 158385
"07a5c875bf8cff8c" 81388 11412 109399
"057541263153eb79" 91498 160001
"2485b49d65fa1132" 100784 19685
"5726195fb66ff806" 144657 50462 127469
"478f86dd8351ac74" 30602 89733
"b97a5586ac5abcca" 123292 127554
"757f50b21b7b7397" 130640 104410
"7060478fff903d61" 46760 50194
"4a339ab22ba2e0a8" 128137 19202
"0a9c7fc0d5a7f134" 26368 61886 63665
"50ca0832ee8afb25" 44040 187440
"69e09087d2d00d32" 38626 38703
"d05985de3c38b563" 160922 81230
"4622789a991f333a" 71352 154527
"24a816ee7aa1930d" 742 28071
"6cefd23027200c7d" 15344 54825
"5a9b7f6abea75991" 186865 114875
"335471757490b4c8" 57790 45472
"8d41c96512bd9598" 183569 179022
"f01cc6885a9652ad" 71751 18023 81388
"a4f99ab22ba2e0a8" 128137 46760
"4ea18dddc7b64f91" 84259 15344
"f99a83dba67a3efb" 114875 45472 144835
"0a40a6dd8351ac74" 30602 158385
"050219ad3ad021f6" 95446 89733
"2ff1d285dc291e9a" 48800 116837
"55e48e6a172b5f66" 50462 38626
"f4f5bfc1a14ca634" 127554 44040
"93b2fa21e7b39b7b" 160922 57790 48800
"fbbf368a5319d2f3" 19202 71352
"8dedc72e7cfb569a" 144657 81230
"fef9a0b761df26d1" 187440 50194
"059b0f09bb8e3be6" 28071 46760
"d527b49d65fa1132" 100784 26368
"421136ee7aa1930d" 742 128137
"20fb6effbb2f7168" 11412 183569
"68cd186ab1c2b6a3" 123292 130640 63665
"fc546f6abea75991" 186865 19685
"206d53db052f0988" 109399 91498
"34decbb8cb3e3183" 61886 100784
"acb004275c1202c9" 154527 71751 38703
"480d60bdabd5448f" 104410 89733
"65d376a364adc78f" 144835 127554
"89a7c6f54a431690" 54825 95446
"c3a9b929084c4868" 15344 160922 158385
"c1cf3f29a703f7b6" 124064 97730 59225
"6ddb6c71d49fbe05" 105462 155552 138887
"e793b88a2a19e99b" 43835 128857 83069
"ef629b1d01bf3c7e" 88451 39722
"73a360b3ace19de0" 50566 34386 174926
"ccc6de5565b41b32" 20095 22828
"d2c03b8d0053b6cc" 71761 115423 22872
"0ce0d0ad27209bcd" 115392 145811
"df48835b533d05e9" 73979 18961
"3d8d48d6ef5c6045" 41381 108816 124109
"090f0786a586b845" 163717 161980 42222
"3bdfcf7be16ef61f" 22594 105580
"66e0ac08a0bffffa" 178046 173232 84095
"4584c3663d176e20" 82456 46511
"b70baf1f560cb02a" 85224 6068 134758
"55cd1d43afbee9f9" 111202 73582
"e75acfc845ab76ea" 56216 59225
"ecd580fcbed0e515" 106841 184755 74477
"98ed8c2845d896ab" 7542 140446
"529fa6e3412b74c1" 50566 145811 46511
"95e04378a0fe74cd" 138887 71761
"0bcbee5565b41b32" 20095 108816
"425ba45d2e2cd3ad" 83069 105462 22872
"9fe1e09398b6a99e" 73582 7542
"2f5c5fac2e2e8ed8" 106841 115392
"8d9064058da5eafc" 155552 20533 178046
"adfd835b533d05e9" 73979 42222
"0940bb1d01bf3c7e" 88451 161980
"138665275322227c" 173232 94334 34386
"c839dd6312fa2823" 134758 85224 41381
"af23ef7be16ef61f" 22594 184755
"e7d063517b5e7ff1" 6068 74477
"bd0728ff6f04c6ed" 124064 174926
"bc0b25f533558bc0" 115423 84095 82456
"04074296dd56f561" 124109 39722
"7540dca737ab471d" 128857 22828 18961
"5532e6380b13adcf" 140446 111202
"226a3b7c552240da" 163717 6068
"61a7ee7b95c84dec" 56216 73979 7542
"f7a2ece6e951d8c7" 59225 18961 22872
"6f89b27049b3b557" 43835 34386 108816
"b3aee94d1ab4748e" 39722 22828
"b0c75340c5054077" 155552 178046
"a02ee39217000e69" 20533 50566 7542
"f06604535ce93de5" 74477 106841
"30fd2d0c256cccc5" 134758 85224
"5ecbdf2390cb05bc" 117864 78315 26309
"4a2374809bac2975" 138583 132578 2546
"8d22d5deafb83318" 40966 99229
"85118927ea73cce9" 23515 103286 39934
"c2af2ea3ae782468" 139344 24751
"3f5de76f0c7db8e2" 3753 73470 179123
"6747e124e8221458" 24749 40192
"9b8c94e10917e200" 183024 105756
"96d2885aaa143365" 143858 94770
"032d5bf99b7ab788" 45433 46430
"3b86146fb6571fe4" 109101 95677
"541988e3202264f7" 62250 117444 187598
"f63c809e4c3fd792" 121951 82799
"88051eea5fbb4ec5" 40525 45042
"d54b8f031dbed51e" 141339 136401
"f28d8b21ddd8b0de" 122909 85001
"85c8f59614965cf1" 108807 31466 127246
"c291d988b3f63689" 46155 28464
"40ac273c5792c212" 125742 131009
"a54daaa6cb5311ef" 126436 138583 132578
"5b5f2f7c7727a2f1" 78315 17049
"bc595f66bf4d2b15" 103286 40192 105756
"d72f599e81829d2f" 87361 42855 139344
"725eedc42aee3595" 40966 24749 121951
"cbcdd2db58df083a" 45433 109101 85001
"09ecfcf613e5ff10" 28464 179123
"be3cda9cd0fd978f" 99229 117444 85001
"6ac52dc0f208c1aa" 2546 40525 45042
"9e394c1cc7948f4d" 46430 24751 82799
"df2ba492c094f696" 187158 45042
"484ba492c094f696" 187158 45433
"35e134ec55ce6a57" 138583 143858 136401
"3b9bf8bb2a505be9" 31466 46430 62250
"702d1c7779f53154" 139344 26309 109101
"db9ae988b3f63689" 46155 131009
"ff57452772cfe112" 78315 125742 95677
"5f6f994aad92d2e2" 73470 82799 141339
"97ca8ec61edc11c3" 17049 108807
"57a20a20697287f5" 94770 39934
"38923569a4ab5e88" 117864 187598
"5feb1a2bdbf30efb" 23515 3753
"af9ade576fe48a54" 126436 132578 179123
"abd7cc24bed9d7d1" 17049 103286 2546
"63c52f8850d14b53" 46155 42855 82799
"80c41ab13811ccb4" 40192 26309 39934
"536fa492c094f696" 187158 62250
"6c4f66b1b843c524" 87361 127246 46430
"6ee8eab3dee8f88e" 4422 89963
"67e9f2f2e46a52b8" 136717 31008
"718295de83747df5" 31008 174784 54894
"e1f7314f8cc437f1" 81724 24741
"819bcab08171b03c" 184224 28194 62581
"b0681cbd5873f007" 43423 117195
"b08ea212a66bdd96" 112831 119296 53931
"af3e216ea55eaedb" 7339 177038 132632
"675f5af8ebed5e4c" 62983 77294
"fc7ec0cad835c280" 163716 45396 16798
"b2f8147b858e381f" 113487 172283
"0967ee16909740fe" 54273 26793 58057
"d3163638be0f6ef1" 4375 54757
"c99e7645d967f013" 62434 128444 135957
"1a4f218dfa441254" 16736 117076
"4be695ee28286ffa" 29397 79883 154239
"c6768e167d8f6879" 41714 24359 78886
"05ef6d0c21d0cdf8" 117195 89963 29397
"75e849082be850f6" 4422 62581 24359
"9faf6101b7af0968" 54273 54757 78886
"da044668d8dfc14a" 184224 45396 119296
"439eeb21d734dbee" 134474 26793 128444
"04ac0d1fb5db0098" 112831 16736
"3d678fa955b0f867" 77294 62434 41714
"4bd54676289972b6" 25711 81724 132632
"65c9406ff3aae805" 7339 172283 53931
"ddd8dd4b63ec64be" 121196 28194 177038
"6cc1a32e20c6567c" 28001 163716 174784
"c5b218b30ed11b70" 31008 113487
"328271fb3c0fadf7" 16798 156737 154239
"469cf037712ce320" 58057 54894 117076
"c39b2638be0f6ef1" 4375 11748
"b44f0cbd5873f007" 43423 79883
"3ab6267c91669488" 4422 89963 62581
"530206adba3145bd" 117195 136717 119296
"1c4abb3d009067ad" 7339 54757
"d5fd4842d54781c7" 113487 26793 132632
"cb67ad7820d8fb02" 45396 119296 154239
"2b0df7b30ed11b70" 31008 24741
"738d256e5d5a20d3" 112831 174784 4375
"d634b7680d7070e1" 184224 77294 54894
"3f6cba55e69a678e" 28001 54273 117076
"5dd1e3e5efeea1bc" 16798 62434