"2b8ce057e10398e8" 23 16520 21260 83 103 61 80 231 4436 4176 80 199627 425 369 106 102 16520 4436 227 80 74 511 3592 1179 1172633 -1 -1 0 0 0 0 4 7 9 5 6 6 8 2 10 8 0 0 0 0 0 0
"244b780c786913b6" 20 68 17677 297 16372 36 861 83 176 80 199627 28 321 290 76 749 772 80 7950 3675 1179 1172634 -1 -1 0 0 0 0 6 7 8 6 8 8 6 4 2 4 0 0 0 0 0 0
"8721d3a110206575" 19 184 590 1895 103 5040 80 453 60 4026 80 199627 28 4484 6174 790 80 255 85840 1179 1172635 -1 -1 0 0 0 0 8 5 9 7 7 6 3 3 4 2 0 0 0 0 0 0
"fd004dfe5aa60b5f" 21 1000 154 23748 80 28 2462 83 1749 80 199627 212 4 72 30 16887 80 166 3651 30 3623 1179 1172636 -1 -1 0 0 0 0 7 6 9 8 9 5 3 3 6 4 0 0 0 0 0 0
"c34f23dc9b71d426" 25 150 600 127 14 231 102 16520 178 19 942 60 70 80 199627 249 16520 4055 36 30 61 154 4 11572 3322 1179 1172637 -1 -1 0 0 0 0 8 9 6 8 5 8 7 3 9 6 0 0 0 0 0 0
"4c5c3f88b5676d25" 25 1267 120 208 80 212 60 72 5028 19826 80 199627 200449 154 107 3158 104 43 961 4 226 80 229 74 706 1179 1172638 -1 -1 0 0 0 0 6 6 7 7 5 7 6 3 7 5 0 0 0 0 0 0
"7d53a6548eb5a3e0" 27 4 1267 7824 83 103 2898 80 212 60 2988 80 27370 80 199627 158 4 12 5974 30 15618 80 460 60 150 911 4179 1179 1172639 -1 -1 0 0 0 0 4 5 6 5 8 7 6 6 6 7 0 0 0 0 0 0
"54f0e90d9b5550e1" 22 90 9032 80 22325 476 34463 49 30 490 80 199627 184 76 749 2441 5269 154 30 39 378 153 1179 1172640 -1 -1 0 0 0 0 5 6 8 7 6 6 7 5 7 6 0 0 0 0 0 0
"a3693b6674d9ed4e" 26 3638 3638 80 2380 61 80 344 559 184 553 80 199627 9247 509 330 629 80 222 823 102 30330 48156 49 30 2281 1179 1172641 -1 -1 0 0 0 0 5 6 8 8 5 8 6 6 7 7 0 0 0 0 0 0
"457d608cd143e999" 25 74 1539 43 5096 629 28 139 80 369 32 3274 80 199627 538 51 362 13659 80 920 1257 80 232 1618 796 1179 1172642 -1 -1 0 0 0 0 7 8 6 6 6 6 8 6 5 7 0 0 0 0 0 0
"1b2fac1d0c3f5ba3" 23 82 127 14 231 102 184 166 20 8234 80 199627 1024 4 558 112 153 14 80 279 378 299 2174 1179 1172643 -1 -1 0 0 0 0 8 6 7 7 8 6 5 5 8 7 0 0 0 0 0 0
"22256725550d3e04" 29 369 127 51 1088 44 30 1956 80 19213 245 3404 44 28 1819 80 199627 49 154 960 77 1657 80 848 229 74 2891 28 2281 1179 1172644 -1 -1 0 0 0 0 9 5 6 7 9 5 4 4 8 8 0 0 0 0 0 0
"e118a26da29d44f0" 27 28 321 290 76 749 2441 5269 80 772 30 706 80 199627 90 425 369 4438 106 102 16520 4436 1366 80 74 512 14376 1179 1172645 -1 -1 0 0 0 0 7 7 8 8 8 6 4 4 4 6 0 0 0 0 0 0
"d3895325b36b368b" 18 70 30 1547 51 129 961 80 199627 344 11 43 144959 16520 866 80 74 1547 1179 1172646 -1 -1 0 0 0 0 6 6 5 5 5 4 5 8 5 7 0 0 0 0 0 0
"5e51d3485f1d2506" 18 1267 1120 60 83 80 120 60 1895 80 199627 28 246 104 44 55641 80 5164 1179 1172647 -1 -1 0 0 0 0 5 6 7 7 7 4 5 4 6 5 0 0 0 0 0 0
"1301ecf6daaaa383" 21 1743 3511 80 102 51 1138 2117 1486 63391 80 199627 1334 227 275 102 51 4725 997 22990 25469 1179 1172648 -1 -1 0 0 0 0 9 7 8 6 7 6 9 3 5 2 0 0 0 0 0 0
"6b7a62219a70030a" 20 4 215 185 154 16520 36631 80 199627 249 4 114 808 27 14 44 30 3288 80 62548 1179 1172649 -1 -1 0 0 0 0 5 8 7 4 6 7 3 2 3 2 0 0 0 0 0 0
"deb23e10c94f3813" 20 90 16520 4055 36 788 3752 369 212 80 199627 249 16520 255 44 28 16401 80 231 12976 1179 1172650 -1 -1 0 0 0 0 8 7 5 6 7 6 3 3 7 4 0 0 0 0 0 0
"b7a492bdd7a2ae9c" 22 22325 476 34463 80 4 153 369 127 4 80 199627 456 4 415 60 80 229 234836 4 166 119 1179 1172651 -1 -1 0 0 0 0 7 5 8 6 5 6 5 4 5 3 0 0 0 0 0 0
"b372dccf183d0317" 24 234856 27423 823 80 102 51 222 997 823 518 80 199627 103 112 104 28 1447 867 80 4 153 550 33 1179 1172652 -1 -1 0 0 0 0 6 7 7 5 6 7 5 3 4 3 0 0 0 0 0 0
"4719cc12c3404d56" 35 590 212 4 72 30 16887 80 76 77 2425 80 199627 481 4 44 12685 28396 80 227 30 1138 275 80 199627 90 28 246 104 44 55641 80 231 192 1366 1179 1172653 -1 -1 0 0 0 0 9 6 6 7 7 6 8 4 5 2 0 0 0 0 0 0
"8163445e3994998b" 25 16520 987 7205 25 70 30 891 184 92 80 199627 249 184 127 286 80 859 6578 286 80 74 206 19 2364 1179 1172654 -1 -1 0 0 0 0 7 6 6 5 6 7 4 4 5 3 0 0 0 0 0 0
"455678db7513f246" 38 82 127 14 231 102 4 166 520 770 80 199627 21074 2743 2743 2743 234833 11 51 706 80 192 11 1312 80 199627 90 150 600 757 102 51 2147 4164 80 249 859 12224 1179 1172655 -1 -1 0 0 0 0 9 6 7 7 7 5 5 4 4 3 0 0 0 0 0 0
"3502c9fdeab6571d" 48 4 484 28 61 80 4 484 28 246 80 199627 249 425 173 11 51 1146 77 30 1841 80 51 840 199627 77 30 1093 861 184 2100 44 30 1299 3041 80 199627 304 80 43 4 185 80 475 817 103 1742 208 199372 1172656 -1 -1 0 0 0 0 6 5 6 4 5 3 4 4 6 3 0 0 0 0 0 0
"0bc242d7b8b68404" 22 234833 823 80 4 1267 535 150 2898 80 199627 249 16520 255 44 28 16401 80 12407 28 29 5444 1179 1172657 -1 -1 0 0 0 0 7 5 5 6 6 6 3 3 7 4 0 0 0 0 0 0
"227354c4e1118430" 23 158 4 12 212 60 2988 80 1024 344 1056 80 199627 200449 4 153 144959 43 16520 866 80 550 206 1179 1172658 -1 -1 0 0 0 0 6 6 5 4 5 4 5 3 7 4 0 0 0 0 0 0
"af1e7e3720f56fc6" 24 590 453 60 151 1274 80 74 1539 43 60 119 19 14 80 199627 90 16520 4055 36 788 4944 90 2540 1179 1172659 -1 -1 0 0 0 0 8 7 6 7 6 5 4 5 6 4 0 0 0 0 0 0
"ec97f1285ef5f825" 23 10347 49 30 9032 80 106 30 3404 80 199627 103 104 112 28 1447 867 80 166 283 527 77 60 1179 1172660 -1 -1 0 0 0 0 6 7 6 5 6 7 7 3 4 3 0 0 0 0 0 0
"25c1458fd39aa6a3" 33 28 4484 5005 823 102 51 5264 80 199627 538 51 362 13659 80 920 1257 90 13 28 14805 691 80 199627 456 4 415 60 80 4 106 30 6477 1179 1172661 -1 -1 0 0 0 0 9 8 9 8 7 5 5 4 4 3 0 0 0 0 0 0
"4fdeafd07034af16" 19 127 83 51 23748 80 107 2129 80 199627 21358 10145 80 192 12558 80 550 1743 3511 1179 1172662 -1 -1 0 0 0 0 8 5 6 4 6 7 5 4 6 3 0 0 0 0 0 0
"50b17ad82182e99a" 26 83 149 80 4593 76 19 476 34463 80 199627 184 76 749 2441 12196 80 1334 17 2891 80 192 11 120 14 20 1179 1172663 -1 -1 0 0 0 0 7 8 9 8 7 6 5 4 4 3 0 0 0 0 0 0
"31b61da2645df49f" 28 28 321 290 76 749 772 80 344 559 184 590 3003 80 199627 83 149 80 2441 5269 192 20479 80 4 215 185 16520 36631 1179 1172664 -1 -1 0 0 0 0 7 8 9 9 7 5 6 5 4 5 0 0 0 0 0 0
"7d3d5a006d6d8c92" 24 90 184 1057 275 102 222 823 80 8830 83 80 909 4300 80 199627 1138 2117 1486 72226 80 146 1110 386 1179 1172665 -1 -1 0 0 0 0 8 7 8 6 7 8 5 3 4 2 0 0 0 0 0 0
"2ad854245e7a6b14" 26 28 321 290 836 80 330 11 12 20 544 80 199627 119 4 12 208 633 80 768 11 32 1598 44 30 1877 199372 1172666 -1 -1 0 0 0 0 8 9 8 9 6 3 3 4 3 9 0 0 0 0 0 0
"1737c88be3d10a61" 21 90 173 30 345 2937 77 103 9355 80 199627 528 1409 1037 4 80 277 19 453 4 20348 1179 1172667 -1 -1 0 0 0 0 7 6 8 7 5 4 6 7 3 7 0 0 0 0 0 0
"2a40c04055292fee" 37 127 51 1088 83 28 34 80 1267 999 103 2469 80 199627 212 60 72 5028 90 34640 28 4595 80 199627 74 1539 43 60 119 19 14 80 199375 255 232 28 9763 1179 1172668 -1 -1 0 0 0 0 7 8 9 8 6 5 4 6 4 2 0 0 0 0 0 0
"c4244aba334b4a72" 21 3638 3638 80 231 987 7205 80 199627 103 104 112 28 1447 867 80 127 14 44 51 7936 1179 1172669 -1 -1 0 0 0 0 5 7 8 6 5 3 2 3 5 2 0 0 0 0 0 0
"215f4d1d2c737ab0" 26 352 11 12 20 544 80 3569 30 1035 77 30 39 80 199627 119 4 12 208 633 80 630 541 804 90 83880 199372 1172670 -1 -1 0 0 0 0 8 9 8 9 6 3 2 4 6 9 0 0 0 0 0 0
"04d61f5ff87ff69f" 26 90 1120 60 83 80 453 561 60 52471 633 80 199627 150 600 757 102 51 1503 4164 80 1503 804 70 30 10094 1179 1172671 -1 -1 0 0 0 0 6 6 7 8 5 5 5 3 4 6 0 0 0 0 0 0
"3d82d0a7e2727f31" 31 127 28 16991 90 28 246 83 28 6737 80 199627 1024 80 4 7 19 774 14 80 199627 1679 14 53 30 3288 80 475 199375 146 630 1179 1172672 -1 -1 0 0 0 0 7 6 7 6 4 6 5 5 5 3 0 0 0 0 0 0
"7aea738e1ef51d4f" 21 185 910 19 70 603 4180 332 2093 80 199627 311 42 83 297 1232 10211 44 271 3259 36821 1179 1172673 -1 -1 0 0 0 0 7 6 7 6 5 5 5 4 2 4 0 0 0 0 0 0
"a2bca46171042afe" 26 369 119 541 4 1466 77 14 80 19 30 24764 199627 3846 144 30 2591 44 28 1896 554 34378 80 231 192 544 1179 1172674 -1 -1 0 0 0 0 7 8 9 8 6 5 3 5 5 2 0 0 0 0 0 0
"f53ff9d4b248f1e1" 26 127 603 9337 600 200443 53 14 80 44 150 4223 192 5730 80 199627 229 74 161 590 632 14 408 234840 103 2651 1179 1172675 -1 -1 0 0 0 0 6 7 8 6 4 5 2 3 4 2 0 0 0 0 0 0
"72d6c1487e78404b" 22 106 102 51 1003 437 553 147 761 80 235059 30 1183 199627 276 112 234840 70 103 4300 711 490 1179 1172676 -1 -1 0 0 0 0 7 6 7 6 4 6 5 4 2 3 0 0 0 0 0 0
"f255effe0fd1c7a1" 26 1267 3464 25 30 4049 80 550 70 369 153 80 550 28 4930 199627 10918 44 28 554 21563 80 146 2911 28 9021 1179 1172677 -1 -1 0 0 0 0 6 7 8 7 5 4 3 3 2 4 0 0 0 0 0 0
"3b29e43b3b267839" 31 20 30 161 4 12 20 80 229 74 161 205122 7199 199627 11 119 150 1394 80 352 1069 382 275 36 4 80 425 173 83 51 409 1179 1172678 -1 -1 0 0 0 0 6 8 8 8 7 7 4 4 7 5 0 0 0 0 0 0
"84cba9df27a06f10" 33 184 127 30 226 1782 747 19 9771 80 127 1957 70 1460 42 199627 330 1110 386 184 127 297 14444 137868 83 80 330 11 6 283 60 80 20519 1179 1172679 -1 -1 0 0 0 0 7 9 9 8 6 6 7 3 4 4 0 0 0 0 0 0
"c0b1538681258ab5" 26 11 1183 14 245 8723 80 6 638 14 42 19 150 2203 199627 200449 4 4522 192 790 80 6 12 9317 150 2425 1179 1172680 -1 -1 0 0 0 0 7 8 8 7 6 4 5 2 8 3 0 0 0 0 0 0
"5edcb1ad1e26f89c" 21 481 83 150 170158 80 200450 4300 1138 199627 114 4 250 14 2380 28 1257 80 2346 30 1121 199372 1172681 -1 -1 0 0 0 0 8 7 9 8 6 6 8 4 8 6 0 0 0 0 0 0
"258714944d215d13" 25 352 15195 4 4355 80 4 166 13 144 382 6398 199627 249 154 711 474 848 80 344 5720 90 369 166 3380 1179 1172682 -1 -1 0 0 0 0 7 7 8 7 6 7 6 5 4 4 0 0 0 0 0 0
"bc31ef167588a3d6" 30 4 6 11 1629 14 9221 80 173 28 8948 90 28 748 199627 1112 4 114 453 14 1532 80 249 344 43 961 14 106 192 340 1179 1172683 -1 -1 0 0 0 0 9 9 8 7 7 5 6 3 7 7 0 0 0 0 0 0
"c31bd0e250866175" 35 4 13 14 425 80 102 16520 51 4638 44 150 348 80 83 30 1307 369 7691 199627 200449 369 120 603 13 30 340 14 80 929 18 19 1183 60 70 1179 1172684 -1 -1 0 0 0 0 8 7 7 7 6 6 5 4 7 6 0 0 0 0 0 0
"252d38b65327d6e8" 28 1043 44 30 2188 80 352 816 14 44 28 88224 33 80 199627 7576 19 245 1180 83 154 831 997 337 103583 80 518 1348 1179 1172685 -1 -1 0 0 0 0 7 8 7 7 5 6 4 6 7 5 0 0 0 0 0 0
"4e0703ee1660526e" 30 20 4089 36 30 1895 80 74 206 36 6763 768 1542 80 199627 33812 30 1237 80 74 622 1800 80 11 30 15729 16939 77 271 9588 1179 1172686 -1 -1 0 0 0 0 8 8 9 8 6 6 5 3 6 6 0 0 0 0 0 0
"665550dbbf40719a" 25 4 283 8227 44 28 61 80 21079 36 861 80 199627 798 1866 20 150 129 80 249 798 229 127 28 857 1179 1172687 -1 -1 0 0 0 0 9 7 7 8 5 6 4 3 7 5 0 0 0 0 0 0
"6f5dea16346e8627" 25 1818 114 1112 1208 279 80 17 53 70 80 199627 456 1334 1043 44 30 510 80 9337 600 80 344 271 15642 1179 1172688 -1 -1 0 0 0 0 7 6 8 7 6 5 5 5 6 4 0 0 0 0 0 0
"88ef43e7439524c2" 29 200450 208 6044 90 3754 66 44 30 1051 80 199627 4 153 16520 70 178 60 80 613 2597 80 150 2203 5934 80 1503 182 7536 1179 1172689 -1 -1 0 0 0 0 8 7 9 8 6 6 7 4 7 5 0 0 0 0 0 0
"ca31b001286fab6d" 31 352 816 14 44 28 88224 80 184 7293 72 44 30 554 1895 80 199627 102 51 597 80 369 42725 382 4932 80 382 1883 80 382 319 1179 1172690 -1 -1 0 0 0 0 9 8 7 8 6 6 7 2 7 5 0 0 0 0 0 0
"ec2b1b3897847660" 27 481 150 170158 83 80 1334 8986 144 30 1237 80 199627 30 1877 566 1366 80 1683 42 80 8948 80 550 987 51 2425 1179 1172691 -1 -1 0 0 0 0 9 7 9 8 6 6 7 3 7 5 0 0 0 0 0 0
"40e271fb743b2af6" 36 21748 30 8447 1545 77 271 9468 80 184 3821 19 32 52215 80 199627 249 1080 19 2952 2526 80 200449 456 60 263 9247 80 4 1267 6539 768 860 146 20 52215 1179 1172692 -1 -1 0 0 0 0 7 6 8 7 5 5 5 5 6 5 0 0 0 0 0 0
"c61d8bff70c7e51e" 34 369 1057 90 222 25 30 4049 80 344 28 20616 80 28 139 77 275 80 199627 860 283 8226 44 28 61 80 36 382 80 352 378 453 97 6590 1179 1172693 -1 -1 0 0 0 0 9 8 9 7 8 7 7 2 8 6 0 0 0 0 0 0
"90d6dcfec935629e" 34 369 404 541 4 1466 80 249 4 808 2143 80 10525 386 457 154 27130 36 199372 10525 199627 1629 14 9221 80 550 36 4 80 249 28 235060 17 6119 1179 1172694 -1 -1 0 0 0 0 8 7 7 6 6 5 3 1 4 4 0 0 0 0 0 0
"b7dcd670d0f814b1" 32 807 15195 4 4355 80 6 1028 382 1394 80 6 46 382 11456 80 199627 6 120 382 453 150 4223 1100 5730 80 1037 807 144 49 382 436 1179 1172695 -1 -1 0 0 0 0 8 9 8 7 8 4 3 1 5 5 0 0 0 0 0 0
"1c6876864c4645a1" 34 369 4436 1018 88 80 249 369 232 83 3846 80 229 2891 36 74 1548 80 199627 1180 5795 76 408 154 62746 831 997 337 103583 80 550 70 60 1357 1179 1172696 -1 -1 0 0 0 0 9 8 10 7 8 6 6 3 7 6 0 0 0 0 0 0
"9a0899c62ba16a63" 44 369 251 4 19 453 28 1895 234831 80 17675 80 453 770 629 1366 80 199627 4899 90 6487 80 3470 406 30 31623 139 80 102 551 74 2628 80 276 49 14 80 231 70 103 711 80 271 5002 199372 1172697 -1 -1 0 0 0 0 10 9 9 8 9 7 6 4 8 7 0 0 0 0 0 0
"8e3ace61e974e37b" 36 1183 14 8723 80 120 14 3756 80 199627 184 1740 42 83 297 1829 37770 80 199627 330 443 13 43 330 12 13 80 199627 249 369 120 1957 13 30 340 14 1179 1172698 -1 -1 0 0 0 0 9 9 9 9 8 8 4 4 8 6 0 0 0 0 0 0
"c9d4ebb7231ebbf0" 24 425 330 4438 13 14 80 199627 154 234898 192 1784 474 848 80 199627 166 637 1782 14 80 16520 227 4022 1179 1172699 -1 -1 0 0 0 0 9 8 9 8 7 8 4 3 5 6 0 0 0 0 0 0
"14ade5b5d5943c6a" 28 761 229 74 2223 1237 80 199627 16520 102 51 4638 25967 44 150 348 80 199627 90 551 279 4 114 185 19 453 14 1746 1179 1172700 -1 -1 0 0 0 0 9 7 9 8 7 8 3 2 4 5 0 0 0 0 0 0
"86a9fe774503b56f" 31 369 32 2278 80 227 25 30 4049 80 199627 16520 51 597 42 44 150 4454 80 199627 352 1069 382 70 36 4 80 9914 70 271 12239 1179 1172701 -1 -1 0 0 0 0 9 8 8 8 7 8 5 2 8 6 0 0 0 0 0 0
"21905807260cb0e0" 28 1112 1818 1208 279 80 11 1568 80 199627 866 30 510 80 369 32 544 80 199627 166 637 1782 14 80 16520 227 49 23862 1179 1172702 -1 -1 0 0 0 0 8 7 8 7 7 8 4 3 4 5 0 0 0 0 0 0
"c1c630be3219d90e" 29 119 150 1394 80 453 150 656 80 199627 199375 460 4 541 4 3621 90 511 80 199627 10716 44 30 34378 80 279 184 166 3652 1179 1172703 -1 -1 0 0 0 0 9 8 9 8 8 7 5 3 6 6 0 0 0 0 0 0
"af301e70579bc844" 21 369 4436 61 88 80 344 28 8948 80 199627 74 1539 43 80 798 961 14 1532 44 54419 1179 1172704 -1 -1 0 0 0 0 10 9 8 7 8 6 6 2 8 7 0 0 0 0 0 0
"9ffdf5ba64b7b393" 36 114 4 11706 14 80 460 14 150 1741 80 199627 184 596 18891 1344 80 297 1829 10211 166 2718 80 199627 102 51 103583 80 184 22968 271 128 80 453 51 41 1179 1172705 -1 -1 0 0 0 0 9 8 9 8 7 7 7 3 5 6 0 0 0 0 0 0
"ff83b3d9f6ffae7b" 33 807 15195 4 4355 80 32521 80 1629 76 80 199627 28 234826 5062 80 4485 83 3419 80 199627 90 150 2202 4223 80 129 330 332 5730 80 74 5430 1179 1172706 -1 -1 0 0 0 0 8 9 8 6 7 5 3 1 4 4 0 0 0 0 0 0
"06fbe213c75414c6" 39 425 4 4438 13 14 80 68 144 70 103 2602 80 199627 249 16520 808 1718 80 425 16520 231 192 1366 80 199627 4 4522 192 790 80 74 9953 77 4275 114 453 4 7547 1179 1172707 -1 -1 0 0 0 0 9 8 9 8 8 7 5 3 6 7 0 0 0 0 0 0
"98af2be50eef0304" 38 369 232 83 1618 80 6 1539 43 2287 28 139 80 199627 184 127 30 1877 13491 80 231 192 1366 80 199627 60 114 283 3257 80 60 114 283 510 80 249 184 3177 1179 1172708 -1 -1 0 0 0 0 8 8 9 8 8 7 4 3 5 3 0 0 0 0 0 0
"c616502edc1cbf80" 37 11 20 518 4 12 20 80 6 1623 80 199627 1183 14 61 90 8723 80 344 70 369 7 80 199627 297 1214 2348 1895 28 5040 80 249 330 229 83 28 1849 1179 1172709 -1 -1 0 0 0 0 7 8 7 8 7 6 5 2 4 2 0 0 0 0 0 0
"caab22cfca874e0d" 34 70 297 908 8447 866 1902 9468 80 199627 330 1394 406 80 277 19 27 51 139 80 199627 249 49 103 554 21563 80 369 453 28 29 359 90 17017 1179 1172710 -1 -1 0 0 0 0 8 7 7 7 7 5 5 2 3 3 0 0 0 0 0 0
"74f650f7ad8e20e2" 34 761 16520 154 1003 437 553 147 80 199627 352 816 456 16520 44 51 88224 80 344 30 706 3262 80 199627 184 1740 42 83 297 10211 80 3558 8 8432 1179 1172711 -1 -1 0 0 0 0 9 8 8 8 7 9 2 2 3 2 0 0 0 0 0 0
"cac24dab350febe0" 33 330 235041 43 154 27130 104 36 80 199627 192 4 153 16520 70 178 154 82 80 344 36 561 80 199627 2844 32060 42 80 4478 10013 19 30 1307 1179 1172712 -1 -1 0 0 0 0 8 7 8 8 7 4 4 7 3 6 0 0 0 0 0 0
"2487efee41e2a3b9" 26 297 290 255 11910 83 43 369 484 80 199627 120 14 212 4 83 51 3162 80 13 30 39 80 229 60 15093 1179 1172713 -1 -1 0 0 0 0 7 8 7 6 6 5 5 6 3 4 0 0 0 0 0 0
"924574bd7b338bd4" 29 127 51 16042 1883 80 475 184 114 119 271 1146 80 199627 291 290 255 5960 711 80 4180 590 1081 80 344 11 559 330 6623 1179 1172714 -1 -1 0 0 0 0 7 6 7 6 6 4 3 2 3 4 0 0 0 0 0 0
"2a3d99622a336ca9" 31 330 152 19 212 60 76 83 14 80 249 369 11 19459 60 72 80 199627 70 28 1214 235061 235062 80 184 6 7 603 2110 74 511 1179 1172715 -1 -1 0 0 0 0 6 7 6 6 5 4 3 3 2 3 0 0 0 0 0 0
"abf7100623715308" 27 16520 30 161 518 418 51 906 44 30 1121 80 344 474 80 199627 352 2182 352 816 28 490 80 28 2971 192 6392 1179 1172716 -1 -1 0 0 0 0 9 8 8 7 6 6 3 2 3 4 0 0 0 0 0 0
"24bb36170de11a3b" 32 369 22 212 150 5158 17734 97 512 80 550 206 19 20042 80 199627 173 1617 89 49 150 1818 80 120 14 96 28 185 80 453 28 128 1179 1172717 -1 -1 0 0 0 0 7 8 8 8 6 5 5 7 5 6 0 0 0 0 0 0
"ed429bbccb2183d1" 21 184 603 3341 63 80 3505 83 30 1349 80 199627 90 184 234884 154 4181 80 227 275 15093 1179 1172718 -1 -1 0 0 0 0 6 6 5 5 5 5 3 3 2 3 0 0 0 0 0 0
"b75f6fa8b87ca059" 41 199375 1183 4 276 30 9185 80 74 7 19 3610 80 199627 369 1740 76 28 4274 80 4928 408 30 2489 80 199627 249 4 71 146 293 28 646 80 768 860 106 28 11640 629 691 1179 1172719 -1 -1 0 0 0 0 9 8 7 6 7 6 6 3 4 2 0 0 0 0 0 0
"8e6331b1e40214a8" 27 184 30 40195 379 80 184 6 7 74 3143 80 199627 456 184 216 30 3025 80 70 330 114 185 104 235062 44 18212 1179 1172720 -1 -1 0 0 0 0 9 8 8 8 7 6 3 2 3 3 0 0 0 0 0 0
"cad4ecb6d99c64f1" 31 739 352 195 6091 24 19 382 831 129 80 43 51 3428 80 199627 39072 408 30 1877 80 369 11 12 9289 4 80 6 436 154 706 1179 1172721 -1 -1 0 0 0 0 8 7 7 6 6 5 5 8 4 6 0 0 0 0 0 0
"af6f87b379b24978" 47 114 4 421 60 35 80 154 2651 350 80 184 166 3651 80 199627 49 30 57683 44 271 1995 80 184 5002 19 30 3455 80 184 166 928 80 199627 90 344 1514 1767 2144 80 206609 1749 80 1767 127 30 6874 1179 1172722 -1 -1 0 0 0 0 9 8 9 8 7 6 3 3 4 2 0 0 0 0 0 0
"62bf508edaca39af" 44 4 166 2481 30 54674 77 28 246 158 4 630 80 199627 158 4 212 150 61 849 408 14 80 199375 20 15282 80 199627 90 70 344 163 104 14 90 28 21113 2344 80 74 161 1499 19 14472 1179 1172723 -1 -1 0 0 0 0 6 7 6 8 7 3 2 4 6 7 0 0 0 0 0 0
"d2d40ee5da12b8d9" 32 199375 1062 76 28 2999 36 4 80 1024 199627 859 20 2990 60 42 44 30 4233 60708 80 234965 11495 234983 271 6310 76 83 1231 1232 102 27472 1179 1172724 -1 -1 0 0 0 0 8 9 7 6 4 4 9 5 2 8 0 0 0 0 0 0
"07c54aeb86635c1e" 25 2505 26366 90 79 1829 997 2091 379 80 199627 2167 127 271 29 721 80 15405 2353 788 621 80 229 234836 15505 1179 1172725 -1 -1 0 0 0 0 7 6 6 8 7 4 2 3 4 5 0 0 0 0 0 0
"faadf7c3d8b12b03" 26 16520 89 36 1750 80 2844 154 4478 234884 42 199627 229 74 5124 19 43 184 114 119 80 15405 5269 43284 997 632 1179 1172726 -1 -1 0 0 0 0 7 7 9 7 6 6 2 2 7 6 0 0 0 0 0 0
"1395358cdf5eaa3f" 27 28 234833 68 192 9473 80 199627 249 456 16520 17674 49 28 3120 38496 80 106 102 369 114 2118 28 962 90 20 544 1179 1172727 -1 -1 0 0 0 0 6 4 4 5 6 7 6 7 7 6 0 0 0 0 0 0
"fbf28b1badb378b2" 25 28 600 96 11337 71 861 80 199627 249 425 16520 2990 6947 997 544 80 1269 1167 544 408 70 30 39189 857 1179 1172728 -1 -1 0 0 0 0 4 3 3 4 7 4 3 5 6 7 0 0 0 0 0 0
"92f39218542bac32" 34 369 153 173 234999 80 369 229 154 10111 199627 90 369 153 36 51 6183 80 30 151 1146 369 12 13 104 234964 554 6302 80 11 15405 14 106 3696 1179 1172729 -1 -1 0 0 0 0 4 2 3 6 3 5 4 8 3 6 0 0 0 0 0 0
"add1174f15df1f13" 24 369 12 216 4 80 11 19 13 43 59 119 199627 215 11 96 19 2651 424 2091 80 102 16520 34201 1179 1172730 -1 -1 0 0 0 0 6 7 5 7 7 8 3 2 4 2 0 0 0 0 0 0
"a3ac56db0817f562" 27 352 816 30 139 369 8912 80 352 166 283 527 199627 166 563 3380 80 1767 2144 509 470 80 166 4758 28 29 4214 1179 1172731 -1 -1 0 0 0 0 8 7 9 6 5 3 9 5 6 4 0 0 0 0 0 0
"513c6c1fb388e911" 36 30 15012 77 28 1657 80 4 166 563 11703 199627 518 418 51 906 44 30 1121 199372 239 4 229 563 7 14 80 369 22 563 3381 456 4 293 28 646 1179 1172732 -1 -1 0 0 0 0 7 6 4 6 5 6 2 3 2 7 0 0 0 0 0 0
"c3e0848e2799d32b" 29 114 4 421 30 128 77 3791 454 199627 249 456 16520 1777 49 28 3120 38496 80 369 114 4438 2118 28 962 80 74 511 33924 1179 1172733 -1 -1 0 0 0 0 7 5 8 6 4 3 4 6 7 6 0 0 0 0 0 0
"7125512bfbc0a600" 34 184 566 30 40195 379 80 229 74 161 1499 102 770 199627 90 456 4 7 19 120 60 76 90 20 739 80 11 629 19 14 90 120 1625 17736 1179 1172734 -1 -1 0 0 0 0 6 5 6 8 7 4 6 3 3 7 0 0 0 0 0 0
"9b45ada7e0737ad4" 39 369 739 352 195 24 19 382 831 129 80 998 19 436 14 102 51 5854 199627 249 199375 1183 4 276 499 80 11 102 245 10188 2091 1214 5960 711 80 11907 966 192 1588 1179 1172735 -1 -1 0 0 0 0 6 7 7 5 7 4 3 7 2 3 0 0 0 0 0 0
"5d662a94bf88214e" 28 158 4 2934 76 83 14 80 102 184 146 1348 1231 2674 1663 199627 11 161 511 206 80 185 2241 90 1629 14 35 1050 1179 1172736 -1 -1 0 0 0 0 5 4 5 6 6 4 4 2 7 6 0 0 0 0 0 0
"65ece23f97c0a04c" 18 3120 38496 127 14 235063 80 199627 1777 49 88 200449 798 30 20341 44 30 10979 1179 1172737 -1 -1 0 0 0 0 7 5 8 5 4 3 2 2 3 2 0 0 0 0 0 0
"a32b78520f7effa5" 18 26366 6 1539 80 184 83 271 139 80 199627 184 658 20 3505 44 234913 19745 1179 1172738 -1 -1 0 0 0 0 5 6 7 8 7 4 6 3 3 2 0 0 0 0 0 0
"7499e58512cf0c3d" 22 11910 83 43 369 127 80 249 369 229 15342 80 199627 234842 76 28 22643 80 747 36 234944 3553 1179 1172739 -1 -1 0 0 0 0 8 6 7 7 6 2 1 5 2 2 0 0 0 0 0 0
"86e75aa8fc419f13" 28 1015 30 1697 19 638 24 80 6 120 60 507 80 199627 369 11 12 153 80 119 4 7 43 369 7 44 103 1183 199372 1172740 -1 -1 0 0 0 0 5 7 6 8 7 3 4 2 5 4 0 0 0 0 0 0
"77c77ead599b3118" 21 28 600 2139 51 16749 77 51 71 206 80 199627 550 192 5730 80 961 14 251 19 3714 1179 1172741 -1 -1 0 0 0 0 8 6 8 7 7 2 3 3 8 4 0 0 0 0 0 0
"9be0408193dbc257" 24 590 3609 866 107 208011 453 382 208 510 80 199627 352 102 30 139 369 50208 80 961 382 5626 90 3755 1179 1172742 -1 -1 0 0 0 0 7 7 7 8 7 1 8 1 6 1 0 0 0 0 0 0
"e4be7ae4e4066f69" 25 407 42 408 30 2466 80 127 60 76 30 8523 80 199627 369 12 216 4 11 19 13 158 4 51 38376 1179 1172743 -1 -1 0 0 0 0 6 7 8 6 6 1 2 3 3 2 0 0 0 0 0 0
"27fb2f8dc5a8f8ea" 25 184 603 3341 63 80 2990 83 30 11439 80 199627 249 369 1267 9289 4 80 16520 30 161 4 6 12 5498 1179 1172744 -1 -1 0 0 0 0 7 6 8 6 5 1 2 4 5 2 0 0 0 0 0 0
"94215a0f37011ed2" 27 127 770 51 16042 80 590 96 245 896 80 199627 1015 14 43 4 2843 83 80 915 80 6 20 4760 80 629 14170 1179 1172745 -1 -1 0 0 0 0 7 8 9 8 7 1 6 2 6 3 0 0 0 0 0 0
"56ed9084b86f6851" 21 212 24 70 150 4355 90 17734 80 199627 16774 30 21113 2344 80 200449 4 229 2844 51 235064 1179 1172746 -1 -1 0 0 0 0 9 6 7 7 6 3 1 3 2 2 0 0 0 0 0 0
"070fece5040035f7" 23 184 30 10834 1981 80 229 74 1566 80 199627 249 4 232 150 3235 809 456 4 89 49 103 8672 1179 1172747 -1 -1 0 0 0 0 8 7 7 8 6 3 9 1 2 1 0 0 0 0 0 0
"2943ed9f06230f12" 32 4 68 14125 70 150 4355 80 425 550 206 19 92 30 1180 80 199627 590 2651 424 2091 102 16520 34201 80 229 74 3569 80 860 942 60 1179 1172748 -1 -1 0 0 0 0 9 8 5 6 6 2 1 6 3 4 0 0 0 0 0 0
"743c0688ed8887c1" 24 16520 89 36 1750 80 229 74 6276 80 199627 90 158 4 2179 14 80 199375 2651 424 2091 80 74 18546 1179 1172749 -1 -1 0 0 0 0 8 8 7 6 6 1 1 3 2 4 0 0 0 0 0 0
"111fadb305d9afd5" 22 11 185 2241 80 90 30 151 1146 83 28 34 80 199627 104 14144 7064 49 51 554 4325 7758 1179 1172750 -1 -1 0 0 0 0 7 6 6 7 6 1 2 1 5 3 0 0 0 0 0 0
"9b3fd882b2fdadcc" 28 28 600 974 51 71 621 80 74 511 6763 19 1532 80 199627 120 14 212 4 83 51 3610 49 74 1542 80 859 4300 1179 1172751 -1 -1 0 0 0 0 8 6 8 7 7 2 3 1 9 4 0 0 0 0 0 0
"cc7c1276ab6432a6" 21 859 120 30 6842 208 80 1629 30 1160 6132 80 199627 90 271 61 378 2360 28 234826 11132 1179 1172752 -1 -1 0 0 0 0 7 6 8 7 6 1 3 3 7 2 0 0 0 0 0 0
"caabc094aeb4a881" 21 4 127 30 474 19 119 43 4 251 7420 80 199627 90 1140 43693 14 36 234983 4 3569 1179 1172753 -1 -1 0 0 0 0 10 9 8 8 7 4 5 3 5 4 0 0 0 0 0 0
"b924fae7097bee80" 27 859 4593 60 76 112 2283 80 36 70 19 421 80 199627 285 4 153 4 127 51 1022 44 28 246 80 28 2600 1179 1172754 -1 -1 0 0 0 0 9 8 9 9 8 6 5 3 7 6 0 0 0 0 0 0
"f26da16a035d09f6" 22 369 166 120 208 80 4 127 14 231 1366 80 199627 1015 14 369 391 1030 788 9018 4 3292 1179 1172755 -1 -1 0 0 0 0 8 9 8 8 7 7 5 4 8 7 0 0 0 0 0 0
"d0be1fbba48b9b03" 24 6 2364 150 206 80 1058 150 1741 90 150 6763 80 199627 199375 212 70 150 908 80 16615 70 150 1542 1179 1172756 -1 -1 0 0 0 0 8 7 7 7 8 5 4 3 5 4 0 0 0 0 0 0
"6d93cd1a8b5c0b4c" 21 16520 5695 42 102 51 62305 80 6119 1749 80 199627 90 541 104 3034 150 646 80 550 25576 2743 1172757 -1 -1 0 0 0 0 9 8 9 7 7 6 5 3 6 6 0 0 0 0 0 0
"185d17585d3a09e2" 22 74190 80 369 1267 490 80 16520 44 28 4225 80 199627 291 283 72 28 867 80 550 28 5444 1179 1172758 -1 -1 0 0 0 0 8 9 7 5 6 6 4 4 5 5 0 0 0 0 0 0
"4248fa72bcdc8575" 24 369 146 2175 24 80 1165 70 30 14757 90 564 80 199627 4 11 44 30 4075 102 51 1218 831 129 1179 1172759 -1 -1 0 0 0 0 9 7 8 6 6 6 4 4 5 5 0 0 0 0 0 0
"d57d34cfd87741df" 23 60 1483 108 227 103 3757 80 51 235065 5164 80 199627 4 390 369 460 51 2505 178 245 235066 4537 1179 1172760 -1 -1 0 0 0 0 8 8 7 5 6 6 4 6 6 5 0 0 0 0 0 0
"7979d969a5712dcc" 22 369 11 12 2369 51 108 1742 761 80 199627 330 390 330 422 154 275 80 249 330 229 474 1179 1172761 -1 -1 0 0 0 0 8 6 6 6 5 6 5 4 5 4 0 0 0 0 0 0
"d3fb9a5cb55884e6" 22 14142 3054 80 1267 232 154 108 39164 83 8609 80 199627 6792 453 891 1082 83 80 184 166 3380 1179 1172762 -1 -1 0 0 0 0 7 7 8 6 5 5 3 4 5 4 0 0 0 0 0 0
"cf73a0018dc9feb1" 34 276 590 638 88 24 83 79 3162 199372 199627 120 14 3582 150 1238 36 51 2842 80 74 8723 199627 537 4 127 14 1786 891 369 146 1425 80 1063 1179 1172763 -1 -1 0 0 0 0 7 6 6 6 4 4 5 8 5 5 0 0 0 0 0 0
"36c126cae4f414db" 21 369 6 2718 80 424 997 43 4 185 199372 199627 566 4 51 8854 5149 199372 566 4 2762 199372 1172764 -1 -1 0 0 0 0 7 1 1 5 4 5 3 6 5 6 0 0 0 0 0 0
"cac532fa539defcd" 32 6 1636 6921 36 28 1741 80 1058 2645 199627 114 4 106 30 4869 80 83 30 1394 1307 199372 199627 1767 279 249 28608 80 1267 606 30 2200 1179 1172765 -1 -1 0 0 0 0 6 7 6 6 4 5 4 5 6 4 0 0 0 0 0 0
"c169be74d97a17c9" 20 725 1364 44 150 1895 19 30 5213 80 199627 860 20 13553 89 80 74 161 114 1058 1179 1172766 -1 -1 0 0 0 0 4 2 4 7 5 6 6 5 7 8 0 0 0 0 0 0
"9b77233e8d6598a6" 22 38393 80 475 16520 408 90 70 154 199627 4 232 574 28 646 80 1873 72 30 41990 997 8132 1179 1172767 -1 -1 0 0 0 0 7 6 7 5 5 6 6 3 5 4 0 0 0 0 0 0
"3551de12e49098e0" 21 590 4557 83 4 80 6 563 824 199627 344 43 8263 456 4 127 74 348 349 80 17020 1179 1172768 -1 -1 0 0 0 0 2 4 5 7 6 8 2 7 2 6 0 0 0 0 0 0
"78c931538893be1d" 19 26315 492 30 2651 80 596 1348 199627 28 63 76573 603 525 80 43 4 590 119 199372 1172769 -1 -1 0 0 0 0 10 10 10 8 9 6 3 3 2 2 0 0 0 0 0 0
"0d42513031f1d79d" 24 4 596 153 559 184 283 89 80 74 3757 199627 249 120 14 1183 4 559 51 340 4326 34515 79 14870 1179 1172770 -1 -1 0 0 0 0 8 9 7 8 7 8 5 4 7 6 0 0 0 0 0 0
"c4bbb2c7ff8096f7" 28 16520 255 3723 154 108 711 80 74 31377 199627 249 369 12 2369 51 1132 1742 80 17 11 2645 90 1745 80 3617 30 22904 1179 1172771 -1 -1 0 0 0 0 6 7 6 6 8 7 6 4 3 3 0 0 0 0 0 0
"1ba448e6fce830f7" 16 541 369 119 80 1267 119 60 340 2283 199627 13376 38393 80 16520 1331 1179 1172772 -1 -1 0 0 0 0 9 7 8 7 7 2 3 6 4 7 0 0 0 0 0 0
"f7e7cf481cf7fc26" 22 229 127 74 4911 80 74 348 349 199627 28 63 76573 603 525 80 212 70 150 5730 908 6088 1179 1172773 -1 -1 0 0 0 0 3 5 6 7 6 8 2 7 2 6 0 0 0 0 0 0
"b4d127b7de66df81" 30 3722 83 154 12073 80 231 102 51 21820 80 6824 199627 4 153 4 638 51 3158 2127 44 28 246 80 90 344 386 859 146 840 1179 1172774 -1 -1 0 0 0 0 6 8 7 7 7 3 4 6 8 3 0 0 0 0 0 0
"e25f2673f7a7cca1" 20 51 4815 49 3830 80 184 3824 72 30 5038 80 199627 234968 1886 90 184 61 30 923 1179 1172775 -1 -1 0 0 0 0 5 7 7 8 5 5 5 7 4 8 0 0 0 0 0 0
"f21ea08c49446471" 27 725 1364 44 28 1895 80 74 4932 36 51 26209 80 199627 234901 83 154 3054 80 255 127 51 108 39164 36 271 186571 1179 1172776 -1 -1 0 0 0 0 6 7 8 6 7 4 3 7 3 6 0 0 0 0 0 0
"9d1376a5badfaa94" 23 369 12 2369 150 3012 102 51 6450 80 7420 80 199627 4 234999 89 80 11 120 14 1803 30 838 1179 1172777 -1 -1 0 0 0 0 8 8 7 6 6 3 5 6 8 3 0 0 0 0 0 0
"2db503c08584830f" 23 2501 10292 80 11 102 51 47290 80 199627 425 330 12 283 606 80 2348 212 51 8882 77 28 24651 1179 1172778 -1 -1 0 0 0 0 4 6 5 7 5 6 4 5 2 8 0 0 0 0 0 0
"87cbd7fb32b1b0da" 24 369 166 1207 103 5985 80 550 174 6392 80 199627 234962 153 103 104 559 184 553 80 184 119 60 474 1179 1172779 -1 -1 0 0 0 0 7 7 6 6 7 4 2 5 3 6 0 0 0 0 0 0
"cd36cc5d2d0681f9" 28 4 234972 89 80 120 14 250 4 6881 150 34 80 199627 4 153 4 127 30 474 19 119 1750 4 102 19 80 3662 1179 1172780 -1 -1 0 0 0 0 8 9 7 6 6 3 5 5 8 3 0 0 0 0 0 0
"9440a3c0a0aca7b4" 27 369 13915 70 30 14757 80 425 1629 14 4522 80 199627 537 80 4 453 14 510 80 11 453 14 12 185 51 224 1179 1172781 -1 -1 0 0 0 0 7 8 8 6 7 4 3 3 5 5 0 0 0 0 0 0
"41d32af129d0a46c" 28 16520 749 19 212 451 80 291 80 24 42 72 28 2662 80 199627 184 127 192 234 5571 80 234845 770 9538 408 30 24 1179 1172782 -1 -1 0 0 0 0 9 8 9 7 8 5 2 4 2 6 0 0 0 0 0 0
"a1ae6c42dfb89c27" 19 6792 80 2241 80 154 6131 44 30 1051 80 199627 101351 101352 101353 80 13083 271 1663 1179 1172783 -1 -1 0 0 0 0 7 6 9 8 7 5 6 3 4 3 0 0 0 0 0 0
"7cb034247feae860" 21 4 390 369 460 51 1330 178 51 6328 80 199627 352 11 12 20 4300 80 22721 90 27256 1179 1172784 -1 -1 0 0 0 0 7 6 7 8 6 6 9 5 6 5 0 0 0 0 0 0
"fda8d0f8ed1a39ed" 29 90 3886 44 28 1851 80 1015 14 16520 1030 51 1088 3069 80 199627 90 120 30 1237 3609 849 80 859 20 227 44 30 1650 1179 1172785 -1 -1 0 0 0 0 8 7 8 8 7 6 7 6 9 7 0 0 0 0 0 0