"6cf7e27733996911" 187339 62538
"4bc8f215194ed7fc" 47755 164216
"3ee047b56b63acbd" 174838 150528 77748
"76e9992b3e9feba2" 120741 78428 180357
"56f1c5a44453d94f" 65149 45151
"733469254a2fd3aa" 48 37722
"d3f5830de3ad6cd1" 73530 34273 148093
"6f9d08e535642cd9" 52016 6937
"bafe944fefc05117" 115946 20444
"869e33bec0be1672" 13921 49870
"1cba4e8fc3267f05" 60325 161711 180712
"7c8e50969afe1140" 181929 35973
"4d7b75c2847877c6" 55714 174970 81767
"c745f031388a1b31" 9261 44934
"27e59d7905e7d5b3" 72481 125464
"bb0bec16ebdd615c" 56280 24406
"af7560ed6382c057" 176351 182691 35699
"12e07fae62f72f77" 9273 60815
"648b129d917370e4" 62538 46503 143720
"7c9054c9f109c6e8" 155144 176351 182691
"7fe8cc250aeecd70" 84836 37722 125464
"f79869254a2fd3aa" 48 55714
"7a764e375d0ffdcd" 56280 24406 143720
"8c6f8b3aefca73f8" 78428 161711
"8b2212f1b6864f2d" 78352 174838 13921
"4777b44fefc05117" 115946 120741
"c4e634dd551d7559" 182241 54345 35973
"c5ad6ddfacfbbb3f" 46503 77748
"d13939de1d914e6b" 180357 161711
"6cae7468d1f09740" 60815 24406
"efee88f4ff8726ce" 9273 78428 143720
"edd73a0dbcc5da02" 52016 9261 20444
"baa5c5a44453d94f" 65149 60325
"563e62519eafb61a" 187339 174970 81767
"16936959faf454d1" 181929 35973 44934
"27dfbab87c1bcad6" 150528 77748 180357
"cb0689254a2fd3aa" 48 176351
"028a009e01ac527c" 47755 78428 143720
"c902df6f0f2b7441" 78352 45151
"0387043aa0baf3f5" 54345 49870
"3fafdd79c9f811ad" 13921 120741 150528
"98d4877363baef31" 174970 44934 180712
"ce4d2fa4dd375c62" 62538 55714 60815
"1c246458681b29cb" 73530 46503 35699
"48462f0a7f72dba5" 174838 6937
"f073bf42275aa0ea" 182241 9273 125464
"958a36196945f253" 127085 5155
"935acf742026ec76" 48907 81789
"e1f3b18c4d73b32a" 81303 86342
"b2f59e18389fbbb9" 37244 118084 125202
"3ac4e9608033c2fa" 172458 182036
"086040a0af8a5af5" 62477 118084 64558
"b0e68bf7ca31a49e" 23045 75549
"970a2381c2e047e7" 94406 46974
"cf717d1c83cc8a4a" 124585 118084 48814
"2c5fd34a9eb1c1f6" 88720 22277
"3f488a84f4272a24" 92093 60845
"8222cdda6a129141" 304 65439 22748
"dc2794a1aae93651" 44860 107604
"13ce8c69228309ec" 165133 19716 48159
"558051efc4d1b5f0" 126414 78834
"f7f38bca58a97ed8" 133768 810
"99116a4a4032380d" 81569 61375
"efcae88c6f68562b" 144036 116649 175388
"6db131954ca2e617" 186684 43869
"40167d7ed797c46e" 121524 48814 67601
"44a8d28c58803bf9" 97750 70521
"5de5c11de73752af" 121524 118084
"bafbfdaf1524c647" 48814 43869 48907
"205bc473a7de87e2" 129436 116649
"56191efce30ea943" 165133 65439 121524
"53e7c356bf2ca2e6" 118084 127085 61375
"ed14a4afa41aa5c5" 86342 172458 92093
"6b1fa7d6a215dc8e" 19716 75549 88720
"a56a71971406a465" 37244 186684 124585
"3ee972287c1e9a44" 70521 67601
"00039bf7ca31a49e" 23045 125202
"6511fc106a5be1f4" 78834 48159
"f27b318d968aca29" 46974 22748
"d49147bd795c3914" 64558 5155 65439
"5e65280684033580" 810 97750
"2880aa523e7bc50a" 94406 175388 81303
"d810b7c8bf485fa4" 61375 60845
"5af06faee92bd00c" 78834 37244 126414
"b9bb12c4ea4e851e" 144702 133768
"682c84a1aae93651" 44860 62477
"edcb024fa0233b9f" 67601 107604
"cc04280684033580" 810 92093
"789a4ed1d404eadc" 175388 48814
"1538692b3eda8965" 129436 86342 46974
"abe162b0d0fef9ef" 61375 75549 81569
"ce7363523bb87520" 126414 23045 144036
"16b33ac6d24497d4" 87000 53756
"bed2d74f59c81735" 171327 30856 104739
"6654f39beef93204" 167450 82471
"84a4d5c1f0996d24" 70245 183930
"0c97d56768ca0b32" 111218 89485 19020
"853f535e11f4e00d" 118165 132233 75901
"3ec9da162b192e38" 128887 67243
"169af0b42eebd411" 183930 166210
"1174c23b0848baec" 19020 13512
"f3d6e86e9d7d6a7f" 123646 50493 107375
"3888f686a8452042" 4996 114786
"202ad5308f1dbcac" 72818 69866 107413
"bf2eb9134bce8d01" 183861 117149
"9768fb59d1661cec" 121695 152441
"997c4ae73692968a" 180444 106083 179917
"1eb14594dd24c085" 75135 23873
"f0838a421c4fdf9d" 126760 128922
"18aaf7ae1fcb46d0" 45334 18806
"11195d12a53b1515" 116455 53756 75901
"89e3cb79bfe73b7b" 111218 123646 82471
"df26c40f01472dcd" 132233 50493 69866
"473a9ccfb3d0216e" 78085 67243 107375
"2ea2eb23bc37c507" 4996 13512 179917
"38857896234e3002" 183861 106083 18806
"09f771b73a68f6cf" 117149 126760 128922
"18c8049beef93204" 167450 166210
"798acd9537202825" 30856 104739 75135
"7260f7d53b12ee25" 171327 183930 107413
"67b89514388241b1" 111218 78085 69866
"14a9895c29460bd8" 118165 117149 114786
"35acef46bc4a6b17" 123646 4996 126760
"7a69951207967111" 116455 89485 18806
"fe2e7a426559013d" 128887 13512 54255
"463eb7b1882803f6" 142071 121695 152441
"7a07018721388108" 3599 70245 45334
"653d5959d4391e26" 19020 106083 128922
"b45ace0d35b43273" 72818 183861 133455
"a8474e47117e5396" 137706 114786 179917
"d5e653fe52def1fc" 87000 82471 23873
"eef34eeb5fb7431d" 75135 117149 107413
"e77da5a60df5167d" 132233 69866 114786
"a1a78eb479c04066" 116455 107375 54255
"43998219bbbe7702" 30856 70245 166210
"6e2a75e3f8155a6d" 72818 152441 18806
"8bdbe81acd679eab" 167450 123646 121695
"dc50c873e6d90f9e" 128887 111218 67243
"990c6ee6381d9244" 118165 50493 128922
"77efdb53b66947c9" 103990 34852 78644
"dea4ad9b339e0476" 28056 173728 108460
"6e0bd4cbb95f1298" 181853 156544
"2c59a0cbf804daf7" 45426 176263 87580
"41306ba04b4c6c1d" 94729 162068 92630
"0d9cc079393158b8" 177165 138874
"2a92fd4b7ef6a1b1" 27594 49910 75905
"1145e6ea5718308c" 76918 5926
"6ddc5e5bf559aef1" 132284 18397
"93891312458af2c5" 94454 147765 127001
"25f2f3ca8720374f" 184616 62685
"7ccaa8c98dbdf2d2" 88850 86768
"6ecc7378643defe9" 48837 178232
"db4b0688005bda06" 39925 137769 129890
"5630520e21a4a212" 113960 118000
"5d5e056271f1d7f4" 143203 143622 13155
"c228463f6c4b2fe6" 38206 127257
"61171bc7f077297a" 144381 125584
"d57d881f01e1716a" 137425 13587
"4db1c714d8faa647" 27252 183683
"2451c6ea10abcec2" 16442 147043
"6f7be2212e7b3ff2" 48429 45116 8940
"02eea0860cfc2545" 15504 156205 53694
"34262cd6062465ee" 164570 138616 12920
"933626be47d8ad93" 122742 20302
"126a199d7eaef68b" 45952 59188
"bf7d349d9c15e7e1" 115239 27347
"342a40ee50cb06cc" 3542 131582 9166
"8bd6ee39e438b8ea" 71384 23891
"ffe68ade6eee0d55" 53205 53118 174643
"bca538a98d417333" 34223 118203
"4451d59bfeadc3ff" 90395 36260 97492
"8fc51e057a5301e0" 161255 149529 1195
"cc981080529f9a97" 184563 110920
"072d7581d4fedce3" 187444 52575
"d21c8e9e8779146b" 77509 156709 97206
"a124f1b5d7a7a6b2" 1067 53694
"a0136c8690027170" 147043 3542
"df67ee717d6bccba" 59188 8940
"92effdce93a8266e" 12920 16442 97206
"677462bf1ffa50ab" 9166 13587
"280081962326a8fc" 53118 174643 187444
"915426db3aff3eb1" 52575 149529
"4af129d615c20207" 45116 1067
"4f5ba548d34003b2" 53205 122742
"298b70666155a34c" 138616 27149
"cdd2f36d7cbce6bb" 41356 23891
"e858549fa5b0330d" 164570 137425 131582
"b8c14c40151c8c85" 1195 34223
"a59e2270561e804c" 147043 48429 156205
"665f842a0e1cf052" 20302 183683
"ad5ffe39e438b8ea" 71384 124277
"a33865d38f9486c4" 187444 9166 115239
"e8ed0a344ea3be9d" 8940 156709
"59a39b7fa7ccc715" 77509 161255
"af08873c6d81836f" 27347 110920 53694
"7516eae8add577a4" 90395 45952 118203
"d654c3623c10144b" 97492 45116
"62f6549d9c15e7e1" 115239 131582
"f4cb23de4d46b923" 122742 77509 52575
"a4edf1a57ba518db" 3542 149529 97206
"c98688c9c3aeff0c" 13587 12920
"610ced90f93d37a4" 124277 41356 27252
"8fa228fdee88917b" 131582 156709
"a8fba8dc1e2d3695" 66923 159470
"4e994e508df69061" 38226 15053
"b9500e980b7fc75b" 55604 124810
"12e5d8bb0c2601a0" 107101 124091
"cf1bb88e1660e46d" 67298 101013
"f6dd4d550b2222ee" 158421 84392 90881
"9b9101e27c7f4edc" 99686 113822
"a5313cfab7978984" 117539 61129 179585
"eb488a7c14e38491" 123903 53124 88426
"8633bce4a99820d6" 31181 167250
"1ce4c829dcead305" 134542 93598
"193f330d4ca97d28" 164072 23644
"e5d83fb82f3a5b98" 96108 108661
"e89a8917c897e178" 18299 55842
"bbeaba95509303d1" 78016 50062
"20c8dfb4925fe2d8" 126927 119634
"e964c38d9ebb7fe6" 34843 182034
"feb8a72043688846" 61876 3934
"794c0d3c761efc11" 57783 80159
"4e55137ab71994f0" 86012 109995
"7d37a2ac16c57c0a" 121475 72451
"38c1f1df7bb310a5" 66923 164072 126927
"cd457529890804df" 174948 123903 23644
"a0e18dbaa95f5c48" 38226 167250 108661
"77d0795e14edd79e" 32247 55604 18299
"bb7d112bece285b2" 109547 113822 61129
"de121017369b42c3" 159470 15053 107101
"b001b472bbc822e5" 31181 50062 57783
"44508f6122ca957a" 93598 101013 23644
"62fb3ac30ef67e7d" 158421 84392
"9b14218a42e8f7da" 45139 67298 109995
"faa773890c5b5d6b" 124810 78016
"9f40f49126348d9f" 55842 119634
"375f7f78ddfe9584" 124091 90881 88426
"88a4a2ac16c57c0a" 121475 61876
"2580399257a54bd2" 117539 3934
"a369f0e27c7f4edc" 99686 80159
"853913a03c549413" 182034 179585
"c3cdef29b6b5a76c" 53124 34843
"a6321551ffd96f79" 134542 72451 86012
"96659ce4a99820d6" 31181 45139
"25a070573f929dd2" 32247 55842 78016
"5382db685dc2ab17" 174948 61876
"d82dfe0e25016b3d" 159470 124810
"a530d48e6341d63a" 38226 158421 3934
"9e519635a3fcabbb" 96108 80159 179585
"92b3db3c075e5058" 84392 61129 72451
"fad3a76826367bdb" 184755 174955
"f88f1a2eb4c6d055" 158006 164871 65797
"b0f878f4e47bad4f" 156250 33974 72218
"b821022344a232fb" 58746 1900
"640f7f14dce406e6" 97024 12249
"f46e0a7c680c86b1" 55619 38150 19197
"dafe797063ad08c3" 167551 100287 32282
"2f94f4da9440d5c3" 175294 42847
"8ffd6e3ce670309c" 179731 95444
"fcf1c65247d56f78" 186725 182529
"3aa023955d2518a2" 143983 2003
"7b47c30868cd1b90" 75340 166397 129961
"530f1cfe17fce679" 128857 78008 125139
"74f356252e9f2b3f" 26302 109236
"d2e5e1f83df6105e" 52691 46665
"a3afb73b31d9b9d5" 14351 160132 126550
"568eee676b716dd6" 137334 110458
"cd7e8e61b68ec579" 39268 7003
"dab68fd39c90a32a" 3885 137143
"73928e3ce670309c" 179731 179731
"2b341328f112fe77" 156250 164871 39268
"8b4763310ed62c69" 12249 38150
"d84b666a81d73830" 55621 42847
"53d7b80ee61172db" 46665 52691
"01e67fd39c90a32a" 3885 72218
"f3732bcde136ef2f" 129961 174955 158006
"e1f67027fbc0dd2a" 1900 27157 78008
"93638a7754d0ae22" 166397 184755
"bbf2639dc884d1cb" 159268 58746
"63c890de89f50384" 95444 128857 109236
"0315b5766e7be597" 169448 65797 26302
"32548f14dce406e6" 97024 33974
"f915966351f8e53e" 7003 2003
"86743f9869feff78" 126550 143983 137334
"b3c805291a6a95ee" 160132 32282
"65b94c127c69b2a9" 14351 100287 184755
"3ec2b1db1d300fb4" 167551 55619
"c4cd0caeb40fae75" 110458 3885
"4ef11c8a42756412" 175294 186725 75340
"9729bcf960a6322f" 137143 182529
"3e0ad83f4dcbaa20" 110458 65797 14351
"6c84b80ee61172db" 46665 39268
"3dc59506dc8f6e3a" 42847 52691
"2b127b38040c688f" 55621 125139 186725
"7db41ba1f9e87f7c" 164871 14351 1900
"131684fec08d1af6" 169448 129961 174955
"7006e484492c6dc9" 40096 82554
"0ed1b59c0dc1f5ca" 370 129321
"f35474bb06f53131" 149405 36817 90740
"1493838e4d184291" 106015 127617
"d8e704e56d4c10af" 2011 4673
"84af9025327c20ed" 184554 124029 150380
"7996c6224d490a70" 43067 153454 128837
"f08776a0a847b2c9" 177571 158339 137412
"a68972ca996095e0" 77455 163834
"89fb4cd1545f0d67" 7419 178348
"8ecf56de14d4253d" 56749 35954
"3b435f9a740ddb70" 163371 69430 137161
"2c13b7c0bd4aaada" 91447 71882
"357fec1f7e5f9ede" 52355 185471
"8dfd044403625151" 6105 145446
"de698aa03fb28f32" 116067 55481
"22d65432b3441d30" 160012 13081
"f7668303b5ccdc19" 58908 175020 101758
"9823db2c78b11f57" 7378 45007 2011
"44dea741238a1aa5" 36817 163834
"00db0f6bdf76edde" 4673 184554 150380
"db66c7a46fa2fb19" 127617 158339
"98bc03879421b4c6" 101758 69430
"86b6c8b75c1abbcb" 137412 178348 185471
"4ac284a47508e643" 138752 91447
"07df959c0dc1f5ca" 370 55481
"8dd4c654d1cb64ca" 129321 149405 128837
"c82d1cb391cc24c6" 155588 82554 56749
"bfee638e4d184291" 106015 43067
"2e4a52ca996095e0" 77455 35954
"bfb8b86d1c3e2e78" 82934 40096 175020
"00ebd9bb67f076f7" 153454 124029
"c9ed204da4521ec6" 90740 160012 177571
"56f904e56d4c10af" 2011 13081
"3409b39ef67e0f59" 137161 7419 71882
"a26a88015663ff9c" 128644 145446 45007
"5d29b2ea713bc861" 107860 116067 36817
"af9b4162a28597e6" 184554 163371
"5916c758382fadda" 150380 178348
"30f90ec08d936bd2" 129321 4673
"8c0dd9bb67f076f7" 153454 128837
"bd860abc8d4d93b9" 127617 101758 52355
"8af674a47508e643" 138752 43067
"e98d0247d00a2a5b" 82554 185471
"62f4c615592c8406" 7378 77455
"ca72144403625151" 6105 163834
"4f9fdf09cd84ff26" 155588 370 124029