"9b89a28282656c50" 25 484 19 2261 80 630 4 10809 42 340 2988 80 199627 90 51 2500 672 36 30 902 80 1267 120 4 208 1179 1172324 -1 -1 0 0 0 0 7 8 6 4 6 7 5 4 4 4 0 0
"20c39442b2338697" 28 304 20 1588 80 184 6 7 154 3645 80 199627 249 114 184 119 60 70 451 253 80 11 161 511 3645 997 544 31337 199372 1172325 -1 -1 0 0 0 0 8 9 7 5 6 8 6 6 5 5 0 0
"9c29d3fceecc4601" 23 798 2348 436 14 80 369 394 88 798 1043 199627 28 4274 127 154 2274 2274 80 747 19 5694 72 2743 1172326 -1 -1 0 0 0 0 8 7 8 5 7 8 4 8 4 5 0 0
"e67926ef7b1671fa" 35 537 184 127 60 80 229 74 7 19 35173 199627 352 51 17129 15737 80 127 14 231 14273 199627 249 158 4 114 592 80 199375 13 43 4 332 208014 3391 1179 1172327 -1 -1 0 0 0 0 7 6 5 6 7 5 7 4 4 6 0 0
"f2c25b73810f68f2" 18 456 369 68 609 19 70767 199627 10004 127 14 44 30 3482 80 231 697 11533 1179 1172328 -1 -1 0 0 0 0 6 8 6 5 6 8 7 3 5 4 0 0
"2400a5b46857c83c" 20 21074 80 184 20 3469 53 30 4180 199627 46678 407 44 6398 80 361 42 1629 150 10992 1179 1172329 -1 -1 0 0 0 0 5 8 6 7 5 7 3 7 4 6 0 0
"7db91d79cdb20e2a" 23 996 44 103 257 80 10716 144 788 4156 199627 28 5287 566 20813 492 49 40653 19829 80 5360 770 8054 1179 1172330 -1 -1 0 0 0 0 8 7 7 7 6 6 5 7 6 6 0 0
"c78de4f579ef4b05" 35 638 14 6392 80 200450 212 72 19 30 1121 199627 90 1238 4058 80 166 212 8 600 72 271 1895 199627 554 82 721 553 1364 80 229 74 7 19 1678 2743 1172331 -1 -1 0 0 0 0 9 7 8 6 8 7 4 3 5 5 0 0
"e2e8716f7bc4a803" 20 184 232 60 4327 80 146 11430 89 199627 192 369 114 27 103 8017 80 457 28 5228 1179 1172332 -1 -1 0 0 0 0 8 6 8 6 7 5 4 6 3 6 0 0
"b26921c7746fc01c" 18 150 600 127 14 231 245 619 77 139 199627 179201 80 4 153 199375 146 13589 1179 1172333 -1 -1 0 0 0 0 6 8 6 5 6 7 6 3 7 4 0 0
"78dbe7cb1275df7d" 25 369 215 7499 83 150 92 80 630 4 8936 36 511 199627 90 1334 227 36 4 80 344 43 410 566 36 1179 1172334 -1 -1 0 0 0 0 7 6 6 3 7 5 5 4 4 5 0 0
"c22334d772d305dc" 24 4033 60 291 80 1183 14 43 4 127 199627 70 621 369 32 83 28 4522 80 330 166 632 28 5305 1179 1172335 -1 -1 0 0 0 0 6 7 5 3 6 4 6 4 4 5 0 0
"46cff2cbae8d5a30" 38 23798 40064 80 184 6 436 3671 199627 249 4 1895 406 49 30 31 42 80 5881 102 4 6 824 199627 90 154 369 166 2636 53 1237 80 200449 369 153 173 17 848 1179 1172336 -1 -1 0 0 0 0 7 7 7 3 8 4 5 6 4 5 0 0
"cfccf96a14bc7e1a" 22 28 61 36 103 129 166 20 29180 80 199627 1767 127 14 1777 44 7346 350 31 24613 80 70903 1179 1172337 -1 -1 0 0 0 0 8 6 7 6 7 5 5 3 8 6 0 0
"f7c5e9362e98f3fc" 25 550 51 1884 76 749 80 184 1267 2919 36 511 80 199627 271 16300 10013 49 4478 184 492 25 271 29 1340 1179 1172338 -1 -1 0 0 0 0 7 6 5 6 7 5 6 7 5 7 0 0
"847e9ea7479be2a5" 19 16520 107 3158 80 330 70 13 80 199627 199375 20 49 4 70 150 275 80 4117 1179 1172339 -1 -1 0 0 0 0 10 10 9 8 9 9 7 5 8 6 0 0
"f23d31f75aae1890" 26 4 251 14 192 499 80 4 114 106 30 5628 80 199627 425 173 234982 80 11 234882 592 90 86113 83 28 19693 1179 1172340 -1 -1 0 0 0 0 9 8 10 8 9 9 8 4 4 3 0 0
"a541df5af060fe05" 25 798 1165 541 90 163 14 31946 80 199627 249 369 808 492 60 144 80 184 30 71212 80 1024 80 192 30765 1179 1172341 -1 -1 0 0 0 0 8 7 8 7 8 7 6 5 6 6 0 0
"774e1efb83ca224e" 22 2167 127 107 3158 80 279 114 2134 77 60 80 199627 541 184 299 254 80 537 80 344 60 2743 1172342 -1 -1 0 0 0 0 10 9 9 10 10 8 6 5 9 7 0 0
"bc0c89cc207db5be" 20 807 192 4300 80 1267 185 382 646 973 80 199627 49 11221 14047 4096 80 16520 234840 959 1179 1172343 -1 -1 0 0 0 0 8 9 8 8 8 10 8 4 5 5 0 0
"062da2d16e0cbd2a" 26 30 176 104 1072 80 184 2990 44 30 4062 3070 80 199627 249 6 1028 30 4355 80 60 844 20 63460 80 7825 1179 1172344 -1 -1 0 0 0 0 6 6 7 9 6 4 3 9 4 8 0 0
"b6039b6b8667c386" 24 369 990 80 369 22 2174 150 34 80 199627 11 120 208 90 20 544 80 518 12 3376 103 29458 960 1179 1172345 -1 -1 0 0 0 0 9 7 7 7 8 7 6 4 7 6 0 0
"2ba735eb9736136a" 25 352 229 18 19 2118 382 34 80 199627 1031 4 1629 30 10834 11183 80 576 12479 9215 80 161 77 51 960 1179 1172346 -1 -1 0 0 0 0 8 8 8 7 6 8 7 9 7 9 0 0
"d47c34c1a5f5ec01" 22 166 41 234885 80 369 1081 13679 80 199627 249 11221 14047 80 1767 51 3120 2091 291 80 74 36408 1179 1172347 -1 -1 0 0 0 0 7 8 7 7 7 10 6 3 6 5 0 0
"91336644dffc91aa" 25 456 369 7 23283 80 369 293 4 80 4 283 60 370 80 199627 4 453 60 34008 80 146 83 30 855 1179 1172348 -1 -1 0 0 0 0 9 8 9 9 9 5 4 4 6 5 0 0
"0a5596f8272d5ae3" 25 369 974 154 3755 83 150 92 80 4 200443 2144 80 199627 425 120 14 13 4 174221 80 200450 216 30 2127 1179 1172349 -1 -1 0 0 0 0 7 8 6 9 7 7 9 3 8 6 0 0
"6a8716a34450b8b1" 28 184 1866 20 4830 25 4725 80 249 369 229 590 567 80 199627 4 1267 119 43 4 944 119 80 344 70 154 112 8297 1179 1172350 -1 -1 0 0 0 0 7 6 7 6 8 6 4 4 6 6 0 0
"a4090f2a15436342" 38 16520 235040 102 83915 1031 83 103 553 80 199627 28 1956 9542 20 4783 49 14723 18456 80 518 835 80 199627 249 229 74 161 234861 103 490 80 369 20 234884 2353 102 7098 1179 1172351 -1 -1 0 0 0 0 6 5 8 7 10 5 4 3 7 5 0 0
"7d9936a4c4ea83ca" 25 369 6 563 153 43 4 332 208014 80 199627 249 550 102 51 358 80 60 20943 4 749 80 74 139 76 1179 1172352 -1 -1 0 0 0 0 7 7 6 8 7 8 5 4 4 7 0 0
"96dac09e45f82963" 29 4 5960 208014 154 275 80 249 60 229 475 550 53 80 199627 158 4 12 20 28 1024 80 71 630 70 154 804 80 6183 1179 1172353 -1 -1 0 0 0 0 7 7 6 7 6 8 6 3 6 7 0 0
"656325543d7970b5" 25 184 11 1777 134 80 127 74 4135 768 1542 80 199627 2505 603 87453 80 184 2990 60 42 1133 30 2437 5949 1179 1172354 -1 -1 0 0 0 0 7 7 9 8 9 7 1 3 2 5 0 0
"ce89e08af74020e3" 28 184 11 1267 638 83 80 74 1539 43 2287 271 139 80 199627 398 235041 14 559 369 119 60 80 369 11 3002 90 401 1179 1172355 -1 -1 0 0 0 0 8 9 8 7 8 6 3 1 6 9 0 0
"725d2ad6aa520808" 21 369 421 154 28052 80 249 369 229 234978 42 80 199627 1267 32 3274 563 456 275 104 3257 1179 1172356 -1 -1 0 0 0 0 8 7 7 7 7 5 2 5 4 7 0 0
"04fb723d132f9ca9" 22 4 293 14 1024 80 28 246 6847 19 8071 80 199627 90 58 28 3041 20517 474 19 150 2344 1179 1172357 -1 -1 0 0 0 0 9 9 7 6 8 8 5 3 4 3 0 0
"1191bc0830b99a3f" 31 369 904 19 5144 178 4 80 28 2688 80 369 391 192 11498 80 199627 425 4 127 51 1896 554 129 154 11 229 474 80 369 748 1179 1172358 -1 -1 0 0 0 0 6 8 6 4 4 6 3 8 3 4 0 0
"52861b49729d4dc3" 35 4 48645 154 3755 80 90 1330 80 369 391 370 80 199627 537 80 150 3108 481 30 1085 866 855 80 74 7 19 855 80 915 80 369 229 590 7741 1179 1172359 -1 -1 0 0 0 0 8 9 8 7 8 9 3 4 4 2 0 0
"317ad5fcfb056321" 45 369 990 369 22 2174 28 34 80 369 229 30 619 19 13589 80 199627 550 102 51 358 80 103 61 20943 4 749 19 32 80 199627 184 492 60 80 184 4438 71212 80 229 74 139 184 590 13589 1179 1172360 -1 -1 0 0 0 0 9 8 7 9 8 6 2 2 9 7 0 0
"e7b9c9f5c39a16db" 39 28 3041 20517 80 90 4 229 563 56455 80 199627 184 11 1777 134 80 1031 30 10834 10095 20 7205 80 199627 173 192 108 80 4 563 120 54 10834 1981 11183 44 8 857 1179 1172361 -1 -1 0 0 0 0 7 7 9 8 7 7 3 5 2 8 0 0
"d83f34ab536c9d96" 28 456 4 293 14 1024 80 28 246 6847 19 2469 80 199627 249 369 153 154 60 844 63460 80 28 61 229 1030 30 1531 1179 1172362 -1 -1 0 0 0 0 9 9 7 5 8 8 5 3 4 3 0 0
"7f6705ed4fbfe24e" 26 127 297 14723 18456 80 249 807 192 959 80 199627 4 114 96 14 70 4 251 80 915 80 11 646 14 973 1179 1172363 -1 -1 0 0 0 0 6 7 5 4 5 7 4 5 3 2 0 0
"b21eb7bbf0902d27" 23 184 904 19 283 2651 89 102 51 7673 80 199627 425 184 96 43 2167 255 6080 80 1269 36 70 1179 1172364 -1 -1 0 0 0 0 6 9 7 7 8 5 2 6 5 7 0 0
"e108694dc366781f" 24 369 6 12 20 14844 49 603 87453 80 199627 43 30 2505 104 4 5960 208014 80 860 146 7820 408 60 199372 1172365 -1 -1 0 0 0 0 7 8 8 9 5 4 3 7 2 6 0 0
"3d5fad9d06e41e85" 32 369 7 4 44 28 275 102 11221 7 154 19184 39407 80 199627 229 234836 249 51 476 80 17284 291 80 199374 127 6533 83 6533 425 80 1747 1179 1172366 -1 -1 0 0 0 0 9 8 7 6 7 6 3 2 4 5 0 0
"0160d00b9b97c963" 24 4 30 161 19 283 60 370 80 453 60 34008 80 199627 200449 184 1057 44 30 4062 3070 80 1267 12702 1179 1172367 -1 -1 0 0 0 0 7 8 8 8 8 9 4 2 3 9 0 0
"9c06067c416cb5d7" 25 369 166 41 297 13679 80 166 4 13 199372 199627 249 158 4 12 20 28 1024 80 199375 120 4 20 544 1179 1172368 -1 -1 0 0 0 0 8 7 6 5 5 5 4 6 4 7 0 0
"45e6864f0bae49d9" 20 83915 80 4 255 453 14 595 28 4820 80 199627 4 229 234836 249 51 5268 5960 12088 1179 1172369 -1 -1 0 0 0 0 8 9 7 6 6 8 7 3 4 2 0 0
"27a5097fb2a3a8f9" 30 119 150 1394 80 1183 14 43 4 127 80 629 83 80 656 60 80 199627 369 904 19 20 1331 77 4 80 249 173 15401 60 1179 1172370 -1 -1 0 0 0 0 7 8 6 5 5 7 4 3 3 2 0 0
"7b93976ac5d08983" 27 119 43 4 1267 119 80 1750 60 944 20 80 199627 16520 231 102 11221 80 518 12 629 436 49 30 29458 90 14 199372 1172371 -1 -1 0 0 0 0 8 8 7 6 5 8 6 4 3 2 0 0
"4c7f8eff427dd508" 28 352 391 192 959 80 369 925 382 973 11 19 20 561 80 199627 200449 184 1057 44 30 4062 3070 80 1267 27 30 14819 1179 1172372 -1 -1 0 0 0 0 6 9 6 7 6 8 5 4 4 2 0 0
"c0f47e2c114fdcc4" 19 990 4 22 299 2174 150 34 80 199627 200450 11 20 544 80 630 30 2644 804 1179 1172373 -1 -1 0 0 0 0 8 7 6 6 6 6 6 4 8 4 0 0
"05a33827377e435f" 25 4204 154 80 28052 80 1334 5380 89 80 199627 249 352 6 824 80 807 102 2505 154 80 5854 80 200450 5640 1179 1172374 -1 -1 0 0 0 0 9 7 8 8 7 8 6 3 3 2 0 0
"d0e760f08af796dd" 22 184 11 1267 232 576 83 80 74 1539 43 80 199627 200449 1334 4533 80 127 103 1896 554 2127 1179 1172375 -1 -1 0 0 0 0 6 7 7 8 7 4 5 6 8 7 0 0
"53928875b26f3508" 28 369 292 76 83 30 313 80 255 5796 36 30 999 80 199627 249 456 369 13 4 235042 80 369 166 250 249 460 44 1179 1172376 -1 -1 0 0 0 0 8 8 8 7 6 6 8 5 6 4 0 0
"b87f64880c922a08" 24 11 709 621 80 4617 134 44 28 14444 440 80 199627 398 13 14 10721 90 330 153 1421 518 184 566 1179 1172377 -1 -1 0 0 0 0 7 7 7 7 6 5 5 5 5 4 0 0
"431d09bf047bd041" 24 4 481 30 1085 44 1085 297 1877 80 199627 249 184 30 71212 80 1024 80 184 492 60 144 30 4869 1179 1172378 -1 -1 0 0 0 0 7 7 6 6 5 5 5 6 6 5 0 0
"6a130e6cee5c56b5" 26 4 120 30 10834 2995 1031 30 108 1981 35 80 199627 369 904 19 20 1331 77 4 80 425 369 13 60 70 1179 1172379 -1 -1 0 0 0 0 6 7 5 5 6 4 6 8 6 7 0 0
"67abf29da00cd922" 27 369 208 5126 49 28 5269 80 146 586 51 6854 80 199627 5248 1314 80 234845 60 340 80 146 280 2139 44 30 7652 1179 1172380 -1 -1 0 0 0 0 5 6 6 7 7 5 4 4 6 7 0 0
"41e428aeb190794a" 26 369 163 28 3522 53 348 80 425 16520 231 697 4553 80 199627 4 127 14 1954 80 255 1482 144 154 745 4527 1179 1172381 -1 -1 0 0 0 0 8 8 7 7 6 5 6 5 4 4 0 0
"332cd79d48f3113f" 26 234978 28 541 80 146 576 24 80 199627 249 330 185 4 443 1057 617 80 192 199375 222 973 80 344 51 6183 1179 1172382 -1 -1 0 0 0 0 7 6 5 6 5 3 3 5 7 8 0 0
"a44aa9b305833acc" 27 60 20 26400 80 146 2139 15342 80 15405 5269 80 199627 249 563 51 4808 129 49 51 17141 80 1767 127 279 19 942 1179 1172383 -1 -1 0 0 0 0 7 7 6 6 6 4 4 3 4 5 0 0
"ce7828bd7f8ecb77" 31 330 255 27041 80 146 107767 80 11 234890 8 11012 80 199627 249 551 443 161 1146 19 20 370 49 27332 80 456 966 443 791 19 855 1179 1172384 -1 -1 0 0 0 0 7 6 5 4 6 4 3 6 3 5 0 0
"30107cba6e7f3686" 24 304 80 16520 30 5119 3884 80 146 11430 89 80 199627 249 49 4275 2287 31289 4153 80 199375 457 28 5228 1179 1172385 -1 -1 0 0 0 0 8 7 8 4 5 3 2 6 3 4 0 0
"27e8c53bea0bda5e" 25 798 8029 51 476 706 80 249 798 229 235043 51 4284 80 199627 4 558 23755 60 80 200449 4 146 12 928 1179 1172386 -1 -1 0 0 0 0 6 5 5 5 6 4 2 4 2 3 0 0
"ba05314ffc6e01af" 31 184 127 1953 80 249 1334 808 11909 80 15786 19 3569 30 3477 80 199627 232 30 3344 1779 192 184 114 13 30 8325 77 30 235044 6310 1179 1172387 -1 -1 0 0 0 0 7 7 6 6 6 5 3 5 3 6 0 0
"d82279e0f0317e9f" 26 127 28 246 388 80 146 1310 199373 120 637 44 80 199627 249 798 83 31 77 79 82 80 90 344 51 2705 1179 1172388 -1 -1 0 0 0 0 9 8 8 6 6 3 3 5 4 4 0 0
"81f16d10bb223e57" 22 4 1269 28 47 80 1467 14 30 139 199627 768 1009 33330 80 475 184 56 20 845 97 621 1179 1172389 -1 -1 0 0 0 0 8 5 5 5 6 4 3 4 5 4 0 0
"fd1d19aa8bcce40b" 23 553 42 30 745 80 1267 212 76 30 6680 199627 344 11 559 184 119 80 283 2134 77 30 1841 1179 1172390 -1 -1 0 0 0 0 6 5 4 5 5 4 2 4 4 3 0 0
"3f684481fb8a81b4" 24 4 212 30 1047 72 14 80 344 386 369 782 199627 369 404 60 36 28 14146 80 146 630 1957 804 1179 1172391 -1 -1 0 0 0 0 8 7 6 6 7 4 3 5 5 5 0 0
"e011b48a4e4051f6" 21 28 17679 3456 80 234820 5268 90 308 199627 90 7832 277 19 4994 28 3167 80 369 391 102 1179 1172392 -1 -1 0 0 0 0 7 6 6 5 5 2 3 7 4 6 0 0
"917209be59556a73" 20 30 6182 32 849 456 173 44 271 3489 199627 200449 30 17171 566 332 80 229 74 5337 1179 1172393 -1 -1 0 0 0 0 6 6 5 5 6 5 4 5 6 4 0 0
"995c67280932580d" 47 158 4 153 475 184 68 80 58 4 153 271 3821 199627 229 279 1262 80 808 184 2995 102 51 4663 199627 90 456 4 2118 80 6182 855 474 144 14 199627 344 11 559 60 104 456 173 1718 160 19 14 1179 1172394 -1 -1 0 0 0 0 7 7 6 5 6 3 3 6 6 6 0 0
"8ce58df8a9c4196a" 22 369 390 4 235045 559 184 32 83 31 199627 200449 184 127 154 1749 80 27572 229 146 590 4554 1179 1172395 -1 -1 0 0 0 0 8 7 7 6 6 3 4 6 5 6 0 0
"2431742e0c8c4667" 25 711 80 4 1267 535 44 103 706 184 436 199627 90 30 4309 31596 80 344 11 559 184 2757 42 30 10664 1179 1172396 -1 -1 0 0 0 0 8 6 7 5 7 2 3 4 4 5 0 0
"55d0d2a416d09ad5" 47 1093 114 283 4 3490 102 51 466 6545 199627 208 83 212 150 1268 80 184 229 127 74 748 199627 798 83 31 77 79 82 80 344 11 559 60 573 199627 184 229 299 590 632 80 344 11 559 184 553 1179 1172397 -1 -1 0 0 0 0 8 7 8 6 6 4 3 4 4 5 0 0
"8d85772ce4ef9d7d" 40 2539 369 1208 60 104 80 184 127 271 29 128 199627 90 603 1953 80 330 1032 30 1597 456 1334 406 199627 8551 19 1180 80 184 956 271 139 199627 90 184 229 299 590 13589 1179 1172398 -1 -1 0 0 0 0 9 6 6 5 7 3 3 4 5 5 0 0
"eafb560f27b67cb1" 22 192 388 150 124 80 2118 150 34 2283 199627 249 798 229 44389 51 4284 80 229 590 20 1331 1179 1172399 -1 -1 0 0 0 0 8 9 7 8 6 5 2 1 2 2 0 0
"123b8cb55ed9f160" 40 212 88 76 80 206 19 453 51 656 199627 4 558 23755 60 80 229 127 234836 19 4033 199627 5248 1314 80 344 30 12640 184 1057 25 199627 232 60 340 80 146 378 184 3380 1179 1172400 -1 -1 0 0 0 0 7 8 8 9 8 6 2 1 2 1 0 0
"524ed0d0806beebf" 25 90 352 747 19 2125 51 304 42 72 79 1059 199627 249 369 208 5126 80 229 15340 36 74 6109 768 6733 1179 1172401 -1 -1 0 0 0 0 7 9 9 8 7 7 6 2 2 2 0 0
"cec1ce4d6029010c" 46 30 17171 566 332 208014 559 19 32 83 31 80 199627 330 185 551 443 161 139 90 19 146 632 80 199627 232 30 3344 1779 80 232 30 398 89 80 199627 249 184 22 20 27332 80 859 457 271 5228 1179 1172402 -1 -1 0 0 0 0 8 8 7 9 9 8 1 9 1 9 0 0
"416686efc60e5f28" 25 369 13 51 4808 129 49 51 4274 44 79 1741 80 199627 249 16520 30 5119 3884 80 369 6 748 74 129 1179 1172403 -1 -1 0 0 0 0 7 7 6 8 6 7 2 8 1 9 0 0
"1d4bd59eb9e9765b" 40 158 4 153 475 184 68 80 860 2718 271 782 80 199627 1767 83 31 77 79 82 80 227 9180 70 30 206 80 199627 768 1009 859 176 42 44 51 71 1022 80 102 33330 1179 1172404 -1 -1 0 0 0 0 9 8 7 9 9 6 2 4 2 2 0 0
"fd72702ff3ef53ef" 20 369 232 28 246 388 80 563 456 550 823 80 199627 90 235046 5669 166 1062 14 1050 1179 1172405 -1 -1 0 0 0 0 9 8 8 7 8 7 1 8 9 6 0 0
"73038edf4cdd43b9" 37 4 1269 28 47 361 80 1069 14 2459 44 275 80 199627 184 127 1953 36 30 4180 80 747 36 30 7387 80 199627 249 2539 80 369 1208 60 104 43 60 104 1179 1172406 -1 -1 0 0 0 0 8 8 9 9 8 6 1 9 9 8 0 0
"3045cfbfc9ba54d0" 26 369 229 127 206 36 150 4355 80 192 388 150 124 80 199627 249 344 31289 4153 80 192 199375 11 1964 89 11438 1179 1172407 -1 -1 0 0 0 0 7 6 7 6 5 5 5 3 1 2 0 0
"17d7b718ad29c8cb" 47 369 404 60 36 28 14146 80 23 60 89 49 4937 80 199627 60 20 26400 80 90 859 255 1003 319 25 319 80 199627 249 173 11 909 53 14 144 150 745 80 199627 806 559 369 453 60 757 192 6818 1179 1172408 -1 -1 0 0 0 0 8 8 8 9 7 7 4 2 3 3 0 0
"6368602d118ac82f" 26 1057 617 80 222 973 80 344 11 559 60 573 80 199627 229 279 1262 49 154 80 550 11 30 8888 90 16631 1179 1172409 -1 -1 0 0 0 0 7 7 7 6 6 7 2 4 2 2 0 0
"5eb687079c51ab1d" 46 16520 4507 28 541 80 146 576 24 80 199627 28 410 566 245 1588 10095 80 859 255 32 83 2662 80 199627 4 558 23755 60 80 103 234828 1267 283 76 80 199627 90 199375 232 19303 80 49 768 252 4494 1179 1172410 -1 -1 0 0 0 0 9 8 9 8 9 7 6 4 1 3 0 0
"c0a40853f9fce9a6" 44 621 621 677 26805 17557 80 232 28 1964 1138 80 199627 5248 1314 80 199375 255 3824 80 199627 836 4 49 30 21584 80 158 4 4633 49 28 3387 80 199627 184 6 436 811 80 103 104 271 1891 1179 1172411 -1 -1 0 0 0 0 9 7 8 9 9 7 7 2 2 3 0 0
"28cfb9cb851e6fcd" 23 11 27572 80 199375 146 24 89 80 199627 4 212 30 1047 72 14 80 1082 28 3755 19 51 6341 1179 1172412 -1 -1 0 0 0 0 7 7 7 7 6 6 2 4 1 2 0 0
"aba444f24b90f21e" 21 90 38030 166 6997 14 80 16520 255 42 1138 80 199627 64854 28 6192 80 227 28 634 275 1179 1172413 -1 -1 0 0 0 0 9 7 8 7 8 7 6 1 2 4 0 0
"e086bb73b0a77494" 39 553 42 30 745 80 120 30 4180 6997 849 80 199627 4 996 30 161 19 1183 770 184 114 22958 90 11456 80 199627 103 711 104 17 51 767 80 184 1057 103 788 621 1179 1172414 -1 -1 0 0 0 0 7 8 7 8 6 7 3 2 5 2 0 0
"1651ff57f3fc819e" 40 275 229 255 2253 80 229 255 5730 80 199627 249 456 2540 43583 80 369 391 102 80 235006 80 200450 535 1179 1261 199627 208 83 90 212 150 1268 80 229 74 7 19 20 4760 1179 1172415 -1 -1 0 0 0 0 7 7 6 7 6 6 2 4 7 4 0 0
"8273b008cf2a7762" 53 12927 42 19 30 128 77 4190 53 28 2344 44 30 1237 80 199627 330 6778 14 76 28 3385 80 102 369 929 227 474 1179 199627 425 330 389 481 30 23079 83 60 80 293 60 51 621 80 199627 6690 28 7064 808 1598 83 14447 12430 1179 1172416 -1 -1 0 0 0 0 8 9 9 8 5 5 3 8 6 5 0 0
"fd4527fde2eb2565" 50 369 229 18 19 4928 456 1747 2287 19 8190 80 199627 630 4 44 30 1370 80 2284 64 44 69732 1179 199627 330 114 152 19 1525 14 89 80 249 199375 255 20042 80 199627 304 80 16520 30 5119 3884 80 4044 77 30 12293 1179 1172417 -1 -1 0 0 0 0 9 8 9 7 4 7 2 5 4 3 0 0
"5e4c9b0ee742f79a" 25 369 1267 96 4 80 150 61 104 43 369 1960 80 199627 114 4 2358 1015 770 43 6007 860 120 770 232 199372 1172418 -1 -1 0 0 0 0 8 7 6 7 4 7 9 6 9 6 0 0
"e9d25077a52540b2" 23 74 28253 100 36 382 80 369 229 14845 154 706 80 199627 4 634 390 178 2628 158 4 12 6624 1179 1172419 -1 -1 0 0 0 0 7 6 5 6 3 6 2 5 6 4 0 0
"2826981c194b3f3f" 26 146 8655 1625 83 51 950 80 154 229 1588 80 199627 11 120 382 20 90 11655 83 154 3522 19 232 60 5268 1179 1172420 -1 -1 0 0 0 0 8 9 6 4 3 5 2 4 8 7 0 0
"4ea2e0dc59c2aee3" 32 32 25 28 319 80 20 28 1895 768 222 80 199627 11 102 30 16567 44 154 988 51729 80 199627 369 56 283 1043 44 150 9001 622 600 1179 1172421 -1 -1 0 0 0 0 7 7 6 7 5 7 8 5 7 5 0 0
"a3fdda9351b6800c" 25 595 30 139 80 1183 245 4179 80 656 80 3969 80 199627 184 2458 511 513 103 80 184 114 4758 66 20479 1179 1172422 -1 -1 0 0 0 0 7 6 6 7 4 6 2 6 6 5 0 0
"f089345b9a3eddcd" 25 859 453 271 29 1742 80 4 90 14 80 199627 6044 30 39 80 212 14 83 150 5591 80 200450 20 544 1179 1172423 -1 -1 0 0 0 0 8 7 6 7 6 6 6 5 7 6 0 0
"29d1bb318c1c49ed" 23 369 484 19 176 30 293 80 103 2599 104 451 80 199627 4 808 166 2346 770 80 184 32 10750 1179 1172424 -1 -1 0 0 0 0 7 7 6 8 5 5 5 2 3 7 0 0
"930fe28244d85fca" 32 200467 89 80 1364 44 103 906 80 199627 235008 337 80 2990 275 25 271 29 4049 80 199627 82 573 19 82 1303 80 344 11 559 60 573 1179 1172425 -1 -1 0 0 0 0 8 6 6 6 4 6 4 6 4 6 0 0
"7f1f9ec39f6345df" 40 255 1564 80 146 3841 80 255 5223 80 199627 4 146 360 51 2596 129 235047 30 706 49 79 6477 197 80 199627 90 369 7 154 1657 80 154 6477 474 425 80 369 166 928 1179 1172426 -1 -1 0 0 0 0 7 8 6 7 5 7 4 4 6 4 0 0
"3f4028c679fbc17e" 32 32 25 28 319 80 232 14 3906 80 199627 102 30 32123 44 51729 80 199627 942 1167 44 150 5429 80 150 9001 622 600 80 146 12 2174 1179 1172427 -1 -1 0 0 0 0 7 8 6 7 6 7 9 5 7 5 0 0
"9e9b8e53d3672cf1" 25 6 12 232 235048 849 80 227 275 83 10618 80 199627 158 30 160 4603 44 224 229 30 474 161 36 14 1179 1172428 -1 -1 0 0 0 0 7 7 6 6 5 8 5 6 6 6 0 0
"c1464fea50842566" 24 127 51 1364 5052 80 1267 96 4 25 28 319 80 199627 43 378 4 6855 80 43 5047 378 4 3759 199372 1172429 -1 -1 0 0 0 0 9 8 8 7 8 5 6 4 9 6 0 0
"a81bd01e08d081ff" 25 5684 866 51 4638 80 120 150 510 319 1183 80 199627 11 102 30 55500 68 1786 80 120 150 33 1861 920 1179 1172430 -1 -1 0 0 0 0 7 6 6 8 7 7 8 5 7 8 0 0
"c19278d765c8dfaf" 54 6374 127 14 231 245 619 77 139 80 199627 249 6415 127 14 18152 88 42 44 34184 80 90 369 6 436 80 199627 24 44 53501 80 369 391 11 51 321 2688 83 30 2995 80 199627 425 16520 5489 30 706 80 1503 4180 4898 49 8 4355 1179 1172431 -1 -1 0 0 0 0 8 7 9 9 8 7 3 5 9 7 0 0
"a42167c2b2646ac7" 30 6105 36 3172 80 199627 83 30 139 19 337 80 255 5141 80 199627 232 5056 80 1617 89 89 89 89 89 80 74 206 19 2644 1179 1172432 -1 -1 0 0 0 0 9 7 8 6 8 3 7 2 4 3 0 0
"c77f363af617101f" 26 330 136 278 14 80 249 369 1267 4033 603 1262 80 199627 192 16520 2441 603 535 8 1818 102 32870 70 621 722 1179 1172433 -1 -1 0 0 0 0 8 9 7 9 8 8 5 2 3 2 0 0
"e57e59cabf05795d" 30 369 892 1535 80 192 369 925 42 28 721 80 199627 277 19 27 30 962 80 249 28 2603 4469 80 43 242 369 2255 19 119 199372 1172434 -1 -1 0 0 0 0 6 7 5 6 6 6 6 6 6 5 0 0
"3ef43e9486f1e567" 34 28 915 20 7603 5758 19 3569 30 2602 80 199627 458 134 90 134 80 6402 382 29 646 80 199627 249 807 28 1895 768 222 80 255 5360 14 3906 1179 1172435 -1 -1 0 0 0 0 7 7 6 9 6 5 9 3 7 8 0 0
"1f30b4aa178a4b79" 23 369 1895 3633 80 74 7 36 51 129 80 199627 11 14 90 28 5591 80 2441 12196 83 30 39565 1179 1172436 -1 -1 0 0 0 0 8 5 9 5 8 5 4 3 3 3 0 0
"78b2dfb0a4ffd308" 21 28 275 51 31337 80 394 1478 28 246 80 199627 61 70 28 4533 80 166 232 770 1050 1179 1172437 -1 -1 0 0 0 0 9 6 7 5 7 4 4 6 8 6 0 0
"fc8be6632af86c17" 42 617 550 370 80 166 212 60 24 80 199627 16520 1409 4 89 80 74 206 19 22472 80 199627 235049 3836 849 80 1267 453 28 656 80 199627 200449 369 166 120 4 3609 849 80 1267 4033 1179 1172438 -1 -1 0 0 0 0 7 8 9 8 8 7 4 6 5 9 0 0
"f17c34c04b0ba3a5" 39 283 76 28 139 80 2441 5269 80 277 19 283 10174 80 199627 28 7064 808 83 14447 12430 80 249 184 658 12702 80 199627 229 74 2891 770 80 74 511 227 44 30 5658 1179 1172439 -1 -1 0 0 0 0 8 6 7 6 8 4 4 5 7 6 0 0
"d263703308a02cd5" 23 158 184 2179 8428 80 153 369 229 74 5854 80 199627 4 13 14 6174 80 1031 4 1598 44 337 1179 1172440 -1 -1 0 0 0 0 6 6 7 6 6 3 3 4 6 4 0 0
"2ea618bd107d7f3f" 22 369 146 8655 234836 80 154 229 28 5174 80 199627 127 51 15793 275 80 146 10716 3633 103 9018 1179 1172441 -1 -1 0 0 0 0 7 5 7 7 7 3 5 4 5 3 0 0
"79457427708f8df1" 53 330 5084 16520 3273 80 2348 16619 14 102 243 8471 80 199627 8400 14 76 28 348 80 369 229 1617 89 252 51 1884 80 199627 83 154 108 3935 80 10814 14 3569 30 2602 80 199627 25352 205288 83413 49 28 4942 80 249 60 10290 14 3906 1179 1172442 -1 -1 0 0 0 0 7 8 8 9 7 5 5 4 5 9 0 0
"f54b5de0ca310c1f" 31 369 1302 11657 80 249 28 1818 216 823 80 199627 4 7 19 8546 42 80 780 4017 208014 30 1415 80 60 229 74 706 80 74 4834 1179 1172443 -1 -1 0 0 0 0 6 7 6 8 5 4 3 5 6 8 0 0
"cff52ad123d06d8f" 20 150 9001 622 600 127 14 11168 80 199627 249 369 1267 1120 382 24 348 80 74 2022 1179 1172444 -1 -1 0 0 0 0 6 6 7 5 6 7 2 3 5 5 0 0
"b005ed3cb92017b6" 24 278 14 174 80 369 6 12 20 3561 80 199627 200449 297 55500 232 18712 80 966 7950 770 42 36 5156 1179 1172445 -1 -1 0 0 0 0 6 7 8 9 8 7 5 8 6 8 0 0
"c0f836b2018a6a8c" 21 146 38147 51 950 80 154 229 474 80 199627 184 70 2458 71 80 184 70 127 154 2919 1179 1172446 -1 -1 0 0 0 0 10 10 10 10 10 2 10 10 10 10 0 0
"cc2fe687625fdcf7" 22 90 232 14 4361 80 120 14 106 14399 80 199627 200449 369 127 51 15793 275 90 344 36 561 1179 1172447 -1 -1 0 0 0 0 7 6 8 4 5 5 6 5 4 4 0 0
"c990717b92ffa1dc" 21 184 212 1093 41739 80 249 184 229 74 4189 80 199627 184 2995 42 90 1964 76 19 337 1179 1172448 -1 -1 0 0 0 0 6 5 6 6 6 7 5 6 5 6 0 0
"8d62536559ad7ff9" 24 184 20 30 1287 80 184 629 44 1364 80 199627 1085 4 89 44 107785 80 5844 271 29 31337 19 232 1179 1172449 -1 -1 0 0 0 0 8 9 9 6 7 8 4 6 4 5 0 0
"92dbbcef50da23aa" 28 24 44 53501 80 456 184 996 11 1664 80 199627 53 30 571 104 475 184 956 271 2014 77 7500 80 184 956 271 76356 1179 1172450 -1 -1 0 0 0 0 5 5 6 4 5 3 4 8 2 3 0 0
"9d9482cf8b201cbf" 26 1274 28 14146 80 184 3464 257 144 5746 90 5745 80 199627 1334 11 277 19 855 154 711 42 80 999 1037 999 1179 1172451 -1 -1 0 0 0 0 8 8 9 8 8 7 5 4 6 6 0 0
"4cdd37822e5eb560" 27 48275 2743 48275 2743 48275 2743 48275 2743 48275 2743 199627 4 153 30 2565 80 74 7 36 770 19 20 192 3702 80 424 1179 1172452 -1 -1 0 0 0 0 9 4 5 4 5 7 3 2 3 2 0 0
"d48f2a1ab18cc6b0" 36 2241 80 2241 80 2241 80 2241 80 2241 80 2241 80 2241 80 2241 80 199627 158 4 119 43 4 119 19 14 80 369 990 80 1024 80 860 27 61 11603 1179 1172453 -1 -1 0 0 0 0 6 6 7 6 7 4 6 3 6 6 0 0
"3319a2156277ba2d" 31 369 114 20 150 4792 80 212 824 77 4 80 74 5104 19 2728 80 199627 199375 119 60 192 6526 80 4 22 563 153 369 391 848 1179 1172454 -1 -1 0 0 0 0 7 7 5 6 6 4 5 3 7 5 0 0
"dbcc12089d468de2" 27 127 28 246 17902 70 451 150 1307 80 44 5283 80 199627 11 6 2718 80 386 551 192 396 1081 44 70 30 1574 1179 1172455 -1 -1 0 0 0 0 8 7 7 5 7 4 4 7 2 8 0 0
"3a025e29dc6c310f" 24 458 2283 44 669 80 184 10390 30 4869 80 199627 134 2451 104 10257 42 44 30 11410 80 747 19 3603 1179 1172456 -1 -1 0 0 0 0 9 7 9 8 8 6 5 4 6 6 0 0
"7b88b60f91ea8951" 21 2990 89 25 30 1044 80 2348 283 60877 199627 5056 788 621 80 184 229 127 206 19 2455 1179 1172457 -1 -1 0 0 0 0 6 5 4 5 5 5 6 5 5 6 0 0
"8814a6048eacfe75" 23 15492 144 30 1877 80 2348 27 518 948 235050 80 199627 58 369 5815 154 1829 2593 80 369 229 42756 1179 1172458 -1 -1 0 0 0 0 7 6 7 5 6 4 4 5 4 6 0 0
"3be11dc461624f8f" 20 24 44 30 621 80 456 369 391 4 80 199627 425 16520 83 31 49 51 40041 721 1179 1172459 -1 -1 0 0 0 0 6 6 8 8 8 4 4 3 7 4 0 0
"d4fbb187106038eb" 21 383 334 19 20 840 77 28 1287 80 199627 249 70 184 119 104 1343 2971 90 283 3528 1179 1172460 -1 -1 0 0 0 0 8 5 9 9 8 7 3 2 5 6 0 0
"543e323cfc274170" 21 330 6 2718 456 369 767 103 139 80 199627 369 1267 119 60 14553 19 2954 28 29 139 1179 1172461 -1 -1 0 0 0 0 6 4 7 7 8 8 4 5 6 6 0 0
"8e0c339b4169ec71" 21 425 4 200443 102 4 360 2284 80 199627 249 184 808 44 297 1877 80 74 206 19 2644 1179 1172462 -1 -1 0 0 0 0 8 7 7 7 7 7 4 3 5 5 0 0
"8f93803775a104cc" 22 13680 60 89 199372 2539 4 944 20 3383 80 199627 859 232 2383 76 735 103 44247 83 19352 6386 1179 1172463 -1 -1 0 0 0 0 5 3 6 8 8 6 6 9 6 7 0 0
"2fa7e78e43034494" 31 184 17674 44 102 51 5236 80 166 637 632 770 80 199627 90 859 2505 60 42 139 174 396 80 200449 344 11 559 184 1003 80 32521 1179 1172464 -1 -1 0 0 0 0 9 6 8 8 9 6 4 3 6 6 0 0
"56aba19e0f4585f4" 20 386 330 1267 1081 83 770 70 621 80 199627 200450 855 42 103 82 90 453 603 2952 1179 1172465 -1 -1 0 0 0 0 8 5 6 7 8 5 3 3 5 6 0 0
"58ea1ac7e9ad6daf" 23 550 51 1743 3158 621 456 30 876 5934 790 80 199627 5723 603 43381 80 120 30 39 13 30 2203 1179 1172466 -1 -1 0 0 0 0 5 7 6 6 6 5 3 3 8 6 0 0
"0ca22d9dff0207e8" 22 1334 458 2283 44 669 80 43 51 3635 80 199627 114 4 2481 559 60 1483 456 184 836 60 199372 1172467 -1 -1 0 0 0 0 9 7 8 8 9 5 4 3 5 6 0 0
"3d43d758575062e5" 24 859 20 89 25 30 1044 80 1482 30 5270 8506 44 80 199627 158 30 13149 2287 80 859 1678 271 2705 1179 1172468 -1 -1 0 0 0 0 7 7 6 6 8 5 3 3 5 5 0 0
"3dc9cd44a7aca4e2" 20 184 8917 70 271 2249 90 407 76 2757 80 199627 249 44247 83 19352 808 53 30 36865 1179 1172469 -1 -1 0 0 0 0 6 3 7 9 8 5 5 9 5 8 0 0
"a7ac52094b3ab6d3" 22 4 229 28 129 249 184 6392 102 4858 80 199627 1274 28 14146 80 20446 567 80 74 14508 603 1179 1172470 -1 -1 0 0 0 0 8 6 7 7 8 6 4 4 6 5 0 0
"bd95711c4c0ef246" 24 1334 17 36686 80 11 5875 44 103 706 80 199627 249 10716 44 234940 234941 44017 102 1334 5055 44 51 4163 1179 1172471 -1 -1 0 0 0 0 7 5 6 7 8 5 4 3 5 6 0 0
"f427d292ef90c4fb" 23 184 656 192 6526 80 33958 102 51 12137 80 199627 425 4 757 102 1151 360 2284 80 246 8922 1376 1179 1172472 -1 -1 0 0 0 0 7 8 7 7 7 5 4 3 5 5 0 0
"abe09f4e8d2e6fb0" 26 70 184 119 104 10732 80 1343 30 962 83 1376 80 199627 184 44 30 1877 80 55433 271 29 139 80 74 3237 1179 1172473 -1 -1 0 0 0 0 6 6 8 8 7 6 4 3 5 6 0 0
"fa26f17b032d0a89" 23 120 14 6425 19 2103 276 454 1050 80 199627 4 153 30 2565 1226 80 550 11 51 706 77 1663 1179 1172474 -1 -1 0 0 0 0 7 9 8 6 7 9 5 1 2 1 0 0
"540768b5ed6f25c4" 22 199375 1628 24 90 1629 4 2995 408 30 1749 80 199627 383 12 1287 80 249 966 70 11 5702 1179 1172475 -1 -1 0 0 0 0 7 8 7 8 7 6 3 2 2 8 0 0
"b13582363e607658" 27 114 4 1082 60 42 51 9755 784 80 453 28 246 2469 80 199627 70 451 150 1307 80 630 271 4153 44 103 1022 1179 1172476 -1 -1 0 0 0 0 8 7 9 6 7 8 5 2 3 4 0 0
"867238f8281ce3f4" 21 184 944 3614 527 80 707 76 77 103 1571 80 199627 119 60 14553 80 2995 549 30 11507 1179 1172477 -1 -1 0 0 0 0 7 8 6 8 7 5 4 8 6 9 0 0