"de54c9dfe97b7d19" 72093 93767
"9c5a11c04e1f55d4" 103537 66591 37268
"2ef9528ca2b4e370" 137728 123593 95652
"5e999f8e90b684c3" 45692 20780
"487768eeaa9873fa" 138805 85542
"2a41977c89152745" 155219 67952 119262
"4898af230893a799" 120371 105664
"1bb163011a6c2aba" 5968 69884 19532
"22b9db66d676ee0a" 17153 26728
"0ff308337d8908ca" 92032 116759 108476
"0b1cd11f5ed596d3" 8837 142402
"65bb5e0b4a901051" 19557 183688
"2103e7d52eb93711" 2190 53231
"8e18ac43c2ec5706" 185801 88326
"857145f989a53833" 176223 59070 151602
"35fa2981e16c71f6" 26447 132387
"9bfcbb495dea44ee" 186422 8895 140247
"37ba6b1856914219" 61889 92409
"0d1c1f67d4d27226" 182691 80988
"2974bcc554dea428" 153891 104606
"e5374f0534fa1a2a" 135509 82675 74977
"115188058bb90cf8" 65045 185683
"25db6825da5815af" 13839 90978
"91605b22b22a8a41" 122150 165350 9996
"3ab8a71abfa8c4fa" 112309 95514 83211
"ecf1eba946a249e3" 173946 178863
"870f527381c49833" 96542 5381
"b3af38fb0a4325dd" 169338 130844
"6f861cd8843e5f69" 56037 171688
"bac84a37957f01d9" 52487 70859 121524
"547ee048b5f45f35" 32442 82918
"aa5136f64c1a74f2" 51556 83993 44888
"5a47af303f881e4c" 710 172458
"6746e149836af263" 59917 97056
"250f48f95112c43b" 26662 57207
"e4540c6c12186138" 69862 127667
"e8b8ced0852c3c33" 44404 71229
"34340c4d033fe2c2" 117309 134013
"c85db4a240058c2e" 146602 45309
"df22e1351f0c9855" 56037 74977 170970
"f997157054fe30c0" 122150 172458 104606
"65af12a635d7b8cf" 134013 26662 95514
"82b9fb4d033fe2c2" 117309 90978
"255c971abfa8c4fa" 112309 95514 32442
"71cd66411e4e2a60" 185683 127667
"5927f7536db27293" 83993 65045 169338
"50fe45787b80b810" 171449 82675
"f8b2667682e305ff" 44888 146602
"1d851844a895b9f5" 71229 83211
"bb9aac71aae17819" 57207 710 135509
"b35a9f49a5ac04af" 70859 178863 64332
"72a34dccc761cce2" 96542 5381 13839
"f30ecba946a249e3" 173946 97056
"88908d4bac777ba9" 51556 52487
"b3ecc11de73752af" 121524 146602
"2a027ba0358938bc" 82918 185683 9996
"dc5758058bb90cf8" 65045 13839
"1c7c8caf1e58608e" 122150 165350
"60c2ded0852c3c33" 44404 112309
"e89377149dc386e6" 69862 32442 45309
"5251140f13684add" 127312 171688
"cfde5618298f5812" 130844 153891
"a66a62a0b2a81621" 169338 97056 57207
"636ed7d6327bb557" 178863 26662
"40c4dab569c14bb2" 170970 104606 70859
"29d990a099636b88" 95514 146602 134013
"b83bd81a33a50ae8" 36264 50838
"2756461a0dfa4872" 37727 144863 60511
"04b3ef1293eed999" 136775 113131 9065
"76e443248b69ea59" 131578 110792
"7f73cea0de15505c" 15878 135868
"e39ca61ef320fc9f" 114786 46573 113018
"35d23aee42c99f37" 50747 114215
"0e24829e7e8be880" 172930 67164 76697
"e90cde55a176af06" 110145 183204
"6c96457737802127" 172483 174725 66753
"c7ba6f346845a361" 135868 61315
"2919bac000a96ad6" 151059 50926 81448
"d2248aa6de1e498b" 138538 104222
"0217b2aaa946a04b" 68849 139574
"97ec5cdae936b70e" 172335 68934 106267
"c1dacb8630f1e8fe" 71116 25939
"55e4d53b27083fc5" 58887 68365 95620
"add7980234d95194" 121679 61354
"2c995a2f3250148c" 113980 38217
"d30d4b6bf89c8005" 99523 9065 183204
"ed9cfd4db22f282c" 76697 172930 113018
"0b9c74e801400ad1" 81448 50747
"4d704991831a5a74" 138538 114215 50838
"4182229245254c4b" 48763 36264
"cfb280ce0fc79d10" 25939 135868 67164
"7fd7d693c11fc4eb" 110792 114786
"1c6168722dc90745" 58887 183204 174725
"0420ce55a176af06" 110145 68934
"7b6925a3733f9dd9" 172483 172930 76697
"269b74e801400ad1" 81448 46573
"085c90c76fd14415" 139574 131578 144863
"926ac670c53b5535" 113131 68365
"6b4e88f65ae89fb9" 136775 61315 114215
"f78f1c95c33c7e05" 50926 50838 80762
"08806a2dc5d048bd" 61354 68849
"c329d19051299924" 176237 15878
"8132eb8630f1e8fe" 71116 121679
"da3f6b9e0eef6426" 104222 151059 60511
"d4f643e954d16725" 106267 66753
"dee146cb4391eec4" 113980 106267 9065
"b9bfd259be53ebc9" 95620 113018
"9402b8edab7eb2d8" 37727 38217
"d31d96a1ac18ceab" 99523 58887 104222
"205b4e7c738bf1d9" 172335 67164 15878
"de652a47c01d36f7" 61315 174725 81448
"c4126f346845a361" 135868 25939
"46eac77cf446ad08" 80762 113131 114786
"b40d329245254c4b" 48763 144863
"952759c34e62c10b" 142306 76274
"4eb35dca719efbc5" 106020 155915 3592
"24ec2132e1a1cab1" 50859 56678
"ebbe10463ff37017" 99108 86141
"fc18a871a91837cb" 110778 12119 33553
"2473a314caf1adc3" 52510 6095
"4f2a61784fae55ba" 151682 71277
"7b405039562b3734" 173334 168482 51758
"872b3928008f85e8" 87335 103936 42096
"ac768a624a42dc3d" 83611 139128 26902
"476a31023b1921d2" 69874 121738 52583
"2da720f88bf803c3" 35580 5017
"7256aff5c1109dde" 50662 41356
"24b6187cd8aee67a" 122629 13708 158096
"112d875f2c4c6b09" 108948 18208
"b7eca49dea9ba7df" 23416 12153 167701
"7b65ccec33d034d1" 91491 96387
"04ee3f6b99183837" 77605 85170
"0b3d0cd272ef74fe" 14248 33553 142306
"631553b0513a4be4" 6403 142306
"312c51784fae55ba" 151682 13708
"752d7e5c81a64db4" 49777 87335 110778
"3cf6eb20559078bc" 173334 121738 69874
"3b2bc9c056073b97" 139128 51758
"c18ce14a914be90f" 71277 50662
"a187643b1bb14be9" 86141 99108 23416
"4951c695c930020e" 168482 6095 26902
"ee9561784fae55ba" 151682 52583
"d9eef3f439769d41" 85170 173990
"87adeb03f702901f" 77605 18208 168482
"53228606da59ded4" 12119 151682 91491
"dfc1796adf3c8431" 14248 3592
"697a5035de42744f" 83611 121738
"522740f88bf803c3" 35580 133868
"1be87474849f661e" 6403 106020 5017
"d70c875f2c4c6b09" 108948 13708
"963a8e7c1de7a11b" 167701 50859
"f9d49c7b8172d38f" 96387 155915 41356
"7641e9c056073b97" 139128 142306
"7d51ffab7a8c9814" 6095 87335
"822a897146b35f83" 35580 33553 50662
"46c409e88c2481a5" 23416 133868 52583
"5a0bd4588f108224" 56678 121738
"c5288e0cc1d21c3c" 76274 77605
"4304bdd3553fe902" 110778 52510 83611
"e58d69e497e568a9" 162604 86709
"352e445a7387032a" 153665 183129
"59190b2bb2436e86" 107597 10700 92187
"ab8cb844eaccf785" 102131 51766
"9a19d413dba20059" 179836 78431 110449
"dad951b55f8f5be9" 45428 62556
"b57ba2ac02c91366" 181619 87127
"d376da4f205a8e72" 92478 16193 164345
"d472ef7b79985640" 112976 35024
"e23eba89d12ac72f" 103536 138257
"fac950ced9a2acb1" 135026 147960
"70cbf4fe104eeaec" 71334 22603 109849
"1167c844eaccf785" 102131 96141
"d44dfd943c5d110c" 55521 183603
"bdc59bfa599db0bc" 26887 65107
"52dca0edcb3e35b5" 178293 48775
"4060350da001035f" 9480 99969 119078
"34f4d0ddbf4e2dc2" 98893 6829
"28639f59ef458a20" 21204 111561 112976
"6194ca89d12ac72f" 103536 164345
"8874fb13cfc14c41" 21204 87127
"5b0b1b997a2e748e" 78431 86709
"7d73d39b25ea3f3d" 92187 22603
"232851b55f8f5be9" 45428 55521
"477fa2ac02c91366" 181619 103536
"3a200c13cfc14c41" 21204 135026
"62d096ee9345bac4" 16193 162604
"f666f9adf965dd69" 111561 96141
"3b45a27fdf32625f" 51766 9480
"b03ab30c07aebfcc" 138257 99969
"fefff0ddbf4e2dc2" 98893 183129
"486cd16211c0f171" 35024 48775
"f5c245b615ea771d" 92478 179836 62556
"a421cf197307a6a8" 183730 65107
"262fccb7dc662b5b" 6829 10476
"97aff16c1778c14b" 147960 45428
"f1384d8015f4abc4" 110449 86709
"b8e05f8382fe45e8" 86709 6829
"e34b363e0a611eed" 78431 99969 110449
"199fb0c1a5ae394b" 94175 138257
"9568d16211c0f171" 35024 32348
"a09540ced9a2acb1" 135026 65107
"704ee0ddbf4e2dc2" 98893 110449
"2d74dcb7dc662b5b" 6829 32348
"efac126c1778c14b" 147960 164345
"38e9c30c07aebfcc" 138257 164345
"31f440ced9a2acb1" 135026 62556
"8b93f08d9bcfed43" 76548 155671
"a83f81aea9368aeb" 170272 132470 40227
"ee93a14101cc79ed" 151517 15976 7032
"9aff1c4ffc0c2d74" 155148 31904
"5865e1744962e7ab" 137144 148160
"043dade24ef66372" 160315 43028
"e95898a9932f7154" 20526 48509 66526
"6ad0277660510c54" 106028 65789
"6e6d7cd19bcb7e11" 67895 92654
"0761354e28265042" 87397 26365 95841
"bccc344436d26957" 126725 46301
"d7f50b7a7f416fbc" 65734 9858
"48d8acbb56e0aee7" 171893 132070
"c868b308ad9fd277" 28039 6186 9858
"65b2505506e8ca9e" 152693 78008
"3820cf2295f869c2" 139249 129945
"9796a6348cbed4f7" 170269 79955
"6cfbdcf9aec5d7c9" 132860 132470 40227
"e476e3ea4f84e0c4" 43028 151517
"9bb983ede63289a0" 16300 129936
"52f30f0efc4b201d" 9276 16300
"402b66ea7a36ad88" 151517 2334
"b0f0597f5fcd25df" 59734 148160
"f7ddd08d9bcfed43" 76548 66526
"67631eaa038918b2" 72842 65734 126725
"40ec9dc67c21be23" 45959 132860
"7fea613648fdc042" 141324 92654
"e912f16f408f22cd" 46301 137144
"4abe92b03ddb4747" 20526 180321
"1ea17f1ce3c62b00" 155671 132070 160315
"a29d6e7ef13d1ea8" 129945 78008
"6820613648fdc042" 141324 48509
"9c5a377660510c54" 106028 170272
"11dc397f5fcd25df" 59734 65734
"fb2ec08d9bcfed43" 76548 2334
"04b881b594dc7bf5" 132470 65789 7032
"86fc66ea7a36ad88" 151517 9858
"9c5eba02248651db" 26365 155671 129936
"40f78f96d241407f" 41832 9276 28039
"2994d16f408f22cd" 46301 16300
"43b492b03ddb4747" 20526 139249
"d876b74ffa14370b" 126725 92654 180321
"c6cf64a6a78bbf00" 152693 66526 170272
"1df6418053cf2139" 95841 67895
"cdbc685bfed5274a" 79955 7032
"7786995320fcac97" 6186 15976
"5785a5c4dfa377c9" 103993 60899
"f0147d4a6607b545" 11946 184554 176042
"7592869e6bba12a1" 53992 124962
"49ca922f0c711157" 59327 131252
"77df908b2c4fd929" 9848 43202 173596
"789eb3d924d98539" 140900 179515 36603
"c589f32e1e356f9f" 140009 64730
"30d59bb01afd7a21" 121864 7470
"6380a345a555495a" 30896 17039 6458
"e515648a0ca5a42f" 137166 121595
"b8381de32eac6532" 80629 78957
"c134b698997aa4c2" 46640 185663
"b2fdbb2abbd2b8be" 119316 140730
"38f9a0fb15100cb7" 9848 39934
"ddc110ad3e6f8293" 148254 159241 184465
"d715b8e6bd8024a5" 129612 80631 91453
"099735c6a532bddd" 155955 179660
"2d4101d2ac41dacd" 110336 45157
"9f5ed7d4f7d09d1e" 111118 100950
"d6658c1c76a17d71" 3156 38844
"bca59d438c908ced" 36603 68063
"1b3ada49e22fb75a" 176042 124962
"87113a707324d537" 11946 140009
"2055bd86c317ab97" 43202 179515
"cf15a22f0c711157" 59327 173596
"cadbccb552cb8d73" 179660 60899
"a5d63d326de53814" 140730 36603
"04307f2210618c06" 100950 78957 53992
"eaff0b14f516c323" 136737 3156
"6173e1d3b0a77b25" 62548 45157
"d7aa79dfc2230f46" 185663 121595 148254
"d47922e255a72227" 131252 38844
"5427032e4175a2bb" 111118 46640 137166
"26f901d2ac41dacd" 110336 80629
"86c45d326de53814" 140730 159241
"7e7f91ef385233a5" 6458 121864
"f8ecb537d7584e06" 7470 129612
"b4f389560f07b63d" 39934 9848
"6fd0a0d6b699a180" 64730 80631
"f84ec32fe4a9e491" 90893 103993
"ad8af68fc201bcf5" 91453 119316
"ebe1fad23850e554" 140900 184554 17039
"a242d591c6e20e25" 173596 148254 68063
"635eff3baa0efd94" 184465 6458 43202
"7c4d7f4fdcd9411c" 38844 137166
"6e07f44d7c138c85" 53992 111118 59327
"62bfaf9ddf518f1a" 8895 36934
"79c30dbf20cd222d" 142402 5968
"0419bd9eab2ba773" 155219 61889 66591
"3f68e363cb139a98" 26447 182691 45692
"d357bcf0f52db7e3" 20780 37268
"fd9be0e16e9e5731" 88326 95652
"798118ed33356039" 138805 8895 119262
"9d2f7b1856914219" 61889 176223
"f41bd7d52eb93711" 2190 20780
"e91960211e7d14c5" 103537 92409 140247
"0a365c0e8ea53cf5" 105664 93767 108476
"45ee633031450338" 132387 17153 182691
"f78d797fb5e9532d" 36934 1263 72093
"72d2eaa2f71d0594" 120371 185801 59070
"15bb8ab98b05b3de" 80988 186422 2190
"eb1e86ec30a9aa0b" 47779 123593 19557
"a2e440af5fe3ace9" 92032 183688 92409
"424da5fc481da8ef" 116759 20780 67952
"3bfad9d2ef237583" 8895 17153 88326
"358a8b03e3e26611" 1664 45692 59070
"defa18ed2ced2987" 8837 183688 53231
"ff4938441eb95eba" 138805 103537 108476
"024f84bdfd67fc08" 105664 92032 116759
"6a85749188dc178c" 72093 66591 19557
"183257687822c6f0" 93767 61889 19532
"650c49c5db673792" 5968 85542 26447
"58066ba4babd9f3f" 155219 176223 119262
"437624ca40fbdb02" 132387 20780 37268
"e5619d3e3b49edd2" 17153 182691 19557
"cb378b9b23f94077" 85542 140247 151602
"09f3c754099b1113" 45692 92409 88326
"698bbcc1150a5f83" 26447 2190 67952
"f9e43be95dec5e99" 137728 142402 69884
"c17134c567d4cddf" 26728 47779 95652
"4c5022ce8e324e6d" 8895 123593 53231
"4f7460f224efff48" 186422 85542 116759
"8a386ef1f6eee7c2" 137728 105664 66591
"3029c2cacc789046" 183688 59070 19532
"54e5f20047cb2e78" 8837 103537 151602
"cd9fa11786393055" 1263 5968 108476
"e17317c256a8ad7e" 185801 92032 95652
"43d8579c99cd1466" 1664 61889 119262
"767fa3f1583bd57d" 72093 92409 37268
"e80c34360c906fe8" 36934 176223 69884
"026038adad830730" 120371 80988 92032
"bd0582d008b74ba3" 93767 132387 20780