"d234700f43d132de" 17 163 4 31946 44 51 554 1022 80 199627 51 7346 7709 80 1043 44 4932 1179 1172478 -1 -1 0 0 0 0 8 7 7 5 6 7 5 3 4 3 0 0
"bcbc42e3db382277" 19 4 407 866 28 275 509 158 3372 80 199627 192 386 166 184 1057 252 103 4513 199372 1172479 -1 -1 0 0 0 0 9 8 7 8 8 6 4 7 6 7 0 0
"8466997ff1f290dd" 18 127 51 5695 3769 80 146 6919 80 199627 739 4 12 4523 42 80 231 1749 1179 1172480 -1 -1 0 0 0 0 7 6 8 6 7 7 4 5 5 4 0 0
"f13ece9b810bff19" 26 568 848 1024 80 120 14 460 4 51 1369 80 199627 1767 590 453 4 5595 80 2098 80 283 747 36 30 2469 1179 1172481 -1 -1 0 0 0 0 7 6 9 7 6 9 5 3 3 3 0 0
"4f54c2d0608ca8c9" 21 4 127 14 231 70 29501 77 4214 80 199627 24 19 245 234945 6328 711 80 369 12 7169 1179 1172482 -1 -1 0 0 0 0 9 8 7 6 7 9 9 2 2 3 0 0
"bb613045dafa976a" 21 63 14396 19 154 2259 1230 80 199627 158 16520 17 11557 80 154 229 61 80 550 51 8205 1179 1172483 -1 -1 0 0 0 0 6 5 6 5 6 4 2 8 4 8 0 0
"4fa60626cfa13ac6" 30 590 2995 42 80 283 5277 80 456 330 152 19 1525 14 89 80 199627 154 2595 3351 80 154 229 28 5002 80 590 1082 60 406 1179 1172484 -1 -1 0 0 0 0 8 7 6 8 7 5 5 4 5 6 0 0
"505fc6eaf6592417" 26 227 275 19 30 46368 80 74 206 19 2364 80 199627 4 153 16520 321 80 590 1531 28 908 80 166 20 8665 1179 1172485 -1 -1 0 0 0 0 9 8 8 8 8 6 3 5 4 5 0 0
"b404adaeb8abb351" 23 127 51 783 510 80 1317 28 2202 44 1093 80 199627 206 19 656 19 21111 80 453 908 629 33 1179 1172486 -1 -1 0 0 0 0 7 7 9 6 5 4 3 4 3 5 0 0
"b766178abe3b7922" 21 6227 150 3458 1138 80 90 879 39700 80 199627 36 70 28 54546 518 492 60 76 30 3821 1179 1172487 -1 -1 0 0 0 0 8 8 7 9 7 5 3 4 3 6 0 0
"14ddb0bed8684085" 24 163 28 4180 44 30 1370 80 330 477 232 42 80 199627 10226 3387 586 451 80 184 6 7 74 2317 1179 1172488 -1 -1 0 0 0 0 7 6 8 7 6 4 2 5 3 6 0 0
"24b2dac81f37b86b" 26 419 4853 19 30 4180 80 330 114 70 700 51 4208 80 199627 103 2268 234932 80 25738 102 6119 1229 80 1028 60 1179 1172489 -1 -1 0 0 0 0 6 5 7 7 5 5 7 5 4 7 0 0
"31363dabe2ea449a" 23 330 2348 2174 28 5737 13680 80 199627 249 369 1267 46 28 29 47 80 212 28 17341 3162 70 172 1179 1172490 -1 -1 0 0 0 0 9 8 8 7 6 5 4 6 5 5 0 0
"04c3e960a3f7fa47" 21 330 12 20 6174 102 30 1160 80 199627 249 330 166 283 527 80 330 255 6921 174 633 1179 1172491 -1 -1 0 0 0 0 7 6 7 6 6 3 3 5 4 4 0 0
"ed918940bb6b3f4e" 24 1767 5881 102 1767 30 4044 77 30 706 80 199627 798 14895 51 8834 5926 80 1009 58 5941 2174 79 646 1179 1172492 -1 -1 0 0 0 0 6 6 8 6 5 4 3 3 4 3 0 0
"90a26b8cf05b96c3" 31 369 1267 2455 42 28 3025 80 199627 1267 292 102 16520 30 12088 80 199627 563 456 28 234826 2640 80 369 1267 232 3846 80 146 2911 599 1179 1172493 -1 -1 0 0 0 0 7 7 9 8 8 5 2 3 4 5 0 0
"dcb0827f5e4248ed" 22 28 1024 127 14 231 1896 554 80 199627 120 14 421 4 879 39700 80 119 43 4 1267 119 1179 1172494 -1 -1 0 0 0 0 8 9 7 8 7 6 3 2 9 5 0 0
"15795f3645787e50" 27 330 2348 10803 28 5737 19 2597 8 8598 80 199627 249 369 1267 212 28 29 47 80 28 246 51 1003 208011 146 4701 1179 1172495 -1 -1 0 0 0 0 5 6 5 9 4 8 3 6 4 8 0 0
"d218f10fdc7e75ac" 34 386 166 184 11 1057 271 2567 44 1342 80 199627 743 5360 770 89 80 166 4 13 80 199627 184 321 249 184 153 66 474 80 11 120 770 20 1179 1172496 -1 -1 0 0 0 0 7 9 6 7 5 9 4 8 2 9 0 0
"7a301cf77e5c896a" 42 277 19 638 770 89 80 249 184 808 2995 80 199627 563 252 5188 80 859 2919 30 4355 80 199627 235051 271 8832 80 235052 271 2688 80 199627 859 443 920 5277 80 4 153 43 369 1208 1179 1172497 -1 -1 0 0 0 0 7 7 8 9 4 9 4 9 9 8 0 0
"1b091f2b25a10036" 45 297 10095 5049 36 30 2259 915 80 199627 249 352 146 2585 603 24 80 550 70 11 51 14825 80 199627 249 14 80 369 16487 4 866 28 275 80 199627 74 2972 892 80 199375 20 150 1895 768 222 1179 1172498 -1 -1 0 0 0 0 6 5 6 5 7 7 8 4 9 5 0 0
"05221cd285121494" 46 807 28 6354 44 103 1902 39 80 199627 277 19 707 544 408 30 34401 14825 80 199627 859 453 51 656 19 21111 80 475 184 114 1531 271 908 80 199627 49 382 25 28 319 80 234847 7989 80 60 786 1179 1172499 -1 -1 0 0 0 0 8 7 7 6 8 4 5 7 9 5 0 0
"0b8debb22f36d416" 30 369 1267 782 80 1267 4522 80 1267 4033 603 1262 80 199627 1267 292 102 16520 30 4065 80 1267 879 36 30 1605 80 223 550 2157 1179 1172500 -1 -1 0 0 0 0 9 8 9 7 8 5 4 3 5 6 0 0
"ce1b6a365ea3f874" 45 330 2348 232 14 89 80 249 16520 174 3274 80 199627 166 637 638 14 24 80 4 153 16520 321 80 199627 229 279 590 632 14 408 227 28 962 80 199627 199375 119 60 28 139 80 199375 4522 144 1179 1172501 -1 -1 0 0 0 0 7 7 8 8 4 6 4 5 9 8 0 0
"891f9292c23d7a12" 49 330 2348 7605 14 80 330 2348 2174 28 646 80 199627 249 199375 255 32 33 80 199375 146 436 8 706 80 199627 1267 212 51 3162 19 27 28 29 47 80 199627 166 20 23 89 80 369 1267 707 544 408 103 358 1179 1172502 -1 -1 0 0 0 0 6 6 7 7 5 7 4 6 7 7 0 0
"28584fa8ed8d7d77" 26 798 2940 103 83 10897 80 127 43 798 1466 36 80 199627 184 11 12 20 544 80 249 255 53 243 73755 1344 1179 1172503 -1 -1 0 0 0 0 5 6 2 3 4 5 6 8 4 4 0 0
"936aad779f1da311" 37 4 11 757 192 4300 80 127 14 44 51 7936 80 199627 456 369 2929 849 80 637 1499 56 7632 1179 199627 158 28 1557 62047 14 474 80 173 30 161 369 3621 1179 1172504 -1 -1 0 0 0 0 7 7 6 6 5 8 7 5 8 4 0 0
"c6da970d5cef8912" 20 58805 25 3769 80 231 192 1366 80 199627 590 1057 60 42 80 229 590 120 103 222 1179 1172505 -1 -1 0 0 0 0 7 5 9 6 5 4 3 2 5 6 0 0
"66645e9be747847f" 35 369 2929 849 90 163 4 70 172 80 199627 249 28 721 808 127 28 24 80 192 1525 60 83 1179 199627 90 456 369 1740 30 10985 80 4 596 153 1179 1172506 -1 -1 0 0 0 0 6 5 6 5 5 8 7 4 6 4 0 0
"d7009c99b6df02b8" 35 184 484 51 510 1237 80 184 1317 30 2202 80 199627 58 184 15847 271 7790 90 9989 19 669 1042 1179 199627 13718 7299 49 30 3387 80 425 184 2441 4178 1179 1172507 -1 -1 0 0 0 0 7 6 7 8 6 5 5 5 4 5 0 0
"72985e3c2c666acf" 32 150 600 566 6972 80 192 5742 199627 120 14 879 36 30 1605 80 234870 629 49 14 1179 199627 229 637 590 638 14 24 80 16520 270 544 1179 1172508 -1 -1 0 0 0 0 9 8 9 7 8 8 4 3 6 3 0 0
"ec20c15aa7dcf3d4" 23 568 848 1024 80 4 2139 28 4527 80 199627 330 70 12 20 11 102 770 80 330 11 166 3380 1179 1172509 -1 -1 0 0 0 0 7 7 7 6 7 5 3 2 5 2 0 0
"2906e557f3a120b5" 33 108 2437 19 30 226 2669 39 80 199627 249 808 184 166 27 3791 80 550 174 11635 1179 199627 158 28 246 391 51 292 80 235053 232 458 73755 1179 1172510 -1 -1 0 0 0 0 8 7 6 8 7 6 4 8 4 8 0 0
"642794d57c3a84f3" 22 369 6 7 74 8255 80 184 11 5002 80 199627 739 4 12 6876 42 80 200450 212 103 1895 1179 1172511 -1 -1 0 0 0 0 6 6 7 6 6 6 4 3 5 3 0 0
"9231e35853138904" 32 30 4509 19717 19 638 770 24 80 249 184 707 544 80 199627 227 271 2567 80 1418 891 271 29 139 80 344 11 28 5002 80 4 13 1179 1172512 -1 -1 0 0 0 0 8 7 7 9 7 6 4 7 5 9 0 0
"bd050926a2d28a6a" 38 199374 650 5277 937 4 2929 866 28 275 80 199627 90 9584 4 391 30 634 1146 199374 370 192 633 80 344 74 3757 1179 199627 90 150 600 80 1330 915 966 192 5742 1179 1172513 -1 -1 0 0 0 0 9 8 8 7 8 8 4 3 8 3 0 0
"6b42cb62c3f76543" 26 28 234821 127 28 24 80 344 70 369 7 80 199627 10226 3387 80 184 658 283 144 845 44 271 139 80 3374 1179 1172514 -1 -1 0 0 0 0 6 6 7 6 6 6 3 3 5 3 0 0
"e980942bf306da7b" 35 44 51 554 7709 80 1334 586 72 80 199627 5054 39700 200449 2167 629 192 633 1179 199627 1961 271 12979 80 163 271 1841 804 80 425 1334 6921 36 30 1160 1179 1172515 -1 -1 0 0 0 0 9 8 8 7 8 6 3 5 8 7 0 0
"fe4dbfb3b227d7aa" 28 807 28 8948 80 28 443 6354 80 199627 90 798 14895 51 8834 5926 513 128 80 199627 271 61 12196 102 1229 80 8198 89 1179 1172516 -1 -1 0 0 0 0 9 8 7 6 7 6 8 3 8 8 0 0
"15368bd27f54f08c" 21 22850 192 4300 80 344 559 184 119 80 199627 1629 154 4043 3969 1082 866 51 8894 915 174 1179 1172517 -1 -1 0 0 0 0 7 6 6 7 7 6 3 2 5 3 0 0
"57816298e352e278" 40 297 1818 80 330 192 2253 19 2358 80 199627 114 51 340 161 27448 80 2118 49 6881 199372 199627 9099 173 1072 80 4 460 14 103 231 80 199627 102 16520 4438 7221 245 1489 8952 1179 1172518 -1 -1 0 0 0 0 9 8 7 6 7 6 4 3 7 6 0 0
"35b809f36799fe26" 21 352 1310 330 391 4176 80 49 4183 90 4275 80 199627 249 297 4712 61 88 11 30 1299 1179 1172519 -1 -1 0 0 0 0 6 6 5 6 6 6 3 3 5 3 0 0
"e0103e0e87be2432" 54 158 798 299 136 798 1253 14 80 369 153 550 33 80 199627 114 97 340 304 27448 90 24 60 42 174 199372 199627 798 185 798 7 511 14805 80 249 199375 20 79 21912 80 199627 199375 1895 154 4164 70 30 139 80 74 7 36 51 21339 1179 1172520 -1 -1 0 0 0 0 6 6 6 6 6 6 4 3 5 3 0 0
"8075645ea1fa4479" 27 4 1267 8190 60 44 1957 80 453 561 330 13 80 199627 249 456 60 2287 19 61 80 4 166 278 19 20 5888 1179 1172521 -1 -1 0 0 0 0 7 6 6 6 6 9 4 2 5 2 0 0
"31f1866471adaad6" 28 2241 80 352 127 28 246 10139 80 70 30 139 89 382 17647 80 199627 29962 42 603 62104 28487 80 127 14 15359 192 1056 1179 1172522 -1 -1 0 0 0 0 8 7 6 6 7 6 4 2 5 2 0 0
"c25d3f6ac539e859" 22 290 390 330 153 80 249 330 6 2718 80 199627 340 398 80 340 61 80 104 43 184 5631 1179 1172523 -1 -1 0 0 0 0 8 9 10 9 6 5 4 0 10 8 0 0
"252767b2c1b6b959" 32 915 80 566 4 747 36 14 80 119 4 153 43 369 1208 199372 199627 103 61 104 102 51 2897 80 90 550 586 770 19 30 29081 3025 1179 1172524 -1 -1 0 0 0 0 7 9 9 8 6 6 7 0 9 6 0 0
"71231b012a19b4cc" 20 4 879 60 46622 80 76 44 30 2591 80 199627 23589 77 61 80 11 4 90 14 1179 1172525 -1 -1 0 0 0 0 9 8 7 7 6 4 7 3 8 6 0 0
"688c1dbac7da9190" 24 158 4 251 30 100 80 4 1267 20 83 150 782 80 199627 60 14483 28 1964 80 10290 14 231 1056 1179 1172526 -1 -1 0 0 0 0 8 7 8 6 9 5 5 2 4 1 0 0
"25b03da8451a4c88" 22 4029 915 80 386 4 1267 20 102 154 199372 199627 425 16520 697 2951 42 80 231 3701 90 20451 1179 1172527 -1 -1 0 0 0 0 6 4 6 7 4 4 4 0 3 2 0 0
"9bce9d5d3b212bb2" 29 807 51 2688 44 382 29 474 80 74 7 36 51 5228 80 199627 570 12928 77 382 215 80 352 43947 382 61 102 51 21363 1179 1172528 -1 -1 0 0 0 0 7 6 7 8 7 5 8 1 9 7 0 0
"ff9a53fcf228ed49" 21 1112 369 11 12 707 89 90 1532 80 199627 249 184 70 251 245 117839 13940 19 283 25 1179 1172529 -1 -1 0 0 0 0 5 3 4 6 4 4 4 0 5 4 0 0
"cc4e732511e6565b" 23 4725 8198 408 30 2163 80 369 229 1063 80 199627 70 28 4805 407 408 24406 80 5943 9052 150 3012 1179 1172530 -1 -1 0 0 0 0 9 3 8 4 7 5 5 9 3 7 0 0
"f6462dfa97c8c375" 24 369 6568 80 8500 216 80 249 60 229 74 2919 80 199627 200449 551 637 28 7661 80 5943 855 44 14372 1179 1172531 -1 -1 0 0 0 0 8 5 6 7 6 4 2 0 5 6 0 0
"5b4d4facec202ada" 24 330 185 61 104 51 6554 80 249 344 4823 80 199627 200449 16520 808 474 749 80 102 51 5854 369 7357 1179 1172532 -1 -1 0 0 0 0 6 4 5 7 6 4 2 0 3 4 0 0
"c777b744c64b3dcb" 23 798 166 232 42 80 255 1110 36 511 80 199627 249 9268 9221 144 28 16277 80 574 19 28 1340 1179 1172533 -1 -1 0 0 0 0 7 6 8 6 7 5 7 0 7 7 0 0
"f141c6078246fc00" 32 369 7 19 106 1608 80 369 944 20 348 761 80 199627 200449 76 848 44 103 39 80 16520 11 51 476 3478 6620 44 51 1351 235054 70534 1179 1172534 -1 -1 0 0 0 0 7 4 6 7 8 4 4 3 6 8 0 0
"0758e80c628e0e81" 22 456 30 2651 2443 80 11 119 150 1394 80 199627 249 114 51 340 304 27448 80 212 51 972 1179 1172535 -1 -1 0 0 0 0 8 7 8 7 6 6 6 0 7 5 0 0
"03bf396f0ba3fc9d" 25 1767 255 8936 36 511 14805 80 166 4 13 199372 199627 369 11 251 4 19 153 80 798 229 527 36 14 1179 1172536 -1 -1 0 0 0 0 7 5 6 5 7 4 6 0 6 6 0 0
"caa56c8f612fa0ca" 24 563 49 70 150 4355 80 4 996 255 28 7944 80 199627 90 16520 808 474 749 80 8936 36 150 8468 1179 1172537 -1 -1 0 0 0 0 7 6 6 5 6 4 4 0 7 6 0 0
"0ca9911ce875902b" 29 4 390 173 747 36 103 80 249 4 229 146 360 80 199627 30 139 369 656 80 70 30 139 89 382 17647 80 352 14712 1179 1172538 -1 -1 0 0 0 0 9 9 10 7 8 6 8 3 4 2 0 0
"f205dd1a52258ba0" 29 369 6 7 19 4033 1167 80 114 51 340 304 27448 199372 199627 184 20 22850 192 4300 80 1629 30 235055 44011 2258 396 855 4553 1179 1172539 -1 -1 0 0 0 0 9 10 9 9 8 5 2 1 2 8 0 0
"d6ae476a35211a8f" 22 458 8185 90 23589 80 60 20943 4 749 80 199627 4 22 12 630 80 17 563 36 51 2831 1179 1172540 -1 -1 0 0 0 0 9 7 8 8 8 9 6 4 5 9 0 0
"7f842287b97530db" 36 44 30 4947 80 30 11335 3807 80 860 283 1043 44 30 9443 80 199627 4712 61 88 80 249 158 4 251 30 100 80 4 71 20 747 19 212 30 1268 1179 1172541 -1 -1 0 0 0 0 8 9 10 7 7 8 4 4 2 6 0 0
"23b64a1f79007d2a" 23 1043 83 51 476 3478 83 243 1677 1044 80 199627 9268 19903 509 330 9221 144 30 16277 80 574 14 1179 1172542 -1 -1 0 0 0 0 6 7 9 8 7 6 7 9 3 6 0 0
"d3cc0afcb8adb4cc" 23 117839 13940 90 2012 3903 80 344 70 184 7 80 199627 10139 89 30 29081 80 227 275 53 31 7293 1179 1172543 -1 -1 0 0 0 0 8 7 10 9 9 3 4 3 2 2 0 0
"88fc872782655b52" 24 369 904 19 20 192 481 257 80 425 16520 11 51 4633 80 199627 12141 1050 102 62104 28487 80 369 5634 1179 1172544 -1 -1 0 0 0 0 7 6 8 7 8 4 5 4 2 3 0 0
"4fc1d1959701689c" 35 4 460 14 154 231 80 2441 28 246 2469 80 199627 1629 154 4043 3969 1082 866 51 8894 3969 80 231 60 70 30 139 89 28 17647 80 369 166 3569 1179 1172545 -1 -1 0 0 0 0 8 9 10 8 8 7 7 2 3 4 0 0
"40761f2d35cd6b30" 25 127 4805 76 44 24406 80 330 127 28 24 80 199627 249 761 369 11 1267 20 348 80 166 20 72 2662 1179 1172546 -1 -1 0 0 0 0 9 8 7 6 7 4 4 2 3 4 0 0
"15eecc5f0ac9e58d" 28 4029 77 154 915 80 227 382 634 275 80 199627 4 290 10704 44 51 31485 1031 352 7962 60 44 46622 80 231 74 7387 1179 1172547 -1 -1 0 0 0 0 7 8 7 7 7 10 2 5 2 4 0 0
"8deae098a217e639" 23 16520 231 192 52 80 249 551 74 161 28 7661 80 199627 90 550 960 77 5888 559 275 114 2022 1179 1172548 -1 -1 0 0 0 0 7 6 6 6 6 2 3 3 7 4 0 0
"b952d5879c94d87a" 30 184 70 251 154 117839 13940 80 4484 90 51 1795 174 80 199627 249 1112 70 369 114 119 104 1532 28 600 76 80 231 192 622 1179 1172549 -1 -1 0 0 0 0 8 7 9 8 8 3 2 5 2 7 0 0
"938915e764dc369c" 27 184 879 30 1299 831 515 178 475 184 251 19 20 80 199627 249 541 786 19 208 21424 80 550 823 19 707 544 1179 1172550 -1 -1 0 0 0 0 7 6 7 6 6 3 2 4 3 5 0 0
"c21c097f74728eac" 28 290 390 330 153 43 369 7 80 249 330 6 13 80 199627 369 11 251 245 2253 19 2358 3467 80 344 70 36 14 1179 1172551 -1 -1 0 0 0 0 9 10 9 9 9 4 3 1 2 8 0 0
"aa6f237c352e5986" 24 9268 5062 144 28 16277 80 166 3569 30 128 80 199627 340 398 227 340 2567 80 11 277 19 20 956 1179 1172552 -1 -1 0 0 0 0 8 7 8 8 7 6 4 5 3 6 0 0
"4e3c6c66a961ef28" 23 4370 408 24406 80 127 28 24 44 30 2919 80 199627 249 1112 4 11 1267 8190 90 119 66 474 1179 1172553 -1 -1 0 0 0 0 5 6 7 8 6 4 4 5 4 7 0 0
"14c6fdf176b8d0ea" 27 4 290 42756 44 51 31485 80 249 550 70 11 51 1183 80 199627 798 185 798 7 511 14805 80 249 369 596 153 1179 1172554 -1 -1 0 0 0 0 6 7 6 5 7 4 4 5 3 4 0 0
"51395f520f24aebc" 37 166 27 51 129 154 114 5832 28 4596 80 199627 249 330 70 808 1409 1037 103 208012 5910 80 199627 199375 248 28 8500 19 2919 80 199375 481 42 51 340 108 2919 1179 1172555 -1 -1 0 0 0 0 7 8 8 8 6 6 5 5 4 6 0 0
"6ddfab1ea5b38eb4" 36 369 904 19 1532 1133 28 600 564 4553 80 199627 352 1310 382 61 391 9984 4176 80 249 550 11 709 3757 80 199627 70 54 30508 566 11 51 694 77 4823 1179 1172556 -1 -1 0 0 0 0 7 8 7 7 6 6 4 5 4 5 0 0
"916d3c1be4d1a7f4" 21 70 103 9391 127 14 5378 1364 80 199627 249 369 808 7 5088 80 1267 32 83 28 1059 1179 1172557 -1 -1 0 0 0 0 6 7 7 6 6 4 4 4 5 5 0 0
"a1c83e78a1a0b57f" 29 61 104 102 528 80 30820 1364 80 199627 3251 14 36 70 28 8661 5601 80 199627 603 14652 127 14 2594 80 28 234826 44 2103 1179 1172558 -1 -1 0 0 0 0 7 8 8 7 7 5 7 6 7 4 0 0
"e67b3995ec278439" 31 369 114 13 144 150 4355 80 150 234946 17 226 80 199627 192 4 558 153 25 425 80 537 80 369 255 127 150 24 509 150 1226 1179 1172559 -1 -1 0 0 0 0 6 7 8 6 6 6 6 5 5 4 0 0
"1ab14af5265e7b10" 18 4 12 153 559 60 1483 80 199627 192 120 14 1426 4 49 11 161 10732 1179 1172560 -1 -1 0 0 0 0 8 8 7 7 7 5 5 4 6 4 0 0
"2a8b487a9c5c7b33" 36 369 127 382 1156 28 3483 80 352 166 3651 80 199627 352 136 352 816 28 29052 80 369 166 1028 60 80 199627 200450 4300 83 51 1557 80 859 146 278 103 1179 1172561 -1 -1 0 0 0 0 7 8 8 8 6 7 6 5 5 6 0 0
"8b4672ae6013d747" 40 184 41085 144 30 1237 80 60 391 987 51 3025 80 199627 352 407 70 30 139 408 43568 80 127 14 231 7013 80 199627 3645 4044 80 807 28 2688 80 227 275 102 51 1010 1179 1172562 -1 -1 0 0 0 0 8 7 7 6 6 5 4 5 6 4 0 0
"30ccbc055f5362d9" 20 352 890 28 646 1156 235056 235057 80 199627 28 600 566 362 408 70 30 61 90 14172 1179 1172563 -1 -1 0 0 0 0 7 8 6 5 6 4 3 4 6 3 0 0
"2df82f242c2b24e6" 24 120 14 1426 4 11 617 80 11 161 206 80 199627 90 4 114 228 150 27583 228 80 550 70 1056 1179 1172564 -1 -1 0 0 0 0 8 7 6 7 6 6 4 5 5 4 0 0
"a866aa8d05fe1c21" 26 200450 4300 83 51 1557 80 200450 11 212 30 6140 80 199627 283 154 30488 24 83 2937 80 859 453 271 29 20616 1179 1172565 -1 -1 0 0 0 0 7 8 7 7 6 5 4 5 4 5 0 0
"c607589860534a59" 52 11 629 1105 14 80 1024 80 6 20 18 80 199627 283 14 44 70 21824 77 1716 80 344 559 859 436 80 199627 344 70 4 1267 119 19 20 30 2688 77 30 1237 80 1895 154 3455 80 119 30 143312 80 90 638 83 6392 1179 1172566 -1 -1 0 0 0 0 9 7 8 9 6 5 3 5 4 6 0 0
"9b6c494193e2858c" 25 330 4548 770 80 425 330 1786 184 361 80 199627 304 80 199374 255 68 30 5119 3884 80 74 7 19 35173 1179 1172567 -1 -1 0 0 0 0 6 6 6 6 7 5 6 4 6 4 0 0
"b120a6b870ade61c" 25 369 6 7 74 1716 80 11 460 14 108 891 80 199627 4 370 12718 150 4364 80 425 16520 10391 28 1257 1179 1172568 -1 -1 0 0 0 0 8 6 7 8 7 8 5 3 6 3 0 0
"762cae74a4c23375" 21 352 1317 28 246 80 915 4 4954 14 108 80 199627 19881 709 304 83 30 2179 102 5649 1179 1172569 -1 -1 0 0 0 0 9 8 7 8 6 7 7 3 4 3 0 0
"000e526aaebb9b46" 22 199375 232 28 5434 42 90 28 600 2669 388 80 199627 166 1312 4 74 511 80 3032 68 1902 1179 1172570 -1 -1 0 0 0 0 7 7 7 8 8 8 6 3 8 3 0 0
"928c1e605062130e" 24 369 5428 406 80 90 70 369 13 104 3645 4044 80 199627 166 3569 30 1886 80 550 11 51 6819 1146 1179 1172571 -1 -1 0 0 0 0 7 5 6 5 6 7 4 6 5 6 0 0
"85316428db265f9d" 26 283 44 2484 49 30 1180 80 106 30 3404 490 80 199627 120 60 4930 770 90 460 770 5088 80 120 60 1183 1179 1172572 -1 -1 0 0 0 0 8 7 8 6 6 7 3 4 7 4 0 0
"194ccc75411c19f8" 24 807 127 154 43568 5002 80 127 14 653 80 199627 255 280 14 44 1716 80 249 807 30 161 369 1165 1179 1172573 -1 -1 0 0 0 0 7 8 7 6 6 9 5 5 7 5 0 0
"4642acbd3441e14b" 23 967 42 80 421 14 76 80 120 14 7054 80 199627 28 600 566 362 408 70 30 2602 90 12970 1179 1172574 -1 -1 0 0 0 0 6 6 7 6 8 6 4 3 4 4 0 0
"2bd4e78659315322" 23 369 13 154 757 77 4951 83 382 92 80 199627 807 2348 836 28 5002 80 481 14 44 28 1022 1179 1172575 -1 -1 0 0 0 0 6 7 6 5 5 5 6 5 5 5 0 0
"8afceb640bd58644" 24 369 106 4692 80 102 51 3120 80 51 492 129 80 199627 249 369 166 1312 637 80 17 563 28 5452 1179 1172576 -1 -1 0 0 0 0 8 6 7 7 6 6 4 6 5 5 0 0
"fa4bc0d211749d0b" 29 150 61 80 150 61 80 150 61 80 60 6133 192 499 80 199627 386 119 369 255 96 19 1532 172 80 192 2283 90 3701 1179 1172577 -1 -1 0 0 0 0 9 9 7 8 8 8 3 3 9 6 0 0
"045b9e2fed2aae61" 26 28 234829 42 44 30 6871 80 28 234826 83 30 3343 80 199627 166 232 28 1059 83 30 1389 80 255 231 62660 1179 1172578 -1 -1 0 0 0 0 6 5 6 6 6 6 4 4 5 6 0 0
"a750e6d0b40d6f21" 26 6838 14 36 28 3452 77 4179 80 369 4307 80 199627 166 250 249 1898 53 603 14652 80 2539 28 80 2539 28 1179 1172579 -1 -1 0 0 0 0 6 7 7 6 5 6 8 4 3 4 0 0
"fdb761aaddaee9b2" 25 28 1818 216 823 90 2012 80 102 528 44 30 1237 80 199627 120 14 1426 4 161 206 80 453 541 474 1179 1172580 -1 -1 0 0 0 0 7 6 8 7 6 6 6 3 6 5 0 0
"ac04d02ce6f20ce9" 32 127 382 2359 49 11 51 757 80 199627 568 2762 80 967 19 43 16520 2348 185 80 199627 90 352 394 14 352 816 102 243 6304 788 621 1179 1172581 -1 -1 0 0 0 0 7 9 8 7 6 5 4 5 6 5 0 0
"f170b363cfde2b64" 44 184 41085 144 30 4156 80 257 509 161 80 199627 150 61 80 150 61 80 150 61 80 10290 14 83 30 855 80 199627 304 16520 30 8134 161 80 30 5119 3884 80 83 30 2995 80 2187 161 1179 1172582 -1 -1 0 0 0 0 8 8 8 7 6 5 5 6 7 4 0 0
"37661591e21b341b" 30 127 30 30488 24 83 2662 80 199627 466 78894 25204 80 229 74 1091 24 80 199627 90 330 4300 406 83 14485 80 227 275 252 1035 1179 1172583 -1 -1 0 0 0 0 7 6 9 8 6 7 3 6 5 5 0 0
"8bbf92dd9d16de09" 37 369 166 208 144 103 253 80 2911 28 5985 80 199627 249 16520 51 492 129 80 4692 563 456 369 3609 80 199627 28 4787 8228 80 453 1957 3935 49 6729 788 3610 1179 1172584 -1 -1 0 0 0 0 8 9 8 9 9 7 1 4 7 3 0 0
"89ec8c19f79dad0b" 35 10156 146 12244 243 4527 80 330 6 824 80 199627 13 559 60 1483 19 20 3909 90 7794 80 199627 249 290 808 20 1482 14 80 14144 14 2995 252 748 1179 1172585 -1 -1 0 0 0 0 6 5 7 4 5 5 2 6 4 7 0 0
"7b203f1f8fd4a504" 37 369 4300 83 51 1557 80 227 44 30 1841 80 199627 1514 4 166 1312 14 80 60 929 1425 19 151 80 199627 249 4 119 60 1304 80 2659 811 1133 30 151 1179 1172586 -1 -1 0 0 0 0 6 6 5 7 4 6 3 5 4 6 0 0
"82ac74ea746b0516" 43 70 369 251 566 30 108 891 80 249 369 146 283 28 1032 80 199627 4 12718 150 4364 80 249 16520 808 10812 42 30 6865 80 199627 146 1513 14 19 1057 80 11 559 19 212 51 3612 1179 1172587 -1 -1 0 0 0 0 6 6 5 4 4 6 4 5 5 6 0 0
"132d866602c983c7" 48 4 185 154 16520 243 15313 80 255 270 30 2568 80 199627 90 184 70 153 154 711 20 24797 102 4189 80 199627 249 199375 1015 4 43 80 297 13719 3467 229 74 4635 80 184 492 1957 36 10290 80 966 74 24709 1179 1172588 -1 -1 0 0 0 0 8 7 6 8 7 7 3 6 3 4 0 0
"e08bf0a2e5ed69ee" 53 369 127 2272 80 4 153 103 80 166 3380 60 80 199627 174 396 77 103 5173 80 330 12 152 60 80 199627 4 185 154 16520 243 15313 80 369 1057 1491 30 1372 80 199627 249 199375 1015 4 43 80 199375 255 27 51 139 19 6071 1179 1172589 -1 -1 0 0 0 0 9 8 8 7 6 6 3 4 4 5 0 0
"246721f0507c03bf" 50 4 114 88499 28 246 80 199627 150 61 80 150 61 80 150 61 80 104 51 1209 77 4688 80 199627 3037 3037 3037 3037 3037 3037 80 173 28 1447 2484 80 199627 192 3037 3037 3037 3037 3037 80 199375 61 4 1133 30 1800 1179 1172590 -1 -1 0 0 0 0 9 9 9 9 8 5 5 5 9 6 0 0
"b696c28dc7eaf0a1" 36 90 352 394 14 352 816 102 243 6304 408 549 80 199627 304 16520 30 5119 3884 80 28 234964 783 8970 80 199627 352 629 408 43568 80 10390 70 154 62727 61 1179 1172591 -1 -1 0 0 0 0 6 5 6 7 6 6 3 4 5 7 0 0
"8e8fb0106e612a28" 51 106 30 3404 1478 80 120 60 4930 4 83 150 139 80 199627 344 70 4 1267 119 19 119 30 143312 80 788 897 621 80 199627 466 78894 25204 80 270 144 30 7829 80 199627 229 74 2891 770 80 859 232 1617 43284 997 632 1179 1172592 -1 -1 0 0 0 0 8 6 9 8 7 8 4 7 3 3 0 0
"70b1fff11cdc540d" 62 3251 14 36 28 5601 80 369 240 1208 19 651 4 192 80 199627 13 559 60 1483 19 20 44 28 3073 80 49 3666 163 19 208 80 199627 90 4 114 228 51 27583 228 80 249 369 22 120 60 1525 14 89 80 199627 199375 2995 549 80 22 120 150 1818 453 14 6341 1179 1172593 -1 -1 0 0 0 0 6 6 5 7 5 5 3 6 4 7 0 0
"b19b87618211d47d" 23 369 166 119 103 253 80 231 192 2594 80 199627 4 12718 150 4364 90 425 330 234887 83 243 15068 1179 1172594 -1 -1 0 0 0 0 6 6 5 4 4 6 3 5 4 7 0 0
"09660ff9539894dc" 31 369 13 60 44 150 1819 80 1024 80 229 74 3439 80 199627 4 10721 1105 14 80 11 460 14 603 108 891 208011 453 14 106 72702 1179 1172595 -1 -1 0 0 0 0 8 7 6 8 7 6 4 5 3 4 0 0
"4831bc99aaa569de" 26 352 890 28 646 44 382 2603 102 550 51 8667 80 199627 127 382 70 23529 42 80 28 600 330 2844 192 21424 1179 1172596 -1 -1 0 0 0 0 7 6 6 6 6 6 3 5 3 4 0 0
"fbb09f1c80207a1b" 24 184 41085 144 30 2602 90 30 7387 80 199627 4 153 559 19 283 14 44 1716 80 344 11 150 275 1179 1172597 -1 -1 0 0 0 0 7 5 7 4 6 6 3 5 4 6 0 0
"ea7b1ed72dae7208" 33 330 20 192 12402 80 166 1312 1957 80 74 7658 80 199627 249 456 369 13 28 783 1024 44 154 10107 235058 12031 80 28 600 330 780 19 33146 1179 1172598 -1 -1 0 0 0 0 5 6 6 8 7 6 7 2 8 6 0 0
"797c15454a01f0e4" 32 425 330 70 185 150 646 102 51 3765 80 51 20846 80 199627 249 70 369 421 104 28 4333 15399 90 4 28 7427 80 28 246 68 8447 1179 1172599 -1 -1 0 0 0 0 8 7 7 9 6 6 7 2 8 7 0 0
"93897687480331f0" 33 4 558 212 150 1268 80 6 120 748 15681 318 80 199627 425 629 83 80 2505 14 24 257 80 453 14 106 226 253 80 453 14 106 318 1179 1172600 -1 -1 0 0 0 0 9 7 8 8 6 7 9 2 9 6 0 0
"e136efa5ed5d8e6a" 28 28 5181 102 51 3669 80 541 613 80 189675 80 199627 4 166 14636 559 369 7645 80 16520 51 26427 102 40737 80 26433 10982 1179 1172601 -1 -1 0 0 0 0 7 7 9 8 8 7 7 2 6 5 0 0
"cbd6f02b4d448596" 42 386 352 21545 14 53 50190 80 235041 36 245 5246 344 691 80 199627 369 229 5958 49 297 170538 4712 80 199627 90 2358 185 19 14 154 4 229 161 77 603 80 4 229 13531 768 20479 1179 1172602 -1 -1 0 0 0 0 6 8 5 7 6 5 8 2 6 4 0 0
"0d9a49b3cd17c35a" 27 83 30 6116 80 184 3504 80 4 1267 4179 80 199627 518 4 153 154 114 119 60 102 770 80 518 114 4625 239 199372 1172603 -1 -1 0 0 0 0 8 7 7 8 6 6 5 2 6 8 0 0
"ec1685764e1c139b" 26 44 103 275 80 4 1267 32 26300 80 199627 6 20 102 88 80 425 798 1317 80 90 79 994 104 987 6818 1179 1172604 -1 -1 0 0 0 0 6 6 6 7 8 5 5 4 5 6 0 0
"48965a0f64f9c5a1" 31 43 697 3073 4 17677 83 150 1059 80 369 6 563 153 80 199627 249 184 70 1267 6569 19 3714 80 192 6 120 603 1525 4 1779 1179 1172605 -1 -1 0 0 0 0 6 5 6 6 6 5 5 3 7 7 0 0
"4233189a8b0ca946" 54 551 808 51 2203 154 5934 1478 80 6 299 942 30 4523 80 199627 1112 4 1267 757 866 30 34 77 51 4302 11 19 106 1366 80 19 106 511 80 199627 249 352 136 352 166 106 382 92 74 511 80 192 199375 20 382 1428 19 8071 1179 1172606 -1 -1 0 0 0 0 8 8 6 9 7 8 7 4 8 6 0 0
"f686fa265c061c78" 17 127 28 1172 231 192 108 80 199627 484 19 1493 1089 14 90 30 3482 1179 1172607 -1 -1 0 0 0 0 7 5 6 8 6 4 5 2 7 8 0 0
"0ec3e0a9cc897990" 22 74 206 36 2636 80 184 5057 236 199627 9917 80 199627 1525 150 2726 80 352 114 20 28 4851 1179 1172608 -1 -1 0 0 0 0 7 6 9 7 6 4 5 2 7 6 0 0
"0e99a881099b4840" 33 48466 1096 14 44 30 567 6539 80 199627 192 11 629 4300 80 2099 80 120 150 2203 1183 80 199627 768 5943 20 231 622 80 163 44 30 3401 1179 1172609 -1 -1 0 0 0 0 8 7 8 8 6 6 5 3 6 5 0 0
"c20991f31bd08638" 22 166 637 20 102 14 80 5375 30 962 80 199627 166 4758 709 7903 80 369 127 70 30 833 1179 1172610 -1 -1 0 0 0 0 7 7 7 7 8 5 5 5 7 6 0 0
"779619756cacdc83" 31 4 1267 20 3274 80 212 30 4869 80 199627 30 524 77 3172 80 166 20 2651 80 199627 3885 77 30 554 337 80 7950 30 883 11488 1179 1172611 -1 -1 0 0 0 0 7 6 6 7 7 6 5 4 7 9 0 0
"c27edb34dd3ff584" 21 184 389 20 44 11757 80 18227 83 14938 80 199627 725 2266 1986 352 391 12397 80 74 8443 1179 1172612 -1 -1 0 0 0 0 7 8 6 8 6 5 7 2 7 5 0 0
"f8fa08c597a49411" 26 74 80 4 166 629 24 2628 80 71 18921 30 621 80 199627 18227 83 243 5882 1899 6397 77 5720 80 234968 2762 1179 1172613 -1 -1 0 0 0 0 6 8 7 7 8 6 5 7 7 3 0 0
"9f10b113f9c6d21c" 25 70 369 119 104 283 2268 80 74 206 36 30 1081 80 199627 127 1819 80 2441 5269 90 5844 28 29 994 1179 1172614 -1 -1 0 0 0 0 4 7 8 7 7 4 6 6 5 4 0 0
"8e680e2a84a71aec" 25 278 43 330 394 318 80 859 119 60 271 139 80 199627 90 30 2268 20 102 1330 80 234832 83 51 3419 1179 1172615 -1 -1 0 0 0 0 5 8 7 8 7 5 7 5 6 4 0 0
"06c67bd46b0d1ad5" 22 861 11 232 11435 80 1267 707 30 1571 80 199627 158 330 1679 770 80 5943 146 2718 271 8018 1179 1172616 -1 -1 0 0 0 0 3 5 6 7 6 4 5 7 4 7 0 0
"baf1cd1ba0422bda" 47 2187 161 83 18039 80 127 70 30 4144 3034 80 199627 208 6232 603 10001 80 5714 30 706 49 28 3274 490 80 199627 114 60 20 369 2561 849 174 722 80 425 24 49 51 5594 80 330 1348 199373 629 796 1179 1172617 -1 -1 0 0 0 0 9 9 9 9 8 8 5 7 5 2 0 0
"f483d90b9707d5b3" 34 119 4 106 1608 44 103 39 77 86803 199372 199627 192 1330 15307 80 279 163 19 942 80 199627 60 391 206 19 83891 80 2380 28 1257 90 453 5269 1179 1172618 -1 -1 0 0 0 0 5 7 6 6 6 5 7 7 5 7 0 0
"341df79ac168859a" 28 330 70 293 14 5882 80 49 28 20479 5269 90 1749 490 80 199627 90 499 102 51 3885 80 586 6946 90 146 6802 208 1179 1172619 -1 -1 0 0 0 0 7 7 8 7 7 9 7 7 7 5 0 0
"a0e1c09bcb0877d5" 28 2539 3250 80 551 51 2194 80 398 80 166 4 13 80 199627 330 70 6985 80 1861 997 23133 80 550 1744 509 114 20 1179 1172620 -1 -1 0 0 0 0 3 5 6 5 5 4 3 6 3 5 0 0
"fa43d75e2728d8af" 24 150 4159 15496 80 70 154 2091 2843 83 150 24 80 199627 14651 23416 60 80 453 54 4029 4180 757 24 1179 1172621 -1 -1 0 0 0 0 7 8 7 7 8 6 7 5 5 4 0 0
"e14a8b0e12b4df69" 19 798 146 16230 80 74 3643 768 3292 80 199627 101649 101605 101650 101651 80 234869 79 6001 199372 1172622 -1 -1 0 0 0 0 3 4 5 4 4 3 2 3 2 5 0 0
"543b666d71b97a15" 25 368 3250 80 184 153 559 19 436 103 706 80 199627 13 28 5269 80 28 5174 80 966 25711 80 74 3428 1179 1172623 -1 -1 0 0 0 0 6 6 6 6 6 5 7 6 5 4 0 0
"bf30ab9193694072" 17 158 4 11 1028 80 845 104 7446 80 199627 563 51 24320 114 2360 3919 1179 1172624 -1 -1 0 0 0 0 4 5 6 5 4 4 4 4 5 7 0 0
"bb1910aff975d0d2" 25 2249 1678 80 6 120 603 212 520 80 199627 278 30 2644 80 1334 476 527 19 41 160 19 61 80 226 1179 1172625 -1 -1 0 0 0 0 5 5 6 5 5 3 5 4 7 6 0 0
"d3f19a71bf955d8c" 23 4 632 3470 80 1043 44 150 3547 80 199627 158 4 5881 15815 80 4 229 74 27942 80 74 8552 1179 1172626 -1 -1 0 0 0 0 4 5 6 4 5 4 3 3 3 4 0 0
"9a4ed09df63ff460" 24 4 6058 83 60 80 15469 80 344 150 5174 80 199627 158 369 1162 28 1956 76 80 550 11 51 1031 1179 1172627 -1 -1 0 0 0 0 4 4 4 4 4 5 2 3 3 4 0 0
"4f768bc8e10a1127" 23 192 58 4 208 80 1503 14 804 80 199627 249 199375 20 53 571 83 206 80 199375 20 11 1056 1179 1172628 -1 -1 0 0 0 0 6 8 7 7 8 7 3 2 8 5 0 0
"3e5546ce8e96896f" 22 109841 80 184 1267 453 103 1209 80 199627 90 283 318 34 42 80 74 511 4014 80 74 12593 1179 1172629 -1 -1 0 0 0 0 5 7 6 6 7 5 3 6 6 7 0 0
"13676493152983cb" 23 24540 26386 80 10257 49 70 28 820 80 199627 60 391 206 19 83891 80 630 30 1841 804 80 3557 1179 1172630 -1 -1 0 0 0 0 7 6 8 6 8 7 3 3 3 5 0 0
"0f4d7d436305ce9f" 26 158 330 1679 770 80 8191 770 42 36 1258 6174 790 80 199627 859 232 271 4159 15496 80 51 9058 77 271 2919 1179 1172631 -1 -1 0 0 0 0 7 7 9 7 8 6 3 7 5 8 0 0
"3e8bd8895bde6047" 30 90 499 102 51 3885 80 369 212 6946 80 212 520 80 199627 114 60 20 369 2561 849 174 722 80 1043 44 28 29 2596 906 199372 1172632 -1 -1 0 0 0 0 8 9 7 6 7 9 4 5 5 5 0 0