720
742
1341
2167
2467
2546
2850
3699
3753
4375
4422
4885
4980
5304
5459
5968
6068
7339
7542
9482
10477
11233
11412
11748
12511
14079
15344
15354
16662
16736
16798
17049
18023
18349
18961
19202
19553
19685
19943
20095
20533
20640
20695
22594
22659
22828
22872
23297
23515
23702
24359
24741
24749
24751
25711
26309
26368
26793
27143
27254
28001
28071
28125
28194
28464
28944
29397
29549
30382
30602
30824
31008
31466
33234
33648
33911
34386
34686
35501
37490
38206
38626
38703
39342
39722
39915
39934
40192
40525
40597
40966
41244
41381
41714
42222
42394
42855
43423
43740
43835
44040
45042
45396
45433
45472
46155
46430
46511
46760
48764
48800
50194
50462
50566
51581
51963
53263
53931
54273
54757
54825
54871
54894
55291
55631
56117
56216
57790
58057
59019
59161
59225
60246
60565
61886
62250
62434
62581
62983
63665
65144
66516
66594
66597
67790
68366
68374
68786
69437
69455
70261
70395
71352
71751
71761
73470
73582
73979
74477
74734
74892
74898
75554
75799
77294
78315
78423
78886
79640
79883
81230
81388
81724
81743
81749
81893
82343
82456
82799
83069
84095
84259
85001
85224
85243
85566
87361
88246
88451
89282
89733
89963
90099
90991
91498
93595
94334
94770
95446
95508
95677
95902
97122
97730
98009
98110
99229
100784
101030
102400
103286
104410
105080
105462
105580
105756
106841
108366
108370
108807
108816
109101
109399
109952
110142
111202
112495
112831
113487
113976
114557
114875
115392
115423
116329
116837
117048
117076
117162
117195
117444
117864
119296
120681
121196
121524
121702
121951
122403
122909
123292
123907
124064
124109
125412
125742
126436
127093
127246
127262
127469
127554
128137
128444
128857
129253
129550
130640
131009
132006
132578
132632
133486
134312
134474
134758
134844
135957
136401
136717
138583
138887
139344
139900
140166
140446
141259
141339
141352
142518
143858
143940
144657
144835
145471
145811
147243
150264
151137
151388
151972
154239
154527
154532
155552
156737
156774
156969
158385
158707
159065
159444
159612
160001
160880
160922
161980
163716
163717
164111
170572
171225
172283
173232
173925
174595
174784
174926
176285
177038
177173
178046
179022
179123
181005
181192
181587
183024
183569
183676
184076
184224
184278
184755
185258
186865
187158
187440
187598