48
304
370
810
1067
1195
1900
2003
2011
2510
3542
3599
3885
3934
4673
4996
5155
5330
5739
5926
6105
6937
7003
7378
7419
8940
8980
9166
9261
9273
10759
12198
12249
12920
13081
13155
13512
13587
13921
14351
15053
15419
15504
15526
15529
15540
16442
18299
18397
18806
19020
19197
19716
20302
20444
22277
22748
23045
23644
23873
23891
24406
26240
26302
27149
27157
27252
27347
27594
28056
29154
29954
30479
30856
31181
32247
32282
32565
33974
34223
34273
34843
34852
35497
35699
35954
35973
36260
36711
36817
37244
37722
38150
38206
38226
39268
39479
39925
40096
40511
41356
42847
43067
43405
43869
44860
44934
45007
45116
45139
45151
45334
45426
45952
46503
46665
46974
47755
48159
48429
48730
48814
48837
48907
49870
49910
50062
50493
52016
52355
52575
52691
52820
53118
53124
53205
53694
53756
54255
54345
54570
54787
55481
55604
55619
55621
55714
55842
56280
56749
57783
58746
58908
59188
60325
60815
60845
61129
61375
61876
62477
62538
62584
62596
62685
64558
65149
65439
65489
65580
65797
66923
67243
67298
67601
69430
69866
70245
70521
70748
71384
71882
72218
72451
72481
72818
72855
73530
74289
74619
75135
75332
75340
75549
75901
75905
76918
77455
77509
77748
77907
78008
78016
78085
78352
78428
78644
78834
80159
81303
81569
81767
81789
82471
82554
82934
84392
84836
86012
86342
86768
87000
87580
88426
88720
88850
89485
90395
90740
90881
91447
92093
92154
92630
93598
94406
94454
94729
95444
96108
97024
97206
97492
97613
97750
99635
99686
99919
100287
101013
101731
101758
103990
104649
104739
106015
106083
106836
107101
107375
107413
107604
107860
108460
108661
109236
109547
109995
110172
110458
110920
111218
111567
111725
112401
113822
113960
114786
115033
115239
115946
116067
116455
116649
117149
117539
118000
118084
118165
118203
119634
120478
120573
120741
121475
121524
121695
122742
123646
123903
124029
124091
124277
124585
124810
125139
125202
125464
125584
126414
126550
126760
126927
127001
127085
127257
127617
128442
128644
128837
128857
128887
128922
129188
129321
129419
129436
129657
129890
129961
131582
132233
132284
132541
133455
133752
133768
134272
134361
134542
135072
135966
137143
137161
137334
137412
137425
137706
137769
138001
138616
138752
138874
142071
143203
143622
143720
143983
144036
144381
144702
145446
146760
147043
147765
148093
149405
149529
150380
150528
151002
152441
153231
153263
153454
155144
155588
156205
156250
156303
156544
156709
158006
158339
158421
158531
159268
159470
160012
160132
161255
161614
161711
161988
162068
163371
163834
164072
164216
164570
164871
165133
166210
166397
167250
167450
167551
169448
171327
172458
173452
173728
174194
174643
174838
174948
174955
174970
175020
175294
175388
175790
176263
176351
177165
177404
177571
178232
178236
178348
179585
179731
179917
180357
180444
180712
180913
181853
181929
182034
182036
182241
182529
182691
183683
183861
183930
184554
184563
184616
184640
184755
185471
186684
186725
187339
187444
188950