710
1263
1664
2190
2292
2319
2334
2435
3156
3592
4397
4795
5017
5381
5968
6095
6186
6403
6458
6829
7032
7470
8837
8895
9065
9276
9480
9848
9858
9996
10476
10700
10757
11034
11946
12119
12153
12448
13708
13839
14248
15538
15878
15976
16193
16300
17039
17153
18208
19532
19557
20526
20780
21204
22603
23416
24373
25939
26034
26365
26447
26620
26662
26728
26887
26902
28039
30478
30509
30896
31904
32348
32442
33553
35024
35580
36264
36603
36934
37268
37559
37727
38217
38844
39934
40227
41356
41832
42068
42096
42597
43028
43202
43225
44404
44888
45157
45188
45309
45428
45692
45959
46301
46418
46573
46640
47311
47530
47557
47779
48509
48763
48775
49777
49989
50662
50747
50838
50859
50926
51556
51758
51766
52487
52510
52540
52583
53231
53341
53992
55521
56037
56678
57207
58279
58614
58887
59070
59327
59734
59917
60511
60899
61315
61354
61889
62548
62556
64332
64730
65045
65107
65734
65789
66526
66591
66753
67164
67895
67952
68063
68365
68849
68934
69537
69788
69862
69874
69884
70859
71116
71229
71277
71334
71843
72093
72842
73051
74418
74977
75301
76274
76548
76697
77605
78008
78431
78957
79955
80629
80631
80762
80988
81448
81822
82675
82918
83211
83611
83993
85170
85542
85599
86141
86709
87127
87335
87397
88326
90893
90978
91453
91491
92032
92187
92409
92478
92654
93767
94044
94175
95514
95620
95652
95841
96141
96387
96542
97056
98893
99108
99443
99523
99969
100385
100950
102131
103536
103537
103936
103993
104222
104606
105664
106020
106028
106267
107597
108476
108948
109194
109849
110145
110336
110449
110778
110792
111118
111356
111561
112309
112861
112976
113018
113131
113980
114215
114410
114786
115814
116759
117309
119078
119262
119267
119316
120371
121524
121595
121679
121738
121864
122150
122629
122864
123593
124962
126725
127312
127667
127712
129612
129936
129945
130844
131252
131546
131578
132070
132387
132470
132860
133084
133868
134013
135026
135051
135056
135509
135868
136737
136775
137144
137166
137475
137728
138257
138538
138805
139128
139249
139574
140009
140247
140635
140730
140900
141324
142306
142402
144863
146421
146602
147960
148160
148254
150712
151003
151059
151517
151602
151682
151760
152693
153231
153450
153472
153531
153665
153735
153891
154047
154870
155148
155219
155671
155915
155955
156104
156303
158096
159241
160001
160315
162604
163468
164345
165350
167701
168482
169338
169509
170269
170272
170970
171449
171688
171893
172335
172458
172483
172930
173334
173596
173946
173990
174725
176042
176223
176237
176832
178130
178293
178625
178863
179515
179660
179836
180321
180874
181619
182691
183129
183204
183603
183688
183730
183936
184465
184554
185471
185663
185683
185801
186422
188166