"3efe7231d18948fe" 16 32587 1103 63 32588 13 553 20 519 8900 1013 171 1112 61 32589 32590 4 11394 -1 -1 0 0 0 0 8 9 10 6 5 4 2 2 2 2 0 0
"a93cfd681865edcc" 22 6059 641 13 357 150 3443 36 487 13 553 191 373 727 171 2683 358 2 1604 515 1043 3180 4 11395 -1 -1 0 0 0 0 7 10 8 6 6 8 4 2 2 2 0 0
"b7e965dda2574156" 14 32591 32592 21358 13 553 345 150 36 9936 191 27412 521 170 4 11396 -1 -1 0 0 0 0 6 8 7 6 3 6 3 4 4 3 0 0
"0321378997cd85f7" 27 2922 9448 143 53 13 553 1821 4623 8210 358 191 3027 53 576 13 553 10082 9702 13 191 66 28138 125 349 1088 3381 4 11397 -1 -1 0 0 0 0 7 7 8 7 4 3 3 5 3 3 0 0
"0a6d6a952a4df0c2" 24 16044 2239 2 32593 13 553 191 35 847 13 35 1354 13 553 93 3531 25988 13 3089 150 36 8542 668 4 11398 -1 -1 0 0 0 0 6 6 8 6 5 3 4 7 3 5 0 0
"9689dde98bd2d31c" 15 347 66 637 474 3939 13 553 20 517 1047 2092 2093 2091 396 4 11399 -1 -1 0 0 0 0 7 5 6 5 4 6 3 4 4 3 0 0
"a1905d92b3f610fd" 19 34 26 87 1341 347 23775 1550 13 553 191 8207 188 17718 32594 188 14747 32595 32596 4 11400 -1 -1 0 0 0 0 9 8 8 8 5 7 5 4 9 6 0 0
"bcc4421fa6a37aad" 30 2091 396 1047 2092 2093 125 13 553 2374 990 3591 1665 4176 13 2 13368 125 15076 10147 17772 13 553 2 95 21521 607 1031 125 68 4 11401 -1 -1 0 0 0 0 8 9 7 8 6 8 3 4 4 4 0 0
"9a0b3fd4a375d6b2" 27 23199 2809 20049 188 32597 13 553 150 87 36 890 13 32598 4715 125 93 32599 32600 13 553 32601 388 621 25 87 39 4 11402 -1 -1 0 0 0 0 7 8 9 7 5 4 3 4 6 3 0 0
"9c98e3d4ec7e10d7" 18 134 102 61 3523 13 553 113 683 752 66 414 910 2 32602 17912 504 5886 4 11403 -1 -1 0 0 0 0 6 7 6 7 5 6 4 4 5 4 0 0
"eea39591f0663c04" 31 35 2258 330 32603 25 34 4752 13 553 10082 9702 13 191 1109 95 6543 32604 171 2014 22572 32605 13 553 2 373 32606 146 2775 150 68 4 11404 -1 -1 0 0 0 0 6 7 6 6 4 3 2 4 4 5 0 0
"5d7722b12c77e5f9" 27 8900 386 1456 20 3780 174 1342 13 553 357 150 36 362 487 13 553 191 4715 1496 113 17473 2 12516 353 535 125 4 11405 -1 -1 0 0 0 0 6 7 6 7 4 5 3 4 4 4 0 0
"5dfb29207e6c2f32" 30 214 13 66 23 188 32607 13 553 191 12290 7615 13 66 5709 93 3488 13 553 150 34 32608 863 1750 1795 357 373 32609 61 32610 4 11406 -1 -1 0 0 0 0 9 8 8 7 5 7 3 3 7 4 0 0
"9b7f002367beff56" 32 1775 12339 12340 113 3939 13 553 113 596 373 3104 13 66 347 388 188 2142 330 358 13 553 87 188 10811 113 727 357 901 1331 457 68 4 11407 -1 -1 0 0 0 0 7 7 6 7 4 6 4 4 3 5 0 0
"b030c6cf656cfa93" 31 171 1489 2284 457 171 942 13 553 1071 34 6631 2289 93 13 553 744 345 17830 6880 6881 13 87 5097 125 188 25329 417 3125 6650 68 4 11408 -1 -1 0 0 0 0 8 8 8 6 5 6 3 3 7 5 0 0
"86d2c421c3541f3a" 20 3581 150 330 4337 32611 13 373 102 32612 13 553 13240 892 13241 13 2 1485 9214 32613 4 11409 -1 -1 0 0 0 0 8 7 8 6 7 8 3 2 2 2 0 0
"e6ccb32504506785" 19 282 2976 515 191 32614 188 8280 13 553 13240 892 13241 2 1319 32615 607 13122 1096 4 11410 -1 -1 0 0 0 0 6 7 8 6 5 6 3 2 4 2 0 0
"daa12402dcd629a6" 15 34 32616 515 3304 2 32617 32618 13 553 5771 32619 13 32620 2874 4 11411 -1 -1 0 0 0 0 7 9 8 5 4 9 3 2 2 4 0 0
"701488243c7cb365" 30 796 641 61 171 8453 13368 1571 901 13 553 35 388 8712 1750 357 8412 2652 32621 13 553 8190 5581 5229 3254 13 772 32622 373 113 4 11412 -1 -1 0 0 0 0 8 7 8 6 6 7 4 2 2 4 0 0
"ffb4130efba760e1" 31 171 1961 3640 9158 712 29171 13 553 171 942 999 353 578 13 1047 3210 731 2316 13 553 32623 1079 13 1580 23 578 2 1485 102 2093 4 11413 -1 -1 0 0 0 0 9 8 9 7 8 7 3 2 6 5 0 0
"d8a18fe861cc2ef3" 31 28 34 32624 11508 13 150 515 87 3456 13 553 357 3951 415 12370 13 191 27412 1029 4862 13 553 6880 6881 13 2 134 23 2805 13396 4 11414 -1 -1 0 0 0 0 6 7 8 4 4 6 3 5 3 6 0 0
"70c1a482d613c2e1" 23 6659 14940 10618 8277 13 553 1930 18554 2303 55 32625 13 341 17852 13 357 3089 32626 150 36 32627 668 4 11415 -1 -1 0 0 0 0 7 6 8 5 4 6 4 6 3 5 0 0
"c124bfc111e1cbee" 18 2 134 586 1713 171 24842 32628 13 553 2321 8453 989 1930 12659 61 305 32629 4 11416 -1 -1 0 0 0 0 8 7 8 6 7 6 4 2 8 5 0 0
"a7207289d49e6888" 25 134 102 61 1733 13 102 61 3290 13 553 313 410 414 910 32630 13 553 2 134 586 13 32631 806 8995 4 11417 -1 -1 0 0 0 0 7 7 8 6 7 6 4 2 7 5 0 0
"42ab525aa1ec45ed" 27 1775 12339 3838 32632 32633 13 553 16044 16045 13 999 102 443 13 553 2 1695 10251 13 1013 9721 1892 660 2941 7618 14407 4 11418 -1 -1 0 0 0 0 8 8 9 6 6 6 3 4 3 5 0 0
"954edb6b93a2e149" 21 28 367 3318 13 2 564 2327 32634 13 13 553 6659 14940 13 66 347 388 367 330 15665 4 11419 -1 -1 0 0 0 0 8 9 8 5 5 8 4 2 6 4 0 0
"91271f7142e414b5" 39 191 12290 7615 2 61 417 2536 722 13 553 8521 388 170 13 274 39 13 87 840 25734 7238 13 553 357 32635 134 13 499 39 1482 5881 636 32636 13099 2092 32637 2 18196 4 11420 -1 -1 0 0 0 0 9 7 9 7 8 6 4 4 5 6 0 0
"cbda0cdf52dc58c6" 33 95 61 214 2018 13 28 32638 750 32639 13 553 347 361 7484 547 13 41 1793 15038 373 32640 32641 13 553 357 774 170 9531 32642 32643 125 9214 4 11421 -1 -1 0 0 0 0 9 7 9 6 7 6 2 1 3 4 0 0
"0d63a15c7d0278b0" 23 171 1961 171 942 13 2963 432 12115 13 553 357 3951 415 12370 13 32644 2374 15771 15772 13368 15076 10147 4 11422 -1 -1 0 0 0 0 9 8 9 7 8 6 2 2 2 4 0 0
"5745565868e96779" 35 2 4451 1103 4452 63 4453 13 553 10082 9702 229 13 95 1496 388 353 276 13 553 2 34 645 1315 63 392 13 357 150 4505 36 32645 359 95 1496 4 11423 -1 -1 0 0 0 0 9 9 9 8 8 8 4 4 4 4 0 0
"a572959a00a5df89" 21 3581 150 330 9161 13 61 1069 1315 373 10017 553 347 286 32646 13 171 61 1069 2884 15352 4 11424 -1 -1 0 0 0 0 7 6 9 7 7 6 4 3 6 6 0 0
"f49bdb412998f437" 27 34 35 598 330 8026 25 32647 13 553 357 41 35 847 297 150 1404 32648 32649 553 93 1934 23434 13 191 19159 24901 4 11425 -1 -1 0 0 0 0 6 5 8 5 6 7 4 2 5 4 0 0
"69aaa51deeda2ba7" 18 8900 386 1456 13 1580 23113 3203 553 1034 13240 2696 13241 13 191 16508 102 32650 4 11426 -1 -1 0 0 0 0 6 7 8 7 6 6 4 3 5 6 0 0
"08c82a0b2e3bff89" 20 134 2922 9448 865 13 1408 1182 712 93 553 32651 521 4862 13 32652 32653 32654 32655 32656 4 11427 -1 -1 0 0 0 0 9 8 8 7 7 8 4 4 3 4 0 0
"f707f8e283e89294" 31 474 5316 32657 6091 553 1034 417 2731 13 529 1319 25001 553 191 14940 13 2950 641 32658 32659 553 2321 8453 989 12659 61 12660 2 7068 21521 4 11428 -1 -1 0 0 0 0 8 8 8 7 6 6 4 5 3 6 0 0
"4b820853a6fabbd5" 29 10647 10648 13 18432 1589 547 553 1971 313 2289 93 13 1580 87 61 32660 553 1069 15352 13 191 4400 61 1592 32661 2 9794 32662 4 11429 -1 -1 0 0 0 0 8 8 8 6 7 9 4 4 5 6 0 0
"b09f8bdd31fc748e" 24 73 143 5201 5202 13 87 388 7357 32663 553 2 32664 13 1013 1778 13 1013 27708 93 25 547 3727 5262 4 11430 -1 -1 0 0 0 0 8 9 7 5 6 6 4 3 5 4 0 0
"1b83ddd98294787b" 25 26444 12727 34 21300 13 170 25 1002 553 191 12290 7615 13 3313 150 388 32665 553 1155 7329 32666 32667 32668 5792 4 11431 -1 -1 0 0 0 0 7 8 7 6 6 7 4 4 4 5 0 0
"28eeff2642cf7053" 30 41 6675 6673 6674 13 15165 150 2941 9002 553 2374 63 550 1665 1897 13368 15076 10147 553 2014 535 13 134 351 2 18763 19722 1552 32669 4 11432 -1 -1 0 0 0 0 7 6 6 5 7 6 4 3 4 4 0 0
"4f9f5993727eaefe" 26 796 3581 150 330 9161 13 191 3301 3304 553 9885 1473 4421 9493 553 2094 5141 13 25 19737 845 360 61 32670 1246 4 11433 -1 -1 0 0 0 0 6 7 7 6 6 6 4 3 4 6 0 0
"b164778285e92aa1" 26 34 35 2258 330 8026 25 32671 553 73 143 5201 5202 13 32672 6372 553 32673 521 4862 13 1494 61 188 18433 5282 4 11434 -1 -1 0 0 0 0 7 6 6 5 6 7 4 4 5 6 0 0
"aad1d9df2b9354ee" 21 13240 892 13241 13 4740 38 6180 553 38 61 29911 171 2358 13 3125 32674 13 15124 15109 2038 4 11435 -1 -1 0 0 0 0 8 7 8 8 7 6 4 3 4 3 0 0
"21718c04f2844311" 25 26444 6105 359 1319 630 553 32675 23570 13 32676 23329 1604 553 32677 9702 1033 13 32651 521 4862 13 87 61 32678 4 11436 -1 -1 0 0 0 0 6 7 7 6 6 7 4 5 3 4 0 0
"2f4a573a28cafacc" 40 313 410 414 26020 13 3212 87 7705 2303 553 32679 32680 13 87 19506 2303 13 553 1034 3398 1389 2 6726 170 25988 13 553 18 359 9982 32681 13 357 32682 32683 13 1580 61 22415 4 11437 -1 -1 0 0 0 0 8 8 6 5 6 6 4 4 6 6 0 0
"bb9924b060a331e2" 31 134 102 521 61 1016 13 1342 61 395 2067 553 35 2258 330 8026 25 32671 13 553 357 547 5316 5771 553 1034 672 2067 2 11612 32684 4 11438 -1 -1 0 0 0 0 9 8 9 7 7 6 4 4 3 4 0 0
"32da31085e49866a" 25 3988 2125 14950 4589 13 553 157 13412 93 7317 12239 32685 13 553 1549 8111 11029 3302 14697 13 2 3509 3172 32686 4 11439 -1 -1 0 0 0 0 7 8 9 6 8 6 4 2 6 5 0 0
"9da8e8ff3603b523" 25 14402 32687 12193 13 32688 32306 34 6020 5520 13 553 2 1114 150 2861 2536 13 373 2861 530 601 32689 2 32690 4 11440 -1 -1 0 0 0 0 8 7 6 8 6 3 4 2 4 6 0 0
"5181fdb038c20968" 25 1200 347 32691 417 1890 23 32692 13 553 357 188 335 53 336 13 452 286 3068 2 1606 13 337 373 338 4 11441 -1 -1 0 0 0 0 7 6 5 4 7 6 4 5 6 4 0 0
"af4c84f2ae287363" 36 14122 3941 645 305 1043 993 13 18 359 32693 32694 13 553 2280 543 3189 13 341 23775 13 1071 32347 32695 30949 32696 13 553 87 61 20 23812 32697 367 13 32698 4 11442 -1 -1 0 0 0 0 6 7 6 7 6 5 5 5 4 5 0 0
"3fd3f8ab463ab33e" 31 286 1807 171 21758 13 170 23773 32699 13 553 32535 3248 3282 200 13 2720 1552 32700 13 553 14253 4366 13 12021 1893 32701 6892 2 8131 8604 4 11443 -1 -1 0 0 0 0 7 8 6 6 7 5 9 5 8 6 0 0
"1c274117ef052858" 36 191 1834 14918 13 1675 308 3329 3330 13 553 357 150 3165 13 32702 13 4862 32703 13 553 134 6563 3104 13 32704 12115 13 5551 32705 14706 13 2 32706 999 1605 4 11444 -1 -1 0 0 0 0 7 8 8 6 6 6 4 6 7 6 0 0
"826cf7b9a9cb8a7d" 34 66 703 11605 13 150 3497 548 412 953 13 553 357 925 999 32707 93 32708 32709 13 553 357 5255 87 1094 515 13 35 23 32710 4322 13 913 32711 4 11445 -1 -1 0 0 0 0 6 6 7 5 6 6 5 4 6 5 0 0
"80d8ec07b7c02a49" 38 87 12757 14613 41 361 32712 13 32713 504 361 32714 32715 13 553 357 1584 61 13233 2 9648 13 2781 660 150 305 151 326 13 553 32716 200 13 29687 61 5909 636 32717 4 11446 -1 -1 0 0 0 0 7 8 6 8 7 4 5 6 7 8 0 0
"aedfe49533f97a96" 45 102 1187 1341 3500 13 32718 21278 3329 29687 32719 13 553 6615 1178 1179 150 361 1180 417 1643 3175 13 29687 1179 61 452 1183 13 553 1549 1131 61 113 32720 2321 13 2 87 1187 8257 12387 106 2506 61 4 11447 -1 -1 0 0 0 0 8 9 8 6 6 7 5 6 7 6 0 0
"5b1cd48251659136" 39 357 20 1738 150 2280 927 32721 13 373 61 1606 5399 13 553 4799 3235 35 772 371 13 2 93 21527 286 169 32722 450 113 13 553 2 2436 61 457 32723 13 321 3480 4 11448 -1 -1 0 0 0 0 7 6 7 6 7 6 6 5 6 6 0 0
"020cff1305754132" 49 93 793 13 35 32724 26625 11686 359 25 1370 484 32725 13 553 4547 4548 4549 13 87 32726 2 9695 1825 32727 61 32728 13 553 66 32729 13146 13 2 13398 3401 32730 32731 13 499 151 23775 32732 209 32733 1033 32734 13 5399 16483 11449 -1 -1 0 0 0 0 8 7 7 5 6 6 7 6 7 6 0 0
"c3963a6f03292bba" 34 66 39 1680 24901 20 3419 12879 13 553 357 150 151 32735 4400 23358 13 32736 2 10251 8215 553 347 36 11441 32737 13 499 1543 2017 13161 171 32738 4323 4 11450 -1 -1 0 0 0 0 7 7 6 6 6 6 5 7 7 8 0 0
"db313e2c415d19ed" 32 23 5868 5869 13 6062 13890 357 32739 13 553 150 5370 1993 32740 32741 13 553 2 3087 171 71 13 18749 457 32742 32743 720 1608 171 32744 2444 16483 11451 -1 -1 0 0 0 0 5 7 6 4 5 6 6 5 4 6 0 0
"4b184e550f445d79" 41 362 993 150 14827 20 113 1747 13 32745 2 32746 13 553 2 38 9427 3977 9428 61 4711 1303 13 32747 3280 1534 9304 32748 32749 13 553 35 455 5418 13 113 32750 36 28775 20164 2007 4 11452 -1 -1 0 0 0 0 7 6 7 7 6 7 6 5 5 6 0 0
"c82753f26ddccd5a" 39 9144 170 358 13 499 1543 362 32751 32752 32753 13 553 9144 9145 32754 20 32755 13 2 352 32756 2317 22935 32757 13 553 1488 457 2717 452 38 19165 32758 11790 13 5253 25 5253 4 11453 -1 -1 0 0 0 0 0 0 0 0 0 0 0 0 0 0 0 0
"0e7f1cb58b3639ba" 24 925 1463 609 14342 12150 13 553 3444 2 32759 645 798 3155 13 553 13524 13525 13 191 1592 9792 26953 125 4 11454 -1 -1 0 0 0 0 8 9 10 7 8 10 7 6 7 8 0 0
"1442860cf24118e3" 21 1584 61 102 13233 13 2785 373 32760 13 553 347 36 1568 32761 13 23 113 913 162 32762 4 11455 -1 -1 0 0 0 0 6 7 6 8 7 8 5 3 4 5 0 0
"45eda956da0965fc" 31 2195 32763 367 2 596 102 606 1836 13 553 76 61 87 2928 13 32764 34 13 6392 6437 13 553 12239 13411 13 63 171 13412 2454 157 4 11456 -1 -1 0 0 0 0 8 9 7 6 8 9 4 5 3 6 0 0
"b393decddc597cee" 21 32765 15448 34 32766 13 553 357 95 134 1807 171 21758 13 553 32767 934 1990 32768 3330 13473 4 11457 -1 -1 0 0 0 0 8 7 7 7 8 9 6 7 5 8 0 0
"5bc26fd183b15dca" 22 852 347 388 7068 32769 110 553 5936 5937 13 34 26 171 19412 13 553 925 1463 609 737 32770 4 11458 -1 -1 0 0 0 0 7 7 6 6 6 7 9 6 6 6 0 0
"bda30cccd4414b5a" 23 32771 14951 2047 18177 13 553 8111 11029 530 14697 1886 13 553 1114 150 2861 2536 13 373 39 113 2869 4 11459 -1 -1 0 0 0 0 5 6 5 9 6 7 7 7 8 7 0 0
"f33771eca6a0eecf" 17 1178 343 150 1817 712 5622 13 553 93 574 13 357 32535 61 3248 32772 4 11460 -1 -1 0 0 0 0 6 5 5 7 5 6 7 6 5 6 0 0
"63d806c9624eaaa3" 24 191 361 14611 12757 14613 32773 13 553 134 32774 19883 8925 13 5896 3172 171 32775 13 553 4334 186 772 32776 4 11461 -1 -1 0 0 0 0 7 6 6 8 5 6 7 8 6 8 0 0
"b57f0055f7950d10" 29 2 66 13398 116 32777 13 7521 187 32778 13 553 2280 543 3189 13 1220 4421 5399 13 553 13664 23 349 357 188 10225 66 2258 4 11462 -1 -1 0 0 0 0 8 9 7 8 7 6 5 5 5 7 0 0
"65958877706a8f04" 23 15151 4304 2128 357 7399 13 553 23 5868 5869 188 394 13 553 171 2436 373 150 337 330 12115 729 4 11463 -1 -1 0 0 0 0 7 6 6 7 6 6 7 6 6 6 0 0
"ce42f6e1445ef4d2" 23 66 703 113 11605 13 347 32779 13 553 102 1187 1890 1109 2963 32780 13 553 32781 13 600 655 32782 4 11464 -1 -1 0 0 0 0 6 6 7 8 6 5 5 6 6 7 0 0
"fb223e860c69686d" 26 357 1738 704 1606 5399 13 553 32783 61 125 32784 13 63 1842 32785 13 553 357 1764 150 286 151 1007 2735 32786 4 11465 -1 -1 0 0 0 0 7 8 9 6 6 7 6 6 5 6 0 0
"2dc5ad57a34dc9a5" 31 1549 6561 3006 61 13 34 35 286 330 31796 13 553 9144 353 2 1370 150 286 17473 13 553 150 5370 1993 5371 5372 13 2905 19206 729 4 11466 -1 -1 0 0 0 0 8 7 7 8 6 5 6 6 7 7 0 0
"c602c52e98827d1c" 28 188 335 723 53 12507 596 336 13 553 171 932 4377 53 32787 19850 13 553 7734 286 3155 798 13 35 388 417 32788 22125 4 11467 -1 -1 0 0 0 0 8 8 6 8 5 7 9 8 6 8 0 0
"9298b37872f128e1" 30 357 3425 23 2891 93 32341 15859 1420 13 553 7667 349 7668 13 2028 5140 2959 9740 13 553 113 1747 645 1315 13 35 2280 1720 32789 4 11468 -1 -1 0 0 0 0 8 7 6 9 7 6 6 8 6 8 0 0
"e8bd44d05de6207d" 38 4547 4548 4549 13 357 87 150 36 1568 32790 13 553 38 9428 1303 4711 13 27 102 9429 13 553 3087 171 71 13 134 1109 32791 13 553 87 18951 82 19722 23791 32792 4 11469 -1 -1 0 0 0 0 0 0 0 0 0 0 0 0 0 0 0 0
"bbaad8856748059c" 41 231 13621 13579 13622 32793 13623 1109 4625 13 553 359 7806 1099 4815 2678 504 3262 13 553 13524 95 13525 13 2 4549 61 20 13698 4645 13 553 1002 8665 32794 13 35 373 388 305 1818 4 11470 -1 -1 0 0 0 0 0 0 0 0 0 0 0 0 0 0 0 0
"7b765e74dafb0692" 41 14122 6828 14304 359 17407 2 32795 13 553 15693 2717 13232 13233 2 32796 4862 32797 13 553 188 335 61 53 336 13 1034 337 373 5217 338 13 553 1192 32798 2423 13 499 1667 12067 362 4 11471 -1 -1 0 0 0 0 0 0 0 0 0 0 0 0 0 0 0 0
"81610905e664fc49" 50 718 66 372 6392 6437 13 66 574 1890 8121 13 553 2 38 9428 13 1303 32799 13 27 102 9429 13 553 66 347 355 4815 32800 13 66 788 2 66 788 2 596 66 795 13 553 345 7957 2859 7547 6693 504 53 32801 4 11472 -1 -1 0 0 0 0 0 0 0 0 0 0 0 0 0 0 0 0
"c16da90030f3cc0e" 47 14950 32802 2125 13 1664 66 32803 13 553 5610 13 18974 1592 32804 2 19593 171 171 2151 32805 23625 13 553 1034 6198 2 5709 3155 798 13 553 3988 2125 2 32806 61 521 13 1456 507 32807 2 5530 32808 61 7317 4 11473 -1 -1 0 0 0 0 0 0 0 0 0 0 0 0 0 0 0 0
"a6729a3a0662e96f" 40 8111 32809 3302 373 32810 14697 13 553 32811 150 36 639 28914 548 90 32812 13 553 1201 186 772 371 13 87 150 36 19404 13 553 13524 13525 13 2 4549 2356 20 32813 32785 32814 4 11474 -1 -1 0 0 0 0 0 0 0 0 0 0 0 0 0 0 0 0
"7bc05dca5222c3d0" 42 913 15041 162 61 30972 32815 13 553 2280 543 3189 13 6828 7531 13 1034 11016 1718 13 553 359 7806 1842 13 134 556 170 3635 1033 13 553 347 1667 520 607 13853 13 47 500 5530 1473 4 11475 -1 -1 0 0 0 0 0 0 0 0 0 0 0 0 0 0 0 0
"c5c6565a147dab4e" 53 12239 13411 63 157 13412 61 2454 13 357 25 87 606 169 13 553 1114 150 7977 2536 13 14311 61 603 160 860 2 32816 61 457 1643 13 553 191 361 7933 1793 14611 2 32817 6736 32818 14613 13 553 949 2813 6985 125 443 1793 1720 32819 4 11476 -1 -1 0 0 0 0 0 0 0 0 0 0 0 0 0 0 0 0
"f3343c796761e308" 64 66 2195 13973 2331 1131 1775 13 357 1342 61 20 835 32820 32821 13 553 13974 34 32822 4591 26598 5520 32823 13 2 15294 32824 150 193 32825 7558 13 553 357 150 2017 13161 13 150 330 146 457 32826 32827 2 1744 13 553 5101 13664 32828 13 349 796 2317 61 3302 5982 24906 3715 2 2941 2270 4 11477 -1 -1 0 0 0 0 7 7 7 6 6 6 5 4 4 5 0 0
"e720cd959653bd60" 40 357 8614 8615 61 3302 32829 13 553 357 32830 4107 660 4403 1606 24037 13 553 32831 4304 704 4732 32832 13 7168 66 32833 2 32834 13 553 357 17870 7604 66 25970 13 66 4799 29269 4 11478 -1 -1 0 0 0 0 0 0 0 0 0 0 0 0 0 0 0 0
"f65ee37b3469caec" 38 102 1187 13 774 32835 1298 13 553 2 13398 20362 13 347 36 32836 13 553 32837 32838 32839 34 645 421 13 553 134 150 36 396 2852 736 13 171 2436 53 3327 53 4 11479 -1 -1 0 0 0 0 0 0 0 0 0 0 0 0 0 0 0 0
"56547ea61fb0cb4c" 36 32840 61 3248 4797 5927 13 553 2720 10442 2809 134 34 645 3488 13 553 7667 32841 1463 32842 7075 13 553 1549 1990 13 6561 61 457 32843 13 34 6828 32844 2956 4 11480 -1 -1 0 0 0 0 0 0 0 0 0 0 0 0 0 0 0 0
"5a5a280f577226b7" 50 14122 6828 14304 359 3302 32845 13 553 150 3419 32846 32847 13 113 32848 3261 13 553 188 335 61 53 336 13 134 19458 32849 13 2 337 373 338 13 553 171 660 499 32850 32851 993 359 32852 13 600 171 305 8648 4 68 13 11481 -1 -1 0 0 0 0 0 0 0 0 0 0 0 0 0 0 0 0
"0aeb95eed92fd832" 53 14122 305 645 14304 359 95 66 7123 27 53 13 553 230 13600 9547 5069 13601 11061 13601 11061 13602 209 13603 216 13579 32853 13 553 2 3087 171 71 13 284 394 855 1737 13 20 17504 66 23 29829 2 102 32854 6591 32855 32856 30897 4 68 13 11482 -1 -1 0 0 0 0 0 0 0 0 0 0 0 0 0 0 0 0
"d6db32fe60278eac" 38 1675 308 3329 3330 32857 32858 13 553 93 186 13 185 7123 1713 32859 32860 7957 13 553 13524 13525 13 274 94 32861 32862 32863 13 553 357 95 4711 61 63 32864 32865 32866 4 11483 -1 -1 0 0 0 0 0 0 0 0 0 0 0 0 0 0 0 0
"bfbea7aa86353490" 29 87 25 564 6659 15319 13 553 41 66 5507 1534 13 34 3845 3939 171 7757 13 553 66 24946 3993 32867 13 87 61 171 13504 4 11484 -1 -1 0 0 0 0 8 9 8 7 8 3 3 2 3 2 0 0
"ef3f62877c626852" 27 548 13404 7404 504 330 13 553 2511 15278 737 13 32868 6477 13 553 1071 574 1580 87 61 171 20847 95 6548 55 2 32869 11485 -1 -1 0 0 0 0 6 5 6 8 7 2 3 8 2 9 0 0
"a6f3dc20e4422748" 30 6787 8001 61 3638 13 553 357 367 347 286 151 628 13 87 61 4564 32870 13 553 357 4715 504 3302 14518 13 347 854 116 2331 4 11486 -1 -1 0 0 0 0 8 8 7 6 9 5 7 4 8 7 0 0
"5bbf79ea11d7d8ea" 26 548 92 32871 330 13 553 12094 13 66 23 9048 2 32872 13 553 4647 71 13 1549 347 854 330 265 32873 32874 4 11487 -1 -1 0 0 0 0 7 6 6 7 8 4 2 3 2 5 0 0
"1df630276a0e2a46" 26 860 1737 2216 13 1549 66 347 1593 13 553 1071 32875 61 32876 8435 13 553 274 858 305 9603 13 87 9678 32877 4 11488 -1 -1 0 0 0 0 6 5 7 9 6 4 3 6 2 9 0 0
"3cb96232550e7594" 36 2 519 1013 32223 1461 3416 13 553 191 4001 3108 4063 4064 102 698 27 13 553 357 66 347 3554 1842 359 87 61 6864 7215 2 66 23 37 481 3369 6880 4 11489 -1 -1 0 0 0 0 7 6 8 6 8 7 4 3 4 2 0 0
"a17ab08408f59f5b" 28 134 61 393 731 305 32878 13 553 517 373 4405 357 446 2 66 23 890 7919 13 553 20 139 113 13512 2 504 32879 4 11490 -1 -1 0 0 0 0 6 4 6 5 7 2 3 1 2 2 0 0
"2564d28138025ee7" 26 191 1202 14158 14159 14160 32880 13 553 357 412 1885 4167 13 171 14200 32881 13 553 134 23 326 7329 32882 32883 394 4 11491 -1 -1 0 0 0 0 6 4 7 5 7 3 5 5 2 4 0 0
"75fbea025a68cfb5" 26 1930 507 323 13 553 357 66 372 188 7254 2164 2 3185 4414 13 553 2 4359 1914 6648 13 191 19205 998 32884 4 11492 -1 -1 0 0 0 0 7 6 7 7 8 5 6 1 6 6 0 0
"490703933ec2fff5" 32 460 461 462 13 66 347 8790 435 330 553 41 95 14198 150 435 14199 13 553 548 330 362 36 32885 13 553 357 9086 9087 22499 3993 1129 4 11493 -1 -1 0 0 0 0 7 6 6 6 9 7 3 3 3 4 0 0
"bc1852cd9570b060" 23 23 457 2805 19202 13 553 347 39 151 330 504 32886 32887 13 553 347 39 151 330 32888 188 26909 4 11494 -1 -1 0 0 0 0 7 8 6 6 9 5 6 2 8 6 0 0
"a4a95bdb8afe0c69" 30 174 1016 1023 3314 32889 1559 93 1817 13 553 12385 17051 191 6781 737 1032 20374 13 553 2 66 377 378 170 93 25 32890 347 32891 4 11495 -1 -1 0 0 0 0 7 6 7 7 8 4 4 6 3 8 0 0
"706d2813511efd36" 40 543 1133 13 357 2316 95 27541 319 553 32892 66 44 2852 1187 482 171 32893 61 110 553 1510 4312 150 3278 25 2696 32894 13 553 357 34 6020 4885 32895 2 26 3846 32896 1033 4 11496 -1 -1 0 0 0 0 8 8 7 7 9 7 8 2 8 9 0 0
"32f54ec9999e9808" 25 9991 15640 13 645 3450 3451 13 553 357 2652 32897 6927 32898 7599 13 553 66 3848 417 2865 2 6677 6907 6433 102 11497 -1 -1 0 0 0 0 7 5 5 3 6 4 3 5 5 6 0 0
"1a173851b53fa8ec" 40 6223 6252 1983 6277 721 32899 13 553 66 347 286 364 1200 373 4944 13 553 1043 10553 32900 520 87 32901 13 553 34 32902 93 2828 2829 13 297 347 330 7428 2932 13 113 19556 4 11498 -1 -1 0 0 0 0 6 4 6 4 8 5 2 7 3 7 0 0
"539b894f5fbf3c06" 24 66 347 36 21962 845 32903 482 14301 25357 13 553 28 12834 15391 8655 13 771 23674 188 7290 774 32904 2809 4 11499 -1 -1 0 0 0 0 5 5 5 2 6 5 4 1 3 2 0 0
"20e2216cce377f4a" 23 191 347 1510 1029 193 326 32905 13 553 7013 7949 308 412 3433 13 2062 20 1351 628 4715 102 889 4 11500 -1 -1 0 0 0 0 6 7 6 7 6 4 8 2 3 7 0 0
"71381f9cb8caa399" 21 14301 704 188 8583 13 87 61 32906 13 553 1821 14158 14159 14160 13 357 87 19506 3302 8353 4 11501 -1 -1 0 0 0 0 5 4 5 4 7 4 3 4 2 2 0 0
"41aa13e4fb2dd001" 28 7013 7949 2 6062 194 308 14243 13 553 1108 288 191 4001 504 4063 13 2 32907 32908 13 5381 32909 347 20800 8940 32910 68 13 11502 -1 -1 0 0 0 0 7 6 6 8 5 4 4 3 2 6 0 0
"29aa24f2d6eca885" 26 66 347 1674 188 32911 32912 13 87 32913 349 6782 13 553 631 35 188 660 744 32914 12846 55 32915 32916 13 12094 4 11503 -1 -1 0 0 0 0 6 4 6 5 5 3 3 1 2 3 0 0
"aaa3e4b057ecdac8" 28 191 102 4576 326 3067 13 386 35 1793 32917 13 553 347 9054 3591 32910 13 121 32918 35 1793 12463 6584 41 3302 5507 1534 4 11504 -1 -1 0 0 0 0 8 7 9 7 6 5 7 1 3 6 0 0
"fdd429a68bfacabd" 31 95 32919 113 32920 13 548 855 33 32921 609 4657 13 553 1510 150 713 146 1341 174 3089 1284 13 1071 32922 102 683 13578 2652 417 3125 4 11505 -1 -1 0 0 0 0 6 5 6 4 6 3 3 6 4 2 0 0
"be4c49050922e2f3" 29 66 347 286 32923 13 10328 35 170 675 32924 13 553 1821 14160 13 134 3302 519 35 999 32925 412 32926 297 1837 93 660 32927 4 11506 -1 -1 0 0 0 0 7 7 6 4 6 3 2 6 5 3 0 0
"b8e8b67092cb1c76" 34 134 102 1825 704 11377 15547 32928 13 553 308 20 461 462 150 32929 331 1188 13 675 32930 698 78 15165 14702 32931 2 15543 32932 32933 17797 504 4 68 13 11507 -1 -1 0 0 0 0 8 6 7 6 5 5 5 2 5 2 0 0
"7b11052220975ada" 27 13665 3302 417 25 76 61 32934 13 553 1983 28703 13 1774 87 32935 504 32936 13 6605 32937 32938 32939 32940 32941 4 68 13 11508 -1 -1 0 0 0 0 8 7 7 6 7 3 2 1 6 3 0 0
"3399afc078f5f7d1" 36 1510 150 5623 32942 171 32943 35 847 19458 13 553 357 41 171 32944 421 1510 150 596 1869 35 9066 13 2283 18011 1319 35 102 61 32945 499 146 32946 4 68 13 11509 -1 -1 0 0 0 0 6 5 6 5 6 4 4 3 3 3 0 0
"17caa12a7b7eef3f" 25 311 13 297 8002 2340 13 357 412 1885 3302 32947 553 32948 2 32949 31194 13 32950 191 32951 32952 2340 7659 8094 4 11510 -1 -1 0 0 0 0 7 8 6 4 7 4 3 1 4 5 0 0
"6fcd5740998df3e9" 28 2 14288 23358 13 519 35 1013 32953 174 14536 388 13 553 1043 22707 61 1774 687 463 32954 286 3302 21202 94 18640 7092 25455 4 11511 -1 -1 0 0 0 0 6 6 6 6 6 5 4 2 3 3 0 0
"d43011046bfac7f2" 27 500 34 32955 457 13 892 2299 87 150 27028 32956 13 553 2 1709 1122 32957 32958 13 27658 93 32959 11674 32960 32961 32962 4 11512 -1 -1 0 0 0 0 5 5 6 4 6 3 2 4 4 3 0 0
"94c6011494230810" 37 2 1071 3065 3104 13 66 347 39 32963 32964 32965 13 553 1488 66 23 720 1641 412 748 547 13 675 6785 89 637 1580 66 362 32966 347 15225 2477 13 35 1351 4 11513 -1 -1 0 0 0 0 6 5 6 5 5 4 3 3 4 3 0 0
"4049b91cec10198c" 19 1930 507 323 13 1549 4638 87 966 13 553 6233 1914 6648 13 357 412 1885 4167 4 11514 -1 -1 0 0 0 0 4 6 6 5 6 4 2 1 5 4 0 0
"bb3da2f444b89052" 24 517 373 4405 357 446 13 359 32967 3327 32968 13 553 66 3070 1349 2 5574 1193 13 20 139 9982 13512 4 11515 -1 -1 0 0 0 0 7 8 7 6 8 6 5 3 4 3 0 0
"7a0381d6d6c720f6" 29 134 61 393 731 14149 2 24411 13 553 6787 8001 61 8002 5849 13 150 32969 13 553 274 858 305 859 13 687 6240 330 32970 4 11516 -1 -1 0 0 0 0 8 7 9 7 9 7 5 3 9 7 0 0
"53fa63b13e90e1fb" 20 41 66 5507 1534 13 720 87 32971 10921 13 553 12385 17051 13 548 11302 2 32972 32973 4 11517 -1 -1 0 0 0 0 5 7 4 6 5 3 5 4 3 4 0 0
"5086adf2538754f8" 27 347 39 151 330 3033 13 1655 7502 21924 13 553 548 13404 13 113 32974 1419 13 5748 2762 1737 2216 18 359 32975 23746 4 11518 -1 -1 0 0 0 0 7 6 5 3 6 3 3 7 3 6 0 0
"94af3bb2fba51d12" 30 1510 4312 150 3278 25 14607 61 2696 13 553 4341 2652 13 41 1420 2696 13 482 32976 26679 553 18797 34 63 533 25 373 32977 12273 4 11519 -1 -1 0 0 0 0 6 8 5 5 5 4 3 6 4 4 0 0
"9c815fc2b89bb776" 22 3949 1349 13 2 600 636 32978 32979 4 553 23 675 8223 13889 10198 13 8676 548 20432 32980 7690 4 11520 -1 -1 0 0 0 0 4 6 3 3 4 6 5 2 4 3 0 0
"21823e4cf47a5f3c" 21 41 587 3450 3451 13 3845 6935 13 553 357 87 150 113 32981 2 20019 7235 32982 4103 32983 4 11521 -1 -1 0 0 0 0 4 5 4 3 7 6 3 2 2 5 0 0
"c1120ecbe59d9ffe" 23 2511 15278 737 12094 13 32984 1669 2337 32985 13 553 3554 1351 2 32986 1389 32987 2 61 1342 297 931 4 11522 -1 -1 0 0 0 0 6 8 6 7 8 4 3 5 8 6 0 0
"ce2576ad7cce5a2b" 27 9991 15640 13 66 377 378 16412 636 32988 13 553 150 11629 13 297 21918 8997 1071 636 32989 32990 87 32991 113 23344 7316 4 11523 -1 -1 0 0 0 0 5 6 5 5 4 4 5 5 3 4 0 0
"46327bdaa876af63" 21 548 92 174 1256 2 417 9066 2 32992 32993 13 553 9086 9087 13 357 3600 1389 11372 32994 4 11524 -1 -1 0 0 0 0 6 8 6 6 7 7 4 3 4 5 0 0
"3c0aa724c9d15b96" 21 87 25 564 6659 15319 13 347 1641 1983 10165 13 553 6223 6252 1983 6277 548 18022 32995 32996 4 11525 -1 -1 0 0 0 0 7 6 7 5 6 5 2 3 4 3 0 0
"0f935f1f85d24e98" 21 4001 3108 4063 4064 102 698 61 27 13 553 517 373 4405 357 446 13 359 32997 32998 32999 4 11526 -1 -1 0 0 0 0 8 7 8 6 5 4 3 4 5 5 0 0
"1a48fb0ee83d6ef5" 32 41 95 14198 150 435 14199 13 25 1862 1589 13 553 2828 2829 53 1199 6886 7329 23329 704 12624 13 553 20 139 9982 13512 13 3845 33000 33001 4 11527 -1 -1 0 0 0 0 6 8 7 6 9 4 3 3 4 4 0 0
"39e23ce86a8f717d" 21 191 23 545 1029 326 13 1862 66 1096 33002 102 13 553 4126 33003 33004 2 4738 18430 33005 4 11528 -1 -1 0 0 0 0 6 7 5 3 7 4 3 2 3 3 0 0
"8f9a831f6b2af967" 20 188 61 14300 14301 47 1376 12024 33006 13 553 33007 4818 8834 171 18864 2 134 2028 33008 4 11529 -1 -1 0 0 0 0 8 7 7 5 6 5 5 4 4 3 0 0
"1e5930ebcbbed725" 23 13579 5090 33009 61 33010 13 499 2062 33011 188 33012 13 553 10604 10605 61 10606 20 33013 7847 33014 33015 4 11530 -1 -1 0 0 0 0 6 6 7 4 4 4 5 3 3 2 0 0
"eaeeb159b4543aeb" 25 12171 4457 4458 13 6633 4715 4388 6864 13 553 6050 201 19473 2 9326 9325 33016 87 20871 33017 1113 33018 14295 1057 4 11531 -1 -1 0 0 0 0 8 8 8 6 7 7 6 4 4 3 0 0
"1ac2368f27307e7c" 18 452 1379 10252 13 66 113 5808 3561 13 553 4023 4024 4025 2 85 132 2441 4 11532 -1 -1 0 0 0 0 9 8 8 6 7 7 8 5 5 2 0 0
"71d0d10a0934f43d" 30 313 170 617 13 357 134 61 3497 33019 13 553 2 4741 2 2240 7587 4715 1841 33020 13 1029 150 653 3388 3389 20 85 33021 25405 4 11533 -1 -1 0 0 0 0 8 8 8 5 6 7 5 4 4 3 0 0
"ee89e58ed6f3fdea" 45 6936 36 13462 8871 297 1213 1842 25 1213 13 553 2 373 15262 15263 417 20 134 117 25 33022 990 13 95 61 6307 13253 13254 13255 13 553 499 22163 33023 13 18183 33024 13 2 5599 6907 3327 20 33025 4 11534 -1 -1 0 0 0 0 9 8 9 7 7 9 9 5 3 4 0 0
"54b0e14e340feb98" 35 33026 10431 33027 33028 13 347 66 698 3044 1297 13 553 1705 19150 87 33029 2 171 33030 3472 61 13 33026 35 2626 5865 13 35 1297 417 33031 20 66 23 4 11535 -1 -1 0 0 0 0 7 7 6 4 4 5 5 4 3 2 0 0
"393f7bf7de215029" 24 228 12102 33032 33033 2 33034 171 394 33035 13 553 3032 636 2818 150 36 16265 33036 16266 2 33037 33038 417 4 11536 -1 -1 0 0 0 0 8 7 7 6 6 6 4 6 5 4 0 0
"175118800ca06235" 25 191 7974 188 14761 2 499 7833 636 33039 13 553 2 185 87 33040 33041 417 33042 13 548 4915 1033 33043 33044 4 11537 -1 -1 0 0 0 0 9 7 8 5 6 5 8 3 4 2 0 0
"007d2737df53ffde" 23 95 61 87 5617 13 453 286 2014 33045 578 33046 3086 13 553 171 33047 25966 361 13 10922 33045 33048 4 11538 -1 -1 0 0 0 0 8 7 7 5 6 5 6 4 3 3 0 0
"d1a3605347c47a52" 40 17128 33049 171 26175 33050 13 417 421 102 33051 33052 2568 13 553 392 3829 1321 13 33053 33045 578 150 33054 33055 13 113 9719 171 7231 540 33056 61 6276 171 33057 297 33058 33059 29369 4 11539 -1 -1 0 0 0 0 6 6 5 4 5 4 4 5 4 2 0 0
"33591b8def38c356" 43 12292 33060 33061 33062 13 33063 8591 33064 33065 33066 33067 13 553 2 452 925 1187 25 3998 2607 515 13 2 2240 7178 1099 29155 33068 13 357 2652 347 2440 5581 13 7947 7948 1643 845 2 33069 33070 4 11540 -1 -1 0 0 0 0 7 7 7 5 6 4 4 5 3 3 0 0
"01eb7aaa28cc6bf4" 32 150 636 13787 2080 1978 13788 2 286 263 1643 17885 13 553 357 744 435 2238 33071 61 1468 3035 85 13 2 87 33072 8688 8104 188 33073 2809 13 11541 -1 -1 0 0 0 0 7 7 7 6 6 5 6 3 4 3 0 0
"3c87858989a327e9" 41 1559 341 1319 1352 13 33074 20 33075 2 8982 7948 29685 33076 13 553 2 33077 12812 1928 33078 6907 2 33079 23662 20 28 33080 1015 33081 2 171 21636 13 1800 33082 6456 33083 2 33084 33085 4 11542 -1 -1 0 0 0 0 8 7 8 6 6 5 6 4 2 3 0 0
"3b0e67b8f2651957" 28 13559 1480 76 61 10450 33086 33087 13 18135 3401 3176 33088 171 33089 94 13 357 34 35 330 2928 33090 33091 13 548 33092 33093 4 11543 -1 -1 0 0 0 0 5 6 4 3 4 2 2 4 3 3 0 0