"f1415ba02829e465" 18 13084 32128 13 742 23121 13 553 357 41 76 61 163 13 23748 345 150 36 4 11230 -1 -1 0 0 0 0 6 5 6 5 6 5 3 4 4 3 0 0
"f9910209c122a9b4" 18 12628 2 17047 13 95 1693 2696 3220 13 553 357 2303 607 6671 13 1718 6599 4 11231 -1 -1 0 0 0 0 7 6 6 6 5 3 4 5 4 5 0 0
"6c126bf50e8f80e5" 19 457 113 1403 13 1246 7802 32129 13 553 2 1492 10226 13 3003 4107 7847 3302 26393 4 11232 -1 -1 0 0 0 0 7 6 6 7 5 5 5 4 5 4 0 0
"585980ce5925f289" 23 8771 9915 20988 13 4418 13 341 600 2781 13 553 367 599 1852 13 34 26 1983 415 53 1681 20988 4 11233 -1 -1 0 0 0 0 9 8 8 6 7 9 4 3 4 4 0 0
"ac1752229573e1cf" 28 14076 61 14849 14850 13 730 2056 146 2439 993 13 553 38 32130 566 2833 13 2 23 2321 603 8586 13 2440 451 53 27182 4 11234 -1 -1 0 0 0 0 5 4 5 4 6 6 7 3 8 4 0 0
"ead2a9acf6cb4502" 38 20 4078 66 4079 13 66 1192 32131 32132 4080 13 553 53 6726 7072 5441 7073 13 341 32133 1192 330 13 553 41 14274 1750 14275 13 61 87 1841 38 10485 34 6828 93 200 11235 -1 -1 0 0 0 0 8 8 7 8 6 7 6 9 3 6 0 0
"0b1c553036b10ce4" 27 5127 32134 5128 13 61 32135 171 5129 32136 13 553 2 38 2349 61 9130 13 357 87 150 36 11590 162 34 26 32137 4 11236 -1 -1 0 0 0 0 9 9 7 7 8 9 4 2 3 3 0 0
"984cfcba56db6c25" 36 203 204 205 206 13 188 10893 23 16861 31154 32138 13 553 10588 12397 13 21308 32139 32140 32141 13 553 66 10814 11486 87 13 32142 13 32143 2464 32144 8586 330 1842 4 11237 -1 -1 0 0 0 0 8 7 7 5 6 7 6 4 5 5 0 0
"9a05539bb76669e7" 26 171 1941 32145 13 3327 12783 171 15471 13 553 41 95 1067 61 14164 13 87 61 171 32146 13 2 556 93 608 4 11238 -1 -1 0 0 0 0 6 5 6 6 6 4 6 6 7 6 0 0
"e01d3b5fc2be3795" 23 1695 1696 1697 13 171 32147 32148 32149 24578 13 553 347 36 1464 32150 32151 47 32152 13 1663 5530 32153 4 11239 -1 -1 0 0 0 0 8 7 7 7 5 6 5 4 4 5 0 0
"258c7ea542a1dc4a" 37 373 39 3032 3740 13 3741 13 357 6653 282 17652 553 948 2153 13 3405 32154 2264 1667 13 32155 32156 13 553 983 13282 6572 13283 433 13284 13 592 134 22285 20 32157 4 11240 -1 -1 0 0 0 0 0 0 0 0 0 0 0 0 0 0 0 0
"7b69308cce14b5e7" 41 41 150 8860 504 13 1885 3280 417 2518 13452 13 553 25 8863 8864 13 297 698 286 3075 13 20 425 1381 13 10450 13 553 3896 61 3247 11660 13 32158 796 17514 13 41 425 1038 4 11241 -1 -1 0 0 0 0 8 7 7 6 6 6 7 6 6 5 0 0
"a14109bb8ba7399d" 37 2 373 3314 343 18 20 8547 13 2 777 10248 13 553 2 134 566 8641 13 191 32159 359 10478 2 329 1411 13 553 160 6158 7392 13 15130 10191 32160 13 32161 4 11242 -1 -1 0 0 0 0 6 6 6 8 7 6 4 3 5 6 0 0
"0ccb5684eada5d1c" 29 12167 12168 9154 13 452 150 737 1297 5041 171 29450 13 553 574 482 3737 13 357 14122 32162 32163 32164 24618 32165 32166 2 1420 515 4 11243 -1 -1 0 0 0 0 7 7 7 6 7 6 3 3 5 6 0 0
"2cb48b7b72da0892" 27 2 12777 96 2327 14 32167 32168 32169 13 553 32170 32171 150 21996 13 330 32172 881 32173 32174 355 1713 13 32175 20727 283 4 11244 -1 -1 0 0 0 0 8 8 6 6 7 7 4 5 4 4 0 0
"26f073c5c603b068" 24 520 3951 4663 13 1029 8688 61 530 32176 13 553 357 2247 1628 1091 1704 13 2 102 61 125 1093 32177 4 11245 -1 -1 0 0 0 0 3 7 9 8 7 7 7 4 5 9 0 0
"194010a9a4aac9b0" 24 550 16259 32178 13 15438 1047 171 7979 13 553 5603 61 1449 446 13 144 87 193 308 136 1774 4 68 13 11246 -1 -1 0 0 0 0 9 7 8 6 8 5 2 3 6 5 0 0
"f21bbd81df9b9343" 21 4663 150 5417 13 191 66 3066 17763 13 553 2 4361 61 8695 8325 11652 13 4125 14569 32179 4 11247 -1 -1 0 0 0 0 9 8 9 8 7 7 7 5 3 6 0 0
"22ca1cbceee01d11" 29 191 1109 11453 13 4862 3160 9063 13 553 150 1231 7893 297 23748 36 13 7227 963 410 13 357 3046 7774 4110 1522 12138 19135 7548 4 11248 -1 -1 0 0 0 0 8 9 7 7 9 8 3 4 9 6 0 0
"f2c3cbf54246dff8" 42 14069 11133 1301 13 410 284 355 1043 19437 13 553 13640 224 13641 11061 13642 61 9553 13 2 2416 5772 12369 13 457 32180 95 4410 2 22266 32181 827 355 32182 2 132 32183 19238 16037 87 3064 4 11249 -1 -1 0 0 0 0 8 8 9 6 8 7 7 6 5 5 0 0
"e2e94470e200d2b0" 23 357 17805 2696 13 35 1179 484 1043 1293 13 553 34 26 171 2454 13 537 115 32184 2848 32185 20320 4 11250 -1 -1 0 0 0 0 9 9 7 7 7 8 5 4 9 6 0 0
"90bb32bb13a72233" 27 4568 4569 53 4570 4571 13 553 93 6091 13 191 2731 116 5362 13 553 2 8626 8627 1201 13 6936 545 737 2852 32186 4 11251 -1 -1 0 0 0 0 9 7 8 5 8 6 4 9 5 3 0 0
"3c282cd9042454b0" 24 34 26 171 2454 13 457 545 2 457 788 32187 3081 13 553 2 10881 367 13 34 9960 737 2859 2888 4 11252 -1 -1 0 0 0 0 9 9 6 7 7 7 5 4 9 6 0 0
"5fd6e8a6038cec56" 26 1872 31468 12666 13 553 2 191 1547 13 150 1568 286 31292 13 553 113 6513 343 297 13 772 722 1065 1109 32188 4 11253 -1 -1 0 0 0 0 9 10 8 7 7 6 5 6 9 9 0 0
"1e4286c990a40a93" 39 95 61 87 708 3918 13 20 163 1473 13 553 1109 1110 8765 3304 13 25 87 2332 13 553 357 8626 8627 1201 13 1109 150 5354 601 13 144 1179 32189 2772 32190 13890 32191 4 11254 -1 -1 0 0 0 0 8 9 7 8 8 8 6 6 6 4 0 0
"1c98632c34c752d2" 102 191 34 4156 4157 13 32192 4156 358 13 553 357 12691 7388 13 2 12692 590 12612 13 191 3232 15259 1952 1321 13 32193 13 4816 1588 32194 55 32195 13 12067 1731 12155 93 150 297 20224 32196 32197 32198 13 2 32199 32200 13 3736 171 32201 32202 32203 265 6644 13 357 150 722 4326 13 41 32204 7874 7123 10534 13 1488 347 32205 13 2 2866 515 13 499 863 32206 32207 1833 32208 13 553 32209 6969 53 23 32210 13 32211 13 553 1549 41 34 29778 5140 13 297 32212 150 4 11255 -1 -1 0 0 0 0 8 7 8 5 7 5 4 9 5 2 0 0
"228a17137db9d7ef" 16 11453 191 2948 2200 32213 13 553 392 12138 13 1071 32214 13909 357 2340 4 11256 -1 -1 0 0 0 0 8 7 8 6 6 9 5 5 5 6 0 0
"10fd613450b39ef3" 34 13640 224 13641 11061 13642 61 9553 13 373 1533 13 553 2 1511 2531 13 32215 10062 13 553 2128 12358 12359 12360 13 357 373 61 102 134 171 2070 27385 4 11257 -1 -1 0 0 0 0 8 9 7 7 7 5 6 6 7 3 0 0
"3a85dab3b42d3270" 42 1578 87 1579 136 12156 13 1109 150 17852 6067 13 553 191 34 4156 4157 13 102 32216 32217 136 1456 32218 1016 1829 13 553 2 10881 367 13 2200 19953 2905 13 2 6697 25 32219 455 32220 4 11258 -1 -1 0 0 0 0 9 7 7 7 7 6 5 4 9 6 0 0
"4f898382b3c876ae" 23 93 115 1043 4125 14972 14973 13 553 2416 5772 12369 13 95 150 36 7238 13 1705 14253 1589 29543 32221 4 11259 -1 -1 0 0 0 0 9 8 8 6 8 6 6 4 9 5 0 0
"8358131d03836c04" 18 93 3531 6927 22500 13 553 286 150 13 87 3302 6513 343 13 13208 93 32222 110 11260 -1 -1 0 0 0 0 5 6 5 7 3 6 5 2 6 4 0 0
"e9d0862b02813a8b" 27 95 1101 3006 1047 171 6601 13 357 150 330 4 553 87 21768 13 87 1807 134 170 13 117 2531 32223 8586 394 1588 4 11261 -1 -1 0 0 0 0 8 9 7 9 9 8 6 6 6 8 0 0
"4b417f291faa19d1" 27 341 36 530 4799 32224 13 1488 61 32225 373 1122 61 102 2316 7330 4 553 32226 150 286 2183 34 26 32227 32228 1414 4 11262 -1 -1 0 0 0 0 7 5 7 7 2 7 6 8 6 7 0 0
"f3550f3ca6c448b6" 21 34 6459 737 20457 13246 13 553 191 15797 102 6864 2 6831 116 23059 5642 4 553 8282 32229 110 11263 -1 -1 0 0 0 0 8 7 6 8 4 6 4 3 7 5 0 0
"ab041bec3ead95a9" 25 3013 89 13 35 315 3032 3278 4 553 588 6563 61 3210 2 1182 32230 361 7548 3668 1187 13 25 1906 5292 4 11264 -1 -1 0 0 0 0 6 7 5 6 4 5 5 3 5 6 0 0
"892a5965b0417499" 22 520 61 3312 13 87 25 66 1837 1315 4 553 297 590 607 15303 13 188 932 305 15627 934 4 11265 -1 -1 0 0 0 0 7 8 7 8 9 5 6 6 5 7 0 0
"2df79bc5f0b2761f" 23 66 3622 2023 13 2 185 1232 7227 23 11748 457 4 553 357 191 8721 28813 13 32231 125 308 32232 4 11266 -1 -1 0 0 0 0 8 9 8 8 7 7 6 5 5 4 0 0
"1ab9ab23a779f5d9" 28 1580 3805 150 6915 13 1109 672 87 13067 4 553 13208 1179 32233 1817 305 1818 13 8173 110 10063 3687 735 355 4899 32234 6836 4 11267 -1 -1 0 0 0 0 9 8 8 8 7 6 6 4 8 8 0 0
"2f1a01ce16bcd92d" 31 28467 32235 5149 2 5337 13 1250 110 553 41 32236 13 1580 3736 1109 3323 9431 32237 110 553 1109 150 305 8765 5546 13 87 61 621 116 4 11268 -1 -1 0 0 0 0 6 9 7 8 8 4 6 5 5 5 0 0
"97ea968d00d2e7f0" 23 12239 13411 63 171 157 55 2454 13412 4 553 384 95 29213 5355 13 596 744 87 32238 27199 32239 4571 4 11269 -1 -1 0 0 0 0 6 7 7 9 4 5 6 9 4 9 0 0
"aca065c0d00c05dd" 21 347 304 12802 13 1235 32240 44 2307 4 553 373 5240 113 32241 13 63 373 32242 171 5750 4 11270 -1 -1 0 0 0 0 7 7 6 7 7 2 5 5 3 7 0 0
"dc63ed2d294f634c" 42 35 343 32243 32244 484 32245 13 553 3257 474 455 1187 13 35 25 4505 1774 704 110 553 41 452 6994 2476 13 1043 737 1485 32246 4 553 134 53 32238 27199 13 16076 134 53 95 32247 4 11271 -1 -1 0 0 0 0 7 7 6 7 3 2 5 9 5 8 0 0
"6cec4d48464e9b93" 39 25 9699 1906 975 32248 13 87 150 36 3251 3006 2446 4 553 357 1109 1547 774 1088 32249 4268 32250 4 553 14052 14053 1473 11733 55 32251 821 188 3880 13 32252 19014 2 437 4 11272 -1 -1 0 0 0 0 9 9 8 9 8 7 5 4 7 8 0 0
"852386541c13d24e" 41 150 417 1817 13208 32253 1732 13 191 25970 5975 20843 32254 4 553 12645 12666 188 932 1315 47 32255 1617 32256 13 87 61 8300 4 553 150 95 36 7238 13 357 87 61 845 116 32257 4 11273 -1 -1 0 0 0 0 8 7 7 8 7 5 6 2 6 7 0 0
"ffaf62bda3632c16" 18 2128 32258 12359 12360 191 4177 26865 553 55 2978 347 32259 13 32260 113 32261 1763 4 11274 -1 -1 0 0 0 0 7 8 6 7 5 7 4 2 5 5 0 0
"27553c7130b00b2f" 23 347 330 5611 13 25 34 746 1032 421 553 35 1179 286 1293 362 13 87 1101 3006 1047 1016 3873 4 11275 -1 -1 0 0 0 0 8 7 8 7 6 6 6 4 7 5 0 0
"71c2bd46cfc2409b" 15 796 32262 2 32263 32264 553 803 2316 7330 15529 3280 32265 2 32266 4 11276 -1 -1 0 0 0 0 7 6 8 6 5 4 4 8 3 7 0 0
"045329679e7706c9" 28 341 18164 28123 13 32267 3951 32268 718 553 47 520 61 3312 7314 13 5337 796 504 32269 553 7227 2008 621 13 8812 20377 185 4 11277 -1 -1 0 0 0 0 9 9 8 8 6 6 4 4 4 5 0 0
"66ca8b7893ee4624" 21 66 28138 32270 13 32271 4243 553 113 6513 343 297 13 55 93 6020 13 66 23 32272 66 16483 11278 -1 -1 0 0 0 0 8 8 9 8 7 7 6 4 7 6 0 0
"1a9c0066599b19dd" 17 2416 1997 347 32273 12028 13 956 553 3007 1807 32274 13 32275 14972 14973 1043 4 11279 -1 -1 0 0 0 0 7 6 6 7 5 4 4 6 4 7 0 0
"c03be8d72d8996e4" 27 297 23953 2883 10591 13 347 36 27 373 32276 19052 1509 553 590 193 32277 2883 6631 13 55 1319 607 1868 15303 2 32278 16483 11280 -1 -1 0 0 0 0 7 6 8 6 5 4 4 8 3 7 0 0
"cb5a2e37f91ce828" 25 95 4388 32279 13 282 32280 8626 13 4180 31689 553 32281 171 214 55 1302 55 2 3805 150 32282 13 357 7949 4 11281 -1 -1 0 0 0 0 9 7 9 8 6 4 6 4 6 6 0 0
"1b5ff99a12eb4545" 25 32283 858 55 2 6563 676 15994 13 188 16655 55 32284 545 142 553 2 10881 19661 32285 21531 32286 13 3013 89 4 11282 -1 -1 0 0 0 0 6 6 6 5 5 4 4 6 4 6 0 0
"287551c3aaa18cb7" 24 1624 2472 6006 1820 13 357 347 6253 731 32287 553 12691 7388 12692 590 18011 55 113 6513 343 297 32288 32289 4 11283 -1 -1 0 0 0 0 8 7 8 7 6 5 6 4 7 5 0 0
"44112bb4b2fccd80" 19 66 3622 2023 32290 359 9324 553 357 32291 621 13 16511 32292 41 32293 1293 950 1621 4 11284 -1 -1 0 0 0 0 8 8 6 8 6 6 6 4 3 5 0 0
"0347696ac43f2991" 17 1869 12645 12666 13 586 32294 553 1578 1579 136 12156 1842 20 32295 87 2999 4 11285 -1 -1 0 0 0 0 6 6 5 7 5 4 4 7 4 7 0 0
"f64503e58a55f412" 40 720 373 4699 1043 32296 32297 6643 3085 553 1043 4125 32298 14973 13 32299 55 32300 2 32301 32302 553 2 6563 607 13853 3210 2735 63 32303 32304 32305 553 2383 6088 7939 32306 32307 15989 9324 16483 11286 -1 -1 0 0 0 0 6 6 6 8 5 4 4 8 3 7 0 0
"9496806438a457f5" 36 87 150 21344 63 14311 1331 13 2661 1464 32308 1483 372 553 2 1547 4365 4349 13 282 188 30949 61 32309 553 2 32310 13 1488 13641 11061 13642 61 9553 460 32311 4 11287 -1 -1 0 0 0 0 8 8 8 8 5 5 4 4 6 6 0 0
"4d60e462bcf7b1f9" 35 34 6459 737 32312 32313 2 55 32314 394 553 113 6513 343 297 13 55 2 6091 10708 32315 32316 553 4866 61 2357 55 32317 14574 13 373 31382 13909 357 2340 4 11288 -1 -1 0 0 0 0 9 8 9 8 5 5 6 4 3 8 0 0
"5fd1835fd4bd684a" 20 1816 343 1817 305 3478 8173 13 553 7882 32318 32319 32320 19236 347 32321 4337 18361 32322 32323 4 11289 -1 -1 0 0 0 0 7 6 5 5 5 4 4 6 4 6 0 0
"c8be6c16ecf5328e" 30 8864 61 297 32324 13 2 3313 457 32325 13 553 5141 1417 32228 1109 31695 10305 38 340 13 553 392 1754 171 200 47 32326 8597 12083 110 11290 -1 -1 0 0 0 0 6 7 8 6 7 6 3 2 2 3 0 0
"a67bcf06db02f52d" 18 6911 5381 191 3500 5141 2190 13 553 95 150 36 171 7238 13 548 1641 32327 4 11291 -1 -1 0 0 0 0 5 6 7 6 6 4 2 5 3 2 0 0
"4503d2b275b06d0f" 26 32328 32329 2 32330 32331 13 553 359 9324 13 499 36 146 10795 32332 13 553 34 32333 2018 13 590 607 18839 15303 4 11292 -1 -1 0 0 0 0 6 7 7 6 6 6 6 4 2 7 0 0
"dfd2a42ccab774f8" 29 1109 1110 8765 19722 20889 32334 13 553 11302 55 9153 1473 6884 32335 13 8969 61 32336 13 553 4568 4569 3405 32337 61 4421 32338 7590 4 11293 -1 -1 0 0 0 0 5 6 7 7 6 5 2 8 3 9 0 0
"c99db1c2fbe8b244" 17 188 26703 32339 357 1882 781 13 553 7721 20 1621 13 1651 61 297 18554 4 11294 -1 -1 0 0 0 0 7 8 9 5 7 3 8 2 8 4 0 0
"ffc2cc98ea5431b7" 22 1071 102 61 2227 13 596 18193 32340 621 13 553 1783 607 4211 32341 357 1934 7596 11672 32342 32343 4 11295 -1 -1 0 0 0 0 5 7 8 6 6 7 4 5 2 6 0 0
"ab184628659a507b" 16 32344 32345 61 93 8321 13 553 2 835 2227 61 1338 5881 721 32346 4 11296 -1 -1 0 0 0 0 5 5 6 6 6 5 2 3 2 4 0 0
"6925280b7f4dbd9d" 35 3474 11054 1201 13 29798 20 1568 15 32347 13 553 1549 1371 3499 23 803 547 32348 1153 32349 664 326 4208 13 553 3953 1315 466 29143 134 410 20 373 32350 4 11297 -1 -1 0 0 0 0 7 8 8 7 6 6 5 4 4 7 0 0
"73c53850a35ad450" 17 7558 13 32351 18759 11659 7553 13 553 1250 32352 12083 113 32353 7293 32354 1464 4 11298 -1 -1 0 0 0 0 3 5 4 6 5 6 2 3 2 3 0 0
"88053544b7f82183" 17 9465 32355 13 596 188 12813 9102 13 553 32356 286 8276 9697 639 420 3219 16483 11299 -1 -1 0 0 0 0 5 6 6 6 7 4 2 5 2 4 0 0
"3ecea0ce10c6bf84" 20 171 29630 32357 2 1829 32358 19222 32359 13 553 925 574 32360 1033 32361 2 32362 134 113 4 11300 -1 -1 0 0 0 0 6 7 8 5 6 4 2 2 2 3 0 0
"6f9129bc63d6a9d1" 25 347 330 151 3554 13 2511 32363 32364 21192 13 553 1182 6163 61 1725 9437 13 38 191 607 32365 32366 22957 1588 4 11301 -1 -1 0 0 0 0 8 9 9 7 8 3 2 4 4 6 0 0
"c668f528c0ea3e92" 42 34 6478 3958 2 19679 32367 13 553 150 330 14353 18645 13 1488 150 863 1008 362 13 553 32368 1498 32369 66 1002 113 13 553 349 19966 19381 66 14421 731 13 1034 574 1580 34 29780 32370 4 11302 -1 -1 0 0 0 0 6 7 8 7 6 4 4 3 2 5 0 0
"bd8e0749c2f9a4ac" 16 7159 32339 357 1882 32371 6892 2475 13 553 999 1795 32372 32373 32374 8688 4 11303 -1 -1 0 0 0 0 7 7 6 6 5 3 2 2 2 4 0 0
"d41a57a0940d9e2e" 17 7159 61 171 6338 21961 13 553 191 4222 1036 4223 55 32375 32376 32377 13360 4 11304 -1 -1 0 0 0 0 6 6 5 4 4 3 2 2 2 2 0 0
"f7bf29f481b02b09" 16 93 4093 15273 13 553 35 1178 3939 705 13 645 8076 13 351 32378 4 11305 -1 -1 0 0 0 0 4 2 4 2 3 3 3 2 2 1 0 0
"489ee3225137c4ac" 30 4827 2813 12771 13 32379 6892 358 999 13 553 8877 1145 7396 8878 524 13 1651 20138 27542 13 372 93 8879 13 547 7936 7937 7938 7939 4 11306 -1 -1 0 0 0 0 9 6 7 3 5 6 2 3 2 5 0 0
"1ab531bb9dcb92fa" 22 95 61 10328 89 13 4856 4857 4858 13 553 2 746 1482 353 32380 13 35 388 774 877 32381 4 11307 -1 -1 0 0 0 0 6 4 5 2 3 7 2 4 2 1 0 0
"40db71ee9d67ae61" 23 7027 16089 1420 16090 14348 13 553 8540 435 8541 17 13 9488 9489 9490 13 553 171 21692 1589 31203 32382 4 11308 -1 -1 0 0 0 0 8 6 7 5 6 7 4 2 4 4 0 0
"9910b2faad0f3395" 27 1047 3249 3539 13 357 5459 7804 13 553 26 27 14122 13 32383 29560 32384 32385 13 553 2 547 7936 2628 565 32386 61 4 11309 -1 -1 0 0 0 0 6 4 6 3 4 6 2 3 2 2 0 0
"9d00d95f5e7672fd" 24 10185 32387 32388 10428 4129 13 553 4924 4925 3561 350 32389 32390 13 553 1109 150 32391 105 32392 32393 32394 358 4 11310 -1 -1 0 0 0 0 7 5 6 4 4 7 5 2 3 3 0 0
"6ae620002c42302f" 18 8341 94 410 151 347 15268 2100 13 553 14194 14196 13 95 676 482 125 32395 110 11311 -1 -1 0 0 0 0 6 4 5 4 4 5 1 3 3 2 0 0
"129f7bd057835d04" 19 2 703 6979 3048 5581 93 8347 13 553 14194 14196 13 5530 274 1165 61 32396 32397 4 11312 -1 -1 0 0 0 0 6 4 5 4 4 5 1 3 3 2 0 0
"ab081da625f66876" 50 372 7795 93 13 20 6545 18595 13 553 547 7936 7937 7938 7939 13 95 32398 860 150 451 93 4261 32399 2284 13 553 188 335 61 53 336 337 338 13 347 36 1016 32400 5474 32401 5881 13 87 32402 357 2452 1604 7235 347 4 11313 -1 -1 0 0 0 0 8 6 6 2 5 6 2 3 3 2 0 0
"a60eb71532f16b43" 37 125 372 188 780 297 781 13 553 4856 4857 4858 13 8341 94 410 151 347 15268 2100 13 553 499 1817 2308 698 32403 20107 7168 396 13 20 19901 3370 32404 13 32405 4 11314 -1 -1 0 0 0 0 8 6 7 4 5 6 3 4 3 4 0 0
"592e2e9eb2fc4101" 27 350 1329 61 655 921 25 32406 32407 13 553 1783 607 4211 655 10139 13 12182 32408 13 553 305 5881 32409 29018 18666 32410 4 11315 -1 -1 0 0 0 0 6 4 5 3 4 5 1 3 3 2 0 0
"ae25335745cf5e55" 31 7027 16089 1420 16090 14348 13 553 8540 435 8541 17 13 32411 32412 32413 32414 13 553 16633 32415 32416 3338 32417 13 5101 150 4109 32418 32419 3663 4 11316 -1 -1 0 0 0 0 8 6 7 4 5 6 2 3 3 3 0 0
"107df3c0169cb06d" 38 1250 14085 12083 14086 13 20 32420 16510 553 13 1047 3249 3539 474 32421 13 150 451 32422 23247 32423 68 13 553 68 32424 326 32425 330 676 32426 32427 13 8537 2615 4 68 4 11317 -1 -1 0 0 0 0 6 4 5 3 4 5 2 3 2 1 0 0
"5b7b620d955985fd" 26 53 7293 7294 13 653 420 13 553 330 150 36 26974 13 2859 32428 13 553 352 93 32429 3411 2 32430 16262 32431 4 11318 -1 -1 0 0 0 0 6 5 5 4 4 6 3 2 4 4 0 0
"0a0c41592650c0b0" 15 134 32432 2200 30483 19222 32433 13 553 2 547 7936 32434 22153 21706 4 11319 -1 -1 0 0 0 0 6 3 4 3 2 5 1 3 3 2 0 0
"80afd527896c039b" 19 32435 32436 55 32437 32438 32439 13 553 357 191 32440 361 8987 13 1842 20 32441 23786 4 11320 -1 -1 0 0 0 0 4 4 5 3 5 2 2 2 3 4 0 0
"236e18f39f45715b" 22 7159 61 32442 1577 13 1481 347 2014 358 13 553 6892 388 4254 7159 32443 394 32444 32445 23046 1036 4 11321 -1 -1 0 0 0 0 7 8 8 7 6 7 6 2 2 4 0 0
"59c94e24e208e2c0" 19 32446 61 10328 89 13 35 26 27 1043 22432 13 553 32447 32448 92 4925 2 32449 4 11322 -1 -1 0 0 0 0 5 3 3 4 4 3 7 2 2 3 0 0
"77b8c1a45427fe81" 20 32450 410 321 15268 435 10432 30438 13 553 2 8483 32451 9425 38 1693 13 1319 7990 32452 4 11323 -1 -1 0 0 0 0 7 6 7 7 5 4 4 3 4 5 0 0
"9b3508b7526acb68" 22 35 1667 1178 3939 2284 705 2 1178 927 13 553 357 14194 28581 331 13 20 32453 32454 771 939 4 11324 -1 -1 0 0 0 0 6 7 6 6 5 6 6 3 4 5 0 0
"591450c850f182eb" 23 13967 4793 32455 13 357 14311 746 6736 2564 2014 13 553 1868 8685 8686 840 8685 8687 13 5124 699 32456 4 11325 -1 -1 0 0 0 0 4 6 5 5 4 3 3 2 4 4 0 0
"d265a3b8c4729f31" 29 150 2371 32457 27698 20912 13 28 87 361 15112 13 553 171 5544 3474 1201 13 5584 10219 1588 32458 13 698 12300 1983 134 32459 777 4 11326 -1 -1 0 0 0 0 6 5 6 6 5 4 5 3 5 6 0 0
"875b521ed8a8b8bc" 22 7027 32460 5568 32461 297 14348 13 553 9488 9489 9490 13 2 5140 2001 515 359 32462 17688 32463 32464 4 11327 -1 -1 0 0 0 0 8 7 7 7 6 5 4 3 4 4 0 0
"6d4e9a0f713ec474" 24 10185 32465 32437 4192 13 553 4266 1381 11621 13 93 61 921 4576 13 357 134 150 1231 863 417 737 2666 4 11328 -1 -1 0 0 0 0 4 4 5 3 5 2 2 2 3 4 0 0
"e5677831b8543da1" 24 66 372 7795 93 13 191 4857 4856 32466 10042 13 553 3474 5544 1201 2 8655 386 305 3638 2 32467 10042 4 11329 -1 -1 0 0 0 0 8 6 6 7 5 8 4 3 4 4 0 0
"9fd82c7d58653424" 28 95 150 36 1602 1603 13 28 4266 32468 4899 13 553 2 134 347 863 1008 13 2247 66 44 699 1342 3993 32469 14556 29047 4 11330 -1 -1 0 0 0 0 9 8 8 8 6 4 6 3 4 4 0 0
"688409982d3328b6" 22 2 5881 13 6448 359 53 1696 7294 13 553 14194 28581 331 13 297 32470 32471 31497 524 32472 32473 4 11331 -1 -1 0 0 0 0 8 6 6 7 5 7 3 3 3 4 0 0
"6be901a9f4bd59bb" 21 125 372 188 780 297 781 13 553 26020 23 435 1552 32474 13 2 746 1083 1482 738 32475 4 11332 -1 -1 0 0 0 0 9 8 8 7 5 8 3 3 3 4 0 0
"a3f35bd98aaa8fcc" 29 4715 11916 2101 16452 515 61 737 457 12082 13 553 35 8877 1145 7396 8878 524 13 93 3751 8879 191 335 61 32476 7404 5622 12082 4 11333 -1 -1 0 0 0 0 7 8 7 6 4 3 4 7 6 8 0 0
"568604cbb82735a4" 25 2337 1869 35 7159 61 113 14738 13 553 357 373 388 6892 297 4254 13 297 20 4226 1122 4227 4228 4229 4214 4 11334 -1 -1 0 0 0 0 8 7 7 7 5 5 4 3 4 4 0 0
"feecacdb6a422f80" 16 341 5188 35 23 6246 13 1006 4211 553 957 18 11448 20 32477 32478 4 11335 -1 -1 0 0 0 0 6 7 10 6 7 6 7 2 2 7 0 0
"35eb8f52d23d1ab5" 22 150 9499 3314 3497 13 150 304 32479 13 553 41 1043 15153 32480 13 1522 13 2 395 113 32481 4 11336 -1 -1 0 0 0 0 5 6 7 6 6 5 5 4 3 5 0 0
"6d4c74058bf67198" 25 1071 1160 1729 20553 13 2652 87 32482 32483 13 553 6056 113 13 1549 341 1379 2337 13 2439 150 355 14327 7576 4 11337 -1 -1 0 0 0 0 7 5 6 8 6 4 3 7 7 6 0 0
"2a337132700d9d15" 16 347 36 28839 32484 32485 13 553 499 10861 1192 18439 13 47 32486 32487 4 11338 -1 -1 0 0 0 0 5 5 6 4 5 4 2 3 7 4 0 0
"7332bf8896652ceb" 20 32488 13 347 32489 66 32490 13 553 974 1540 20 21 22 13 357 347 304 32491 150 4 11339 -1 -1 0 0 0 0 8 7 5 5 6 4 2 3 3 6 0 0
"02dd0b23241d1dce" 19 32492 8343 20 3436 9589 521 13 553 32493 32494 13 32495 553 32496 25238 373 358 7908 4 11340 -1 -1 0 0 0 0 4 5 7 6 5 4 2 5 2 3 0 0
"c20d709a42244093" 22 347 6083 330 27011 18609 13 499 14414 330 171 8160 13 553 32497 150 36 29941 1890 1078 504 8812 4 11341 -1 -1 0 0 0 0 6 4 6 6 7 5 5 6 4 6 0 0
"29d53157d93bf67c" 22 4921 47 20461 32498 32499 13 553 2696 1319 1270 12642 13 32500 13 553 32501 32502 13 1829 5861 32503 4 11342 -1 -1 0 0 0 0 4 5 5 6 7 5 3 4 5 4 0 0
"0d1332fc1d7b42db" 25 2 66 1934 33 6322 13 588 87 520 553 920 2416 2735 20 3115 4058 13 2 17408 20 1863 13 32504 32505 4 11343 -1 -1 0 0 0 0 4 6 6 5 5 6 2 4 3 6 0 0
"01c0e7f8718ae63c" 21 28 32506 5386 13 1109 21686 32507 13 553 2 41 3302 2292 32508 13 1192 349 32509 6083 32510 4 11344 -1 -1 0 0 0 0 4 7 7 7 6 5 4 3 4 5 0 0
"9a998ce40af1ac6b" 28 32511 32512 32513 13 93 11751 32514 3304 32515 13 553 1071 3387 61 13500 13 8343 150 472 3041 13 106 32516 61 87 8345 8346 4 11345 -1 -1 0 0 0 0 6 6 5 5 5 4 3 7 2 4 0 0
"40e36e50382dce19" 22 20 13538 412 32517 32518 13 553 7723 6369 13 2 920 329 13 553 20 13467 13 13468 32519 14093 4 11346 -1 -1 0 0 0 0 3 4 5 4 4 5 4 3 2 5 0 0
"c7a6179f7a99699e" 30 41 3302 2931 1795 578 3275 13 721 13951 2979 32520 13 553 8341 94 1647 1842 116 171 32521 13 718 93 186 13 357 35 3278 11760 4 11347 -1 -1 0 0 0 0 4 6 6 5 5 4 5 3 2 4 0 0
"487354f5c13fade6" 38 1297 13791 20 3500 13 66 347 31382 304 28 297 553 7295 7296 7297 13 357 347 36 1978 32522 13 20 34 2056 18715 553 532 3294 958 7808 13 5187 1716 796 32523 32524 4 11348 -1 -1 0 0 0 0 8 6 5 6 6 4 2 5 3 2 0 0
"d1cdcf2f33c96d32" 19 815 32525 1549 10353 150 4312 10354 13 553 8412 1296 12156 55 134 21686 53 32526 32527 4 11349 -1 -1 0 0 0 0 4 4 6 5 4 6 2 3 3 5 0 0
"c2b52a93bd0bafb4" 17 2104 967 13 32528 32529 2070 13 553 357 596 32530 55 32531 150 744 14974 4 11350 -1 -1 0 0 0 0 7 6 6 4 5 3 2 2 2 1 0 0
"2360123a03d37e1b" 21 7130 3780 13 4828 1543 7763 32532 13 553 341 676 2213 3898 297 3899 13 191 967 61 9717 4 11351 -1 -1 0 0 0 0 8 7 7 9 8 6 7 2 2 3 0 0
"0bb173c097a16a22" 22 1882 286 125 2863 13 553 150 9499 3248 12725 32533 13 553 347 7428 2869 32534 13 87 61 32535 4 11352 -1 -1 0 0 0 0 7 7 6 7 6 4 4 2 3 3 0 0
"5450066199816348" 16 66 1010 11448 13 553 958 7808 3294 13 553 1552 11751 13 4125 25831 4 11353 -1 -1 0 0 0 0 6 5 6 8 5 3 5 2 3 6 0 0
"d09a6651e90bd0b6" 18 23 10599 13 553 41 12862 13 66 32434 13 553 357 34 93 7584 2652 32536 4 11354 -1 -1 0 0 0 0 8 6 7 7 7 7 2 2 2 3 0 0
"1f9de1b26cf1e3b1" 23 32537 507 566 18609 13 553 1071 23 32538 8089 18759 32539 13 553 357 134 30138 4266 1621 13 974 1540 4 11355 -1 -1 0 0 0 0 5 6 7 7 6 4 3 3 3 5 0 0
"e5fd7db53d2bbff5" 22 1071 361 13500 3387 13 553 66 23 457 6246 13 553 150 9499 17852 1071 1829 2905 950 412 32540 4 11356 -1 -1 0 0 0 0 8 8 7 6 8 4 4 3 3 4 0 0
"110365a9f9141d45" 23 7723 16369 2 920 329 13 553 3436 32541 32542 15319 13 553 13468 1720 13 1071 1047 113 32543 1109 32544 4 11357 -1 -1 0 0 0 0 7 6 8 7 7 3 2 3 3 6 0 0
"a1dc1b89ca592aa2" 25 18759 32545 353 13 5174 35 32531 150 410 14974 13 553 357 347 2652 1543 32546 28142 32547 13 553 144 1042 32548 4 11358 -1 -1 0 0 0 0 7 8 6 7 7 5 4 3 3 3 0 0
"01eb104ec296e45b" 32 347 441 3368 13 553 4638 2620 87 2135 13 553 358 25161 13 553 1934 4211 6322 13 553 1842 20 1179 607 32549 2 20964 295 2258 4 68 13 11359 -1 -1 0 0 0 0 6 4 5 7 6 4 3 4 4 5 0 0
"2c9399177d1a828e" 21 150 36 1983 3933 13 553 357 32550 2724 55 553 2 341 2224 13 2337 150 9499 12583 17852 4 11360 -1 -1 0 0 0 0 6 5 5 7 5 2 2 3 5 4 0 0
"c559d634f28e8002" 18 32551 1208 13 553 2 32552 55 553 1042 1047 32553 3669 13 8556 1047 636 9059 4 11361 -1 -1 0 0 0 0 6 4 6 6 6 3 4 3 3 4 0 0
"f1dc0703d8913c5c" 30 13500 3387 13 553 357 66 23 6269 265 1162 13 553 1071 13422 13 553 308 282 20 32554 1283 3531 13 553 25 23 20078 125 10025 4 11362 -1 -1 0 0 0 0 6 5 7 7 6 3 4 3 3 5 0 0
"af35eba1ab701ed9" 18 5474 1047 15124 13 8341 11751 1647 13 553 357 134 920 3115 4058 13 308 2735 4 11363 -1 -1 0 0 0 0 7 6 6 5 6 4 3 3 2 5 0 0
"6504bf075bdd5493" 12 191 1109 1522 125 18763 13 553 150 4732 32555 32556 4 11364 -1 -1 0 0 0 0 7 6 6 4 5 3 2 2 2 4 0 0
"7e54377b35253acd" 13 1016 25238 8042 32557 13 553 357 150 32558 2869 21202 394 4 11365 -1 -1 0 0 0 0 5 8 6 8 5 9 5 2 4 6 0 0
"87ffd6bac7ca02b4" 19 170 19236 66 25302 13 553 357 2652 11443 17652 553 1319 425 2104 967 191 32528 20833 4 11366 -1 -1 0 0 0 0 0 0 0 0 0 0 0 0 0 0 0 0
"f81800d4eab2d794" 21 2337 13 341 1379 13 553 7130 7131 13 357 44 1403 4 553 357 3747 61 2941 1043 15153 4 11367 -1 -1 0 0 0 0 3 8 3 6 6 6 4 5 6 9 0 0
"d22c12bbce133cb6" 22 32535 14405 2733 24602 13 553 150 472 2689 106 8345 8346 61 4 553 93 19236 352 297 12467 466 4 11368 -1 -1 0 0 0 0 4 7 4 5 7 5 4 5 3 4 0 0
"cc5a0b35f81e464f" 17 44 125 2863 13 553 341 36 297 3321 3898 13 553 28 24566 32559 32560 4 11369 -1 -1 0 0 0 0 7 8 8 7 6 6 7 5 4 4 0 0
"37681c9c11429b31" 15 20 1109 1522 125 305 2696 13 553 2 7723 6369 13 7724 329 4 11370 -1 -1 0 0 0 0 6 7 5 6 7 6 6 7 4 5 0 0
"f4a09afd1b8ae002" 22 2104 967 191 32561 2106 13 553 1071 1047 297 14327 14328 4 553 32562 93 170 3635 1033 32563 974 4 11371 -1 -1 0 0 0 0 5 9 4 6 6 5 4 5 3 4 0 0
"d04162901322d504" 16 150 22957 32564 22878 3769 13 553 3948 2724 13 2 10353 61 297 10354 4 11372 -1 -1 0 0 0 0 3 6 4 5 3 4 3 4 6 6 0 0
"81348d2f6e4a85de" 22 2696 1319 1270 66 414 13 553 191 8412 1047 37 5381 12156 4 553 1071 32565 723 113 32566 32567 4 11373 -1 -1 0 0 0 0 5 7 4 6 6 6 5 4 4 7 0 0
"4c7d73ffc6bcf655" 16 20 1109 1522 125 305 29011 13 553 2 704 2067 297 20 21 22 4 11374 -1 -1 0 0 0 0 6 7 6 6 6 7 6 7 4 5 0 0
"7d3b68a27382ae33" 13 20 13538 1122 202 32568 13 553 347 66 3368 3965 1667 4 11375 -1 -1 0 0 0 0 3 6 5 6 5 7 5 2 4 4 0 0
"729d8aa64936237c" 20 47 32569 13 47 2292 13 553 41 3302 349 7561 4 553 41 3302 2760 1795 3253 3275 4 11376 -1 -1 0 0 0 0 4 6 5 6 5 6 4 4 5 6 0 0
"323907ac988e07aa" 11 7723 6369 13 7724 329 13 553 3436 32570 521 4 11377 -1 -1 0 0 0 0 5 6 4 6 6 5 4 6 3 5 0 0
"0b07f21b7d20754e" 20 150 32558 2869 21202 394 13 553 4107 94 1647 4 553 44 125 2863 191 102 61 1093 4 11378 -1 -1 0 0 0 0 7 9 7 8 6 7 6 5 4 6 0 0
"c1135649c09c7c1f" 18 11443 13 7295 653 32571 13 553 7296 7297 2 11443 13 35 106 8346 61 8345 4 11379 -1 -1 0 0 0 0 4 7 5 6 5 6 3 4 3 3 0 0
"b1709dbed5c002fe" 22 15242 355 1043 13 357 1109 150 5354 93 24003 13 553 4019 4020 4018 13 357 742 61 32572 32573 4 11380 -1 -1 0 0 0 0 7 6 8 6 5 6 5 7 4 6 0 0
"edd56babd713a23d" 24 796 451 622 13 308 1303 13 28 95 61 32574 13 553 191 3282 1552 12842 13 87 15391 3302 32575 32576 4 11381 -1 -1 0 0 0 0 6 7 7 8 6 6 6 7 5 8 0 0
"2059e1d774c94d80" 22 3282 1552 12842 13 2 860 1473 3838 22686 13 553 1342 61 1805 13 357 1109 113 2971 6777 32577 4 11382 -1 -1 0 0 0 0 6 7 8 6 5 6 6 7 7 7 0 0
"6cf2c4787332e12b" 23 4645 1315 13 1069 1747 13 191 1342 61 412 32578 13 553 4168 1095 457 13 191 116 798 32579 7165 4 11383 -1 -1 0 0 0 0 5 5 6 6 7 5 3 7 3 5 0 0
"50dd3200bcc91320" 17 6501 1860 13 6517 6518 6551 13 553 357 66 6605 373 13 499 2324 1740 4 11384 -1 -1 0 0 0 0 8 6 7 5 4 4 4 5 7 5 0 0
"50b21973734b822c" 18 13878 13 34 2258 6727 13 3474 774 13 553 2 1109 3610 2696 5602 1192 142 4 11385 -1 -1 0 0 0 0 7 8 8 7 6 5 4 6 6 7 0 0
"81cd4463053030af" 24 1893 13 38 704 13 66 93 574 13 553 357 6257 3037 1821 13 35 66 347 600 93 331 24003 675 4 11386 -1 -1 0 0 0 0 8 7 7 7 6 6 6 6 7 6 0 0
"ca1870a1052c51ab" 22 1342 3938 9404 13 191 9403 150 854 13 553 10029 53 8695 13 357 150 5354 93 3766 800 29710 4 11387 -1 -1 0 0 0 0 6 7 7 9 6 5 3 7 6 8 0 0
"a7069b1b2dfe325e" 29 28 361 5842 5843 13 1109 150 5354 93 16020 2764 13 553 134 655 725 61 726 13 357 32580 6336 13 2 9356 507 95 32581 4 11388 -1 -1 0 0 0 0 7 8 7 7 6 6 5 7 6 7 0 0
"6911b3e4b65eeba9" 19 12021 621 3727 13 347 36 11392 13 553 2436 5084 6564 13 2 1109 2696 29806 8225 4 11389 -1 -1 0 0 0 0 7 7 7 6 5 5 4 6 6 6 0 0
"7d802528d0b3f62c" 26 3282 1552 12842 13 2 1109 150 5354 93 113 1007 13 553 34 11473 11474 11475 13 357 1109 673 18906 32582 125 17988 4 11390 -1 -1 0 0 0 0 6 7 7 8 6 6 6 7 7 7 0 0
"eccfa7db777153af" 39 1792 25 1793 13 41 1109 150 305 680 116 18490 13 553 28 361 5842 5843 13 1016 32583 1109 113 32584 18317 13 553 4168 1095 457 13 357 1109 16508 2696 95 845 142 18490 4 11391 -1 -1 0 0 0 0 6 8 8 8 6 6 5 7 7 8 0 0
"6d2f7b1030297bbf" 40 487 61 32585 713 2873 13 2 2191 8949 927 13 553 15658 2483 1876 13 2 1604 1016 351 1016 845 13 553 713 1099 8251 13 1109 9356 13 35 14908 20 32586 8115 3901 6067 17402 4 11392 -1 -1 0 0 0 0 7 7 7 6 5 7 4 5 6 6 0 0
"90e77c26d8df038c" 27 6981 61 2369 6982 6983 13 11063 11064 11061 11062 13 553 1342 61 1805 13 357 1109 32185 13 6452 25 113 87 1515 727 4 11393 -1 -1 0 0 0 0 8 6 6 5 5 5 4 4 6 5 0 0