"5ec330ad765215d4" 9559 6733
"3673c09a41209045" 8981 11777 4592
"c4822151f08a3927" 3412 7323
"9d022e3f56689d48" 2809 6279
"e8c275314713c661" 11013 1583 8149
"bb6aaa7502770c35" 2545 4897 10604
"62720db49982d99a" 3319 6510
"216e1ba875ca7aec" 77 9125 8275
"1f8d24d3bfdf360d" 11783 11551 1206
"26f55ce03f30c0a2" 860 841
"0f1343bc001ec11f" 2325 1179 9771
"4f0143db118029ca" 6323 665 2427
"e8c9e4c3d61afadf" 6038 6130 11253
"179c25b45fa77db1" 8810 2594
"0c266e1b65475ebd" 9239 8296
"762420dec1e8d228" 4088 866
"8149191ede81e2c4" 11526 9161 12004
"400046715523797d" 3539 6176
"d9e8c654c15c8791" 8234 4993 8781
"f6b2fb1a5f25b254" 10010 9008
"ad7f9180628667b2" 6123 5822
"279505a07333ec5f" 2915 9116 6114
"f93ab2b4895b6c89" 5822 7948
"42ffe3618db9d6e8" 9113 761 6645
"3771e7831d5d44b1" 8513 6235 6114
"ef2745231074fcdf" 2586 9151
"bdffbd92425c618b" 8234 8781 10287
"ade0f7b7fd627ac9" 10010 1851 9000
"5b7ca30b059c0dd0" 8798 2586 7948
"0b5ae7b68ae18c7a" 11121 9008 8286
"f409a112d388b1b7" 9116 6645 6105
"1821c4791f74260c" 1713 9175
"5c7cad7716c578d7" 5068 6652
"e9aea6da80eef906" 4676 3704 6105
"e46286baa5cbce42" 1717 4492 3436
"9386db7367af9df1" 2595 11411 414
"644a721df1b8650f" 2232 4993
"a7655b8784ca3f43" 10270 937 7182
"22162ea024d56fd3" 3478 3544 6235
"a6f343dd5ac75bb4" 9851 5943 2915
"d65b2763f75bf145" 3704 6577 10287
"8e821f045ce80cde" 1841 5054
"a76ca0519491bb70" 6123 9175 2915
"d3c9c15ef7ff11e9" 414 761 8513
"d38ab18d6df150ee" 937 9113 8286
"d42f32b771c6f2fc" 9000 3544
"3ea621bd06e0df97" 8234 6123 1713
"784cad7716c578d7" 5068 5822
"30608b71cd8051c7" 2595 3478 4993
"05f1101cba08a18f" 6645 9116 8798
"59b75d48a73d13a0" 9008 9175 11121
"5b09a979ba2d386c" 7689 11411
"58c6c262b27c5402" 6114 10270
"688173b457c5ae92" 4492 7948 1717
"2f4f45a5e809844d" 6105 9151 6645
"1caa721df1b8650f" 2232 6652
"0d2d7e65e96ac3f3" 9113 8798
"af8e332bccbe1274" 11121 4492 6652
"062e70bd4285b358" 761 7948 10010
"d819745f365180b1" 4676 6645 10287
"42dc2d26e8ab65d6" 937 6114
"50002a61a62367ae" 9151 2232 8781
"80f0c4791f74260c" 1713 8286
"0c488bc4ba9a2098" 3544 6652 11411
"c458c0b8b138748f" 6235 8513 2915
"3a1cb5ea50171250" 327 6107
"b69e855745df91ae" 1289 2633
"439a9b177550dbd8" 5836 5227
"f0dc559714605c0e" 8084 2141 3225
"f21ee5c1501e8135" 10433 5045
"c90d7b765b2c97cb" 6171 272
"09b2e781d65ff917" 10000 2643
"7b196b04373d72f0" 4300 791 6487
"c8bd9021d86eba57" 2481 1135 2055
"fa6a387553a0ab4a" 5946 9424
"03c8387553a0ab4a" 5946 2641
"99d5ad0d242baf09" 11375 10441
"b80fc4565cb80559" 9234 6331 5537
"659fde2482383a79" 8754 3113 1846
"f394da8a22b51863" 11928 6033 6785
"02db31a039e364be" 2182 2441 5548
"417307b1ffa6dc11" 7292 3163
"31f70ead99c7ae73" 11372 10538
"87ffbd8cc2f699e1" 5861 10538
"72bd727beb52cf46" 5435 5537 126
"9ef805825403a203" 327 3113 11372
"a9738e97a5ccbfcb" 1289 2633 5227
"6bcc5c341400cfc5" 11928 6033
"006de5c1501e8135" 10433 2182
"ee10f5f67ab606d7" 5045 272
"9e63e781d65ff917" 10000 5548
"81c5511c12d7b943" 7292 4300 791
"4f2c48495211cb1a" 5946 9424 2641
"b54fa48015f8479a" 8754 2441 3163
"42070ead99c7ae73" 11372 6715
"c0949f65275cee59" 10441 10538
"8e6162f245f2bb42" 10326 1846 6171
"29e252804498e502" 5836 8084 3225
"6afc5c341400cfc5" 11928 6785
"f3d11a5364b44c3d" 7292 6487 1135
"521708a5678c2d94" 5435 3113 8084
"215e689a871b6fe1" 791 6487 1135
"786273c6af235666" 5227 5045 10538
"d336b6414f06b556" 327 6107 1846
"004bde196b3b85f9" 12149 6331 5435
"6f2c48495211cb1a" 5946 9424 2643
"ba35929a10092a65" 4236 8226
"a4a95223209b542e" 11274 740 2131
"3bbe2a406851ccb1" 5116 7929 10665
"b885dc1e10c0c9bb" 11089 9665
"8cf01a95ff737a50" 2089 6
"f70b3136f501b5da" 6873 5610 5523
"878df1fbad7ae18a" 11508 2471
"43ae0800f8ac6c84" 3161 4873 2421
"18c517c7ec9d886c" 4326 2534
"ba7b7e432e4cee7e" 7693 10837
"ee70f3956b54c9fc" 9655 9914 5860
"020300a3a9475130" 9944 5383 9892
"b73dfeb9d7c596a8" 1967 11371
"4b0693ca7a0d7d33" 10152 5046 5445
"b514daa1b024f392" 7471 8907
"26065806df7bffdd" 1142 11127
"15e786ad59153a87" 4928 9840 2456
"3561b0b3e090220d" 8314 12170 9342
"76fe688e958f796c" 8226 5445 11371
"a34da3ef478a436a" 7693 10837 10187
"2d18d97fd33f78f1" 11508 5116 2089
"beb3382e6dd94232" 9914 4236
"1de3c144e5407720" 5383 6873 9892
"8a06a28b80904197" 11127 9840
"03306c74c109e7b0" 8250 5523 4326
"1ad0ae70f539c0df" 2471 7929
"5bb6b4dcc372a84e" 2131 11089
"c31b7106fac32be9" 9914 9861 10152
"2851d833c00cf8f6" 11371 2534
"6719abf9c81a38f3" 740 2421
"d41223ab94092ada" 5610 9342
"490efbe687d06e79" 9655 8222 1142
"4fedf69cc5903d2c" 7929 4928 11274
"3d80280792e32c2c" 12170 5860
"ff0c19407f15b1d4" 8314 2456 11508
"80d9abf9c81a38f3" 740 5383
"da2407bc098a82d9" 1142 10665 2089
"7db0ae70f539c0df" 2471 7471
"41c77ad2e18dcb26" 4873 8907 10187
"7088abf9c81a38f3" 740 6
"f90064e7076b6cd9" 9944 8250
"2fbed71e50d3d968" 9665 10837 1967
"165375b5eae5d250" 5383 6873
"0ac3d7ed545d5519" 9342 11371 8314
"93f9bb7332c31a7f" 8222 5046 5860
"5350ffc0d40799a7" 11357 2511
"38dbf62682b3c91e" 8420 12162
"723a7e53cb95cef7" 12162 928
"8f6d527a57090c7f" 10085 2602
"c7043ce74146c8b2" 4453 4526
"abee396f93ab0b64" 10240 9549
"5c7211702e3cf18e" 990 4242
"b18e47f60321fb9a" 6705 7153
"5884e8d92db73390" 3967 307 7694
"06112ca38cf95b18" 8676 8158 9805
"6038cf9d79e82093" 12162 8257 990
"c2e727392165fb07" 918 3967 2602
"566632751d8a321a" 9602 11697 5773
"c851ed407d66f394" 4836 8091 928
"11b99873bed15a99" 2511 12162 9735
"fbcd2ba4f1d70419" 11357 2097 8788
"1f62b4a7a9c924ab" 7519 6641
"5215e742e64a52dd" 8257 10085 4242
"171ca215fd169aaf" 10934 11787 307
"8291769859da57c4" 2910 3616 11697
"83b1d5466ee1488c" 2561 11732 9602
"7d6fefe3c141514a" 5843 10959 10240
"a2419f4b1ad7a578" 6384 172 10805
"2e0880039788905b" 2511 1157 7153
"6615888657de8f01" 8158 10085 4526
"84ec10d3667d1ce1" 8420 9805 1746
"393ba711ee20ca94" 8091 7694 1217
"64c981468bacc106" 10718 5907
"c1110f1fda5a9ac7" 9986 21
"58a79525576d639d" 5237 2390 545
"360895cfa6fe35fa" 2500 9986
"10da2dcfd4f5ec40" 9606 5970 8472
"c75ce1e6f059c070" 10715 7984
"e44b08a992f8f849" 5346 5074 11305
"379c20d018986f67" 1873 175 6158
"8d3220990ae68efb" 5007 10856
"b062ae9171911b04" 7650 5028
"4b0afe971ca7b133" 547 7360
"a5eb2336c146a2ac" 8241 9264
"fd77f239052af36d" 11751 8695
"1ff0da8ea44084eb" 9810 5082
"bfc943f8a788bb2f" 9326 6776
"8a3c8e7e9b0a8c3d" 10886 4710 7611
"9026e25ab267e137" 1811 485
"6727093f3d521df4" 11620 8693
"11f7f4a7f442fef8" 7851 5685
"2547aba05206a1f1" 7193 8359 2381
"da3142c77eacf44b" 10092 11613 10399
"7c41ee2a9ba0dc46" 3012 8550
"162d2d66e23a25ef" 4186 10336 8526
"968b197a54f14de2" 3266 3234
"329769c0557bc627" 3389 6749
"22734a90e66924a8" 7084 8131 2342
"1c55af0077e4dd77" 12013 612 751
"b6b331880b6189c4" 10658 6766 2970
"a0417701de2a5e35" 3822 2311
"a61ec135f81622a8" 10340 4585
"1510af26bef7760f" 3925 4435
"794d83c559d3375c" 7528 10978
"976991289ea0a3ef" 9381 7531
"2f314fa6c4b3c1d8" 9107 8526
"31feb4f3b533d981" 3822 6766 534
"be14c69876e55c87" 5688 8359 751
"1c680e94fc55a4e0" 3925 2342 12013
"21de7646d7057585" 1585 8550 3266
"bd461e0e0b98ed9b" 10399 7531 10092
"178882db09d8c732" 3234 9802
"9f1cfc5b85f67b86" 10336 7084
"0fb9b38c2a0ff52e" 4585 4186 3012
"3e8d4eaf65cb9e43" 4186 10340
"bcd1877334d8090d" 12013 10658 4435
"1568541f1edcfdbf" 6766 751 2311
"632353c3e941bdfe" 7851 1585 2381
"fe5c70bcfeb72210" 7531 8550 3925
"31ca21eaddf127b7" 9802 612
"7f8d34f2c7b1ae58" 2970 5688
"fe5737bdcba913f3" 10092 5685 4585
"45e22e6325d77c29" 3234 10978 10399
"95fe1a43299462d8" 2381 8131
"00760d84e161a8eb" 10340 7851 3012
"4074426d2acc1303" 5688 751 10336
"d657817ae8e80c7a" 4186 612 2342
"c4283f3bea4f1860" 3389 9381 3357
"cc500487a6e80999" 3266 7193 10092
"77de3c727e734184" 7084 8526
"e6c33bbe9fa1fb7b" 3822 534 4585
"aea5ceaafcd4e27d" 8526 2311
"64a85b5ce1d955a7" 4585 3012
"e41d0a5452c43b85" 751 6084 9802
"bc1b32999b2c6ddb" 3234 2342 10658
"90f9affea8e55a0c" 11613 4435 10340
"10700b4569a444cd" 10978 2970
"d2dc197a54f14de2" 3266 8550
"9bceb621558c437c" 5688 3389 10399
"c36ec6a3558bb327" 10092 4435
"5f261650f08f3e68" 11613 751 10340
"041995898138e4e9" 9107 2381 8131
"d459b2e6661c719b" 4186 3234 10336
"16fa3305e90773fc" 9381 3925 2970
"de7d3c727e734184" 7084 3012
"dc6ad4e41fffd576" 6766 9802
"dfb376da5403c938" 5688 3266 10978