"f8e8364122c3b49d" 2832 6344 9486
"ce008875ae1966a7" 6278 9009
"25686fe47aaf0ed4" 4595 8398
"e51a59c4366cd814" 6740 1732 11565
"6cac07fb37e64125" 11893 9574 6034
"ba5869e3515f36dd" 1050 1132
"5a42dffc01b5166a" 9562 8998
"04f255278ff105dd" 1132 11771 940
"dea03bf44b444c4e" 7727 3404 6337
"49a035e97950f164" 3422 6113
"289df99112662e09" 1258 11565 6582
"bdf9457bd11bc1c4" 6344 9009 8269
"0399ce044d0f12c3" 11181 8955 6195
"7731426d32b80c2c" 8986 6729 1167
"f4e9771a8fe8f4fa" 1066 1274 4762
"42dacd7271b383d2" 6532 9733 6582
"23d6ff12143a3527" 1732 9733 6788
"e9a6772715b9cd1d" 1973 3934 7314
"8e4d52f926fe4491" 6278 6195 4178
"2a18441d568fafc8" 1066 1132 11427
"23a778265604e219" 9009 8398 4762
"bd6dc2d9d3d56d1d" 11084 6034
"a040bcf537e9ac0a" 1985 9104
"54ef40a95b68cee4" 3422 6113 1985
"6b4f24a1f8404194" 8986 11893 7314
"4ff2d23c913b852a" 1984 11084 1167
"dadef7111374c379" 8955 6337
"607430e68be99428" 11181 1050 6582
"b36b117530ba6ec5" 1066 9009 11771
"e81cd0a9711b2dbf" 2832 11565 940
"8f5bb2c5676ad644" 6532 8151
"b4809d0c074f1375" 1258 9574 9562
"a9b210b7f6e2bc12" 6344 9733
"6d9526b4ae68f3c4" 6740 8398 11427
"3413f85b8c0954e8" 3934 11084 9104
"95dd2bc1a127fc1e" 7727 1274 8151
"75ed77ad1a3cdbf2" 3404 9486
"4e5fe199696c58b2" 6278 8955 8998
"0833af1b246b7a28" 4595 11771 8269
"ef17bb981e022ba1" 1973 6532 6788
"def3c63fd568d4c7" 1258 3404 8398
"043bf949fad4dfa7" 9733 4178
"6987a488ac22c98d" 6278 11565 8398
"d9b976c5aacdd33e" 6113 11893 4762
"79bee6d4544ae1e9" 3422 1258 3934
"a4998e39dc27c8ce" 11095 9851 10899
"7ceebd9c6040796b" 10330 1608
"1fd2e3db9143bdf4" 4894 126
"8e9e097108dba3a6" 10625 1903 10003
"e09e5f62e9784aae" 9175 12115 5343
"37411fbc2edff1ea" 1997 11752 9997
"d3db80ec7ac7d9ab" 8382 2059 11191
"019a5bc35e58124d" 10825 9726 10032
"5eafdebed743a077" 7659 2085 4696
"fa77a480c22efc3d" 10265 1306 11283
"5b051e4d13e42106" 5067 2899 9842
"cc0f80c5d34701df" 9333 9659 11271
"874e99475e9431f1" 3867 3502 1798
"f12360cee3bf42d6" 6913 6717 3540
"b75e0fcd44312d71" 6519 5443
"fd313e74d8e0fe44" 8790 5391 9933
"a86c85100d522800" 9726 11191
"fc4af7934ed0d9be" 10330 4389 9851
"4058897a7faf11d6" 11531 9175 1997
"b081842956b4e0e7" 4894 3990 8790
"730a0e092b650002" 11095 10899 1608
"8163b75206a11a69" 2085 5067 12115
"d7e21ed59df1f2ce" 10825 9997 1306
"e97545db3737d4eb" 9842 1903 10032
"a1f7a00e5bab2774" 11271 3867 11283
"ec3120c04571a7b7" 8382 7659 11752
"6bd25e899cf06e80" 10265 9333 9659
"a540d2816d0951e2" 4696 6519 3502
"e47cf037f3272188" 126 5391 3540
"0aa7b64b7c0dd6a1" 2059 5343 6913
"37e41ec6802d5554" 2899 6717 1798
"8cc53b1317ac9156" 10003 5443 9933
"65a4cc15c3aa207f" 10625 9726 126
"bc5b0f9aaa04dd41" 4389 6717
"f81476911ba9656b" 11095 11752 5391
"3f5b6db655eb84cf" 10899 1306 9933
"eb4eb753c470b707" 11191 1903 5443
"d603dc171f996339" 9851 1608 10825
"2a23b16c6f992876" 10330 9659 10032
"7fb105866f01e6e3" 6098 10265 11271
"9c370b205b48d6c5" 7659 9842 11283
"f745aa926d7bc00d" 12115 5343 4696
"12a3fe276c437b36" 10625 9333 126
"168f7f27034401f0" 10625 9997 1798
"a77d5f168de32b4c" 1997 5067 9933
"3b76ffeb39d437c2" 11408 3591 9919
"e5b936076388a0be" 9846 11379
"fe67578270240f9d" 5577 3597
"aafa07a22a22df6e" 6412 8740 3105
"b0ecc3bce47a0c34" 1231 4803 372
"0c752dccd41017c2" 7954 2537
"41e78cbd8fa8867d" 10505 2793 9925
"cc03c6070a793669" 10510 2601
"c0195a940b36aa7c" 6180 9419
"483ad585e15e1fb8" 174 10541 6484
"962022d19f907ab3" 10254 10438
"43ec59746e5c2e9a" 11610 9018 143
"f554b2e4f7a89910" 527 9761 10818
"4b76cb97220dac5d" 11682 6285
"5dfeee8821dd0b02" 4259 12131 1578
"760ddbabcbaeb969" 10622 6540 2644
"f1b29f6bc6fb24ef" 3885 2566 3667
"161dcd4a995161e3" 10622 10510
"82b5837084d3f51a" 2566 2537 6484
"be8db80caf1437a6" 1893 8740 9761
"df166fd39c90a32a" 3885 3591
"230ed6760bfb40c8" 527 10818
"6693c6070a793669" 10510 4803
"d2a6f4a6b48c54c7" 11610 174
"fbc302ce77827d35" 10254 11379 3105
"6368f4a6b48c54c7" 11610 7351
"b037578270240f9d" 5577 2601
"4eb52dccd41017c2" 7954 3597
"0f07418c67346fa4" 1282 7482 12131
"f88b6d011052a1c1" 6540 4259 3667
"5c22e9dd83781362" 6180 9419 2601
"74a8dae7b8dbd2ff" 2793 9925
"32e5095847f0b22b" 10505 5577 372
"2c22f441b1f750a8" 3591 9018
"8bbbba86b0b59a95" 9846 1231 10438
"8695ba063cea723b" 2644 3597 10818
"a2b3c541a361b0b0" 4587 10254
"998fecae9c9b1e4f" 6285 4803
"b5a25e13ec307409" 11379 8740 3667
"6bf4cb97220dac5d" 11682 143
"419968b4d061ca2d" 6412 7351 6484
"069d69265800da46" 11408 4259
"b61236b24ef2174a" 2537 2793
"56ca84dc19d55a6c" 10541 1578 9925
"cfd56fd39c90a32a" 3885 2566
"faf6b549f08e26af" 10622 9846 9018
"880d296bc4895415" 10157 7698
"37964560d5b9f856" 8819 74 6653
"ac7c240f86e8c782" 7356 2513
"5da46034416cdee2" 6013 3029 2038
"37a1d8517823a0a4" 9886 11368 9748
"1cfc7dc00faa887f" 8369 3863
"b901d2fcdfa9dcc3" 8745 11993
"98330fefd38029be" 10952 67 8081
"cac119dd09efbf25" 3684 7979
"950c0f0e48dca9eb" 10160 2946 6982
"e3492172c0f6f9a7" 8957 11122 5542
"e2888fb7fd3bf6e0" 10149 10272
"ea7b66e164867a78" 4916 10141
"3e08479e3f4b28c7" 9963 7367
"b1cdd9983367cb11" 5599 4251
"744ac414e90b7e47" 8813 1553
"3e5d461364f42044" 5649 5403 11074
"de0ec14717ea2794" 7291 129
"30186206c40c1f72" 8957 6013
"4758a3653342d038" 10952 5599
"ab90674fedacddcc" 10157 3029 7979
"949dc8fc49676729" 3684 3863 8081
"9ea54674d02ba44c" 7356 6306 74
"8e18344553131188" 8745 11368 6982
"8895684891670edd" 9886 10160 129
"bb6b366ee58d035c" 5403 9748 4251
"1c3bf6bd52c5447b" 7675 11074 9963
"bb4b08261450f897" 8369 67 11122
"e191df0eeeb48025" 10272 1553
"75afa02368ac4ebd" 7570 2946 7698
"7f2b634ac053b1cd" 10632 8813 10141
"3c29b469fcf9cfd2" 10149 8819 2038
"507ff1f3328bda37" 5649 2513 5542
"42680aa584245808" 8745 129 6653
"5110b8067f6eac40" 2611 9963 11122
"e2374bcb095e096e" 5554 8081 6982
"e4783365fb6d10ab" 6570 5112 7091
"328ce70d96093d90" 4403 7263
"380389ffe08d75c2" 4659 5928 11911
"c791d876e73fc499" 6921 2093 10937
"3236f52a14e35508" 7175 11675
"0f6809632745f666" 9991 616
"63fc527a57090c7f" 10085 616
"a3d663a1a783af20" 3716 918 3631
"0195d7b222e5c76a" 4529 7014
"5a251ddb6488ff90" 1063 2941
"7f86cd66e70b0ec0" 2111 7257 338
"7e1b73403c69f228" 8656 1139 4919
"dc953438edeb6ddc" 10673 11431 7536
"0ae1bbb3fd4d09ed" 10916 1830 11301
"5a30398f01236efc" 4059 12121
"d8c23d3d0241654c" 1297 4225 8510
"67e61deac11c35e8" 9291 5242
"dc8f22ed60c1821e" 9454 3236 3986
"92f5f52a14e35508" 7175 10657
"cb3d9d83e4fc9102" 9454 10937
"347b2593d35f238d" 3631 7091
"3c344a7fa0cba9e8" 918 4664
"f2f92639fec40933" 616 5242
"5d6a574d0c0092d9" 5112 4529 8215
"9b03d0b31a3a56da" 7257 11911
"a1b557dbf7230d16" 8656 4659 6570
"19f909632745f666" 9991 6921
"6f579cabb2c637d3" 2111 918
"d6415987be57cbab" 4225 4659
"9825576e248af4b5" 11675 2941
"7221fcb0ca60234b" 3236 7014
"2b92823a21060f0c" 7536 616 10673
"5cdc6c2705130c6a" 11301 4919
"cbdd7e77083fc8ef" 6064 7263
"e1175e6522b5ca4a" 4403 12121 10085
"8686cde34154bf49" 4059 5928 3716
"aee71deac11c35e8" 9291 9454
"c93cc2a48d3b0853" 1139 11431 2093
"7e3048ec740aa465" 10916 1830
"4b9e28de70f9a32e" 8215 338 3986
"93c41ddb6488ff90" 1063 1297
"d9ced4699fddc5f2" 5242 7091 1139
"ede05987be57cbab" 4225 3236
"95c9df66b29a44f7" 7014 8510
"c053bba2c70f22d3" 10937 3716 9454
"25f821b6f31f3d46" 11431 6570
"f02ed3729da75fe0" 11911 7175
"ded25d50bbf5284b" 8242 5354 8640
"bdf96123b7f9f162" 10716 4010 11700
"14e013c8414fbdbf" 10706 1194
"d20fc69678702c31" 1174 8640 2974
"7b710e6b92171a0b" 1014 2380
"10dfd5399a701bfb" 7921 10706 9589
"5665bbad84b898f9" 11615 9226 8803
"b050188880aac65f" 6755 5637 6374
"23c879d38121c2ce" 11700 929
"8251380ca1cb6dbc" 8494 3301
"b63401dbad7ce329" 2974 2863 6705
"2f7a96987b916ad0" 1615 10946
"f28e99f0bbb4c496" 2009 4221
"203d9525b983491a" 10519 4010
"8b8810e633abeacf" 6378 5351 7674
"343ae4d840d8bc4c" 2380 7674
"d82a20c545da4e18" 11933 2375 7236
"6fd0cdfb4510bb53" 10227 8361 10861
"26a1a3fd02e8c71d" 5982 9647
"9b26aa13b581a310" 12167 6644 749
"273e3c619074d6c9" 6374 10455
"50835567cb947b38" 9589 8361 1194
"8fe8fcfa41d0306d" 10861 9647 10519
"55744dc8ac62ea5e" 8803 6705 6644
"be1bfe73f6805fb8" 2863 929 8494
"61afdc3038ab98fb" 6755 4221 2009
"8e6f1751d91576fc" 10716 1615
"09f96852d4027402" 9226 3301 2380
"401930e24e4469f0" 8640 10455
"2db163b2aec443d6" 10227 11700 7674
"55bfde079fcc5d9f" 5351 10861
"200ff36e9e711186" 9226 2375 7236
"a83e9525b983491a" 10519 8242
"5ae8371767cc1c49" 7921 10946 3817
"b2d7d32d286c2b4b" 8361 3817
"52b5650f8418ed96" 11615 9526 5351
"9e227732237fdf5e" 7674 10716 6378
"2a00bff5a33743fc" 5637 11700
"af048a1878244ba4" 749 7236
"d70507d53c40e609" 1194 1006
"acd7a5590837eed6" 9737 6378 8494
"9ecaaccd6a3ed01f" 10706 4221 3301
"bcbbfc4b054fa598" 9526 1014 5982
"f4dfdbc9bc8e484b" 11933 1615 2974
"6a1b4ae5916f18c2" 9647 1174
"96cb37f374c4df7c" 2863 2009
"cfa333227ab9d172" 4739 3208 11856
"0f3f52febad6794c" 2299 5088 8340
"e5c38d3be055514e" 2062 699
"e818d333734fb4c3" 2349 7256 9240
"b3770e9bfc499e9b" 595 479 8468
"4baa15f452c0a5e3" 6980 7240 8031
"d9547422ed350296" 5349 2383
"64e7161224ded23d" 2872 11521
"833db1204ce4019e" 9547 11324
"e936299d2d2119fb" 5109 9341 3839
"df31c431e8ade365" 5072 4869 7523
"05f2a01f11f37b6e" 7509 2386
"21406f8e27557f74" 335 2018
"3bfed5e20e4b7ffe" 493 6141
"d6a3513a610ddd7e" 6000 3152
"a89e199c10102268" 4686 6823
"d0631e34f29c2310" 3394 6985 8637
"6577101f7af2e5b3" 6845 2320
"5a83ab9f74c84fae" 11516 5996
"681191ecda6359b6" 7642 384 10323
"712e298d80a7398a" 11577 3205
"c9d506cd0aa3c7d4" 5482 2491 5786
"e7bfa7869abe705a" 5992 8137
"c81206d60d3fa24f" 11226 11149
"5caa9a62fc47b0ea" 623 6133
"730e80d6ca950b24" 4586 5992
"b8735745010ee886" 6845 2783 5482
"d21f496372cdb1c3" 10323 4297
"ac649c551db578fc" 2320 11149
"f331573cca1340c6" 5786 384
"20309b8c48135317" 3205 2964
"ff8dd1fa1018a29d" 11577 6823 7642
"0d25406f345ec59a" 4686 11516 6845
"edc18c500edd276c" 5996 6133
"ef6fa7869abe705a" 5992 6985
"e09bc590b4b8bbae" 3394 8637 11226
"e3bc80d6ca950b24" 4586 623
"8b9dd8cf81aac149" 8137 6985 4297
"00e7c65f20062ab2" 2783 384
"48ccf4fd9a43bddf" 7642 3205
"3a63ab9f74c84fae" 11516 5482
"95ab1eee88b7e704" 6845 6823 2320
"165ec9b4741cb525" 5786 2964 5482
"938eb6a107e4324a" 2491 11149
"73718c500edd276c" 5996 4686
"b189c59609acd456" 8137 11577
"15f799ee45fbcc0a" 8637 11149 7642
"3d2e496372cdb1c3" 10323 623
"276fa7869abe705a" 5992 6845
"193ec80167944408" 5482 3394
"c3c3e827f1d4dfcc" 6985 11226
"40c2a78ec1e7a848" 4297 4686 2964
"a6e8c65f20062ab2" 2783 4586
"edce078ccd40082d" 384 11516 8137
"023cae6a2abf47b3" 7642 3205 5996
"0aa6ee5455af3a38" 11577 623 10323
"afecb6a107e4324a" 2491 4686
"1208dfe2dd5490ce" 5482 4586 11516
"593b86ccdd377113" 6845 11226 6133