"69412aa9fc023502" 26 313 15319 33094 504 19293 13 553 8241 33095 1580 311 61 3715 553 596 6619 2356 2 33096 687 87 36 33097 113 3753 4 11544 -1 -1 0 0 0 0 9 6 8 8 7 3 5 2 8 7 0 0
"b95ad56744d64385" 19 2023 920 2 125 191 1735 2028 13 553 721 66 887 788 1210 2 87 9779 33098 33099 11545 -1 -1 0 0 0 0 5 6 8 4 7 7 4 2 8 5 0 0
"7bda62b1505b1f47" 29 171 61 415 2684 305 1029 188 171 200 13 553 2 34 639 3659 8328 171 6892 13 34 33100 171 14478 357 66 347 600 2452 4 11546 -1 -1 0 0 0 0 6 6 7 5 6 7 5 2 6 3 0 0
"b9aff9623b8b7269" 28 1494 1525 331 13 95 61 239 26730 13 553 774 1592 33101 171 10195 2764 13 553 15347 15348 321 36 326 774 2532 21789 9220 4 11547 -1 -1 0 0 0 0 9 9 8 7 8 8 4 2 3 5 0 0
"5217b39ec4cee5ce" 28 66 23 87 160 161 162 13 38 386 2243 193 33102 13 553 4363 8569 191 66 767 13 860 33103 2 10302 2201 171 200 4 11548 -1 -1 0 0 0 0 6 6 5 3 7 3 5 8 4 6 0 0
"0ad38141b43e1fe2" 32 7035 7036 13 171 25965 61 33104 13 553 4964 858 1015 2715 35 33105 13 2 33106 2303 33107 6092 35 449 1109 1446 3327 6631 13 33108 10566 33109 4 11549 -1 -1 0 0 0 0 4 3 5 6 5 3 4 5 6 6 0 0
"bafb319b2ddfcc35" 25 1664 1109 1208 174 6132 13 3489 752 2 1549 7675 13233 33110 13 553 357 12078 5378 33111 357 14429 33112 2 33113 4 11550 -1 -1 0 0 0 0 6 6 5 3 6 3 2 3 5 5 0 0
"5c19e5cb97b50e61" 28 5799 33114 6896 2852 33115 3115 4414 553 13 553 10224 2128 357 10225 95 33116 33117 553 4363 8569 1178 2307 13 2 33118 93 5750 4 11551 -1 -1 0 0 0 0 4 5 2 4 4 3 2 9 4 7 0 0
"0af648a811922260" 35 33119 33120 33121 11046 13 553 4825 102 9459 357 1274 35 5924 371 13 553 598 504 13 102 25 3037 13 33122 803 13 33123 2 33124 17652 3232 566 21753 33125 4 11552 -1 -1 0 0 0 0 0 0 0 0 0 0 0 0 0 0 0 0
"c651b9692cf3874b" 33 347 15060 1013 1109 1545 3993 2734 13 553 33126 33127 21571 21110 13 553 323 1743 23044 13 1190 150 6544 33128 33129 150 21291 13 1513 33130 1188 359 33131 4 11553 -1 -1 0 0 0 0 3 6 6 6 7 6 4 2 6 8 0 0
"1c8ff587e68ff96f" 40 953 5414 1424 13 7123 33132 13 553 2637 16029 13 1034 33133 504 13 553 1580 3313 2128 17940 803 29427 13 2852 8160 33134 27441 5658 357 150 1568 150 13344 13 87 33135 33136 394 68 4 11554 -1 -1 0 0 0 0 5 4 6 5 5 6 2 4 3 6 0 0
"84969bac151a54ce" 28 1109 6378 1201 95 13 423 20 33137 2890 13 553 20 1675 3675 5382 5383 33138 13 553 1580 1785 8895 8896 435 33139 33140 1370 4 11555 -1 -1 0 0 0 0 8 6 7 5 4 5 4 3 6 5 0 0
"f35b3e27233c8e38" 38 1488 10325 61 13 87 3692 9432 13 553 537 609 15491 13 3599 33141 553 9442 9443 743 13 33142 33143 553 742 53 1447 13 1890 33144 33145 687 33146 36 33147 15391 13 33148 4 11556 -1 -1 0 0 0 0 7 5 6 4 5 3 4 2 3 6 0 0
"a1ebf2984680a9f8" 37 47 6223 13579 251 76 61 13 415 2684 2 24808 2340 999 2724 13 33149 452 282 359 66 553 13 553 2 171 200 8089 2 815 2284 2 33150 28187 27207 17652 9077 4 11557 -1 -1 0 0 0 0 0 0 0 0 0 0 0 0 0 0 0 0
"0d301172aba60ed5" 29 953 5414 1424 20 66 767 13 553 2277 33151 1043 2765 13 553 357 1182 286 712 2720 4597 13 553 990 2762 21394 636 1780 33152 4 11558 -1 -1 0 0 0 0 7 4 5 5 6 4 3 5 4 9 0 0
"9092aa529e347f52" 28 15348 2770 321 36 87 3472 13 553 24454 66 1934 20 87 33153 33154 33155 553 796 20761 21200 13 357 373 3302 61 12662 12663 4 11559 -1 -1 0 0 0 0 7 6 7 5 6 6 3 4 2 2 0 0
"c09060ec4506130d" 18 313 410 66 414 26020 13 553 357 8241 2851 13 373 61 33156 170 20871 6787 4 11560 -1 -1 0 0 0 0 6 7 6 7 5 5 3 3 6 5 0 0
"ae63d4104a5ed8ca" 24 20 66 767 13 76 61 415 2684 13 553 28 359 16029 13 66 347 330 388 367 33157 33158 1400 33159 4 11561 -1 -1 0 0 0 0 7 6 7 5 6 6 4 4 3 2 0 0
"63be211330316c9a" 29 66 33160 13 2 171 200 138 33161 500 113 553 34 639 2852 3659 8328 171 6892 13 553 66 14249 53 358 5141 33162 308 4421 4 11562 -1 -1 0 0 0 0 8 7 8 6 6 6 4 3 4 3 0 0
"8adbb50438250542" 30 596 6619 2240 3715 13 87 3938 3930 26404 553 2 297 744 66 33163 887 117 13 553 23 359 33164 33165 188 23281 13 297 20 33166 4 11563 -1 -1 0 0 0 0 6 6 7 5 4 5 5 4 4 3 0 0
"69063dfc9c4c7a3e" 27 2637 16029 13 66 23 14243 553 10224 2128 357 10225 2864 13 330 347 27327 553 20 3261 3302 736 13 33167 12178 41 392 4 11564 -1 -1 0 0 0 0 7 6 7 5 5 6 3 2 3 3 0 0
"e6b347266188d0a5" 37 7550 421 13 373 33168 2128 357 4254 553 687 4310 410 151 36 6644 24029 4254 553 47 93 4254 347 15060 13 2683 359 33169 33170 553 33171 30153 20139 33172 134 3302 33074 4 11565 -1 -1 0 0 0 0 7 6 6 5 5 6 6 5 4 4 0 0
"7500619c321220f5" 42 4363 8569 13 357 1664 174 6132 134 165 553 1488 61 1069 9431 1043 9429 1122 3692 9432 553 357 66 347 39 9432 13 61 4361 14304 33173 553 1034 14249 358 2963 13 330 347 854 116 33174 4 11566 -1 -1 0 0 0 0 0 0 0 0 0 0 0 0 0 0 0 0
"91b8c957f94fd694" 53 2042 2043 14664 14665 13 191 87 2028 553 20 1675 3675 5382 5383 13 20 4404 297 20 33175 553 1218 2637 16029 13 20 33176 6971 165 1342 553 357 14249 358 3302 33177 13 553 352 367 358 284 33178 13 2 596 2435 33179 33180 66 414 22763 4 11567 -1 -1 0 0 0 0 9 8 7 6 6 5 4 3 4 3 0 0
"994a9f14f27bc6a2" 40 1182 286 990 1043 2765 13 33181 33182 1628 553 2546 16350 2609 13 359 33183 2506 553 10224 2128 357 10225 2864 13 357 134 171 61 457 1069 33184 33185 553 8688 33186 33187 33188 15078 33189 4 11568 -1 -1 0 0 0 0 8 9 8 6 5 6 4 3 4 4 0 0
"c3ada7965f6c4f7b" 47 1842 9442 9443 13 66 347 15060 553 35 481 61 3034 13 357 66 3294 3302 136 18468 553 134 23 359 358 33190 13 504 61 1806 704 1588 33191 10275 553 504 637 33192 736 13 33193 66 736 774 170 774 33194 110 11569 -1 -1 0 0 0 0 7 7 7 7 6 5 5 6 4 3 0 0
"6b822cfaf65120de" 51 20 8241 2851 13 66 347 286 330 2284 942 553 125 3387 61 1004 13 548 1510 504 3278 553 373 61 12320 774 12662 12663 13 357 66 347 39 1817 435 33195 553 66 23 3302 160 33196 547 33197 29904 13 2957 347 1817 2852 33198 4 11570 -1 -1 0 0 0 0 9 9 8 6 7 6 3 2 2 2 0 0
"edef08d969c3c377" 47 1488 61 1069 9431 1043 9429 1122 3692 9432 553 2637 16029 13 66 347 388 330 845 721 33199 553 313 410 66 414 26020 13 357 134 102 61 3302 33200 553 330 347 286 305 6858 8100 13 1034 14249 358 188 33201 4 11571 -1 -1 0 0 0 0 8 7 8 7 8 6 4 5 4 4 0 0
"d460d8250b60d85f" 43 4964 858 1015 2715 13 357 66 347 598 721 553 11380 343 1182 61 11381 13 1071 1510 150 33202 553 687 3313 737 803 5260 13 1314 386 305 27209 553 23 359 16029 13 499 330 7235 305 33203 4 11572 -1 -1 0 0 0 0 8 8 8 6 6 6 4 2 4 5 0 0
"5ac97c94bed4e13d" 45 10868 116 2018 61 171 3472 10195 2764 553 11380 343 1182 61 11381 13 1071 1494 33204 33205 553 7550 421 13 687 95 1206 305 330 3302 33206 33207 553 297 359 16029 13 66 347 4846 330 7587 93 1552 33208 4 11573 -1 -1 0 0 0 0 0 0 0 0 0 0 0 0 0 0 0 0
"62c884ee371ab03e" 28 452 858 1015 116 2715 13 553 35 999 18439 8896 13 357 188 33209 33210 553 150 116 5362 33211 13 305 353 15198 33212 55 33213 11574 -1 -1 0 0 0 0 4 5 4 5 4 3 3 2 2 2 0 0
"e98b56ad73798cf1" 24 2 171 200 7035 33214 33215 13 553 30049 8569 171 6892 7317 13 553 20475 5913 13 504 721 33216 357 150 33217 11575 -1 -1 0 0 0 0 7 7 6 6 5 6 8 3 3 3 0 0
"6860526aeffbfca7" 34 1488 61 1069 9431 1043 9429 1122 33218 9432 13 553 520 188 1498 13150 13 41 35 2371 25490 2852 1173 33219 13 553 10698 11622 191 150 1042 36 993 33220 4 11576 -1 -1 0 0 0 0 3 2 1 2 2 4 3 5 3 7 0 0
"9fdd41e6cbcb4f11" 17 1113 13 1113 359 33221 13 553 520 188 1498 13150 13 87 61 359 33222 4 11577 -1 -1 0 0 0 0 6 5 7 7 6 7 6 3 3 4 0 0
"e45d0bdb6318aff8" 27 34 639 3659 8328 171 6892 13 553 2042 2043 14665 1029 131 113 13 553 598 504 13 1109 1110 359 20299 33223 33224 125 4 11578 -1 -1 0 0 0 0 5 4 4 4 4 3 3 3 3 2 0 0
"caf8e36724cf13fc" 35 15347 87 15348 13 687 36 150 33225 835 396 13 553 2502 11165 132 728 13 357 66 14839 1885 3019 13 553 10224 2128 357 10225 2864 13 2506 18554 33226 1381 4 11579 -1 -1 0 0 0 0 4 4 3 2 3 3 3 5 5 4 0 0
"636a877c1992f832" 31 2546 33227 2609 13 687 367 1510 388 1720 13 553 1494 1525 13 33228 33229 33230 782 13 553 13233 15777 515 1745 13 66 574 1013 93 117 4 11580 -1 -1 0 0 0 0 7 6 6 6 4 5 4 3 3 3 0 0
"57d5c63a28c454d3" 21 2 171 200 7035 7036 1109 33231 33232 33233 13 553 191 87 2028 13 87 2028 359 229 15086 4 11581 -1 -1 0 0 0 0 8 8 7 6 7 8 8 4 4 5 0 0
"a322c6857a5963e1" 41 1109 1446 53 1447 13 28 2453 1446 567 33234 13 553 313 410 414 910 13 134 351 33235 33236 13 553 7550 421 13 33237 1929 1868 1408 2 1015 7314 1013 33238 33239 1420 17652 33240 33241 4 11582 -1 -1 0 0 0 0 6 5 6 6 5 5 5 6 6 5 0 0
"953c43d2bb8b9060" 23 11380 343 1182 61 11381 13 553 7035 7036 33242 9314 33243 13 553 11045 11046 13 357 33244 1109 1589 33245 4 11583 -1 -1 0 0 0 0 8 8 7 6 7 7 7 7 7 7 0 0
"fb3513f915dadc02" 21 1494 1525 13 2637 26832 742 33246 33247 18005 13 553 191 87 2028 13 87 2028 359 33248 1425 4 11584 -1 -1 0 0 0 0 9 8 9 8 8 8 7 7 7 8 0 0
"0ed4e9ddb3bd5f24" 20 2637 16029 13 3929 6858 61 521 26398 21679 13 553 10698 11622 13 9256 33249 359 33250 2261 4 11585 -1 -1 0 0 0 0 3 4 4 2 1 2 4 4 3 3 0 0
"f74e43729cd7c2b1" 33 20 767 33251 553 596 6619 2240 3715 13 32618 33252 13 553 2042 2043 14665 14664 13 1389 726 33253 4 33254 13 25237 20919 27948 33255 521 13 520 33256 4 11586 -1 -1 0 0 0 0 6 6 7 5 6 6 5 3 3 4 0 0
"7cff0ae5d873373a" 40 17095 8569 13 1667 35 10266 18412 13 347 292 347 437 367 33257 13 553 313 410 414 910 13 357 33258 33259 727 13 553 15347 87 15348 321 36 6785 13 10939 150 151 721 20414 4 11587 -1 -1 0 0 0 0 3 3 2 2 1 2 3 3 2 2 0 0
"94837c722b014611" 33 548 5799 5800 1664 415 4007 33260 361 13 553 11045 11046 13 2 349 1695 25 361 1855 33261 13 553 113 1661 171 53 13 1580 4192 353 1319 33262 4 11588 -1 -1 0 0 0 0 4 3 4 4 3 5 4 6 6 7 0 0
"0134d956dab37fa0" 18 33263 33264 636 33265 13 553 357 347 66 1352 13 171 4886 150 33266 36 33267 4 11589 -1 -1 0 0 0 0 6 5 4 8 5 7 0 2 3 8 0 0
"efd30f85c771c74c" 23 11713 1033 11714 504 33268 13 33269 4168 2502 5839 33270 4 553 33271 33272 3873 13 7559 3753 20230 2 5551 4 11590 -1 -1 0 0 0 0 7 6 6 8 7 5 0 2 8 9 0 0
"332711dce2dfae77" 34 12983 33273 33274 188 13 3148 33275 2183 357 3385 23400 188 200 33276 4254 4 553 1885 11101 1886 33277 412 33278 13 66 33279 33280 2 3027 6838 171 33281 33282 4 11591 -1 -1 0 0 0 0 8 7 5 7 7 6 4 3 8 6 0 0
"d10e92b1cac94ec6" 24 1254 1255 1256 13 33283 33284 21521 6864 33285 33286 4 553 22035 8175 33287 142 13 3093 305 7949 33288 33289 33290 4 11592 -1 -1 0 0 0 0 6 6 5 6 7 8 4 3 5 5 0 0
"05bade1d8a55c8df" 45 150 1568 4337 4338 13 102 33291 9691 1710 4 553 2573 13 11942 33292 33293 13 1517 33294 19395 33295 23976 66 33296 4 553 17805 1315 33297 161 28 33298 553 1012 4695 6059 29839 13 1109 1110 33299 33300 1065 33301 4 11593 -1 -1 0 0 0 0 7 7 6 5 6 7 5 6 7 6 0 0
"e4b24a687dc26f67" 31 134 3085 3086 1720 13 2890 33302 33303 13 18135 553 286 1807 20 33304 33305 21961 13 452 14287 1103 33306 4 553 11700 11701 33307 33308 33309 6 4 11594 -1 -1 0 0 0 0 6 7 5 7 6 7 5 6 5 6 0 0
"665e63acdcbc1edc" 20 636 12785 33310 5724 150 1641 2227 4 553 1243 33311 171 3358 33312 3883 33313 2777 1093 33314 4 11595 -1 -1 0 0 0 0 6 5 7 5 5 8 5 4 1 5 0 0
"f28f6e17628ff1b5" 43 20 3501 13 66 372 20 33315 13 5709 6710 4 553 1624 304 2724 33316 33317 33318 5501 33319 286 2492 33320 33321 13 66 2151 7044 87 1892 421 13 150 33322 66 1639 6858 33323 1095 2 4107 33324 4 11596 -1 -1 0 0 0 0 8 6 7 6 6 6 3 5 6 4 0 0
"3005752893af6a90" 85 21347 33325 33326 2 24764 4 33327 33328 33329 33330 33331 33332 13 33333 33334 13 33335 33336 33337 33338 29652 33339 4 33340 33341 2546 26023 33342 13 33343 373 33344 33345 4 553 102 2240 3481 13 171 32618 33346 33347 13 171 33348 4361 150 36 33349 4 553 362 993 150 36 3970 9060 1664 9061 9062 13 33350 87 150 33351 7082 6535 13 357 7456 93 33352 33353 13 38 1323 13 25 33354 1842 33355 13323 33356 4 11597 -1 -1 0 0 0 0 7 7 7 6 6 7 3 4 4 6 0 0
"3cb8e35d169ca70a" 39 330 7291 347 13 33357 920 22712 21187 4 33358 966 15618 548 171 33359 1817 22907 33360 4 553 6849 892 6850 33361 18252 12182 33362 33363 553 33364 13 1342 4378 33365 2236 11840 358 21657 4 11598 -1 -1 0 0 0 0 6 5 5 7 6 8 4 5 3 5 0 0
"9037b4b4b1121d57" 36 3073 3074 3075 61 2093 13 357 18797 675 16730 1148 4 553 20 8618 20478 150 36 151 22907 739 1165 33366 13 1109 17810 737 13657 33367 33368 33369 13 20399 61 162 4 11599 -1 -1 0 0 0 0 5 6 6 8 7 6 2 3 5 5 0 0
"9ed0f24ede2964c5" 30 15992 15993 33370 33371 13 553 191 8412 5011 147 10872 33372 33373 33374 33375 13 33376 17772 5140 33377 1007 481 33378 451 4146 33379 33380 33381 33382 4 11600 -1 -1 0 0 0 0 4 3 6 5 6 5 2 4 4 4 0 0
"c5bb1340724d3b23" 45 5381 8311 1464 150 8312 2332 13 66 8132 33383 33384 326 33385 33386 13 30802 4 553 1923 5046 16397 174 15428 13 1352 134 61 33387 4 553 76 61 1651 1871 63 1872 13 33388 87 150 4766 2096 33389 33390 4 11601 -1 -1 0 0 0 0 6 6 7 7 7 6 5 4 3 5 0 0
"38057617e7e3f74c" 33 20 704 1720 3082 8815 13 347 4312 8583 17652 33391 553 1775 4298 4299 13 33392 33393 33394 2 33395 33396 13 1131 33397 33397 33398 1047 150 1849 4391 25347 4 11602 -1 -1 0 0 0 0 0 0 0 0 0 0 0 0 0 0 0 0
"8e496670df5a3cf2" 24 41 3021 349 61 1063 13 150 33399 33400 24033 33401 4 553 636 10870 171 33402 7551 1342 13 3212 171 33403 4 11603 -1 -1 0 0 0 0 0 0 0 0 0 0 0 0 0 0 0 0
"119fa7d41e3c3e94" 20 66 1695 3484 13 25 95 1342 515 1420 13 553 14741 14742 33404 14743 13 373 3254 10065 4 11604 -1 -1 0 0 0 0 8 7 8 7 7 6 6 3 3 5 0 0
"ee2b249f6d8820c1" 17 722 2176 134 53 6601 13 553 41 392 33405 13 3235 13 66 23 19332 4 11605 -1 -1 0 0 0 0 7 7 8 6 7 7 6 3 3 3 0 0
"40c8f92a527d4a8c" 28 1071 14281 87 357 14282 13 95 171 1342 297 13 553 2 2074 920 25105 1808 9078 13 297 1665 13 1580 132 150 14129 1403 4 11606 -1 -1 0 0 0 0 7 8 8 6 7 7 5 4 1 2 0 0
"10c1aec3bfe30612" 34 66 84 1775 10348 13 1488 87 61 33406 5218 13 553 19700 13891 142 2 21692 1720 33407 2 18369 1497 13 553 87 1716 61 13 499 151 3554 24842 11487 4 11607 -1 -1 0 0 0 0 9 8 7 5 7 6 2 2 4 2 0 0
"80dcddd514ba59f2" 25 87 1716 61 13 520 33408 66 2396 6726 13 553 2 14741 14742 61 297 22612 13 1580 33409 3248 33410 1609 25987 4 11608 -1 -1 0 0 0 0 7 7 6 5 4 7 5 2 5 4 0 0
"e91fe8a41a578913" 39 66 1254 1255 1256 13 1552 1240 7847 31303 28463 22681 13 553 33411 33412 33413 13 2 18337 85 394 1307 13 553 33414 33415 297 1157 13 1580 87 150 36 330 151 753 1737 3722 4 11609 -1 -1 0 0 0 0 7 6 6 6 4 8 5 2 5 3 0 0
"3216da61203a9a1b" 38 7204 485 15243 13 2 574 35 4715 102 18011 981 13 553 2 718 13 1906 9688 13 500 134 1669 33416 13 553 125 1110 474 13 20457 13246 13 150 286 305 330 11803 4 11610 -1 -1 0 0 0 0 7 6 7 6 4 5 4 2 5 3 0 0
"b5e2ba23ff1fb09b" 32 102 13 102 2240 3481 13 33417 13 636 171 1643 3245 13 553 41 3021 349 33418 13 33419 95 171 29644 2 604 13 297 33420 596 22212 33421 4 11611 -1 -1 0 0 0 0 6 6 6 5 5 6 3 3 5 3 0 0
"8ef01d6b3d5c820b" 28 645 1807 171 12716 13 47 7389 87 33422 13 553 11700 11701 2 10265 13 31680 33423 13 553 66 7559 21647 2 150 19897 993 4 11612 -1 -1 0 0 0 0 7 7 6 5 5 7 4 2 5 5 0 0
"0b301479df06b470" 29 188 12982 19711 2 29856 13 553 2 402 8586 5141 3183 13 1013 33424 20055 13 553 1254 1255 1256 13 134 574 35 417 330 1356 4 11613 -1 -1 0 0 0 0 6 6 7 5 5 5 6 2 5 5 0 0
"c5ec0c4e0e1f83ce" 33 3497 33425 636 10870 13 553 191 4361 23350 2536 13 66 44 2941 25 1550 1550 3302 13 553 191 8412 5011 147 13 297 33426 13 35 87 33427 31398 4 11614 -1 -1 0 0 0 0 6 7 6 5 6 7 3 2 5 2 0 0
"0da509f4c667ee48" 36 66 777 1315 33428 3179 3221 8283 13 553 2812 33429 3085 66 12676 13 2 66 347 17789 500 373 16083 13 553 1923 6599 17489 31294 33430 13 1071 33431 33432 33433 33434 4 11615 -1 -1 0 0 0 0 6 6 6 5 5 6 4 2 4 5 0 0
"a0a0b10c28c64956" 32 41 33435 8783 2 33435 1319 33436 10273 13 553 417 26846 3038 171 93 33437 33438 33439 13 553 47 171 33440 13 2 1109 33441 35 33442 607 33443 4 11616 -1 -1 0 0 0 0 6 6 6 5 5 6 3 2 4 5 0 0
"c79cf0dfd210a9b7" 41 171 33444 14795 636 15773 13 553 191 1109 1110 9572 53 8404 13 1109 125 33445 33446 33447 33448 13 553 18789 33449 150 286 305 2511 13 66 574 93 102 13 1712 33450 33451 33452 33453 33454 4 11617 -1 -1 0 0 0 0 5 6 6 5 4 6 2 2 4 5 0 0
"3415afb39040b2c9" 51 66 744 3497 4192 13762 13 174 171 33455 1109 33456 13 553 1071 14342 657 520 5863 13 1109 30112 22375 10179 13 553 1298 331 6593 6399 13 357 171 33455 13 1695 1923 35 645 1293 29889 1071 481 33457 33458 38 1865 161 3405 622 33459 4 11618 -1 -1 0 0 0 0 7 7 8 6 6 8 4 2 4 2 0 0
"667f88bf7f3f2522" 24 7456 15019 2431 33460 13 553 2957 33461 3977 1796 2012 13 553 8649 35 5530 61 1188 20 6561 16829 33462 61 4 11619 -1 -1 0 0 0 0 3 3 4 2 2 5 2 1 2 2 0 0
"e64ed24175b6c337" 16 357 586 35 87 33463 2 1721 553 150 727 331 358 1694 4 68 13 11620 -1 -1 0 0 0 0 6 6 6 6 6 4 3 5 3 6 0 0
"3d55d696510012ef" 16 4183 15707 13 357 41 1145 357 8337 13 553 66 33464 2 347 33465 4 11621 -1 -1 0 0 0 0 6 6 6 5 7 5 3 4 3 5 0 0
"03a948ea1707132b" 20 113 11672 13487 150 437 2248 13488 13 553 341 1352 610 13 1109 1110 188 11532 20 2267 4 11622 -1 -1 0 0 0 0 2 3 4 3 2 5 1 1 2 5 0 0
"29507bbbd1bcf3dd" 16 33 2175 61 53 20 1446 33466 553 1934 188 5577 2 23 367 33467 4 11623 -1 -1 0 0 0 0 6 6 5 5 6 5 3 4 6 4 0 0
"f97a4016d49d9b36" 23 38 8353 61 8354 2 18949 2303 13 553 33468 66 33469 774 33470 660 188 186 93 13 102 93 1187 4 11624 -1 -1 0 0 0 0 3 4 3 2 4 3 2 6 4 2 0 0
"baec47d20b1469bc" 22 87 20 13534 13535 13 553 2700 2701 1131 38 10164 93 33471 2 33472 13 63 66 15222 93 1193 4 11625 -1 -1 0 0 0 0 4 3 3 4 4 2 3 1 2 2 0 0
"c760968ec6392d32" 14 191 135 10479 10480 1775 33473 553 731 521 26164 331 2 798 4 11626 -1 -1 0 0 0 0 6 6 6 5 5 5 3 4 5 5 0 0
"5198c3b8350ff30f" 18 1561 6237 13 20 33474 33475 553 357 673 6235 20536 1427 845 20 12527 15656 15657 4 11627 -1 -1 0 0 0 0 3 4 4 3 2 5 1 2 3 5 0 0
"4172d94299f2e31e" 16 95 1342 61 1131 948 33476 13 553 388 4623 4624 13 703 22684 353 4 11628 -1 -1 0 0 0 0 4 4 4 5 6 4 2 3 4 3 0 0
"658deec81b8168fc" 21 417 1842 9358 13 772 102 165 553 772 0 9648 12871 13 417 2662 20 1552 33477 1765 18893 4 11629 -1 -1 0 0 0 0 4 4 5 4 4 3 2 2 3 4 0 0
"97ec7d10084ec3b2" 24 150 1109 305 359 33478 13 1109 150 36 33479 13 553 519 134 1013 95 102 150 113 337 63 858 646 4 11630 -1 -1 0 0 0 0 4 5 5 4 4 4 3 3 3 5 0 0
"09da77f2e6060da0" 36 852 33480 95 150 11857 13 357 2735 963 87 61 13 553 4412 61 8704 1122 150 330 36 474 942 13 2 553 66 23 188 3967 3968 13 966 963 95 4711 4 11631 -1 -1 0 0 0 0 3 4 3 4 3 3 2 1 2 4 0 0
"b176eb26c82848c6" 22 3901 621 95 14516 13 191 34 6266 515 39 774 170 5538 13 553 171 16430 16431 33481 2 33482 4 11632 -1 -1 0 0 0 0 5 4 5 5 6 4 2 3 4 3 0 0
"6c3a37a756ba0f53" 37 357 5870 3437 61 11661 13 2 93 3381 66 574 13 553 1342 286 305 18663 13 1549 2735 134 66 1220 2 5906 367 13 2 297 33483 13 1580 361 102 1188 33484 4 11633 -1 -1 0 0 0 0 5 5 5 6 6 3 3 3 4 2 0 0
"c3ba405207073d3e" 13 7456 15019 2431 33485 13 553 14194 14081 191 7159 29223 5881 4 11634 -1 -1 0 0 0 0 8 7 8 9 9 8 2 6 8 7 0 0
"adf45952aa3ab087" 20 20 37 33486 15838 13 102 165 1694 13 553 357 1842 93 33487 66 1934 188 5577 33488 4 11635 -1 -1 0 0 0 0 7 7 7 8 8 6 6 7 6 8 0 0
"7a96f38cc7ec9343" 24 341 1352 610 20 171 33489 16369 13 553 20 33490 33491 66 33492 171 2536 13 553 33493 1190 6693 9025 10263 4 11636 -1 -1 0 0 0 0 6 6 7 4 5 6 4 7 5 7 0 0
"509bdf813cddc50b" 25 2 2369 96 171 1552 11066 13 553 20 2267 417 2 33494 12264 13 553 731 521 3935 2024 1765 1930 7019 6734 4 11637 -1 -1 0 0 0 0 8 8 9 8 8 7 7 6 7 7 0 0
"118f379b864f8e55" 28 33495 457 66 558 22619 13 553 357 134 87 61 10879 2 66 793 93 13 553 357 11026 586 33496 2 33497 95 2912 4970 4 11638 -1 -1 0 0 0 0 6 5 6 8 7 5 5 6 6 7 0 0
"1ed4de963700dfd2" 31 3497 4192 13762 2 125 66 23 33498 3998 13 553 33499 33500 443 13 150 363 433 3933 1094 13 553 33501 1796 33502 388 9025 33503 4083 2012 4 11639 -1 -1 0 0 0 0 4 3 7 5 4 5 5 5 4 5 0 0
"8a33f03259b1029b" 24 21607 1071 6567 1298 331 2475 6399 13 553 11672 13487 150 437 9982 13488 13 553 6601 2267 18 20 33504 25417 4 11640 -1 -1 0 0 0 0 5 6 7 7 6 6 5 8 7 7 0 0
"22c7aab1a9963a76" 35 33 61 53 2175 13 20 33505 751 358 13 553 2 38 8353 113 61 835 8351 8354 13 553 19515 2 33506 1841 13 33507 720 313 188 7290 33508 33509 33510 4 11641 -1 -1 0 0 0 0 8 8 6 7 7 7 2 6 7 4 0 0
"4a06971943c42295" 37 20 33511 33512 13 11922 10479 33513 13 553 331 9375 998 752 13 134 33514 33515 55 33516 13 553 20 12527 15656 15657 13 1589 33517 1923 13 553 33518 637 33519 33520 5991 4 11642 -1 -1 0 0 0 0 6 6 9 7 7 8 6 6 6 7 0 0
"1decf7becf25d92e" 27 2085 6235 33521 6236 1561 6237 13 553 15274 33522 13 27939 33523 13 553 66 519 134 13 20 25 25989 13 33524 33525 125 110 11643 -1 -1 0 0 0 0 4 4 8 5 5 6 4 4 4 6 0 0
"cd4c0b4d8e3b71e7" 30 417 1842 9358 13 2263 474 737 138 13 553 150 1109 305 13530 63 13531 13 553 357 93 793 35 9347 32197 13 499 39 1173 11857 4 11644 -1 -1 0 0 0 0 5 4 6 5 6 6 4 3 4 5 0 0
"0805332489c47bb1" 38 35 66 23 188 3967 3968 13 573 33526 13 553 33527 2 7329 33528 13 20 2107 191 66 23 10099 33529 13 553 47 171 12169 13 548 33530 276 3478 13 20 33531 33532 4 11645 -1 -1 0 0 0 0 5 4 5 4 4 5 4 3 5 5 0 0
"92441d6d7a6937c2" 49 347 388 6890 33533 13 6203 1192 33534 13 553 286 33535 4409 13 33536 10326 13 33537 13 553 20 33538 33539 1872 13 150 286 3358 1094 5574 15753 15754 13 553 113 13774 2 999 93 170 13 274 4404 1604 13 1534 2 33540 4 11646 -1 -1 0 0 0 0 7 6 8 9 9 7 5 7 9 8 0 0
"dfdb833419b41257" 44 20 33541 61 33542 15707 13 553 357 41 8335 357 313 13 35 14414 3302 9314 13 553 2056 33543 33544 33545 2 33546 13 33547 13 553 2929 1764 12871 417 2662 13 20 373 33548 2308 13 47 504 33549 4 11647 -1 -1 0 0 0 0 6 6 7 8 7 6 4 5 7 6 0 0
"dc5667602e1f0c3f" 40 347 441 41 19130 1510 2096 5478 6 713 13 553 357 341 2258 3497 27697 13 47 171 12169 13 553 10632 33550 33551 13 5992 1110 33552 13 553 687 113 1411 13 20 7738 1331 33553 4 11648 -1 -1 0 0 0 0 7 7 6 3 5 3 3 3 4 5 0 0
"aaba43f2d6262cca" 19 150 3456 433 3933 33554 116 1698 13 553 6567 1298 33555 799 13 1549 14194 14081 33556 4 11649 -1 -1 0 0 0 0 5 6 7 4 6 8 5 5 6 5 0 0
"117a56177460e638" 24 15707 113 4183 20843 13 150 36 30280 13 553 11672 33557 150 33558 33559 7020 13 553 359 33560 24569 33561 33562 4 11650 -1 -1 0 0 0 0 4 3 3 2 2 6 2 4 2 3 0 0
"7237564405bdc2d6" 24 341 1352 610 13 66 368 521 4331 13 553 731 521 20154 6734 331 5602 13 553 33476 388 357 8063 33563 4 11651 -1 -1 0 0 0 0 6 7 6 5 6 5 5 5 5 5 0 0
"ff4f76949a5bb465" 28 12527 171 845 1071 15657 13 1664 1188 1714 9673 13 553 33564 9648 12871 33565 13 553 1376 4623 4624 33566 13 1664 12952 13482 33567 4 11652 -1 -1 0 0 0 0 8 6 7 6 7 8 6 5 6 6 0 0
"ab7a43d280a4feb6" 31 1071 102 61 1093 134 13 347 3368 33568 13 553 33569 13 10879 61 457 1093 890 6980 13 553 1549 3497 4192 13762 13 737 607 14738 4484 4 11653 -1 -1 0 0 0 0 7 8 7 6 7 7 5 6 6 6 0 0
"168baaee6764dc75" 32 2 2369 96 1494 28 810 61 102 13 553 1342 286 305 323 2 1065 13 12612 1890 33570 13 553 357 586 457 3180 18292 13 28 33571 1534 4 11654 -1 -1 0 0 0 0 8 7 6 5 4 8 4 4 3 6 0 0
"e2006e14454a8630" 29 433 3933 150 3456 25346 33572 13 553 7456 15019 2431 33573 13 537 33574 519 13 553 33575 33576 13918 13579 26730 13 5923 33577 787 33578 4 11655 -1 -1 0 0 0 0 5 6 7 5 7 6 5 4 7 5 0 0
"6177e9e616370483" 28 4412 61 20434 357 347 33579 1709 33580 6485 13 553 1383 146 10025 33581 33582 33583 13 553 484 1795 13280 357 87 361 412 20969 4 11656 -1 -1 0 0 0 0 3 2 2 3 3 5 3 3 2 2 0 0
"2a0088e514fe2bfc" 29 1550 347 33584 5312 14175 1539 13 553 14931 6880 548 1342 93 609 36 6592 33585 13 553 1934 188 5577 13 347 283 17488 7564 1123 4 11657 -1 -1 0 0 0 0 9 7 8 6 7 4 5 3 8 5 0 0
"d250f60893601e8a" 25 20 33586 6460 13263 1712 33587 13 553 191 135 3893 10480 33588 548 33589 13 553 1232 1842 9358 33590 33591 2 33592 4 11658 -1 -1 0 0 0 0 4 6 6 4 6 3 3 8 4 5 0 0
"50bc64ff12579ece" 24 6846 14975 14976 2842 13 553 673 6235 6781 600 2859 3763 13 553 150 305 13530 63 33593 131 3302 8418 942 4 11659 -1 -1 0 0 0 0 6 5 4 6 5 4 4 5 4 7 0 0
"17b872f6267fa6d5" 34 150 11857 13 1071 102 61 1093 134 13 347 33594 13 553 47 171 12169 13 3185 712 1043 2223 13 553 14249 1408 1842 359 171 1342 7590 29582 2 33595 4 11660 -1 -1 0 0 0 0 7 7 6 4 6 5 4 4 4 4 0 0
"28f7515e0caf93f8" 24 150 1510 330 713 6 2096 5478 13 553 16430 636 33596 16431 13 553 3993 6983 150 36 993 20 26908 78 4 11661 -1 -1 0 0 0 0 4 6 4 3 2 4 3 2 3 3 0 0
"010536fa4dab7345" 26 2 13532 13 2770 739 2 3939 13067 13 553 521 920 7397 7398 8812 13 586 2340 553 33597 33598 33599 2 6787 33600 4 11662 -1 -1 0 0 0 0 6 6 6 4 4 4 5 4 5 4 0 0
"ca5deb587efd1d96" 20 150 2371 5881 721 13 1890 15243 10729 13 553 20 425 2207 2 3025 33601 33602 2 33603 4 11663 -1 -1 0 0 0 0 6 6 6 5 5 5 3 3 6 4 0 0
"3a2e10814acaa383" 19 95 102 1047 653 13 24845 2 24024 13 553 2791 373 9962 13 2 15550 2929 33604 4 11664 -1 -1 0 0 0 0 7 6 6 7 8 7 4 3 4 5 0 0
"4ca3392d8b749413" 18 6050 33605 26393 13 7044 106 5863 13 553 1622 737 33606 588 32481 953 616 394 4 11665 -1 -1 0 0 0 0 7 5 4 6 7 6 2 2 4 3 0 0
"d06d1ce386e65c14" 20 150 668 36 6068 6069 13 23 22250 13 553 347 33607 2439 13 113 3358 61 171 33608 4 11666 -1 -1 0 0 0 0 9 8 7 7 8 7 4 3 6 5 0 0
"8bf1754fdf56a54a" 19 33609 33610 13 33611 61 171 33612 13 553 146 10993 276 13 357 33613 373 150 3278 4 11667 -1 -1 0 0 0 0 8 6 5 6 7 6 4 3 4 3 0 0
"cac4a267fea5f50f" 22 66 33614 11637 13 347 36 2891 12067 13 553 981 61 33615 33616 13 7900 4183 357 66 9751 93 4 11668 -1 -1 0 0 0 0 8 7 6 6 8 6 4 4 6 5 0 0
"28ffc03d8d167dc0" 24 357 425 87 1693 13 2636 1182 1047 33617 504 13 553 134 4361 61 1775 33618 13 150 4093 36 15913 28764 4 11669 -1 -1 0 0 0 0 9 7 7 7 8 7 4 6 5 4 0 0
"ade5e228812f3df7" 23 95 61 561 33619 13 500 34 1550 33620 13 553 357 888 20 33621 61 1580 3497 545 323 2 1065 4 11670 -1 -1 0 0 0 0 8 6 7 6 8 8 3 5 4 4 0 0
"f300c7711df7c0f8" 23 12844 102 1533 2 104 13 297 20 34 186 13 553 35 106 349 1533 13 3302 515 13 34 186 4 11671 -1 -1 0 0 0 0 8 9 8 8 9 8 3 3 5 4 0 0
"c5a4bb87dd8d561d" 22 23 29829 8423 33622 13 2195 5881 33623 125 13 553 14627 14628 764 13 33624 327 171 26842 25672 33625 4 11672 -1 -1 0 0 0 0 8 7 6 7 8 7 3 4 5 5 0 0
"652bdc9a90a0fbd0" 21 191 14736 1148 33626 13 347 713 367 13 553 3241 321 2928 367 330 13 150 286 1664 1993 4 11673 -1 -1 0 0 0 0 7 6 5 6 7 6 3 2 4 4 0 0
"b938a702b58d1df8" 23 2096 2551 999 33627 12035 704 13 553 38 1693 347 2335 16440 13 66 1022 33628 1628 1819 20 5255 33629 4 11674 -1 -1 0 0 0 0 7 5 6 6 7 6 3 3 4 4 0 0
"c3b8532e7eb1c98c" 22 9158 7539 6890 1923 13 1052 521 13 553 357 1071 23113 61 737 443 13 796 3358 7299 113 9202 4 11675 -1 -1 0 0 0 0 8 9 8 8 8 7 3 4 5 5 0 0
"be17bb38295f547f" 21 33630 21 5691 359 33631 13 33632 6130 553 7813 1841 13 357 1863 53 13310 13311 13 18094 13313 4 11676 -1 -1 0 0 0 0 9 8 8 6 7 8 3 2 4 3 0 0
"dfb358d8dccd2973" 21 66 18180 113 2865 13 25538 34 93 13 553 423 150 521 36 13552 548 362 13 113 7945 4 11677 -1 -1 0 0 0 0 7 6 6 6 7 7 4 5 5 5 0 0
"4492913989d552a9" 28 12207 25 8788 9063 13 1408 3169 171 396 920 351 134 33633 13 553 191 999 11561 2 33634 13 1725 1461 3038 33635 1718 134 4 11678 -1 -1 0 0 0 0 8 7 6 7 8 6 3 4 5 5 0 0
"55da0534df0c6274" 8 3692 5344 13 3248 33636 1797 13 553 11679 -1 -1 0 0 0 0 7 5 8 6 8 3 2 2 3 4 0 0
"a81ef71d15b97bf1" 21 7346 15618 2023 13 4092 150 796 553 1533 13 553 23 8414 33637 33638 21 5691 33639 7325 2662 4 11680 -1 -1 0 0 0 0 8 9 10 6 6 9 4 7 3 4 0 0
"d7e6176fff085c2e" 7 188 7450 66 788 17931 13 553 11681 -1 -1 0 0 0 0 8 7 6 7 6 6 6 8 6 8 0 0
"d87ccecaa6fa5dde" 8 566 14138 1304 774 892 616 13 553 11682 -1 -1 0 0 0 0 7 6 5 6 6 4 4 3 7 6 0 0
"31a70a59164de52b" 19 9962 358 13 134 102 33640 388 628 13 553 1713 7539 1923 93 7883 33641 772 4328 4 11683 -1 -1 0 0 0 0 9 8 8 7 6 7 3 5 8 7 0 0
"7e3ee58cdd702266" 17 33642 13 38 1693 5240 3254 13 553 347 2928 417 357 4361 787 12892 13 553 11684 -1 -1 0 0 0 0 7 6 6 5 5 6 6 4 5 6 0 0
"1fcd11620622e266" 27 2 13532 4702 35 1869 4638 566 731 55 553 553 276 150 1641 13 35 87 4 33643 5207 2 1304 33644 3302 4 68 13 11685 -1 -1 0 0 0 0 6 4 5 7 6 4 4 3 4 6 0 0
"be8a5c3bcd6929e0" 21 66 1857 2735 297 13 188 12035 142 13 553 1305 347 367 13 423 150 76 36 33645 2316 4 11686 -1 -1 0 0 0 0 8 8 7 7 6 7 6 6 6 5 0 0
"306cfb68d3506c76" 9 53 33646 33647 13 2846 4254 33648 13 553 11687 -1 -1 0 0 0 0 7 6 6 5 6 5 4 3 3 4 0 0
"c6d9ae2af336b25f" 10 11420 4403 13 4326 150 3456 33649 33650 13 553 11688 -1 -1 0 0 0 0 6 5 4 5 6 4 4 6 5 6 0 0
"dc233ddfa9cc5d9e" 8 33651 116 6069 150 668 36 13 553 11689 -1 -1 0 0 0 0 6 5 4 5 6 4 4 6 5 6 0 0
"02406f14a9ca2dea" 12 150 36 5917 13 188 7450 25398 33652 25400 13 553 553 11690 -1 -1 0 0 0 0 7 6 6 5 5 6 6 4 5 6 0 0
"660a45bfa1342d31" 23 7945 13 16593 13 171 3348 13 598 47 341 13 553 33653 13 33654 13 66 13432 33655 3327 4 68 13 11691 -1 -1 0 0 0 0 7 7 6 6 6 7 4 6 4 4 0 0
"b174c42504bfc970" 21 4741 20 9217 13 102 2317 171 33656 553 2 87 113 33647 13 1693 13 4741 308 3529 4 553 11692 -1 -1 0 0 0 0 8 7 7 6 6 7 5 4 4 5 0 0
"beaa01ee69126007" 17 8003 9332 13 553 33657 1203 13 87 712 457 5881 13 150 36 9393 553 553 11693 -1 -1 0 0 0 0 7 6 6 5 6 6 4 3 3 4 0 0