"1f27ef3b9b4e6865" 6113 5763 4536
"44ae509ef909742b" 1170 4600 385
"49a709db4ff67a6a" 8281 10018 8272
"ca60b74e8b2cfd98" 742 7299 11430
"4f10d2d1e5f820ba" 56 6051 10028
"0d8c7ebd8f42bd0d" 4875 6744 1740
"a73c2f6e6e55519e" 6184 11781
"33d500ea30e67acc" 3949 7322 6051
"bc37e267f903934b" 8076 8389 9557
"38f0e2b2640f53ae" 11201 1976 121
"efdc7b62be12a2ec" 3534 11880 10479
"ad722d41281c801c" 9571 3509 6341
"9ff569c6dc32d650" 6719 6737 700
"4d4ba7dd3718b91a" 8281 840 10018
"ef52a28a4211ebd5" 3534 10028 1531
"11175162a22689e3" 11430 8076 9110
"d9019de7d9a0be75" 6113 5763
"20d3a644340f3ae5" 10028 8281 11880
"bcd05663166dd654" 1976 10018 8272
"64744ceb10687f02" 4536 385
"f43e724e1b5a8fbc" 11880 7322
"18b1a9fda56da116" 8180 10479 11201
"b281e43f670b6df7" 6051 6184 6719
"f2c0cbac5db92ba6" 10865 4600 3509
"a605a4ea5c0ef666" 1531 12068 7322
"69c1ed955e3a615b" 6737 1740
"4435e8b0bdaff9fa" 5763 1170 9110
"90620e6f9952f4c1" 6719 11880 6113
"97b2fb6342813b2b" 6744 8141 10479
"164893c5f7685beb" 7299 8141 8180
"eeb9c15b32455b4f" 6744 6341 1740
"b93dee57eb15260c" 10018 6051 3929
"7e2c2c63491920a3" 6719 9639 8396
"c696ddd787df9959" 1976 9639
"befdfa4d7ead465d" 8272 10865 9557
"9954b1cd40d03432" 11430 8992 7322
"0c19973da9756291" 12068 742 11781
"284815fc507209f5" 10018 4875 4600
"68c47d54b6a3051b" 700 6113 8180
"97ee902cefd69c1c" 8141 4875 8076
"39e216ee7aa1930d" 742 4600
"187e724e1b5a8fbc" 11880 8396
"e9848fa760c93476" 10028 4536 10865
"73f843b8d256caee" 6051 6113 11430
"2af11518a37c6e7e" 3949 8076 840
"c0e0c6c403c8a1f0" 152 12007
"369c79b0302f17d3" 8496 11434 9672
"a1eadbbefcf2d263" 9426 9603
"e36e7241eb9b4f60" 603 8562
"3625c8f7ce55883f" 2739 11671 11908
"365e89388441d97f" 1797 9175 8482
"0137d25463c90665" 9246 10397
"4bc79d3fbf67089d" 2145 11290
"6a27a0444b9cef01" 2121 6468
"03ae112d07975fb5" 5041 4742
"8a34c0e465c0242e" 1786 9481
"6843568481d86515" 11850 8919
"8a0e5091081c71e8" 5830 12113 972
"6ba0c3d2b349b515" 8487 2702
"26aa9397ce8e29bc" 1722 7939
"e4da751eaebb9623" 2125 10936
"4573d90dc564b81e" 6727 2188
"8f6c0edaa20d89fc" 10609 1123 6479
"15e899e8c47492f6" 7468 10255 11257
"a002670b7f8c7273" 11257 10936
"b1ed7241eb9b4f60" 603 6479
"e7924bac5d6195a5" 11434 11671 2064
"a36ceefa8adc6bd0" 2121 9246 1722
"a3b84f19a51b6fa9" 9175 8482 9672
"e7bd6e4d281a4497" 9426 152 603
"b2611fef005ff1f6" 7939 8919
"b9b29c7db880c48e" 1797 11908 12113
"f7289a3c82e8a107" 9770 8816
"7e8ff7b7ffd16889" 12134 11762 10750
"f2036d42a0a439d7" 10124 4518
"0ec141611f8fd35d" 11173 8064 3882
"11e831bd8372b359" 237 859
"2ce9da08f37e82f2" 11731 5854
"2f4e856662a1fa8c" 9902 7916 9295
"1a8146945107e824" 1200 3652
"74c1926636164004" 5865 7365
"38a6f9f255d311d0" 9942 7864
"90780614a5b5096a" 7582 4859 11123
"ff05b9282404ca16" 4222 11692
"0aa8d2870de65595" 11376 2947
"bb46ff07dcbe7805" 6679 9315
"b8f75a93ca70104b" 9939 4775
"94b356b86f818345" 8537 6189 2486
"a26405d13588dd61" 11072 12134 11123
"77c296622e20f8d0" 8430 10750 3882
"43db129cc7ae1697" 11173 10534
"0102277656741b16" 859 3652
"8be23579f9eb8f4a" 7916 9942 7365
"fd43bc9ef5032499" 4248 9295 4859
"f02b4eae25060412" 7945 237
"1a4e30323b1277c8" 10124 2460 8064
"90339eafb04469a0" 4518 9902
"6cc5e687756b632c" 1200 5865 7864
"6589287694c13746" 7582 11692 2947
"e4e6efe3c8952d4c" 4222 11376 4775
"84795905f35fae4a" 6679 9939 8537
"e7dbbe3db8314110" 2486 10523 8816
"86e072778144871a" 11762 10138 3979
"db8f20be00dc8192" 11731 5854 9315
"5be5e0d9a47ae1af" 8760 8816
"9d12258057a94aac" 2460 4518 10534
"0ccd900c6ec4ed34" 11731 9902 9942
"487fe84460eea538" 7916 4859 11376
"f9fb4c1de9816ce1" 11692 9315 2947
"aab5a0ab103eb617" 9120 7945 10124
"47e6e2ce979d7f45" 4248 10750 237
"1ff8a86d5e040793" 2460 11173 3979
"422913703584bbe7" 6189 7148 9770
"0ae274d2a7f21c0b" 10523 11072 3652
"d040c7449568d3a5" 9295 7582 6679
"deec85bad1c743c3" 11123 4222 9939
"a93010a49c2e41b3" 8537 9120 8816
"72fe6eddfe71a5b8" 8760 12134 7864
"c3bc8f0e934cb5c7" 9940 5131
"641511a287a3b67d" 6879 1222
"b8d4cdb161f8d414" 273 7091 5170
"0e54e2efec38517c" 4879 9714 5606
"1b9b15dbc01194a7" 4089 7479 2172
"0ddf792ca7ada618" 3973 8034
"c052d6d73f6e9d88" 8463 7196
"05bc5dd93f75958b" 8913 9990
"10c808ab30b14c3b" 11586 6586
"e71cda3cdd517c54" 10102 1427
"9ba5fd9a551e933e" 5928 6886 10842
"fcd154e5f060fba0" 10933 5113 1060
"a563bf715657ff5e" 1698 12139 12144
"9bdf43b9f77bc030" 5232 6943 6573
"1a41fd01e3a04287" 3994 5449 9785
"9f59958fd9b503e0" 1613 9958 5549
"3e12b85e1f9b0bfe" 8866 8636
"922a3e9ab89a7d39" 3393 6703
"08eab03093398d12" 10102 1427 3994
"33a6a0322dc7ea15" 5170 8636
"6c604eef1ed5a1ee" 6943 9990
"33918e7425e507f1" 7091 5232 4879
"765359397105645d" 11702 5113 1427
"653288f0f08292d3" 9940 8034 6943
"36f307f81b9acf97" 1698 10954 9958
"cfba69bfaff76d10" 10933 5449 3393
"c0ccd6d18aeea908" 8463 7196 12144
"4fba5549aaa488a4" 4089 8866
"6d766bd76db872bc" 3973 5170 11702
"cc805c1109dd5fe6" 5549 10102 9936
"0f2d39d4da9df1ee" 6586 2172 273
"6852955c619b4982" 5606 6879 9940
"edb87455876251c6" 7479 6886
"964b702ecd1ddd9a" 8463 6703 11798
"0620d5fecc72a829" 4879 12144
"814baf7a5021b690" 1222 9958 12139
"f43280c749e2966d" 1613 6573 5928
"31bdb9a2b3f7636e" 2384 11414
"ffeea152d7316913" 317 11321
"548c28b78c36d358" 1185 6251
"bd77b1107e80304e" 5001 10893 9656
"87383375b61249b0" 9219 8797 1595
"4607d8e6a738f68d" 5500 9014 2177
"927f6aff5d688a6d" 6764 2880
"45d11214c836a2c1" 5493 5558
"842312b0d700900c" 6683 5023 7769
"9d158a28167d1b2e" 5218 6898
"fc8ba2d276579aaf" 7159 10263
"99853189a98fc9e7" 1866 490
"779a4bd1ff91f673" 674 8 9556
"d38c6b0773b83db9" 932 5010 8262
"86ce9f04f2e99199" 2505 8070
"d8e1b11c723c67d3" 5176 2316 6448
"e66aa2d276579aaf" 7159 5558
"c53848332a0b634c" 10707 12152
"c04c28794513b366" 6780 11362 5357
"2f122cd014997236" 11178 6755
"6c6b38f5315cdf2b" 9219 5500 9014
"827ef57071fb687f" 6898 5493 6764
"137ba110693ee9eb" 1595 2316 7769
"b19f9f04f2e99199" 2505 11321
"879666ab5cce8b1b" 9594 7769
"2cd312b0d700900c" 6683 5023 10707
"d9c48a28167d1b2e" 5218 5558
"8875ce140c9b8e24" 8262 317 6448
"f8a2a92ed37df21f" 8797 932 10893
"3c8ff8e9d717e85f" 8070 8
"9dda24ed0b808d4e" 2177 5023
"5c1fbfed464d328f" 9014 2177 5001
"0a091ec5b4836fba" 5357 490
"a3f5290441792b73" 9656 5493
"d2de9d0d68475e6d" 12152 5023 7769
"20dd97bf30498616" 2384 6764 5357
"7af6c319bbf0a472" 3809 10893
"e723efe0428eec30" 5176 11321
"9347b10fe2bfaf24" 2880 5010 8262
"0b0081cc3c7eb3fe" 8797 1866
"73992838f7f61c0d" 11362 8 9556
"4cd1e1c4c2f6261f" 674 2880 2505
"5003aa02bea65398" 11178 6755 1595
"0886514b4f0c4839" 6710 10453
"013627badda0d401" 3699 2828
"4cfe2a4680630542" 2861 2388 8322
"71cf2f2a5d9ef0b2" 6688 6149 4525
"696e6ab4be676f9e" 6169 7856 7388
"be34e6ed6a8042f5" 9250 7515 4689
"0a8c6f3c507667fc" 627 3228
"20ba5e05ccea9507" 5490 11609 10290
"89f5f23cc56bb311" 474 2969
"596fbe4379c4b9db" 8025 3427
"d37975cd26aa937f" 2053 7654 7545
"e60ba8f55bc5472c" 12124 6229
"0678213a26f3785d" 5388 11949 10402
"f4a4be5a6fc57eaa" 10166 4114 758
"954a0f0733605167" 2326 6829 9729
"8689d29a6b71f4c2" 4568 2307
"d018be04ac1e9f4c" 7811 11213 11936
"6986448e25b4b16b" 1842 2335
"f221152653584e90" 6096 1842
"ddc7163520b252e3" 533 2335
"fb66094871bdb685" 1842 7791 3217
"21d0152653584e90" 6096 533
"32fd1c9dcc13538c" 4579 7791
"ca7d4e6b85a6f565" 6096 10820 2335
"d9ab3ac587631459" 4579 1842 7791
"0ec1152653584e90" 6096 4579
"0d78e015423d402f" 1842 10820 3217
"fe70ac24c13faaa9" 7791 2335
"e871152653584e90" 6096 3217
"4eec0c7c7261b4d1" 4579 533 7791
"16b0ac24c13faaa9" 7791 3217
"8fae1c9dcc13538c" 4579 10820
"80c6448e25b4b16b" 1842 3217
"20e9163520b252e3" 533 10820
"54dc1c9dcc13538c" 4579 3217
"05e384f092be3443" 10820 7791
"24711ef828ac638d" 6096 1842 2335
"3d9c1c9dcc13538c" 4579 2335
"27c284f092be3443" 10820 3217
"8a201380499daa50" 533 7791 2335
"c692152653584e90" 6096 7791
"bfe2efaf13aa0406" 6096 533 3217
"fadd0756910599a4" 1842 2335 3217