612
740
761
791
918
928
1217
1583
1851
2055
2130
2325
2427
2970
3319
3357
3544
4526
5054
5064
5074
5435
5610
5773
5836
6084
6107
6123
6130
6158
6331
6577
6652
6776
7072
8084
8781
9000
9326
9606
10187
10441
10604
10658
10966
11089
11372
11411
11526
11551
11620
12004
2141
2381
3161
3163
3688
4435
5383
5822
5843
5907
6038
7689
7772
8131
8550
9113
9161
9424
10433
10886
11013
11127
11253
11274
11613
11697
6
21
69
77
126
172
175
272
307
327
350
414
485
534
545
547
659
665
751
841
860
866
937
990
1135
1142
1157
1179
1206
1289
1585
1713
1717
1746
1795
1811
1841
1846
1873
1967
2089
2097
2131
2182
2232
2311
2342
2390
2421
2441
2456
2471
2481
2500
2511
2534
2545
2561
2586
2594
2595
2602
2633
2641
2643
2809
2910
2915
2960
3012
3050
3113
3225
3234
3266
3389
3412
3436
3478
3539
3616
3704
3822
3925
3967
4088
4186
4236
4242
4286
4300
4326
4453
4492
4585
4592
4676
4710
4836
4873
4897
4928
4993
5007
5028
5045
5046
5068
5082
5116
5227
5237
5346
5445
5523
5537
5548
5685
5688
5860
5861
5943
5946
5970
6033
6105
6114
6171
6176
6235
6279
6323
6384
6487
6510
6641
6645
6705
6715
6733
6749
6751
6766
6785
6873
6901
7084
7153
7182
7193
7292
7323
7360
7444
7471
7519
7528
7531
7611
7650
7693
7694
7851
7929
7948
7973
7984
8091
8149
8158
8222
8226
8234
8241
8250
8257
8275
8286
8296
8314
8359
8420
8472
8513
8526
8664
8676
8693
8695
8754
8788
8798
8810
8907
8942
8981
9008
9107
9116
9125
9151
9175
9234
9239
9264
9342
9381
9549
9559
9566
9583
9589
9602
9655
9665
9735
9771
9802
9805
9810
9840
9851
9861
9892
9914
9944
9986
9990
10000
10010
10085
10092
10152
10240
10270
10287
10326
10336
10340
10399
10538
10665
10715
10718
10722
10805
10837
10856
10934
10959
10978
11080
11121
11305
11357
11371
11375
11508
11732
11751
11769
11777
11783
11787
11928
12013
12149
12162
12170