490
972
1613
1786
2384
3411
3994
4568
4875
5023
5131
5854
5928
6341
6448
6679
6727
6764
6879
7196
7365
7515
7791
7811
7864
8064
8180
8262
8272
8562
8919
9557
9656
9958
10138
10166
10263
10464
11178
11213
11414
11671
11798
12113
12134
603
700
758
859
1017
2053
2121
2947
3949
4222
5041
5113
5763
6169
6683
6703
6829
7159
8496
9120
9250
9435
9939
9942
10523
8
56
121
152
237
273
317
385
474
533
627
674
742
840
932
1060
1123
1170
1185
1200
1222
1365
1427
1531
1595
1698
1722
1740
1797
1842
1866
1976
2064
2125
2145
2172
2177
2188
2307
2316
2326
2335
2379
2388
2460
2486
2505
2702
2739
2828
2861
2880
2969
3217
3228
3393
3427
3509
3534
3652
3699
3809
3882
3929
3973
3979
4089
4114
4167
4248
4437
4518
4525
4536
4579
4600
4689
4742
4775
4859
4879
5001
5010
5096
5170
5176
5218
5232
5283
5357
5388
5449
5490
5493
5500
5549
5558
5606
5830
5865
6051
6096
6110
6113
6149
6184
6189
6229
6251
6468
6479
6573
6586
6688
6710
6719
6737
6744
6755
6780
6886
6898
6943
7091
7148
7299
7322
7388
7468
7479
7545
7582
7610
7654
7769
7856
7916
7939
7945
7983
8025
8034
8070
8076
8141
8281
8322
8389
8396
8430
8463
8482
8487
8537
8636
8760
8797
8816
8866
8913
8992
9014
9110
9175
9219
9246
9295
9315
9426
9481
9556
9571
9594
9603
9639
9672
9714
9729
9770
9785
9902
9936
9940
9990
10018
10028
10102
10124
10255
10290
10397
10402
10445
10453
10479
10534
10609
10626
10707
10750
10820
10842
10865
10893
10933
10936
10954
11072
11123
11173
11201
11257
11290
11307
11321
11362
11376
11430
11434
11436
11586
11609
11692
11702
11731
11762
11775
11781
11850
11880
11908
11936
11949
12007
12068
12124
12139
12144
12152