16
74
174
527
759
918
929
1139
1174
1194
1297
1903
2018
2085
2644
2941
3205
3404
3502
3591
3716
3885
3986
4297
4529
4739
4749
5020
5443
5542
5554
5649
5928
5992
6180
6207
6484
7314
7356
7509
8151
8740
8813
8955
9009
9486
10003
10149
10505
10706
10937
11074
11095
11181
11283
11379
11431
11610
11682
11700
11752
372
623
699
1274
1306
1608
1984
2009
2783
2946
2974
3208
3684
3839
4225
4389
4417
4696
4803
5577
6378
6653
6740
7351
8640
8986
9240
9737
9991
10254
10438
10510
10716
10916
11122
11363
11368
67
126
129
143
335
336
338
384
479
493
595
616
749
940
1006
1014
1050
1063
1066
1132
1167
1231
1258
1282
1399
1553
1578
1586
1615
1732
1798
1830
1893
1973
1985
1997
2038
2059
2062
2093
2111
2299
2320
2349
2375
2380
2383
2386
2491
2497
2513
2537
2566
2601
2611
2793
2832
2863
2872
2899
2964
3029
3105
3152
3236
3301
3394
3422
3540
3597
3631
3667
3817
3863
3867
3869
3934
3990
4010
4059
4178
4221
4251
4259
4403
4586
4587
4595
4599
4659
4664
4686
4762
4869
4894
4916
4919
5067
5072
5088
5109
5112
5133
5242
5343
5349
5351
5354
5381
5391
5403
5482
5599
5637
5786
5982
5996
6000
6013
6034
6064
6098
6113
6133
6141
6164
6195
6278
6285
6306
6337
6344
6374
6412
6519
6532
6540
6570
6582
6644
6705
6717
6729
6755
6788
6823
6845
6913
6921
6980
6982
6985
7014
7091
7175
7236
7240
7256
7257
7263
7291
7367
7482
7523
7536
7570
7642
7659
7674
7675
7698
7727
7921
7954
7979
8031
8081
8137
8215
8242
8269
8340
8361
8369
8382
8398
8468
8494
8510
8526
8637
8656
8745
8790
8803
8819
8957
8998
9018
9104
9148
9175
9226
9291
9333
9341
9419
9454
9526
9547
9562
9574
9589
9647
9659
9726
9733
9748
9761
9842
9846
9851
9886
9919
9925
9933
9963
9997
10032
10085
10141
10157
10160
10227
10265
10272
10323
10330
10455
10519
10541
10622
10625
10632
10657
10673
10818
10825
10861
10899
10946
10952
11084
11149
11184
11191
11226
11271
11301
11324
11408
11427
11516
11521
11531
11565
11577
11615
11675
11771
11856
11893
11911
11933
11993
12008
12115
12121
12131
12167