"6ba5ff8af45f98b4" 19 249 369 166 3612 70 28 5047 80 199627 456 1093 1351 1663 780 19 2651 509 161 1179 1173064 -1 -1 0 0 0 0 8 6 7 6 6 7 7 3 9 6 0 0
"bd4e26a539ca275e" 19 51 950 6174 790 102 30 876 80 199627 382 24424 1790 57956 30 2203 154 352 5961 1179 1173065 -1 -1 0 0 0 0 8 7 9 7 7 4 8 6 9 4 0 0
"91a9fbe2871787f0" 33 127 51 3262 19 3558 30 39 80 166 4 13 199372 199627 1977 2012 3903 80 231 102 51 2591 3347 80 1334 590 1062 60 42 90 120 60 20 1179 1173066 -1 -1 0 0 0 0 7 8 9 8 8 7 7 5 4 6 0 0
"d6c388e296f5efac" 24 166 460 60 70 849 80 11 19 212 107 24 80 199627 4 484 150 972 249 425 550 206 19 2021 1179 1173067 -1 -1 0 0 0 0 7 6 7 6 5 7 5 6 6 5 0 0
"0d702c3cc9d52b4b" 24 150 3108 961 14 3621 150 5730 4010 80 199627 2539 80 4 251 60 474 425 80 915 80 173 192 1056 1179 1173068 -1 -1 0 0 0 0 7 9 8 7 6 5 5 4 9 6 0 0
"431b7ad1cc5aca66" 23 1738 783 38787 277 19 27 382 139 80 199627 629 1369 28 104967 80 711 263 12628 249 184 6 11456 1179 1173069 -1 -1 0 0 0 0 6 7 6 8 6 7 8 6 4 7 0 0
"ae949530a290f9c4" 22 330 2348 606 89 42047 80 199627 249 184 6 824 80 127 37783 42 83 103 291 80 231 16446 1179 1173070 -1 -1 0 0 0 0 5 4 7 6 6 6 4 4 4 4 0 0
"6ad3edd7af9cb36c" 19 2894 49 28 24424 1790 80 199627 2539 4 251 60 474 425 80 71 1183 245 4179 1179 1173071 -1 -1 0 0 0 0 7 7 7 7 6 4 4 3 4 3 0 0
"9babfc4553bbd6e2" 23 369 11 2505 1957 58 369 120 1957 208 80 199627 249 4 114 1369 28 104967 80 537 80 860 153 1179 1173072 -1 -1 0 0 0 0 6 7 7 8 6 7 7 5 3 6 0 0
"cd47b3a9e9fbca8d" 17 2358 120 14 27448 80 6 3598 14 199627 70 28 6344 80 166 4 13 199372 1173073 -1 -1 0 0 0 0 7 6 5 6 5 5 5 4 6 6 0 0
"2b9e6b472c03b81c" 26 70 30 5174 369 127 80 330 12 4204 14 80 199627 768 51 2374 13491 80 369 232 60 1784 102 19212 1179 369 1179 1173074 -1 -1 0 0 0 0 6 5 7 6 6 7 5 4 6 5 0 0
"0d0808b4bc38c1e2" 23 629 90 13 14 80 369 457 28 246 83 28 6737 80 199627 2441 1132 1547 80 249 199375 146 630 1179 1173075 -1 -1 0 0 0 0 7 6 5 6 6 5 6 5 7 6 0 0
"5788d371129efa99" 26 158 4 460 14 61 80 199375 453 4 656 150 1059 80 199627 629 83 90 1394 19 103 2651 80 106 30 4869 1179 1173076 -1 -1 0 0 0 0 6 7 8 8 5 6 6 5 8 6 0 0
"f38aadceadc69f4f" 22 200450 283 42 90 1394 80 199627 3397 3397 629 253 80 1468 849 30 2602 1179 10525 199435 46127 146815 199436 1173077 -1 -1 0 0 0 0 6 7 7 6 5 8 5 5 4 6 0 0
"98290d5d5b4113da" 18 30 5002 10290 548 80 199627 90 184 114 531 30 4066 3935 1179 10525 199435 48180 199436 1173078 -1 -1 0 0 0 0 5 6 7 5 5 4 6 4 5 5 0 0
"4ad190d464ef10c8" 26 802 104 2343 80 108 891 629 456 184 592 80 199627 743 290 229 1030 279 80 173 11 1829 1179 10525 199435 40738 199436 1173079 -1 -1 0 0 0 0 7 9 6 7 6 6 3 5 4 4 0 0
"87e4eab00a3e911e" 29 5055 89 30 1877 80 102 51 10973 3347 80 199627 49 30 5269 77 43222 1179 32723 80 199375 146 92 318 1179 10525 199435 30418 30414 199436 1173080 -1 -1 0 0 0 0 8 8 9 7 7 9 7 4 4 3 0 0
"b73bbef2daa429f1" 42 6 4633 49 28 82 80 550 51 4839 706 80 199627 4 112 127 14 499 80 249 199375 2995 549 30 2602 80 199627 90 49 234966 490 80 199375 232 17815 103 8405 1179 10525 199435 46127 146815 199436 1173081 -1 -1 0 0 0 0 8 9 8 7 8 7 5 5 5 4 0 0
"6167043ace89308b" 29 369 283 14397 80 1138 28 34 1357 9878 80 199627 16520 51 321 3120 80 229 74 161 590 7725 28 2203 1179 10525 199435 30418 30414 199436 1173082 -1 -1 0 0 0 0 9 8 9 7 7 8 5 4 4 3 0 0
"51db77e0777f92f3" 28 369 6 436 406 80 103 104 340 275 80 199627 127 74 61 36 297 1829 290 80 330 11 285 7387 1179 10525 199435 48180 199436 1173083 -1 -1 0 0 0 0 8 9 7 8 6 7 3 5 3 8 0 0
"f4bb4a13da5b832e" 27 369 7 30 962 80 6 7332 14 4355 80 199627 127 28 1024 2098 44 911 35800 80 25 28 319 1179 10525 199435 40738 199436 1173084 -1 -1 0 0 0 0 7 7 6 8 6 7 4 4 7 6 0 0
"e3163ffefdf99ebb" 32 16520 83 30 2995 80 330 70 12 1096 14 80 199627 249 199375 232 5056 80 144 30 3397 154 146 786 19 20 1503 1179 10525 199435 46127 146815 199436 1173085 -1 -1 0 0 0 0 9 9 8 7 7 6 4 3 3 5 0 0
"6c400faf9bac9cd9" 30 4 127 14 4058 80 30 139 4 656 90 11456 80 199627 249 3397 3397 629 253 709 621 80 2358 11 208 849 1179 10525 199435 40738 199436 1173086 -1 -1 0 0 0 0 8 7 6 6 5 8 4 3 7 5 0 0
"d3ab665ec4561277" 28 16520 83 51 409 19 2718 103 3273 39 80 199627 49 234966 490 25 28 319 80 199375 146 20 10611 1179 10525 199435 46127 146815 199436 1173087 -1 -1 0 0 0 0 8 8 8 7 7 6 3 4 4 6 0 0
"1e640745dd580512" 25 16520 691 90 5730 102 51 2374 80 199627 90 28 234909 255 83 3587 80 19769 83 22891 1179 10525 199435 30418 30414 199436 1173088 -1 -1 0 0 0 0 8 8 7 6 8 8 3 4 3 4 0 0
"b1f0f353cd5a2d2b" 27 369 1866 17 20 1294 19 2118 60 70 80 199627 249 28 5174 16664 36 14 80 408 1964 19 8220 1179 10525 199435 48180 199436 1173089 -1 -1 0 0 0 0 7 7 7 7 6 8 5 4 3 7 0 0
"37900a7bf56a2f1f" 19 28 3262 104 19 3558 103 3273 39 80 199627 158 4 460 61 80 120 60 83880 1179 1173090 -1 -1 0 0 0 0 9 8 8 7 7 6 4 4 5 7 0 0
"bd004f915e74a63b" 23 743 290 229 711 80 249 16520 808 590 119 199627 28 1146 80 127 28 7775 80 590 1394 474 144 1179 1173091 -1 -1 0 0 0 0 9 8 8 7 6 4 5 4 4 5 0 0
"6e212a92f88bfa90" 24 4 229 280 44 28 139 80 344 36 561 80 199627 127 74 206 80 74 61 36 297 1829 290 964 1179 1173092 -1 -1 0 0 0 0 7 8 7 8 6 6 4 5 3 7 0 0
"86ecd61fce715f63" 25 1334 590 1062 60 42 80 453 103 1237 6132 80 199627 90 158 4 106 60 80 184 114 531 245 3522 761 1179 1173093 -1 -1 0 0 0 0 8 7 9 9 6 3 6 3 3 6 0 0
"f759d4091a5c1fdf" 23 2012 3903 80 10020 144 102 51 2591 3347 80 199627 90 158 60 11846 80 120 60 629 709 621 1986 1179 1173094 -1 -1 0 0 0 0 0 0 0 0 0 0 0 0 0 0 0 0
"a6ddd9b72d9ac27d" 36 369 1209 823 19 1183 28 61 104 340 80 199627 1369 28 104967 80 120 14 13 559 150 3235 106 80 199627 60 11 961 14 251 19 1369 150 4010 49 16165 1179 1173095 -1 -1 0 0 0 0 0 0 0 0 0 0 0 0 0 0 0 0
"69495ce1b1b0e171" 34 1738 783 38787 80 255 83 30 855 80 199627 297 290 229 711 80 5943 146 20 30 161 80 199627 90 369 1253 42 174 234 403 80 651 90 14170 1179 1173096 -1 -1 0 0 0 0 0 0 0 0 0 0 0 0 0 0 0 0
"38fedafa8e106e71" 37 43222 1179 32723 80 30 5125 161 80 835 79 706 80 199627 249 330 6 2718 80 5943 146 20 30 1299 80 199627 5943 606 89 42047 80 231 30 4869 90 30 3428 1179 1173097 -1 -1 0 0 0 0 0 0 0 0 0 0 0 0 0 0 0 0
"84f19b0c68b3bdeb" 24 456 711 263 12628 80 1267 638 83 6392 80 199627 83 603 19769 80 550 51 2919 80 249 859 20 932 1179 1173098 -1 -1 0 0 0 0 0 0 0 0 0 0 0 0 0 0 0 0
"8f96992bc90250d5" 20 24424 83 28 1790 80 6174 790 80 199627 4 112 127 14 499 80 166 3651 30 2425 1179 1173099 -1 -1 0 0 0 0 0 0 0 0 0 0 0 0 0 0 0 0
"adc8266e65af96ad" 39 90 16520 1085 348 19 4 80 28 13606 4595 80 199627 158 4 460 61 80 199375 146 630 103 1022 80 199627 127 74 61 36 297 290 80 11 4 80 28 161 33 33909 1179 1173100 -1 -1 0 0 0 0 0 0 0 0 0 0 0 0 0 0 0 0
"65563734fae1b0d0" 21 51 950 102 30 876 80 1274 790 80 199627 108 891 629 19 54 518 9685 592 44 2425 1179 1173101 -1 -1 0 0 0 0 0 0 0 0 0 0 0 0 0 0 0 0
"8de951bc86be2736" 39 369 11 2505 1957 80 58 369 120 1957 208 80 199627 4 96 30 13904 19 293 1625 51 2593 80 43 51 1779 507 80 199627 90 4 229 280 44 28 1883 80 2647 4601 1179 1173102 -1 -1 0 0 0 0 0 0 0 0 0 0 0 0 0 0 0 0
"e3e04c8c36ff7f7d" 31 6 629 406 1110 36 60 474 425 80 199627 102 4 12 20 235091 25 51 40820 80 199627 16520 51 59817 291 80 1267 119 103 711 17883 1179 1173103 -1 -1 0 0 0 0 0 0 0 0 0 0 0 0 0 0 0 0
"1d25c29035263af6" 27 249 279 1483 474 44 103 39 80 199627 398 185 369 2118 36 7857 667 80 199627 249 166 563 1420 76 28 29 3164 1179 1173104 -1 -1 0 0 0 0 0 0 0 0 0 0 0 0 0 0 0 0
"2e198ad8209c3df2" 32 4 394 14 19 119 154 711 4 119 80 199627 249 60 1357 192 396 1209 80 27468 33 80 199627 10716 144 53278 80 277 19 27 28 721 1179 1173105 -1 -1 0 0 0 0 0 0 0 0 0 0 0 0 0 0 0 0
"425b83d958745e30" 25 11 212 30 10270 44 28 1741 80 1751 60 80 199627 36 340 80 962 20 394 80 166 250 249 96 60 1179 1173106 -1 -1 0 0 0 0 0 0 0 0 0 0 0 0 0 0 0 0
"40d93e7366d95bb7" 36 184 83 154 4181 82 711 80 2441 6829 1096 80 199627 166 2455 4 76 80 184 102 17205 80 83 10618 80 199627 103 61 104 102 12059 80 166 3569 103 4869 1179 1173107 -1 -1 0 0 0 0 0 0 0 0 0 0 0 0 0 0 0 0
"c58744de9d33c956" 25 10716 49 30 23762 6058 379 80 344 11 559 60 20 80 199627 184 6206 6077 44 297 1877 80 166 4 13 1179 1173108 -1 -1 0 0 0 0 0 0 0 0 0 0 0 0 0 0 0 0
"b2d8c671e07dcf06" 24 590 212 24 28 1657 80 590 119 60 36 14 80 199627 6 7 19 61 245 1232 2917 80 231 544 1179 1173109 -1 -1 0 0 0 0 7 8 9 8 7 7 4 3 6 4 0 0
"76466a0ea35a9887" 24 4 12 2988 14 89 80 74 154 22 119 80 199627 516 41 583 80 1042 77 60 70 80 1747 144 1179 1173110 -1 -1 0 0 0 0 8 7 8 7 6 6 3 2 5 3 0 0
"73e9f444f624fa7d" 28 43 4 2843 83 80 127 14 231 245 619 77 139 80 199627 102 51 27459 1183 80 60 786 192 8167 80 369 166 32 1179 1173111 -1 -1 0 0 0 0 7 8 9 7 6 6 2 2 4 3 0 0
"dd778d8d2ffb3f71" 25 28 290 89 19 1895 80 330 28 17739 80 28 721 80 199627 114 421 8 2651 415 14 80 232 14 33 1179 1173112 -1 -1 0 0 0 0 8 6 7 7 6 7 3 3 4 3 0 0
"c37f8c3bb43a60e3" 35 44 51 131114 80 28 246 1460 19 1370 80 199627 3821 49 103 3454 80 231 7123 80 199627 352 136 1058 14 80 249 369 6 153 559 396 512 199375 151 1179 1173113 -1 -1 0 0 0 0 6 9 5 7 7 6 5 2 4 5 0 0
"885a629c0b103bec" 25 815 19 20 25 150 319 80 144 30 5746 90 5745 80 199627 1267 96 154 10952 80 19 232 14 13297 1478 1179 1173114 -1 -1 0 0 0 0 7 6 7 8 9 7 4 3 9 8 0 0
"6e697a245c7d26ff" 21 82705 100124 100125 3043 100126 80 235092 235093 235094 80 199627 378 369 27 28 986 223 550 174 2780 199372 1173115 -1 -1 0 0 0 0 8 5 6 7 6 4 3 6 8 3 0 0
"5f1a644ffb54d34e" 40 28 600 2669 102 16520 1138 83 154 3935 80 199627 10956 144 103 1778 102 51 161 997 129 1344 1424 80 199627 249 53 30 176 77 30 621 80 550 70 178 61 80 60 786 1179 1173116 -1 -1 0 0 0 0 8 6 9 6 6 5 4 4 8 3 0 0
"34a21256846738f0" 23 4 127 14 454 19 51 235095 80 199627 1786 10525 158 443 10525 104 70 369 96 163 456 4 630 1179 1173117 -1 -1 0 0 0 0 6 7 7 6 6 5 4 2 5 3 0 0
"23cc1ea4c4d4eab8" 22 158 369 212 51 2389 80 378 4 10347 44 199372 199627 184 114 70 212 51 3610 83 235096 42837 1179 1173118 -1 -1 0 0 0 0 7 6 6 7 6 6 3 5 6 3 0 0
"e6ec31ab946940ed" 39 962 20 394 80 369 11 12 20 3559 80 199627 369 2458 19 20 6206 6077 80 36 108 1179 199627 200449 44 30 176 80 550 70 178 154 61 80 74 1539 43 184 1310 1179 1173119 -1 -1 0 0 0 0 8 6 6 7 9 6 3 6 8 7 0 0
"2f23c5bc98a08ae1" 25 369 13 603 2594 2917 4 7605 509 150 129 80 199627 249 369 153 330 229 3274 527 19 4758 4 80 235097 1179 1173120 -1 -1 0 0 0 0 6 7 5 6 6 6 4 4 6 3 0 0
"0fee1cc8d26bb18b" 23 378 369 299 27 815 11 102 4 199372 199627 200449 4 30 161 90 443 80 11645 80 550 192 33 1179 1173121 -1 -1 0 0 0 0 7 6 6 7 7 6 4 4 7 3 0 0
"6329d121903407e8" 37 150 2651 415 14 80 550 102 1180 90 6927 80 199627 249 550 6415 3511 559 4 127 14 1156 150 47558 80 199627 200449 4 30 161 80 28 541 80 4 28 34386 1179 1173122 -1 -1 0 0 0 0 8 7 8 6 6 6 4 3 6 4 0 0
"43a7e8892e27b43b" 27 369 481 44 192 396 1209 36 4 80 550 3273 80 199627 90 369 166 7012 656 83 102 184 11 245 17205 80 1009 1179 1173123 -1 -1 0 0 0 0 8 6 7 6 6 8 4 3 5 3 0 0
"d6c711dbfe92e76b" 20 590 212 60 24 80 1183 30 340 14 80 199627 166 232 3836 849 80 1267 707 544 1179 1173124 -1 -1 0 0 0 0 8 7 9 7 8 7 4 3 6 5 0 0
"36a0a771585f16e9" 22 757 53 28 5173 80 43 4 2111 83 199372 199627 249 74 9953 77 14073 891 114 453 60 474 1179 1173125 -1 -1 0 0 0 0 8 7 9 7 8 7 3 2 5 4 0 0
"00c02154548a0c13" 22 484 19 466 36641 80 232 60 6392 80 199627 90 425 16520 44 30 3399 80 6174 790 102 8311 1179 1173126 -1 -1 0 0 0 0 8 6 9 6 7 7 4 3 4 5 0 0
"0f156e83b9fa7f9a" 26 28 28199 83 3419 80 249 16520 2173 77 2659 811 80 199627 158 4 56 11 20 10356 80 235053 20 1030 30 4275 1179 1173127 -1 -1 0 0 0 0 8 6 8 7 8 6 4 3 7 6 0 0
"afad82c3dc6e9137" 29 277 19 656 174 2012 80 1267 2988 60 89 80 199627 11 212 51 707 90 1679 28 3752 80 563 158 369 96 19 1628 89 1179 1173128 -1 -1 0 0 0 0 9 6 8 7 6 6 4 3 4 6 0 0
"211b651403199a40" 29 127 103 2602 408 231 172 80 550 68 51 3376 80 199627 249 30 2651 415 14 1159 14 6673 80 102 79774 19 53450 44 7720 1179 1173129 -1 -1 0 0 0 0 9 6 8 7 7 9 4 3 4 6 0 0
"2230a428ba2a6563" 35 70 297 4180 2348 1525 14 89 80 199627 249 28 235098 127 28 24 80 255 89 19 1895 80 199627 815 19 20 25 28 319 80 74 1539 43 30 5002 1179 1173130 -1 -1 0 0 0 0 8 7 9 7 8 7 3 1 6 5 0 0
"cf6f7fe2ef611cff" 26 330 185 369 2118 36 28 7857 80 139090 80 34457 667 80 199627 82705 100124 100125 3043 100126 80 1267 3737 36 30 1121 1179 1173131 -1 -1 0 0 0 0 7 7 8 6 8 6 2 4 5 7 0 0
"143da328f05f9a48" 23 16520 408 53278 80 344 475 60 70 353 80 199627 90 425 28 4580 79774 80 798 30 161 518 23331 1179 1173132 -1 -1 0 0 0 0 7 6 7 6 5 4 2 3 4 7 0 0
"94318deed8ebb3d6" 28 10716 44 28 12136 80 231 102 51 3120 80 199627 249 44 30 176 80 60 70 2287 89 19 61 80 344 30 340 9391 1179 1173133 -1 -1 0 0 0 0 9 7 9 8 7 4 2 4 6 8 0 0
"80ad3fedc456ae3d" 36 16520 1598 44 103 1571 80 231 192 172 80 199627 158 4 56 11 20 749 80 1009 369 137 106 192 53680 80 199627 103 3454 104 102 12059 80 51 3830 4225 1179 1173134 -1 -1 0 0 0 0 9 6 8 7 7 6 2 3 5 6 0 0
"d5311b1ec689d1e2" 45 12 212 51 134 49 70 150 410 80 779 70 1237 722 80 199627 58 8546 42 19 51 2437 475 173 6206 6077 80 231 3274 80 199627 1514 798 127 70 30 1238 80 227 11459 80 6 7 19 7842 1179 1173135 -1 -1 0 0 0 0 8 7 9 8 8 3 6 5 4 7 0 0
"d740ed69b2fe8aff" 37 158 369 212 51 2389 80 2988 60 89 80 1679 28 3752 80 199627 808 590 453 60 476 80 229 74 5430 44 28 34 80 4181 82 711 80 74 7 36 4541 1179 1173136 -1 -1 0 0 0 0 9 6 8 7 6 6 4 3 4 6 0 0
"e335cd59579e9c3b" 19 166 3380 103 3770 44 28 1819 80 199627 806 158 199375 299 27 154 4181 82 520 1179 1173137 -1 -1 0 0 0 0 7 6 8 7 6 4 4 3 4 7 0 0
"4d69c81decf73090" 20 234840 102 51 12804 44 51 5213 80 199627 103 711 192 25711 80 6 153 559 19 9890 1179 1173138 -1 -1 0 0 0 0 8 6 8 6 5 3 2 3 4 6 0 0
"f07c3babcf0f2e8f" 26 49 51 51720 1964 83 14 80 16520 231 8026 80 199627 6 563 152 19 1320 80 291 80 60 229 1030 28 206 1179 1173139 -1 -1 0 0 0 0 7 9 9 7 8 7 3 7 2 7 0 0
"fc308bc7fa05833d" 25 330 136 369 477 119 60 80 249 369 53214 603 1262 80 199627 11 51 783 549 80 127 28 1749 5695 3274 1179 1173140 -1 -1 0 0 0 0 8 6 7 7 8 7 3 6 3 7 0 0
"5c5c6af99860c877" 26 904 19 293 4 28 4584 80 184 996 192 6392 80 199627 425 297 290 235010 80 166 41 19 13 770 44 2425 1179 1173141 -1 -1 0 0 0 0 7 7 7 8 6 3 2 6 2 4 0 0
"652c9fb8949dfd3e" 54 184 76 749 44 30 1877 80 83 271 575 148996 80 42756 823 80 199627 6 563 152 19 1747 42 83 28 721 80 344 51 235065 1705 80 199627 3764 146 8298 14 80 1267 1057 28 29 275 80 199627 6 7 637 1499 768 8 3645 90 7387 1179 1173142 -1 -1 0 0 0 0 8 8 9 8 7 5 3 5 3 8 0 0
"6e2a1ada1e313087" 20 783 7667 3855 234987 44 30 1237 80 199627 798 961 4 592 36 154 61 80 192 474 1179 1173143 -1 -1 0 0 0 0 7 7 7 5 6 5 9 4 9 3 0 0
"c30a8c0c168a9ebb" 23 11 102 25450 4366 90 79 10189 1322 77 10230 80 199627 1334 590 2174 30 706 80 103 104 6700 30025 1179 1173144 -1 -1 0 0 0 0 8 7 7 7 7 6 2 6 2 7 0 0
"4e99d7651c2fcd46" 21 1777 44 51 11614 80 234840 102 30 106309 80 199627 161 476 3183 80 10235 80 859 146 3609 1179 1173145 -1 -1 0 0 0 0 8 7 8 6 7 5 3 7 2 7 0 0
"9d02f8f64c734d79" 25 234884 42 154 20761 80 28 16300 146 4553 80 199627 249 456 30 4715 90 1035 629 17674 80 4 634 185 6840 1179 1173146 -1 -1 0 0 0 0 8 7 6 7 6 3 3 5 3 5 0 0
"579b2fe331b3ecbf" 26 1777 144 30 1237 80 17 51 824 44 30 39 80 199627 386 275 1267 20 192 823 80 166 1679 51 897 10611 1179 1173147 -1 -1 0 0 0 0 6 7 6 5 6 2 1 4 2 4 0 0
"fc097748f7213a7b" 23 235099 144 30 1778 80 146 590 632 80 199627 90 369 229 146 590 630 80 17 563 1037 369 350 1179 1173148 -1 -1 0 0 0 0 7 7 7 6 6 4 2 5 2 4 0 0
"972f0c9b3db86981" 27 590 283 154 19831 80 2203 60 42 80 120 60 5845 80 199627 206 19 630 103 1022 804 80 206 19 212 28 1082 1179 1173149 -1 -1 0 0 0 0 8 6 6 7 7 3 3 5 3 5 0 0
"39d3249acca58dd6" 29 369 229 18 19 22819 30 6588 80 199627 103 915 20 30798 80 60 229 959 80 199627 249 1009 369 11 12 212 19 30 1121 1179 1173150 -1 -1 0 0 0 0 7 6 7 6 6 2 2 5 6 4 0 0
"d7529106f7c9cf9a" 17 119 4 1028 369 563 998 80 199627 19 453 103 61 151 223 184 2970 1179 1173151 -1 -1 0 0 0 0 8 7 6 8 6 6 3 6 9 5 0 0
"b26ca629c75b4b8d" 27 184 6 2364 74 206 80 184 11 350 60 456 184 15699 80 199627 90 150 9876 119 60 102 352 229 370 60 223 1179 1173152 -1 -1 0 0 0 0 8 7 7 6 6 5 5 5 3 6 0 0
"5dcc0789f1b29e17" 19 16520 10716 297 5270 80 6096 44 30 5236 80 199627 55216 1376 127 14 231 192 1366 1179 1173153 -1 -1 0 0 0 0 8 7 9 7 7 5 3 5 7 6 0 0
"cae476fada8cbd5e" 30 199375 2757 42 150 4633 80 120 14 20 150 3385 2247 7420 80 199627 249 1629 76 80 103 499 22842 12 6808 72 28 3041 340 691 1179 1173154 -1 -1 0 0 0 0 7 7 6 8 6 7 9 5 7 4 0 0
"474a267a0cfff76e" 39 476 235100 82 80 344 43 184 453 80 199627 158 184 996 11008 80 2201 96 74 511 206 19 592 80 199627 249 352 334 14 19 1015 382 369 61 382 223 550 174 2780 1179 1173155 -1 -1 0 0 0 0 6 5 9 7 5 4 8 7 8 6 0 0
"d254155f91c8d010" 24 629 144 49 150 3387 80 4 114 1525 150 721 80 199627 369 370 1069 1167 51 226 554 275 252 4 1179 1173156 -1 -1 0 0 0 0 7 6 8 6 4 6 5 6 5 5 0 0
"8134782e33594fd5" 21 82 57424 80 17815 60 44 42315 80 199627 4 166 14368 14 102 4 404 223 80 74 235101 1179 1173157 -1 -1 0 0 0 0 8 6 7 6 4 4 7 5 5 4 0 0
"38fc4b3c44ed4f1e" 30 369 153 16520 7400 60 42 80 255 1418 174 396 80 199627 1009 369 11 12 630 60 70 804 90 2346 30 1121 49 51 897 2346 1179 1173158 -1 -1 0 0 0 0 5 8 9 6 4 5 3 3 5 4 0 0
"a18b3a657e0adc9b" 21 103 711 104 192 3273 80 550 25711 80 199627 249 5942 20 5695 2988 80 70 30 1749 14479 1179 1173159 -1 -1 0 0 0 0 9 7 8 6 5 6 7 4 5 3 0 0
"07d8cca7753e5c27" 34 103 2651 234820 144 28 15374 102 4725 80 199627 369 127 4660 20761 80 229 74 2151 154 114 453 60 855 4553 80 16520 51 3120 80 235090 102 51 2966 1179 1173160 -1 -1 0 0 0 0 8 7 9 6 5 7 7 4 3 2 0 0
"88fbec9673b144e3" 41 158 184 996 11008 80 184 23971 68 511 80 199627 4 391 28 4584 80 249 1767 127 4 53 19745 80 199627 798 961 4 592 80 1031 16520 749 1019 36 4 19 629 24 28 139 1179 1173161 -1 -1 0 0 0 0 6 5 7 6 6 5 4 6 6 5 0 0
"69360fb62d4c1bea" 32 369 13 30 962 44 541 369 119 80 199627 425 369 153 43 369 153 80 90 369 11 12 20 49 4 80 28 3385 2247 80 28 11645 1179 1173162 -1 -1 0 0 0 0 7 8 6 7 7 8 4 3 7 4 0 0
"d54b376a0caadf4e" 21 4617 144 30 1778 80 1334 83 51 1138 80 199627 352 334 14 19 1015 382 559 19 4300 1179 1173163 -1 -1 0 0 0 0 6 7 8 6 5 5 7 4 5 4 0 0
"83a58834c529933b" 21 425 16520 70 178 4 80 229 74 6398 80 199627 1334 102 25450 4366 80 10230 83 30 2995 1179 1173164 -1 -1 0 0 0 0 7 8 9 7 6 6 5 5 6 5 0 0
"042fadb899b3fbef" 22 499 22842 12 15768 14 80 76 77 520 80 199627 4 114 1525 150 721 80 859 1003 90 553 1179 1173165 -1 -1 0 0 0 0 8 7 8 7 5 6 6 4 5 4 0 0
"a074c93a3ff3c5ae" 21 369 229 19822 849 80 16520 749 19 32 80 199627 249 103 7667 127 14 231 102 16520 10664 1179 1173166 -1 -1 0 0 0 0 5 7 7 6 6 5 5 3 4 3 0 0
"bdca9dec281021de" 18 51720 1964 83 14 80 369 4522 790 80 199627 352 51 153330 80 11298 788 1237 1179 1173167 -1 -1 0 0 0 0 9 6 7 7 5 5 5 4 4 4 0 0
"8cf9ddda79c78a26" 23 350 60 456 184 283 60 80 120 2715 90 490 80 199627 249 4 166 14368 14 102 4 404 223 1179 1173168 -1 -1 0 0 0 0 7 6 6 6 4 5 7 4 4 3 0 0
"0bb9fb19e85ffca7" 21 55216 80 28 235102 161 77 51 960 80 199627 232 154 82 17815 80 19184 80 70 30 206 1179 1173169 -1 -1 0 0 0 0 6 7 9 8 7 5 2 0 1 4 0 0
"de06b0b67505d8b7" 26 146 152 19 1747 42 80 1334 51 379 80 184 1895 80 199627 4 146 1636 14 80 1024 80 369 127 74 4937 1179 1173170 -1 -1 0 0 0 0 9 7 8 5 6 6 4 3 3 1 0 0
"182ff6ea3f0fe214" 24 192 42 26414 30 9771 15016 80 127 770 83 3826 80 199627 90 5942 20 5695 770 2988 80 229 74 4119 1179 1173171 -1 -1 0 0 0 0 7 5 9 7 6 2 1 6 1 2 0 0
"e07d76e3202e8ed0" 21 369 1069 1167 51 554 275 80 425 16520 227 544 80 199627 283 154 19831 80 13715 28 986 1179 1173172 -1 -1 0 0 0 0 6 8 8 6 8 6 3 1 2 1 0 0
"63b4bf276670b245" 24 70 297 4083 77 30 488 206 80 330 22 222 80 199627 103 104 6700 28 275 80 369 11 12 4300 1179 1173173 -1 -1 0 0 0 0 7 6 7 5 6 4 2 3 3 2 0 0
"68181f1a7801abcf" 23 103 7667 127 14 10951 80 166 2728 30 6854 80 199627 352 334 14 19 1015 382 66 30 340 1772 1179 1173174 -1 -1 0 0 0 0 7 8 6 5 6 7 5 5 2 1 0 0
"e68fd1b89e685c69" 20 369 27423 154 78804 80 330 6 12 1183 61 80 199627 290 1081 80 249 369 2995 549 1179 1173175 -1 -1 0 0 0 0 6 4 7 4 7 4 3 6 1 3 0 0
"396fdf5c75c321d7" 27 17522 134 80 1629 14 4522 80 330 70 12 1884 80 199627 425 369 127 245 711 208011 453 1957 13 1160 80 106309 4592 1179 1173176 -1 -1 0 0 0 0 7 7 8 8 7 5 1 5 2 3 0 0
"87a17d43130b0431" 29 200449 456 4 2967 19 14 80 1024 80 369 942 28 34 80 199627 166 250 249 208 3273 80 283 72 49 4 80 550 206 1179 1173177 -1 -1 0 0 0 0 8 9 7 6 6 5 5 3 4 2 0 0
"b69a816bbec2e52b" 57 229 74 61 768 8723 44 103 1899 80 823 39 80 199627 786 102 30 1981 518 7593 146 27 154 1733 80 1043 90 10611 80 199627 249 199375 232 83 4779 80 576 28 1964 1138 80 199627 200449 369 127 28 29 5723 80 90 199375 146 632 6921 36 30 1121 1179 1173178 -1 -1 0 0 0 0 7 6 6 7 8 4 2 6 5 7 0 0
"29d4abce6ffd55d6" 22 1112 60 1483 102 275 11 10290 7984 80 199627 249 199375 232 83 1617 80 232 3470 80 232 5374 1179 1173179 -1 -1 0 0 0 0 4 6 6 5 5 4 2 3 1 1 0 0
"f5278ad82c04c167" 51 119 4 13 30 1800 80 3721 42 30 1237 199372 199627 5305 12415 80 206 1085 80 5106 1269 19 9878 80 199627 90 966 11 1718 848 80 102 51 4132 83 51 989 80 199627 44 51 15863 5025 77 275 80 249 330 166 12746 2521 1179 1173180 -1 -1 0 0 0 0 6 4 3 6 6 4 4 6 2 6 0 0
"cdd1abd15858d1a9" 52 4 1525 14 4743 80 249 369 1267 2179 154 7001 80 199627 1009 4 114 250 14 76 80 460 14 51 783 33901 80 199627 200449 44 103 706 80 551 74 1883 36 2594 80 199627 3821 80 2602 80 90 4725 80 340 379 4627 146 2636 1179 1173181 -1 -1 0 0 0 0 7 7 6 5 6 6 2 3 1 9 0 0
"92a0c2e01143b517" 25 369 484 30 1657 80 490 102 51 5235 80 199627 249 369 229 590 120 60 208 80 17 425 80 17 299 1179 1173182 -1 -1 0 0 0 0 5 5 7 5 6 3 2 4 1 2 0 0
"ca8787f1c544cf42" 25 352 1466 51 4326 80 386 119 369 106 60 44 28 8110 199372 199627 90 369 136 80 11 1028 1625 80 1312 1179 1173183 -1 -1 0 0 0 0 5 5 6 4 6 3 2 2 1 1 0 0
"6ed15d15c1904515" 21 227 83 30 1877 229 74 4635 80 199627 340 379 4627 80 330 6 436 74 811 768 10240 1179 1173184 -1 -1 0 0 0 0 5 7 3 6 8 8 6 7 2 7 0 0
"bee275442957dfa4" 28 158 369 114 443 120 208 80 77 70 28 2602 90 7387 80 199627 1009 369 114 27 61 80 44 103 3273 706 77 275 1179 1173185 -1 -1 0 0 0 0 8 7 6 7 8 5 3 3 9 9 0 0
"eeeaefedef02bf76" 59 127 51 30735 83 28 1393 80 408 70 28 4725 80 7570 80 90 6763 80 199627 352 127 51 6302 80 249 369 229 127 74 1542 80 199627 330 114 3598 70 330 251 80 249 330 166 1525 14 89 80 199627 200449 199375 232 83 6174 80 563 456 330 457 8 5228 1179 1173186 -1 -1 0 0 0 0 10 9 8 9 10 6 3 7 5 7 0 0
"73e7a2fdc66600ce" 26 386 4 102 19 3757 80 232 60 1469 42 415 199372 199627 90 11111 80 330 146 278 80 70 54 5047 4 1678 1179 1173187 -1 -1 0 0 0 0 4 6 3 4 5 6 6 2 3 5 0 0
"9cdca13d104e34c5" 24 369 3705 1957 70 42 80 425 16520 231 3843 80 199627 6 7 19 1525 30 4869 456 369 453 51 2651 1179 1173188 -1 -1 0 0 0 0 7 6 9 7 6 8 5 4 4 3 0 0
"b2c9819a3c32f43e" 25 4 5310 70 150 275 36 103 915 80 192 20479 80 199627 249 369 146 254 382 80 352 11 453 14 4783 1179 1173189 -1 -1 0 0 0 0 3 4 3 4 5 5 4 3 2 4 0 0
"6bc4c1b8ba03d9a1" 27 6 20 1301 80 11 120 150 33 1861 1183 80 199627 90 2644 44 1342 19 70 54 518 1003 51 38324 13554 90 208 1179 1173190 -1 -1 0 0 0 0 6 5 3 3 5 7 5 5 4 6 0 0
"9a4e01dcb1775e5b" 21 11 212 14 849 19 709 4932 80 199627 90 119 70 28 4017 80 630 14 44 28 7795 1179 1173191 -1 -1 0 0 0 0 8 6 6 7 6 7 4 4 3 5 0 0
"b72b5ba7c331e6b8" 23 68 144 30 89 711 80 249 808 369 2995 80 199627 757 866 8590 80 13 28 908 44 30 594 1179 1173192 -1 -1 0 0 0 0 7 7 9 8 6 7 3 5 6 8 0 0
"070ce4e8ad610ddb" 35 369 153 550 1262 249 369 166 3651 80 199627 28 8510 2960 174 108 80 369 6 12 928 80 199627 158 369 56 443 120 208 90 630 60 44 30 4943 1179 1173193 -1 -1 0 0 0 0 3 4 3 3 4 3 6 5 3 4 0 0
"d156df31817bea0f" 22 2042 866 8590 80 28 34 1617 9337 80 199627 90 1037 369 120 208 80 369 153 199375 208 3273 1179 1173194 -1 -1 0 0 0 0 7 6 5 5 5 6 5 5 2 6 0 0
"1b54f6f09d1b0d1f" 21 223 51 1784 780 80 803 454 102 2363 80 199627 453 51 554 6650 80 49 51 8975 3814 1179 1173195 -1 -1 0 0 0 0 8 6 4 6 7 6 4 5 4 4 0 0
"40169e5d0cfd71e5" 22 386 558 369 1312 1167 456 807 127 709 80 199627 807 127 51 554 6302 80 163 14 19 2143 1179 1173196 -1 -1 0 0 0 0 3 4 4 4 3 5 5 5 4 4 0 0
"a1f030d46b3fd802" 28 146 254 19 13 603 3821 80 146 254 19 13 603 35 80 199627 249 330 7 19 20 44 51 15863 5025 29655 60 70 1179 1173197 -1 -1 0 0 0 0 5 5 5 6 6 4 4 5 3 6 0 0
"ee48ed0436f7c9d8" 23 74 4519 74 3592 80 11 891 44 30 1841 80 199627 70 30 2258 783 891 80 425 330 6 151 1179 1173198 -1 -1 0 0 0 0 4 3 4 3 4 3 4 3 4 3 0 0
"7d04e2f7e04ecbc2" 23 119 4 13 30 1800 80 6174 192 790 80 199627 484 30 1657 19 656 30 6770 80 2174 30 1237 1179 1173199 -1 -1 0 0 0 0 5 6 7 4 6 8 2 2 7 2 0 0
"b6d184b00fbcb043" 23 60 11 10290 7984 80 369 166 1679 51 707 80 199627 330 70 1057 44 60866 80 74 1883 19 3569 1179 1173200 -1 -1 0 0 0 0 6 7 8 7 6 4 3 4 4 8 0 0
"271b60332925faca" 21 1334 192 17807 80 249 6 4633 49 770 199627 158 4 283 5413 89 80 860 96 19 17768 1179 1173201 -1 -1 0 0 0 0 4 6 5 6 5 3 4 3 2 2 0 0
"0938c773d9daf2fa" 23 6808 19 30 13554 80 200450 20 340 199627 199375 255 20 30 3598 80 4 998 19 2358 1624 249 3543 1179 1173202 -1 -1 0 0 0 0 3 5 4 6 5 6 4 6 2 2 0 0
"c835a186b46ca932" 34 1009 4 114 250 14 76 80 16520 231 1043 199627 28 235035 20479 102 88652 88653 80 807 28 3120 199627 5942 212 14 19 709 1022 80 849 408 30 1886 1179 1173203 -1 -1 0 0 0 0 4 6 7 7 6 6 7 4 6 2 0 0
"432a0efdcc49d609" 29 369 553 49 340 379 4627 80 330 255 127 28 24 199627 1100 102 30 1981 518 1746 146 127 51 5723 80 255 83 30 3055 1179 1173204 -1 -1 0 0 0 0 2 9 5 7 5 7 2 2 2 8 0 0
"fee15ab05d90c132" 34 127 51 30735 36 28 646 80 16520 83 30 1393 199627 369 391 89 711 80 249 425 369 41 583 199627 127 28 11111 25 28 319 80 184 146 35 1179 1173205 -1 -1 0 0 0 0 6 7 7 5 6 3 3 4 6 6 0 0
"01bf9ab3ea651472" 28 90 192 83 36 30 2591 238 80 344 28 4366 199627 1085 36 28 275 80 550 70 108 199627 1418 70 28 2267 80 9301 1179 1173206 -1 -1 0 0 0 0 3 5 4 7 5 7 4 6 3 4 0 0
"a4d93886f1565a5f" 18 352 1466 51 4326 80 424 66 424 646 199627 38324 13554 24 80 235103 30 1299 1179 1173207 -1 -1 0 0 0 0 4 6 5 4 4 6 2 2 2 2 0 0
"bb3124e28262d4e5" 40 158 369 13 88 425 80 369 1267 232 28 1588 199627 768 453 51 2651 80 74 7 19 1525 4869 80 344 17 28 5112 199627 4 1525 14 4743 80 249 369 22 436 30 5854 1179 1173208 -1 -1 0 0 0 0 2 7 5 5 4 4 3 3 2 3 0 0
"f64eda15d3fb03aa" 24 90 2505 28 8510 80 369 22 563 20 1301 199627 74 4519 74 80 199375 185 60 2283 369 229 20 14376 1179 1173209 -1 -1 0 0 0 0 3 4 3 6 4 4 5 3 3 3 0 0
"6df350ec1d764319" 30 369 3705 286 42 80 21828 36 30 621 199627 757 866 8590 80 229 74 5124 19 28 857 199627 223 369 119 845 80 369 1267 401 1179 1173210 -1 -1 0 0 0 0 4 6 6 4 5 3 3 2 4 4 0 0
"74cba39361dec4b5" 35 74 61 74 8723 80 344 559 60 573 199627 158 369 114 443 120 208 80 199375 20 544 408 297 33765 199627 1085 1105 51 7515 1415 80 849 408 30 16631 1179 1173211 -1 -1 0 0 0 0 2 8 7 4 3 5 4 3 6 6 0 0
"29bd7fd43b35503c" 58 550 30 1299 1742 36 30 1877 80 344 11 559 60 573 80 199627 249 16520 808 590 208 510 80 942 520 80 344 559 60 11336 80 199627 90 60 786 102 30 1981 518 1746 544 146 27 51 348 80 199627 74 5723 83 8 4853 80 11 2602 44 8 8475 1179 1173212 -1 -1 0 0 0 0 3 7 6 6 6 5 4 4 3 8 0 0
"82b47eac63cd9f61" 28 456 275 43583 4 89 80 961 4 106 102 1151 68 5327 80 199627 249 386 558 369 1312 1167 80 456 369 106 192 18 199372 1173213 -1 -1 0 0 0 0 4 7 5 4 4 4 3 3 3 2 0 0
"1c916178fd089ddb" 43 4 5881 102 51 5854 80 4 6 563 153 43 4 127 80 199627 11 212 14 849 408 749 80 19 51 1132 2127 80 199627 369 146 254 103 275 80 249 16520 1598 80 369 166 20 2139 1179 1173214 -1 -1 0 0 0 0 7 6 6 4 7 6 3 4 4 3 0 0
"3b1e02f1ed0dd72a" 50 386 4 1267 20 1829 80 4 255 7598 297 4355 80 199627 425 173 2157 90 16520 163 49 70 297 1769 80 199627 4 136 59 20 1895 768 222 80 425 173 11 51 1772 80 199627 28 10932 1460 866 279 80 11 709 1043 1179 1173215 -1 -1 0 0 0 0 7 6 6 4 7 8 3 3 5 3 0 0
"f73846395ca6da91" 50 114 4 16171 14 51 1741 80 460 14 245 960 77 11706 80 199627 200449 1624 406 749 104 231 11912 80 199627 28 915 20 14144 815 1499 80 352 956 709 6302 80 199627 369 7 815 19 212 14 2370 80 815 19 2995 549 1179 1173216 -1 -1 0 0 0 0 8 8 7 5 7 6 4 3 6 4 0 0
"1a1e1fba1cf1c67a" 55 4 153 154 4309 15093 104 2157 80 184 229 127 74 4181 80 199627 550 11 4 90 14 735 30 39 80 369 2551 60 137 151 80 199627 1483 102 1334 172 44 103 3821 80 637 13548 80 199627 249 184 127 1231 1232 80 271 61 378 146 103708 1179 1173217 -1 -1 0 0 0 0 7 7 6 6 8 4 4 3 7 4 0 0
"d74d0204e06c805f" 66 330 904 19 293 14 11221 28705 80 369 391 51 3120 83 30 1877 80 199627 249 58 369 11813 849 80 163 154 275 804 80 369 477 3603 80 199627 120 14 1183 4 30 2203 80 120 14 6140 4 19 51 1132 47 80 199627 4 6 96 19 1057 44 1472 80 199375 20 150 4930 90 150 14918 1179 1173218 -1 -1 0 0 0 0 8 6 7 6 7 4 5 4 7 5 0 0
"8924208ff625a3cc" 22 127 709 3262 80 1267 453 51 656 80 199627 807 909 36 815 518 378 967 80 234951 146 63111 1179 1173219 -1 -1 0 0 0 0 5 6 6 6 6 6 4 3 6 4 0 0
"2503b51504abb3ad" 30 166 283 51 595 1310 44 28 1964 80 550 823 19 3756 80 199627 70 297 525 90 5450 80 961 28 246 2651 53 243 31453 7293 1179 1173220 -1 -1 0 0 0 0 5 6 7 7 6 6 4 5 4 7 0 0
"01999e19134fa169" 28 129 80 352 56 1343 1749 80 352 127 2971 36 861 80 199627 807 102 51 9881 915 80 10391 61 90 2203 44 788 7632 1179 1173221 -1 -1 0 0 0 0 7 7 6 6 6 7 3 4 7 6 0 0
"24cbb8939e839986" 30 249 551 443 161 1146 83 28 34 80 166 390 77 279 1499 80 199627 11 102 77392 83 154 61578 3119 3623 80 16520 1156 182 3483 1179 1173222 -1 -1 0 0 0 0 6 6 6 6 6 8 3 4 6 5 0 0
"48c48d0e343d4284" 32 4 120 30 82 90 4275 1062 770 1050 80 60 407 44 1089 80 199627 425 16520 13408 89 103 902 80 229 74 2279 14 80 74 44 1089 1179 1173223 -1 -1 0 0 0 0 6 5 6 6 6 5 4 6 6 5 0 0
"20c217b7c52e9167" 30 386 242 369 1598 749 80 5076 44 103 1299 831 2127 80 199627 456 184 56 20 76 848 80 227 275 80 1850 17087 83 51 4360 1179 1173224 -1 -1 0 0 0 0 5 5 5 5 6 5 3 4 5 4 0 0