"08eb94ec65bce196" 17 90 563 16219 4 102 51 6216 80 199627 456 173 3470 19 30 235082 1489 1179 1172914 -1 -1 0 0 0 0 7 6 6 8 7 3 2 9 2 7 0 0 0 0 0 0
"a1f4dacd07da0214" 24 36274 44175 80 150 600 127 154 432 1898 80 199627 249 369 1267 6570 4 102 90497 6867 83 382 18887 1012 1179 1172915 -1 -1 0 0 0 0 8 6 6 7 2 7 3 5 4 3 0 0 0 0 0 0
"8d7bb2f4153dc85a" 29 456 16520 72 28 21683 80 70 28 4180 8570 61 90 3814 80 199627 239 330 477 4758 30 4869 80 192 425 330 12 283 1779 1179 1172916 -1 -1 0 0 0 0 8 8 9 7 5 6 4 3 3 2 0 0 0 0 0 0
"0f97866d2f73cca3" 27 249 425 330 11 6369 80 90 4 127 150 1964 23 1138 80 199627 297 536 229 279 249 803 80 192 6 563 152 1179 1172917 -1 -1 0 0 0 0 6 5 4 7 3 6 5 5 4 3 0 0 0 0 0 0
"ab633c2b11bdc20a" 24 120 14 421 1084 80 456 352 1357 14 1138 80 199627 166 120 28 8443 520 14 80 1267 120 1957 4300 1179 1172918 -1 -1 0 0 0 0 8 6 7 7 6 4 5 5 3 2 0 0 0 0 0 0
"93c6aff0b7484f73" 28 2990 49 51 340 1779 34 80 150 129 12 453 14 51 6468 80 199627 398 212 28 1741 80 249 369 11 166 2728 60 1179 1172919 -1 -1 0 0 0 0 6 7 5 6 5 4 3 4 6 3 0 0 0 0 0 0
"e389f28722b13209" 27 860 255 20 28 1024 80 120 14 13 150 92 80 199627 278 30 2644 77 30 39 80 859 11 40 271 29 4932 1179 1172920 -1 -1 0 0 0 0 9 8 7 8 7 4 6 5 8 4 0 0 0 0 0 0
"9d8eb4ee5673b969" 27 16440 408 30 36508 80 330 1310 369 391 11 4425 80 199627 249 369 53214 603 1262 80 425 369 127 30 39 19 69871 1179 1172921 -1 -1 0 0 0 0 7 7 6 8 4 7 2 7 3 8 0 0 0 0 0 0
"d29cab664e2ad029" 26 277 19 27 1625 51 1381 80 234901 83 154 59103 80 199627 11 277 19 453 51 71 275 36 1625 90 150 129 1179 1172922 -1 -1 0 0 0 0 5 5 4 7 6 3 3 8 7 6 0 0 0 0 0 0
"203eea63ae781107" 30 6174 102 51 622 147 80 4 566 255 30 161 1146 80 199627 330 255 20 83 60 80 249 330 6 153 30 2602 154 60 1159 1179 1172923 -1 -1 0 0 0 0 8 9 7 6 2 7 2 4 5 6 0 0 0 0 0 0
"e80163c37de1496a" 27 1267 119 103 36 28 1778 80 166 120 1957 13 14 35 80 199627 234845 60 340 49 28 2721 1214 80 859 41 583 1179 1172924 -1 -1 0 0 0 0 9 8 8 8 7 5 5 3 4 7 0 0 0 0 0 0
"f2e23e5b17395d6b" 29 1267 212 30 8531 4362 80 13 30 1093 1663 44 28 600 80 199627 114 184 11 283 83 49 103 80 74 7 36 511 4355 1179 1172925 -1 -1 0 0 0 0 8 7 7 7 6 5 3 5 5 6 0 0 0 0 0 0
"1be976d468b2b648" 29 255 192 11858 80 249 369 114 106 30 5430 44 28 246 80 199627 590 460 60 28 70 80 1267 152 19 453 51 554 780 1179 1172926 -1 -1 0 0 0 0 7 7 6 6 4 5 3 4 6 5 0 0 0 0 0 0
"25e8ecf727b7b5ee" 25 568 424 40711 16511 80 4 443 1267 967 199627 90 120 14 212 4 83 51 1895 80 200450 780 49 245 27550 1179 1172927 -1 -1 0 0 0 0 8 7 8 7 5 6 6 4 3 3 0 0 0 0 0 0
"2cb9f15789abbb41" 22 4 390 4 251 14 80 249 550 33 425 199627 103 61 104 4688 80 8272 44 788 12792 425 1179 1172928 -1 -1 0 0 0 0 9 9 8 8 4 6 4 5 7 5 0 0 0 0 0 0
"415df00ab51ade1a" 23 330 20 192 83 60 80 249 61 104 174 9247 199627 1267 460 60 70 369 127 80 90 344 527 1179 1172929 -1 -1 0 0 0 0 7 6 6 5 6 8 3 3 7 6 0 0 0 0 0 0
"f3890dbadeb6983e" 25 369 12 1003 49 4 80 114 184 11 3326 199627 283 83 49 103 36 340 80 103 61 104 192 3509 808 1179 1172930 -1 -1 0 0 0 0 8 7 7 6 6 8 3 3 6 5 0 0 0 0 0 0
"e38eee2828ba8243" 22 568 424 40711 16511 80 114 4 7054 199627 386 61 104 192 3509 80 90 344 70 60 378 7517 1179 1172931 -1 -1 0 0 0 0 5 6 6 5 4 7 3 5 4 4 0 0 0 0 0 0
"bb1f480b1f344e06" 25 232 150 1964 1138 80 6 120 61 1525 4 89 199627 550 192 1330 3509 80 199375 6570 60 102 90497 6867 34870 1179 1172932 -1 -1 0 0 0 0 6 7 8 7 6 8 2 2 5 4 0 0 0 0 0 0
"b7d25a49348287e4" 28 127 1733 4716 83 14 80 6174 102 30 1160 199627 103 61 104 4688 80 90 352 1357 14 1138 80 74 1539 475 184 566 1179 1172933 -1 -1 0 0 0 0 8 7 9 7 7 8 4 4 7 5 0 0 0 0 0 0
"a054fccb927694de" 20 103 61 104 4688 80 249 550 6415 192 3509 199627 90 563 41641 4 80 166 3569 182 19212 1172934 -1 -1 0 0 0 0 7 7 7 6 6 7 3 3 6 5 0 0 0 0 0 0
"45cc52d40755a25f" 40 330 904 19 293 770 3273 80 425 330 12 20 102 770 80 199627 184 127 154 4327 1320 80 30 4327 139 184 944 80 199627 90 4 127 54 600 154 13 474 144 30 17768 1179 1172935 -1 -1 0 0 0 0 6 7 7 7 6 9 4 2 3 2 0 0 0 0 0 0
"9ef2ea9d5fd15afe" 39 369 391 255 44 30 474 1022 53 30 474 206 80 199627 120 14 44 150 34 80 120 14 453 4 1745 80 199627 90 70 28 4180 425 8570 61 80 330 13 369 4522 1179 1172936 -1 -1 0 0 0 0 8 8 8 8 8 8 4 2 4 2 0 0 0 0 0 0
"eba69c978064a451" 23 4 127 154 757 44 150 600 80 127 14 11168 80 199627 566 4 294 200449 369 127 150 129 4058 199372 1172937 -1 -1 0 0 0 0 7 7 9 6 7 9 5 2 3 3 0 0 0 0 0 0
"476527bfe27b31e0" 25 234840 150 3012 4869 80 127 14 2370 513 51 13552 80 199627 212 14 849 44 150 12138 80 453 14 106 474 1179 1172938 -1 -1 0 0 0 0 7 7 8 7 7 8 8 2 5 3 0 0 0 0 0 0
"ef088d84dc768417" 39 330 20 235010 200449 330 153 369 127 8 2917 80 199627 30 536 566 11 803 80 199375 507 603 849 253 80 199627 90 369 119 103 36 28 1778 80 453 1957 146 278 14 1179 1172939 -1 -1 0 0 0 0 8 8 8 8 8 8 2 3 3 5 0 0 0 0 0 0
"ca1b734062a36f03" 37 456 275 263 9247 80 27 1625 51 1022 19 1678 80 199627 234901 83 154 59103 80 120 30 2602 56718 80 199627 114 184 283 83 49 103 80 185 910 19 30 4355 1179 1172940 -1 -1 0 0 0 0 6 7 6 6 7 7 2 3 4 6 0 0 0 0 0 0
"d50c2845330a438b" 35 6174 102 51 622 147 80 200450 2203 42 30 1237 80 199627 398 212 28 1741 90 200450 212 9878 80 199627 369 12 1003 49 4 80 453 4 106 11 474 1179 1172941 -1 -1 0 0 0 0 8 8 8 7 7 8 6 2 6 5 0 0 0 0 0 0
"18adef6881cdcd31" 38 4 566 30 161 1146 369 7 44 103 3273 39 80 199627 1093 1663 44 28 600 80 200450 40 271 29 19183 80 199627 114 184 283 83 49 103 80 453 1231 1232 226 1179 1172942 -1 -1 0 0 0 0 7 8 9 7 7 8 5 3 7 6 0 0 0 0 0 0
"ec5a396cc0caf92b" 37 369 119 103 36 28 1778 80 36 28 398 90 28 5986 80 199627 398 212 28 1741 90 200450 453 51 41 80 199627 103 61 104 4688 80 200450 40 271 29 1322 1179 1172943 -1 -1 0 0 0 0 9 8 8 8 8 8 3 3 4 7 0 0 0 0 0 0
"a091ac20b10baf53" 40 28 234829 44 30 4860 249 28 1964 104 44 30 6871 80 199627 330 20 192 1590 80 16520 11 17 154 1331 80 199627 249 4 638 150 1964 1138 80 344 43 961 770 41 76 1179 1172944 -1 -1 0 0 0 0 7 6 8 8 7 4 9 5 7 2 0 0 0 0 0 0
"2398c03b1ffae472" 38 1334 11 102 30 10846 80 255 270 30 2568 80 199627 184 127 154 4327 139 80 184 146 436 25 8 4189 80 199627 114 184 283 83 49 103 80 453 271 29 8243 199372 1172945 -1 -1 0 0 0 0 8 5 7 7 6 8 2 8 4 8 0 0 0 0 0 0
"61b576e0183d066b" 36 11 967 19 28 1818 80 120 14 1183 4 30 2203 80 199627 6 5639 44 8 4355 80 200450 212 9878 80 199627 90 27 1625 51 1381 475 4 114 3756 544 1179 1172946 -1 -1 0 0 0 0 8 7 9 9 7 6 6 6 9 9 0 0 0 0 0 0
"c53c0fd32710b8d0" 24 860 153 66 42 456 4 629 24 406 80 199627 330 1310 369 391 11 4425 80 425 369 855 103 3057 1179 1172947 -1 -1 0 0 0 0 7 6 8 7 6 7 3 4 5 5 0 0 0 0 0 0
"4c1ec23e9d04ccb3" 27 1459 4 36 30 3677 4 1100 19 8407 80 199627 36274 44175 80 249 16520 95541 4 102 90497 6867 90 586 24 28 4937 1179 1172948 -1 -1 0 0 0 0 6 8 7 6 7 2 3 6 7 6 0 0 0 0 0 0
"336e3b03749eb700" 25 61 114 20 70 997 19615 80 550 33 80 199627 249 4 443 1267 967 19 14 80 344 70 4 1267 119 1179 1172949 -1 -1 0 0 0 0 9 8 9 8 7 6 8 8 10 9 0 0 0 0 0 0
"bb00446e930584ba" 33 49 297 1733 4716 83 28 1741 80 199627 199375 255 20 11858 80 2718 199372 199627 249 454 866 4 80 344 70 369 299 119 80 550 28 15093 3262 1179 1172950 -1 -1 0 0 0 0 8 7 9 7 8 7 6 5 7 6 0 0 0 0 0 0
"21d5da16537497e7" 23 21130 11486 80 106 30 3351 44 30 1022 80 199627 249 804 7397 2200 80 550 823 19 1183 28 92 1179 1172951 -1 -1 0 0 0 0 9 8 9 8 7 4 5 6 7 8 0 0 0 0 0 0
"9f1e4782d71d5b26" 39 28 4097 566 5695 80 966 76 77 520 80 199627 90 369 2143 475 60 70 195 1262 80 1165 51 1262 19366 1179 199627 4 904 19 2919 28 13951 80 425 16520 17265 60 3633 1179 1172952 -1 -1 0 0 0 0 8 7 7 8 6 7 8 6 7 8 0 0 0 0 0 0
"a50928198ac9cf35" 41 909 89 83 541 80 16520 83 31 77 60 70 80 199627 127 192 396 15618 80 192 10707 80 199375 146 35 1179 199627 249 518 242 369 112 227 36 80 817 1620 563 824 53 70 199372 1172953 -1 -1 0 0 0 0 9 6 8 7 5 6 7 7 8 8 0 0 0 0 0 0
"4500698397abd0c2" 38 16520 11 277 19 453 60 19 41460 80 4 13 80 199627 249 550 823 19 119 49 70 103 4519 83 14 1179 199627 249 369 2718 80 550 11 559 60 948 19 20 1179 1172954 -1 -1 0 0 0 0 8 6 7 6 5 5 6 6 7 8 0 0 0 0 0 0
"b3be58b6385ee784" 30 70 369 254 391 51 2842 36 8435 80 199627 19 595 28 34 80 27 28 5088 1179 199627 212 150 206 80 74 7 36 97 235083 1179 1172955 -1 -1 0 0 0 0 7 8 7 6 5 6 6 7 8 7 0 0 0 0 0 0
"d085a772b58a7582" 37 146 61 14 17 80 212 14 509 369 242 80 199627 398 70 406 558 13 518 184 566 80 2718 1179 199627 13 559 184 1057 80 1494 60 80 20 271 11423 5555 1179 1172956 -1 -1 0 0 0 0 9 9 8 8 9 9 5 6 8 7 0 0 0 0 0 0
"a575704b8987edc2" 42 369 146 1425 19 119 60 80 249 60 2786 174 2012 80 199627 90 150 7064 80 352 391 51 234882 12074 80 240 151 1179 199627 199374 146 68 103 606 19 5358 253 80 277 19 283 1841 1179 1172957 -1 -1 0 0 0 0 8 7 6 5 5 6 6 6 7 8 0 0 0 0 0 0
"ad0f4a54ee18c8a0" 39 16520 51 1878 915 518 816 21111 80 166 3380 80 199627 120 14 212 4 76 90 1183 4 559 19 283 103 4300 1179 199627 46 14 80 199375 1183 4 559 19 3737 30 1121 1179 1172958 -1 -1 0 0 0 0 9 8 8 9 9 8 7 6 9 8 0 0 0 0 0 0
"5a3406f0f24f587a" 43 192 4 112 12 153 559 19 1057 102 14 80 199627 28253 100 83 28 4285 80 70 28 1214 127 54 80 13 1179 199627 768 184 56 11 1096 53 28 3385 80 453 60 2253 509 114 20 1179 1172959 -1 -1 0 0 0 0 8 7 9 8 9 8 3 1 4 1 0 0 0 0 0 0
"c8a22f960a733b46" 44 150 8460 80 550 306 42 28 5002 80 550 33 80 199627 558 184 11 453 60 51 466 80 630 70 103 804 80 14 90 4 199372 199627 3322 60 42 80 200450 538 19 51 275 344 1896 554 1179 1172960 -1 -1 0 0 0 0 8 9 9 7 7 7 4 1 3 6 0 0 0 0 0 0
"a478b64c5b000d94" 24 369 163 28 2603 53 348 80 166 20 12124 89 80 199627 150 9333 4595 80 7420 80 83 30 3025 3916 1179 1172961 -1 -1 0 0 0 0 6 7 7 5 6 7 9 1 8 3 0 0 0 0 0 0
"3ade6486de938a0d" 36 158 352 166 4758 51 4274 80 807 17 36 14 199627 3470 83 30 18245 1307 80 369 166 592 19 13 199627 43 173 70 178 80 629 90 1183 14 80 2358 1179 1172962 -1 -1 0 0 0 0 7 8 8 5 5 8 3 3 6 3 0 0 0 0 0 0
"f43b7b176f0df636" 21 1082 406 90 1183 14 154 24 80 63071 199627 4 127 14 4058 25 30 16295 77 150 17647 1179 1172963 -1 -1 0 0 0 0 7 7 8 6 7 7 8 2 7 2 0 0 0 0 0 0
"c383d743f1e3e7f2" 32 17700 76 36 30 4275 80 7572 51 1226 80 6402 518 798 391 199627 15724 76 11336 80 231 102 51 13360 80 350 31 541 80 43 60 817 1179 1172964 -1 -1 0 0 0 0 8 9 9 6 6 3 1 6 4 5 0 0 0 0 0 0
"83db1ee58e24dc75" 28 16520 102 2647 80 166 120 603 212 14 89 199627 184 70 35 36 30 12736 80 1598 44 51 8317 80 1617 134 90 134 1179 1172965 -1 -1 0 0 0 0 7 8 9 7 7 4 1 7 3 6 0 0 0 0 0 0
"771a3ab0aa432dcf" 20 4 166 232 14 2473 80 369 1267 20 544 199627 369 2718 80 166 120 1620 520 14 1179 1172966 -1 -1 0 0 0 0 8 8 9 6 7 6 2 3 8 8 0 0 0 0 0 0
"9c2dbe00aa42129e" 23 2603 83 1825 80 83 30 139 19 283 4300 199627 369 127 103 1749 2651 415 14 80 747 19 6132 1179 1172967 -1 -1 0 0 0 0 7 7 8 5 7 8 5 2 4 3 0 0 0 0 0 0
"febc2912ceb4eff3" 20 63071 80 49 30 28253 100 19 5832 199627 70 28 1238 1000 60 80 15451 763 770 154 1179 1172968 -1 -1 0 0 0 0 8 7 8 6 8 9 3 1 5 1 0 0 0 0 0 0
"cf435ff6e2053883" 27 74 1539 43 369 119 80 330 22 120 14 1057 199627 146 280 61 80 28 234826 1899 509 51 18245 1307 12465 44 5882 1179 1172969 -1 -1 0 0 0 0 8 7 6 7 7 7 1 1 3 2 0 0 0 0 0 0
"4ee499b17893d492" 35 146 1425 19 651 4 80 915 80 16520 1063 199627 249 158 4 166 4758 51 4274 90 1895 49 14 80 43 114 369 185 199372 617 253 80 16520 163 1351 1179 1172970 -1 -1 0 0 0 0 7 8 8 6 7 7 3 3 5 2 0 0 0 0 0 0
"d0787ff4ac2c7979" 30 4 255 484 28 24 80 6752 28 3090 102 60 391 2645 199627 49 51 37596 13680 80 425 369 12 13 4 656 83 30 1394 1307 1179 1172971 -1 -1 0 0 0 0 8 8 7 5 7 6 8 4 7 2 0 0 0 0 0 0
"30d0ff966cd26150" 40 518 242 369 1418 103 36 80 60 229 14 199627 4 56 629 19 28 1022 80 3322 42 245 4882 80 200450 13 199627 43 173 70 178 80 566 4 112 518 4 5084 19 20 199372 1172972 -1 -1 0 0 0 0 7 7 8 6 7 7 3 2 3 3 0 0 0 0 0 0
"b84201229df6bae2" 20 2358 421 14 76 80 28 4097 566 83 1749 199627 234878 11486 80 249 16520 231 192 25576 1179 1172973 -1 -1 0 0 0 0 7 8 8 5 6 7 3 4 3 4 0 0 0 0 0 0
"2caa66b23eb5d27b" 41 28 2971 127 15618 80 28 490 83 1749 80 199627 558 184 453 103 7612 51 466 80 212 60 2370 199372 199627 71 129 3467 80 1267 1002 30 3819 80 199627 10391 4091 77 61 90 962 1179 1172974 -1 -1 0 0 0 0 8 7 9 7 8 5 2 1 7 1 0 0 0 0 0 0
"986546fe6298a4f2" 56 369 2995 549 80 13 30 39 408 51 1132 4163 80 199627 909 89 83 541 80 192 1138 369 166 14807 80 199627 456 743 152 19 1525 14 89 80 369 11 56215 90 185 80 199627 369 20 102 10525 3037 10525 80 229 74 161 590 3582 28 4256 287 1179 1172975 -1 -1 0 0 0 0 7 7 8 9 6 3 2 2 3 7 0 0 0 0 0 0
"54464aea70f5f307" 40 590 2380 28 1257 90 4300 80 199627 212 72 212 72 80 630 743 804 80 199627 229 74 4136 19 43 369 114 5306 80 199627 49 28 908 509 28 4930 80 199375 8071 90 3824 1179 1172976 -1 -1 0 0 0 0 6 6 8 7 5 5 2 1 3 4 0 0 0 0 0 0
"ba0e67842bf18784" 53 6 4 6545 15723 28 3386 80 4 6 12 780 51 1344 80 199627 1009 44 150 34 4 390 424 235084 51 6431 12074 80 199627 249 4 153 43 80 369 6 96 206 36 103 3645 80 199627 590 212 72 212 72 80 630 804 103 8068 1179 1172977 -1 -1 0 0 0 0 8 9 8 7 7 4 1 1 2 6 0 0 0 0 0 0
"33266c5d2badeb3f" 50 6 20 18 19 106 30 7389 154 5459 80 199627 120 30 6872 4930 4 80 120 150 3404 20 62660 80 199627 70 28 10173 185 16520 44 103 396 174 1364 80 199627 249 369 1312 44 30 3162 80 199375 27 28 139 19 1342 1179 1172978 -1 -1 0 0 0 0 9 8 6 8 7 9 4 1 7 3 0 0 0 0 0 0
"ec48264f67ead4a0" 48 386 4 255 1267 2913 14 386 80 199627 192 4 112 12 153 80 6 4 563 152 80 199627 398 558 13 559 1334 227 80 249 330 6 13 30 2919 80 199627 11 254 243 21905 2842 80 19 453 28 11849 474 1179 1172979 -1 -1 0 0 0 0 7 6 5 7 6 7 2 5 4 9 0 0 0 0 0 0
"94706b26c6594775" 58 369 1866 20 51 1878 915 80 249 369 61 154 21111 4522 80 199627 199375 453 60 476 161 621 80 11 4 592 90 13 80 460 14 206 80 199627 144 30 31075 80 199375 2995 42 90 146 35 80 199627 200449 16520 51 3274 950 80 199375 41 583 144 60 70 1179 1172980 -1 -1 0 0 0 0 8 7 8 6 6 5 1 2 8 5 0 0 0 0 0 0
"dad27eb1de99f577" 47 1082 406 80 120 14 212 51 757 53 150 24 80 199627 166 592 19 13 43 2174 150 1415 14757 80 199627 27468 4 80 200449 173 161 77 51 960 80 199627 590 4522 192 790 80 860 630 70 30 4180 804 1179 1172981 -1 -1 0 0 0 0 6 5 6 6 7 4 3 2 5 6 0 0 0 0 0 0
"80719fcdf7435fbb" 56 566 4 747 36 30 962 80 28 3467 590 216 4 823 80 199627 166 3596 28 6026 80 4 22 28398 30 8668 80 199627 330 844 17 120 14 20 80 330 998 19 305 28 1257 80 199627 249 369 2380 603 2669 90 8914 80 425 16520 227 28 908 1179 1172982 -1 -1 0 0 0 0 7 8 7 9 6 7 1 4 5 9 0 0 0 0 0 0
"f463b9ebc31dfc9e" 53 408 30 4366 19 30 23058 80 369 492 60 76 80 199627 10539 42 28 7959 80 425 16520 227 49 74 5430 80 199627 369 1208 19 41460 80 63071 80 807 28 4625 348 80 199627 74 1539 475 369 208 80 199375 255 20 15743 475 16520 408 1179 1172983 -1 -1 0 0 0 0 9 6 6 8 7 7 1 6 6 8 0 0 0 0 0 0
"48c0624be8fa16d1" 50 590 212 28 206 80 453 561 788 656 104 474 80 199627 74 7 19 5038 80 199375 283 848 44 28 29 206 80 199627 49 51 595 34 90 51 37596 13680 80 199627 199375 630 28 7536 90 1183 30 39 80 16520 17 172 1179 1172984 -1 -1 0 0 0 0 6 7 8 7 5 4 2 1 5 7 0 0 0 0 0 0
"e0aa8123dc152d34" 53 5083 83 30 18245 1307 80 6 12 453 51 128 80 199627 1267 32 1156 30 16887 80 229 277 19 20 956 80 199627 158 352 166 638 10171 80 58 199375 11 248 28 1818 80 199627 5943 216 4 361 44 30 246 80 102 42393 61 922 1179 1172985 -1 -1 0 0 0 0 5 6 7 7 6 8 3 2 2 4 0 0 0 0 0 0
"2c24a22a40e946d1" 48 146 1425 19 651 4 80 249 369 239 369 404 80 199627 350 31 541 80 279 19 1678 80 369 7357 80 199627 199375 212 3764 80 22 152 19 8124 30 1828 80 199627 590 453 891 474 80 199375 212 849 150 2602 1179 1172986 -1 -1 0 0 0 0 8 6 6 6 7 4 4 1 7 7 0 0 0 0 0 0
"5095f4aa06514a3d" 27 369 6 7 51 71 129 80 71 879 60 2988 80 199627 200449 103 304 1460 866 51 1226 80 559 1779 114 4 208 199372 1172987 -1 -1 0 0 0 0 7 8 8 4 6 6 1 3 4 7 0 0 0 0 0 0
"a3e27c06538e5945" 26 212 72 212 72 80 4300 2370 513 51 14653 80 199627 49 51 28253 100 80 70 28 1214 127 54 83 8 29 1179 1172988 -1 -1 0 0 0 0 6 5 9 7 6 7 1 2 6 9 0 0 0 0 0 0
"30ab960b65efcfbd" 23 889 83 889 80 425 4 114 20 13370 80 199627 563 238 330 152 19 1368 14 89 102 51 8205 1179 1172989 -1 -1 0 0 0 0 6 7 9 7 6 8 2 4 5 5 0 0 0 0 0 0
"27b615b52eb94798" 25 5985 192 6392 80 550 102 16520 576 83 19 1349 80 199627 768 1009 3757 90 185 550 70 840 77 30 3262 1179 1172990 -1 -1 0 0 0 0 6 7 7 6 5 7 3 3 4 4 0 0 0 0 0 0
"c48ec87dbae5793c" 27 4 251 14 425 80 249 24 58 4 163 14 44 30 1051 80 199627 1058 150 50008 80 330 6 6156 51 1902 246 1179 1172991 -1 -1 0 0 0 0 8 7 6 9 8 5 3 2 7 6 0 0 0 0 0 0
"8a49462aa65ce897" 23 200450 212 245 206 80 11 967 19 51038 879 80 199627 90 453 51 5388 80 859 20 227 102 13061 1179 1172992 -1 -1 0 0 0 0 8 7 8 7 9 7 4 3 7 4 0 0 0 0 0 0
"74e9ca587e90f773" 27 369 153 4 56 146 61 14 80 11 2348 20 1588 80 199627 249 275 104 11 51 32210 80 16520 808 273 30 2568 1179 1172993 -1 -1 0 0 0 0 7 6 4 6 6 7 2 4 3 5 0 0 0 0 0 0
"8d28fd29bae07ae3" 25 17674 144 30 6116 18475 80 1059 83 30 5422 80 199627 200449 184 127 51 71 3262 80 859 453 271 29 47 1179 1172994 -1 -1 0 0 0 0 8 6 9 6 7 6 3 3 5 3 0 0 0 0 0 0
"13606911df6a3631" 26 136 798 229 1267 3589 80 798 127 30 8255 80 199627 90 798 394 79 291 44 271 14447 80 6 7 74 18546 1179 1172995 -1 -1 0 0 0 0 5 4 6 5 4 4 6 2 3 5 0 0 0 0 0 0
"9ee18678292af94f" 26 6233 192 2283 80 330 114 421 770 408 30 1877 80 199627 90 112 2283 80 859 4593 235085 2743 1261 456 184 1096 1179 1172996 -1 -1 0 0 0 0 8 7 7 6 5 7 3 2 3 4 0 0 0 0 0 0
"ec0090a3287f2ae1" 28 28 2603 11 2574 42 80 127 14 231 102 51 147 80 199627 249 2098 4 656 174 2012 80 8815 54 3778 83 150 440 1179 1172997 -1 -1 0 0 0 0 7 8 8 6 7 6 2 3 4 3 0 0 0 0 0 0
"8c7bd6ed8dcb352e" 29 158 4 112 251 60 80 629 90 283 60 80 550 2645 80 199627 249 158 369 824 174 396 80 215 11 606 70 30 2200 1179 1172998 -1 -1 0 0 0 0 7 8 6 7 6 5 3 4 6 5 0 0 0 0 0 0
"50d3e51f84c0e8a5" 26 291 16520 24 83 28 711 80 229 74 7 19 2913 386 80 199627 16520 4300 102 51 2231 80 330 166 563 3380 1179 1172999 -1 -1 0 0 0 0 6 6 7 5 6 5 7 2 2 3 0 0 0 0 0 0
"c6351d4d02053e8e" 37 2348 1531 51 2103 90 283 3528 691 80 199627 249 330 808 12 212 14 76 80 153 330 12 3012 103 199627 518 2098 80 369 229 15399 89 154 2253 80 369 3651 1179 1173000 -1 -1 0 0 0 0 5 6 7 5 6 5 4 3 3 4 0 0 0 0 0 0
"a0168a1c6de4eaec" 36 153 150 5339 80 330 2348 212 66 1745 80 199627 1165 28 82 80 249 330 166 212 28 4522 80 199627 4 102 19 436 3728 42 80 249 28399 808 20 1056 1179 1173001 -1 -1 0 0 0 0 7 6 6 7 8 4 2 3 4 4 0 0 0 0 0 0
"75feebd7501072a4" 38 1267 1368 89 154 4936 80 120868 154 2938 4937 80 199627 2023 511 80 249 43 566 30 3686 19 8405 415 199372 199627 229 234836 249 51 20625 36 4 80 11 51 234882 1895 1179 1173002 -1 -1 0 0 0 0 4 3 6 4 5 4 3 6 3 7 0 0 0 0 0 0
"8fabcd4d7bd3462f" 26 352 739 245 6247 178 43 798 404 80 43 798 235086 370 80 199627 4190 935 2139 770 80 2348 453 51 691 855 1179 1173003 -1 -1 0 0 0 0 6 5 6 5 4 5 3 5 4 4 0 0 0 0 0 0
"9738e2d4e10a1a14" 18 1482 30 39 144 30 3421 80 199627 4 1484 42 28 600 80 74 511 1787 1179 1173004 -1 -1 0 0 0 0 7 9 10 9 6 6 8 4 9 6 0 0 0 0 0 0
"ffa353831d9965bb" 21 181699 181700 80 200449 4 51 499 2091 80 199627 229 74 1022 102 348 80 234882 3808 19 8506 1179 1173005 -1 -1 0 0 0 0 8 7 6 6 7 6 5 3 4 4 0 0 0 0 0 0
"ad665f2f546e5481" 34 127 3467 911 77 36407 369 492 80 199627 249 4 808 12 61 14 1304 80 199627 4180 5960 2093 80 2505 603 80 330 11 245 2091 304 83 603 2272 1179 1173006 -1 -1 0 0 0 0 6 6 6 6 6 7 3 6 4 6 0 0 0 0 0 0
"65f4e289013809fa" 43 11 4 90 14 80 43348 80 184 234965 451 103 3025 80 199627 4948 83 30 1307 80 369 553 1957 42 192 2757 80 199627 330 136 184 146 844 453 60 80 249 184 404 80 330 240 1028 1179 1173007 -1 -1 0 0 0 0 10 9 9 7 8 7 7 4 7 6 0 0 0 0 0 0
"74f33c38875b05f8" 22 12 20 2585 80 3559 80 90 360 80 199627 77 2937 184 119 80 229 154 788 2938 235087 1010 199372 1173008 -1 -1 0 0 0 0 7 6 6 9 6 7 8 8 9 7 0 0 0 0 0 0
"f2e26470e564ab86" 27 127 154 39407 234901 80 6 12 421 74 1818 80 199627 768 2952 14 74 146 34 80 6 7 74 61 11 28 53918 1179 1173009 -1 -1 0 0 0 0 8 6 8 4 5 6 6 3 2 5 0 0 0 0 0 0
"9337319c3631df50" 25 2348 5824 866 28 275 80 283 44 28 4623 80 199627 200443 53 14 102 4 1348 14 80 4 229 563 2148 1179 1173010 -1 -1 0 0 0 0 6 6 6 5 3 5 6 4 3 5 0 0 0 0 0 0
"b025e488853bfe51" 35 208 2913 150 4461 80 5943 1015 4 559 19 61 1625 80 199627 6 592 51 3095 80 119 60 287 80 15405 5269 102 43508 2465 80 108 36 150 3827 5027 1179 1173011 -1 -1 0 0 0 0 7 8 7 6 5 3 4 5 7 8 0 0 0 0 0 0
"1bea424a39ed9761" 44 23064 235088 80 330 14125 83 14 80 166 212 30 4869 80 199627 2091 304 83 603 2272 80 2348 212 66 5730 80 199627 249 4 114 632 30 5061 80 120 208 77 30 2602 80 206 19 106 3843 1179 1173012 -1 -1 0 0 0 0 9 6 7 2 4 5 6 3 4 7 0 0 0 0 0 0
"acf9b671de939fb6" 21 90 24908 596 136 1334 31 11325 80 199627 11 120 382 208 70 44 80 352 835 30 15618 1179 1173013 -1 -1 0 0 0 0 7 6 7 6 5 6 5 6 5 5 0 0 0 0 0 0
"676c799df5946c90" 24 509 184 2934 297 46701 80 369 166 250 249 2118 80 199627 11 251 4 19 421 788 1310 80 788 7710 1179 1173014 -1 -1 0 0 0 0 6 6 6 6 3 5 7 6 4 6 0 0 0 0 0 0
"77cbfe413159ded8" 18 177001 80 30 962 104 43 369 2118 80 199627 2173 77 8595 17302 2214 49 6733 1179 1173015 -1 -1 0 0 0 0 7 7 6 8 6 7 5 9 6 8 0 0 0 0 0 0
"02ce85c537c0f115" 22 369 153 150 915 80 16520 15786 19 5763 80 199627 249 223 184 119 154 80 424 80 4 2762 199372 1173016 -1 -1 0 0 0 0 5 6 5 5 4 5 7 3 4 6 0 0 0 0 0 0
"e3927e40064c1ae2" 24 4 390 16520 51 5854 80 154 369 166 13 199372 199627 509 369 2934 1105 4 80 6 436 49 14 1024 1179 1173017 -1 -1 0 0 0 0 8 7 7 4 4 6 4 6 4 5 0 0 0 0 0 0
"8cd8989e62f62c81" 19 6 120 28 2202 632 614 80 199627 192 629 83 451 80 200450 7098 80 74 6407 1179 1173018 -1 -1 0 0 0 0 9 7 8 5 5 6 4 4 4 6 0 0 0 0 0 0
"2abe208908694925" 27 25 30 176 77 30 1237 80 184 658 20 144 80 199627 158 4 6 2967 42 80 860 283 1368 80 344 30 6537 1179 1173019 -1 -1 0 0 0 0 7 8 7 7 6 7 5 4 6 5 0 0 0 0 0 0
"79c9f8a463a8adee" 24 6 96 206 19 7538 89 80 537 344 33 80 199627 1267 782 823 80 1267 3002 80 344 43 369 119 1179 1173020 -1 -1 0 0 0 0 8 7 8 7 6 6 4 3 4 3 0 0 0 0 0 0
"51831b76ce92f545" 26 28 3472 104 28 2755 80 60 11495 866 51 4273 80 199627 158 4 229 747 19 436 292 80 58 860 20 3909 1179 1173021 -1 -1 0 0 0 0 8 7 8 7 6 7 4 3 5 4 0 0 0 0 0 0
"3c1bf42acaa9cdbd" 22 15599 3547 80 537 16520 192 1899 80 199627 26563 2952 14 768 6 2952 14 80 11 6 20 3154 1179 1173022 -1 -1 0 0 0 0 6 7 6 6 7 6 5 4 5 5 0 0 0 0 0 0
"db0e4698df12c87d" 25 120 28 2098 185 43 798 334 19 185 80 199627 249 158 60 263 174 510 80 208 283 150 2969 474 849 1179 1173023 -1 -1 0 0 0 0 5 6 6 5 5 7 4 2 4 2 0 0 0 0 0 0
"2fe84db78725eb24" 23 44 297 43508 2465 80 5047 780 19 8589 80 199627 158 17883 4 1348 80 60 844 70 629 19 5372 1179 1173024 -1 -1 0 0 0 0 6 8 7 6 6 7 6 5 5 6 0 0 0 0 0 0
"605060234831cf5f" 23 509 184 2934 89 30 46701 80 3411 1094 80 199627 15786 19 216 83 150 915 80 200450 7098 90 3613 1179 1173025 -1 -1 0 0 0 0 6 7 6 7 5 6 5 4 5 5 0 0 0 0 0 0
"125abd42a8109559" 30 352 2175 53 14 102 352 596 360 199627 30 597 415 77 14 80 68 234963 90 510 199627 127 14 231 2975 49 103 39407 234901 5174 1179 1173026 -1 -1 0 0 0 0 7 7 7 6 5 8 3 2 3 3 0 0 0 0 0 0
"0ce2f562c352f1cf" 29 234932 72 80 352 136 352 12 152 199627 2505 382 92 80 120 382 535 30 4207 80 425 184 70 172 80 74 7 19 3380 1179 1173027 -1 -1 0 0 0 0 8 8 9 8 6 7 4 3 5 4 0 0 0 0 0 0
"048b6ac9c9273efa" 20 234840 102 43348 80 208014 19 465 72 199627 234912 28 1818 866 51 327 4273 80 14126 72 1179 1173028 -1 -1 0 0 0 0 7 6 7 6 6 6 4 3 4 3 0 0 0 0 0 0
"7b9ef7802c3f6db8" 19 1024 80 566 4 2762 199372 199627 4 114 632 30 5061 80 199375 212 30 2602 849 1179 1173029 -1 -1 0 0 0 0 9 8 9 7 8 6 3 2 5 2 0 0 0 0 0 0
"5b25422c89caac94" 23 184 229 127 74 206 19 1269 271 6783 199627 249 77 2937 184 119 80 1267 12384 90 920 271 13691 1179 1173030 -1 -1 0 0 0 0 8 7 6 6 6 6 4 3 4 3 0 0 0 0 0 0
"b8b9b75ad5d26f78" 32 1330 80 103 651 80 234840 102 243 22680 199627 28 5179 185 184 2990 174 510 80 25711 199627 70 51 304 283 104 4889 80 271 5700 104 14479 1179 1173031 -1 -1 0 0 0 0 6 6 7 5 4 7 6 4 4 4 0 0 0 0 0 0
"308474140648f12c" 22 234856 2091 304 80 32 235089 36 2272 199627 90 16520 2214 49 70 297 2972 80 120 28 34 208 1179 1173032 -1 -1 0 0 0 0 5 6 6 5 4 7 7 4 5 4 0 0 0 0 0 0
"e979ae2feffeb869" 22 278 30 61 184 484 24 44 30 621 199627 158 4 153 43 61 9405 80 860 27 51 139 1179 1173033 -1 -1 0 0 0 0 6 8 7 6 5 5 3 5 8 7 0 0 0 0 0 0
"89ff5cfb33c6b791" 22 158 4 12 61 14 80 4 1267 782 823 199627 158 17883 4 1348 80 4 137 436 74 4834 1179 1173034 -1 -1 0 0 0 0 9 8 8 6 6 7 3 4 6 3 0 0 0 0 0 0
"7cbb7cc250b343ad" 26 6 453 14 283 1368 80 2348 20 70 44 28 12228 199627 4 13 14 235090 1105 4 1024 80 6 4 6545 3651 1179 1173035 -1 -1 0 0 0 0 8 9 7 6 5 7 5 3 6 4 0 0 0 0 0 0
"bf40461a139d55b8" 23 24905 596 394 4 80 184 2746 199627 1015 30 2202 17 19 1873 80 61 1625 287 80 6 8211 382 1179 1173036 -1 -1 0 0 0 0 8 7 8 7 6 9 4 4 7 4 0 0 0 0 0 0
"7e61402eadead694" 21 2990 60 42 44 54 43508 2465 199627 90 25 30 6842 80 859 13 276 808 83 103 1895 1179 1173037 -1 -1 0 0 0 0 9 7 7 6 6 8 4 3 5 4 0 0 0 0 0 0
"99e790b0332b2823" 26 4 390 16520 10111 80 14845 49 28 1964 199627 39407 234901 44 30 1597 80 15786 19 453 5269 49 150 950 44 2202 1179 1173038 -1 -1 0 0 0 0 8 9 8 6 7 7 6 3 5 3 0 0 0 0 0 0
"ceeed944501f33dd" 24 90 16520 51 783 784 11008 80 1423 89 30 46701 80 199627 2214 49 70 297 2972 80 277 17 19 35 1179 1173039 -1 -1 0 0 0 0 7 7 5 6 5 6 3 7 5 4 0 0 0 0 0 0
"0ab510ca96128b06" 24 297 4180 2348 283 70 42 44 28 12228 80 199627 249 16520 747 19 465 72 80 1183 603 43 60 104 1179 1173040 -1 -1 0 0 0 0 9 9 7 6 6 8 4 4 5 3 0 0 0 0 0 0
"80b3c4d5cc164c04" 20 291 16520 192 1899 80 15600 44 103 4959 80 199627 2173 77 297 8595 17302 10391 22310 11572 1179 1173041 -1 -1 0 0 0 0 8 8 6 6 6 8 3 7 4 5 0 0 0 0 0 0
"9c8b800815f70f8b" 23 425 51 304 6096 80 1138 102 51 22950 80 199627 90 184 12746 60 80 2441 82 5926 513 51 31841 1179 1173042 -1 -1 0 0 0 0 8 7 8 6 7 7 5 3 5 4 0 0 0 0 0 0
"d5601c4a7c839864" 25 537 537 537 90445 80 201798 83 154 17599 3054 80 199627 102 243 6944 3612 80 184 707 42 456 4 166 3617 1179 1173043 -1 -1 0 0 0 0 7 7 8 5 6 7 4 4 6 5 0 0 0 0 0 0
"6139be8c81745b6e" 24 369 490 144 150 275 102 2819 144 51 31732 80 199627 43710 7521 525 80 747 19 3120 70 30 139 42 1179 1173044 -1 -1 0 0 0 0 9 8 8 6 7 7 5 3 5 3 0 0 0 0 0 0
"7a34e8ebe23b3545" 20 90 74 3005 174 80 184 2261 90 11456 80 199627 44 297 17565 235074 60 89 788 621 1179 1173045 -1 -1 0 0 0 0 8 7 6 5 5 6 3 7 6 5 0 0 0 0 0 0
"e1b7380979b5c465" 24 7395 849 80 227 102 369 229 127 234836 163 80 199627 185 107 36 14 80 16520 231 192 4631 90 156088 1179 1173046 -1 -1 0 0 0 0 7 8 6 5 6 7 3 5 7 4 0 0 0 0 0 0
"f7965b87149bd703" 22 424 66 108 80 28 607 234893 30 962 80 199627 177001 80 10716 257 102 51 3387 44 271 3819 1179 1173047 -1 -1 0 0 0 0 7 7 7 6 5 7 3 3 6 6 0 0 0 0 0 0
"12d7e9609ff6b4c3" 26 277 19 1183 72 80 234882 49 150 915 80 199627 249 199375 7879 4 76 80 1183 4 43 61 9405 44 103 39 1179 1173048 -1 -1 0 0 0 0 9 9 8 6 6 6 3 4 6 4 0 0 0 0 0 0
"672f356faf5f3334" 27 369 153 43 369 102 80 344 386 16520 1138 509 51 13552 80 199627 425 51 304 6096 80 3723 102 51 22950 44 9878 1179 1173049 -1 -1 0 0 0 0 7 9 9 5 6 8 7 3 4 2 0 0 0 0 0 0
"54eb719c846f8350" 25 90 184 12746 60 80 2441 1956 252 51 824 80 199627 330 229 153 103 11244 304 844 20 30 1415 76 749 1179 1173050 -1 -1 0 0 0 0 8 8 9 7 6 7 2 5 2 9 0 0 0 0 0 0
"87297dfcf2e0fabd" 24 229 74 2022 80 70 30 2110 1081 83 14 80 199627 249 369 229 3553 80 16520 808 231 4631 90 544 1179 1173051 -1 -1 0 0 0 0 6 7 6 7 7 6 5 3 8 4 0 0 0 0 0 0
"3815917127ce7554" 21 184 20 1617 3273 80 1334 1617 14003 80 199627 751 102 2819 144 150 4255 31732 80 74 77684 1179 1173052 -1 -1 0 0 0 0 6 7 8 6 8 8 5 5 5 3 0 0 0 0 0 0
"614a18e157eda490" 25 4 2306 14 76 102 16520 11 245 831 6680 80 199627 249 808 16520 1110 80 185 107 36 14 90 20 42730 1179 1173053 -1 -1 0 0 0 0 7 6 6 8 6 6 6 4 4 5 0 0 0 0 0 0
"bd8fde85fd81ce74" 21 537 537 537 80 344 559 184 119 60 80 199627 12434 49 43710 525 80 184 146 942 60 1179 1173054 -1 -1 0 0 0 0 5 5 7 5 7 5 6 3 4 4 0 0 0 0 0 0
"7900360083f78f39" 22 369 153 43 369 102 80 369 153 43 369 7 80 199627 425 16520 6096 80 227 275 49 7293 1179 1173055 -1 -1 0 0 0 0 8 8 9 5 6 8 6 2 4 2 0 0 0 0 0 0
"399a44da03d1c425" 22 184 1317 42 80 249 199375 808 490 11 102 2819 80 199627 144 150 4255 31732 80 199375 146 3611 1179 1173056 -1 -1 0 0 0 0 7 7 7 6 7 7 5 5 4 4 0 0 0 0 0 0
"7ee7e286fc2c6a8b" 27 330 146 6203 80 1310 369 391 11 51 11244 5218 80 199627 249 425 16520 30 1415 80 2441 30 17565 2261 1031 369 4300 1179 1173057 -1 -1 0 0 0 0 8 8 9 6 6 7 5 4 4 9 0 0 0 0 0 0
"1a0f676e944cfe45" 21 4 20393 14 2034 102 60 391 279 80 199627 425 16520 6096 1138 80 227 275 102 550 107 1179 1173058 -1 -1 0 0 0 0 8 6 8 7 6 6 6 4 4 4 0 0 0 0 0 0
"567228c05e282db1" 26 330 70 1081 14 80 127 279 108 19 185 80 199627 249 369 22 120 60 632 14 408 1617 14003 80 74 139 1179 1173059 -1 -1 0 0 0 0 6 6 7 6 8 7 5 5 3 3 0 0 0 0 0 0
"1dd6e71bbad41819" 24 369 153 43 369 102 80 127 74 3428 44 28 706 80 199627 5358 33 19 1167 80 5358 4631 90 14043 1179 1173060 -1 -1 0 0 0 0 8 8 7 5 7 6 5 3 4 3 0 0 0 0 0 0
"04756233b5a6db37" 22 184 3002 823 80 184 782 788 621 80 199627 15724 271 908 80 2441 30 17565 2261 44 788 139 1179 1173061 -1 -1 0 0 0 0 7 6 8 8 7 6 6 4 3 5 0 0 0 0 0 0
"7f4e4e90ba49c751" 25 184 1866 96 1902 42 80 249 16520 808 3274 80 199627 12434 90 747 49 28 43710 525 80 199375 146 20 1262 1179 1173062 -1 -1 0 0 0 0 8 6 8 6 7 5 6 4 3 5 0 0 0 0 0 0
"a57f7eb3a9655534" 28 90 369 229 18 19 185 60 80 199374 127 74 3005 19 28 646 80 199627 249 808 16520 548 1138 80 6096 44 103 706 1179 1173063 -1 -1 0 0 0 0 9 6 8 4 6 5 4 5 4 4 0 0 0 0 0 0