"56bf0635c78204f7" 20 28 34 20 231 9345 49 2557 80 199627 466 30 1047 80 17885 60 49 51 4426 16208 1179 1173225 -1 -1 0 0 0 0 7 7 5 8 6 4 2 3 3 9 0 0
"c8d97a4711ab98d0" 47 398 280 1268 25 8 29 960 80 550 51 3428 80 199627 249 456 290 235104 80 5943 119 845 36 30 4275 80 199627 17 332 554 80 103 68 7984 36 20963 80 199627 184 1267 2995 549 80 707 30 1571 6612 1179 1173226 -1 -1 0 0 0 0 8 8 9 7 7 6 4 7 3 9 0 0
"33becc6efa732a74" 30 4 13 80 28 358 706 104 34135 80 249 60 229 74 3261 80 199627 154 369 404 824 178 4 80 425 550 595 90 199375 7357 1179 1173227 -1 -1 0 0 0 0 7 6 6 5 6 2 2 2 6 2 0 0
"c0b758a612e5a193" 25 1009 4 56 2174 14 80 453 14 51 71 129 80 199627 283 70 44 60 80 61 14 36 518 369 242 1179 1173228 -1 -1 0 0 0 0 5 8 7 7 8 5 8 2 9 3 0 0
"afe5cc3e25d159d8" 28 290 83 154 2505 711 80 12146 4153 44 30 2591 80 199627 249 5943 20 89 36 30 4597 102 243 16248 456 330 1096 3237 1179 1173229 -1 -1 0 0 0 0 7 5 7 6 6 6 3 5 3 8 0 0
"38b7bc1765f54f5c" 32 158 4 389 41 25 14 80 96 28 24 144 5746 90 5745 80 199627 249 11 153 199375 20 234837 3491 10022 102 661 33218 80 747 19 999 1179 1173230 -1 -1 0 0 0 0 8 9 8 6 6 3 2 8 4 2 0 0
"776b36f7b9f25351" 29 184 114 7662 271 39 102 51 6431 43616 80 453 60 3151 80 199627 192 398 283 257 80 74 511 4826 80 11 61 90 1342 1179 1173231 -1 -1 0 0 0 0 6 7 8 9 8 2 2 9 6 9 0 0
"0c6d241ef42e5764" 37 4 212 14 19 6492 80 51 1022 77 6119 6494 80 199627 249 276 590 2934 4 144 30 1051 319 77 30 2437 80 199627 456 290 390 330 9247 49 8 1829 42761 1179 1173232 -1 -1 0 0 0 0 6 6 8 5 4 4 3 7 5 8 0 0
"43f761a0620fc449" 26 757 406 150 745 80 13 30 3108 44 30 1121 80 199627 249 6 20 21647 25 61 80 6 35 36 79 4355 1179 1173233 -1 -1 0 0 0 0 4 6 7 6 7 5 4 2 8 2 0 0
"bcf54b99d218d91e" 51 1738 783 38787 80 61627 51 71 275 80 199627 249 6829 42 20436 83 103 5749 7990 80 2139 44 30 7387 80 199627 20473 158 4 7 250 80 369 127 150 24 80 6 20 4760 80 199627 859 2995 257 80 74 7 19 185 910 1179 1173234 -1 -1 0 0 0 0 7 8 6 6 7 6 3 4 3 8 0 0
"fe2d14e37ffc5be7" 51 44 28 4310 9760 80 201798 83 51 1899 1733 114 80 199627 586 60 70 44 80 227 275 509 51 2257 129 80 199627 22211 424 2103 103 76 80 369 229 127 206 36 74 3645 80 199627 11 234846 49 28 721 102 51 33 28975 1179 1173235 -1 -1 0 0 0 0 8 9 6 5 6 2 2 6 2 2 0 0
"ad4bf8dc15f941ab" 28 90 1093 2917 80 44 30 3401 80 747 19 453 8 656 80 199627 4928 4 89 44 30 34044 495 80 74 7 19 8103 1179 1173236 -1 -1 0 0 0 0 5 4 7 6 4 2 3 4 2 6 0 0
"a45d639db362ce0c" 23 1000 154 44736 7279 80 231 1784 90 4300 80 199627 42756 102 369 404 103 3412 80 74 7 19 4036 1179 1173237 -1 -1 0 0 0 0 5 6 9 6 7 7 3 2 2 2 0 0
"4bcf75fba6266613" 21 234840 52 90 12276 80 199627 102 51 1024 791 44 62679 80 199627 1267 2995 42 90 3558 60 1179 1173238 -1 -1 0 0 0 0 4 5 6 6 4 2 2 4 5 6 0 0
"6d4916bd981e6754" 38 27423 154 59268 102 550 28 5228 80 199627 49 28 915 80 352 127 14 234840 474 80 199627 70 297 4180 11 5960 2093 80 199627 249 184 4522 192 790 80 330 166 2919 1179 1173239 -1 -1 0 0 0 0 7 7 7 5 6 5 8 3 4 4 0 0
"7785ae5b93756cc6" 31 1267 283 154 10975 90 4729 80 199627 590 2919 36 4 756 30 176 80 199627 3677 1866 20 9060 80 199627 249 199375 453 561 860 146 3815 1179 1173240 -1 -1 0 0 0 0 7 6 5 6 4 4 2 2 3 3 0 0
"7f036cd4a76453a7" 35 199375 453 30 530 208 3273 80 199627 49 788 2662 369 350 90 4652 80 199627 161 235105 70 184 7 19 4522 790 80 199627 90 1183 30 39 184 146 928 1179 1173241 -1 -1 0 0 0 0 9 9 9 8 7 5 4 2 3 2 0 0
"6907b9d1c500da17" 34 3770 36 3172 2822 14 80 199627 1031 28 4333 152 19 1525 14 89 80 199627 249 199375 232 10812 90 11322 80 199627 200449 28 378 104 5277 513 8 6341 1179 1173242 -1 -1 0 0 0 0 9 7 8 7 6 5 3 2 3 2 0 0
"f1a9caf4a1b42de2" 32 330 185 550 150 151 972 80 199627 235106 391 51 722 206 723 80 199627 249 16520 808 749 80 808 235103 80 199627 90 28 5037 378 443 920 1179 1173243 -1 -1 0 0 0 0 8 7 6 6 4 6 4 4 3 5 0 0
"6476d47406777725" 35 369 216 382 42 80 352 925 14 24 80 199627 90 184 17495 70 1237 722 80 199627 30 6247 90 4306 146 632 80 199627 249 184 32 3274 90 6141 83 1179 1173244 -1 -1 0 0 0 0 7 7 7 5 5 4 4 3 5 4 0 0
"0c5ab917a1d8732f" 33 4 1267 20 89 36 30 1895 80 199627 1267 2919 36 43 4 1028 80 199627 3677 1866 20 2392 80 199627 249 199375 232 235107 7618 208011 453 4 1028 1179 1173245 -1 -1 0 0 0 0 8 8 7 8 6 5 3 5 4 6 0 0
"bc44255ff46b65cd" 34 1267 232 60 340 44 103 706 80 199627 1031 290 76 749 11907 330 20479 80 199627 249 330 11 83 154 2505 711 80 199627 184 2995 549 90 146 3571 1179 1173246 -1 -1 0 0 0 0 9 8 7 7 6 4 3 5 4 5 0 0
"fbea71a19778cda3" 36 184 83 709 6876 80 234840 102 184 44 6492 80 199627 15785 891 154 127 770 234840 1366 90 544 80 199627 184 68 53 60 36 3266 90 808 229 2173 80 13 1179 1173247 -1 -1 0 0 0 0 9 9 9 9 7 6 3 4 5 4 0 0
"e23f9a7c9c629fd5" 32 200438 517 144 30 1245 90 1402 80 199627 229 74 161 590 2934 4 144 30 1051 80 199627 249 369 127 150 24 80 11 967 19 28 4593 1179 1173248 -1 -1 0 0 0 0 8 8 5 8 6 4 6 4 6 6 0 0
"4d89c91be54caaa7" 49 25740 44 28 1895 80 201798 83 1733 80 199627 235106 391 51 108 2831 80 249 184 15405 271 29 80 199627 28 235035 25 28 319 80 352 2844 89 90 5248 80 199627 200449 807 51 2688 90 352 229 590 120 637 651 14 1179 1173249 -1 -1 0 0 0 0 7 6 7 7 5 4 3 5 5 4 0 0
"9152ba3cced9e995" 33 388 150 600 90 13 30 962 80 199627 103 2820 2214 49 5450 90 1373 80 199627 41 583 80 146 24 89 80 199627 229 590 120 154 4826 3557 1179 1173250 -1 -1 0 0 0 0 9 8 7 9 5 3 4 8 4 7 0 0
"a15dd5ba318e9112" 26 2967 2034 7718 80 550 30 235108 1082 80 199627 586 451 103 3025 102 1334 21260 83 28871 80 206 19 20473 90 5845 1179 1173251 -1 -1 0 0 0 0 8 7 6 6 6 8 6 3 4 3 0 0
"a2a23365819b90e2" 30 456 16520 231 89 90 76 80 199627 398 17522 234930 80 344 43 550 70 178 80 199627 70 184 7 104 161 1237 19 453 60 474 1179 1173252 -1 -1 0 0 0 0 9 8 7 8 6 4 4 3 5 6 0 0
"984da5a106300781" 29 1093 2917 80 1093 908 80 1409 1037 1733 199627 1738 783 38787 80 6405 146 394 199627 456 290 76 749 235109 80 2348 453 51 139 1179 1173253 -1 -1 0 0 0 0 6 6 5 5 5 4 6 4 6 4 0 0
"ccc4c8eace344211" 38 234874 1085 76 80 235110 150 151 621 199627 5047 76 80 369 6762 80 249 425 369 1267 2934 849 199627 791 44 62679 80 9914 30 1047 77 30 39 80 74 206 19 32 1179 1173254 -1 -1 0 0 0 0 6 6 6 6 5 5 5 3 7 7 0 0
"18d31a04e99e5d1f" 32 3491 10022 102 661 80 5594 5594 80 5712 90 6265 199627 29658 80 184 146 212 6265 199627 22850 102 369 404 103 3412 80 11 2348 20 51 4689 1179 1173255 -1 -1 0 0 0 0 7 7 8 6 6 8 3 2 2 3 0 0
"df216b3dbc7b116e" 38 369 127 51 409 80 1267 10975 60 76 199627 4 119 150 1146 80 2726 80 199375 212 824 77 30 4494 199627 283 70 44 60 80 460 4 28 20386 3639 80 74 5430 1179 1173256 -1 -1 0 0 0 0 6 7 8 7 6 6 6 2 5 3 0 0
"cef8f2b47ae6e751" 22 16520 231 1779 80 369 925 382 42 199627 352 1357 14 19 6492 80 475 369 114 1032 28 8107 1179 1173257 -1 -1 0 0 0 0 7 9 9 6 6 5 3 2 3 3 0 0
"dcaafebbe5a2ce78" 30 1172 212 30 6140 80 630 30 2917 804 199627 49887 80 200450 8875 199627 330 1320 178 14 70 1237 80 249 229 127 279 83 28 782 1179 1173258 -1 -1 0 0 0 0 8 9 6 6 6 8 4 2 4 2 0 0
"678b42c103b890bd" 35 290 390 330 153 80 249 330 6 2718 199627 25 10905 711 102 103 80 369 453 28 41 199627 249 297 290 808 83 154 2505 711 80 146 15505 8 3262 1179 1173259 -1 -1 0 0 0 0 6 5 7 6 5 7 7 2 3 4 0 0
"6ea6d8f012262034" 39 456 16520 231 1779 80 28 1024 817 14 474 199627 89 36 30 4597 102 51 13360 80 807 28 2203 199627 102 243 16248 80 352 255 10290 14 44 2103 80 146 44 51 2919 1179 1173260 -1 -1 0 0 0 0 8 9 8 7 7 4 2 2 9 4 0 0
"6017492000b90fc5" 38 49 150 1741 44 1745 80 859 3558 30 39 199627 1738 783 38787 80 617 1043 80 425 51 28591 199627 61 30 139 4 3757 80 859 453 60 144 30 1237 80 74 748 1179 1173261 -1 -1 0 0 0 0 9 9 8 7 8 3 2 2 8 5 0 0
"1f645dc8ea8287b1" 38 276 590 20 848 456 150 2249 629 574 199372 199627 70 184 299 7 104 161 1237 80 232 83 33924 199627 90 28 4333 80 5943 146 283 14 89 80 199375 232 83 548 1179 1173262 -1 -1 0 0 0 0 7 8 7 8 6 6 5 3 5 6 0 0
"9628c447de971c3f" 33 1000 154 5947 80 235111 44 7279 199627 83 103 5749 7990 80 859 26912 90 235112 199627 20473 158 4 421 14 80 1334 586 451 80 166 318 106 1957 199372 1173263 -1 -1 0 0 0 0 8 6 7 6 6 5 3 3 3 3 0 0
"fc640facab5583e3" 29 158 4 389 41 25 14 80 6 7 74 18347 80 11 51 40143 80 199627 18227 83 154 1733 114 44 28 4310 9760 80 13824 1179 1173264 -1 -1 0 0 0 0 6 6 5 6 5 4 3 2 3 3 0 0
"16e07bb6b51b5897" 25 158 4 299 136 910 80 369 6 12 421 60 80 199627 28 358 34135 80 43383 16777 80 74 7 36 3404 1179 1173265 -1 -1 0 0 0 0 6 7 6 4 5 3 2 2 2 2 0 0
"8f060c4a2cbaf780" 26 4 1267 11 120 60 208 80 74 8294 83 103 52452 80 199627 30449 83 30 10270 80 5375 1749 80 1503 2714 1366 1179 1173266 -1 -1 0 0 0 0 6 5 6 5 5 3 3 3 3 5 0 0
"1f59ae0881644d6c" 27 192 4 71 757 76 36 54 11003 80 6174 144 80 199627 1112 369 20 2173 80 249 369 1747 83 80 120 60 21170 1179 1173267 -1 -1 0 0 0 0 6 6 6 6 6 5 3 2 3 4 0 0
"e77eaaa434c0ab93" 26 184 30 306 10065 80 166 637 3380 80 199627 127 174 234 4880 80 249 184 146 120 2174 283 7178 80 184 152 1179 1173268 -1 -1 0 0 0 0 8 7 7 7 6 3 2 7 3 6 0 0
"ef6f19843850fd0b" 25 4 127 14 28121 474 425 80 127 279 19 185 80 199627 200449 16520 10746 102 16520 2259 80 166 4758 60 287 1179 1173269 -1 -1 0 0 0 0 5 4 6 4 4 5 2 2 3 2 0 0
"230fa4f623edf8c3" 28 44 51 1010 80 5055 1138 80 146 83 154 38047 17648 80 199627 249 369 13 4 1331 77 14 80 166 637 212 103 5032 1179 1173270 -1 -1 0 0 0 0 6 4 5 7 6 4 3 2 3 3 0 0
"82d92ae5f7093542" 27 798 484 51 35261 80 249 184 6 7 74 10534 80 199627 192 2505 150 27279 80 859 453 60 83 271 29 80 21017 1179 1173271 -1 -1 0 0 0 0 7 6 4 5 5 2 2 3 4 4 0 0
"908f1cd9ec904bec" 26 4 25240 152 19 2597 44 80 249 184 6 7 19 1623 80 199627 235110 51 226 554 3680 80 590 707 30 5664 1179 1173272 -1 -1 0 0 0 0 8 8 6 7 6 5 2 3 4 5 0 0
"e752567b3aaa2486" 31 90 30 39 104 192 9247 80 127 14 231 102 16520 1598 80 199627 192 184 283 42 283 283 283 89 80 1343 2971 80 5360 770 56467 1179 1173273 -1 -1 0 0 0 0 6 5 7 6 5 3 2 4 3 4 0 0
"535226f7bbb95e5d" 39 30 5086 55424 80 1267 3002 19 3177 80 199627 227 51 28310 275 80 249 369 229 74 28310 80 6 4 3179 80 199627 90 120 14 208 19 1209 80 453 5269 80 74 3604 1179 1173274 -1 -1 0 0 0 0 7 6 6 6 5 4 3 4 3 4 0 0
"64f9a23522fbf722" 25 330 235113 80 277 19 8380 80 1031 369 32 4058 80 199627 166 637 632 14 80 16520 227 44 28 29 8888 1179 1173275 -1 -1 0 0 0 0 6 5 7 6 5 5 4 4 3 4 0 0
"f6e4dbbea892f3a7" 32 291 80 16520 17 74 5854 80 71 153 154 369 229 74 3242 80 199627 768 4 56 1096 53 28 3385 80 200450 208 80 74 206 19 18921 1179 1173276 -1 -1 0 0 0 0 8 7 6 6 6 4 3 4 3 4 0 0
"8559b77692a7d9cd" 23 558 20 181531 102 14 80 249 330 70 11 3704 80 199627 443 824 178 30 39 90 8 14444 4129 1179 1173277 -1 -1 0 0 0 0 6 5 5 6 5 3 2 6 3 5 0 0
"a92d55b16c749f37" 25 158 4 56 11 460 14 51 972 80 7420 80 199627 14 90 4 56 742 51 499 4931 80 3273 90 294 1179 1173278 -1 -1 0 0 0 0 6 7 6 7 6 4 3 3 4 4 0 0
"1f5075fc510c2194" 25 2268 304 4 229 277 19 1002 80 4 11 12 5498 80 199627 1031 184 76 749 2135 3565 80 4037 30 526 1179 1173279 -1 -1 0 0 0 0 7 6 6 5 5 4 3 3 3 4 0 0
"d6ea28d0a4b3204a" 26 158 4 112 61 14 80 58 120 150 2203 4522 80 199627 6 232 14 7399 80 120 14 20 1331 80 6 19640 1179 1173280 -1 -1 0 0 0 0 6 5 5 6 5 5 4 6 7 7 0 0
"6b73561cdc9f04b0" 27 4 114 1320 70 621 90 15925 150 7565 80 199627 249 456 60 2287 89 19 60 80 150 5216 566 808 476 90 9247 1179 1173281 -1 -1 0 0 0 0 6 5 5 6 6 3 2 2 2 3 0 0
"0489a5e4c71d7bec" 31 16520 51 1229 12377 80 255 10716 1138 80 199627 5931 513 30 1237 456 173 24108 28 14652 80 199627 330 12 4280 14 80 249 199375 146 7863 1179 1173282 -1 -1 0 0 0 0 8 7 7 6 5 5 3 2 3 4 0 0
"75dd2462fae9669a" 32 30 7786 166 20 890 80 74 1539 559 823 184 152 80 199627 844 60 836 4 19 53 1174 1183 51 9558 77 3639 80 11 51 783 3757 199372 1173283 -1 -1 0 0 0 0 4 5 5 4 4 4 3 6 4 6 0 0
"fa078acbde320e89" 31 6886 42 1156 79 3407 80 369 391 146 1730 19 4456 80 199627 477 119 2972 80 249 369 808 283 10174 102 51 14544 13360 80 1418 506 1179 1173284 -1 -1 0 0 0 0 6 5 6 5 4 3 3 3 4 5 0 0
"14cc8603aadd317e" 36 229 637 56 119 43 369 404 80 330 114 152 249 5943 146 3603 80 199627 1267 1629 76 36 30 23064 80 5943 152 19 1525 14 89 80 249 369 22 5596 1179 1173285 -1 -1 0 0 0 0 7 8 7 5 6 9 5 4 3 5 0 0
"521ab7e3d164248e" 30 4 127 245 88228 11160 80 114 4 5825 60 83 28 5061 8475 199372 199627 184 484 50 51 108 1146 80 249 425 16520 231 70 172 1179 1173286 -1 -1 0 0 0 0 6 7 7 5 6 5 3 2 7 4 0 0
"ab31fed252dc8a7c" 30 16520 1418 2762 80 108 80 249 369 153 398 590 152 19 1525 14 89 80 199627 1267 32 3274 80 232 3846 80 1267 457 28 5228 1179 1173287 -1 -1 0 0 0 0 7 8 7 6 6 5 3 5 5 4 0 0
"7079c55e528ac2df" 39 166 212 74 511 77 103 80 28 2091 232 33924 80 166 283 1841 30 2602 80 199627 249 1767 408 4439 80 127 154 37300 3487 80 369 185 74 139 80 369 166 20 14376 1179 1173288 -1 -1 0 0 0 0 7 9 8 6 7 7 5 4 6 5 0 0
"6af2ee1a5111af3c" 30 9358 103 9896 6398 80 153 154 16520 17 11 709 3887 80 199627 297 17 74 78199 80 297 566 3274 1693 80 184 83 30 1299 782 1179 1173289 -1 -1 0 0 0 0 7 8 8 6 7 9 9 3 7 4 0 0
"2a8462906e150291" 37 166 208 24 80 166 8698 66 33 80 199627 1080 14 80 21875 997 2060 997 2060 997 369 997 666 997 19212 997 19212 80 13183 56501 229 74 9423 1089 4 90 14 1179 1173290 -1 -1 0 0 0 0 6 6 6 5 6 5 3 3 7 3 0 0
"dc0fd4d82427deb8" 48 369 1267 212 824 77 28 13930 80 28 1172 80 199627 106 102 369 127 3355 44 28 517 80 74 235114 80 199627 90 4 378 255 20 28 161 90 443 80 199627 30 443 161 199375 1895 36 80 222 36 80 51482 1179 1173291 -1 -1 0 0 0 0 8 8 7 6 9 6 5 4 9 7 0 0
"f6f5d45aafe40e30" 41 398 255 1786 154 369 558 656 83 80 199627 283 12932 250 80 19 707 297 4100 80 199627 249 199374 2369 527 80 369 153 43 369 7 80 199627 199375 4758 103 1167 80 212 520 16967 1179 1173292 -1 -1 0 0 0 0 6 5 6 6 4 5 4 4 5 8 0 0
"2e7174b486173941" 45 541 787 13699 80 891 35 1050 80 199627 249 369 102 60 456 4 1015 14 19 232 44 2346 80 780 80 199627 199375 453 561 184 146 942 271 3158 4314 80 199627 285 279 6843 1274 80 344 74 38688 1179 1173293 -1 -1 0 0 0 0 7 7 6 7 7 6 5 3 6 4 0 0
"4857f12503097ca4" 43 443 161 518 114 481 28 34 53 6881 80 199627 11 102 30 57683 80 235115 70 4 7 80 199627 6 7 19 757 1105 30 1415 80 199627 49 4 25 28 319 80 234833 11 161 476 3636 1179 1173294 -1 -1 0 0 0 0 6 7 8 7 6 5 8 4 9 3 0 0
"64a645afa94a0786" 42 563 238 16520 270 30 1372 80 199627 127 19 119 60 36 30 1981 369 1018 80 199627 249 74 358 2603 80 1267 32 72 25039 80 199627 232 60 2757 80 11 102 28 646 80 30418 4611 1179 1173295 -1 -1 0 0 0 0 7 6 6 5 6 7 3 6 4 4 0 0
"d61348b9c7fc2f7a" 42 6 7 279 1499 80 11 967 19 30 1697 80 199627 550 5075 30 5047 1151 1691 1478 80 199627 90 456 891 283 9247 80 11 152 102396 80 199627 120 30 21836 212 4 83 51 26444 1895 1179 1173296 -1 -1 0 0 0 0 6 6 8 7 5 5 7 4 4 6 0 0
"86c0693be0ff3dad" 51 386 119 184 120 603 160238 770 80 520 271 4097 90 4485 80 199627 184 1267 41 3274 257 80 74 1883 36 8952 80 199627 518 2098 80 229 590 436 8 811 74 511 80 199627 859 2995 549 80 1183 603 43 1334 112 492 36 1179 1173297 -1 -1 0 0 0 0 7 9 7 8 6 5 5 8 5 8 0 0
"39ffb8dfd57139de" 49 174 2780 19 208 24 425 80 166 59579 28 4672 80 199627 249 199375 453 30 526 77 103 9896 6398 80 74 4541 80 199627 297 4083 378 6997 80 249 199375 146 278 80 199627 369 1028 44 1326 90 344 70 16520 590 120 1179 1173298 -1 -1 0 0 0 0 6 6 7 7 6 8 9 3 6 4 0 0
"ee7cb9909ad6d849" 49 1267 212 824 77 28 3387 80 369 61 28 1214 80 199627 90 798 146 120 14 5640 44 2972 80 74 30124 80 199627 255 1691 14 83 2662 80 1590 83 28 782 80 199627 492 14 3179 16520 71 72 252 54 1529 8888 1179 1173299 -1 -1 0 0 0 0 7 8 7 6 8 5 4 4 5 6 0 0
"af10c0cdee304862" 55 25928 80 25928 80 3856 25 3856 80 2967 25 2967 80 199627 398 185 369 558 656 83 80 481 28 2602 19 2644 80 199627 249 199374 2369 60 70 223 80 90 369 153 1766 891 212 206 80 199627 192 199375 232 3846 1619 80 1503 70 30 4180 804 1179 1173300 -1 -1 0 0 0 0 7 6 7 6 7 6 3 4 6 4 0 0
"a8c32d90d0ca0106" 55 166 232 28 10708 44 161 2127 80 255 1267 232 1618 80 199627 398 590 152 19 1525 14 89 80 249 199375 232 24357 80 199627 798 408 4439 80 249 798 835 475 16520 408 80 199627 859 453 60 476 80 212 451 30 706 80 74 7 19 855 1179 1173301 -1 -1 0 0 0 0 8 7 8 7 8 6 2 3 2 2 0 0
"f30fa2fcc4eb619d" 67 369 153 173 5210 90 70 80 249 56 4 2952 14 245 34 80 199627 844 60 836 4 11 19 2432 51 783 784 77 3639 28 139 80 11 36 51 3920 206 199372 199627 456 369 484 60 70 80 4 996 3666 19 20 956 80 199627 425 4 251 51 463 77 14 80 249 16520 596 270 554 3343 1179 1173302 -1 -1 0 0 0 0 5 8 6 6 5 7 2 2 4 3 0 0
"0b9969262fbf1c31" 15 184 127 154 3158 8208 80 199627 229 74 9423 80 11 6119 3351 1179 1173303 -1 -1 0 0 0 0 9 8 10 7 7 7 6 3 6 3 0 0
"f61ae16eee711b0b" 16 369 12 1183 4 541 80 199627 330 185 154 1618 83 104 30 2343 1179 1173304 -1 -1 0 0 0 0 7 8 9 6 5 8 5 5 7 4 0 0
"8e19f897a38814c4" 23 463 25 463 80 184 1643 271 9382 80 199627 425 16520 231 102 51 76085 1010 80 1617 2370 90 2370 1179 1173305 -1 -1 0 0 0 0 9 7 8 6 6 6 4 5 7 4 0 0
"6e00073538f6a0de" 24 1334 1043 44 103 3445 80 166 20 956 80 199627 102 369 127 3355 44 28 1741 80 249 74 139 76 1179 1173306 -1 -1 0 0 0 0 6 5 4 3 4 4 4 6 4 5 0 0
"f9d462f0354a761a" 22 51 783 307 146 651 637 80 199627 184 484 50 51 108 206 80 330 166 212 154 408 14 1179 1173307 -1 -1 0 0 0 0 5 5 4 6 3 6 5 4 5 6 0 0
"25d6b6015ed3f677" 20 16520 1618 1619 80 166 757 24 425 80 199627 114 4 2718 80 74 139 19 59579 559 1179 1173308 -1 -1 0 0 0 0 7 6 7 6 6 6 3 4 5 4 0 0
"06b46f1f9dbfaefd" 21 30 1535 566 6977 44 30 1775 80 199627 4 484 60 848 80 249 425 550 2157 49 6881 1179 1173309 -1 -1 0 0 0 0 6 6 6 5 5 6 4 6 5 6 0 0
"fb464859c5ecee32" 26 369 153 369 136 16520 1056 83 28 29 80 199627 249 4 114 629 90 481 28 34 53 6881 80 6881 28 1819 1179 1173310 -1 -1 0 0 0 0 6 7 6 6 4 7 2 4 5 4 0 0
"36cee2e907df0c78" 24 386 119 184 255 436 30 8563 1705 80 199627 2762 108 80 249 518 184 277 19 5854 80 2659 60 823 199372 1173311 -1 -1 0 0 0 0 7 8 6 6 7 6 4 8 7 8 0 0
"457ec7dad98dd444" 26 6 120 603 7725 150 4522 80 232 60 790 80 199627 1267 1629 76 36 54 12259 44 30 3344 80 747 19 8882 1179 1173312 -1 -1 0 0 0 0 8 7 9 6 6 6 3 6 7 5 0 0
"ddbf30c791ba1bab" 22 330 114 4166 80 249 114 146 19067 80 199627 398 590 152 80 249 5943 146 153 43 184 40 1179 1173313 -1 -1 0 0 0 0 9 10 10 7 7 5 3 5 7 6 0 0
"00c79f906a75e3ad" 22 1267 1183 61 19 70 28 1895 768 547 80 199627 4 127 154 8952 3351 80 127 14 231 34837 1179 1173314 -1 -1 0 0 0 0 8 6 7 6 5 8 6 7 8 7 0 0
"e883f0c5822a7aca" 23 1334 7296 408 30 780 80 279 19 1058 770 80 199627 425 28 2091 232 33924 83 103 1895 19 1886 1179 1173315 -1 -1 0 0 0 0 2 5 7 4 3 3 6 8 4 7 0 0
"e86cf49ed9cd20a7" 39 114 4 2718 43 199374 68 144 199372 80 199627 550 102 369 127 3355 44 788 2344 80 1267 2919 60 33 80 199627 277 17 19 3610 80 1267 32 771 80 192 369 152 102396 1179 1173316 -1 -1 0 0 0 0 7 9 6 4 6 8 3 5 3 5 0 0
"422d75fe1cb47295" 33 456 184 996 321 80 184 996 192 44 61 80 199627 11 102 60 391 80 74 1747 768 8190 80 199627 249 425 550 70 6333 80 11 51 7883 1179 1173317 -1 -1 0 0 0 0 8 7 6 5 4 6 4 3 8 4 0 0
"dfa731093a8c65f3" 21 74 358 2603 80 369 229 8077 42 80 199627 1267 32 1590 80 11 401 80 6 460 42 1179 1173318 -1 -1 0 0 0 0 5 3 8 7 6 4 3 3 3 5 0 0
"402f880eb55d9abd" 18 28 6824 104 791 80 229 74 5325 80 199627 456 4 234992 80 550 51 6423 1179 1173319 -1 -1 0 0 0 0 9 9 9 7 9 9 8 6 5 5 0 0
"67c96e8a13540f2d" 25 158 4 114 212 24 70 30 1818 154 996 136 80 199627 844 154 2174 30 2602 768 30 5245 44 150 1964 199372 1173320 -1 -1 0 0 0 0 9 9 8 7 6 6 4 3 4 7 0 0
"a6afc62283f683ed" 20 1156 30 1160 80 184 484 50 8208 80 199627 249 798 408 4439 80 90 16520 51 14052 1179 1173321 -1 -1 0 0 0 0 7 6 7 4 5 6 4 4 3 3 0 0
"9135f7cd2a7bb657" 35 90 199375 1002 318 559 19 453 60 44 103 706 80 199627 1080 14 80 28 5037 74 161 114 16619 80 199627 297 17 74 78199 80 184 6021 80 184 5084 1179 1173322 -1 -1 0 0 0 0 8 9 9 8 9 9 5 7 5 5 0 0
"9487f06c91847aa5" 20 28 1890 136 1334 11 709 7632 80 199627 1009 1767 474 80 1009 859 11 20 51 16926 1179 1173323 -1 -1 0 0 0 0 4 3 5 3 3 3 2 2 4 2 0 0
"64d986790009b610" 31 90 767 102 4 12 119 474 80 199627 28 6824 104 791 80 4 61 19 967 19 28 515 80 199627 586 51 41 735 70 344 1262 1179 1173324 -1 -1 0 0 0 0 8 8 9 7 7 8 4 5 4 5 0 0
"a014858e0d16a2c5" 24 158 4 855 42 83 154 711 2098 80 860 283 216 80 199627 11 7357 60 80 6 152 19 767 34135 1179 1173325 -1 -1 0 0 0 0 7 5 8 7 6 6 4 4 4 6 0 0
"110a4db742dd7488" 45 3809 80 16520 6921 36 30 31 80 199627 456 369 166 629 80 369 106 102 369 215 4554 80 199627 249 158 4 114 212 24 70 30 3852 2167 1043 80 199627 1009 184 114 780 451 80 74 512 6918 1179 1173326 -1 -1 0 0 0 0 9 8 8 6 7 6 4 3 4 6 0 0
"eafafab8c9bbacea" 34 4 391 1056 80 60 391 70 108 80 199627 425 4 12 767 102 4 1348 30 1772 80 199627 94938 80 369 13 144 150 6400 80 4 11 51 20826 1179 1173327 -1 -1 0 0 0 0 5 4 6 4 5 3 3 4 3 4 0 0
"c282f062b195f67b" 23 59 20 1588 80 158 4 11 1598 19 161 80 199627 51 3968 19 79 2688 80 74 7 19 855 1179 1173328 -1 -1 0 0 0 0 5 5 7 6 5 3 3 4 8 5 0 0
"3c2cd09113df299e" 23 537 80 94938 80 369 153 369 2951 42 80 199627 249 2358 80 1024 80 212 14 24 866 150 61 1179 1173329 -1 -1 0 0 0 0 6 6 7 5 6 4 3 4 9 4 0 0
"2f78fbab9d8cef43" 19 4 232 1786 154 4 51 3282 80 199627 249 70 369 421 104 51 16616 80 59627 1179 1173330 -1 -1 0 0 0 0 4 6 8 4 6 9 3 1 2 1 0 0
"2d28de2c699aa621" 29 4 153 173 174 108 36 103 80 4 114 119 511 80 199627 120 14 421 4 460 60 150 70 80 176495 80 344 36 561 1179 1173331 -1 -1 0 0 0 0 8 9 9 7 7 9 3 2 5 3 0 0
"d33efa961bfb5220" 23 369 391 2135 563 11356 456 60 1698 235116 80 199627 249 425 16520 2669 12976 90 747 19 232 83 235117 1179 1173332 -1 -1 0 0 0 0 3 5 6 5 5 6 2 1 3 2 0 0
"693cacb9d3d58a3d" 25 4 390 16520 1841 28 13415 80 249 16520 808 6996 80 199627 424 111868 80 184 590 1183 1957 559 184 32 9538 1179 1173333 -1 -1 0 0 0 0 7 6 8 6 6 8 4 3 4 3 0 0
"d5555f345238c0cd" 31 16520 24 83 28 782 80 229 234965 74 206 19 21667 80 199627 352 102 30 139 369 4758 4623 80 43710 7521 525 80 161 77 51 960 1179 1173334 -1 -1 0 0 0 0 8 7 8 6 7 8 4 3 3 3 0 0
"2cda9b33bdb61559" 28 386 4 14845 49 28 206 80 4 153 550 5120 80 199627 90 28 3577 146 563 360 14 53 28 634 80 344 2951 42 1179 1173335 -1 -1 0 0 0 0 4 6 7 6 5 8 2 2 3 2 0 0
"a67aeb52d43dcc03" 32 369 32 348 83 28 9487 80 74 7 19 208 1491 80 199627 200449 330 127 4426 90 6369 80 330 1348 369 391 64 24 19 32 90 1895 1179 1173336 -1 -1 0 0 0 0 7 5 6 5 6 6 2 1 3 2 0 0
"99ab611678b7a7e4" 34 537 80 1209 154 1146 80 6 638 24 80 119 150 1146 80 199627 90 36 30 4607 80 74 369 229 16440 768 586 51 707 80 11 120 14 879 1179 1173337 -1 -1 0 0 0 0 9 9 9 7 6 9 3 2 3 3 0 0
"6638fa50e07365fe" 26 369 353 72 49 51 3889 1003 80 425 16520 83 31 80 199627 7765 114 20 234966 139 77 5993 770 408 30 350 1179 1173338 -1 -1 0 0 0 0 5 4 6 4 5 5 2 3 4 3 0 0
"618f7cddd4a2c924" 34 192 6424 14 19 4585 150 4873 80 550 206 19 21667 80 199627 4 96 956 88 80 30 161 1151 68 1564 36 80 815 102 14 104 823 19 27 1179 1173339 -1 -1 0 0 0 0 8 7 8 6 6 7 3 5 4 4 0 0
"3251489c8f4b5050" 31 119 369 128 102 16520 16440 80 2647 80 16520 11 2383 28 34 80 199627 90 28 3577 146 563 360 14 4522 80 344 386 807 255 804 1179 1173340 -1 -1 0 0 0 0 5 6 7 5 5 8 2 3 3 2 0 0
"8e149be737fccc2e" 35 815 102 14 104 823 19 27 80 330 11 6 453 1957 102 103 74 511 80 199627 249 330 127 4426 90 6369 80 330 996 174 1590 83 4018 30 15699 1179 1173341 -1 -1 0 0 0 0 6 5 6 5 6 5 3 1 3 3 0 0
"4cb08bd74e75b4bf" 28 6 12 2364 709 4625 83 4 80 199627 386 4 255 1267 2364 28 206 199372 199627 4 390 173 9247 49 150 43710 7521 525 1179 1173342 -1 -1 0 0 0 0 7 4 6 5 5 6 3 2 2 2 0 0
"e762b3773d23602b" 26 184 11 245 364 1664 80 2990 44 103 16252 3101 80 199627 1598 415 80 2042 53 25497 80 2018 44 51 20612 3477 1179 1173343 -1 -1 0 0 0 0 4 6 5 4 5 6 3 6 6 6 0 0
"10e436716b4000e1" 29 1209 154 2267 80 656 150 11199 80 208 83 90 1183 72 80 199627 249 34179 1525 4 89 51 38886 80 4585 150 4873 80 17479 1179 1173344 -1 -1 0 0 0 0 6 8 7 6 7 6 3 2 3 2 0 0
"4399a673a65b2fa0" 39 16520 24 53 60 80 15044 80 10027 823 788 621 80 199627 353 49 51 3889 1003 80 425 199374 492 28 139 1179 199627 4 1310 4 956 88 80 249 4 22 13 88 287 1179 1173345 -1 -1 0 0 0 0 8 7 8 5 7 6 4 2 3 2 0 0
"38934376132d4a11" 34 6 212 60 1528 80 456 4 283 7178 80 199627 550 11 234966 139 77 5993 80 16363 1179 199627 249 199375 255 629 24 80 16520 749 19 32 80 70866 1179 1173346 -1 -1 0 0 0 0 7 7 8 6 7 6 5 8 7 7 0 0
"56d0427c31819d4a" 22 119 369 128 61550 80 4037 36 1597 199372 199627 966 280 4426 80 6369 80 4017 330 153 192 3671 1179 1173347 -1 -1 0 0 0 0 6 5 7 7 6 7 2 8 5 8 0 0
"74982e7aaef7933f" 38 16520 161 77 51 960 80 823 19 27 44 103 39 80 199627 249 352 4493 30 139 369 453 382 106 80 9487 915 1179 199627 859 11 32 415 80 120 30 4790 83880 1179 1173348 -1 -1 0 0 0 0 9 9 6 6 6 8 3 2 6 4 0 0
"f4ebabcc2a656705" 38 6 12 436 297 811 49 4 74 511 80 199627 353 408 30 2466 80 49 51 3889 1003 80 561 1179 199627 425 4 390 173 9247 49 150 43710 7521 525 80 51 18793 1179 1173349 -1 -1 0 0 0 0 8 7 8 6 7 5 6 3 4 3 0 0
"960c6a30e66192c9" 24 656 150 3012 80 915 80 1209 154 1146 80 199627 1031 16520 24 83 28 782 80 709 621 80 709 43169 1179 1173350 -1 -1 0 0 0 0 8 9 8 5 6 7 2 2 4 2 0 0
"4cea5bec5d7e5b52" 30 386 4 1267 4633 49 28 1964 199372 436 297 811 49 28 206 199372 199627 4 1310 4 956 88 80 249 798 22 460 4 51 3887 1179 1173351 -1 -1 0 0 0 0 7 8 7 4 6 5 6 7 6 7 0 0
"10f78522d6a89862" 36 184 1866 11 20 51 2500 77 510 24532 80 199627 249 7765 114 20 51 4840 80 234966 8255 36 770 1179 199627 859 232 64 24 80 19 103 275 80 184 35219 1179 1173352 -1 -1 0 0 0 0 6 6 6 7 7 6 5 8 6 6 0 0
"33c7f0aff938260d" 33 119 369 128 102 16520 3468 80 166 1679 28 3752 199372 199627 249 352 4493 30 139 369 656 80 28 5174 80 43 114 369 185 80 369 944 5634 1179 1173353 -1 -1 0 0 0 0 7 8 9 6 6 7 3 2 6 4 0 0
"3a5e1dfafc4a63ed" 40 120 14 1525 4 89 51 38886 80 4585 154 4873 80 199627 127 51 3577 749 518 229 146 360 14 223 80 199627 249 4 232 44264 54 43710 7521 525 80 74 3455 80 74 10732 1179 1173354 -1 -1 0 0 0 0 7 5 5 6 6 5 6 3 4 3 0 0
"cabebf0f54713d4c" 23 369 6 12 460 4 97 511 3639 80 199627 11 208 1630 90 1209 154 2752 80 74 7 36 8941 1179 1173355 -1 -1 0 0 0 0 5 4 5 5 5 5 5 2 3 4 0 0
"31b5f3cb13f5a067" 22 119 369 128 102 16520 11592 80 166 3756 80 199627 369 6 12 2565 49 4 964 80 11 630 1179 1173356 -1 -1 0 0 0 0 4 5 4 4 4 4 4 2 3 4 0 0
"81935d58edf8f589" 26 16520 24 44 30 706 80 15044 70 30 206 80 199627 120 14 1525 4 24 89 19 1389 80 4585 150 7986 3484 1179 1173357 -1 -1 0 0 0 0 6 7 7 5 6 5 5 3 4 3 0 0
"25007fcbed89901d" 24 5843 60 80 656 60 80 120 14 13 4 1394 80 199627 386 566 4 3836 28 206 49 103 58809 4931 199372 1173358 -1 -1 0 0 0 0 6 7 8 4 5 5 3 2 3 2 0 0
"8ac93ddf7a7eefa1" 23 352 816 28 5174 80 28 490 80 28 5002 80 199627 330 127 4029 90 6369 80 425 330 70 1678 1179 1173359 -1 -1 0 0 0 0 9 8 7 5 6 4 2 2 6 5 0 0
"8f8fa00ba2461f58" 30 184 366 42 174 2012 80 9163 49 823 43583 80 199627 353 72 49 51 3889 80 425 1334 2441 60 476 80 1503 271 1841 44 9886 1179 1173360 -1 -1 0 0 0 0 8 7 8 6 8 6 3 4 6 5 0 0
"7ca4d39dea3caa4b" 37 17 2253 19 629 1610 815 102 14 80 199627 192 6 152 19 638 14 89 80 120 14 20 544 80 199627 807 1937 19 28 3351 80 28 2203 80 166 4 13 199372 1173361 -1 -1 0 0 0 0 7 7 7 5 8 9 7 4 7 6 0 0
"7750e2aa2b849e05" 23 632 2659 811 80 3836 28 5120 206 80 199627 330 11 254 19 1895 28 3172 80 4018 60 929 1745 1179 1173362 -1 -1 0 0 0 0 8 8 9 7 8 5 2 4 4 3 0 0
"f0a6a600d2e07e4f" 28 120 14 1525 4 24 19 1325 80 2975 150 3799 80 199627 6 7 19 4488 49 14444 25497 80 11 32 348 90 20 3114 1179 1173363 -1 -1 0 0 0 0 6 7 6 6 8 6 4 4 6 5 0 0
"e2a6ccc9c9f0df3e" 43 656 154 3012 80 1183 14 43 4 127 80 199627 74 7 19 2364 28 206 49 4 80 199375 11 120 4 4552 80 199627 28 3577 146 974 103 319 77 14 80 249 425 16520 749 83 31 1179 1173364 -1 -1 0 0 0 0 8 9 9 7 7 6 7 6 6 4 0 0
"c4a8a4aefa554ce0" 23 166 4 421 14 4037 19 3756 80 16520 11592 80 199627 6 12 2565 49 4 90 150 1373 344 11592 1179 1173365 -1 -1 0 0 0 0 7 7 8 6 8 5 6 7 4 6 0 0
"f9f94272f527f8d9" 40 184 146 366 42 80 227 275 102 1334 510 80 199627 24 53 60 253 80 15044 823 80 271 3351 75852 80 199627 352 816 28 5174 80 28 490 80 28 5002 80 166 3380 60 1179 1173366 -1 -1 0 0 0 0 9 9 9 6 8 8 6 4 7 5 0 0
"fcbb450d2286068b" 25 6 283 174 3694 80 60 215 70 11 35 1050 80 199627 7765 114 20 51 4840 44 6398 80 51 554 780 1179 1173367 -1 -1 0 0 0 0 6 6 5 4 8 5 6 5 5 7 0 0
"99df669759dd85b4" 24 537 1209 154 1146 80 453 60 879 80 199627 49 28 43710 7521 525 80 199375 453 4 106 102 51 4044 1179 1173368 -1 -1 0 0 0 0 7 8 8 6 7 5 5 4 6 5 0 0
"50bec3ad4e98e13d" 67 386 4 4341 49 28 206 80 4 153 369 229 590 592 1274 80 199627 352 102 30 139 369 10732 80 239 369 2139 382 44 30 1605 80 146 185 146 80 199627 90 28 3577 518 146 360 14 80 425 352 12 20 28 9553 80 199627 249 369 146 892 637 80 11 28 1180 90 28 29 1330 139 1179 1173369 -1 -1 0 0 0 0 9 9 9 7 7 6 5 5 5 4 0 0