"6ad67b09c629593b" 68780 74877
"4d01a9d802a20504" 120327 66514 131778
"de4b31f8e6c3781b" 81933 60823
"1227a7fc2c5630e1" 145923 13314 93763
"c609c3d43a957222" 166282 101501
"562de65929c4a43c" 167246 36091 151967
"33a8e263ee26959f" 62499 146495
"ed3b30eb9ae4994a" 79978 87695
"96a7f10f02e51942" 170013 38467
"16a2bcb72c4aca0d" 144797 143979 113988
"d576139f665ddcaf" 61036 178036
"eb39b9fb81f35f4f" 44942 29462 119449
"fb701703a4b89459" 55784 174986
"7b1ac90546099551" 51586 176176
"627d6b25658ef574" 62516 170517
"4d359c4b245d8223" 179649 136199 153863
"2913bed0c1edc017" 134454 121575
"883fb25dfb1cca82" 170634 119449
"cd088e6bd9b63652" 65299 68726 170634
"e07e084507349e19" 112495 123710
"a779c952f8f84774" 126131 81933 170013
"87d064e4a2f7b45f" 118323 166282 13314
"ce10b325f96d6b38" 55784 65299 113988
"7fcd510182425e58" 65299 123710 101501
"e33e8b09c629593b" 68780 170517
"29f830c2593a6df2" 80476 74877 178036
"5ca1d022ba370f07" 120327 134454 151967
"08d0a4258bedd175" 174986 131778 93763
"130c426de340633b" 179649 79978 144797
"9359ae286ea0b9ac" 123710 121575 153863
"68da80dc9e231ca8" 145923 176176 66514
"9336416d54ff249a" 68726 146495 60823
"298277971949c604" 66514 36091
"58122e3f96f2681e" 136199 62499 29462
"e4001e26d0f55d79" 167246 143979
"c4bd91c520594379" 170517 44942
"f83b9ce7f381fc8c" 36091 93763 61036
"e2ef6e18530c6667" 170013 38467 119449
"8c036be8bc810ff7" 144797 151967 153863
"3285bd7c87864ebf" 143979 29462 119449
"27069455cce68735" 61036 151967 170634
"52180e336453832b" 167246 13314 113988
"7d7e0e6b03cb93bb" 74877 176176 119449
"7e55abb752b16cc8" 136199 79978 170013
"ae33358f88e9cd6d" 62516 134454 87695
"874169b9e506e057" 51586 120327 131778
"351ee7ba8c5de67b" 112495 68780 136199
"45e08f6ca6ed63b2" 126131 55784 162328
"3a91b4c45600c780" 12615 65499
"8d8b7395c2016ca1" 55946 107542 181335
"358f980ef1120fe8" 94981 122490 108299
"c0f3457c0a31c068" 135393 65499 23899
"e3c2d87f681fa1ad" 29164 61141
"2dda561eaa02e779" 108290 138443
"33b52c4d2aaadeeb" 183005 109020 176089
"c89b6b0de509fd02" 98769 98882
"b867aafc01ee65cb" 54268 178924 183914
"02b52f5dae2f21c5" 50499 59020
"d8279df4d491193d" 66884 95148
"d9433712b18eeb1a" 34106 171198
"d8397327a035974f" 88408 64929 162111
"728ce95ab89be713" 39704 53625 114209
"7ba010571d03eac1" 99818 24040
"0f89b736b3bb8087" 138824 95363 167480
"2443b527082acaf6" 18120 22701
"f4c24d9821860109" 827 135985 20310
"9b342ef1d8aeec28" 117485 148735 138824
"532f7ce788b23a6c" 64929 23899
"97529ef9762f2ceb" 88408 98882 171198
"c2c1146f56d575c8" 24040 178924 162111
"193471259e968869" 22701 108290 53625
"2160f90e4b7e796a" 183005 39704 95148
"a7b44f41539b28f3" 181335 167480 99818
"f81997197ff0e75f" 108299 183914 114209
"4818cde8b8b9188a" 92578 55946 12615
"3b40126a0f193383" 122490 59020 66884
"bd6974ce65091428" 94981 117485
"c15e6e40a9ccb3ae" 109020 95363
"fa066b0de509fd02" 98769 76133
"524bd3e0feefaa0e" 65499 176089
"9bc285a908b25082" 61141 827
"fc06b527082acaf6" 18120 34106
"0200016d8823548e" 54268 138443 29164
"2688545f773e7a3e" 107542 135985 20310
"620275789f492100" 98196 54268 183005
"53d9ed9ffcd95ff0" 148735 135393 24040
"b8925e18d45297fc" 99818
"6b7ba5a908b25082" 61141 167480
"9b38cc5d2734b68c" 827 53625 39704
"9f3ecc7a355bc5fa" 22701 95363
"c1208df4d491193d" 66884 827
"0c5619a96bbe6a97" 95363 178924
"d7d45e18d45297fc" 109020
"029a301780ca9b91" 59020 23899 59020
"1de529906622fada" 17962 66084 128890
"9ba23337b8504836" 52314 83959 79675
"871ffa37127204bf" 84471 71336 162712
"194edeedda737f7a" 51761 11675 41552
"f9df2c0e68f5d6d2" 125912 187450
"58c0090bcb152f30" 61573 120637 61718
"77037e4789ed1829" 127732 185254
"11fd7dddc7b64f91" 84259 29
"38f6bea982594126" 46143 179276 8647
"6450feedcb856158" 105507 12114
"39e93433c0999f6b" 35633 185705
"992808fa6e2a5fec" 13135 156448 46473
"eb03802e4a60327e" 167250 22397 116282
"3202457ee8d501cc" 164747 153105 26874
"3ed5d5080d4da535" 5423 173907
"911586b0f0f7f9dd" 130675 51477
"c866ea05390e5ad9" 188321 120754
"2b4383c12b30151b" 58546 38983 183052
"402876138b966eb0" 20970 26964 135037
"eec703fc7bef85a8" 38983 92198
"e01257202ac4618e" 46425 6620
"ddddbf7c3cf0829e" 124004 98908
"3e876dc173d26526" 39965 17563 116950
"dbf191086dead42b" 105612 53300
"d266d86a0cbf9d3b" 130700 183052 172892
"745fbcd88084a0cf" 162202 72840
"feda17db95caa319" 98928 86226
"1f7ac81d30a85e60" 115037 121739
"71012c6b40b95af3" 106163 115710 13629
"21dc642218bbed7f" 178277 72794 58122
"041c0bcb1057cd41" 174370 150681
"9657f1dfaf902140" 77584 125996
"e2500058cb6fad6c" 170990 168235
"7248019ceb7403cc" 141264 116555 124031
"3237709910984978" 143587 30418 134357
"17632ec1d1655fb7" 65418 111746
"ced785e8523e7eea" 22632 5431
"df1dc728c7ce4d3a" 124083 6620 115037
"a552e1dfaf902140" 77584 39965
"5d8e1fe2b8880f43" 116950 58122
"19c712feb7e983db" 121739 174370 116555
"281a38cb470368b0" 98908 53300 46425
"13e32d685ef232b8" 86226 162202
"a48e7f998b73a23b" 178277 106163 135037
"ef6596afce58cf18" 5431 72794 26964
"7c268bdad588ddfa" 20970 105612 22632
"ec8aa624115aa804" 150681 172892
"51ae1ec1d1655fb7" 65418 92198
"4e85f1c61b15a8a7" 125996 134357 115710
"880366b6e011b1ae" 183052 124031
"a56181a92c9eea94" 71280 13629
"ca2f7268e0de36b5" 38983 58122 111746
"aa80b2ed08684e1f" 30418 124004 168235
"4e1c5b9c12b29256" 98928 141264 17563
"ea633fe2b8880f43" 116950 143587
"ec1bd35e338f3c56" 170990 46425 174370
"2ef3830716a545cd" 17107 121739 124031
"fc6c9624115aa804" 150681 115037
"38aa522bb933d2ee" 92198 22632 172892
"cb7842200d88a5b8" 174370 26964 13629
"d08fbf7c3cf0829e" 124004 105612
"2a6ee84e7f014308" 6620 162202 116555
"93bdc5ec6dc7482b" 124083 72794 106163
"ed896d862ea18a5d" 178277 77584
"a09a76e8bd1efb34" 67519 84566 188108
"97eb2118785d8339" 8990 88139 133203
"074689fd451ed3a8" 148361 112846
"eb5439f2bd713524" 147447 1737 108017
"ea0e960d2c7791cf" 47768 135049
"87307e163e575ad5" 133203 115476
"689ceb0b7635ca09" 177036 8990 88139
"5bb5557a46f8347f" 28524 188108
"3e3bab68c5984ce5" 84566 47768
"6105eb785b98ca20" 41719 148361 135049
"53a076e8bd1efb34" 67519 84566 147447
"167706817bef62ae" 188108 47768
"17b3d34c177f6163" 133203 88139 112846
"7ad521642301cc59" 177036 8990
"9e999d0d2c1cf767" 28524 41719 148361
"326fb8e0b4ba5470" 115476 135049 108017
"f25dd89fd076f90e" 67519 8990 1737
"8a5029d818982a65" 84566 147447 112846
"cd88b37df834f2f7" 177036 188108 88139
"def47e163e575ad5" 133203 135049
"4e9c93e3b722c210" 28524 84566 108017
"b900feb028e98f6e" 115476 8990 47768
"c600d5026f757bea" 41719 147447 1737
"54d9c002637522fc" 67519 188108 135049
"24c9ab68c5984ce5" 84566 41719
"fa5c2118785d8339" 8990 88139 135049
"78462d7f37b55dff" 47768 1737 108017
"af97161cde0ee7a9" 115476 148361
"f1b877b30b59b894" 133203 67519 47768
"a3eeddfc5d79e8c8" 28524 188108 1737
"4820b3086c5278f2" 177036 115476 88139
"e76edb785b98ca20" 41719 148361 108017
"b5087e163e575ad5" 133203 147447
"feddf89fd076f90e" 67519 8990 135049
"718dcb68c5984ce5" 84566 188108
"11b74633798bc6fb" 115476 41719 1737
"d12444d6dde1426d" 8990 47768 112846
"c90b695453eccc3f" 177036 84566 148361
"9e569d0d2c1cf767" 28524 41719 135049
"a4bac623aae8b75d" 115476 188108 108017
"2bc39e1d397dc887" 133203 8990 47768
"0e6eb918532b462c" 88139 147447 1737
"45983bfb8a9c1564" 112846 108017