"f06f25cffbf1569c" 61980 150070
"7ac0f3a928476e73" 165334 113977 128883
"df1d215b79d4aa0e" 131135 116637
"9ff3f1eb4ce2a6d4" 97089 107007
"59fa8588be3fa9d3" 40843 115545
"82655e0c765a41ee" 75942 155341
"753e847acdd0f8a6" 72885 11641
"3130d02098a5300b" 108258 170316 44860
"02ac67b259009e1a" 18984 76459
"8a4c332e519ad0cb" 143252 69363 72980
"0d19a6abb12447b6" 115095 61432
"cea898c4a0ca55d7" 77407 155884
"2c50221a54951367" 88108 132889
"4ddcd885a1c7f1cc" 116248 165679
"0d68e52d3f60f20d" 66779 68952 892
"f7bc73bd2c2f3416" 47918 160060
"cec7652f5e9ea5df" 59175 165446 35798
"13983caeaa22cd37" 5289 112367
"8e058ed0efb61bf8" 179479 2448
"7341cacfa7fc03f6" 113977 61093
"3c2a217d2b169e35" 27386 28708
"4dccf5288f5cc6e1" 74837 35798
"95d8a27ef8cc4772" 75942 112367 179479
"77b809788b04fdcc" 131135 44860 40843
"dd631515c77fbc0e" 108258 107007 165679
"45a035d0af0e84c5" 98015 170316 61432
"4e600d3f42085e63" 115095 28708 116248
"40ea4d670ae14d5f" 66779 88108 155884
"cf4ee903d32ffa1d" 61980 72885 165446
"8e8ad32d50266ed6" 18984 165334 115545
"c05f2ccf475e5c9d" 68952 69363 72980
"09dd02a573f2a8fc" 11641 47918 2448
"e612cb524203a5e9" 132889 892
"0869642eb1edc12d" 128883 61093 76459
"db6723054b92b391" 77407 143252 113977
"84d0eccb9bbb6950" 27386 116637 160060
"271d03761b1e2988" 155341 59175 132889
"1197e0244ac8c090" 5289 116248 107007
"0e7e06288f5cc6e1" 74837 108258
"b89cd8845a10808d" 68952 28708 35798
"bd93474a94aad4d6" 44860 179479 40843
"e86e222460620a67" 47918 165446 115545
"fa84cff98814bb32" 98015 143252 76459
"aefa0e288bfdda2f" 170316 2448 61093
"00d45723907d06cd" 88108 69363 72980
"26060a833bfee4c8" 75942 61980 115095
"a9b73b00e132ed58" 144018 131135 892
"94eb0430a97bdbe1" 175948 111579 36981
"4e181ee528db4aed" 164489 123714
"ca415ca356a3c8e3" 84127 10372 140984
"df003570e158a415" 111139 101641
"4e1bd242084714db" 55792 167044 155383
"becb2e446357acd9" 33508 111850
"64f5e2a0946977fb" 27872 170972 75377
"6a500c03eb976f8e" 91998 65779
"5aeddc4738e7fc81" 178667 108339 5858
"2afa4721886346a1" 87691 47206
"159e48e67bcc55b4" 176573 97567 178928
"2682bd0e36dcf464" 32331 63742 99632
"2f4a29b9d623a68b" 114951 183914
"571c784ade5370c5" 187219 17586 103127
"8acf382148f7f224" 103806 120917
"b399fce49057a309" 61751 25667
"0a9a3aafe5971f6c" 106462 19688 115585
"2e70cb9df34d1a3c" 19034 124259
"dcc02098f1e62fea" 158960 141104
"355d229ae35f977f" 26859 46473 55986
"9d517e5095a97373" 139294 109148 82326
"4f29f155e9cb7bbe" 154685 94510
"4a6131a819abce88" 61742 58956 44961
"eeb1eab01488c075" 181012 124285
"917c9c239b4601b6" 116719 52425
"2e590037223e1946" 120786 144971
"82663eff3ddf902f" 124063 50063 175077
"8db268f8f84477a2" 150709 132602
"d14f949f81333d79" 59241 72852 16639
"b7ab52ec698ac30a" 18731 35103
"d10b3818e99241fe" 177190 84261 94749
"52feb97a8f0da5f4" 130644 16392 136576
"7e874089c62f1dd2" 165396 162036 19078
"312886fdd8c04db5" 144709 116965
"384f87792c4d98ed" 65177 91409
"7ac35017dd4aec75" 142418 29328
"381b60e5aacbd189" 27601 71737
"dc57f96c019530ac" 112563 46473
"c1c13437e08bd6b2" 59241 150709 91409
"ab338eb1911c8bd5" 130644 58956 44961
"637d8460e2551587" 18731 165396 19078
"e585f6241b131393" 124063 144971 50063
"06a890218b7a053e" 94510 94749
"f4b39c239b4601b6" 116719 16639
"812027bb12a3428b" 26967 165396 109148
"9caad2b24b3a7360" 61742 72852 139294
"d1bf1098f1e62fea" 158960 136576
"8bb8fcff3627cda6" 18731 84261 26859
"bd2a53a775111a7f" 154685 16392 175077
"0f39be6a2ec76f27" 142418 52425 29328
"32aec8298cd86a0b" 137179 59241 55986
"b25f6d4b0ba8d931" 27601 35103 82326
"d6f0c7ce8c914f22" 177190 65177 46473
"3576863dbd8b3aa8" 112563 120786 150709
"a50538798c5d216f" 141104 124285
"cbc6eab01488c075" 181012 144971
"5094f3ada5f473fa" 130644 116719 116965
"f8f8b32d96fae720" 154685 124063 94510
"d75c586d4f3b4459" 137179 16392 71737
"214388d5ce12e338" 27601 16639 94749
"dc78122a362b74d0" 84261 139294 91409
"632a60e995232e69" 26967 72852 132602
"b20a238cdb864162" 61742 52425 50063
"98423c49348af21f" 58956 165396 29328
"e89938fe0175e1ca" 82798 181259
"c30f9d6e767647ca" 64336 96191
"f492bc68356f0be0" 70775 55831
"df8a857bb51aef70" 86212 73219 162025
"c8b6d2c31887d746" 51052 150982 181993
"53e0f478acd9e735" 20591 132453
"f712716267e176af" 98868 44944 109842
"3aa539f7698631b6" 105756 185991 65731
"ab369c13e9f0d789" 172394 29035
"689b7b1be4fd5e27" 65731 89970
"293d2cf7e46030d6" 174235 36230
"aeae8a80e943eef0" 1960 19445
"ca469814a363bac4" 111922 28548 177965
"b68a3db7e10ee87f" 82424 89958
"4de8d1c1b0bbb02b" 110622 75873
"6bd172e2f25d1d09" 23118 85966 77945
"44f586e75ce2e194" 99305 50892 112846
"a39aa5fe4f153a36" 19666 71843
"97031036c3bd9505" 115837 138107 34732
"e55df67999586cd6" 4369 67540
"b25f55231074fcdf" 2586 108012
"ebaeb7212ef04950" 136461 94197 97839
"4dc77451a44441c3" 67540 71843
"b076324f4c59e374" 97839 138107
"951436419e582442" 67544 19666 112846
"7ae8923cd48dc779" 135217 115837
"792e077999586cd6" 4369 136461
"1e0edebf56d0f875" 99305 2586 94197
"51961fc27de55f40" 108012 34732
"caf78451a44441c3" 67540 138107
"922e36f318803df5" 97839 50892 115837
"1000e5755fa7e6eb" 67544 2586 112846
"3715077999586cd6" 4369 99305
"c800b5fe4f153a36" 19666 94197
"a4a9ffe597cb8760" 135217 108012 34732
"dfa27451a44441c3" 67540 50892
"3bd2e8b25a68f620" 136461 71843 112846
"ffc8a1725f85ade9" 99305 115837
"2689124f4c59e374" 97839 19666
"67e9392b0863f7d5" 67544 4369
"02460230ff6426b7" 50892 138107 34732
"c71f224f4c59e374" 97839 108012
"a9a7961279fa6256" 135217 19666 112846
"f8dda1725f85ade9" 99305 136461
"d9d0cdad2a8f113e" 67544 115837 71843
"6355f67999586cd6" 4369 34732
"444d723cd48dc779" 135217 2586
"41de72d31a6d3fdc" 97839 67544 50892
"21cab5fe4f153a36" 19666 138107
"3dc96ebd6a819603" 136461 115837
"f4e9ed93cdc3fcd0" 4369 19666 71843
"03433a1f50f83949" 67540 67544 138107
"380c7295796bd50a" 135217 99305 50892
"24e76ebd6a819603" 136461 108012
"8568077999586cd6" 4369 112846
"a6ff8850fa2da16c" 19666 50892 71843
"2e52ea1b519fe4f0" 97839 99305 115837
"7ed472f0ff5c5741" 2586 138107 94197