"a9a67278e06ac74b" 122772 172457
"1b97832e2786eb6d" 109439 27921
"c2120c936807b9fd" 111598 124722 165947
"6a67493c18570626" 53135 127286
"2a69f5e079c3f0e8" 68155 111478
"83ad5934371cc9dc" 143252 73701 140762
"4fac87dd1101b561" 61836 125547
"00d24268bbd69890" 27921 111478
"3cc271f32364f1e7" 85941 73701
"9b1d63172cbe3976" 101045 67035
"db82f9984ab15f99" 132873 146121 72974
"cb79285676acc07a" 38274 18997
"9ec178152903eb72" 69514 117498
"98453d59d296a28e" 32973 168819
"ff6c862aa6d8811f" 67983 53135
"d1b8c3d55c72c271" 117498 30846
"821b7c0026118cb0" 73701 140762
"1827aa35f2853bf3" 20964 141184
"0956bf10bd056110" 67035 168772
"d8b3964ec4994115" 16860 4852
"6e286931f05e4a7d" 124722 115567
"48da1a3900c5fd19" 5628 144033 139250
"e62c2cf33e463cce" 53864 108473
"959278d35e0c8897" 115541 136539
"141eb974ab45f6db" 11365 168819
"506c285676acc07a" 38274 30846
"2ce2fc73f0702a45" 34227 30846
"5fbc9a909179afb8" 111598 139250
"2a5ccc6ccd90c407" 146121 15296
"affc6278e06ac74b" 122772 132873
"d8bb8a909179afb8" 111598 69514
"bc7c5994cd448f07" 4852 117498
"c9a6d648f259d336" 9508 136539
"ca0fe37554c9a63f" 165947 141184
"5f735931f05e4a7d" 124722 30846
"ab34b89631b8bb3c" 32973 73701 68155
"529b46c8de4fcc23" 143252 4852 168772
"c519bfb3847efb2d" 115567 61836
"fb36c3e0b80fadc4" 140762 15296
"b2ca4268bbd69890" 27921 144033
"499eefec7c8af1fc" 62 69514 136539
"c7e4832e2786eb6d" 109439 16860
"24e5de0dfa5eae18" 85941 25528 9508
"680f9c1fecf5d648" 127286 67035
"316163172cbe3976" 101045 18997
"ddf4e99f45edcf95" 111478 146121 108473
"03ce8eecb2f99dc6" 123721 111566
"c3ed02e924832698" 28699 111670 135394
"da2157d69b7a20ac" 178199 19541
"23d52d10f0955f1e" 58843 46285 106669
"5cc9982418ffe851" 2811 65497
"50144b722d85cc6b" 65900 121372
"e18f7f153b83ea0a" 138290 83879
"51161cfdb6a0ada5" 181587 83889
"7cd6b53421f37f90" 123916 171198
"2b1083f91733ed30" 88661 168066 153650
"b5b5321b26b4753f" 9418 9516
"bbebc666db49a8a8" 70989 152357
"469515292e66fe82" 99988 87411
"0944364a4e00f424" 71246 103806 91491
"2493b8f863590443" 82470 149382 176149
"4851dcff458a561b" 166914 140521 151380
"0a00131f0529c688" 55522 44857
"c16b27e29c86fc5c" 167466 3597
"f79e73184e9b89c5" 52261 69361
"0dbf47d96ee5ba70" 156797 123721 3597
"c741d041447a2324" 88661 103806
"938e3490a347a4de" 28699 106669
"48028c058770756a" 178199 181587 176149
"0cebe7d78d6ae7cd" 19541 65497 176149
"aa8c963d57190e80" 83879 140521 3597
"57cc2f625754f82c" 111436 9516
"b0ad4b7b4741592f" 152357 156797
"1f2fc11a9d422b4f" 171198 83889 156797
"876451910fe9f75e" 111670 46285
"6ce105c6aafdc48c" 65900 140166 91491
"8d7f41f23b2ada54" 122679 181587 123721
"610d05292e66fe82" 99988 52261
"669c927d3e434eba" 179579 121372 103806
"8ba0a4849e80b7e0" 138290 178199 166914
"f52a8c947d4bca3a" 168066 111670 149382
"51b5a0162fed1ada" 71246 153650
"2baac59abbf31ce4" 168066 171198 69361
"b5f93670e73167f4" 111436 123916 9418
"0b77f3f146503a08" 111566 70989
"8583fb37e36393e1" 135394 69361
"9136d5f099bf527f" 87411 176149
"e2e85334b659c500" 168066 103806 106669
"c6861c821eb75beb" 140521 65497 3597
"2e75bd26857d822c" 166914 58843
"96b53b7b4741592f" 152357 58843
"4bc183184e9b89c5" 52261 82470
"b6954ea7d16422e2" 109189 187389
"8a9ece204b0c969f" 25483 2412
"c1c8e2f36b01f923" 57695 35612
"44f1229c2ca3bac0" 181012 86337 55994
"12b3e70a08ac1182" 561 42743
"231c38902e5a37a4" 139533 50038 65750
"8206647a40838ab3" 87672 60579
"dc9f197d4de838c6" 142183 156773
"07a0e29c14b25565" 147244 168135
"da7babd6a43e06f5" 123367 15813
"2b851d984bea1bd8" 39489 92088
"26445593bb477036" 123919 169074
"c3f56d252c14d023" 155222 90609
"b327125669e6f688" 54396 129953 159017
"a5487d0de28fc5f9" 116212 176265
"30940cfe0b62919a" 117684 14962
"688aa349fe7703b4" 152291 88786
"2693bf04328fc8cb" 39274 109005 95478
"76cd20d72e790371" 75426 108608
"3bfb1b31b658b0bb" 81689 117185
"b197f9dd0536018b" 109849 159017
"3a9a8b779be1320d" 2412 55994
"87c327df96c10efd" 83892 123367
"effb54be56e2a266" 109005 561 60579
"1f3ccc8c710915d8" 64677 152291
"1704e1377f62eea5" 168135 159017
"e2424b1b323c68f5" 109189 86337 25483
"27ff063ce7cbf317" 139533 35612
"3bfe366564ffaa60" 123919 39489 95478
"de934752edc6f433" 187389 142183
"93de7b7ce68b0861" 88786 75426
"f22be913c82cfbf3" 169074 87672
"1acff2f36b01f923" 57695 129953
"29d96d0de28fc5f9" 116212 117185
"0d885e45217aa50e" 14962 81689
"1c8a5f484d76da09" 50038 65750
"86225ce85f17bf5e" 15813 55994
"30b3cdab0a854387" 108608 155222
"966504245b7f7522" 66854 156773 159017
"3476840af0bab5b9" 87672 54396 95478
"6413dd20db35d794" 39274 42743
"30e86d1592d65a4d" 90609 109849
"94671cfe0b62919a" 117684 92088
"20dd883f9c321fd4" 176269 147244
"0850dc8c710915d8" 64677 169074
"a8ac9b779be1320d" 2412 129953
"cf35350bf4b83c98" 8601 15754
"1080ce840cb0b249" 94772 169008 73588
"4895fdd923b4bb00" 131813 120750 24760
"bd0c1d2ae9bd036e" 113000 118577 60333
"7e64810f3900eff1" 184468 65782
"02820476a0a749ae" 164829 148757 45473
"e73bf49e69fe179f" 6975 166430
"1e5a446de51efbfa" 86713 166095
"119e1dfba5fb373e" 175314 96378
"b721798a11bfcbce" 188499 55831
"83ac7f2da02838a5" 13493 56407 108103
"9cd5aa4e88a5f3ab" 127009 55407
"864e08779280f6ad" 103265 181454
"fd7c4df4fb81bd04" 92663 1408 125703
"e8d56800467dcd43" 151907 135319 69759
"e3ad0338de315a6a" 120679 166102
"5b2c9870137f1b94" 160480 46056
"8e3f98b4bfe1dd7c" 5460 10839 7040
"acdf3cc21a48b758" 179752 24760 88641
"b46c96fd7407f59a" 174947 55831
"7ad715e0bcd82c89" 24760 8601 103265
"a982c001203e1de4" 96378 73588 151907
"a2e1cb72eb9ee692" 166430 56407 113000
"3dea0d125b8a1d11" 135319 65782 164829
"75287757ef6ea9f2" 175314 69759 86713
"4f128c5f3ed74be9" 184468 166095 94772
"0dd58ebf77ab4ba0" 60333 92663 125703
"cad08038d8a94808" 126970 15754 10839
"059643e0cbf713c8" 118577 88641 127009
"62e3a4be63f5fc73" 120750 151907
"7eafef9f1c78c8f2" 148757 131813 160480
"db592f0c56d901e2" 166102 108103 188499
"4be3d49e69fe179f" 6975 5460
"a0d4bb4cbdd19a6d" 45473 169008
"6313e5ae60612796" 146813 7040 46056
"d32519ce3199dd86" 13493 179752 55407
"c1350aabe4cfc16b" 1408 181454 164829
"a26240f7bcd301dd" 65782 166095 24760
"3e18d5207a309c97" 73588 69759 188499
"1705be799c137242" 174947 120679 175314
"425cbba96e993e16" 103265 24760 96378
"880df73250f02c95" 94772 55831 7040
"301204538c1d9ba1" 146813 8601 169008
"6bd297a7ca9eff21" 10839 166430
"fdee66e77f295926" 125703 160480 135319
"318daa4e88a5f3ab" 127009 86713
"8c89076f6b02d3b0" 148757 92663 56407
"00d3506b6b9527b8" 59345 153526
"07269604461bd214" 133681 70124 117202
"101125fd9a43bddf" 7642 151810
"e460569075ef169e" 183986 59675 101092
"0818ff0a89f3ee05" 55546 14561
"fecb62b31cf551ec" 54274 41704
"956f058ca08fcd3f" 115525 34603
"b21172928c91bdf4" 109239 69811
"f78fe5e344e1a1da" 162047 138335
"bb630c75e91dcd65" 160788 115530
"5cc2365d7a683b20" 102268 169516 101092
"c6195360d8e1c44a" 14296 37895
"b16d0a32f97567a0" 185991 40089 178606
"13cb591f6b117241" 48039 148361
"3b52d41abc8c2792" 49189 98170 109899
"bdd338924c98c303" 101092 183770
"67c6a0bcd471ce8d" 153526 109899
"8fd760532fc94d8d" 40089 55546 102268
"d522c1f077baff48" 172813 37895
"12aa89fd451ed3a8" 148361 130687
"7dc182928c91bdf4" 109239 138335
"8744312e653634e8" 46307 163012
"04a605bb7330dc80" 41704 48039 160788
"3eda62afc17f6e99" 34603 185991
"b5b65a8b25067c26" 140711 69811
"8ad1e671f1f496c2" 169516 162047
"c0ca811d4f76689b" 101092 151810 49189
"243e258ca08fcd3f" 115525 160788
"3b02ef50b1a73ff8" 70124 115530
"d1feff6b956e798d" 183770 81694
"e313c1f077baff48" 172813 41704
"dee2a1baa07402fb" 163012 109899 133681
"948f0f4ebf3224e6" 117202 183986