62
561
1408
2412
2811
3597
4852
5460
5628
6975
7040
7642
8601
9418
9508
9516
10839
11365
13493
14296
14561
14962
15296
15754
15813
16860
18997
19541
20964
24760
25483
25528
27921
28699
30846
32973
34227
34603
35612
37895
38274
39274
39489
40089
41704
42743
44857
45162
45473
46056
46285
46307
48039
49189
50038
52261
53135
53864
54274
54396
55407
55522
55546
55831
55994
56407
57695
58843
59345
59675
60333
60579
61836
64677
65497
65750
65782
65900
66854
67035
67983
68155
69361
69514
69759
69811
70124
70989
71246
72974
73588
73701
75426
80532
81689
81694
82470
83879
83889
83892
85941
86337
86713
87411
87672
88641
88661
88786
90609
91491
92088
92663
94772
95478
96378
98170
99988
101045
101092
102268
103265
103806
106669
108103
108473
108608
109005
109189
109239
109439
109849
109899
111436
111478
111566
111598
111670
113000
115525
115530
115541
115567
116212
117185
117202
117498
117684
118064
118577
120679
120750
121372
122679
122772
123367
123721
123916
123919
124722
125547
125703
126970
127009
127286
129953
130687
131099
131813
132873
133681
135319
135394
136539
138290
138335
139250
139533
140166
140521
140711
140762
141109
141184
141199
142183
143252
144033
146121
146813
147244
148361
148757
149382
150066
151380
151810
151907
152291
152357
153526
153650
155222
156773
156797
159017
160480
160788
162047
163012
164829
165947
166095
166102
166430
166914
167466
168066
168135
168772
168819
169008
169074
169516
171198
172457
172813
174947
175314
176149
176265
176269
178199
178606
179579
179752
181012
181454
181587
183770
183986
184468
185991
187389
188499