29
827
1737
3610
5423
5431
6620
8647
8990
9119
11675
12114
12615
13135
13314
13629
17107
17563
17962
18120
19669
20310
20970
22397
22632
22701
23899
24040
26874
26964
28524
29164
29462
30418
34106
35633
36091
38467
38983
39704
39965
41552
41719
44942
46143
46425
46473
47768
48768
49016
50499
51477
51586
51761
52314
53300
53625
54268
55719
55784
55946
58122
58546
59020
60823
61036
61141
61573
61718
62499
62516
64929
65299
65418
65499
66084
66514
66884
67519
68726
68780
71280
71336
72794
72840
74877
76133
76741
77584
79675
79978
80476
81933
83959
84259
84471
84566
86226
87695
88139
88408
92198
92578
93763
94981
95148
95363
98196
98323
98769
98882
98908
98928
99818
101501
105507
105612
106163
107542
108017
108290
108299
109020
111746
112495
112846
113988
114209
115037
115476
115710
116282
116555
116950
117485
118323
119449
120327
120637
120754
121575
121739
122490
123710
124004
124031
124083
125912
125996
126131
127404
127732
128890
130675
130700
131778
133203
134357
134454
135037
135049
135393
135985
136199
138443
138824
141264
141314
143587
143979
144797
145923
146495
147447
148361
148735
150681
151967
153105
153863
156448
162111
162202
162328
162712
164747
166282
167246
167250
167480
168235
170013
170517
170634
170990
171198
172892
173907
174370
174986
176089
176176
177036
178036
178277
178924
179276
179649
180609
181335
183005
183052
183914
185254
185705
187450
188108
188321