892
1960
2448
2557
2586
4369
5289
5858
10372
11641
12023
16392
16639
17586
18731
18984
19034
19078
19445
19666
19688
20591
23118
24534
25514
25667
26859
26967
27386
27601
27872
28548
28708
29035
29328
32331
33508
33966
34732
35103
35798
36230
36981
40843
44373
44860
44944
44961
46473
47206
47918
50063
50892
51052
52425
52843
55750
55792
55831
55986
58956
59175
59241
61093
61432
61742
61751
61980
63742
64336
65177
65546
65731
65779
66779
67540
67544
68952
69363
70775
71737
71843
72852
72885
72980
73219
74818
74837
75377
75873
75942
76459
77407
77945
78821
82326
82424
82798
84127
84261
85966
86212
87691
88108
89958
89970
91409
91686
91998
92508
94197
94510
94749
96191
97089
97567
97839
97924
98015
98868
99305
99632
101641
103127
103806
105293
105756
106462
107007
108012
108258
108339
109148
109842
110622
111139
111579
111850
111922
112367
112563
112846
113177
113977
114951
115095
115545
115585
115837
116248
116637
116719
116965
120786
120917
121596
123714
124063
124259
124285
128883
130644
131135
132453
132602
132889
135217
136461
136576
137179
138107
139294
140984
141104
142418
143252
143956
144018
144709
144971
150070
150709
150982
154685
155341
155383
155884
158960
159430
160060
162025
162036
164489
165334
165396
165446
165679
167044
170316
170972
172394
174235
175077
175948
176573
177190
177965
178667
178928
179479
181012
181259
181993
183914
184620
185991
187219
188621