"2318d05a6f56e5ad" 20 1129 1130 13 357 150 3089 40475 13 553 5124 8843 148 149 2 722 40476 1032 1047 40477 4 13861 -1 -1 0 0 0 0 5 3 3 4 3 4 4 3 3 2 0 0
"cc44c3b25cb14583" 27 15472 15473 13 34 286 357 40478 13 553 347 1379 321 11738 13 13084 3158 40479 13 150 171 304 330 14858 2329 2 93 4 13862 -1 -1 0 0 0 0 3 4 3 5 4 3 3 3 3 5 0 0
"48b51003ee501a9b" 27 8521 388 170 25 39 13 357 66 40480 53 170 200 4 553 102 39 305 171 3873 13 357 3497 3731 31718 20078 125 4 13863 -1 -1 0 0 0 0 7 7 8 6 5 5 4 4 4 3 0 0
"86599a76e79d6031" 27 134 76 61 102 25 151 1793 14954 13 553 2 188 10201 349 14831 5709 576 40481 10311 2644 40482 13 40483 607 53 40484 4 13864 -1 -1 0 0 0 0 8 7 6 8 7 5 5 6 8 4 0 0
"bed2a94fb7adfd96" 26 12290 7615 13 102 103 202 10 11 13 553 8412 40485 9529 134 9528 13 3693 40486 40487 20 4361 150 36 515 2439 4 13865 -1 -1 0 0 0 0 7 8 8 7 6 6 7 3 3 4 0 0
"31e3fc3dc780c3e7" 24 184 297 13 134 34 26 3327 3030 1088 13 553 983 11445 40488 1497 6572 13283 38999 433 40489 66 414 40490 4 13866 -1 -1 0 0 0 0 5 6 6 5 4 4 4 4 4 3 0 0
"c1d1b4ae979d715f" 24 33 3296 2014 535 13 308 639 34 481 805 13 553 171 7185 13 4545 13 7123 40491 2 19928 7123 4591 3302 13867 -1 -1 0 0 0 0 5 4 4 3 4 3 2 2 2 3 0 0
"b3bccb385322714b" 23 20 10650 13 3302 40492 40493 13 14736 32173 553 2 2950 6947 13 20 474 61 102 25 40494 2 40495 13 13868 -1 -1 0 0 0 0 3 4 5 6 6 4 3 3 4 4 0 0
"5c276d0d3df7bde2" 26 134 1506 23 4882 13 40496 13 553 357 150 36 330 2076 5788 1293 13 20 53 40497 1094 2093 2 40498 7282 40499 5441 13869 -1 -1 0 0 0 0 8 7 6 7 5 5 4 5 6 5 0 0
"d00632e6421076bd" 16 113 703 1666 1834 13 20 40500 13 553 35 2258 330 721 25 2260 4 13870 -1 -1 0 0 0 0 4 5 4 6 4 3 2 2 7 4 0 0
"2a6ae8560a5dcc69" 17 150 14286 14287 14288 14289 14290 13 553 35 1215 4110 40501 13 357 13906 515 4 13871 -1 -1 0 0 0 0 4 5 5 7 5 4 3 3 8 6 0 0
"f13c3817bf1d8049" 22 607 1762 13 357 40502 87 357 2332 13 553 2826 2827 2 729 1765 174 20 66 3019 414 40503 4 13872 -1 -1 0 0 0 0 6 6 5 5 4 4 3 2 4 5 0 0
"b7c36d01812d283c" 84 2885 2835 2886 61 2840 2887 13 553 134 6406 5282 3536 13 6 6434 2267 13 2 93 2638 18987 40504 40505 68 4 68 2929 5369 1622 1190 9409 858 18 359 1721 8812 4 68 13657 4 26615 21414 13 40506 40507 13 40508 61 410 1069 40509 17652 68 2 550 13 282 5415 13 2 801 188 40510 40511 13 553 188 61 1069 1825 41 34 292 13 40512 13 36063 704 367 40513 2 40514 881 4 13873 -1 -1 0 0 0 0 7 7 8 5 6 4 4 3 3 4 0 0
"28b0b09ab411d0b8" 32 2 3277 12344 425 40515 12576 2 103 13 553 396 1842 774 616 5286 13 8560 47 40516 40517 3332 4862 5141 9257 13 347 1641 40518 2024 40519 18406 4 13874 -1 -1 0 0 0 0 6 5 6 4 5 4 3 2 4 4 0 0
"74c3715d838bbfee" 16 681 3332 394 23 14382 40520 13 553 357 8412 12281 1130 13 40521 40522 4 13875 -1 -1 0 0 0 0 0 0 0 0 0 0 0 0 0 0 0 0
"df43e3533a97446a" 17 28 13665 13666 171 40523 13 553 1182 286 990 1043 13 1319 9630 17137 40524 4 13876 -1 -1 0 0 0 0 7 8 7 7 8 6 6 3 3 8 0 0
"4b59cb6496eec40f" 17 20 347 1305 351 171 10311 10314 13 553 13084 3158 13 357 2652 15077 9908 4 13877 -1 -1 0 0 0 0 6 8 6 7 7 5 2 5 4 7 0 0
"4225b8411e619e2d" 21 357 102 39 13 2 102 103 202 10 11 13 553 191 5260 171 3581 2 3531 40525 40526 4 13878 -1 -1 0 0 0 0 8 9 9 8 8 7 4 2 2 4 0 0
"4a95b97238cf5e8f" 19 2 188 10201 373 3358 40527 2 3314 13 553 113 703 1666 1834 13 1315 353 40528 4 13879 -1 -1 0 0 0 0 8 7 6 8 9 8 8 5 9 5 0 0
"f28cf4984996f5e5" 25 2 1753 171 5358 13 150 14286 14287 14290 13 553 20 347 1305 351 171 10311 10314 13 1664 38216 40529 2 40530 4 13880 -1 -1 0 0 0 0 6 8 7 7 6 6 3 4 3 6 0 0
"a02daff2ea6f1adf" 18 2826 2827 13 116 7238 150 21524 2941 13 553 191 12290 7615 2 504 40531 1365 4 13881 -1 -1 0 0 0 0 7 8 7 6 7 5 2 7 3 5 0 0
"8a37c526800d9cc2" 20 8412 12281 1130 13 359 25602 373 36621 13 553 1319 3048 19792 113 3110 13 40532 102 40533 4 13882 -1 -1 0 0 0 0 8 6 5 5 5 4 3 5 4 6 0 0
"3c2ad5cd51dda000" 25 8412 9528 9529 13 2 95 61 8560 5501 8561 13 553 171 9515 10198 10199 10200 13 586 188 18433 61 3125 1696 4 13883 -1 -1 0 0 0 0 7 6 5 7 6 7 5 2 8 6 0 0
"7b2a06c2630be142" 32 1182 286 990 1043 2765 13 547 3727 150 362 2846 6213 36 13 553 191 347 1305 351 171 10311 10314 13 5303 4799 23 134 87 326 40534 40535 4 13884 -1 -1 0 0 0 0 7 8 7 8 8 5 4 4 6 9 0 0
"a28ae4edaf4fe456" 35 357 150 36 330 2076 927 362 923 13 553 20 347 1305 351 171 10311 10314 13 5141 87 4444 1720 355 2 188 10201 4691 171 40536 40537 40538 5719 2 5395 4 13885 -1 -1 0 0 0 0 7 7 6 8 7 5 4 5 4 7 0 0
"8bfe5c54230fd2e7" 34 600 576 13 23 308 4363 13 553 357 150 36 330 2076 13 347 286 1604 4824 40539 1246 40540 40541 40542 40543 40544 40545 40546 297 113 1109 150 5354 576 4 13886 -1 -1 0 0 0 0 6 6 7 6 6 5 7 4 3 7 0 0
"918445d2636a0ba2" 34 134 76 61 102 25 627 3093 13 553 2 188 10201 373 18095 13 191 13666 40547 66 40548 40549 347 330 2157 1552 40550 2583 191 34 26 1203 1775 29439 4 13887 -1 -1 0 0 0 0 7 8 6 6 6 6 8 4 5 7 0 0
"40d0a0182ee75748" 32 20 474 61 102 13 548 362 304 330 40551 25373 13 553 20 347 1305 351 171 10311 10314 13 1778 134 3302 26839 18 13 3302 6564 330 5399 4 13888 -1 -1 0 0 0 0 7 6 6 5 8 5 4 4 5 7 0 0
"005f9551182f1140" 28 13084 3158 13 1071 1013 8611 13 553 8521 388 170 274 39 13 1549 347 3554 40552 13 87 61 171 134 3472 27406 13 22711 4 13889 -1 -1 0 0 0 0 6 6 7 6 7 5 3 3 5 8 0 0
"9f3c1dfd5297837a" 24 28 13665 13666 13667 34 35 8213 535 13 553 188 1389 2008 28371 13 3705 1047 40553 2 95 308 6059 4317 4 13890 -1 -1 0 0 0 0 7 8 6 6 6 8 5 3 4 8 0 0
"39e90d9c78082c7d" 42 796 1886 1178 2332 2331 18704 13 553 40554 1906 1093 12387 25 76 61 33191 61 2719 17652 553 134 4361 61 102 25 949 4214 2747 13 553 2 28 347 33 12430 14392 13 66 600 360 40555 4 13891 -1 -1 0 0 0 0 8 8 8 9 5 8 3 5 4 9 0 0
"b1e5e6006b333c17" 38 148 149 13 9390 93 25920 553 40556 40557 2151 2 2950 40558 23278 40559 13 553 40560 40561 2136 27183 40562 13 553 282 2564 40563 20137 9555 40564 2 1096 40565 40566 40567 40568 68 4 13892 -1 -1 0 0 0 0 7 6 6 7 5 6 2 3 3 5 0 0
"96a788ad11d79faf" 43 4361 61 1753 2 87 61 40569 15964 13 553 134 6547 61 443 13 282 20 40570 40571 40572 2767 13 553 1906 40573 20 40574 2284 5415 13 553 357 1109 150 1868 20 457 40351 40575 1215 4110 14097 4 13893 -1 -1 0 0 0 0 9 8 8 7 8 7 3 2 4 6 0 0
"2439eef2aae624c0" 40 2048 40576 297 950 35 1795 40577 553 1774 15450 40578 457 35 40579 40580 40581 553 616 660 3044 607 2 165 13 553 357 40582 451 20 1780 150 36 3523 13 7389 87 17196 40583 40584 4 13894 -1 -1 0 0 0 0 6 6 7 8 4 6 2 4 4 7 0 0
"bdc9469edf061331" 45 34 3235 35 106 187 171 1625 13 553 2 35 87 1580 102 40585 40586 150 1669 8893 13 553 357 34 18225 1043 1173 13 25 24023 13 553 1374 18 40587 474 3746 737 284 2717 347 10007 2271 40588 3514 4 13895 -1 -1 0 0 0 0 8 6 6 6 5 8 9 2 4 6 0 0
"e0f083cc5625712f" 39 2 999 38 132 133 9204 40589 13 553 774 40590 22816 721 25 1042 61 95 40591 2 778 13 553 40592 102 10037 10038 13 553 423 3744 18341 331 13 1549 373 150 286 3929 4 13896 -1 -1 0 0 0 0 7 5 5 6 6 7 7 9 3 6 0 0
"b3a5e316f06c40f8" 44 66 556 93 1088 20 40593 40594 13 553 87 1047 297 890 2 87 61 1641 457 171 4176 13 553 487 61 40595 40596 41 95 1047 40597 40598 13 553 41 26 22585 13 40599 37772 40600 4589 2570 21014 4 13897 -1 -1 0 0 0 0 8 6 6 6 5 7 4 7 4 6 0 0
"0388a9c85588f2b7" 34 796 797 798 13 1122 737 799 800 13 553 357 40601 40602 787 34 5572 17594 13 553 41 32653 7673 40603 609 13 553 34 3425 13 1109 16508 102 40604 4 13898 -1 -1 0 0 0 0 9 7 8 7 7 8 4 5 8 8 0 0
"9f28701dc57dc239" 42 347 600 93 3496 25 34 3241 47 7584 13 553 66 113 703 4328 188 3148 13 553 504 61 4334 40605 359 151 40606 13 553 2 1628 53 1580 171 40607 2 40608 373 1796 188 40609 15146 4 13899 -1 -1 0 0 0 0 6 6 7 6 5 7 7 3 4 5 0 0
"0aaa4f695d09b2d3" 48 1506 66 793 35 95 61 956 391 13 553 2 87 24815 188 40610 4395 171 40611 13 553 2 11813 637 13 87 417 19032 1580 40612 13 553 87 61 6749 13 40613 7776 2 417 20 2128 171 6089 5589 2 7646 7647 4 13900 -1 -1 0 0 0 0 7 6 6 6 6 7 7 4 4 6 0 0
"8104884a02fe02af" 40 188 335 61 53 336 13 40614 40615 13 553 282 20 1259 40616 10810 2475 1407 9989 13 553 66 113 788 2 3503 93 7189 13 553 357 25 87 10191 171 10192 150 36 40617 308 4 13901 -1 -1 0 0 0 0 7 6 6 7 6 6 6 4 4 6 0 0
"8f3eb40c2a3814a0" 36 20 1047 9604 2 87 150 151 40618 13 553 2 87 1047 981 40619 13 41 113 360 61 7428 13 553 36 171 40620 1869 499 13 553 1549 40621 40622 36 40623 4 13902 -1 -1 0 0 0 0 8 8 6 6 7 7 8 4 5 7 0 0
"c47e509347c9cfc7" 30 24208 2316 10191 16080 953 15303 13 553 357 5254 47 1043 4125 188 14972 14973 13 553 9982 10503 95 2928 2331 2332 13 553 282 35 40624 40625 13903 -1 -1 0 0 0 0 7 6 6 7 6 7 6 4 4 6 0 0
"4b026748863d6e6d" 19 15137 40626 40627 13 28351 13 553 40628 40629 40630 13 3210 95 61 2 40631 5501 40632 4 13904 -1 -1 0 0 0 0 6 6 6 6 5 6 4 3 4 5 0 0
"fa961d26ec4532cf" 15 10434 11748 3918 596 92 13 553 191 1886 40633 18202 39124 40634 40635 4 13905 -1 -1 0 0 0 0 8 8 7 6 7 6 3 5 4 7 0 0
"203fcebc620012ec" 18 2 1029 125 13079 13 40636 672 688 553 16263 3021 40637 13 26681 11738 358 1191 4 13906 -1 -1 0 0 0 0 7 6 5 8 8 5 2 7 3 6 0 0
"0f529623ef235342" 21 7209 40638 13 417 2039 21653 553 349 150 28141 11444 13 2 4114 23570 2531 1863 3048 40639 40640 4 13907 -1 -1 0 0 0 0 8 7 8 6 7 6 3 3 3 3 0 0
"1314861cf794c03b" 23 7603 4766 13 191 4703 4623 2505 553 40641 347 40642 2 53 40643 13 6546 40644 378 1192 1201 93 40645 4 13908 -1 -1 0 0 0 0 6 8 7 5 7 6 4 3 4 4 0 0
"991e3bedcb2b2349" 19 13906 14390 2128 15192 7223 553 5231 6565 13 2 774 40646 40647 102 21585 8031 357 40648 4 13909 -1 -1 0 0 0 0 8 7 9 4 7 3 3 8 3 4 0 0
"58a20929bdd0c437" 25 170 5433 6278 787 15222 3401 13 553 441 347 25 117 357 1629 2777 578 19222 40649 13 93 609 66 6105 20362 4 13910 -1 -1 0 0 0 0 8 6 6 5 7 5 3 3 4 5 0 0
"c05c5ef81ca2af85" 35 116 12718 8349 6391 8026 347 286 553 461 462 13 66 6836 20680 188 40650 13 2 93 609 349 26549 286 1088 17 113 737 61 40651 738 40652 40653 66 117 4 13911 -1 -1 0 0 0 0 7 8 9 6 8 8 5 3 5 4 0 0
"759fb63310488e22" 20 347 40654 14615 22270 40655 40656 40657 553 134 4392 30576 61 393 13 150 515 2523 286 840 4 13912 -1 -1 0 0 0 0 8 7 6 7 7 3 2 3 5 5 0 0
"cf32dff480fcc335" 21 1588 9602 13 7557 25 949 622 553 188 40658 10868 10869 40659 13 2735 40660 17727 125 40661 40662 4 13913 -1 -1 0 0 0 0 8 6 7 5 8 2 4 2 6 5 0 0
"adc433ca980d5bcf" 30 359 40663 7848 13 1773 1934 537 40664 13 553 1131 737 40665 15267 13 28 1885 1109 150 17530 30942 1109 1863 7054 27858 530 417 8649 113 4 13914 -1 -1 0 0 0 0 5 5 7 6 7 3 4 5 5 6 0 0
"0ca52d3c9f13c855" 30 17129 13 11526 113 2775 2265 553 3474 3829 308 40666 13 1549 9618 799 1622 1485 1713 358 5217 4862 40667 13 1071 1319 40668 13774 18193 40669 4 13915 -1 -1 0 0 0 0 7 8 5 6 7 5 2 8 4 8 0 0
"65fcb29872db12ab" 48 34 26 10901 40670 13 12064 41 26 13 22479 40671 40672 13 41 113 5105 26 40673 553 9991 15640 13 188 22635 40674 13 36211 334 845 13 1034 66 40675 102 5217 188 25001 40676 6229 47 14122 40677 40678 13 2546 3302 713 4 13916 -1 -1 0 0 0 0 8 6 5 7 8 4 7 6 7 7 0 0
"0642dcaf6cd4cca7" 29 357 3963 676 944 13 40679 66 40680 13 553 347 1885 40681 1869 13 113 1863 61 942 737 40682 13 357 718 21287 676 93 609 4 13917 -1 -1 0 0 0 0 6 5 6 6 7 2 3 3 5 5 0 0
"7fb161413c194613" 18 20 11699 13 2796 1188 13 553 731 4341 12624 13 35 20961 40683 61 2013 23572 4 13918 -1 -1 0 0 0 0 7 6 8 6 6 5 4 3 3 7 0 0
"7de9da87fb06a721" 30 14 1618 1930 13 1122 40684 504 1032 13 553 8362 8363 6497 13 134 170 1621 920 4 553 41 3953 515 3529 13 8093 367 4421 8468 4 13919 -1 -1 0 0 0 0 7 8 8 7 7 4 6 6 5 7 0 0
"e50fdca07ad97d39" 37 357 9025 10600 150 36 10601 13 553 373 18932 40685 25071 20 373 637 21351 4 553 7273 13786 13 93 1079 1182 13 553 34 186 1178 197 13 297 150 21166 2852 12049 4 13920 -1 -1 0 0 0 0 8 6 7 6 7 7 6 3 3 6 0 0
"a10258e82c6e6637" 39 297 6783 1990 6784 357 66 23 40686 13 553 3478 1390 8044 8045 13 20 347 39 40687 4 553 2 858 504 2192 20 347 2413 13 553 357 171 40688 150 40689 36 40690 40691 4 13921 -1 -1 0 0 0 0 6 6 7 5 4 0 3 3 0 2 0 0
"71de3aba164d94ca" 39 2 519 1013 10888 102 10889 388 13 553 1109 480 1408 358 40692 1731 40693 4 553 95 1496 9332 13 357 1109 150 40694 40695 13 553 20 297 40696 3594 1580 2247 3207 139 40697 4 13922 -1 -1 0 0 0 0 8 7 8 6 6 0 3 1 5 1 0 0
"448fd01bdb6a8545" 23 20871 40698 61 297 5742 1580 35 388 993 3993 40699 13 553 1325 35 34 1047 530 40700 40701 40702 40703 4 13923 -1 -1 0 0 0 0 6 7 9 5 5 0 8 0 5 0 0 0
"a69e3bd9095e00f9" 63 2692 25 95 8817 13 66 347 9499 188 2536 13 553 357 41 76 61 1043 13 3210 93 28387 13 347 2861 188 986 40704 4 553 40705 209 23137 213 40706 13811 13 40707 40708 23876 3203 9928 40709 12038 13 553 66 2595 63 5618 13 2 40710 40711 40712 40713 4304 136 40714 14116 40715 40716 40716 4 13924 -1 -1 0 0 0 0 8 5 6 5 7 0 1 0 3 2 0 0
"732f7eea99678328" 25 28 150 6712 3663 990 13900 200 362 13 553 13729 13970 150 36 87 8709 13 8520 40717 1842 20 40718 40719 40720 4 13925 -1 -1 0 0 0 0 6 3 4 3 4 0 0 0 0 0 0 0
"5a3ff4275b23c023" 36 621 1783 607 4211 13 1552 40721 40722 13 553 357 11526 11527 2265 20 9209 22610 637 40723 4 553 66 2595 63 5618 13 13 1774 61 2236 731 40724 61 373 40725 4 13926 -1 -1 0 0 0 0 7 6 7 6 4 0 0 0 2 1 0 0
"9e756910686fa061" 36 449 13886 13 1842 20 6911 40726 16425 13 553 1109 26608 116 845 2696 13 13886 4 553 2 417 1842 9358 40727 14738 13 553 1122 327 1580 742 1047 588 1043 1429 4 13927 -1 -1 0 0 0 0 6 7 5 6 6 0 0 4 6 0 0 0
"e945555a7a550357" 34 41 12828 6906 13 600 171 2775 367 13 553 347 36 13527 13 66 574 453 40728 13 22681 367 4 553 357 41 742 138 2920 20 40729 1108 2 34 29523 13928 -1 -1 0 0 0 0 8 7 6 5 5 2 7 0 4 1 0 0
"d8ef86143b87d765" 27 5374 40730 150 1817 504 8155 13 553 1549 188 394 12676 16110 13 14789 5881 13 553 40731 7027 40732 13 191 5520 1110 25811 4 13929 -1 -1 0 0 0 0 7 3 3 4 3 0 0 4 2 3 0 0
"0d58cfc7e837d6ab" 19 1108 331 10432 7994 13 1109 1110 40733 13 553 357 5587 40734 286 1655 1016 40735 7894 4 13930 -1 -1 0 0 0 0 6 6 7 5 6 0 0 0 0 4 0 0
"6c25ec2d4c0f6e58" 35 1190 723 609 13 1109 2731 93 274 40736 40737 13 553 1342 61 6563 13 66 347 7428 349 169 1013 351 13 553 3744 286 1108 17620 13 357 1378 10893 40738 4 13931 -1 -1 0 0 0 0 6 5 6 6 6 0 0 3 0 3 0 0
"6740be28ef528984" 27 40739 29294 931 13 66 347 463 188 394 6551 13 23843 362 330 13 553 40740 3478 13 1628 16301 13 7044 174 7046 521 4 13932 -1 -1 0 0 0 0 7 6 7 5 5 2 0 0 0 3 0 0
"3de09b750051a6b1" 30 347 5469 2518 13 113 40741 504 40742 40743 37156 349 25272 40744 33503 40745 13 553 34 35 1667 13 357 2327 3405 11723 40746 61 3970 11725 4 13933 -1 -1 0 0 0 0 8 7 6 5 4 0 0 2 0 2 0 0
"04dff6dc767f7ab0" 22 1016 6239 609 13 457 6862 3321 40747 13 553 286 9002 305 1463 40748 13 3909 504 125 1145 1067 4 13934 -1 -1 0 0 0 0 6 5 5 3 4 0 0 0 0 2 0 0
"42e61bfd6133555f" 28 7123 40749 13 345 14342 347 40750 13 553 38590 3885 13 40751 3302 14428 171 1342 40752 13 553 40753 40754 47 521 7123 359 40755 4 13935 -1 -1 0 0 0 0 7 3 4 3 4 0 0 0 0 1 0 0
"b1f597c34fe5d889" 29 34 26 40756 1841 13 38 24951 1533 13 553 38 6911 40757 355 38 40758 40759 125 13 553 7303 2432 40760 38 15664 8688 40761 40762 4 13936 -1 -1 0 0 0 0 2 5 7 6 2 6 3 4 3 3 0 0
"e30c2e816fd5dbed" 17 150 1109 37755 18823 40763 13 2116 40764 13 553 1442 412 7128 305 13 40765 4 13937 -1 -1 0 0 0 0 4 3 5 2 4 2 3 1 2 1 0 0
"1de70ac367b16c29" 17 1109 150 26709 1071 1697 40766 13 553 1071 35320 150 457 2218 13 1331 40767 4 13938 -1 -1 0 0 0 0 6 6 6 4 5 6 2 4 2 3 0 0
"4c050e211ee07339" 32 1002 17653 13 14419 3019 586 13 5342 40768 13 553 40769 5769 13 34 35 22727 351 21571 13 553 134 187 40770 13 35 34 330 547 351 286 4 13939 -1 -1 0 0 0 0 3 7 7 5 3 6 3 3 5 4 0 0
"93c767b6d3ac85e1" 26 2929 40771 2024 13 113 1897 3327 13 553 35 7962 2852 40772 330 1604 13 553 3469 40773 6495 13 321 330 20552 13676 4 13940 -1 -1 0 0 0 0 8 7 7 6 5 3 2 5 3 2 0 0
"44abf77e8ffa504a" 26 34 564 409 13 357 413 2652 2651 13 553 2 40774 40775 13 7314 2652 40776 13 553 40777 39483 13 326 13 14886 4 13941 -1 -1 0 0 0 0 5 7 5 7 5 6 5 3 7 7 0 0
"831306b826bd3093" 33 347 66 36 40778 13 347 36 1568 150 55 362 13 553 2915 188 40779 13 14789 16110 347 286 330 13 553 40780 9733 13 12676 26839 1043 40781 40782 4 13942 -1 -1 0 0 0 0 4 6 4 4 7 4 3 4 6 3 0 0
"805389a2c823c88f" 31 913 36169 13 38 40783 40784 27818 40785 40786 13 553 15332 113 87 61 3089 40787 2035 13 553 1071 35320 150 457 2218 13 311 457 13482 25988 4 13943 -1 -1 0 0 0 0 3 4 3 3 6 5 3 4 7 5 0 0
"0ac1e035303ad412" 21 341 20211 4697 13 34 26 113 35655 40788 4 553 16840 282 14429 13 7092 40789 1071 171 200 4 13944 -1 -1 0 0 0 0 6 8 6 4 5 8 4 3 2 4 0 0
"c39e3ca874d38073" 20 229 40790 10507 13 1067 796 2128 357 40791 16483 553 352 353 354 13 7964 7027 2137 5881 4 13945 -1 -1 0 0 0 0 3 7 7 5 6 6 3 4 4 3 0 0
"f5032aa92c4c2a82" 22 11734 61 4388 40792 40793 13 14803 9887 40794 4 553 999 1007 20926 93 6159 13 357 1622 1378 2608 4 13946 -1 -1 0 0 0 0 2 3 4 4 2 3 3 5 2 2 0 0
"becebd4f128f7ea7" 18 6712 12665 1550 13 40795 40796 200 4 553 150 40797 18100 13 33 3497 40798 796 4 13947 -1 -1 0 0 0 0 3 5 5 2 5 2 3 5 6 4 0 0
"c6840f777cc3f685" 24 5659 940 607 40799 13 87 8155 504 351 4 553 357 40800 265 40801 282 639 13 87 545 20152 28656 40802 4 13948 -1 -1 0 0 0 0 7 7 5 4 6 3 5 6 4 2 0 0
"f555c5b714c4eb81" 24 1842 9358 1559 32754 40803 40804 4 553 28 2126 40805 40806 27457 40807 12892 13 15663 15664 8688 13 38 1693 12892 4 13949 -1 -1 0 0 0 0 5 4 4 5 2 3 4 5 3 6 0 0
"5041dcff6022cc69" 22 41 12828 40808 171 18409 2316 13 2638 744 19970 4 553 20 3125 171 40809 13 1405 326 2056 40810 4 13950 -1 -1 0 0 0 0 4 5 4 5 4 6 2 4 3 5 0 0
"0c5f636ff6cec3a8" 29 1868 688 13 40811 40812 13 6083 4 553 150 1601 40813 13 11723 40814 113 3970 11725 796 6083 4 35 530 188 394 40815 40816 6622 4 13951 -1 -1 0 0 0 0 6 5 7 5 3 8 4 7 5 6 0 0
"4a271d5b7603c4e1" 39 482 449 2135 2304 110 750 40817 110 553 347 545 1356 40818 2750 40819 40820 573 553 6239 609 6240 134 4589 20 40821 40822 13 553 6936 8625 5485 13 297 40823 40824 6240 1319 21919 4 13952 -1 -1 0 0 0 0 8 8 7 8 9 5 6 5 7 8 0 0
"61a1b2a6eb373509" 30 11598 11597 744 40825 40826 40827 1042 4 553 28 9002 660 676 3075 40828 40825 40826 40829 4 553 2929 40830 282 40831 40832 1486 13 453 40833 4 13953 -1 -1 0 0 0 0 6 4 8 6 7 8 5 3 4 7 0 0
"3408df395be85bdf" 22 347 7235 6833 330 134 13 40834 150 2176 4 553 357 40835 4926 40836 13 5101 40837 40838 87 1493 4 13954 -1 -1 0 0 0 0 7 8 5 5 4 7 4 2 3 2 0 0
"0d52b6e04e39c5c0" 37 40839 40840 66 23451 40841 13 150 4337 40842 20 40843 4 553 26 409 13 23278 26 76 453 23 40844 661 1251 4 553 40845 3037 13 40845 1854 13 134 40846 40847 40848 4 13955 -1 -1 0 0 0 0 7 6 6 4 6 5 7 5 4 6 0 0
"2fee7510e39d5321" 29 34502 40849 13 4322 40850 3935 40851 4 553 13886 2717 1294 22942 13 40852 38 504 40853 4 553 76 40854 1029 13929 61 40855 40856 40857 4 13956 -1 -1 0 0 0 0 6 6 7 6 6 6 5 7 6 5 0 0
"796fbf953eaf53f4" 24 61 19270 40858 4400 40859 553 150 3438 305 2166 13 1550 417 347 4 553 41 1626 40809 13 23 4411 13835 4 13957 -1 -1 0 0 0 0 5 6 5 5 6 4 4 3 5 4 0 0
"aa1cd9e994d8120f" 2 347 36 13958 -1 -1 0 0 0 0 7 6 5 5 6 4 4 3 5 4 0 0
"260a513a8fa87937" 60 21953 1716 7044 21954 13 3372 40860 299 224 302 16740 553 28 18753 40861 361 401 13 297 35 150 361 311 40862 553 2 150 40863 2203 13 41 150 4337 362 13 184 6631 3048 417 40864 299 4278 302 8356 40865 299 150 993 13 191 6463 4261 40405 3895 40866 2 1110 40867 40868 4 13959 -1 -1 0 0 0 0 6 7 6 5 6 5 6 7 4 5 0 0
"98e19d51fa72f680" 63 347 545 11468 40869 185 553 553 425 7646 40870 2 532 40871 721 11469 553 21726 40872 35874 13 66 23 2797 4328 553 39100 553 4817 357 4818 13 720 38090 474 40873 16371 299 35835 302 17136 299 16496 302 40874 150 40875 737 27955 553 357 372 5399 13 2042 2043 1842 40876 13 40877 2 40878 40879 4 13960 -1 -1 0 0 0 0 6 6 7 6 6 4 5 6 5 6 0 0
"58b38a95e4a0174f" 50 35 596 1487 36 13 40880 330 409 6020 553 410 1892 7587 412 40881 2 413 553 47 675 40882 13 2675 4 40883 12714 151 4 40884 124 13 40885 1052 55 18229 845 2 40886 553 417 40887 53 13 47 32167 40888 40889 40890 20018 4 13961 -1 -1 0 0 0 0 7 6 6 5 6 4 5 3 4 6 0 0
"1db946c2658686b4" 45 347 1832 169 349 350 351 13 39100 553 150 1094 2852 305 1842 418 13 359 40891 418 553 6424 34543 608 134 9615 13 150 6910 553 35204 24215 6426 40892 1403 13 150 40893 553 40894 1122 40895 53 13 1442 3198 13962 -1 -1 0 0 0 0 8 6 6 5 5 4 4 3 3 5 0 0
"3b51053cdc050d05" 48 2 13886 553 41 12828 6906 13 188 6240 40896 553 6239 609 645 113 5557 13 9322 26909 299 40897 299 40898 40899 2 40900 4 7900 40901 40902 4 1047 299 39100 299 237 9011 40903 1500 13254 55 40904 55 2200 40905 40906 40907 302 13963 -1 -1 0 0 0 0 7 5 5 5 6 5 5 3 4 5 0 0
"48408880bb5dcb1e" 39 796 1378 40908 13 357 87 1533 4697 20 1004 40909 1144 553 87 19805 4699 13 2 1533 40910 7872 553 357 1131 15663 15664 8688 13 38 1693 12892 553 4890 1047 36510 2 347 545 942 13964 -1 -1 0 0 0 0 6 7 7 5 5 8 4 5 6 5 0 0
"f5cc12840efc0487" 37 11734 13 1868 688 13 63 299 15099 302 553 40911 1807 12080 25 5253 553 11734 7168 13 20 15391 35570 553 12158 7874 13 360 61 171 13905 16840 13 299 3348 302 6543 14420 13965 -1 -1 0 0 0 0 0 0 0 0 0 0 0 0 0 0 0 0
"e8ac4bc4e542b1aa" 24 2731 417 13 25 1190 2732 553 23376 1110 40912 40913 553 2929 40914 299 40915 16738 302 40916 13 2 1589 33018 1173 13966 -1 -1 0 0 0 0 7 6 8 5 6 5 5 3 3 5 0 0
"813aa587f2ef7141" 33 5659 940 13 40917 113 24881 553 14803 40918 40919 388 1007 553 40920 13 20 361 326 1498 3727 553 417 40921 170 13 2 87 61 113 12700 13 40922 29565 13967 -1 -1 0 0 0 0 8 7 7 6 6 4 4 6 4 5 0 0
"18a388d2d3b8ba45" 28 17179 13 17086 13 2652 17650 9396 29829 553 40923 19840 40924 40925 553 1549 449 13 1331 61 40926 553 2 40927 40928 13 40929 2 8693 13968 -1 -1 0 0 0 0 7 6 5 5 5 6 6 5 4 4 0 0
"eea86ba073c5019a" 36 25 61 9137 13 417 3175 40930 553 1071 7560 749 13 297 20919 308 15463 553 357 40931 113 13 1342 1900 2 202 553 2 1071 1793 12164 40932 13 347 600 5498 1052 13969 -1 -1 0 0 0 0 8 7 7 5 6 4 4 5 5 5 0 0
"0cef36dbbb079301" 35 61 1069 8497 13 41 40933 1075 183 553 47 1793 12683 13 150 284 36 23711 553 373 421 17652 40934 4954 95 1342 40935 553 9136 61 40936 40937 553 2 171 40938 13970 -1 -1 0 0 0 0 0 0 0 0 0 0 0 0 0 0 0 0
"14a2981c223276e2" 41 191 6132 61 6019 13 7065 7066 7067 553 4524 728 13 2 3008 1842 40939 553 37213 19124 13 2 11076 737 40940 40941 553 39920 53 8940 21660 13 3372 341 515 342 1997 13 20 504 2066 5564 13971 -1 -1 0 0 0 0 7 6 6 6 5 7 4 6 4 4 0 0
"3925ab9f6b4bf4af" 29 47 8465 13 1821 40942 7285 553 6597 24602 19598 7398 299 4 302 553 2245 4434 7974 7975 7976 553 1622 347 1667 13 40943 373 40944 4 13972 -1 -1 0 0 0 0 5 3 4 5 6 5 5 3 4 5 0 0
"47e0b09e1790a9a5" 17 11640 18291 1109 26808 4083 482 305 13 553 357 2247 32604 1580 170 1892 1852 4 13973 -1 -1 0 0 0 0 7 6 5 5 5 5 6 5 4 5 0 0
"3b96c4a9b4d069af" 28 66 574 93 744 35 40945 40946 61 1199 40947 40948 13 553 357 41 35 1817 6734 13 341 4129 6735 13 4326 286 530 40949 4 13974 -1 -1 0 0 0 0 6 6 6 5 5 6 4 4 4 5 0 0
"0ec9cb8456ff8792" 27 855 4254 61 3472 12765 13 553 2 4318 967 607 13 553 453 102 455 305 19601 1588 13 449 40950 14936 435 2805 40951 4 13975 -1 -1 0 0 0 0 7 6 5 6 5 6 6 4 5 5 0 0
"de9549bd49fadf83" 42 4119 66 347 36 40952 3401 13 553 499 2157 3302 7974 2299 8473 20 393 8812 13 553 5156 3998 5157 5158 5159 13 553 357 150 3165 13 102 3176 3175 32321 20 150 1201 23314 7068 8213 40953 4 13976 -1 -1 0 0 0 0 8 6 6 6 6 6 6 6 6 6 0 0
"e6dad62eb7d7ec19" 22 11601 40954 410 304 41 1298 21364 13 553 357 87 840 35 34 3298 194 162 2 6551 17531 22998 4 13977 -1 -1 0 0 0 0 7 6 5 6 5 4 5 6 4 7 0 0
"49c8790783ced165" 41 347 863 1710 417 20912 13 553 38 2841 4880 23152 113 20 6756 40955 40956 13 553 373 10062 357 3032 40957 1643 40958 13 553 357 347 2305 13 14770 113 14771 2 15664 524 40959 1643 27086 4 13978 -1 -1 0 0 0 0 7 7 7 6 6 6 5 6 4 6 0 0
"05f9204e6d235124" 46 66 12676 18 4452 20 40960 13 553 66 347 17789 852 1762 2284 40961 13 553 1109 1110 113 711 13 548 40962 36 40963 13 553 3361 504 313 297 13 38040 596 1031 774 7309 345 396 20 93 40964 40965 2204 4 13979 -1 -1 0 0 0 0 9 8 7 7 7 5 5 4 5 5 0 0
"7fbe0d874c89454c" 40 150 362 286 3434 191 1109 1110 6606 787 13 553 13594 13595 13596 13597 2 30256 13 553 40966 7979 13 40967 13 40968 11067 13 553 2 150 337 40969 639 13 20 621 190 1774 38521 4 13980 -1 -1 0 0 0 0 8 7 9 6 6 6 5 6 6 6 0 0
"a02ce13a1060e6fe" 41 188 200 14937 3988 14359 478 13 40970 40971 40972 2 423 347 13 553 423 347 5515 40973 1774 40974 90 40975 40976 2700 384 13 553 357 40977 40978 19118 40979 30731 40980 188 10112 308 113 1664 4 13981 -1 -1 0 0 0 0 6 7 7 5 6 6 6 6 7 7 0 0
"28e1e25394fed7fc" 23 1342 61 1805 13 3658 3455 40981 11634 13 553 2 744 66 40982 423 14260 40983 15208 15209 134 2700 40984 4 13982 -1 -1 0 0 0 0 7 5 6 5 6 5 5 6 6 7 0 0
"de07186984cc3fa9" 52 35 87 38 1825 40985 40986 305 13 553 87 113 1420 8547 40987 13 2 4812 16201 35 956 17429 40988 40989 13 553 2 7677 34 431 35 23 4773 4757 5136 13 2107 40990 504 13 357 10327 87 18011 113 33 35 1934 621 25734 40991 90 4 13983 -1 -1 0 0 0 0 3 4 4 2 5 6 5 8 6 7 0 0
"0d1edad0555dd0a8" 57 5344 39 2865 66 5174 2767 17681 13 553 35 95 40992 31768 9917 616 13 150 40993 1550 7977 956 20 474 40994 13 553 1083 286 2521 9418 57 165 9419 57 2625 9420 13 553 357 66 113 5262 417 835 13 664 5288 2 39261 5600 13 35282 2 2803 38 40995 4 13984 -1 -1 0 0 0 0 6 6 7 8 6 3 8 3 3 9 0 0
"86e26605df81bc13" 50 3301 566 1509 146 13 25 40996 1336 1022 40997 1828 13 553 530 1917 1918 966 1919 13 2506 150 1495 40998 13 2 87 61 1199 2697 515 13 553 87 150 36 13149 1923 13 357 40999 150 23636 22776 504 20572 22155 41000 41001 2316 4 13985 -1 -1 0 0 0 0 7 7 7 5 6 6 6 5 6 6 0 0
"c639be16fe1a8ec5" 38 95 1808 6171 150 36 2329 6172 13 553 87 150 36 41002 13 2652 1737 845 13 553 530 10696 13 413 29467 1720 13 553 2 2056 66 7456 102 520 515 1550 1047 41003 4 13986 -1 -1 0 0 0 0 9 9 9 8 10 6 5 5 7 9 0 0
"4d4b5783a3e428ae" 52 66 347 16100 494 13 347 36 1022 91 13 553 66 1010 2884 1199 20 330 993 35067 1027 1580 23 1331 41004 2 1886 61 530 78 13 553 66 41005 2 41006 1537 2850 13 553 2 423 66 44 27182 621 25 1342 515 19737 41007 25500 4 13987 -1 -1 0 0 0 0 7 5 7 6 5 6 6 5 7 7 0 0
"007a657ec68a04b4" 19 10844 61 13 28 10845 10846 13 553 113 102 165 63 165 13 499 863 330 41008 4 13988 -1 -1 0 0 0 0 5 5 5 6 5 4 4 5 5 5 0 0
"a5611b7c9d6879e4" 21 25 12741 12742 13 1628 32413 20 10132 13 553 357 5225 134 395 4377 13 796 61 3829 41009 4 13989 -1 -1 0 0 0 0 8 6 6 7 6 4 4 8 5 7 0 0
"b6d0bd7ef7479121" 22 7243 7244 820 1633 13 2 66 3474 3486 13 553 171 5750 61 41010 13 2 999 2191 113 41011 4 13990 -1 -1 0 0 0 0 9 8 8 7 7 5 5 5 6 7 0 0
"eccd99e4799b552f" 23 1165 1166 1167 13 2 1764 150 1297 3368 13 553 66 23 297 1609 2 28206 13 330 347 1379 7412 4 13991 -1 -1 0 0 0 0 7 6 7 6 7 5 8 5 4 4 0 0
"3f8728d5228eeb66" 28 576 1319 13 1580 14155 353 21326 20 5061 13 553 357 283 95 41012 47 1543 13 34 4799 41013 504 6360 41014 1750 20 993 4 13992 -1 -1 0 0 0 0 6 7 5 4 3 9 6 6 5 4 0 0
"985ab4d3debdc488" 32 35 3780 9079 13 66 31215 113 465 13 553 347 463 464 188 39898 1519 394 13 330 1109 150 553 14827 10717 13 1109 125 2905 41015 41016 41017 4 13993 -1 -1 0 0 0 0 5 5 8 3 5 8 6 8 5 6 0 0
"bfd9bcda248193fb" 23 11990 23 13 28 5852 41018 41019 13 553 1842 20 3827 550 3828 171 9929 13 2 171 13323 41020 282 4 13994 -1 -1 0 0 0 0 6 5 5 3 4 7 3 3 6 6 0 0
"ebe00063af23f13a" 21 1374 87 165 1990 3900 13 150 504 1710 13 553 1071 171 361 2697 3495 8637 2 41021 41022 4 13995 -1 -1 0 0 0 0 3 4 4 2 6 3 3 4 3 4 0 0
"06cf6eca29d4cf03" 32 34 2279 552 150 1510 13 417 35 3032 2280 504 1774 110 13 553 357 598 53 515 13 1006 305 188 6295 13 34 35 113 417 4799 36534 4 13996 -1 -1 0 0 0 0 3 9 8 6 6 9 9 2 6 4 0 0
"db59f4c6384689e2" 38 1488 34 110 6666 1765 110 1069 41023 34 1077 32318 1262 110 13 553 30239 993 13 41 34 35 847 417 13 1374 171 12164 2608 504 2087 1636 66 5709 1559 41024 13 41025 110 13997 -1 -1 0 0 0 0 4 9 8 6 5 4 8 4 3 6 0 0
"0984becd974f9b77" 28 87 61 171 2620 13 66 347 4932 10522 13 553 457 3408 2 669 636 174 41026 13 1842 20 41027 1109 93 171 85 394 4 13998 -1 -1 0 0 0 0 9 5 7 8 9 7 3 2 4 6 0 0
"4a8dd59874e25a1d" 27 3823 38 1213 1579 7425 14261 13 553 2 2107 1863 14075 357 125 308 1307 2 17 171 9147 6467 596 1947 41028 429 16907 4 13999 -1 -1 0 0 0 0 4 2 6 7 8 6 3 8 2 8 0 0
"9c277a77186279f1" 22 13242 13243 13244 13 357 34 26 113 1168 13 553 499 1305 4703 2852 11459 13 2304 17407 412 2075 16483 14000 -1 -1 0 0 0 0 5 8 6 3 4 9 9 5 3 3 0 0
"4abab82cedae11bb" 35 2337 7903 515 323 845 13 357 66 41029 93 1196 12397 41030 13 553 357 720 515 41031 193 1192 601 13 41 113 41032 5804 3032 35403 2 41033 41034 93 2809 4 14001 -1 -1 0 0 0 0 3 4 6 5 7 4 9 9 5 8 0 0
"eab43a344d81bc61" 32 20 66 795 13 66 3503 93 41035 41036 38478 13 553 2 8380 1511 13167 13 1842 20 1628 41037 41038 41039 35208 718 1192 1990 547 171 41040 5851 4 14002 -1 -1 0 0 0 0 6 3 5 8 8 4 3 6 2 7 0 0
"df0c530c57da2cfb" 24 1042 1774 676 1775 41041 357 1109 1110 2652 1029 13 553 347 481 729 146 41042 13 150 3668 87 504 146 4 14003 -1 -1 0 0 0 0 2 4 4 3 3 3 5 4 2 5 0 0
"24c0bb9985d68c72" 21 515 150 7977 2747 2850 13 66 23 603 4824 13 553 9854 150 36 41043 41044 171 27393 26715 4 14004 -1 -1 0 0 0 0 4 3 5 4 3 7 6 5 7 4 0 0
"2d70f6eb67fa66b9" 19 718 13 23 154 1168 13 1549 2652 21756 13 553 297 11990 13 347 2434 364 41045 4 14005 -1 -1 0 0 0 0 6 8 6 3 4 6 9 7 2 4 0 0
"7691b0ec3d46b3e5" 31 297 1559 576 361 284 41046 13 553 718 13 41047 17504 13 357 106 2873 171 26743 13 553 87 361 3251 8453 13 357 66 12676 305 18 4 14006 -1 -1 0 0 0 0 2 3 6 8 5 6 3 3 8 7 0 0
"36662630a01f711d" 20 1990 1109 28232 2024 1166 1167 13 553 2 305 5804 13 1549 346 9854 3278 688 1319 3514 4 14007 -1 -1 0 0 0 0 3 3 4 6 6 8 9 5 5 6 0 0
"79bc30359bd14712" 20 2 66 3474 170 521 41048 13 553 2245 3827 550 3828 3809 3829 13 297 1862 66 5189 4 14008 -1 -1 0 0 0 0 3 5 6 8 7 5 4 3 8 8 0 0
"801d774cf13b2758" 26 41049 41050 13 113 10696 13 553 718 13 35 33594 41051 13 28 12066 367 13 553 26 457 10522 13 5155 27019 26855 4 14009 -1 -1 0 0 0 0 6 2 3 6 7 7 9 6 3 4 0 0
"b62e6b23bd58fa42" 35 5477 19381 12676 566 3308 188 394 2852 2352 13 553 6089 41052 566 10717 13 286 305 35 10590 417 616 394 1621 13 553 6295 13 1034 1109 16510 134 170 535 4 14010 -1 -1 0 0 0 0 2 3 5 6 6 5 7 5 4 8 0 0
"d27bd111cf04412a" 22 2735 6659 66 347 41053 349 2852 41054 13 553 41055 113 5061 13 3028 1108 13 13242 13243 41056 41057 4 14011 -1 -1 0 0 0 0 6 7 8 4 5 3 9 4 1 1 0 0
"3235288d30f8728c" 31 1342 676 457 10844 13 530 10845 41058 13 553 2 28 5530 41059 4407 13 297 447 61 448 13 553 66 347 2280 1319 41060 13 66 347 4 14012 -1 -1 0 0 0 0 8 9 6 7 8 5 3 8 6 6 0 0
"54523186f089fa44" 34 47 720 12022 13 113 417 1376 18759 87 1608 13 553 645 1511 28 33774 1091 41061 13 6295 13 553 113 410 93 21246 61 13 1580 2267 41062 41063 11990 4 14013 -1 -1 0 0 0 0 5 7 6 4 5 8 7 2 2 3 0 0
"8fb630b454a61ca8" 27 102 134 113 1829 2905 1569 13 87 113 297 61 13 553 41064 5863 13 357 5225 4377 13 150 87 36 457 188 41065 4 14014 -1 -1 0 0 0 0 8 9 6 7 7 4 3 6 6 5 0 0
"427452e128cb7271" 29 2337 7903 515 3180 13 357 87 150 2168 13 553 1580 66 1917 1918 966 1919 13 553 1488 4361 61 7389 6521 990 26743 25 12676 4 14015 -1 -1 0 0 0 0 7 8 5 6 8 3 2 7 9 7 0 0
"895df9c0792d4baf" 30 87 150 36 13149 1923 13 113 1643 41066 13 553 297 7243 41067 61 3247 1576 820 13 553 2 28 34 41068 13 297 35 33594 9079 4 14016 -1 -1 0 0 0 0 6 6 7 5 6 8 6 7 2 1 0 0
"fc6cf2d541be6469" 35 637 3251 35 113 27649 8636 2 41069 8637 13 553 357 1047 87 3823 1842 13 38 41070 170 12387 3824 13 553 66 23 134 521 2 117 308 25 504 13096 4 14017 -1 -1 0 0 0 0 7 6 6 4 6 8 5 5 3 3 0 0