"82f19d2805ce97a0" 9591 9924 4444
"c8032762b724e0b7" 11426 11877
"1e044600f4d273ff" 730 6650 2556
"7c37cdb48ee3334d" 5651 8392 3531
"3902a30fefe732d7" 6692 6738
"c1d9cc9117d90a17" 11253 4536 1982
"58d165c1b91dfb7a" 9769 1987
"a4a20f4af43f44c9" 10945 3434 6582
"24578d6d4abc063d" 7951 1618
"c1aa3d07bbe9ac7f" 3359 92
"9b14e596949f7da7" 7723 11551 11194
"8a619c443fa60e32" 1610 3321
"cbf8b5ffa65692f5" 2808 9998 11013
"ba699a4d60f71cb1" 10480 9486
"cb0f4f675c5f497e" 2591 11772
"b32032e7d83be849" 3931 8278 11777
"91b270586c8fab8c" 6341 1131
"d3f03e1fe8e04abf" 8990 4554
"ec0d3e18d45297fc" 11565
"56ac3e18d45297fc" 9924
"a254741673e53b23" 8990 9591 8392
"766ff8c71cf804e9" 6650 8392
"befc06af9337b198" 6738 9486 4554
"d559a367b3cdf5aa" 3434 9998
"875f6c85c1a40b9a" 2808 9486 10945
"748a363241a653e9" 8990 5651 3321
"76274ceb10687f02" 4536 11426
"311c133f675d7b72" 6692 3359 11571
"76f878c10ef38519" 10480 3531 11551
"2140b67b5de99000" 1618 9591 92
"ee7717eae8710813" 1987 730
"16c91b778869971a" 4697 11194 11877
"511f4a193b8c67f2" 11777 3931
"53f73330d767a3ff" 2832 1982 6582
"468b196976e2d238" 2556 7723
"7676a4735c5afac1" 11013 10945 9924
"fc492bb2be4f933b" 11253 7723 730
"703ff5346720b0c3" 1610 9769 7951
"13b45ecd7eaf873e" 3412 11565 1131
"8dd12580363801f9" 1618 8392 6341
"463d2f696ba8c847" 3434 9998 1131
"880262af71b18022" 4697 8278
"267a1531f4659fc4" 11571 11772 11426
"5f6cd5cff1770058" 2832 4536
"0395067e1e85a7b4" 2591 11877 7951
"eb2ef8c71cf804e9" 6650 3359
"16af2432301617b2" 9486 1982
"ceabc4d40b492061" 4536 6738 11777
"1c3dfe7cdd041e05" 1715 6390 4687
"2e9f4742bbe3dfcc" 856 3674 9199
"daf5c5622fb9fae4" 9766 10450
"8e372f3c05fd9c9f" 295 5056
"0cbdd72b83056bb6" 5740 9175
"645069a532531984" 10586 152 6747
"8c87ddc4d327dde7" 8496 6179 1992
"a3d5711f036dcb76" 8505 9128
"bc1a307db37a7bc1" 5444 9245 8037
"fb7e850f59eb3c29" 656 4743 1611
"e187a80bdac0e022" 4599 10027 9431
"451085849f5f050d" 10854 825
"47c0e5f3eb5ae9b9" 1203 9008
"b3a5e4859a8fd393" 5043 2319 4676
"2b1ea84da041ab70" 9776 6098 9743
"46c569ae895de1b1" 1969 8378
"29183c9abe52f09b" 8294 10005 3106
"005b92f06353c8c5" 8496 6179
"f91c31ddce05635c" 9175 4743
"3a56fb5d6b565fa6" 2319 1992 1611
"d33ec50686719f45" 8505 9431 9128
"7eb31f83d2295b49" 9766 3674 6390
"012f07706b63f358" 295 9008 152
"9c2c1ac5fb423e7b" 1203 9743 10450
"27585613b15664ba" 10468 841 9776
"2641168acb2c1859" 2812 9199 10586
"96004d17ffd0704e" 5740 10027 8037
"591a916f053b1631" 4687 4676 1969
"612af54624ec9d86" 8378 5444 2319
"64f73d127681071c" 10854 6747 1992
"cc80478bf8cc6e4f" 6098 9245 9128
"7ccd4c5f3185b724" 9175 152 9431
"0273755240feb85a" 10005 3106 5056
"c6771e7309688c8a" 9751 4757 6179
"7f7270b7f4ebd432" 8294 825 5043
"03938717cb111a80" 856 1611
"15e562d1ea193511" 10586 10450
"9b501de149d3118d" 9766 5444 10854
"75caaebd7b6be084" 1715 5056 6179
"c1e8c31dc051fc91" 2812 9008 4743
"269639f696192c1c" 295 9743 9431
"e00a8139978343f1" 9751 9199 1203
"d1d9916f053b1631" 4687 4676 825
"178ae1d5134a56b5" 10005 5043
"b70bc549b96d8cd8" 3106 856 1992
"ac9b06627a32c542" 10098 10003
"64dad2ab49806f7d" 5278 3155
"08e41e9d2d24b78c" 9403 6331 1413
"bc5e12d19f907ab3" 10254 3112
"f95b48a388b8ca4f" 8757 9156 2661
"9f420774ce72f7cc" 2284 4331 7861
"6fa0cfc330b11139" 11271 11935 5435
"48daf956f3fc377d" 10288 2606 8757
"90daf3aca1abd55e" 8136 11848 4752
"d4b87276e9f8a456" 5227 11610 9551
"0d31a4b714be7286" 10867 2232 10052
"b81ad9d59fd54e11" 3921 122 2583
"39bac00650092ffa" 6603 7886 8529
"5506f50e5d164f68" 10590 3935 4331
"c82e9535a8e763e8" 3598 9418 963
"dff46aeca8a3e60c" 1849 9843 9852
"427e9f1490337113" 6974 2065
"470a356288c8653a" 9102 8529
"ab64ba335fc5f97d" 6331 2606 3112
"1f5b5a43bda2e171" 5822 2058 2232
"d27ebb019fc82215" 10003 9156 2661
"751f767674e6a20b" 3921 10590 9551
"82c831b81d8faee9" 8982 5278 3155
"311f5a9603a22825" 1849 10052 7861
"7681afb37c55a6b5" 122 2606 6974
"315112cbba70e439" 11271 10288 9403
"32c0a535a8e763e8" 3598 9418 11610
"30753db2312bedd6" 10867 1413 7886
"563af3aca1abd55e" 8136 11848 2284
"915d4ec8eda2ac3e" 8757 6603 9156
"399f3d3bd94c8085" 7861 9102 2583
"fdcf9f54931a0ad9" 10098 2232 9852
"d58f7d0d2d360e41" 5435 10254 4331
"c774014ce63e9496" 2058 3112 2065
"cecd2005b3383a32" 1849 6331 963
"eef2a2ac51f427c3" 9843 3155 963
"5efe88ffe206f5d0" 5278 10003 2583
"3a4bb0971a8792ae" 10288 5435 5227
"985ed3fc5631bc74" 5822 9418 4752
"97001b241ff1e21c" 9403 5227 9102
"d6d17a70016d2c17" 3921 7886 7861
"55752bca27060001" 11935 10098 6603
"840f44eb82b4f2de" 11848 6974 8529
"d41553b3888ba334" 8982 11610 2284
"31b43c1af8c8a957" 10052 1413 2661
"c28658d0dd99a10c" 11271 3598 10254
"4ccf8068919d9e6c" 10648 6569 2510
"2bac64b7fb9a39c7" 11656 1885
"4e227d6fd7e0eb96" 8779 6720 9944
"646f5eb562b25a9e" 1220 7653
"bb7ef73504bd0f76" 3888 7155 4907
"46362aba4afd6be3" 7351 6380
"350672c65ca7a628" 2441 9905
"1d12e770f8409f5c" 9290 4642
"261f6ebc16d87527" 7081 2441 2131
"5010430e6950c0a2" 1404 993 10163
"dd17ca6f0a38e152" 8742 1065 11689
"9cda9d60e819225b" 11793 10047
"ad7a2937ea967aa3" 11786 10603
"2b561554556156c3" 1228 4983 11378
"6102b860cfac9cdd" 11352 8531 2622
"0fd4545c996859d6" 11072 2627
"5e2aa09ed52c0393" 10084 7663 309
"8c492eb765d0112e" 8489 6
"3ea88e7a7c162621" 8999 2510 7653
"498477353b59c499" 11352 4907 1220
"6232e770f8409f5c" 9290 4983
"102b8d6c04974d85" 3681 9905 11378
"a49808aef0f20cee" 309 6380
"806e232e0c1f46ff" 7351 6 4642
"6ed908aef0f20cee" 309 11656
"5e7126113a58e834" 2441 11352 10163
"ec16253acfb3d479" 10648 11689
"c2a33c4a97cfe9d0" 993 7155 2627
"285197c3b47c67c7" 4907 8742
"0692ea936171a5f5" 10603 1220
"59fe54e7076b6cd9" 9944 3888
"fbc82dff7e3d56f2" 10084 2622
"7a2b2eb765d0112e" 8489 7653
"fe3f1430e17f85d5" 1885 6537
"a275d56e29d51a65" 7663 10047 8999
"77dec8fe39cf3f0c" 8531 10259
"1123797e7e8cbe9f" 3681 4983
"da0830d0208f5405" 11689 10603
"211c4316ad4d6de3" 6569 2627 11793
"bfd5b427359e72fc" 1065 7081 1228
"1ebca0abceac19a2" 2622 2510
"f48cc380ec5aad8d" 8779 2131
"431c2eb765d0112e" 8489 11378
"f6e064e7076b6cd9" 9944 11786
"810565d3d7e10176" 6720 10603
"15963cf96f0bcdae" 1404 10648
"634406aecfd635ac" 4278 7155 3888
"0b6a7b43b10f489b" 4041 3022
"cb45b7dc30cf3f21" 5783 8676
"1b31c3b58e524931" 11368 5844 10620
"f436e5d21fb63250" 5865 7180 3481
"f97b57c7381653c9" 4658 2344
"8886c66a65e4def4" 3663 11265 4811
"0a7df46bab1ce9ce" 10967 5544 2784
"9656beb10cf6f969" 5180 10147 6653
"ffef179e8f5a7273" 8819 8204 3631
"aeea128c2a55461e" 6704 11533
"8f96f40216b06eab" 10337 10276 3282
"717f32007c03d93a" 3256 5167 11699
"9fe510cbde220ef3" 6410 7334 1192
"6bb59f866f76b48c" 5955 1279 10879
"4a3f3e02f2c29e3d" 11355 696 3824
"431a4545db82d155" 4006 11993
"831dfdcfc2dfc989" 7946 6929 3256
"696b1a885c1faa12" 6704 4006 5167
"371dc7b39f322506" 11265 3481 10620
"ee3081cebcf9e861" 1279 3022
"9e1ba1a6dd5039e7" 5865 3663 8204
"86d8de83d627e766" 3190 2482 3631
"ca1704d20fb18072" 8819 5544
"9d995b911f96d523" 3824 8676 7180
"b7907d21cc662039" 4041 6653 11368
"31a372c3fc890a21" 3282 7946 7334
"36b325c82bb6006e" 10147 11699 1192
"87b9fef45a20178b" 2784 10276 4859
"950f35ca4c9e290d" 5844 2344
"2cf1a6a10a9e55ef" 10879 11355 5955
"6c94fedcb46bd193" 4747 6410 3256
"9644fbabee921174" 11533 4811 10620
"092605e4697acac6" 10337 5180 4658
"8ca6a58ab5550903" 8204 7946 6929
"e7b19c8ba61e0a0b" 3631 8819 5783
"822cf29b5d21a5ee" 11993 3022 5544
"8827359d6bc9d497" 6929 2784 7334
"2e26287e156058f3" 3282 11368 5167
"865b786b1c6638f5" 4006 6653 3824
"bfbaf7bec5279874" 3190 11265 1279
"72b3f0b6f769a15b" 5180 4658 3256
"996945e0faa9a17f" 10276 10879 11993
"b44bd0ddd230a4c2" 10147 7180 4811
"8b3c00df9270c46b" 10967 696 2344
"026fcde706c2bf33" 5865 2482 10620
"961dcdb9cebbe917" 11699 11533 8204
"f3b5c4b3b84e0809" 8676 3663 3631
"4c4fa1117e106169" 4265 369 11757
"18758d4b8e9e21c7" 6531 2989
"86150bce5879f263" 1872 9885 1686
"7ecb37e14eebbbd2" 5928 9737 5377
"902371fb07895ccf" 10844 6896
"94652dcf094a7e95" 11730 762 172
"275fe076ff7c6f5d" 8342 2791
"00cc649a20714803" 4453 7236 918
"d752f54a791fe29f" 4167 3159 298
"00bbbce86963c64c" 2502 629 2384
"39c838539782c6d4" 4526 11728
"e8bd0d995765d995" 4934 7613 8118
"cfc429e1855b460e" 8236 9811
"742c141b5510f0bc" 11742 2324
"70eb28216ea4e94f" 11745 10961 12120
"58e0b0ae5d87ac04" 8638 4055 931
"4a356a42345792f4" 6472 10127
"6ba023f34096035a" 8071 977 369
"7999ab673ebfe44f" 918 298 1830
"5eb7e3d9c5554bcb" 9885 4453 8342
"539fdc683c8bc6ce" 629 9737 762
"6525411efe87ec13" 2324 172 9885
"545c0a6157076e8c" 2502 2989 7613
"60d84796f54f5066" 6531 4167 2791
"fa417e0e06f04be0" 1872 5598 2384
"393f917a7b794a9d" 11757 10127 11730
"a1b9b8fc0012443c" 11728 6896 10961
"56581d0a7e7de0fc" 4526 5928 8118
"28d870e68461fca0" 4934 10844 4055
"0be9b37aef63f142" 11745 1686
"6e38d32ce7a6901a" 12120 5377
"928de2630cfeba12" 369 8071 172
"91c451f7c7264b83" 4265 9811 6472
"784529e1855b460e" 8236 11742
"8db6779652c6872a" 3159 8638 762
"bd4efa7042dbd44e" 977 11728 9737
"6d967bae66afa38b" 11745 1830 918
"15c353ca5ea98b2d" 2502 2791 3159
"46e2de6f111350e3" 10127 4453 9811
"a36f7d25d4faea6c" 931 2384 4934
"92536a42345792f4" 6472 2324
"2d500e01c5c1d1ac" 2989 6531 11757
"88539e1493bd70b3" 7613 8342 10844
"3b841e5cfa9a128f" 5928 11730 12120
"b4128283e25cd3e8" 10961 5377
"8ae3d76c360ab113" 8118 762 8071
"3fef755a1393e9c1" 1021 6896 629
"24bb130fd6f3b395" 2380 1080 5493
"d5b17d24b3a80bb1" 8787 2297
"39b9943a29c24fbe" 9984 7974
"75e79e0744549242" 5019 2379
"dbdd142d73e4f5a8" 8693 5023
"3c4a4de155030c3c" 7974 10925 7643
"fd2db38c0e38f63e" 8696 10714
"36ab01dacbe46a69" 7539 3027 9656
"352de97b8621383c" 503 5019
"3b12b75a8f403458" 10925 2962 11851
"9ec9617d8e67d9ac" 598 3395 8243
"7cf1b419c259ba29" 4739 4324 11119
"4ec70df951842eb6" 2400 10647
"31f4757c3decb0bf" 10520 3402 7984
"5f8396115f159786" 2962 5083 491
"70763d4858df4d2a" 653 8465 5004
"124e2fbd821928d6" 8143 12027 6066
"4a8d34e47bc8ac8a" 1890 946 5023
"8eebf0b2a4bd4d2a" 2581 3027 11851
"0a6e69f153947019" 2297 4324 1890
"0862c5f6d1d02719" 2297 11119 7539
"c5d994c835fd6e7e" 3149 5493 4109
"ad794dc8c9726d0e" 11746 12027 2400
"89ee4cafa131cd46" 8465 6066 5004
"bf4f56cdd7156d3e" 5023 10925 946
"2772cb54ea868da3" 5083 7974
"1fafefc99c121088" 10714 598 2400
"c1e3a38575578759" 6374 5493 2380
"cbb77e924e359c8b" 9656 10520 3395
"cc190a25ad560c59" 491 10647 8693
"28b62b54bc913a36" 11746 8243 7984
"0f0cdb655ca4800e" 4109 3027 5019
"277584d1c7235097" 9984 8787 6066
"8e29fb71e245ebe5" 10511 8696
"f1ae8c6d58c8f667" 8693 4739 946
"4e29bf8f80be218d" 12027 8696
"f62a170b2414b716" 10925 2297
"fd0109d7b942e363" 11119 10511
"88f68bfe5a941b91" 11851 5004
"e81f23da8de97334" 6066 653 10714
"f59c9e1de193c237" 3989 7974 2379
"8599218cc3280931" 7539 3402 11746
"0079f85ac2f822a2" 1080 7643 2400
"4cc404cce7ce91ab" 598 2581 4324
"a8e0a6abfe55e4eb" 503 8243 5083
"cd52f595243b0511" 3149 5023 491