"f715e3edbf08b2f0" 1845 4897
"9f41388949300857" 11198 9183 6575
"60eb34cc5d439f74" 12117 11784
"2f271dfbaf1baf93" 10001 1896
"2cf26fe5504b782f" 7733 9632 348
"0fbe2953305db4d2" 11660 1175 9552
"e3937c815964f4bf" 525 6120
"77bea47540627fac" 1630 5060
"171a19ad369e6fd6" 1175 11190 1723
"5af779a0e7f3739e" 9570 11198
"7226112946fe839a" 6731 4455 4448
"2699f78ca53bf5c0" 11893 5766 8078
"4e1ea476d6b56871" 9081 2740 150
"8cc354ee14214e0c" 8273 5090 1548
"404c92f06353c8c5" 8496 10023
"9cd481f02661ad50" 7168 8284
"ae39aee71792d9ea" 7441 10848
"484d8aa05c601fd8" 2547 4980 2540
"9d32b24d58f1637e" 852 6696
"4d8c03864a8e2947" 348 1723
"355fb255109bbb03" 5060 7733 1845
"561a34cc5d439f74" 12117 4455
"473bb03d65185d61" 77 6575 2227
"dca429b0712605a2" 525 6120 10023
"c9f8ec41f4748f50" 2740 11784 1175
"7c12309dd809355b" 5090 4448
"a6fda47540627fac" 1630 1975
"6240c9d41d5f185d" 8273 8284
"138b2581b58a2e81" 6680 11660
"67d99a5e4ef6867c" 11190 6731
"1b0804d34f771ba3" 5060 9552
"c1efc512d85618df" 2540 2227
"a83caf1ad30215fb" 7441 348 8284
"6f94067f4462db9c" 9570 9183 1896
"8cf3f4d7db0b68ad" 9632 5766 10001
"c2ca26363e83498f" 11893 8078
"973381f02661ad50" 7168 1548
"3f97e7c69e415e33" 9081 4897
"5a62933ffab865e9" 4980 852
"4d2257c20f9832dc" 6120 10023 6696
"c4da349b491e4e19" 525 10001 8273
"317ec802a75ade39" 1723 4455
"ade1a86dae04f3dc" 1975 9570
"c8652944dfdbdfc6" 12117 1845 7733
"a7deb2e5d987072c" 2547 9552 11190
"c2b150740be458c5" 77 150
"464a233842c1d71f" 723 2944
"2abf051e9ef76473" 1416 11287 10278
"d131930c46331429" 863 4680 1141
"172ab8d1236e3757" 7872 7689 9011
"ae5091d07535496e" 9422 2135 3832
"53c7d89b84d1ccc9" 8113 2187
"fd1d3c713ebda643" 10843 1299
"ce1701c1b4657fc4" 4457 6634
"2cd5dd819d8a4156" 506 5240 9943
"1c270bae2287470e" 11918 9672 10002
"dc090bd184097a47" 1306 80 6602
"1fd9cfdb49c965c6" 6977 10437 126
"d57ee8c20d11c259" 10326 10258
"df93b1d1dd382012" 1124 11429 10895
"6db426f60b7db8f4" 5923 6345 10237
"3cdb9b9d1475ef2f" 2484 5328 8598
"a2098c7aba420264" 310 1416 723
"f5887147d2e91c34" 8113 126 2135
"3f2caa21bf2389e1" 506 4680 5240
"90cdbab004097601" 6977 6634 1141
"9a33cdd7cc1e8129" 5923 2944 10437
"6f42003b40c5e8b1" 6602 10002 4457
"3a324c32de9ba291" 9943 1299 2484
"e009bcab1081c98e" 5328 5342 10287
"97a0aac97067e97c" 1124 3832
"0afe0d3584bc341c" 9011 5270 11918
"01d08bb35737e4c6" 7872 9672 863
"0a3cc11c6c7abc76" 9175 10843 7689
"778fa5941de06139" 10278 2187 6345
"224a1cd550c0a2d4" 4680 10258 11623
"1db90bd184097a47" 1306 80 9422
"289ae1c622b54be2" 126 5342 10437
"782cd509c91f86c4" 6634 10895 6977
"4a9261b010e94b71" 723 3832 5240
"78848d02a9337fc2" 10287 8113 506
"a21e7c36318c2709" 9175 10258 1416
"d497b5f59b1539a0" 10326 9672 5270
"12599ac7592ebe54" 6602 2944 126
"34c692bf1978dfc2" 11623 2484 9943
"ea0c7d5a752387e8" 2187 5328 10002
"5dd2bc91a411ad46" 10278 6977 4457
"d2079dbac91a0622" 1299 4680 8113
"9c4185c2e77aa506" 2135 1124 10237
"22d8d1df21480339" 1306 11429 11918
"91e09f4d10d23835" 7872 5923 7689
"0270f9db0a7d111b" 5328 310 6345
"87b0e0fc0a906ba0" 6602 723 5342
"0a7919fe3004704d" 506 11918 11287
"66cedb638ee05e95" 2114 5829 10442
"0ddf112e475de9f6" 1282 9929
"e37e0d13b825a85b" 4742 11670 3041
"d30b40f7fa758a0b" 9433 8075
"07343203f8486b58" 2091 11705 287
"f1ed43e0a1ffebec" 6107 11379 9900
"dded3cd02948c999" 6173 154 4381
"f00d6fea3349d5f3" 8635 5132 183
"05dc507c73c0372a" 3334 5045 9760
"dea34c9f4efbc5cb" 7472 6180 9120
"f9fa1e2a2895d707" 3052 4545 4605
"f97cb7bfff65b539" 2181 12018 8383
"bbd2830e51e8941b" 10397 11583 7130
"1427f34843b2fa24" 9900 6468 11128
"ea969dcd7efb33f2" 3503 6810 3980
"c002476a69465b8c" 8221 7358 11128
"291f9de6048c8462" 9760 8075 7130
"79e0a754aa43b7a8" 8635 8075 5132
"f74e92f9f204bd2a" 10397 6035 3930
"e86bd53fbb63376e" 2114 154 3041
"a2c9f3dd4a220a34" 8370 9433 6810
"af7c536c054ce988" 8251 11670 9120
"2004f12851038fb8" 6107 1282 3980
"2c181a9dcbcbaab0" 4742 6180 3503
"201adb1a2fad2fbc" 6468 11379 7358
"4b8b9e257a681f5c" 9234 8635 10442
"a04ed5c8a21a603c" 2091 5829 4381
"478344f7f5a1c133" 11705 4545 4605
"a61a758ab9946284" 3334 8221 12018
"d93e1b43fdd766be" 6173 7472 8383
"8045b97e35a39412" 11583 5045 183
"01e4065e7c259a32" 3052 8075 9900
"d268daf896ea4daa" 3503 4381
"bcca27ed77dd1431" 5829 8221
"296f112e475de9f6" 1282 8075
"09cf54d6295cf12f" 9234 11705
"f88927ed77dd1431" 5829 3041
"52ee4d1ae79f9817" 11670 6810
"05d78738477954c4" 6035 9900
"3dfb684ca55e3ba5" 11583 11379
"74f1ac36eff3bf95" 4742 3980
"c217e56b0db3f2d4" 6173 3334
"c947a97afae2d2ad" 3930 4381
"1eab1f7cbd08af2b" 3052 11128
"46778a4991d56562" 10397 7358
"868b748aa11bc569" 2091 5132
"cc4a37ce4a1c5bd9" 8251 9120
"b7e64d8da144899d" 7574 3680 7372
"6ef995f0df906fa8" 12148 4245
"ee083c158fc17d6d" 3625 5401 9999
"26d094aebbcf2cbb" 11112 11693
"163407b1ffa6dc11" 7292 6312
"eb162e73ed945733" 5649 4916
"77a28c622ca23c58" 2947 5283
"c6dbf92134dc4985" 8314 5874 8527
"9ef0be738495eced" 6313 2471
"5bed2bc917587f27" 1788 11132
"6d057108d335b74f" 4992 7163 2318
"369b7a1a3d0c4a23" 9916 8369 577
"cb77ffb3dcbc4ba5" 4940 6876 155
"070e8bacdfbaa338" 8516 5515 2036
"0481d0a23c2beb10" 6547 10140
"def199e1dd795585" 6930 6905 7517
"3d551886172b0a2f" 4175 965 8226
"863468e4224e0214" 11082 6329
"2150ce663ba1daf2" 5046 6312 155
"984ee22eecf9e216" 9916 3625 4175
"a4aa95f0df906fa8" 12148 6905
"c163225c6b99b32a" 8516 1788 5283
"ef274d8da144899d" 7574 3680 8527
"ef1d67bfece8c867" 5649 6313 2471
"043971d273814234" 11112 11132 2947
"7aa779f8fb0c20a8" 4245 4916 7517
"5fcf098a9f022757" 7292 7372 2036
"99a8832b631ba0e4" 4940 11693 155
"395e1d4d34c85f3f" 4992 5401 965
"f360d1096e942fa2" 6930 10140 6312
"00ff463aaddc3346" 10247 5649 7163
"df9d8baa5cc5ec6e" 11503 6547 5046
"44a82dc6d9266516" 8314 5515 8226
"76b7481efff7e3ef" 5874 577 8527
"b28826703434e322" 9999 11082 6329
"b89e223cf5c7c387" 8369 4916 965
"3d3d315dd322dac6" 9916 3680 2318
"7375683b14547119" 8516 4245 6329
"e4ccb5f2124322e1" 3625 11132 6312
"2e17c0d5732f353b" 7292 8314 5515
"a3089c7a0f3cd5a0" 12148 4992 7517
"f04cf52db9e2e68f" 4940 7163 155
"3d2944516a7d1434" 6930 5401 5283
"0064865a0b2ef8f9" 7574 8369 2036
"397cb327ccc16ac4" 3680 7372 2318
"19f4464693565ae5" 11112 6876 2036
"fb0fd263dc981576" 6313 8527 8226
"0cc28cbd83b86f9c" 3819 1215 11489
"1f57d31ecad8e503" 133 6787
"540a9e7b1caea408" 10747 5410 3855
"e22fbf4bc95277fc" 151 11586 3164
"178ec9c98eed8964" 128 132
"9a04baed8a1c40de" 10145 2511
"db0e2e9307cd1718" 2506 10096 5354
"78216f8b6614bfc0" 11612 5230
"541b545fb97101cb" 6919 918 63
"9b7db62bf26bdbcb" 10675 11911 5290
"c523476d16a90e0a" 315 1072
"7ae35685c19eff46" 8091 11675
"ec30578faae4b9e6" 8034 2494 7469
"604fba7a38d4fd03" 5258 8471
"b0d59a955fbb8d66" 5232 6886 1060
"29bcc30534bfa5c1" 4275 4021 685
"88567abd4284277a" 9294 1735 7014
"704c4d0a4a46c89d" 7201 685
"f319547126c7fdff" 1215 11359
"18e8a0d1b953b7cd" 3819 10747 918
"be82512983fd63c3" 5290 3164
"c955476d16a90e0a" 315 10096
"eafa505534249d45" 8471 1060 8034
"dd1885db75266e15" 6886 11586
"6ef68179189eb426" 151 128 5230
"1656baed8a1c40de" 10145 11911
"5be5e5f6d712f6b8" 11729 2511 1072
"5e5c416d226eee27" 8091 7201 11612
"0ddff42284369741" 6013 2506
"fca51f35759a269c" 11489 4021
"0ee960ccfe8c9889" 7469 5354
"d8db5c0cffd684bf" 3855 11675 2494
"1952ae93f11d3086" 132 5232
"44f57abd4284277a" 9294 1735 5410
"1eb7405946f61398" 4275 7014 1215
"e1ce41f4a90b8952" 6919 918
"2be1b194dee1fd8b" 10675 5230
"fe5a9f2807bc20cc" 269 6787 5290
"7dd504799ac71a1e" 133 5258 63
"c45a2b6d194c5aaf" 3855 3164 10096
"316cc892df3631fa" 7201 315 11586
"711b5ab5869ee4b0" 11359 8471
"f5b6979ccc618aac" 2511 1060 11675
"0e75ce838e7edfa5" 11612 6886 7469
"ee0aa6a97c66ee1a" 5258 11911 5232
"03d9d0e9633afe67" 6013 3819 4275
"30feb8b89e63419f" 11729 10675 5354
"c65c629d14cc7b80" 151 10145 6919
"ae4102c65cc09773" 4273 8422 11418
"47bf8dc51e82d900" 4693 9334
"339f21edad6bae3b" 1914 703 12141
"21384055e8ad1ff9" 8361 342 602
"e7a5f239052af36d" 11751 1174
"36f8aefa752d6918" 633 5521
"198a0d88267b5afd" 6677 10705 5774
"6a6f4bc1c49cdcd5" 1954 5503
"5decc282fbcbecad" 6753 8645 4162
"06b3d0250b37c518" 5540 1615 3216
"1f721514358349a4" 9145 11743
"d2f3030b7ad4f5cd" 5945 1947
"0a5cb08b5135c51a" 8803 3692
"5d894bf7e5548361" 2578 9986 5776
"4673a92595a7aef7" 380 11179
"9322be62a6867233" 5603 11653
"1e3a6484527de997" 9526 5430
"7479e20cbe06b0e8" 4007 5965 1174
"c73f4bc1c49cdcd5" 1954 4693
"6f810485bc7fe9cc" 11615 5945 10705
"73c5f239052af36d" 11751 1615
"3cab51b4f0f086c6" 4162 380
"e23f4d1b28553358" 7911 8262
"74f3697abe92df10" 1914 5776 5540
"3eadfdaaa32c0bc2" 342 1174 9526
"d8969904ec116104" 602 12141 5521
"8af253eddb323fe2" 5503 10705 11179
"633f16ac411c5bfe" 5503 1174
"c95bf353eea2e8d6" 703 2990 8422
"940622bf059b1e14" 8793 1954 11653
"5db995d215865d08" 1174 9986 3692
"53a5018dc29b2933" 9145 5774 6677
"b3315b8bdcf5b053" 11418 6753 1947
"2da7d32d286c2b4b" 8361 3216
"7b6fa0ecc96fecfa" 633 11751 2578
"9f8db08b5135c51a" 8803 8645
"5a2db8d1367c4556" 5981 9334 633
"f41c85222b272dfb" 6677 5521
"8cd7b281ef2e1d59" 3692 11743
"3140cb069bffaa6e" 5603 9986 4693
"428f238da70dfbb4" 4273 1914
"7aaaf1601976f813" 4273 4162 11179
"e0d57c9e431e1f01" 9526 11418 5965
"b7f95b8af9b8ca6c" 2990 11751 8793
"2daf6b00a4791b85" 1615 5776 2578
"79721514358349a4" 9145 11653
"4526e1113e45b68d" 4007 5430 5774
"673e3bbc086bbbcb" 1161 10964
"b64796209c638c8b" 11646 9224 2828
"32445b078c8e2102" 1035 7527
"c0e9a5e3c0b3ab4d" 11521 2386
"4d151dd9e30dca2e" 8581 2406
"9417cc4e2b81fccd" 9377 8559
"be5caef2c9f27472" 7850 10957 7487
"174871853a2a66e4" 1875 3839 11946
"707645327df73228" 10814 1268
"5137e25832ebbcb4" 9329 4523
"3a8f5226ee0ae38a" 5447 5488 4299
"4d3122d34f7a20dc" 6161 2998 7316
"a61f34cbf18ef72f" 5764 10290 12147
"f0d772694065d981" 6149 6136 2017
"2f5e94811f8998d6" 6016 4869
"e45867864f36b5fc" 5660 1397
"dff2b303ce0ae827" 6775 4805
"68318ea961a68dde" 11953 7388
"fb3949fc812a43e9" 1594 12000
"f055a12ab38e712c" 9377 10957 10964
"831835984c189094" 2017 1875 8559
"decd38bb5b588aa7" 1268 5660
"b905f3bc6481f4ad" 7316 11946
"c9b21cdee45181ff" 6161 3839 7527
"6b108ea961a68dde" 11953 2828
"cee0caadd1024d33" 7388 1875
"0353b303ce0ae827" 6775 6136
"e6604d47f57029d2" 1161 10290 7850
"527b79f6f7de49e6" 11521 9224 4299
"1718352b154cee77" 5764 11953 5447
"cd16c7c071981607" 1397 10814
"5028fe01182d1ed2" 9329 7544 1035
"1f0af557e6903345" 2386 6149 8581
"7693e9eff212a1b3" 2901 4869 6016
"3541147e0a0e63fe" 12160 2406
"fb079419ad6af48a" 4805 6161
"2ddfb03b6a5be441" 12147 7487 4523
"3ef68ede81d9d3f3" 5488 7850 9224
"d1a65f3d0b4a27e6" 2406 12160 11646
"5a5c6186409ff4a1" 2901 1594 10957
"962d92038128cdb1" 5447 9377
"b7b4644d8e9a58ff" 5660 6016 2998
"6fdf12e27dafd47e" 10964 4805
"5c2b23358180186b" 12000 6136
"cb099c44e8eb733e" 7316 8581 10814
"fa656086f6d4b92c" 12147 4523