"b851f486f5195f22" 38 16313 39152 13 357 171 13120 14779 566 13121 553 499 2305 13 21051 61 3302 6603 171 39153 13 553 1034 13511 353 5141 39154 39155 13 553 6492 6493 6494 13 388 373 39156 32884 4 13548 -1 -1 0 0 0 0 6 5 7 2 3 2 3 1 3 2 0 0
"fe1218217c44f277" 25 39157 1160 1162 13 548 362 39158 553 11637 2374 18 6711 188 27981 13 553 357 2652 21051 2 21052 357 1331 16027 4 13549 -1 -1 0 0 0 0 7 5 9 3 3 2 3 1 3 2 0 0
"0990ac6201cbcf58" 44 520 606 150 1507 13 191 23 297 8486 13 553 9320 353 17692 13 357 6371 2652 20077 13 553 57 21097 39159 13 57 188 15079 787 13 553 345 521 3529 3123 13 1580 106 6631 1533 13 87 3195 4 13550 -1 -1 0 0 0 0 8 6 8 2 3 2 3 1 3 2 0 0
"56238aa6359c8eb5" 41 34 26 171 39160 2 39161 171 18200 553 357 26 6911 2439 39162 171 39163 553 11617 4403 39164 1315 11897 553 357 373 61 3302 13452 1122 39165 5581 553 3722 1109 150 13 113 1109 11042 39166 4 13551 -1 -1 0 0 0 0 7 8 8 2 3 2 6 1 4 5 0 0
"56cfad4663ff9035" 45 25892 5911 39167 39168 39169 353 553 39170 61 171 2312 2 39171 39172 39173 553 9382 61 2312 13 1990 93 9719 357 553 8373 39174 13 87 388 357 1842 3751 3401 39175 13 553 357 134 39176 102 9444 4648 39177 4 13552 -1 -1 0 0 0 0 6 5 8 2 3 2 4 2 3 3 0 0
"ef5e5dd66dca59f0" 43 557 39178 3093 457 712 6238 13 553 357 3998 39179 421 13 1580 5140 61 1641 39180 13 553 596 191 6619 2356 13 87 2240 171 6892 39181 553 357 150 956 36 7412 1101 13 174 616 12463 2240 4 13553 -1 -1 0 0 0 0 7 7 6 5 4 2 3 3 4 4 0 0
"6c41a3e1b816faff" 44 87 731 2245 8380 723 39182 13 2506 39183 737 2018 553 1550 35 361 8024 13 1580 30698 39184 449 553 113 347 29050 39185 8213 23548 41 188 901 39186 553 720 564 412 3320 13 357 1194 3923 367 5773 4 13554 -1 -1 0 0 0 0 6 4 5 4 3 3 4 2 3 3 0 0
"5156a608e4ea81b7" 37 39187 14758 13 2652 607 1095 146 93 13160 13 553 39188 4702 566 774 13 1988 4638 742 9214 13 553 139 39189 39190 110 504 13 171 27882 95 150 36 39191 4 68 13 13555 -1 -1 0 0 0 0 7 6 4 3 2 2 2 1 2 2 0 0
"cfb08ce44f4401a7" 52 1868 13 10885 10886 1821 13 87 2813 39192 13 553 347 39193 15225 25 188 823 39194 4 553 150 4391 39195 16496 34 566 1148 13 39196 3998 553 35 1667 20 10400 188 39197 14077 13 423 1148 4 553 39198 1016 977 13 357 1765 39199 2869 4 13556 -1 -1 0 0 0 0 7 5 6 4 4 2 2 2 3 3 0 0
"42b44ef5931142d3" 54 39200 39201 13 28 5180 5181 39202 14779 553 1013 44 39203 13 39204 13 39205 13 297 20801 20801 20801 20801 20801 20801 20801 35 14353 110 553 28 5180 5181 1122 1376 13 1990 34 39206 39207 553 357 341 1352 13 1109 1589 4393 13037 1841 20 39208 3110 229 4 13557 -1 -1 0 0 0 0 6 7 7 3 3 2 2 1 3 3 0 0
"269b9535e8122e78" 37 2304 39209 13 39210 1113 39211 553 347 7235 39212 367 93 1246 39213 13 342 24387 4899 553 39214 87 39215 39216 553 37909 6433 13 1589 39217 39218 15048 25926 39219 39220 39221 15050 4 13558 -1 -1 0 0 0 0 6 6 6 2 3 3 4 3 3 3 0 0
"c79c54e9be8d16f3" 32 27209 482 106 1817 24872 3287 39222 553 34 3302 39223 13 6088 1745 39224 2 39225 553 4647 13 39226 2675 408 19016 39227 39228 1925 6614 13246 4 68 13 13559 -1 -1 0 0 0 0 8 7 5 4 3 3 3 2 3 4 0 0
"3ab2f3e12b8fb2c3" 29 4417 13 34 26 3166 568 14253 13 553 357 8588 150 39229 13 359 171 5555 12298 13 553 2905 95 3663 39230 8148 14849 14850 68 4 13560 -1 -1 0 0 0 0 9 8 6 5 4 3 3 3 4 4 0 0
"ece4b7c2a7382ba7" 34 14116 417 2841 39231 6417 17065 6892 66 13 14079 553 19843 39232 17652 39233 1015 102 39234 13 553 2 2 2 1580 66 1013 1778 13 347 7428 39235 16069 6057 4 13561 -1 -1 0 0 0 0 6 6 5 4 2 2 2 2 3 3 0 0
"b9e0227fdae8e804" 28 35 373 4160 4161 357 7933 553 1071 4361 150 36 15773 1374 1862 553 1109 17479 39236 39237 39238 553 8111 1109 1545 2 799 628 4 13562 -1 -1 0 0 0 0 8 7 8 3 3 3 2 1 3 3 0 0
"f598703802641e4c" 21 150 36 10698 3302 39239 13 4773 4757 8301 5136 553 553 95 1693 1525 799 13 3220 1109 39240 4 13563 -1 -1 0 0 0 0 7 9 9 8 7 7 7 2 9 5 0 0
"dacf65e1147a6271" 23 330 35 388 18439 8896 13 95 340 388 357 2090 553 188 394 703 305 13 2 151 367 347 32887 4 13564 -1 -1 0 0 0 0 6 8 8 8 7 8 8 2 9 6 0 0
"1436751d466f4432" 15 34 3241 13 1580 7721 10567 13 553 2 188 7086 87 607 39241 4 13565 -1 -1 0 0 0 0 8 7 9 7 6 8 8 3 8 6 0 0
"1dcf7232eef6ea4e" 24 191 34 26 87 171 1828 13 4192 10082 9702 13 553 66 574 13 35 1405 87 113 61 297 722 1487 4 13566 -1 -1 0 0 0 0 8 8 9 7 7 8 7 2 9 6 0 0
"4f354143524fee19" 22 34 26 39242 95 340 13 34 1376 357 14764 553 66 13511 353 13 2 1109 2731 116 39243 5399 4 13567 -1 -1 0 0 0 0 7 9 9 8 7 8 7 2 9 7 0 0
"ad931be223040c19" 22 34 1376 357 21657 13 1580 11617 61 8692 553 188 394 44 305 603 4824 13 1071 87 1990 39244 4 13568 -1 -1 0 0 0 0 6 9 8 8 8 8 7 2 9 6 0 0
"ddef5259b25ee41a" 20 34 26 297 8486 1250 25 13 1669 9320 553 66 13146 1834 13 1071 2049 361 39245 39246 4 13569 -1 -1 0 0 0 0 7 8 8 7 6 8 6 3 8 5 0 0
"d20602d6f981fa36" 19 134 1109 1110 9444 39247 39248 13 553 2 9358 1013 890 95 1342 188 7926 484 305 4 13570 -1 -1 0 0 0 0 6 8 9 8 7 7 6 3 8 5 0 0
"8b7faeefead1cc08" 22 2 28 772 87 484 305 39249 474 34464 13 553 66 113 478 4702 13 4638 4505 621 116 39250 4 13571 -1 -1 0 0 0 0 7 9 8 8 6 8 6 2 9 5 0 0
"87f794ded7f32e98" 24 66 23 24983 2286 13 1580 14758 150 36 13 553 4417 13 87 61 2735 146 1923 22649 4 2 1013 1778 110 13572 -1 -1 0 0 0 0 8 7 6 6 7 7 6 3 5 5 0 0
"30d9462a41a5821a" 17 188 394 2696 39251 10567 13 553 87 4970 357 297 39252 15257 13 87 4647 4 13573 -1 -1 0 0 0 0 8 8 9 7 7 8 7 2 8 6 0 0
"c27e85404a55c964" 21 596 6619 2240 371 13 2 1016 23334 553 357 87 61 113 3405 845 13 191 34 3224 15340 4 13574 -1 -1 0 0 0 0 6 8 7 7 8 8 7 3 9 6 0 0
"f251c006ff8bd7a6" 19 8373 9381 2826 2485 13 3253 16196 4110 553 28 5180 39253 13 34 39254 731 39255 1029 4 13575 -1 -1 0 0 0 0 6 7 6 6 7 6 6 2 6 5 0 0
"043807d5ef4e3acb" 22 14116 417 2841 13 1580 39256 388 1886 39257 13 553 357 3327 188 18906 12783 171 15471 13 22194 17459 4 13576 -1 -1 0 0 0 0 8 8 7 7 7 7 7 9 6 8 0 0
"543f22df16ea08d6" 31 150 29023 2869 13 191 13120 18512 737 347 4 553 188 394 113 29921 3081 228 9630 13 553 2 305 24199 13 150 7187 729 504 1606 39258 4 13577 -1 -1 0 0 0 0 7 7 6 7 7 6 6 6 6 5 0 0
"cde3ecd17a7b07f9" 21 720 23 545 3497 39259 2 3320 13 553 357 87 150 367 1228 13 297 520 606 150 1507 4 13578 -1 -1 0 0 0 0 6 7 6 5 5 6 4 3 4 4 0 0
"0b8cec45b7723f33" 39 34 26 39260 4415 13 603 1639 39261 13 553 15047 2618 367 13 34 1861 171 6338 5343 4 553 15993 16027 353 13 28 39262 39263 13 553 345 63 61 15050 13 39264 1109 480 4 13579 -1 -1 0 0 0 0 7 8 8 6 6 3 7 6 8 5 0 0
"4ac5682850d9d42b" 19 5140 1693 2777 799 39265 13 553 4773 4757 5136 553 13 39266 2 39267 39268 1016 39269 4 13580 -1 -1 0 0 0 0 5 4 7 4 6 7 2 5 6 3 0 0
"10ee03c50401eec4" 30 34 26 19805 13 12630 7543 39270 12632 13 553 150 36 1808 39271 1101 13 113 7231 39272 4 553 22957 39273 1 9498 13 39274 36856 39275 4 13581 -1 -1 0 0 0 0 5 7 6 6 5 5 4 3 5 5 0 0
"6c73002f86987c95" 17 6371 6927 4111 2824 13 553 1801 4107 39276 6433 13 2 34 186 25 976 4 13582 -1 -1 0 0 0 0 6 5 5 5 4 5 2 7 5 6 0 0
"4601c76067ce08c0" 30 14076 61 2963 14849 14850 13 553 14758 2 39277 4 553 171 132 150 36 14979 2265 20 31676 13 553 2 13511 353 13 4793 5441 39278 4 13583 -1 -1 0 0 0 0 7 6 7 8 7 3 6 4 8 5 0 0
"0d92244e20ed5299" 41 39279 515 47 39279 349 13 553 342 39280 22253 13 150 39281 487 36 4 553 160 6158 7392 4505 13 2006 1510 150 388 1655 13 553 357 150 87 1507 13 41 93 4899 44 353 22637 4 13584 -1 -1 0 0 0 0 6 5 5 7 6 4 4 5 5 6 0 0
"c10d4084f2b64b4d" 34 2 373 1817 2863 13 63 39282 13 553 357 95 11548 355 13278 13279 13 412 39283 39284 4 553 188 35822 39285 11916 13 1232 188 2170 39286 2 39287 39288 4 13585 -1 -1 0 0 0 0 5 6 7 4 6 3 5 8 5 7 0 0
"c98cee86747a85e3" 22 357 20 95 1403 13 66 3070 10082 9702 13 553 87 61 39289 5140 340 13 38 388 357 2090 4 13586 -1 -1 0 0 0 0 7 6 7 6 5 5 3 4 4 5 0 0
"83f16abe0d6e9c6a" 22 1016 3230 467 13 713 17 11617 5531 13 553 2 2969 6838 39290 13 347 8790 1842 20 34 6282 4 13587 -1 -1 0 0 0 0 6 5 5 6 6 4 3 4 6 5 0 0
"b97c1c7007bf8e67" 40 23551 39291 13 188 39292 15079 39268 13 553 2 66 478 4702 566 93 13 31158 39293 10686 39294 39295 38478 13 553 13588 1823 13605 13606 13607 13585 13 87 388 357 2090 13 39296 2 2092 4 13588 -1 -1 0 0 0 0 7 8 9 4 6 3 5 6 8 5 0 0
"a5c93721037ab674" 24 66 23 87 6785 6786 6787 4415 13 38 15463 13 553 63 5248 39297 39298 13 1656 11488 13 1109 39299 6132 4 13589 -1 -1 0 0 0 0 8 6 6 6 5 3 3 6 8 5 0 0
"82f2543da442b986" 37 188 200 1522 15495 1808 39300 13 76 61 102 22227 13 553 41 76 61 15773 13 347 304 39301 1022 39302 13 553 2 26 1842 39303 13 66 18 3338 53 39304 39305 4 13590 -1 -1 0 0 0 0 6 7 7 6 6 3 3 4 6 4 0 0
"0c66b54fddd375b2" 22 718 13 4451 1103 4623 4452 13 63 4453 13 553 357 66 320 13 1580 6619 2240 3715 367 2785 4 13591 -1 -1 0 0 0 0 5 4 4 5 6 7 3 4 4 4 0 0
"8b8743527a804ede" 59 34 108 6727 39306 24943 13 2446 1351 13 553 357 15993 16026 16027 13 66 347 36 326 13 63 34 47 34 4 553 1370 150 36 34 13 1488 39307 35 39308 39309 39310 39311 489 2809 13 553 357 1868 39312 61 39313 13 2 87 96 39314 39315 13 2 10885 2321 1821 4 13592 -1 -1 0 0 0 0 8 7 8 6 6 4 5 4 7 7 0 0
"f381ef8238791b59" 27 297 8486 4715 17196 16605 16605 16605 16605 1881 9320 13 553 357 5180 150 388 504 1720 13 20 373 3003 39316 39317 417 5272 4 13593 -1 -1 0 0 0 0 7 7 6 5 6 2 3 1 1 1 0 0
"c2451ea74205993a" 18 1013 1778 116 39318 13 553 150 36 853 1101 13 1580 23 113 39319 2 7664 4 13594 -1 -1 0 0 0 0 7 9 8 7 7 1 2 3 1 4 0 0
"ae396219b31c78f4" 30 596 6619 2240 23540 13 2 3715 13 553 357 66 347 1379 13 23 9444 39320 39321 13 553 2042 2396 13 1071 38 340 504 36544 37276 4 13595 -1 -1 0 0 0 0 6 5 4 5 6 8 4 6 2 7 0 0
"654eae380ab63d81" 25 95 3009 61 2456 12749 1179 13 553 39322 39323 460 39324 4467 4 553 357 23 2891 5011 6398 13 20 731 840 4 13596 -1 -1 0 0 0 0 7 9 8 6 6 7 3 2 8 5 0 0
"84821288eb176fea" 35 191 39325 1688 13 87 744 39326 13 553 357 346 796 87 1297 13 8380 5606 93 3348 16605 16605 16605 16605 2 4 553 39327 113 9459 1319 13 39328 39329 39330 4 13597 -1 -1 0 0 0 0 7 8 8 6 5 5 5 1 1 3 0 0
"8feb335eda624e5d" 33 357 8380 150 2200 471 13 4330 39331 13 553 17196 16605 16605 16605 16605 13595 417 39332 737 26987 39333 4 553 357 23 39334 4862 26456 39335 13 5262 1192 4 13598 -1 -1 0 0 0 0 8 7 6 4 6 7 3 6 1 4 0 0
"ab75597f6e58c21e" 34 796 11688 39336 61 703 704 2 13 553 7215 171 845 774 4595 39160 39337 4 553 6198 774 7309 7949 1033 13 2 5374 4462 39338 39339 16605 16605 16605 17135 4 13599 -1 -1 0 0 0 0 6 5 7 3 7 4 1 2 2 5 0 0
"3764b203373ad059" 44 117 774 8217 13 347 4 25398 25399 25400 13 134 102 39 171 14149 13 553 19416 20 14518 13 95 60 55 39340 286 11527 2 2941 349 39341 13 553 286 39342 1043 13 2 1807 774 171 21758 68 302 13600 -1 -1 0 0 0 0 8 9 9 7 9 7 6 3 6 4 0 0
"5ded558ebdf3262c" 35 286 25398 25399 25400 7539 14253 134 774 6897 13 553 191 87 15391 297 39343 13 347 39344 330 1842 1425 39345 4 553 357 39346 4537 2700 39347 2 39348 357 39349 4 13601 -1 -1 0 0 0 0 9 8 8 5 8 7 8 3 9 4 0 0
"15d8933da79d0a9f" 37 28 11713 1033 18715 13 1383 10755 39350 13 553 39351 25 34 32293 171 39352 11714 13 39353 4 553 1109 150 36 39354 11760 13 39355 39356 566 39357 13 39358 330 39359 39360 4 13602 -1 -1 0 0 0 0 7 7 5 4 7 6 3 4 3 5 0 0
"fddd30ba79dd5e8f" 44 171 39361 796 39362 150 1297 13432 39363 39364 39365 13 553 347 4330 330 8491 16605 16605 16605 39366 39367 39368 13 553 117 34775 1453 2564 1089 2 39369 4268 39370 13 347 847 116 92 10266 113 10623 1930 1697 4 13603 -1 -1 0 0 0 0 8 7 7 5 6 5 1 2 1 4 0 0
"eb0a3ddd043ce2e9" 28 7303 7456 39371 2 3282 9678 39372 13 553 28499 1047 39373 39374 2999 13 553 39375 39376 150 39377 13 102 1109 1587 39378 603 1535 4 13604 -1 -1 0 0 0 0 7 6 6 4 6 3 2 2 3 2 0 0
"7b793dcf1de93d84" 26 1361 355 609 5141 39379 4 553 6851 39380 39381 2096 39382 4 553 20 39383 305 2227 265 22878 321 14414 2 1760 1780 4 13605 -1 -1 0 0 0 0 6 7 8 3 6 7 2 2 5 6 0 0
"4c98b2a37ac0244b" 47 191 6678 25923 39384 23 457 545 13 553 357 2 4686 13 2 350 13 1109 1 150 305 32478 13 553 18135 25398 25399 25400 18135 7912 39385 18345 39386 2 136 7456 39387 39388 39389 6052 13 1034 774 39390 39391 7994 1232 4 13606 -1 -1 0 0 0 0 9 8 8 6 8 6 4 4 7 3 0 0
"7412b2cca60b082f" 38 7326 14651 39392 134 39393 39394 39395 13 553 4451 138 349 39396 3138 313 1 13 1780 39397 330 12114 4 553 87 24277 2 347 3440 13 330 1645 39398 9714 548 10055 1341 39399 4 13607 -1 -1 0 0 0 0 9 8 8 4 6 5 3 3 6 4 0 0
"9d19400a168f7743" 17 30949 727 2 39400 31451 731 39401 13 553 2 12841 7430 39402 2416 5772 12369 4 13608 -1 -1 0 0 0 0 5 4 6 4 6 7 9 4 2 5 0 0
"f72c32eab2f76831" 28 150 7178 388 1071 588 39403 330 150 3456 13 553 852 150 286 113 1604 2 102 1315 13 2 34 567 6459 1774 170 2151 4 13609 -1 -1 0 0 0 0 3 6 4 3 5 7 6 5 4 4 0 0
"0f369d1a7fddd1b9" 20 2337 5566 6239 2 8614 8615 13 553 357 415 39404 170 15838 2316 13 2 13247 394 13248 4 13610 -1 -1 0 0 0 0 6 7 7 5 6 6 8 3 5 3 0 0
"4bcc9ecb45599975" 15 3304 3038 524 13 1549 8522 39405 13 553 39406 4906 2 11602 39407 4 13611 -1 -1 0 0 0 0 7 6 9 6 7 3 2 6 4 6 0 0
"3744d67c4a060bc0" 24 4489 25062 27303 11501 8560 39408 13 553 6223 1670 481 347 8213 357 2310 13 87 1047 1199 10266 39409 4849 39410 4 13612 -1 -1 0 0 0 0 4 4 8 5 7 7 9 4 4 5 0 0
"7146bdc728e79e4b" 26 11713 1033 39411 2 150 373 463 13 331 3434 13 553 9071 32784 3302 687 331 1671 20 39412 547 2859 39413 39414 524 4 13613 -1 -1 0 0 0 0 3 2 5 8 6 4 3 7 6 7 0 0
"471d982a9ce37236" 17 23 2988 1807 35 9025 21768 61 39415 13 553 6851 6843 93 6853 6852 6854 4 13614 -1 -1 0 0 0 0 7 5 7 7 5 6 5 5 3 4 0 0
"5201ec09886e199c" 31 852 150 286 1604 113 1374 102 388 13 2 3324 347 1667 13 553 1071 637 2227 13 548 1510 39416 39417 13 87 61 963 2 134 39418 4 13615 -1 -1 0 0 0 0 4 4 3 6 5 6 4 6 4 7 0 0
"81b61ff20e17e9a5" 23 11342 5258 39419 11721 2 39420 13 553 357 20988 39421 92 3003 8380 1029 2 39422 24730 347 847 3368 2846 4 13616 -1 -1 0 0 0 0 7 5 9 5 6 7 4 5 6 5 0 0
"414d7e61fdddf323" 20 2200 471 8380 1144 2 532 5606 13 553 5482 2568 7564 2 4467 39423 38 4580 2 39424 4 13617 -1 -1 0 0 0 0 9 5 6 7 7 8 4 3 4 6 0 0
"47223e2ea6cb9a01" 24 706 703 39425 396 2 18663 13 553 357 22926 35672 29308 2 2416 5772 12369 13 553 402 321 1641 151 403 4 13618 -1 -1 0 0 0 0 4 7 6 5 6 5 9 6 3 5 0 0
"66595d164c838cc8" 28 30949 727 2 39400 31451 731 39401 13 553 357 415 39404 170 15838 2316 13 2 13247 394 1029 3746 347 14414 39426 357 5262 417 4 13619 -1 -1 0 0 0 0 5 4 6 4 6 7 8 5 3 4 0 0
"859207a66e709a99" 25 39427 18420 373 3411 14111 14112 13 553 347 36 188 39428 1663 410 151 13 553 13295 1552 13296 2 1622 61 417 4 13620 -1 -1 0 0 0 0 8 7 5 9 4 6 8 4 9 7 0 0
"3ad9a822639af255" 19 578 125 191 38299 102 9459 1319 13 553 2 7539 11042 39429 39430 39431 171 39432 1664 4 13621 -1 -1 0 0 0 0 6 4 8 6 7 6 7 5 9 6 0 0
"4bdb8302c8cedbbb" 23 117 774 9919 2 28 34 3845 4686 13 553 744 34 12160 35 87 1725 39433 5173 357 855 150 11000 4 13622 -1 -1 0 0 0 0 6 6 4 5 6 5 7 4 6 3 0 0
"3bb16e2f4cb36bf8" 20 191 731 840 6398 13 34 6459 737 13 553 3304 3038 524 13 12697 26 1983 39434 20690 4 13623 -1 -1 0 0 0 0 6 8 7 8 7 5 2 2 2 6 0 0
"39f954d3bfcd5532" 40 171 17797 150 36 11601 4906 11602 13 553 7303 7456 7303 7807 13 357 347 2861 417 3253 4 553 852 150 102 286 1604 13 297 102 388 13 553 1002 93 530 39435 39436 39437 39438 4 13624 -1 -1 0 0 0 0 6 7 8 6 7 6 2 2 2 5 0 0
"44181b1bc456a8bd" 42 7326 14651 14652 134 53 14653 14654 14655 13 553 39439 22200 504 13061 10245 13 87 61 9287 4 553 603 9455 4537 13 357 66 347 2626 39440 13 553 3324 347 1667 13 520 61 357 347 39441 4 13625 -1 -1 0 0 0 0 5 7 7 6 6 6 2 2 2 6 0 0
"01b0398a408747ff" 37 357 61 76 8614 8615 13 330 150 39442 13 553 17087 12783 326 12784 13 347 863 39443 4 553 8444 117 13 357 548 92 2650 13 553 9172 7312 39444 13 449 33686 4 13626 -1 -1 0 0 0 0 4 8 7 7 6 2 2 9 2 6 0 0
"2c7f75e9107c696c" 38 286 1807 171 12716 13 87 61 2135 36604 13 553 2 402 321 296 403 13 66 23 3437 39445 4 553 47 12987 13 3327 1109 14908 13 39446 4180 553 676 777 4241 39447 4 13627 -1 -1 0 0 0 0 4 8 7 7 6 2 2 9 2 6 0 0
"99b7443c73357068" 60 9456 13600 13627 13628 13618 13 33397 4546 13 553 1056 1047 515 1199 966 58 4849 13 357 134 574 1580 347 286 553 548 171 2062 2989 4093 13 102 21230 355 4 553 6198 3635 1033 7309 13 774 21527 39448 3963 553 39449 13 5034 39450 13 39451 13 2456 19314 13404 24587 2 39452 4 13628 -1 -1 0 0 0 0 5 7 8 6 7 6 2 2 2 8 0 0
"ce1648dae6881332" 48 286 102 1606 113 13 297 22263 13 25 553 63 13260 361 13261 53 13 2 1750 1298 4 553 373 150 463 3434 688 13 5279 14791 3048 113 13 553 357 373 150 463 13 297 102 1806 110 33 150 463 2615 68 4 13629 -1 -1 0 0 0 0 8 7 7 9 7 5 5 5 5 6 0 0
"1d8870c44b37cf2d" 45 11501 11502 13 87 61 13 39453 4 388 13 553 87 1644 1645 13 357 41 39454 134 13 150 39455 150 7178 388 4 553 39456 93 19236 1200 39457 39458 7949 13 553 39459 13 3221 4645 13 39460 2 39461 4 13630 -1 -1 0 0 0 0 0 0 7 6 3 2 6 0 0 4 0 0
"2e738423b00b1c8a" 47 2 1687 1688 13 357 1200 87 39462 504 13 553 7082 39463 39464 110 1071 637 2227 13 553 414 39465 2 3889 13 357 2245 39466 39467 76 1047 53 1131 39468 39469 39470 39471 39472 1013 39473 39474 39475 39476 55 55 68 4 13631 -1 -1 0 0 0 0 4 6 7 6 4 7 2 6 0 2 0 0
"30d91c9f3ddc515b" 56 2 1534 14253 1664 13 357 956 13 177 110 553 39477 39478 39479 39480 39481 13 357 5262 417 13 553 13665 1664 13 347 36 39482 55 2534 25 13665 134 13 553 357 386 20 3322 20 4632 14493 39483 191 36461 39484 39485 39486 39487 200 39488 39489 55 55 68 4 13632 -1 -1 0 0 0 0 2 5 6 4 3 4 2 3 3 5 0 0
"d0b862ca21c470b2" 62 2 8380 2200 471 13 3470 2441 1096 13 553 7303 7456 7303 7807 13 150 39490 7592 4 553 7326 14651 14652 134 53 14653 14654 14655 13 553 2 2651 53 1842 20 2337 275 13 35 76 361 547 5297 39491 39492 10687 39493 13 150 22340 4304 113 39494 39495 13 39496 39497 39498 39499 39500 68 4 13633 -1 -1 0 0 0 0 5 8 7 8 6 6 2 2 2 6 0 0
"6fff7a1e6385196a" 39 3009 2456 13 2 417 39501 13 553 6198 3635 1033 7309 13 774 39502 39503 4 553 373 150 463 3434 688 13 150 36 2439 39504 13 553 5709 39505 39506 13 134 61 297 23701 4 13634 -1 -1 0 0 0 0 5 7 8 6 7 6 2 2 2 6 0 0
"51af4b75c64a6541" 47 578 125 39453 13 1194 39507 13 11979 13 553 2416 5772 12369 13 357 3591 1669 13 150 362 39508 4 553 6851 6843 6852 6853 6854 13 553 39509 351 2 39510 537 2334 7645 39511 29819 2 39512 9398 39513 534 21596 68 4 13635 -1 -1 0 0 0 0 4 6 6 7 5 7 2 4 0 2 0 0
"fe430c126514e1fd" 76 703 704 705 93 706 13 553 150 388 39514 2677 39515 13 553 357 13 39516 39517 39518 13 5530 39519 39520 39521 13 3037 35 39522 13 553 39523 13247 13248 13 2 39524 2 39525 4 553 39526 13 14827 13 41 5852 474 19738 39515 13 39527 39528 39529 421 4 553 47 12987 13 87 61 2321 8453 39530 13 553 39531 13 2 1110 2696 39532 687 39533 39534 4 13636 -1 -1 0 0 0 0 7 9 9 8 8 5 3 4 6 6 0 0
"f1fa3117562820b7" 43 63 13260 361 13261 53 13 357 2838 61 39535 6644 13 553 47 39536 13 8676 39537 39538 4 553 191 12726 9459 1319 13 2246 5177 1487 636 13 553 2 2179 2180 13 150 4337 4445 95 6163 39539 4 13637 -1 -1 0 0 0 0 9 8 8 7 8 5 3 2 3 6 0 0
"13b84c907e9fd2d7" 18 21051 2 5870 25734 840 6398 13 553 357 34 6459 737 13 188 39540 1644 1645 4 13638 -1 -1 0 0 0 0 4 5 6 4 5 6 2 10 2 7 0 0
"9b26799defc967c1" 22 39541 7178 388 13 20 66 39542 15618 578 13 553 102 3148 13 39543 13 39544 20 3478 6800 19119 4 13639 -1 -1 0 0 0 0 5 6 4 7 5 8 6 3 8 3 0 0
"8a10609fc76f19e0" 30 414 7195 39545 722 6631 966 39546 13 553 357 2337 34667 2 66 39325 13 2 39547 553 347 441 442 3324 13 35 637 4326 2852 39548 110 13640 -1 -1 0 0 0 0 6 7 6 5 3 7 3 9 4 6 0 0
"ce52448a104e5c02" 41 13736 2 10413 13 2 1622 39549 150 11835 13 553 39550 39551 13 29856 14 146 21647 347 27327 553 87 61 297 20 39552 39553 39554 10127 13 553 357 1808 39555 9451 55 39556 39557 39558 3788 4 13641 -1 -1 0 0 0 0 3 4 4 3 4 6 4 5 2 2 0 0
"275a013b93a7053a" 47 796 10071 8776 39559 11751 13 39560 115 13 553 2 34 26 457 2092 39561 13 28 8380 13758 39562 553 796 10071 8776 171 11751 13 603 36848 2 297 11061 39563 13 553 357 297 20 39564 87 39565 788 39566 39567 39568 4 13642 -1 -1 0 0 0 0 8 8 6 5 4 8 6 3 4 4 0 0
"1a99bc846d1678b4" 47 66 23 12963 13 23 787 452 1145 3629 13 553 87 15337 93 39569 1033 13 2 39570 524 1022 39571 55 553 35 39572 1145 7396 8878 13 2 93 39573 10057 39574 13 553 1947 39575 2254 13 341 26859 39576 39577 55 4 13643 -1 -1 0 0 0 0 5 6 7 8 4 6 9 10 7 8 0 0
"9eb43cc279393323" 49 675 23 8223 39578 10198 13 39579 13 553 1751 39580 39581 13 17514 17799 150 36 297 890 13 553 4663 87 3970 16582 161 4855 13 548 1510 23772 13 553 150 87 7168 20 39582 13 113 151 87 3293 93 39583 39584 39585 55 4 13644 -1 -1 0 0 0 0 7 6 8 6 6 9 3 7 6 6 0 0
"a6410e1aa2169574" 42 11434 731 3951 12064 61 12624 13 553 20 1342 61 27996 357 10849 719 660 607 4159 553 87 150 36 87 38 10099 39586 13575 13 553 530 20 7033 9811 39587 358 39588 999 39589 39590 4 68 4 13645 -1 -1 0 0 0 0 2 3 4 5 6 5 5 3 7 8 0 0
"9f5b7ed454a99964" 48 347 66 3302 39591 13 113 1002 1696 2 7282 93 1817 13 553 35 21502 515 1669 13 357 2337 573 499 193 29593 33594 553 41 113 25667 39592 13 39593 39594 39595 13 553 25 11067 10099 39596 39597 645 39598 93 39599 39600 4 13646 -1 -1 0 0 0 0 6 7 6 7 5 8 5 6 5 4 0 0
"a21d93d3881578d8" 49 347 36 1568 39601 4304 13 499 7235 4703 993 13 553 534 305 349 16098 13 2 774 15976 372 93 308 39602 13 553 39603 39604 607 63 39605 5163 13 553 93 39606 1795 13 2116 38 729 188 39607 39608 39609 3048 110 68 4 13647 -1 -1 0 0 0 0 0 0 0 0 0 0 0 0 0 0 0 0
"4fa8b51c0810440a" 46 3436 1529 13 3436 8229 18781 13 553 28 4172 4173 357 610 504 11527 737 3635 1033 553 61 87 731 3951 12064 12624 35 39610 20457 27180 13 553 34 35 36 63 102 1863 13 113 34 26 39611 2 39612 68 4 13648 -1 -1 0 0 0 0 5 6 6 5 5 7 6 4 5 5 0 0
"76c4afc62924e4c5" 51 35 66 36 2321 13 63 39613 41 4623 10329 13 553 2652 15987 1643 39614 359 39615 297 359 39616 13 553 6851 6843 6852 1463 35202 13 20 39617 39618 3635 13 553 87 61 113 35279 39619 13 151 150 36 9057 431 93 39620 6599 68 4 13649 -1 -1 0 0 0 0 4 3 7 5 4 4 4 6 5 6 0 0
"0b37a49eab6ad2a4" 52 2 5881 13 18760 55 16318 359 9856 1712 1036 13 553 174 1016 1023 3314 417 1188 359 749 3906 425 13 553 66 3474 39621 26411 2 796 25684 39622 39623 13 553 39624 2 1109 3301 578 13 14453 313 600 87 5881 188 13377 39625 4 68 4 13650 -1 -1 0 0 0 0 5 7 6 6 7 6 5 3 6 4 0 0
"abcb252fb28008dc" 51 367 5374 3019 39626 39627 13 347 22882 10955 13 553 66 39628 4389 2 39629 157 55 31738 13 191 8380 988 39630 2472 14858 39631 13 553 2 66 117 39632 13 87 61 297 39633 13 553 357 39634 39635 6059 19805 39636 1765 39637 55 68 4 13651 -1 -1 0 0 0 0 0 0 0 0 0 0 0 0 0 0 0 0
"ab6816b075ff4c8e" 43 1013 722 573 367 13 417 35 1667 34 29616 13 553 113 25 487 13 4155 61 113 171 3727 102 931 16496 553 34 26 39638 13 39639 39640 13 553 2 66 23 10099 39641 39243 39642 39643 1561 4 13652 -1 -1 0 0 0 0 0 0 0 0 0 0 0 0 0 0 0 0
"ab4781f3ad1796f4" 32 66 9242 188 9243 13 2546 39644 6892 13 553 4862 3514 66 573 367 13 1194 87 36 2176 113 110 553 357 1523 102 95 2 2905 113 11852 4 13653 -1 -1 0 0 0 0 6 6 7 9 6 5 3 2 8 6 0 0
"68960336b5ebec6d" 38 39645 39646 68 429 5775 553 68 435 1109 1110 553 188 150 9499 171 5630 39647 6324 13 102 5870 286 39648 4 553 357 2696 14257 1109 23 21133 2 435 39649 18647 1735 2028 4 13654 -1 -1 0 0 0 0 3 6 7 6 5 8 5 4 4 5 0 0
"93a24b2eb6918926" 40 188 12361 61 5518 13 1232 102 1552 22335 553 87 727 2436 10428 2 22042 61 2050 39650 39651 1464 4 553 357 66 1857 1858 1859 1860 13 14 35 39652 504 1913 607 953 5463 319 4 13655 -1 -1 0 0 0 0 9 7 8 7 6 6 5 3 8 5 0 0
"d8252e5dcfad09dd" 30 66 23 6052 660 2 39653 39654 553 13399 9269 5358 2 39655 1854 4 553 188 660 39656 39657 17924 14060 357 66 731 888 4326 1463 39658 16483 13656 -1 -1 0 0 0 0 4 5 7 8 5 7 6 4 3 6 0 0
"4b1f395b03ef0791" 28 41 1052 1298 9709 9710 13 66 2136 39659 39660 39661 553 34 39662 39663 39664 39665 39666 553 2464 3427 13 1622 76 61 22015 1276 4 13657 -1 -1 0 0 0 0 5 2 7 6 5 5 8 3 2 3 0 0
"7d8ad99eeb3e9aab" 24 7763 150 36 2 12657 13 39667 39668 1750 13 150 36 2844 553 113 11852 13 442 5217 362 15153 3438 3248 358 13658 -1 -1 0 0 0 0 2 4 6 7 3 4 6 5 2 6 0 0
"491b510292ce4912" 35 35 8877 1145 7396 8878 524 93 37624 35141 39669 553 4663 61 4854 161 4855 13 28 4172 143 357 16483 553 15 4872 3751 388 8879 13 39670 347 134 3296 1981 4 13659 -1 -1 0 0 0 0 5 4 6 8 3 6 4 4 3 5 0 0
"0d84ae2d8e7d579b" 35 34 26 171 2454 13 357 11978 39671 39672 3048 2 1695 39673 596 5286 39674 553 66 3421 353 3422 28 39675 553 2 95 1106 3423 3424 2 39676 66 3622 2023 4 13660 -1 -1 0 0 0 0 6 5 7 7 5 6 6 5 2 4 0 0
"bdfb2b330e049d48" 71 286 3998 66 414 460 460 460 460 956 9468 553 2056 6391 1274 553 68 460 39677 39678 13 39677 68 553 184 150 39679 66 347 36 39680 553 3372 1988 4219 66 297 297 297 297 4254 553 14150 29303 676 27232 553 39681 231 13621 13622 39682 13047 4625 553 16586 35 1342 61 4388 357 1456 150 36 362 66 113 27530 1763 7700 4254 4 13661 -1 -1 0 0 0 0 3 3 5 6 8 4 5 7 3 4 0 0
"8e59462c6e71ca20" 31 1013 722 3139 13 2 4845 150 5622 3278 553 357 2696 14257 102 386 39683 553 66 3474 188 1480 13 188 19643 5545 3302 39684 3248 47 1007 4 13662 -1 -1 0 0 0 0 8 6 6 9 6 5 4 3 3 5 0 0
"ba947a252a9dd4af" 34 66 12333 1055 1151 17132 188 20743 553 357 515 87 61 3302 9492 13 25 1456 110 553 87 4910 457 2092 4911 13 34 645 113 1710 1580 5572 7590 942 4 13663 -1 -1 0 0 0 0 3 5 6 7 5 4 6 3 2 6 0 0
"94f11a7938f2e3ac" 59 87 61 460 6213 39685 39686 13 687 87 1067 687 87 1067 9499 1747 3302 171 36486 553 2 66 117 39632 13 2 39687 66 7153 3993 39688 553 1071 87 39689 24048 35 23 39690 12606 2391 13 20 6099 1952 1821 11773 17652 8488 9552 11063 39691 13 373 457 1207 373 20767 183 16483 13664 -1 -1 0 0 0 0 0 0 0 0 0 0 0 0 0 0 0 0
"fccafc318a0c38f7" 37 1863 39692 113 1411 39693 553 113 532 499 5141 39694 553 357 113 7168 796 33683 9530 39695 13 28 4172 143 357 16483 553 2 41 1052 1298 9709 9710 13 1109 1110 3118 16483 13665 -1 -1 0 0 0 0 3 4 7 6 4 4 6 5 3 6 0 0
"765b7f3ebdde2eb3" 37 188 39696 10811 61 39697 13 34 26 15151 4304 553 357 39698 683 8229 13910 2 13049 8940 39699 553 520 14194 165 8215 13 61 1112 13 39700 3405 35 4337 3016 5066 12963 4 13666 -1 -1 0 0 0 0 5 4 6 7 4 5 6 3 3 5 0 0
"e9bd5c38adfd9698" 50 188 10811 61 5518 13 87 61 170 609 9870 553 188 36767 727 2436 10428 2 34870 36881 27882 607 4899 4 553 357 174 1016 1023 3314 13 2 1900 13 2 1534 417 1188 15547 13 41 93 39701 10211 39702 11551 39703 3838 4254 39704 16483 13667 -1 -1 0 0 0 0 0 0 0 0 0 0 0 0 0 0 0 0
"bb02e16939f509e1" 25 5374 39705 1834 39706 3019 13 553 357 41 1793 545 39707 20362 752 13 553 720 139 53 2168 35 573 367 23439 4 13668 -1 -1 0 0 0 0 5 6 7 8 6 7 2 3 8 7 0 0
"7073c7f4edf72cf0" 27 347 36 2321 13 357 2652 4361 61 39708 603 13 553 15987 171 19783 20 39709 26 13 553 357 39710 3692 39711 2 39712 4 13669 -1 -1 0 0 0 0 7 8 6 7 9 6 4 5 4 6 0 0
"0b0c6708cb9082df" 28 442 17772 297 4341 12624 1013 731 39713 13 553 191 9242 4703 2436 10428 2 6892 9243 13 553 12702 1823 9988 357 10805 14752 39714 4 13670 -1 -1 0 0 0 0 6 7 8 6 5 6 8 3 4 5 0 0
"61e3d020109db854" 26 39715 2337 13 39716 367 2 2652 39717 13 553 188 115 39718 13 2 6653 32223 39719 7092 188 394 566 39720 2 39721 4 13671 -1 -1 0 0 0 0 5 7 6 8 6 7 3 2 9 6 0 0
"59102d242aacda22" 30 171 39722 61 9677 13 553 191 26 171 200 39723 2 26 39724 39725 13 553 347 39 39726 39727 357 93 304 13 2 2652 848 195 4 13672 -1 -1 0 0 0 0 4 5 7 6 8 5 6 8 3 7 0 0
"b62d5c0bb2955b1f" 35 188 5464 61 744 39728 36320 191 771 93 13 553 66 13665 39729 2 4403 1078 357 39730 39731 13 553 188 39732 39733 21395 2 19052 39734 1842 359 25060 1857 484 4 13673 -1 -1 0 0 0 0 9 6 5 7 6 7 3 7 8 6 0 0
"244c297f1457bd8c" 33 347 146 8349 367 357 566 6105 18406 39735 553 4663 39736 4114 2 34 26 4854 161 4855 13 553 4403 1294 61 39737 33118 2 7168 39738 194 39739 39740 4 13674 -1 -1 0 0 0 0 5 5 6 7 9 6 5 3 2 4 0 0
"6ce7c092b1019a3b" 32 1067 1250 1321 13 66 1990 1628 20743 39741 39742 39743 13 553 39744 34638 1890 2601 4505 26917 13 553 357 39745 14074 547 23 13 2 6561 1693 23735 4 13675 -1 -1 0 0 0 0 7 6 7 5 6 4 6 8 7 9 0 0
"34a6de875eac031e" 38 66 117 940 2 39746 188 394 39747 55 13 553 39748 138 1669 31671 39749 2 14306 39750 13 553 34 35 19416 482 39751 117 13 1858 1859 2620 61 738 36244 18406 7543 3663 4 13676 -1 -1 0 0 0 0 7 7 8 6 6 6 4 5 3 5 0 0
"6ac51dc767864ed5" 33 347 115 8589 134 113 13 21918 13 553 357 2652 116 940 150 24634 3952 1667 13 553 87 5744 727 39752 13 2 66 29151 2 39753 1201 39754 39755 4 13677 -1 -1 0 0 0 0 4 6 7 7 6 5 6 4 7 7 0 0
"c79ac2b2e8689434" 26 1529 39756 17132 13 2 39757 39758 39759 553 39760 8612 134 39761 13 553 1325 719 61 3753 357 1047 3302 39762 2 5881 4 13678 -1 -1 0 0 0 0 6 5 6 8 6 7 3 2 9 6 0 0
"e0a97dc71a4a05cb" 40 34 26 171 10832 24464 53 2 39763 13 553 34 1861 171 102 39764 13 548 39765 636 39766 21344 7847 39767 2737 4 553 6851 6843 6852 171 39768 13 796 373 18202 38 39769 1038 326 110 13679 -1 -1 0 0 0 0 6 4 5 7 5 6 4 3 7 7 0 0
"d89af430da349431" 31 34 26 171 5555 2 186 39770 39771 13 553 141 6907 6906 39772 93 609 13 553 191 23 25927 9221 2 999 18414 596 188 39773 2 39774 4 13680 -1 -1 0 0 0 0 7 4 6 7 6 5 5 2 7 7 0 0
"1b9002c68e99df53" 44 66 1842 3318 357 10843 1852 417 13 553 357 134 330 347 1667 1013 722 188 94 44 8467 13 553 357 835 102 13 3304 3514 66 573 367 13 553 2 2337 13 34 29983 504 1013 102 1284 789 4 13681 -1 -1 0 0 0 0 9 6 6 8 6 6 3 4 9 7 0 0
"4ec7fc4f9b0490ed" 36 66 534 305 24911 188 660 13 357 26 113 39775 13 553 191 30156 171 660 1829 7285 39776 13 553 2 9242 188 9243 13 87 61 34883 520 188 388 25312 3248 4 13682 -1 -1 0 0 0 0 5 4 6 5 7 6 5 4 5 6 0 0
"6badf3c26a38cacc" 20 34 39777 1643 15988 63 39778 15990 13 553 1052 1298 9709 9710 13 357 1109 2905 113 11852 4 13683 -1 -1 0 0 0 0 6 8 6 8 7 5 3 2 4 3 0 0
"b9d6adf9a87393de" 18 1763 920 12210 9530 13 553 357 1023 3314 1188 15547 13 796 11355 61 113 3692 4 13684 -1 -1 0 0 0 0 5 7 6 7 7 4 3 3 4 2 0 0
"4ca6ec3db30f80d4" 24 66 117 13813 13 2 2601 39779 361 599 2603 13 553 66 23 297 4254 13 2 2652 286 39780 2 3688 4 13685 -1 -1 0 0 0 0 7 9 7 6 7 6 5 3 4 3 0 0
"e334303160619e32" 22 796 15151 1 150 1667 39781 13 553 357 87 61 5518 13 20 457 2805 10198 1246 2692 1319 39782 4 13686 -1 -1 0 0 0 0 6 8 6 7 7 6 3 4 7 4 0 0
"d4588f4652041cba" 23 20 489 7223 14330 13 66 347 9200 13 553 66 23 4014 4015 13 4016 4017 13 87 61 27096 134 4 13687 -1 -1 0 0 0 0 6 8 7 6 7 6 4 3 4 2 0 0
"8c97c9857a0ac4b5" 22 15598 15599 13 1246 3302 39783 13 553 1109 39784 3172 134 3173 13 357 7470 417 150 23429 330 1200 4 13688 -1 -1 0 0 0 0 5 7 6 7 6 6 4 8 3 4 0 0
"930446f79b10bf66" 44 66 1927 1928 84 12133 9849 12134 12135 13 553 1488 61 1069 6677 1043 13 1232 61 457 2536 23843 39785 39786 4 553 423 320 39787 1833 28852 13 553 357 3972 373 113 39788 39789 39790 11751 18759 5494 13239 4 13689 -1 -1 0 0 0 0 6 9 7 6 8 6 5 5 6 5 0 0
"197f7a216ea9c32b" 18 2 2136 202 6858 25808 13 553 184 15873 13618 11061 224 13 1109 1110 3253 125 4 13690 -1 -1 0 0 0 0 8 9 7 5 7 6 4 3 5 2 0 0
"76177344286e24f2" 32 20 349 1002 13 35 39791 920 14858 13 553 417 1762 150 3278 113 10997 39792 4 553 34 6828 113 7089 7090 13 2 87 150 26866 4337 39793 4 13691 -1 -1 0 0 0 0 7 8 6 6 7 6 4 4 3 3 0 0
"b3d0fcc6189063ef" 20 125 7123 2846 39794 13 718 47 9066 13 553 22875 1015 20 38553 20 39795 39796 13 39797 4 13692 -1 -1 0 0 0 0 5 6 6 7 5 6 9 3 5 4 0 0
"0a02c7490ea4d766" 17 26 27 7329 7329 18562 14787 24513 13 553 26 27 15618 25984 191 2703 39798 4 13693 -1 -1 0 0 0 0 6 8 6 7 7 6 4 3 5 4 0 0
"4eb4d75313fffdc0" 15 12838 39799 13 553 191 6726 25 34 976 6727 547 13 87 3715 4 13694 -1 -1 0 0 0 0 6 8 6 8 6 5 3 4 4 7 0 0
"c588e3548d748376" 20 1052 39800 1578 2735 25 39801 13 553 7082 39802 13 26 34 27 13 607 1052 675 395 4 13695 -1 -1 0 0 0 0 5 7 6 8 7 5 3 2 7 3 0 0
"2fc7a04ca4f38905" 26 718 2589 2590 417 13 553 722 1121 61 8414 515 1897 13 20 150 330 388 39803 39804 13 213 13807 209 13586 13809 4 13696 -1 -1 0 0 0 0 6 9 7 6 8 6 4 3 6 4 0 0
"ab0ca4545fd9bb1c" 41 1808 12096 61 359 12097 13 553 718 718 718 13 1109 1998 1319 21671 13 553 2 718 13 191 39805 297 1695 20 7396 39806 6591 3302 7312 39807 1542 39808 13 2483 2358 953 39809 39810 124 4 13697 -1 -1 0 0 0 0 7 9 8 5 8 7 4 3 4 4 0 0