"a8127c815964f4bf" 525 52
"8534ae36c84a7bdf" 11552 120 9559
"03e1ab7ef860057a" 6337 8374
"22384e5c5affd807" 2099 7303 1939
"1322ae835ac7b527" 8955 75 6822
"f76969d1338a31e1" 4099 9771
"433f32a693b78832" 8290 8269
"2309746cf5479feb" 7730 4812 9483
"0ab889a4b6162aed" 9653 8386
"337069cb70e04d8e" 950 8898 1258
"9fcff35ce3e57f02" 10612 10451 10277
"c2068a4ad19bff93" 6638 1577
"419591ec1ed4a758" 1630 4402 6707
"91829b06a84ed721" 1744 3536 10608
"45e00fa0f5352515" 8989 3432 6046
"68da60cbbec60e48" 11228 8941
"61bb047b76a9c746" 10034 1531 9164
"8f8cfafff3691028" 7428 9559
"674387154b95e41e" 8374 75
"ebf540c451583bda" 7303 950
"cff275e38b85e476" 3411 10612 7428
"db89c03b0bc1e205" 1577 8955
"b4842a5f37cc6721" 8941 9559 8290
"b6955b86ad3c93e8" 6822 6046 7302
"0f83512ac3b30ef4" 1531 7428
"69364d5f0fec42b3" 8386 7428 7303
"667a3de4ffcbc70a" 1939 8386
"b4312e2e7859239d" 2099 7303
"0c0394d2a5b2162d" 9483 7428
"95b330ad765215d4" 9559 6337
"4cf1e815d300dad0" 10034 8269
"04494dd7e0ee04ae" 1312 2099
"ddbe2efead4e8abc" 52 4812
"7738524435d9a4b7" 3411 3536 10451
"9348b97c4989548a" 11531 2173
"8088c7569748c55e" 68 6338 6913
"49a325732d29e248" 6575 7161 5343
"0705bea3b848a53d" 4987 8796 6984
"b73bc973e8ecca8d" 337 8881
"eceb5e70aab00672" 2139 11266
"76ba2a8124d06814" 728 147 5327
"4df66fd4dc563e5b" 126 7297
"45e1830b162fd686" 6893 2279 11291
"0b200210be5b90ae" 11918 11121 10540
"fd8a6474b4241a1e" 5057 11365
"57740ded13d385b2" 11261 4487 4492
"00cdf7fe4756eef3" 7535 10800
"db78137639259c16" 9546 2122 11992
"e3e4a1732dadfdbd" 4978 10596 8223
"2b8e6cf7a77b2dd1" 11413 6518 6542
"a41728051fb1c992" 11276 4494 7135
"1d158f8594d342f1" 4260 10000
"bf19cfd9bb341820" 9715 174 11505
"e43672c51ce11ce6" 6200 10505
"59f3b75b50cf1a11" 6908 7937 3107
"e4d65bea46d50a42" 5477 11370 10614
"c29cd89717de4697" 10161 8319 5847
"1edcc670bb5e64f6" 7962 11682
"beaf188a24a54560" 5136 11774 9004
"24a15f99b5c60e6d" 8480 8757
"1b003bb210ed38ac" 1018 5872 2478
"9311d0a1dec94cea" 7695 10148 10165
"427d243ec831ed9e" 4695 5611 1213
"e5cde19d31311dfe" 7954 8814 9629
"dce8b67e5db7e21a" 361 1739
"88e322297567c3db" 6286 3685
"89d7905fc90e7ef9" 10266 10329
"2131b86ca20c3925" 2633 8319 3685
"3d418272054d692e" 10251 6679
"edf8693be9a24ce2" 9286 9935 11420
"6518d62ed47f5c6f" 8254 8515
"0a431c73f86f9837" 9112 1053 10950
"f08abbe9f8ebb4e4" 11390 6332
"42a6e7b5b042e388" 8371 5344
"0598cc1cfce855a6" 4501 3713 10973
"aafc89885e0f2004" 5691 11948 5554
"dfacf293597beca2" 975 3661
"5f95585fc7e5fa43" 1510 129 1417
"0546d920d14828c4" 4388 4879
"64b442fc39b84719" 8081 8508
"d84bb37c60fe17b4" 4227 7609
"9a775a954bfb35bd" 2421 3083
"8e33ef95a75f8632" 2994 6659 11702
"e66711c583872624" 4540 1909
"bef5edb71a5846c0" 8157 9989
"b650505f7e85b3ac" 9934 3080
"03421165d8759d1c" 6759 10701 2111
"3bab9143beedcfe6" 158 10251 3661
"0de0d7fa483628c4" 9935 11948 4388
"f519019c1fb217c0" 1053 11420 9989
"f062ef95a75f8632" 2994 6659 8157
"a9f292efdfc1d851" 3197 130 5554
"680600f7b39ff5f7" 8515 10973 1417
"cb201274747690c4" 9112 129 9934
"2caf2a1a7f09f8f9" 3713 5691 8081
"ab0c90abe55447ea" 6679 6332 11702
"a70c9f5b8b3d97ae" 9286 11390 4501
"8b90011ffa9ac3a8" 975 8508 4540
"11a69befde07488a" 1287 8254 4227
"082dc456838638f5" 8371 7609 6759
"55e9097405546121" 10701 2111
"87fff6744c1e3555" 158 11420 2421
"8f63ab5b8192a162" 1053 10251 5691
"5bc33cd7f6394b49" 10950 9112 11390
"bbfc43acff397f89" 9935 6679 5344
"2d161e3a630c84cb" 4879 8081 9989
"76adf6e9cc5d5682" 8254 7609 3083
"bd049336de5c8709" 158 11948 3080
"bb6773c04d7d9b37" 129 4388 1909
"d18fdabb3c177de5" 10251 9286 4227
"afba9ad28fd1b467" 1417 2994 11702
"ac9a028aef410b7b" 8515 975 6659
"738aa3b0bb28f010" 1510 2421 6759
"085f5260ea3f5bf7" 3713 10973 4501
"be8592989f7df4f2" 11754 9244
"20d23390f75f282e" 6515 6883 5255
"f2641b72c52e965c" 9454 9139 6001
"bfe0308bba34306f" 8139 3967
"814a79e6efab52fb" 4892 2879
"23a343d48171afa4" 5974 5560 843
"ddaae29df9dd01e0" 8410 990
"88000de65fa52a3b" 3615 9996 4652
"25fe8d60b7f5e1a0" 9230 2715 172
"a3b9459eed7d962b" 2561 3341 1887
"8bd32774d5f8e5a3" 8377 10918
"ab39189e21c488df" 10959 7178
"de0982a0d68fc4fe" 6761 2126 2013
"b10d6dcd605e6c51" 4527 9995
"b8d6c88597ea018e" 11079 8643
"ac445e0839916226" 928 11325
"8299255eb4c749b1" 2375 11864 3976
"2f73eeea0f2d257d" 1613 6711 7753
"3e46f5795270d53d" 1966 1006 9638
"d5a20b58c73fd3fa" 4170 7854
"06c936b533d9a4f6" 11938 8067 1598
"fa5022f49b74e96a" 7915 2451
"910e2a6436447760" 9213 7243 3388
"4b2dea1f212bd87f" 5006 9105
"9395c92d33eb0ca6" 546 8082
"2841fb1b9fea4d85" 6251 3302
"6b61d6a30b54f65c" 6480 175 7802
"aeaaed1f9d687f52" 8658 2387
"ceb358f3b1b6fae1" 4191 6124
"e87d38bb5b588aa7" 1268 4285
"311986a58a8e1e3c" 2242 6476
"e02232c7f8146070" 5780 7622 2051
"15145fbdf1601855" 2382 10094
"d7b4dbe2f60990cf" 9734 547 8247
"952a69f3fe981657" 5519 3817
"84fad0827c34bd8e" 336 12015 9676
"9c7f90dbd97d4cb4" 910 6310
"5ada1ec6f449f9fb" 1598 8082
"d39123cd55d6d527" 547 8658 175
"c3f78c2beebb88ee" 6251 1268 6124
"2e29bacf8c323241" 546 3817 8082
"56bb3018fcdd4bcd" 9105 336 2387
"d7eca4ad3c19ef5d" 7854 6480 7622
"614c77e8b97822c9" 1966 7802 4285
"cc8aead64929029e" 8247 3302 9734
"43c5c7eb498900b1" 7915 170 6310
"21762fe39c1efb3d" 10094 4285 8658
"0ed2865fd48d5f55" 2451 3388
"80cb68d0fa6e86f8" 5519 1006 2242
"56042071b55377bd" 9638 5006 6480
"7b43d6fa3b421d3f" 6124 2382
"f41a4539e54c5b0d" 8067 6476 175
"d496e7059af1e351" 12015 546 2051
"146db60279d7bacd" 4170 5970 1268
"8a7b1e50483b591b" 11938 9676 9105
"d35f3714bf578f7f" 11801 7243
"3ea92042b577ff37" 9213 8658 6251
"3837187da56c3e9b" 5780 8082
"78ed365e688f9a0e" 1598 7854 7802
"8536365d19ac4380" 9734 2387 11938
"2879fe971ca7b133" 547 5006
"9998798a04eb81c2" 9638 2051 2387
"a4d6047dcc9ec8cc" 3302 6124 175
"e256a8123fb6fe13" 5519 336 10094
"98a0d90f96c136c5" 1006 7854 6476
"c976e48227e4184a" 4689 4440 5730
"ef802d75fe49bdaa" 11922 4519
"165959010e85d9b2" 6146 1882
"a642e14a2945dcd9" 4480 8762 6063
"ffa1c79c87a53c95" 3026 5992
"c44f19bf1ce3911f" 2347 752
"c8db9760008ee485" 4489 7146
"151af313b7db830e" 11576 5644
"705cf964ae438b31" 2030 4481 10323
"a322e2f09e550ff3" 6097 9802 11958
"43025d6c0a9ccdbd" 11572 409 530
"93136ee80cdf99ce" 3350 9262
"b88d52a9e67199ad" 7808 2311 2343