"f4dd70c6ada70c7a" 25 34 26 737 39811 13 357 66 3503 353 136 142 13 553 796 15777 2038 39812 13 171 7979 353 5508 373 125 4 13698 -1 -1 0 0 0 0 7 8 6 8 7 7 6 4 9 5 0 0
"dc40a352e624ddcf" 22 34 392 305 515 1911 13 504 14406 14407 39813 13 553 150 39117 36 39814 454 39815 95 3123 113 16483 13699 -1 -1 0 0 0 0 8 7 7 6 6 3 2 5 5 6 0 0
"118e2baea720ea5c" 25 150 36 1370 3166 13 39816 1342 61 20 39817 13 553 27419 13 26955 13 102 165 63 24023 15740 41 96 33192 4 13700 -1 -1 0 0 0 0 7 7 6 7 5 6 4 3 5 7 0 0
"5a432bd0926eb70b" 26 171 6338 39818 355 806 39819 13 629 39820 39821 39822 55 39823 93 452 37463 150 2416 21344 319 415 1978 150 10636 39824 4 13701 -1 -1 0 0 0 0 6 7 5 7 3 4 2 2 3 8 0 0
"01cd13ed8f437c95" 33 102 6240 1122 1842 10652 10653 13 2135 39825 981 134 66 39826 12447 2677 32514 13 553 66 13146 11067 171 13147 3387 39827 2028 13 590 23 14040 25003 19159 4 13702 -1 -1 0 0 0 0 7 8 7 8 6 6 5 5 7 7 0 0
"683c0e413070daa3" 43 358 4793 31066 55 815 4708 13 134 66 941 39828 19206 13 553 24639 31083 425 38301 4899 13 357 150 39829 9451 39830 3302 6677 39831 596 2398 2056 39832 481 596 1298 39833 23278 39834 1201 39835 4 68 16496 13703 -1 -1 0 0 0 0 8 6 7 6 6 7 3 4 3 6 0 0
"05ee2ff197d71e2f" 23 1129 1130 1626 34 2 66 13 34 26 39836 39837 13 553 1801 39838 39839 13 360 1571 34 637 39840 4 13704 -1 -1 0 0 0 0 6 7 6 6 4 4 4 5 4 5 0 0
"b82ed9c0b857cb93" 21 2885 2835 39841 61 66 13 66 703 170 2840 2 61 722 7319 39842 87 1468 9699 4 68 13 13705 -1 -1 0 0 0 0 7 6 6 5 4 6 3 4 2 7 0 0
"40765c42d41bb396" 27 417 31122 13 417 417 2148 13 15039 15040 2 39843 39844 993 20 39845 2 2200 188 13160 113 39846 2 748 4711 4 68 13 13706 -1 -1 0 0 0 0 7 7 7 8 7 5 4 4 5 4 0 0
"a942a1be0d6e31ac" 38 39847 3727 4682 704 1511 11955 13 2 39848 39849 39850 39851 13 553 860 6475 504 13 171 39852 13 297 12363 39853 2 11438 66 414 1213 2042 2043 39854 39855 20919 39856 39857 39858 4 13707 -1 -1 0 0 0 0 8 8 7 6 6 6 4 5 5 6 0 0
"28321a5d9e75f7b6" 21 66 117 25 703 13 347 7404 504 1750 13 553 34 4752 171 5422 13 188 3942 6504 4715 4 13708 -1 -1 0 0 0 0 6 7 6 7 5 3 2 3 7 5 0 0
"1228a6c6c25fedfe" 21 16044 39859 134 18095 13 41 297 3504 13 553 150 36 2536 8724 13 3302 35366 39860 39861 39862 4 13709 -1 -1 0 0 0 0 7 6 5 5 3 4 3 6 5 7 0 0
"c48a4fcd15086168" 23 66 703 353 125 13 357 23 12641 1882 13 553 347 36 330 4339 13 191 367 150 304 305 397 4 13710 -1 -1 0 0 0 0 7 7 6 7 6 3 4 3 7 6 0 0
"9adeebd4a9ec083e" 23 66 347 1832 305 326 125 13 34 515 26 3840 13 553 574 93 359 877 7349 13 191 489 297 4 13711 -1 -1 0 0 0 0 7 8 8 7 7 6 6 4 5 6 0 0
"7c7dca94a2892707" 23 28 1762 2678 3929 13 1109 5253 93 28 32005 13 553 66 573 353 38 1693 13 87 61 457 4766 4 13712 -1 -1 0 0 0 0 8 8 7 8 6 5 5 5 8 7 0 0
"2bea5e8cee6ef6ff" 14 10048 5709 1747 1656 10049 13 553 357 39863 5769 61 3838 39864 4 13713 -1 -1 0 0 0 0 7 5 6 4 5 6 4 3 4 3 0 0
"105c162250e63046" 19 10323 3081 27344 191 95 12164 10086 13 553 14636 3356 14637 14638 14644 3370 39865 2 18227 4 13714 -1 -1 0 0 0 0 5 6 7 2 4 5 6 5 4 4 0 0
"394dec80c5ed9cba" 24 20 4087 1109 24403 13 5217 2536 191 1485 4 553 3405 343 3753 150 38000 13 596 4067 1192 4068 359 4070 4 13715 -1 -1 0 0 0 0 7 6 7 5 4 5 3 5 3 5 0 0
"5503b087855c1b4e" 19 1677 297 13 357 14706 17180 38 1148 4 553 12073 6045 18353 2 719 61 113 39866 4 13716 -1 -1 0 0 0 0 8 6 7 6 6 4 3 6 4 5 0 0
"3bfbaeebf73c0a49" 22 39867 767 820 13 282 171 3022 87 61 4 553 410 186 106 66 23 13 347 36 308 18822 4 13717 -1 -1 0 0 0 0 6 8 7 2 3 6 5 3 7 4 0 0
"15242716c43f2d1c" 24 7318 7319 95 2928 7317 13 297 87 10653 4 553 87 61 23198 566 26885 13 34 26 566 1333 2 14429 4 13718 -1 -1 0 0 0 0 4 6 6 3 3 7 4 4 5 5 0 0
"893110b7c340f356" 18 14118 371 13 357 6083 6522 4 553 39868 39869 13 34 26 2321 2 37961 39870 4 13719 -1 -1 0 0 0 0 5 6 7 4 4 7 4 4 6 5 0 0
"3ce8536a34365027" 22 205 206 13 449 39871 1110 125 4 553 719 330 855 133 188 39352 4093 13 357 2862 113 1485 4 13720 -1 -1 0 0 0 0 8 7 8 8 6 6 5 5 6 5 0 0
"6a2b70cfa98bc51f" 26 1129 1130 13 326 2695 796 1571 4 553 357 573 367 11026 13 1693 8311 609 474 39872 13 1109 1110 1775 728 1696 4 13721 -1 -1 0 0 0 0 7 7 6 7 7 4 6 4 7 7 0 0
"681a1d0cde1c8380" 26 30313 191 1420 621 13 20 4339 20 25357 110 553 1990 171 15740 11372 1031 1187 13 39873 2148 2905 7928 150 33172 3938 4 13722 -1 -1 0 0 0 0 5 6 6 4 5 3 4 5 4 7 0 0
"acd8facaad52aace" 18 877 7349 574 13 102 61 1029 3186 39874 4 553 6504 4715 3942 39875 39876 5709 4 13723 -1 -1 0 0 0 0 6 4 5 3 2 5 4 5 4 4 0 0
"ae5f6d044f89f2da" 22 2840 2887 61 2885 2835 2886 13 87 2038 4 553 357 39877 8625 2 39878 20537 66 39879 4 68 13 13724 -1 -1 0 0 0 0 7 6 6 4 3 5 5 6 5 6 0 0
"8c32523810190006" 29 347 1832 305 326 146 10043 13 150 39 7645 12720 12433 4 553 357 39880 61 1069 1795 13 86 7926 18759 39881 19152 39882 4 68 13 13725 -1 -1 0 0 0 0 7 8 8 6 5 6 5 3 5 4 0 0
"93bc0c93d40ea0fc" 23 852 39883 61 297 4434 305 13 39884 8775 36364 4 553 738 15610 1578 1842 4176 13 18759 39885 3797 39886 4 13726 -1 -1 0 0 0 0 6 5 6 5 3 4 2 3 4 8 0 0
"7bbbeae545458006" 25 66 23 8215 15039 15040 13 34 981 39887 297 30289 4 553 117 2087 25 13096 13 345 66 347 11760 39 1113 4 13727 -1 -1 0 0 0 0 3 5 6 3 3 2 2 2 6 5 0 0
"47c7df0b3051fe76" 19 7317 7318 7319 95 125 39888 31547 13 553 34 13082 9721 8540 13 1376 357 1031 4863 4 13728 -1 -1 0 0 0 0 6 9 8 7 6 7 5 2 6 3 0 0
"6ba524f62aca257e" 18 4067 1192 2652 4068 457 4069 4070 13 553 357 2546 113 2279 1013 18 3615 1485 4 13729 -1 -1 0 0 0 0 7 8 7 6 6 3 3 8 3 8 0 0
"e01da44482795d5c" 31 87 2128 357 1498 10323 3081 13 553 34 976 981 308 2531 5068 13 767 820 819 13 553 2 1069 11492 13 1071 2436 637 39889 467 20871 4 13730 -1 -1 0 0 0 0 8 9 9 8 7 7 8 2 6 4 0 0
"f66d0c57d802e846" 32 3063 5474 8859 13 150 39890 12937 39891 13 553 35 12720 954 39892 13 41 26 171 13546 13 553 26591 3140 3183 3184 13 34 26 171 33812 39893 4 13731 -1 -1 0 0 0 0 8 9 8 7 7 5 5 6 5 9 0 0
"d395da969fad2779" 31 66 13146 171 13147 13 41 297 3504 13 150 36 10698 18422 39894 13 553 191 224 13615 17122 11061 13617 217 13618 13 1451 39895 39896 1428 39897 4 13732 -1 -1 0 0 0 0 7 7 6 7 6 9 2 2 6 4 0 0
"12b22ee80767d64f" 16 16044 16045 13 39898 39899 36197 13 553 150 36 39900 39901 39902 11048 11049 4 13733 -1 -1 0 0 0 0 6 7 6 6 5 4 4 8 3 7 0 0
"9d9a83887d3cc05f" 23 10048 5709 1923 1747 1656 10049 13 553 41 489 1374 9652 1232 13 286 305 39903 22078 1033 39904 3674 2475 4 13734 -1 -1 0 0 0 0 8 8 7 8 6 5 6 5 6 3 0 0
"4a5dbc82e7853f65" 28 23 12641 1882 13 113 188 39905 25525 3606 357 18406 13 553 6726 7072 5441 7073 13 2652 347 15225 18341 13 297 359 35 2264 4 13735 -1 -1 0 0 0 0 9 10 9 7 8 6 8 2 9 4 0 0
"b8d472934cb21fb5" 26 772 1109 7211 13 39222 1144 578 13 13035 39906 13 553 1677 297 13 357 347 39 358 13 23350 7168 39907 6604 125 4 13736 -1 -1 0 0 0 0 8 9 9 7 7 4 4 3 8 4 0 0
"9e5f9b6216ff1cbc" 36 1571 2652 39908 171 845 13 93 17126 39909 13 553 573 367 1693 8311 609 13 1071 9391 1148 9392 13 553 2 66 3302 9390 13 2 39910 13 35 1785 1319 1043 4 13737 -1 -1 0 0 0 0 9 9 8 9 6 4 6 7 9 7 0 0
"9aaed553329bf0ad" 40 1129 1130 66 15795 13 2 1220 596 12115 729 13 553 224 13615 17122 11061 13617 217 13618 13 357 171 704 1511 24980 970 13 553 347 1832 305 11485 13 1071 87 361 1829 11526 21101 4 13738 -1 -1 0 0 0 0 7 8 8 7 6 6 3 2 6 9 0 0
"ee18ab53ee15c7ec" 28 282 171 3022 87 61 13 191 34 976 171 6285 297 39911 13 553 6083 6522 13 347 2000 18341 188 39912 13 308 39913 39914 4 13739 -1 -1 0 0 0 0 9 10 9 8 7 5 6 2 8 4 0 0
"a1c5ebbe75ce1ba6" 21 3309 1571 113 20358 39915 13 553 3063 373 14234 8859 13 2 1522 2094 1071 7834 10618 39916 39917 4 13740 -1 -1 0 0 0 0 7 8 7 7 6 5 5 3 6 8 0 0
"5ecb7dd56156f5d7" 25 14118 371 13 357 34 26 566 1333 13 2768 13 553 3313 35048 1122 1842 10652 10653 13 150 188 304 2689 1780 4 13741 -1 -1 0 0 0 0 7 8 8 6 7 5 5 2 4 1 0 0
"56c3eb67f4958572" 43 20 4087 34 8085 13 87 61 29607 13 34 6091 13 553 20 4087 34 8085 13 66 39918 1480 521 13 13082 9721 8540 13 553 171 4403 305 15039 15040 13 1071 1829 39919 34121 39920 39921 6846 14235 4 13742 -1 -1 0 0 0 0 8 8 7 7 6 5 4 3 3 3 0 0
"a26f04ba7c938183" 21 878 228 3110 13 283 3744 39922 13 553 1990 66 6605 353 13 191 367 150 2062 330 941 4 13743 -1 -1 0 0 0 0 3 2 3 3 1 3 2 2 2 2 0 0
"ec84dd0ba78ea4c7" 24 30086 3232 39923 13 457 4620 13 553 150 87 36 10231 13 87 61 39924 13 1071 34 7584 93 7847 417 4 13744 -1 -1 0 0 0 0 4 3 4 5 3 3 3 3 3 3 0 0
"e1fd669e9ecd9776" 19 297 3744 34845 13 357 2606 2607 13 553 4304 15166 15167 13 731 113 33961 331 39925 4 13745 -1 -1 0 0 0 0 7 5 6 4 4 3 3 2 2 2 0 0
"8d37c22598bffe56" 20 504 12534 774 7952 33101 13 553 1109 39926 367 39927 13 39928 11977 13 61 596 39929 39930 4 13746 -1 -1 0 0 0 0 2 4 3 1 1 3 2 2 2 1 0 0
"6b31ac42b7768826" 31 26 1305 39931 13 7316 188 24902 2 39932 1192 30086 13 553 150 87 2883 2062 13 39933 2775 353 13 357 188 39934 12574 10797 1376 24895 1709 4 13747 -1 -1 0 0 0 0 2 3 4 1 2 2 2 2 2 1 0 0
"84b5eadc857bcc2f" 25 1130 104 12920 394 13 85 39935 13 553 474 746 39936 13 3744 357 150 13 39937 13 1488 23 18 359 1468 4 13748 -1 -1 0 0 0 0 6 9 8 7 5 6 4 5 4 5 0 0
"23eb0baf393ce9c5" 29 23 2846 11098 13 357 347 36 270 39938 13 553 417 425 39939 2 4799 39940 1331 39941 2 39942 373 13 125 530 5377 39943 5515 4 13749 -1 -1 0 0 0 0 3 7 4 5 4 5 3 3 4 3 0 0
"85c87e7bfcab23d1" 22 359 928 39944 553 13 171 13160 999 353 1071 39945 636 33618 26 21756 13 2321 113 22432 1363 87 4 13750 -1 -1 0 0 0 0 6 9 8 4 5 4 5 3 6 5 0 0
"7d4a89f9a722a82c" 18 26 6527 39946 39947 39948 13 553 1762 4652 188 8307 13 357 3248 191 353 39949 4 13751 -1 -1 0 0 0 0 3 6 7 4 4 3 3 4 5 3 0 0
"25dcfe1ec6bc7b2e" 30 1097 3248 53 39950 13 39951 13 1453 39558 82 13 553 2 39952 8062 93 13 39953 7547 13 11442 93 1088 13 1376 530 305 39954 39955 4 13752 -1 -1 0 0 0 0 5 4 4 5 3 3 2 5 3 3 0 0
"bd9d181271e637d6" 22 27530 349 39956 953 15303 13 39957 39958 13 553 357 347 36 39959 417 13 345 772 8513 14077 87 4 13753 -1 -1 0 0 0 0 2 4 3 2 1 4 3 1 2 2 0 0
"c19803d2e0ce2c94" 25 4799 186 772 371 13 188 39960 15 7939 3691 13 553 39961 39962 39963 20154 553 39964 22200 38504 39965 373 39966 9241 4 13754 -1 -1 0 0 0 0 4 5 5 4 5 4 4 3 4 4 0 0
"feb809bbe069e5c7" 17 2 1029 1109 14908 13 39967 9055 2240 13 357 39968 2246 1580 23 39969 39970 4 13755 -1 -1 0 0 0 0 5 7 6 4 5 7 3 3 3 4 0 0
"7dc5fb3c1167d556" 10 2 776 39971 13 39972 21062 13894 39973 39974 16483 13756 -1 -1 0 0 0 0 4 3 4 2 3 2 2 2 2 2 0 0
"126dae3a388ee1b1" 19 2 102 4121 39975 2075 2076 13951 39976 13 553 23 39977 39978 13 39979 6170 134 39980 16483 13757 -1 -1 0 0 0 0 6 5 4 3 5 5 3 3 3 3 0 0
"16e017c914941c5e" 20 66 556 20 373 8901 21770 8902 13 553 357 1331 8969 7543 13 347 286 1007 8128 39981 4 13758 -1 -1 0 0 0 0 6 3 4 2 1 5 1 1 1 1 0 0
"c0e3999ded996dc9" 34 20 3962 1294 39982 10354 13 297 11639 29837 27344 1293 3658 13 553 596 191 87 38634 353 1862 39983 19957 13 4715 8412 3485 2 12361 30328 39984 4142 25 304 4 13759 -1 -1 0 0 0 0 7 5 6 4 3 6 3 3 3 3 0 0
"494f339deb4a3cec" 37 357 734 735 736 341 737 193 13 87 2841 39985 13 136 39986 13 39987 39988 13 347 1045 39989 1013 34 39990 39991 2 326 1007 326 39992 7549 39993 645 1497 1498 1499 4 13760 -1 -1 0 0 0 0 7 3 4 4 2 5 3 1 6 2 0 0
"5b4b0f139d59a525" 34 2846 11098 13 4361 1047 744 39994 13 357 6099 1043 39995 13 150 545 134 171 10436 25 392 13 188 335 61 53 336 337 338 13 2 3489 103 3490 4 13761 -1 -1 0 0 0 0 5 3 2 3 2 5 1 1 3 2 0 0
"18d71c2600af2c6d" 38 1097 138 53 1098 13 357 347 39 3248 13 4361 61 349 39996 966 39997 13 2321 39998 39 351 171 39999 13 530 32964 4715 40000 2 1109 6752 188 6761 13 2 7547 93 4 13762 -1 -1 0 0 0 0 5 4 3 3 2 6 1 1 4 1 0 0
"9a9896769ac7bf13" 38 2 9717 13 1762 4652 37 357 3248 13 40001 40002 13 357 87 858 11472 6727 35 1578 1294 30326 40003 13 596 2103 40004 87 40005 3687 40006 40007 606 566 4268 2724 40008 25624 4 13763 -1 -1 0 0 0 0 8 7 6 6 3 2 5 1 2 3 0 0
"f99c83c4ca4a5983" 44 66 556 20 4620 13 12541 40009 13 102 40010 40011 8232 40012 1122 21401 13 3489 357 40013 6631 40014 134 13 40015 357 34634 13 414 326 37706 40016 200 66 372 40017 282 14422 13 10432 4332 40018 40019 8812 4 13764 -1 -1 0 0 0 0 5 4 3 3 2 2 1 4 3 5 0 0
"69d1f5a607c67ddc" 45 9241 1047 188 40020 13 357 35 29963 13 1533 113 35 40021 1643 40022 2 3772 7044 40023 40024 10211 40025 1971 40026 13 13587 13619 13620 251 9456 13 87 150 36 1945 13 26 6525 6526 6527 13 4109 11061 337 4 13765 -1 -1 0 0 0 0 5 1 1 2 1 1 3 1 2 1 0 0
"04ab5afb9503827b" 27 1110 13536 13537 13 672 87 24154 40027 13 193 40028 13 2321 2287 87 13 20 3962 4768 40029 40030 40031 4899 40032 27829 40033 4 13766 -1 -1 0 0 0 0 7 5 3 3 2 4 2 2 4 3 0 0
"9dc259040c2820ee" 31 7646 7647 13 6412 1032 40034 609 40035 13 34 40036 40037 66 6564 40038 3327 7664 7665 7666 13 8089 1990 95 40039 7949 13 1481 13909 357 2340 4 13767 -1 -1 0 0 0 0 6 6 6 4 3 2 2 2 2 4 0 0
"9fc7f9772c7bdfa4" 39 2 102 1929 202 2075 2076 13 150 4337 40040 38604 13 6121 373 26317 13 347 2861 38324 34413 13 357 297 1200 449 13 171 1651 40041 40042 5259 1775 40043 40044 13 66 23 1468 4 13768 -1 -1 0 0 0 0 7 6 6 4 3 3 2 2 3 3 0 0
"39312f0d818f8f27" 52 2 12333 12372 12373 13 10939 2711 40045 40046 29905 13 40047 13 1067 40048 20412 13 40049 40050 1047 40051 40052 950 40053 6548 150 13 191 7579 7580 7581 4752 13 10191 16080 953 15303 13 34 645 2664 40054 110 20 9733 20385 19251 40055 12762 1082 21068 4 13769 -1 -1 0 0 0 0 6 5 7 4 3 4 3 2 3 2 0 0
"2d34212e94016547" 39 26 1305 10797 13 20 40056 2 40057 13 66 40058 5140 40058 1131 1860 40059 13 24115 500 1675 13 720 931 3093 3269 171 13 357 4326 13 66 7559 13 27080 1511 1397 1703 1419 4 13770 -1 -1 0 0 0 0 5 3 2 3 1 2 1 4 3 2 0 0
"744586b717c517a4" 41 286 1807 171 12716 13 87 1093 13 40060 13 150 40061 2225 27818 40062 13 40063 40064 13 171 40065 40066 40067 13 359 928 14629 13 35852 1081 993 40068 13 457 20420 13 297 10590 2883 10591 4 13771 -1 -1 0 0 0 0 6 4 4 3 2 2 2 3 2 2 0 0
"582b81ff5bb95b71" 44 20 731 20992 10716 2 8900 2024 40069 40070 40071 40072 13 596 276 171 1196 2023 3544 13 3497 17888 8901 920 8902 13 134 40073 2 40074 40075 40076 7133 23531 1420 26525 35 1376 8964 13 2006 150 596 40077 4 13772 -1 -1 0 0 0 0 4 3 5 3 2 2 1 2 2 3 0 0
"62bea4d58c2ee128" 28 66 40078 353 40079 13 188 6761 87 6687 13 553 188 61 40080 25948 636 40081 40082 13 553 15614 530 14958 188 23136 1429 15566 4 13773 -1 -1 0 0 0 0 8 5 5 3 4 2 4 7 1 7 0 0
"30e16d2a3e6b98ec" 25 102 1187 35 27756 61 40083 13 553 357 1201 574 772 722 3715 171 1651 13 553 1099 40084 12979 17853 40085 394 4 13774 -1 -1 0 0 0 0 7 8 7 5 6 9 6 4 3 7 0 0
"935919af24839a10" 24 171 40086 61 53 2805 188 336 13 553 3327 530 7665 7666 40087 14839 13 553 7170 353 2 102 171 40088 4 13775 -1 -1 0 0 0 0 7 6 6 6 5 3 3 3 6 5 0 0
"fad8800265ffe286" 27 66 23 87 40089 13 37 40090 40091 13 553 134 7123 14693 2 40092 40093 40094 13 553 9717 61 2318 3248 3993 40095 7212 4 13776 -1 -1 0 0 0 0 9 7 9 8 8 8 6 4 5 4 0 0
"02ec95699dfe4450" 38 587 1497 1552 1499 13 2 1665 736 7547 13 553 34 26 3302 6561 13 532 23 1468 2 282 9061 417 40096 40097 13 553 7547 93 40098 13 2 4252 40099 40100 636 40101 4 13777 -1 -1 0 0 0 0 7 9 6 4 4 3 3 5 7 3 0 0
"620df30c662ac6d2" 33 357 1122 13909 357 18468 13 87 126 1342 2340 13 553 23 2846 11098 2 4824 21223 6785 2303 13 553 1097 138 53 1098 2 1331 40102 3500 7659 7963 4 13778 -1 -1 0 0 0 0 7 5 7 5 5 6 4 3 5 6 0 0
"8e0f726da7777c42" 33 66 347 2062 11535 20121 12716 30328 13 553 13893 25948 326 2720 40103 40104 13 553 347 1817 4093 40105 13 347 2861 22416 530 373 1122 40106 171 40107 28381 4 13779 -1 -1 0 0 0 0 7 9 8 7 7 5 4 5 4 7 0 0
"d42ae6ba4535e896" 33 2 40108 40109 34 35 1192 6924 25 7559 13 553 2546 40110 66 188 40111 40112 40113 40114 13 553 347 668 4337 362 15588 116 40115 191 621 482 40116 17652 13780 -1 -1 0 0 0 0 0 0 0 0 0 0 0 0 0 0 0 0
"a611413eaf9bf827" 29 40117 40118 9241 40119 40120 13 553 22437 13 11484 13 347 1379 330 4 553 335 53 349 7082 40121 13 3478 26469 125 3478 338 15170 4 13781 -1 -1 0 0 0 0 5 4 6 7 6 5 2 3 4 5 0 0
"671389a517fd8d0d" 34 15565 5894 40122 188 15566 13 40123 40124 40125 13 87 1580 113 728 40126 40127 13 553 14200 3768 40128 61 6213 24858 330 40129 12361 40130 9028 11565 5459 40131 835 16483 13782 -1 -1 0 0 0 0 6 6 5 4 5 5 4 7 4 4 0 0
"958f5289e3cff3ea" 39 596 87 3337 4254 13 276 1196 2023 102 40132 40133 13 1109 40134 1533 2700 40135 13 553 788 349 40136 13 40137 2 40138 40139 13 553 13587 13620 3993 27245 150 676 297 8513 150 16483 13783 -1 -1 0 0 0 0 8 7 8 7 7 9 5 4 5 3 0 0
"095f2e97a3debf81" 32 20 731 40140 1043 40141 13 553 2 40142 17652 40143 16483 59 1013 40144 6907 40145 13 553 1580 26 93 136 13 26 474 40146 40147 102 40148 8071 4 13784 -1 -1 0 0 0 0 0 0 0 0 0 0 0 0 0 0 0 0
"eb9aa39c11f358eb" 30 2321 2287 87 2243 40149 520 18829 61 297 10107 13 553 1109 17772 6752 188 6761 2 3609 942 32534 13 553 14389 40150 61 2846 40151 40152 4 13785 -1 -1 0 0 0 0 7 5 8 4 6 7 6 4 6 8 0 0
"061849e25b69d96b" 39 191 8794 752 13 297 3489 1 3490 13 553 2 102 1929 202 2075 8331 40153 2076 13 553 357 742 1303 8969 3939 13 40154 2 161 40155 209 326 13 718 297 1109 3939 1589 4 13786 -1 -1 0 0 0 0 9 7 7 8 8 6 2 3 5 5 0 0
"2e54f14c83a973a7" 36 520 9609 40156 13 357 23 1031 40157 13 553 1122 15346 40158 2809 13 40159 55 40160 13 553 10191 16080 953 15303 13 40161 2316 40162 1780 1109 150 676 40163 40164 4944 4 13787 -1 -1 0 0 0 0 4 6 5 7 3 4 3 3 5 5 0 0
"08a8dd30ad44f347" 30 34 26 1305 10797 170 93 1464 13 553 66 556 191 24619 26 796 40165 40166 4 553 3192 2883 10591 13 6758 171 107 188 1651 40167 16483 13788 -1 -1 0 0 0 0 7 5 7 6 7 7 3 4 6 5 0 0
"582917783b70b57f" 42 4304 7646 7647 13 219 55 23278 55 542 40168 2 40169 13 553 357 734 735 736 341 737 193 66 8140 13 553 35 8901 920 8902 171 4133 13 93 40170 40171 40172 24941 40173 40174 2 38794 4 13789 -1 -1 0 0 0 0 8 7 8 6 5 7 3 9 5 8 0 0
"39352f5a174bd1b8" 32 9241 2 40175 417 25989 553 645 1497 1498 1499 13 2 66 40176 737 40177 40178 13 553 3327 7664 7665 7666 66 18578 22291 13 27466 5156 40179 40180 4 13790 -1 -1 0 0 0 0 7 5 6 7 3 5 6 5 4 6 0 0
"3454e9803f41b9fa" 44 1097 138 53 1098 150 40181 13 20680 621 7625 25 41 392 16017 5096 13 553 10191 16080 953 15303 13 35 2038 87 1577 2506 40182 553 87 4304 15166 15167 87 61 323 13 357 87 40183 171 40184 40185 4 13791 -1 -1 0 0 0 0 5 6 7 6 3 6 5 4 6 6 0 0
"02d5a4fb460233c0" 37 102 2023 3475 357 66 17786 3302 13 553 113 711 8310 286 2307 13 698 607 888 142 4 553 1178 14093 53 14094 40186 13 1298 13 1580 1029 171 40187 40188 61 40189 4 13792 -1 -1 0 0 0 0 6 5 6 5 6 7 4 3 7 6 0 0
"eb326b9f5f60563a" 45 2297 1626 2298 892 2299 13 40190 286 305 774 892 19404 13 553 20 1793 13518 796 1863 150 36 385 572 23280 36381 297 40191 55 40192 17873 357 13 553 95 40193 349 35106 32355 13 1013 34 26 110 68 59 13793 -1 -1 0 0 0 0 6 6 6 5 4 7 6 6 5 5 0 0
"57d1d78ff2c4f727" 49 6849 892 6850 13 8621 8631 150 4103 1786 40194 371 13 553 26 4753 4754 18116 13 7316 349 40195 39 40196 6206 2423 13 553 26580 40197 4 4 26 4753 4754 171 579 8752 425 40198 40199 13 150 330 151 40200 55 40201 535 4 13794 -1 -1 0 0 0 0 5 6 6 5 3 6 7 3 6 7 0 0
"158e61574115e727" 40 12989 40202 34 866 13 10439 93 2309 20 29592 87 40203 2 18381 553 134 11044 122 2 373 974 1580 66 23 7944 40204 40205 13 553 40206 40207 484 40208 481 1580 40209 4819 799 11491 4 13795 -1 -1 0 0 0 0 6 7 7 4 6 7 5 4 5 6 0 0
"76d5d2f64bcdf2ae" 29 367 150 1228 2248 11603 93 2309 1580 373 113 10155 13 553 150 15669 15670 22877 34 10619 504 553 596 694 695 40210 353 18409 40211 4 13796 -1 -1 0 0 0 0 6 7 7 5 5 6 6 5 6 5 0 0
"e0fa225ccbd13264" 44 741 13 40212 3365 4703 13 4361 61 18994 1131 162 13 553 2511 15278 737 40213 13 520 1213 13 1488 40214 351 8552 553 4421 13484 2595 40215 13 134 2735 40216 40217 66 19546 13 150 13 150 87 1780 4 13797 -1 -1 0 0 0 0 7 8 7 6 6 6 5 5 6 6 0 0
"9cca14fb6a4393de" 38 66 1120 8690 347 8691 13 40218 282 40219 13 553 25 349 355 25 349 355 2 40220 87 676 2652 805 40221 13 553 40222 40223 40224 40225 13 772 87 1854 21946 1559 40226 4 13798 -1 -1 0 0 0 0 6 5 4 6 3 6 4 7 2 5 0 0
"aa485a6d1984c2d8" 47 1868 1775 11968 787 2 1131 171 2316 13 357 449 347 405 2337 616 115 40227 13 553 7399 417 7400 7401 13 588 93 5520 4716 150 27988 13 553 150 487 20 66 574 25 1696 34 26 979 40228 95 68 13 4 13799 -1 -1 0 0 0 0 6 6 6 6 4 6 5 5 6 6 0 0
"9554a4e33da41d1b" 20 20 414 4529 5145 5146 5147 5148 13 519 410 2493 40229 13 53 7293 7294 13 553 40230 17050 13800 -1 -1 0 0 0 0 4 4 4 4 7 6 2 4 3 5 0 0
"89a3de793fdea626" 28 66 3537 188 1498 12507 596 9055 13 553 16292 2 66 1110 37635 40231 553 150 36 40232 13 191 95 1342 5795 40233 38272 394 4 13801 -1 -1 0 0 0 0 4 5 6 7 2 7 3 8 4 7 0 0
"21032d3817d743af" 16 20 1243 197 125 13 102 2356 15510 13 553 66 5673 113 8131 40234 4 13802 -1 -1 0 0 0 0 0 0 0 0 0 0 0 0 0 0 0 0
"ccdf3028b016a049" 31 4421 13484 40235 40236 2595 13 553 3970 9060 150 36 27233 362 18285 1842 13 553 357 3358 61 2987 1990 20096 40237 13 357 150 4326 1983 504 4 13803 -1 -1 0 0 0 0 6 6 5 9 7 3 2 6 5 8 0 0
"f3b03b47dd720a82" 25 66 414 40238 2321 13 1786 40239 1047 3247 4 553 9513 150 36 87 171 3006 13 357 2652 10867 40240 40241 5924 4 13804 -1 -1 0 0 0 0 5 7 6 6 5 2 3 5 4 2 0 0
"e4a191a90d521f2e" 29 718 87 11442 13 66 23 3638 4322 113 4 553 489 1159 13 20 15077 40242 40243 16483 553 14978 3358 113 20 66 698 30119 4110 4 13805 -1 -1 0 0 0 0 7 7 9 5 6 8 5 4 6 3 0 0
"6c953fc19191eebd" 18 66 40244 2082 13 999 40245 122 4 553 134 11044 113 13 32108 1528 66 33049 4 13806 -1 -1 0 0 0 0 8 7 8 6 7 4 4 3 5 7 0 0
"712c194a14ffc460" 35 1868 13 1775 11968 787 13 357 171 1651 61 9048 4 553 134 11044 122 13 5870 40246 40247 457 4 553 25 993 304 171 40248 13 20 699 417 1173 40249 4 13807 -1 -1 0 0 0 0 8 7 8 6 6 3 6 2 8 6 0 0
"9a5461f19ef57bef" 29 20 1243 2094 1029 40250 13 553 66 1695 8543 2 2675 13 553 1988 1013 297 150 5914 13 66 113 703 1795 21453 188 394 1771 4 13808 -1 -1 0 0 0 0 7 6 7 8 6 6 3 5 6 4 0 0
"be5c79a0058e1a1a" 30 102 2023 3475 13 1109 481 1208 1420 40251 4 553 25 349 355 191 15618 61 40252 4 553 26 134 171 4753 4754 13 95 40253 40254 4 13809 -1 -1 0 0 0 0 7 8 7 6 5 6 2 6 8 3 0 0
"1bcd0744725c11d2" 34 1213 515 40255 40256 4 553 2 35022 12989 1109 33137 40257 394 40258 3084 40259 40260 2 1047 40261 40262 4 553 95 150 36 362 9513 13 95 607 3075 25948 4 13810 -1 -1 0 0 0 0 9 6 7 8 7 4 4 6 7 4 0 0
"2afcce9860166974" 28 16260 1071 13 1088 1047 323 4 553 136 721 4899 87 40263 2 40264 68 40265 68 4 553 8631 40266 20 102 61 1093 40267 4 13811 -1 -1 0 0 0 0 5 5 6 5 4 6 2 4 5 6 0 0
"2b2f1f01ef10e95f" 34 741 13 920 547 2 134 4 553 1890 311 920 20 892 2299 40268 7212 1552 11097 40269 4 553 5924 13 23948 188 394 40270 40271 2 121 8062 40272 40273 4 13812 -1 -1 0 0 0 0 7 6 6 6 5 5 4 5 7 5 0 0
"5f3e657e5d365dae" 31 6849 892 6850 13 66 121 20460 40274 4 553 1930 507 323 13 1013 731 3536 13 788 1795 4 553 1786 40239 40275 40276 40277 40238 5173 457 4 13813 -1 -1 0 0 0 0 6 7 6 7 6 7 2 6 7 4 0 0
"45fd049cbe5eeb82" 34 362 993 150 36 3970 9060 1664 9061 9062 13 553 134 61 2511 3327 1192 40278 15278 737 4 553 2 489 1159 13 40279 1754 1052 171 1123 1374 2638 40280 4 13814 -1 -1 0 0 0 0 8 6 7 8 6 4 4 5 5 7 0 0
"48d73e985e947ad4" 38 4827 2813 12771 13 40281 530 1747 4 553 1868 13 1775 11968 787 13 14093 1109 40282 125 4 553 1178 14093 53 14094 13 66 40283 40284 17652 150 40285 150 40286 8085 1913 1199 4 13815 -1 -1 0 0 0 0 0 0 0 0 0 0 0 0 0 0 0 0
"1adf720cb9f25cd3" 22 367 150 1228 1568 13 113 13146 3302 40287 711 4 553 40288 373 3128 13 2 40289 191 32005 711 4 13816 -1 -1 0 0 0 0 6 7 5 7 6 5 3 7 4 7 0 0
"c64b9561aa35cb36" 26 40290 3898 150 40291 13 95 12266 40292 4 553 357 719 34 4211 3302 4752 2056 13 191 1109 2 6545 23599 530 40293 4 13817 -1 -1 0 0 0 0 6 5 5 5 6 4 4 5 4 6 0 0
"58bef519a4f6e49a" 30 191 40294 414 13 4417 265 5147 1814 5148 13 553 40295 37277 373 7456 13 2 9933 40296 27276 13 718 87 11442 13 87 40297 304 2807 4 13818 -1 -1 0 0 0 0 7 6 9 8 6 3 1 8 2 7 0 0
"efdfc590c8750666" 33 125 66 8690 23940 1120 13 87 371 40298 835 15095 4 553 40299 134 40300 1427 40301 66 402 13 553 150 1878 7303 11606 20154 7592 40302 5613 20 33974 4 13819 -1 -1 0 0 0 0 8 5 7 6 5 3 2 5 2 4 0 0
"cf7d09aa43a42726" 23 40303 191 588 504 40304 13 87 15510 2356 8185 4 553 357 744 116 1696 7294 13 889 116 150 487 4 13820 -1 -1 0 0 0 0 7 7 5 7 6 4 4 4 3 2 0 0
"11d1345fc6036a3f" 30 744 40305 9714 4598 102 13 134 11044 276 4393 12851 4 553 191 95 40306 4421 2356 13 19458 171 22551 1079 40307 113 449 13 367 40308 40309 13821 -1 -1 0 0 0 0 9 9 9 9 8 9 3 2 3 3 0 0
"8e596faecbca2470" 20 5374 40310 150 1780 40311 40312 13 553 113 3046 627 10955 13 20 40313 6410 40314 4738 29175 4 13822 -1 -1 0 0 0 0 7 6 6 5 4 3 2 7 2 6 0 0
"0c8482bcbf578dcf" 24 1071 3497 2056 35021 1774 40315 40316 13 553 1109 40317 7874 2 307 11034 13 2 718 87 11442 1109 40318 9207 4 13823 -1 -1 0 0 0 0 7 6 5 7 5 3 3 5 3 4 0 0
"970694ce13ad5e57" 28 1109 40319 40319 9169 13 451 40320 3737 998 13 553 482 40321 215 55 40322 40323 13 171 2 353 474 134 1199 40324 457 18822 4 13824 -1 -1 0 0 0 0 8 8 8 8 7 6 4 2 2 3 0 0
"29dce7a36ba8993e" 32 1270 40325 1270 13 774 40326 40327 2813 1199 4827 12771 4 553 357 40328 116 25075 13 744 357 40329 30739 53 748 12266 123 150 2131 737 124 96 16483 13825 -1 -1 0 0 0 0 7 7 7 6 6 4 4 4 3 5 0 0
"7ed55b46e92856b4" 27 4882 23 20 40330 40331 13 1182 29685 40332 40333 4 553 113 26 4753 4754 13 2 353 1821 15 55 40334 213 231 11285 16483 13826 -1 -1 0 0 0 0 9 8 7 9 7 5 3 3 5 7 0 0
"daf46a1c68917a1d" 30 40268 134 171 40335 22304 40336 13 150 116 1780 15045 40337 676 1370 4 553 191 95 150 36 4378 1780 9513 13 113 1043 3838 1043 1173 4 13827 -1 -1 0 0 0 0 7 7 5 5 5 3 2 3 3 6 0 0
"19e24206884e630c" 29 1580 1923 2 1923 113 66 44 566 421 774 40338 4 553 40339 7675 40340 13 66 4421 349 2595 621 2 41 373 40341 40342 150 4 13828 -1 -1 0 0 0 0 8 6 5 6 5 7 4 4 3 6 0 0
"e2298cec89e63014" 45 40343 596 2809 40344 588 13 2 87 22795 40345 40346 13 530 150 5515 4 553 744 87 61 970 40347 13 357 40348 150 40349 2652 636 9105 13 2 40350 40351 40352 8788 13 28703 123 40353 124 737 7093 40354 4 13829 -1 -1 0 0 0 0 6 6 6 6 5 3 2 4 4 8 0 0
"3e387e7196c4b603" 39 59 68 6636 191 15 55 40355 9047 26 13 31910 2735 40356 13 40357 2295 3307 2056 40358 5313 13 410 4 553 5924 13 40359 373 8434 40360 40361 4330 13 5924 796 40362 2 40363 4 13830 -1 -1 0 0 0 0 8 8 6 6 7 3 3 4 3 7 0 0
"e07d98ce5cd5dade" 18 66 1120 8690 13 150 8691 13 553 5145 1208 40364 338 13 2056 1047 87 40365 4 13831 -1 -1 0 0 0 0 8 8 8 8 7 6 3 4 3 6 0 0
"65f895d84d42d572" 22 1988 1013 297 150 5914 13 171 288 410 3472 38 150 553 703 3128 13 5714 13 2267 13477 6583 4 13832 -1 -1 0 0 0 0 6 7 6 7 4 4 3 7 4 5 0 0
"25b4abd5586f325b" 22 87 948 40366 13 1122 14978 13 150 2852 4764 553 437 41 367 15866 13146 2 11042 150 36 8514 4 13833 -1 -1 0 0 0 0 7 7 6 7 6 3 4 4 3 6 0 0
"eb8b7f7bf81f0111" 22 20 1243 13 1029 150 36 993 20 40367 13 553 2 489 1159 13 1988 1013 31047 61 5474 40368 4 13834 -1 -1 0 0 0 0 8 7 8 7 6 4 3 4 5 3 0 0
"b291ecdb9f8c39ed" 19 367 150 1228 2248 13 26 744 14449 13 553 26 744 6141 40369 2 443 7400 13951 4 13835 -1 -1 0 0 0 0 8 7 7 6 7 9 7 4 8 4 0 0
"096ff0639bddaac2" 25 1088 1047 323 13 357 596 40370 188 20743 40371 13 553 1071 102 61 1093 134 13 2136 40372 14514 40373 357 40374 4 13836 -1 -1 0 0 0 0 6 6 7 8 7 6 3 2 4 7 0 0
"8b29a8473d1ae858" 22 171 10263 1754 10465 13 40375 530 40376 13 553 1668 61 5612 5613 13 2 1602 40377 13 106 2873 4 13837 -1 -1 0 0 0 0 7 6 6 5 6 4 2 5 2 4 0 0
"42276c00f2b729ca" 23 134 2859 16451 1114 727 14790 5286 13 553 357 66 367 630 13 34 357 3940 13 530 40378 40379 6965 4 13838 -1 -1 0 0 0 0 4 5 6 6 5 3 3 7 4 3 0 0
"dccb3ad92ef996c6" 23 188 150 2062 151 5545 5546 13 553 95 61 7742 542 13 1122 357 17646 33102 357 150 13 13608 13609 4 13839 -1 -1 0 0 0 0 6 7 7 6 7 5 4 2 3 3 0 0
"1532c1ad955faf5a" 24 34 10621 410 7033 3282 13 504 87 150 151 40380 13 553 357 13754 2902 13 1506 113 61 2511 7643 40381 4 13840 -1 -1 0 0 0 0 6 5 5 4 7 4 4 2 4 3 0 0
"66552177ed3f485d" 26 10185 13 373 40382 13 40383 446 13 19473 93 660 13 553 38 1693 3141 8849 8850 3918 6390 13 1610 1306 11623 2398 110 13841 -1 -1 0 0 0 0 7 6 6 7 6 4 2 5 3 7 0 0
"4e43f3a99091db59" 20 2 7611 727 8095 7576 13 553 1559 341 1319 1352 13 26 188 40384 596 40385 2456 4415 4 13842 -1 -1 0 0 0 0 6 6 7 5 6 4 2 3 7 5 0 0
"f68096e2cbd4ab50" 21 1376 4623 4624 13 20 6891 52 15310 13 553 1580 742 1047 5875 13 6448 7592 2340 40386 40387 4 13843 -1 -1 0 0 0 0 7 8 8 7 7 6 4 4 3 4 0 0
"87f29ef8af357837" 24 286 125 2863 13 410 40388 286 40389 13 553 357 35 8366 286 2307 13 2398 373 1411 20 11850 40390 40391 4 13844 -1 -1 0 0 0 0 5 5 7 6 6 4 3 5 3 6 0 0
"a12e630b6ae2d9de" 20 35 1109 3760 351 547 8851 13 553 2 3948 2724 13 20 35080 5253 93 1464 40392 40393 4 13845 -1 -1 0 0 0 0 5 6 6 3 4 3 2 3 4 5 0 0
"3e3e5c3b8393f2a6" 31 191 40394 3294 40395 200 13 553 347 330 39 3078 13 3079 718 4 553 171 32443 40396 2578 1047 17149 13 553 33 723 515 3302 40397 40398 4 13846 -1 -1 0 0 0 0 5 6 8 6 6 4 3 2 3 5 0 0
"31043c71c83d4a4d" 27 2067 35 40399 40400 12310 13 553 7259 40401 20 40402 11641 4 553 40403 19102 1047 1744 13 553 357 40404 3302 417 25 2267 4 13847 -1 -1 0 0 0 0 6 6 6 5 7 4 4 4 3 5 0 0
"7b2bd39cae462279" 35 191 14207 25164 13 23 359 13501 35249 13 553 2 3366 5903 11597 578 40405 15055 13 553 835 1093 1522 3485 466 14373 13 553 345 1052 61 87 1693 2006 40406 4 13848 -1 -1 0 0 0 0 7 7 3 4 5 6 5 2 2 2 0 0
"7c2f2e9aae6a7eee" 36 7152 151 524 7153 13 1580 171 40407 26720 113 13 553 1250 40408 920 8343 13 191 3241 405 53 16483 553 405 718 13 405 718 13 405 718 13 2 193 68 13 13849 -1 -1 0 0 0 0 6 7 4 5 5 4 6 4 2 4 0 0
"8ee054c9e85431b9" 33 1758 40409 40410 3110 40411 13 553 157 11735 2 171 39850 40412 13 553 191 7125 7901 2 40413 9896 13 553 744 66 1002 13 35 742 3293 40414 37622 4 13850 -1 -1 0 0 0 0 6 6 9 5 6 3 7 3 2 4 0 0
"798df7d57f89856e" 43 40415 1762 40416 13 2 6651 515 9177 13 553 1232 87 40417 20137 4 13 40418 34 31892 13 553 191 13777 3522 504 2 28949 171 40419 553 66 1002 113 13 35 347 600 601 1550 13 23 4415 4 13851 -1 -1 0 0 0 0 5 5 4 7 3 5 6 7 3 7 0 0
"b769ce5da1686234" 48 34 6828 2859 40420 14488 13 2 645 40421 40422 13 553 20 2546 35 1832 305 171 200 13 40423 35 414 858 920 13 553 8654 40424 40425 4 9624 9625 9568 1082 13 553 10414 10413 2922 13 553 188 40426 3503 40427 359 4 13852 -1 -1 0 0 0 0 7 7 5 6 6 7 5 4 7 3 0 0
"73e48c1669297c03" 44 40428 722 576 13 191 40429 489 40430 3536 13 553 32635 28805 13 596 1002 113 13 20 66 1010 11448 13 553 2 188 6177 1714 457 2619 113 13 553 2 282 1862 87 727 13 35 23 2979 2321 4 13853 -1 -1 0 0 0 0 8 7 6 3 4 3 4 6 7 5 0 0
"1c7d426ded49aac6" 43 191 3294 171 40431 40432 2 76 61 40433 13 553 68 145 40434 515 40435 16483 68 47 40436 40437 13 553 40438 8032 40439 35 4278 40440 4 553 1022 1464 66 2067 22728 4 282 4361 61 8875 40441 4 13854 -1 -1 0 0 0 0 6 7 5 5 6 4 3 3 6 2 0 0
"6d31b285f20779d0" 40 7295 7296 7297 2 8843 40442 13 553 40443 1580 66 40444 1043 1400 2 40445 93 40446 13 553 150 38 1693 3141 8849 8850 9625 6390 13 553 405 53 13 405 53 13 388 14405 40447 4 13855 -1 -1 0 0 0 0 7 7 7 3 5 4 2 4 2 5 0 0
"b6b31db4c02aae85" 33 40448 417 6955 2 1604 393 1511 13 553 359 40449 35249 38 40450 4 553 188 6177 150 7977 151 24411 5546 13 553 188 40199 704 40451 40452 2 40453 4 13856 -1 -1 0 0 0 0 5 6 6 4 5 4 3 3 5 3 0 0
"e266154c7b788b16" 35 40454 1096 347 4589 4110 13 553 134 2859 40455 1114 727 40456 5286 4 553 2546 645 2038 32126 2 2941 1579 515 13 553 9624 9625 9568 1082 40457 737 40458 3935 4 13857 -1 -1 0 0 0 0 6 6 3 6 3 5 5 4 7 6 0 0
"744087908a73d653" 30 2204 20 157 11735 3488 13 553 44 502 3078 2 36205 13 553 47 1002 113 35 742 1047 40459 13 553 357 5140 40460 13 742 1047 5875 13858 -1 -1 0 0 0 0 7 5 8 5 7 4 6 5 6 2 0 0
"4c8a35bc9e028803" 34 171 10263 1754 10465 13 40461 40462 150 13 553 40463 40464 13 553 2 1668 61 5612 5613 13 40465 15946 13 553 20 11850 723 40466 40467 17652 40468 13 6962 4 13859 -1 -1 0 0 0 0 0 0 0 0 0 0 0 0 0 0 0 0
"db26e66626afd6d8" 33 2 7611 727 8095 7576 13 553 35 1109 3323 351 547 8851 13 553 2 20771 2724 40469 40470 40471 40472 13 553 38 22334 170 40473 40474 4 13989 13989 4 13860 -1 -1 0 0 0 0 4 4 3 4 3 5 4 5 4 5 0 0