122
152
624
856
918
1220
1982
2319
2510
2622
2791
3343
4055
4469
4642
4859
5227
5278
5435
6094
6140
6390
6531
7082
7512
7539
7643
7861
8143
8236
8465
8638
8819
9656
9743
9924
10052
10101
10163
10254
10259
10337
10468
10511
10867
10945
11282
11378
11426
11518
11533
11742
11786
11848
653
946
1065
5083
8787
9737
9944
10003
10147
11072
11993
6
92
172
295
298
309
369
472
491
503
598
629
650
656
662
696
699
730
762
825
841
931
963
977
993
1021
1025
1080
1131
1144
1192
1203
1228
1279
1404
1413
1610
1611
1618
1686
1715
1830
1840
1849
1872
1885
1890
1969
1987
1992
2019
2043
2058
2065
2131
2232
2284
2297
2324
2344
2379
2380
2381
2384
2400
2441
2482
2491
2502
2556
2581
2583
2591
2606
2627
2661
2784
2808
2812
2832
2962
2989
3022
3027
3106
3112
3149
3155
3159
3190
3213
3228
3237
3256
3282
3321
3359
3390
3395
3402
3412
3434
3481
3506
3531
3579
3598
3631
3663
3674
3681
3806
3824
3829
3888
3921
3931
3935
3974
3989
4006
4041
4109
4167
4265
4278
4324
4331
4444
4453
4463
4526
4536
4554
4577
4599
4658
4676
4687
4690
4697
4739
4743
4747
4752
4757
4811
4907
4934
4983
5004
5019
5023
5043
5056
5167
5180
5181
5360
5377
5384
5444
5485
5493
5544
5598
5651
5740
5783
5822
5844
5865
5928
5955
6066
6098
6147
6179
6206
6229
6331
6341
6374
6380
6410
6472
6537
6569
6582
6603
6650
6653
6692
6704
6720
6738
6747
6770
6784
6842
6896
6906
6929
6972
6974
7081
7155
7180
7193
7236
7334
7351
7356
7613
7653
7663
7723
7811
7855
7857
7886
7946
7951
7974
7984
8026
8037
8062
8071
8118
8136
8204
8243
8278
8294
8342
8378
8392
8462
8489
8496
8505
8529
8531
8552
8676
8693
8696
8742
8757
8779
8982
8990
8999
9008
9102
9128
9156
9175
9199
9245
9290
9381
9403
9418
9431
9486
9551
9591
9600
9751
9766
9769
9776
9803
9811
9843
9852
9885
9905
9984
9998
10005
10027
10047
10084
10098
10127
10276
10288
10339
10446
10450
10480
10520
10565
10586
10590
10603
10607
10620
10647
10648
10714
10812
10844
10854
10879
10925
10961
10967
11013
11119
11184
11194
11213
11253
11265
11271
11352
11355
11368
11491
11509
11551
11565
11571
11610
11649
11656
11689
11699
11728
11730
11745
11746
11757
11772
11777
11793
11851
11877
11888
11935
11955
11961
12011
12027
12120