147
1312
1630
1744
2024
2122
2343
2387
2561
2969
3083
3339
3411
4481
5327
5410
5443
6174
6200
6480
6679
8371
8643
8762
8814
9004
9734
9771
9802
9844
9995
10000
10094
10277
10612
11261
11922
11992
12015
163
361
409
1882
2279
3126
3432
8372
8410
9230
10505
11958
52
68
75
120
126
129
130
158
170
172
174
175
263
336
337
525
530
546
547
728
752
843
910
928
950
975
990
1006
1018
1053
1137
1213
1258
1268
1287
1417
1510
1531
1577
1598
1613
1739
1788
1887
1906
1909
1939
1966
1980
2013
2030
2041
2051
2099
2111
2126
2139
2173
2242
2311
2347
2375
2382
2421
2451
2478
2633
2715
2879
2994
3026
3055
3080
3107
3197
3302
3341
3350
3388
3536
3615
3622
3661
3685
3713
3817
3967
3976
4099
4110
4170
4179
4184
4191
4227
4257
4260
4285
4388
4402
4440
4480
4487
4489
4492
4494
4501
4519
4527
4540
4652
4689
4695
4812
4879
4892
4978
4987
5006
5057
5136
5255
5343
5344
5376
5477
5519
5554
5560
5611
5644
5691
5730
5780
5847
5872
5961
5970
5974
5992
6001
6046
6063
6097
6124
6146
6152
6203
6251
6286
6310
6332
6337
6338
6476
6515
6518
6533
6542
6575
6638
6659
6707
6711
6725
6759
6761
6822
6836
6883
6893
6908
6913
6984
7084
7135
7146
7161
7178
7243
7297
7302
7303
7428
7535
7609
7622
7695
7730
7753
7802
7808
7854
7915
7937
7954
7962
8067
8081
8082
8139
8157
8223
8247
8254
8269
8290
8319
8374
8377
8386
8480
8508
8515
8658
8757
8796
8881
8898
8941
8955
8989
9105
9112
9139
9164
9175
9213
9244
9262
9286
9454
9483
9546
9559
9592
9629
9638
9653
9676
9715
9894
9934
9935
9959
9989
9996
10034
10148
10161
10165
10251
10266
10323
10329
10451
10540
10596
10608
10614
10701
10800
10918
10950
10959
10973
11079
11121
11187
11228
11266
11276
11291
11325
11365
11370
11390
11413
11420
11505
11531
11552
11572
11576
11682
11702
11754
11774
11801
11864
11918
11938
11948