633
918
1282
1615
1630
2326
4007
4384
4805
4940
5132
5342
5410
5649
5766
6149
6173
6188
6696
6731
6919
6930
7163
8598
10237
10278
10442
10895
10957
11751
11946
11953
1174
1175
1397
2540
2828
3401
3508
5764
7689
8369
8422
9081
10258
10437
10675
11082
11586
11784
50
63
77
80
126
128
132
133
150
151
154
155
183
269
279
287
310
315
342
348
380
506
525
577
602
685
703
723
850
852
863
965
1035
1060
1072
1124
1141
1161
1215
1246
1247
1268
1299
1306
1416
1548
1594
1723
1735
1788
1845
1875
1896
1914
1947
1954
1975
2017
2036
2091
2114
2135
2181
2187
2227
2318
2337
2386
2406
2471
2484
2494
2506
2511
2547
2578
2682
2740
2901
2944
2947
2990
2998
3041
3052
3164
3216
3275
3334
3344
3347
3424
3444
3503
3589
3625
3680
3692
3819
3832
3839
3855
3930
3980
4021
4162
4175
4245
4273
4275
4282
4299
4381
4448
4455
4457
4478
4523
4545
4605
4654
4680
4693
4694
4742
4869
4897
4916
4951
4980
4992
5029
5045
5046
5060
5090
5098
5230
5232
5240
5258
5270
5283
5290
5328
5354
5388
5401
5430
5447
5488
5503
5515
5521
5540
5603
5638
5660
5774
5776
5829
5874
5923
5945
5965
5981
6013
6016
6035
6107
6120
6136
6161
6180
6312
6313
6329
6345
6468
6547
6575
6602
6634
6677
6680
6753
6771
6775
6787
6810
6876
6886
6905
6977
7014
7077
7130
7145
7168
7201
7292
7316
7358
7372
7388
7441
7469
7472
7487
7517
7527
7544
7574
7647
7733
7850
7872
7911
7932
8030
8034
8075
8078
8091
8113
8221
8226
8251
8262
8273
8284
8314
8361
8370
8383
8471
8496
8516
8527
8559
8571
8581
8635
8645
8793
8803
9011
9120
9145
9175
9183
9224
9234
9258
9272
9294
9329
9334
9377
9422
9433
9526
9552
9570
9593
9632
9672
9760
9900
9916
9929
9943
9986
9999
10001
10002
10023
10096
10140
10145
10247
10287
10290
10326
10397
10631
10661
10705
10747
10814
10843
10848
10858
10964
11112
11128
11132
11179
11190
11198
11287
11359
11379
11418
11429
11489
11503
11521
11583
11612
11615
11623
11646
11653
11660
11670
11675
11693
11705
11729
11743
11760
11893
11911
11918
12000
12018
12026
12117
12141
12147
12148
12160