"3f76573793334cde" 129750 88104
"c6189a230795d99d" 8894 155865
"ee49e1bacbe90108" 154913 61648 160076
"5ad72573c072beaa" 144887 137965
"f4c55b978b0c17a2" 11018 115936
"14e393a61ecfdb5e" 106403 3763 139910
"b5d1c9b0d2995211" 16859 109789 157702
"0fc2c495a9dd6991" 55593 147502
"0a9c8ca99cd5e027" 144704 164851
"687687de70620d7e" 43790 109789 129030
"73ed3f830ed193d6" 11018 181413 25651
"f24b713f26f7c822" 137731 16859
"4098057c4917fafe" 35793 85946
"dbaf26daa97cb509" 26428 54340
"62884be52690be73" 178509 128382 18722
"0bea842aa2505424" 176824 3763 118168
"865c0323af6d9743" 105099 23084
"786c6f3ddced8602" 86918 141772
"8d4691c8277b0066" 83977 89782
"4be4603e6a73ff7c" 4617 165368 19682
"8cd2a7803b3f38da" 144881 115936 129030
"8c6012da3cfe8884" 111498 155865
"4d64365704a06b71" 23084 3763 88104
"dd7d916ad123cc2c" 109789 144887
"e9ec4b2fd652302d" 144887 61648 89782
"96707b9470edf012" 157702 147502
"0362989e1ff489d5" 178509 129030 54340
"24a825ebdb95ec2b" 73845 160076 115936
"b5e43f51d498eaa6" 118168 19682 144704
"fe1090b667fa98d9" 115936 18722
"5e18dd5e3e7223ec" 165368 115936
"70b7c4cfa0898b3f" 61648 11018
"eb7125c024bf2e76" 178509 88104
"99819a230795d99d" 8894 129030
"645ea394182a5a47" 118168 154913
"349a02242a29720c" 53402 16859 144881
"87dd1023c27e3acb" 4617 141772 19682
"f4cb4e292e555b74" 181413 128382 25651
"299391a90eb5a0b2" 26255 18722
"64690323af6d9743" 105099 11018
"74821ad8369b3049" 86918 16859 55593
"2d9841ff5ebbb42e" 111498 128382 83977
"258e893fc845e309" 176824 25651 85946
"5dd38a82005f188c" 137731 55593 26428
"63421af101122deb" 73845 118168
"399bb649332441ad" 129750 176824 23084
"30468649aecc7c7f" 160076 129030 144704
"bdb1292f6d2499e5" 22270 50184
"f429e2a5f9e283bb" 12713 132877
"90b475a42bbfa287" 49698 86370
"37b44d1b0f795b87" 28971 101915 59048
"9f3b3a754c1b1a8e" 83533 35683
"192ee8622341f009" 103800 31756
"dfb4aeffbcbae5d8" 147151 53325
"1f6710babd4911f4" 157338 121342 138520
"67a5cb30428c4795" 153892 31756 53325
"a078bc6d304bf2dd" 127243 5966
"cca6bf2e7a152e9f" 49116 23603
"a5e999f68df43275" 9361 127824
"1e47969608581b8a" 20989 161417 13150
"6efa2b5e35b50aae" 41760 171481
"ed66c0c5baa1fcd3" 18995 169498
"1fe9fe5812f97142" 68962 164618
"1f43f682d92379e2" 4913 164807
"1fe975f32d51a1b7" 120827 153861
"48b796b528d7fdb5" 6711 61836
"0fa8d9bcf1a36716" 14288 188403
"6beeb1c4d5b6c7f9" 69107 113970
"4e1aa12dc4755bf0" 19238 161711 86370
"b198905415c09e71" 19119 132877 68962
"ffe4fb626dfdf0ea" 157338 83533 35683
"745494c2488c9dad" 31756 59048 164618
"bff28fbe3325edd1" 138520 113970 127824
"567c50b25d4f62a8" 120827 14288 171481
"2357d682d92379e2" 4913 50184
"092ac2a5f9e283bb" 12713 5966
"69b7949254c74f9a" 20989 23603 66033
"d509f3f7715726b8" 31756 188403 9361
"c7dc58c4ec7ce9ab" 167457 49698
"839f1c1dbbac2bdc" 28971 49116
"5fb518af06cb1d63" 101915 153892 153861
"90aa3b3a007ab83f" 169498 127243 164807
"509d97b13822f683" 53325 35683 41760
"60785d69081ad139" 127824 161417
"6f36a6b528d7fdb5" 6711 121342
"787377dd1101b561" 61836 22270
"4921268a7efad6fe" 69107 13150 157338
"a6b0a667a622c3f3" 103800 138520 4913
"3e5c9effbcbae5d8" 147151 18995
"abc5dd8381ed3519" 164618 113970 83533
"25d3641078c499af" 164807 120827 28971
"403e5461925b0fb4" 101915 103800
"0760ca5a39f3d2e3" 86370 161417
"b1df1669f599d2a1" 59048 19238
"e6bcd847652dbaff" 166117 109344
"b6238a74c50c53c7" 55961 149472 32449
"720f60c18c0b1283" 78724 165894
"717c771f1edcacd1" 690 115232
"0c05931f5c484b9d" 105088 211 9472
"8b0d5571b37707ec" 32449 75070
"5cce79ecea87c734" 97107 111218 170855
"841bf2fe0648ab59" 136634 107241
"8030ad936a3ebe24" 134211 13172
"50e8e5c697ab0ee5" 156951 48813
"3a2b8959140920a9" 35100 90099 130887
"21de6230046d6c40" 165206 13511
"998f760395f16ecf" 145502 5862
"1070d36787b9e9af" 183866 162338
"3f0383e8bf4285c8" 140264 168638
"fe8e30f705527b49" 114602 23904
"c229f7952bb2dd98" 134840 13159
"6771f24210b7b4ee" 26905 26388 108200
"992ccb5797cbe3b3" 53950 45574
"571ef060cca4b6d8" 86571 64281
"488335cea1a28803" 64281 78724 165894
"670ee69a02025fb9" 32449 13511 107241
"065f05ac1ef621d7" 109344 97107
"9c10ed10a2b19a08" 166117 149472 90099
"a7c703dc5e262097" 75070 170855
"6ad003fe0648ab59" 136634 130887
"3171df54ae92304a" 115232 45574
"7c980e4c659043b8" 145502 124254 114602
"5d984d3bebf2eca6" 55961 183866 26905
"731118952bb2dd98" 134840 111218
"3cada0279437e3c6" 162338 35100
"e4168ccb1360caa5" 32449 165206 168638
"6b120043118936ff" 134211 690 108200
"b8789640f1470c3e" 105088 13511 13159
"f1a7501ea39e50c1" 55961 48813
"52c8c401e16fb2de" 53080 13172 23904
"55607bcf3411b763" 9472 140264
"7aa7572465bdbcf2" 177544 156951 86571
"df9fe9cd5d0040c3" 211 64281
"0c2dd847652dbaff" 166117 111218
"c16eaf18ab07bc36" 97107 134840
"32f79fea9d39ddab" 177592 124254
"ae46771f1edcacd1" 690 90099
"5c3aa36787b9e9af" 183866 5862
"b87d603c28c4ed09" 147680 53950
"b606a7c662c52b32" 165206 140264 26388
"16fb9a6f2c06f037" 11900 10920
"97d2f5fe55c24f79" 16875 25105 146672
"c599a74790014069" 74407 140724
"ad60135fc710ca52" 163448 166741
"3a39ebc2a4a0f5aa" 62558 49044 159560
"15c67737755af1fc" 84725 150835
"91537dc9bf0500f3" 49469 176723
"259629bc518369f5" 178937 94464
"f2355e458fb171d3" 139327 16718 140249
"9828c5bba4c86833" 76337 138114 101325
"e64088310fd4f965" 123726 22667
"889693942c26b3fa" 58024 60307
"66f4af9d5d520d65" 3688 22853 101684
"e7cd1ee14fdca250" 59237 151472
"b1700879dc1b1fd6" 171010 50452
"a1fbd944e1dd16b1" 178722 11635
"62b568628c406b4e" 103136 44121
"3f042945a844b2ae" 50245 153676 185409
"ea5883164c5eb211" 124003 65474 151472
"16f6123f1a53bcdd" 50489 111755 10920
"11af11befbed79ba" 146672 33908
"1983634bf1a5c934" 159560 11900
"2ef2f4471b622da8" 101325 8140
"40e4fd73483f26f8" 140724 11635
"dbedce600f8b06c0" 166741 150835 94464
"538feb7a8f930ab6" 111755 178937
"79a889e03e056cba" 10920 185409 44121
"2638cc3ce5ca7ca9" 16875 62558 151472
"7b5b79a9b09eb66b" 59237 49469 3688
"bff4a17b9159ecf4" 65474 101684
"456668c18f26f3d4" 74407 139327 140249
"5f876709dca60836" 49044 50489 176723
"d6f4681382c7c7a2" 58024 124003 84725
"5e74a8310fd4f965" 123726 171010
"d5d07d5dd42961e3" 153676 50452
"9e3700d7506ea607" 60307 22853
"733469610679a305" 22667 138114 25105
"c600d0f11018634a" 163448 16718 14069
"8dbbe944e1dd16b1" 178722 76337
"6201145a407bac09" 50245 103136 146672
"5b79fda77c0f6647" 3688 94464
"208439bc518369f5" 178937 151472
"e8e815471b622da8" 101325 163448
"b067ad410c15577b" 44121 140249
"9df81e73483f26f8" 140724 159560
"d711fb7a8f930ab6" 111755 185409
"a3f81879dc1b1fd6" 171010 150835
"7a55a17b9159ecf4" 65474 103136
"beaa195e56187ca8" 69342 148664
"88e680dde78018fc" 106852 123915 169068
"2d1195f26af87569" 109799 35050
"8b6820b2f87c2ed1" 39761 142228 2162
"9a479cf73a086399" 9254 120782
"923e12e967ad2a37" 134845 135395
"9476794a7c9122e6" 125598 26710
"9b282ea7c1772b99" 91487 4834 4031
"f9811daa41b76d7d" 156728 66138
"0edc62859b8d348b" 153637 55122
"85f1eda9d1775c0c" 29603 135603 141469
"2dc451691400c308" 128335 60578
"334009ea689a6118" 34217 144625
"f0debce7d45ce0d5" 10823 7169 50330
"6e802d7e19054a6e" 98379 746
"ea90093358cd6b34" 110561 20597 61099
"a00a672ce518a1ce" 2162 143578 55917
"cd82cea077b5813b" 139048 4980 57799
"e35055dfdc63faf3" 156728 141723 69342
"165e02e967ad2a37" 134845 70427
"0972994a7c9122e6" 125598 141469
"629dd713dfa18dbf" 91487 9254
"e48321b1cc2f396e" 135395 50330
"a980792c024885dd" 139048 153637
"d9a351691400c308" 128335 55917
"2495424c5a5c56d2" 109799 61099 123915
"52b23be2fb66b618" 50330 78776 66138
"31192a97aeb8d5a9" 26710 141469 98379
"49814314bb3b674a" 142228 29603
"70be3c7bdcd8eb8c" 746 123915 20597
"4bb6f4256350a1e6" 39761 35050
"07f4609324aab779" 57799 139048
"2e293606af748b4e" 60578 7169 143578
"391273f4527fc6f6" 156728 9254 106852
"adc3edee0566969e" 4980 148664 153637
"040c218f21e2e0e9" 144625 26710
"b9729d3fdb3d2fc1" 142228 4031 61099
"722812e967ad2a37" 134845 110561
"5771ad95f3e7d05f" 123915 20597 78776
"dca34182b2cc84c3" 139048 2162 55122
"c4a1e2e99ff78788" 60578 153637
"72c3c8c6b29fbd3f" 60578 139048 106852
"1220ca54a375f9d8" 169068 156728
"0655e9a8c882843e" 4031 141469 57799
"a3209cf73a086399" 9254 91487
"fb9bb94471dab792" 2162 35050 55122
"0e8ca89e8a9312c4" 122515 79312 8956
"dc35d84a5a1d3e5a" 35619 181324 141197
"abf2d7ab18cec067" 62650 49180 118715
"d7e57da6815ceca7" 66927 124077
"bf9696f76b4a1702" 107119 177963
"9acb1aed02040506" 54506 19674
"465f0670e7cd5ec0" 51991 161804
"627c00bef4ec5b8e" 70081 124076
"705317e6edfd1ecf" 167875 23443 25804
"50c0d64b9b82e092" 118519 107597
"209b3c960bda39e3" 30892 127961
"00d01e5ad2e0f932" 45329 139126
"efba52a7b813a03b" 101014 184435 67480
"ced04423a0ad2ed4" 16377 5274
"74593c39c363ec55" 68064 72570
"4cf53c7abc338a22" 67062 112473
"f86e1826c5767c1e" 175061 123921
"36c63f1265ba5d32" 73972 145810
"955006af4e0faf76" 84276 14152
"eda43f7b7d4215f9" 6811 113362
"cd1966fa5f8e7fe7" 3889 16377 102485
"b32004efe353964d" 118715 112473 62650
"622d730d3f7accf8" 101014 118519 161804
"531ca5e5152bb4c4" 184435 3889
"07ded66a0c117126" 49180 124076 66927
"23305423a0ad2ed4" 16377 68064
"1fdac64ccdcf82c1" 167875 181324 123921
"a1232387328887e1" 45329 35619 123921
"7508cece435bdd93" 107597 70081
"fcbc45f6426ca886" 79312 113362
"cd9e3d6246d1c790" 154137 54506
"a6cabbe7824d70b0" 124077 73972
"6349cac2325dc561" 177963 19674
"8b8d2cdd61310d64" 67480 122515
"bf7c11069429eb17" 139126 72570 5274
"c86cf570e7cd5ec0" 51991 84276
"4d933d8beb3079f5" 8956 6811
"6523f52d25e20333" 25804 141197
"2725f9df91534266" 8956 113362 102179
"c48e5622f498cabc" 127961 5274
"d9463ce20d0360d9" 30892 102179 70081
"83dbb57eede0241f" 14152 35619
"a87a76f76b4a1702" 107119 62650
"6340733a6e73b566" 23443 145810
"db2d916b844bf07c" 66927 23443 67062
"8acbc5f62f3e3b7a" 4713 137126
"23330ef954109054" 50036 174434 176987
"cf0aa4fb1f0dab87" 44734 91241
"92012ed34c8c8ec2" 41832 126819 105969
"953658d34a003fe3" 175685 17707
"0882412c48aef598" 187063 185901 14047
"a0a5d31612e96495" 22954 80345 81858
"54074553cb3b9ada" 71884 67877 184751
"0af03438e94ec14a" 137126 144709
"8e9a1aa7ea44441b" 67877 5228 49078
"434a32f3519fd6c3" 176987 172648
"d0514fc3e6383f7c" 122924 91241 150691
"4db5a9f1f5efcfae" 45466 4713 71884
"931ede4d0c6dd4bd" 47208 184751 67877
"0eed63bf9300f282" 10622 105969 5228
"3055a142e3f180ba" 49078 175685 90707
"6b4b30727575c270" 28079 122924 22954
"9fa5f9525da246fc" 128893 176987 71884
"eaac538b90f4f54c" 53586 159815 41832
"3cec08229f3daa9a" 80345 81858 14047
"ed056085d550e09a" 31266 115089 22790
"12dd8d2f5cd74cfb" 7454 128893 50929
"360ba2e919a119d6" 8658 174434 10622
"4ade8fe6c6d9d9cc" 82148 91241 81858
"86b4d33677ae2606" 21485 5228 151342
"2664f48e4a6a3bc4" 112542 44734 67877
"f6949486d93e3051" 50036 67877 105969
"3becfbc6e87db447" 47208 17707 90707
"375f39402f4683f6" 159815 91241 49078
"3196e5f8a6c1b233" 162179 22954 185901
"a24b0e413a1d4f94" 31266 53586 144709
"7f3493bf9300f282" 10622 105969 162179
"18eb943f133188de" 128893 112542 185901
"d5654990d8c90ab6" 115089 67877 158010
"f0891139490f2188" 134151 47208 14047
"2a3eff66bf038de7" 122924 174434 90707
"f89ba8944b970663" 176987 5228 187063
"bcce931b202de8cf" 144709 126819 151342
"7a777191403cd735" 10622 41832 172648
"28b81d574531e1b7" 4713 184751 175685
"8789f3225b52ef3a" 53586 47208 144709
"54c7624a9e8bc8ce" 44734 67877 21485
"cd55d65859f9eb0b" 150691 49078 158010
"0b5a44a27066b414" 28079 50929 126819
"666f18ee27a085ee" 45466 160055 41832
"bba7eebeb31e3c69" 91241 172648 80345