"c1134b1cd93b2e0b" 61640 144263
"eeef32bb55f8f451" 129696 50845 142412
"d43b70e0e6315ed5" 178592 152781 42299
"d9d07a65303b02ab" 4133 48911
"ad4d16e857ba0f66" 49863 155922 4040
"5d89e720c0c5f639" 47089 55787
"8524efc0dad72142" 176670 16869
"2b97675fe4dff95f" 48472 152781
"96c6e80e7c700904" 33022 160102 45636
"69b13b00508b2817" 72090 123741 184106
"5904d5609a327cce" 77428 65092
"7eafbddab6b79176" 65630 127284
"274fbbb65fbe65b4" 9260 39369
"fc862988b1b2b2cc" 127976 8903 144643
"59ad514389cf2833" 126832 177272
"06e9aa99837ff05c" 47861 53058
"7098281dbe54f9c4" 139681 65141 106564
"1835887c5c55279c" 40109 28683
"cc6d617173995ad3" 72826 16557
"e0dca8aa6408932f" 31128 35049
"7fd06460e11bc3b1" 127284 50845 139681
"9de1e0233995ba1c" 42299 40109
"89ba44c54b128af3" 178592 129696 48911
"f7d2e03c79e79345" 69626 77428 4040
"d24168cfe5ac5b62" 50845 144263
"06b41d80ab939685" 65092 92031
"8dc9edb980e9df19" 127976 129696 49863
"506503f154144dd0" 144643 48472 62537
"6d855ddbc9ddab3c" 106564 47861
"2f881f145a0e259d" 65141 178592 142412
"af51cdf5dd969170" 126832 152781 31128
"400432d83706090c" 33022 127284 35049
"c37850814f82da6d" 160102 69626 55787
"ce771ce4d0c2f686" 45636 28683
"49907032ff286aa9" 49863 142412
"b5ab5ddbc9ddab3c" 106564 72826
"6adb5941b6afdc4e" 8903 65630
"4a1648cfe5ac5b62" 50845 33022
"e34d887c5c55279c" 40109 61640
"b2578e705e770e02" 28683 39369 184106
"d98b7a9d11f5dd8c" 152781 144263
"d7ccd60a021d4b05" 176670 8903 28683
"b33be92f6247cd89" 42299 72090 40109
"4d98d72c008c8acb" 92031 127284
"47ee49ad715d82a0" 155922 50845
"58424539eafbe07d" 47089 123741 184106
"55200eb986383b68" 39369 144643 77428
"c091dcb444ea96d7" 168300 156195
"b6a7f88ea4d8ff1f" 149080 153887 31287
"ee422b0d7ca7e8c2" 53412 14893
"54a4dd5019eaae3c" 22443 179305
"693009ccad73e687" 17761 154108
"4850a08e61817dcc" 2049 59068 46086
"8d7deaafe9b7c1e6" 90252 37967
"11073a4595143e97" 55007 104337
"a231b7ff4670af16" 108613 49916
"062c77f491639fca" 41860 187414 157653
"8d7895b4326a9740" 99524 12151
"0d7368b16019009c" 129240 11627
"164ad5f053de5536" 162674 118186
"f5672713d93cc304" 150635 117443
"acabfaffef5db674" 67572 3321
"d463c2db723adc71" 48591 34717
"3735a3cfaf49f4ad" 150370 102796
"27587b5f703671c5" 8427 61270
"64bfcb1a04bce7f6" 9678 151267
"ca716a0dbc133c40" 37297 154114
"34ee0d2cb0cc6a40" 173602 90268
"8a2b0f6af9dd79f4" 141176 156195
"4b60ab30d7f279b9" 108613 173602 53412
"000003b77d0d3443" 115165 3354
"6c2d2cef8df9dd56" 9464 13384 34205
"e3175a6f0c8a391a" 175573 124629 62279
"321895ce3a259ebe" 186691 2191
"22fcbde5f46b32e7" 43869 41148
"2c046eea13907717" 13384 110766 141595
"d6933914eeb20bfc" 14125 56695
"7500492efa895b1f" 41148 101982
"cfd57a6d2e2d5dc1" 34205 68182
"87f889a62395f5bc" 62279 7088
"d75fa3feb802b412" 110766 34220 176922
"08df5d1a0678e209" 56695 145736
"cb72430ed53eacf1" 50939 141595 95649
"b6a7311eb3e00bbb" 101982 178872
"0702e2ccacd0f66a" 130745 18270
"9432824b78f11afa" 68182 92670
"7281984af2fd62ad" 34220 92670
"a8ebf4d8c3d53d1b" 18270 176922 87009
"56ac21469aced56e" 145461 118535
"00e7b8224d876df1" 145736 111083
"379fae165c94468e" 183859 109754 174733
"3be62a92491f9bea" 118535 156203
"12f7448cff6fc17e" 95649 156568 170199
"cdc2e08166e54bfe" 136775 12820
"c203c6567d999a98" 178872 87009 60478
"00c4ed8aa1a594a4" 92670 9355 109754
"3a00391912d1482c" 176922 111083 29185
"152422d2ee00aeff" 9355 156568 174733
"249e771850c72215" 111083 156203 31975
"0743ee54c49c1941" 156568 130648 170199
"2def5b5cfba646e5" 109754 99699
"7b32acffdd1d58d2" 174733 87009
"cc80c67d4e3c6d64" 130648 12820 31975
"d582105849cc1c5f" 156203 29185
"d05aed960a53b29b" 170199 99699 60478
"93aff60946232deb" 99699 12820 29185
"8561df944ddf4297" 12820 31975
"41e23a144a8d6054" 60478 29185
"5cc93b8b177fcc3e" 141707 142985
"959220bb3c6e9304" 124634 50932 140098
"5ee9f0d8b0b1a50d" 172825 183004 69871
"f95d6984eb2aa741" 68131 5604 186279
"0ff0ed55571ee83f" 25948 183685 142698
"527d1c07f0aa1327" 16818 188206
"f8c2b17b419bfe7d" 35568 16626
"22c78ec4755939f9" 144855 90890
"f0c629db568fe62d" 26321 21445
"d43666f3de1f8abf" 45399 169617 158712
"fc2a4d9d0872e4a0" 52515 187512 59219
"fb13a6b64095d5af" 123240 103434
"6baa8ff92da1c689" 170701 137120
"ef205365133b8c08" 31649 23649 14399
"4c61fbd04d24515a" 6180 75729 88410
"ab3521eb2894a237" 111212 45009
"d70903fa0e627c21" 28069 141329 160554
"5da97608277c317d" 156613 124199
"57873dceaa837aa1" 46568 26321 186279
"e2d975b73f5debc7" 178297 25948
"8dff2b669dcb7322" 31649 14399 59219
"0321918b83ef42a1" 23649 68131 45399
"0dcb4a445e722257" 1260 141707 111212
"9ed4e7ee2ba153ee" 28069 172825 188206
"79c58f542f1e0b48" 71111 52515 123240
"f12817dd6ec6ce2c" 124634 90890 142698
"e4a154c3d583f624" 6180 35568 169617
"2c7bbbab97060556" 16818 142985 140098
"4e724f4377a33ee6" 45009 141329 183685
"8d18e120a6fefe94" 5604 50932 124199
"ad33a2f4775798cc" 144855 75729 21445
"ce447cb0f76b7195" 183004 59219
"7856f9563287ce33" 160554 187512
"1979842f1df342e2" 16626 88410
"83657a669ec9e6ce" 45399 137120
"2883b6b64095d5af" 123240 170701
"dfcfa97986d6f0b7" 178297 71111 158712
"6150241023df9626" 23649 141329 186279
"820aa20c90091c8e" 28069 141707 52515
"1fe75da21fb685ac" 124634 6180 142698
"ef6e44e933049431" 25948 16818 69871
"4f3aed28bf1bfcc3" 142985 35568 90890
"859d1110ebd9cfda" 59219 140098 142698
"a6b8495bf77f783b" 45009 183685 124199
"91e9bf972cf95c2d" 46568 5604
"ba1ec03309c33e2b" 31649 26321
"cfd9407ea128049e" 172825 103434
"b8ff7366dd924a2f" 142268 48786
"618411390e74b310" 159621 166312
"0f56104c9c74a401" 139143 57803 152697
"a9db9c2df21a466f" 10472 1500 109949
"d908f74e53d4ce62" 183833 100267
"d6d136371ff687d5" 71118 127157 32053
"98f82436afa3a901" 69381 186267
"b9170565d589a739" 117781 80861
"2b9b4225a7fda0e0" 32904 126446 180107
"d49dbc3ac8f25733" 109994 112574
"41f62422156fc846" 19804 184571
"9166dc3fa5f5f43e" 121437 70835
"827d02451a9df7af" 165335 110096
"9d00eb05dab9cc6a" 159411 144789
"c0e077593178d662" 86145 117714
"f44369ea11f73426" 153656 159450 139260
"a868b2946c910778" 41909 79276
"2b157d6c5ab46973" 41616 68341
"65cbe91ea37323d8" 7437 97280
"752d211aa80dbf88" 11849 68341
"87179b967eb69477" 135397 92458
"b3fc3861051e5f53" 46419 165335
"f01d2861051e5f53" 46419 100267
"f811537f62379e56" 112574 139260
"589bebd1f266ae1d" 86145 126446 109949
"d573bc3ac8f25733" 109994 71118
"6f88fcc390221daf" 124641 41909 70835
"a965717ea2589a20" 84103 48786
"0500b069b613e0e4" 10472 19804 159411
"6c27b322d3c3fe27" 124641 79276
"49de10f551663ec0" 1500 184571
"2a45653cc37dff69" 153656 121437
"5fda356d87c96e8b" 57803 152697
"795e82d2db54f233" 142268 166312 92458
"c44b48b8a4f3bb32" 117714 127157
"b5528b967eb69477" 135397 7437
"580fe7ad1bc74073" 139143 109949
"91a11422156fc846" 19804 97280
"1a90967172222275" 159450 121437 68341
"7f70f74e53d4ce62" 183833 69381
"072a10f551663ec0" 1500 165335
"18fd437f62379e56" 112574 126446
"236fe5c7ff695b7e" 32904 80861
"d351717ea2589a20" 84103 32053
"a62e9c57e86115b4" 142268 48786 186267
"9fd711390e74b310" 159621 180107
"afde088d6e411fee" 166312 97280 11849
"622dbe41b09f9715" 69757 53110 19674
"781058536b7eaad9" 184958 99380
"cac0b40627d7a206" 131901 110566
"7520458d72ae2017" 36835 23459
"f1d3fed2d3c2cd10" 52005 176017
"376f203fcada6cba" 1688 112550 128868
"9c591a70c3e1c3be" 41852 184336
"6e4fe3f498f0d084" 102302 107571 162168
"a33070bdc9be8e61" 149435 172174
"eb5b5e18d45297fc" 135709
"8e756e18d45297fc" 177223
"ef82b885cf904cae" 161273 61868
"d3b7ab9ba5a6985f" 11433 94459
"3b5c312df29bf512" 65185 123865
"70df36c8b4d4192d" 82719 39113 113106
"52521117f226d338" 108455 5180 4241
"8323e3264844c97b" 49767 47914 168782
"c3fbbc79dc8d7862" 146748 15043
"db35c3d6d2295aeb" 38476 91508
"02a5c62605565b2b" 23207 3704
"c1809dce4c4abf67" 31006 11433
"e430e62605565b2b" 23207 112550
"8a30595280b2fd55" 69757 10914
"0a56234a42b685d3" 49767 10914 102302
"5b50cedb920ac0b1" 44926 162168 112550
"58f438795a788dc9" 156223 52005
"06b173662e5038a6" 172174 131901
"3f53b885cf904cae" 161273 65185
"597707cbf771d39f" 94459 11433
"57bf40bdc9be8e61" 149435 39113
"24fbb204c1ed58f2" 1688 135709
"d727c3d6d2295aeb" 38476 99380
"326a629a987c431d" 184336 110566
"d311b40b6894972c" 113106 112550
"8f750297171a3c5b" 107571 176017 49767
"bb229ed3c8009df3" 47914 61868
"00a71a70c3e1c3be" 41852 177223
"c21658536b7eaad9" 184958 123865
"f59a17c6cab0481d" 53110 91508
"211450b09b7d313a" 108455 15043 36835
"705320a2cdef8195" 156077 4241
"e0b7fcc4a572e18d" 82719 168782
"f9b8e76fe239625a" 128868 31006
"ced796811c0070ce" 23459 3704
"665a4f922663976a" 19674 49767
"948bf738bf8ded69" 69757 149435 5180
"393c2fef3c6fc45d" 186172 2314 109356
"1513c36da04f3b3e" 107205 9103 73976
"ddff11e6e6d7bd01" 130007 22725
"8be907cfbb9ef6f5" 55046 86618 136167
"9d993be17ec5c442" 85823 117881
"ae727f23384228a5" 71156 127728 181725
"9145f90badc93c66" 173457 4702 107217
"95995fefa4763335" 48037 163236 115407
"68e25e61a7c79fef" 128986 187527
"d1485540efabed82" 31708 17474 11838
"d53ae9afb0d10025" 28780 121204
"775593b66c7c6481" 31871 41790 117425
"75b980fa64ebe2c6" 128253 142080 168201
"00bf6d232e053baf" 82466 164843 164374
"b55053138f7136bc" 85843 92663
"5914662e027abab9" 188022 96938
"6e5d1d8b318ceec2" 28464 36250 76827
"38c008b5983a2131" 128659 107231
"b4c246ae46eac38a" 98923 99144 33719
"34b0ecaacc55f65e" 32202 12108 46660
"fced48009aba055a" 113746 115896
"78e25872926fdb96" 17223 109247
"5ec67715a31d1d79" 168972 106622 69962
"5a5f669966bfb15f" 162837 184295
"691a02e46cc1425a" 78377 126932
"1e3f7803c45dd94d" 147826 102186
"98e194f89a8d70b7" 146061 130739
"a0ab5fea42c0135e" 177260 162849
"a975875bf69d5337" 155980 38134 140455
"2dabc42518d7d689" 39429 144356
"84ac31af848d4334" 33275 90716
"81614816b986643b" 95661 60834
"46f12860e2311f04" 95203 124080
"05a88b4410ad2dbe" 45307 130916
"3c416389f6ccbf17" 154507 154218 179413
"5834494896c041d8" 27615 39429
"d2d8300cbe94d381" 98923 159837 99144
"b62faa6741385764" 126932 36250 90716
"0b5488e27fdd390c" 33719 65592
"b48f0d099600b0b7" 130916 32202
"b84a5816b986643b" 95661 162837
"4ada4b471d908146" 124080 17223
"b3449d383f6f0a2e" 28464 115896 154218
"35d7ceb9aa26163d" 46660 147826
"6f4c2773d1f4ef36" 102186 184295
"95e0d9090b9a184d" 140455 33275 113746
"5bf03c3653ef0b29" 109247 179413
"b034871f0ad0533e" 60834 144356
"6892875bf69d5337" 155980 38134 128659
"114b05b001a53767" 99144 12108 144356
"39dd1860e2311f04" 95203 107231
"bc6f6b4410ad2dbe" 45307 27615
"210307d5a5c58faa" 179413 115896 126932
"ad8edf9fffff5dbb" 76827 36250 177260
"233fe668b12a89b6" 168972 78377
"a068d417a02dc595" 162849 124080
"a4ab4389f6ccbf17" 154507 154218 90716
"057641af848d4334" 33275 130916
"a3ccfccd9d49caab" 184295 113746
"c62cdb7c11861f58" 109247 69962 32202
"86fe5b6a4b599482" 106622 162837
"5d5b98e27fdd390c" 33719 159837