"d3542ea290a73dbc" 127984 50336
"414ea465a8e927cd" 162474 72069
"d4f5e34184ed1834" 142601 138070 127285
"f2af7daa3866e0bf" 187298 87304
"fb873aceb217b131" 23004 164880 55274
"f4638b7e530bd330" 141412 91854
"5b5d55aa19ff0fab" 24146 146472 113858
"46f8ce21e56c0096" 156799 187844
"bb1f7fef01ea6667" 143678 95400
"365c707f8743cf0a" 33991 101915
"329ef9e122db6f8c" 107291 30839 7996
"0351a06f535bf4df" 74879 41872
"0094e035b0ff5cb2" 101387 142405 147379
"a917bd57500e8583" 313 9821 41143
"6712bcce9692f333" 120060 96317
"141dbbd2995acac2" 33234 20394
"d83910d986fc759c" 188196 19532
"b9a973be22177149" 149455 21880 110739
"21767c4f394a2fb3" 174770 62531 50336
"3e81de2af54bab0c" 138087 152443
"c27077a4143a21cb" 127285 91854
"3ae9b4a004160039" 101910 23004 146472
"65d71da8122143cc" 72069 138087 142405
"5ee871fecd9ba31e" 164880 95400
"a04f707f8743cf0a" 33991 113858
"f07d2cfde3b31009" 9821 24146 41143
"43a4297270b638fe" 120060 187844 101915
"2a87995e46f1e3e2" 96317 33234 55274
"3071d5be2e3586db" 107291 30839
"57a10b90a030e542" 21880 127984
"5e5eb465a8e927cd" 162474 138070
"51ce095768f5b04d" 142601 141412 33991
"11e341e7baae444f" 187298 147379 156799
"dbcc6fef01ea6667" 143678 20394
"7a529c4d5f0025af" 164880 33234 188196
"a390e9c09f219959" 41872 313 7996
"c926a8583f8696f8" 146472 101915 19532
"73f23e9d39424ff5" 110739 87304 152443
"533ed53b7b5bd9f3" 109925 95400 41143
"e32189023a4f0b40" 62531 162474
"6ba430cd81f35808" 149455 101387 30839
"0bd7f5be2e3586db" 107291 188196
"5d26b06f535bf4df" 74879 127285
"d8d9073528793851" 156799 91854 30839
"318e3f432a9230d4" 113858 19532
"a25968ff30675ee9" 313 138087 142405
"6543297270b638fe" 120060 187844 96317
"7557fa7c8c8dc410" 48449 46836 101313
"1bd6836cd947e632" 137691 68623 68178
"f0faaa5031ed100e" 5806 48303 109765
"46d56530b69b007c" 93595 54872
"7613d11eb3d0aa99" 46403 67808 32131
"8737405d09a78307" 48792 63371 37512
"e71eedc14438d42a" 92301 58786 11878
"25a6d10c131e9971" 24050 136207 117316
"20b8b3f65a7d9eb2" 137464 169725
"ddaf92bcd1f79675" 170969 106283
"5b7b3275660a05d0" 58786 4238
"2d455cb721089614" 37498 12384 132255
"b67193f65a7d9eb2" 137464 9062
"a8804e92075ab6e6" 63371 173134
"6aced530b888c20f" 64977 31673 23231
"f4c78b71ceac80c9" 46836 126767 146511
"b423edc2cdd40558" 64977 28979 34482
"5eac9d6115d263e8" 68178 15054
"688a8704598a11bf" 67808 31673
"8cffc45bfea00795" 68623 154118 31946
"e099247da1402666" 136207 96542
"67f9cf793ffd2e07" 45231 9062
"c8dae9b4716b1f1c" 126767 173134 148166
"c9a9508601b1aa6a" 117316 23227
"925486c9d0051962" 101313 45231
"c5a16de522a75eb7" 48449 92301 101313
"1485109e564178fe" 48792 32131 31673
"a69e748850654386" 131461 34482 31946
"99c2ca1a1603fd52" 170969 109765 15054
"9bd6dc3c03de3df1" 48449 46403 12384
"2d3f8f5ddbcea131" 5806 136207
"a61a1401cdc7f66a" 137464 126767 148166
"275b5530b69b007c" 93595 11878
"1801835ff3c80c1c" 24050 28979 132255
"41e5b62b4ce3d7eb" 169725 4238
"9ec9a0f7ebaee36f" 46403 64977 37512
"55073b166cb40857" 24050 96542
"e88be5b255e5b00c" 5806 46836 32131
"e13ac9c7e67290ec" 63371 28979 23227
"b104d0ed342ea41c" 37498 169725 45231
"3a70a835fb11b83c" 48449 37498 23231
"9272e25ad0403c19" 46836 54872
"cb96d32ccd8dac9b" 170969 68178 37512
"f972d9b3120a826f" 137691 117316 146511
"2041a19b9aa4fd46" 46403 9336 9062
"ce90e7614ce88e69" 114936 142023 59024
"a84cb51afe0e9e26" 182806 56959
"66809feb48e5c2b5" 59959 117301 25821
"8c442b8b177fcc3e" 141707 54924
"9f496393a4f3b700" 1307 162925
"ac9e0868be46696d" 50524 87732 118305
"d1734162ca8d4a3e" 64266 135086
"b56eb1be522b1af6" 117877 54924 172217
"22f39159c13faedb" 124198 38215
"065d4e72a4d3bf2e" 169103 141208 60664
"a296af0920aa2d0c" 43854 38215
"c7d2e68ea0246ca6" 140237 91494
"2116552c5809c385" 134068 135809
"e89dded5ea3f5d54" 64915 37117 118305
"49b7b471b8c2f129" 3226 49107 55466
"687610d1cadfcdfb" 143005 81632
"8b418a216e02f1d3" 136700 56959
"ff5536082d16c41b" 59025 100763 179294
"9bf69fab6bc5629a" 95813 141707
"31943f532ca55779" 88089 118305
"3f1c341b4e7c1796" 41826 172217 49107
"d1664af58b5f6a59" 88089 43854 25821
"45c39351d0b33b9d" 111569 64266
"6547c7d1239374c6" 182539 3226
"4ae8921fe1618061" 1307 55466 91494
"0a83115d4d73fa00" 8126 142023 66958
"f631aaf90f2451f7" 117301 169103 124198
"1abf62af285a6fbe" 59959 38215 135086
"dec208cd23585fb9" 59024 11013 64915
"7f9c2c880ce5d8ce" 63930 141208
"924ee7d1239374c6" 182539 162925
"d4ea8eaa88ae22e1" 136700 140237 56959
"9b780bdc026291bf" 114936 134068
"9d5da351d0b33b9d" 111569 169103
"b49678fd03137996" 135809 141707 64266
"c4adac83a70b769c" 8126 172217
"7f019f88dd8c5989" 11013 54924 95813
"4f009bdecaccdab5" 142023 56959 88089
"70cfc51afe0e9e26" 182806 136700
"4da241a223e96f42" 37117 43854
"c5cba159c13faedb" 124198 135809
"70dab363cdf7fc77" 59025 38215 55466
"9203522d0e987de1" 81632 50524
"2f20c2909d7f4029" 41826 182539
"4f75bc4df4a843da" 118305 3226
"9be0824df87d3f6d" 60664 87732
"7ea69372e67b4382" 120334 55926 10082
"8c1a7a53f95e4a58" 127470 85957
"e29ac22a2ac6ce9d" 21433 139134 174302
"fc3a7d615194f7bc" 158228 12894
"011a24f1e7d96ed5" 28526 140361 162484
"2c4ddb606fc050f0" 144876 107353
"1c73a904f6e97ea3" 3607 78776 39665
"8772e6a0adb8317d" 104673 127001 85793
"7dd05882f9c7bed6" 96955 21547
"8884024a914be90f" 71277 149074
"c4ee79cd3eab8c5d" 24822 107803 19966
"9fdb4dd5ac157300" 98880 151372
"ac36468d4777c988" 144223 89790 100772
"04c89e2040c17075" 68992 136144 138599
"8c58743d12c93a92" 148901 8122
"d6288848490c6b60" 177221 151335 6108
"de0277bdef3be6ac" 158067 92649
"2c624df335575afa" 130455 30954
"3f8da8fd21cfdffa" 162484 10082
"cacd9438b00d83f9" 170959 158228 78776
"37705ab3bffb98eb" 140361 104673 151372
"cd050620bf33c5ad" 89790 140361
"52eaa4a683c5f72c" 174302 92649 21433
"c71b14028a390a22" 151335 19966 120334
"e7cea81713ef1634" 107353 151372
"bd8c7e145912ed38" 170959 21547
"f4e0d405dbd67342" 104673 30954 107803
"56d05882f9c7bed6" 96955 21433
"e6a184732a7129ff" 144223 28526
"df96484a93794e9c" 94032 68992
"8a1383ca6f7c4faf" 8122 55926 130455
"21c40f28d444aa9a" 85793 78776
"ff4b4dd5ac157300" 98880 149074
"2a63b38eb67957d0" 151372 107353
"39a6807a08cc58b6" 92649 151335 171198
"080a3faf20d3bf97" 3607 148901 138599
"f994218a6ce7f536" 12894 144876
"af7167bdef3be6ac" 158067 24822
"aac2ae3c855423a1" 177221 139134 127470
"792a74b9316f626f" 71277 39665 6108
"316d56103b8d0deb" 100772 149074
"4714c1570e60c660" 177221 136144 120334
"2098d6adcfd1589f" 174302 68992 21547
"5cab48985f741bf0" 3607 71277
"e61da2df3d5f2cb4" 127001 89790 139134
"a2ded5fdc1056a3e" 151372 140361 98880
"466de885cac9a34d" 128594 78776 85793
"1bce53ec291f708c" 34846 167486
"90e209d435373085" 67005 121149 10914
"c049a64bd173edcb" 43256 20487
"ce011044e06dee2a" 91507 101864
"9b6e759b6b109fcc" 45491 39332 49649
"3a5297d6faaabf72" 145173 33332 178905
"c731b17dc11724ff" 28050 10533
"0b61bd7db5214221" 27539 97292
"a43944df09397454" 24785 126017 64891
"5c77e9850d826714" 162601 184579
"ea0ab35c11501e0e" 55433 9228
"191b6a1df5a2c4ae" 72004 44720
"4853ad9012c2af4f" 55106 172349
"e86e8b2e4388fd54" 58923 162866
"25f49474a028b07a" 65201 182440
"70da60a269264a6a" 186315 152971
"b6f2f14703eecde0" 67435 148687
"aca4565d0f5af620" 174950 163759
"ba01883bd12cb139" 116042 168956
"eef66b3256927fed" 18118 141555
"6a8b04bc32ac4118" 22435 32050
"bea3c6c663afe630" 97292 163759 27539
"5f1ebbbe4db0c0ea" 39332 33332
"67c6ea0c0f42dd16" 101864 126017
"36bf7a3f7bdf9cda" 148687 45491
"865e816beff3b3d7" 121149 10914
"d339251804a5fff3" 9228 33332
"c09e6a1df5a2c4ae" 72004 58923
"8554074f8edfd2ff" 20487 101864 182440
"d340a21e066ae345" 178905 152971
"fbf2acc6162f456d" 184563 43256 91507
"363d6d5f28f368cd" 92169 174950 64891
"6fc36634594ecce1" 49649 97292
"c839a32bf517990d" 148687 32050 28050
"75f85f04ad326ec6" 167486 72004
"b73f9311149dce5e" 168956 55106
"f943c1886d3754fe" 10533 178905 39332
"cf7e67d6faaabf72" 145173 33332 32050
"b8636d9c976a302b" 24785 126017
"382534023e09f1ac" 162866 22435 65201
"8bc45b3256927fed" 18118 67005
"e2302f6a13917eb7" 186315 67435 45491
"7efb8b2e4388fd54" 58923 152971
"b74bbb8923184c38" 44720 34846
"fdd1e35c11501e0e" 55433 172349
"c0c6d9850d826714" 162601 116042
"6e24f3199dc488ca" 184579 167486 168956
"095a22028269ea7e" 128830 105085
"67dda0249f3afbd7" 183932 12810 71375
"0a721aa6d3637ca5" 168112 65859
"f9805bbeaabafc8c" 185551 135022 97945
"4d0182a71293f148" 159636 170961 106106
"1007a85f5c709143" 61100 58501 144555
"d40ed19b5a490bea" 59625 112331
"883fa2c59f101274" 156726 94685
"531471e24555872d" 85231 83429
"92832b33d21a9ef2" 104409 4215
"4f4e53ded96c22ef" 37978 98421
"00b879e1a4cff460" 189000 59883
"ecfa63ac26181704" 167496 86713
"d58618844da363ed" 134130 138022
"7d82c1121b1bfcd3" 57704 35618
"20febfc6cd247f22" 147960 102473 1676
"126cf44446250451" 172746 43506
"c4d1debf18ac3ce0" 84250 187149
"74445f7ac4c6d9e9" 100952 95842
"2005d7690c513757" 45921 168040
"e5b28756882e32ce" 185551 133632 135022
"ee572da3a777063c" 62753 159636
"f7413ff913fe7560" 124051 85231 167496
"5d7aac446c531dcc" 59625 112331 61100
"598a82fd01b8318b" 94704 147960
"ca20fb429c70953f" 105085 97945 104409
"0e1ab1fd5eb1beb5" 183932 83429 37978
"e1845faaae76277f" 128830 168112 4215
"edd1b2bea036969f" 172746 100952 65859
"900d5271a1d66459" 58501 35618 86713
"fbe8cd6ae51f569d" 61100 12810 168040
"fbc73d8da3bb130d" 189000 57704 138022
"3c431424ddc74e96" 170961 106106 71375
"4e2287cc57bdde90" 84250 95842 4215
"dd3fdb9f126f1ab4" 134130 1676 156726
"9b09a146feef0d44" 102473 43506 98421
"670163ac26181704" 167496 45921
"8ef8d8a4dd5a3c11" 59883 144555 187149
"e437af37d8c8759d" 94685 168040
"03b6140b21196baf" 62753 105085 58501
"c26c3b33d21a9ef2" 104409 106106
"17238cf59998e543" 94704 168112 167496
"d71bf8b0bd1d2e5d" 124051 183932 94685
"a6b1152f645405eb" 12810 1676 59883
"1934f3da996a63a1" 170961 102473 37978
"0bbdb644c7c2714d" 135022 83429 57704
"802c38123d49182a" 86713 65859 4215
"5fed31bc798c8e0a" 185551 85231 35618
"2a0cf891b19af406" 15797 7620
"a03bafb596ae5ed7" 118758 147624 29411
"b21c8c280fe79962" 82805 58253
"871a684c9152e102" 71727 1000
"dcc8f098b17bdb6d" 175075 96793
"58e82b4ce40c512d" 59928 95200
"0ab2cc8082007fbd" 49641 113950
"21a4df904cd8f7a2" 27856 44565
"bcab7b6cb8fe3d30" 107757 23535 91434
"d3ac8bdfe4b2cf66" 20731 96023 110934
"3113d2e3ff9cbd3f" 38107 23495
"6421cb23bdd80a42" 55579 13754
"30b56575a072082e" 77557 108517
"2e775a94709c9457" 19828 172517 16548
"aab07e0aa5113ee4" 53554 125491
"435f8d600982617b" 145752 150525 53562
"0ca4f5760f7dde2b" 129159 18249 99683
"643fac2f6c666cdf" 86730 59159
"b764963dec5b6ee4" 181463 76387
"146650edc791d59d" 175075 27856 58253
"f45dad8024bbd15e" 20731 76387
"e62c6ab4fbebf392" 150525 1000
"f215b58208eb17cc" 107554 38107 44565
"7394e535f213d178" 45226 147624
"f12f55f36342aee0" 45564 118758
"f06dfb79ea14285a" 145752 91434
"18883166c8c360ea" 73740 125491 82805
"a41b1d3371fa7cb0" 19828 107757 16548
"efede22070c287fe" 49641 129159 18249
"7b8cffeb81c08d1a" 59159 96793 13754
"cb7b680158dd0e7e" 95200 23535
"8e777ece7a800247" 53554 59928 108517
"fa2ba1a100f557f7" 172517 23535 110934
"5b762991b19af406" 15797 181463
"05afbb23bdd80a42" 55579 7620
"ba2b224ef1d00891" 113950 82805 29411
"3f22884c9152e102" 71727 99683
"c124d2e3ff9cbd3f" 38107 27856
"d311120aca489c81" 23495 77557
"eb31f84ed396eb69" 175075 95200 53562
"414bbc2f6c666cdf" 86730 108517
"55a31d54bfa2084a" 96793 99683
"c1fae3cb91894a50" 107554 19828 150525
"1381ec69da7a51cd" 172517 29411
"4d3ef0a8d69cf7e0" 118758 113950 71727