"c2a189e0c44a54a1" 21 330 909 53 14 102 16520 76 28 34 80 199627 249 184 6081 80 344 11 559 184 782 1179 1174151 -1 -1 0 0 0 0 8 9 9 7 8 10 4 2 3 2 0 0
"13cf1a21b03e30e7" 22 7692 44 5248 2819 80 150 62304 2995 80 199627 249 232 150 1964 42 80 90 3737 36 30 594 1179 1174152 -1 -1 0 0 0 0 7 8 8 6 7 8 3 2 3 2 0 0
"4480bd8d548ad251" 23 212 14 19 149250 80 1183 14 30 3025 80 199627 90 382 1138 5175 80 453 382 106 102 51 2688 1179 1174153 -1 -1 0 0 0 0 8 7 6 8 6 4 7 2 6 2 0 0
"a0acdfedecad68c2" 25 28 5730 2726 80 199375 212 849 150 7387 80 199627 90 630 4 49 74 2602 80 36 30 2644 77 150 275 1179 1174154 -1 -1 0 0 0 0 9 7 8 7 8 4 6 2 9 2 0 0
"ed96aaf471426e4b" 19 160562 2743 6891 815 184 2585 80 199627 108 4083 77 88 80 18281 44 271 1663 10525 1179 1174155 -1 -1 0 0 0 0 7 7 6 8 6 7 3 7 6 7 0 0
"13c072d67c4452c0" 24 120 14 782 252 51 707 80 74 861 72 80 199627 590 20 30 10331 1146 19 51 12377 4 299 974 1179 1174156 -1 -1 0 0 0 0 9 8 8 5 6 6 6 5 3 3 0 0
"36a9a072373dba98" 22 14381 408 30 4948 80 590 232 227 83 80 199627 550 559 60 24707 83 80 563 456 234968 2157 1179 1174157 -1 -1 0 0 0 0 7 7 8 7 7 5 3 6 4 7 0 0
"07655697ed51f3c8" 25 11 232 150 246 388 80 161 621 5943 629 80 199627 90 74 1232 80 378 299 20 1294 19 453 4 3696 1179 1174158 -1 -1 0 0 0 0 6 7 6 8 7 6 5 6 8 6 0 0
"0e054e3bf0b9fbe7" 25 13522 8091 33303 206 80 200450 283 510 80 199627 90 425 184 114 96 51 783 538 80 283 510 102 51 3884 1179 1174159 -1 -1 0 0 0 0 8 8 7 6 7 5 4 4 4 3 0 0
"d7482b2b09439055" 22 632 1258 192 1330 6105 80 520 1625 80 199627 200449 7921 150 4213 80 23729 146 1069 14 51 2976 1179 1174160 -1 -1 0 0 0 0 8 7 6 7 6 8 5 6 3 5 0 0
"71e8471c00af6bed" 23 184 8986 1138 80 74 7 19 2913 386 80 537 80 199627 184 11 4300 80 49 271 908 64 474 1179 1174161 -1 -1 0 0 0 0 7 8 9 7 7 5 3 4 5 4 0 0
"c24442d2f9f31b18" 25 43 119 4 185 80 456 184 3737 36 30 1121 199372 199627 1334 192 1330 1138 80 184 935 2346 30 526 1138 1179 1174162 -1 -1 0 0 0 0 8 9 8 7 7 5 4 4 6 5 0 0
"ba549abeaded1bb4" 26 120 30 2651 212 520 80 283 30 398 19 656 80 199627 90 271 5174 80 192 30897 8570 80 74 7 19 4033 1179 1174163 -1 -1 0 0 0 0 9 8 9 7 7 4 3 3 3 5 0 0
"12d02b5e2cc69dec" 24 967 19 150 246 80 6 120 60 707 80 199627 200449 456 54 600 630 80 550 51 2012 997 1618 24698 1179 1174164 -1 -1 0 0 0 0 8 7 8 6 6 7 4 6 4 6 0 0
"d73e2408e627dc5d" 38 184 20 2983 25 30 34147 2902 80 747 19 3055 80 199627 1015 150 410 19 35 24 80 184 114 4758 154 80 199627 200449 4 153 184 6081 80 229 234836 576 770 24 1179 1174165 -1 -1 0 0 0 0 9 8 8 7 7 7 4 5 6 5 0 0
"cd8514e33797fbe9" 23 297 11632 77 61439 566 102 51 5695 4872 80 199627 249 4 232 227 44 3877 80 146 586 30 1828 1179 1174166 -1 -1 0 0 0 0 9 10 10 8 8 7 3 9 6 7 0 0
"7f17af00ae8470ba" 24 352 816 19 3244 14 80 630 14 2023 511 80 199627 249 199375 20 1019 456 352 2287 24 19 28 2344 1179 1174167 -1 -1 0 0 0 0 8 9 7 7 6 8 6 5 8 3 0 0
"1d4dafac4d88c7ec" 38 330 739 178 28 915 80 249 369 229 15401 28 3635 80 199627 90 563 456 150 62304 566 42 80 199375 232 60 3326 80 199627 160562 80 184 127 103 80 146 590 3612 1179 1174168 -1 -1 0 0 0 0 9 7 9 9 8 7 3 6 7 6 0 0
"cf1a070db9e1f477" 36 860 283 14666 102 51 6243 80 166 4758 103 1683 80 199627 107 3158 80 4 153 369 127 51 139 49 1693 80 199627 16520 64 474 53 4 80 166 3380 60 1179 1174169 -1 -1 0 0 0 0 8 9 9 8 6 8 7 5 7 6 0 0
"9bda8e9efd5d35e1" 29 28 5730 2726 80 120 14 20 150 161 90 443 80 199627 49 4 25 28 319 80 369 106 102 199374 68 791 253 80 443 1179 1174170 -1 -1 0 0 0 0 9 8 7 6 7 7 4 4 9 5 0 0
"4126c7051f064e63" 30 807 102 74 1232 80 166 2481 28 275 252 382 80 199627 90 798 1866 20 2157 80 249 798 391 51 108 4603 80 344 36 561 1179 1174171 -1 -1 0 0 0 0 8 8 6 8 6 5 4 8 7 9 0 0
"a4cb402b3198cdef" 42 568 915 80 200450 283 60 235177 80 200450 216 30 1121 80 199627 249 4 390 4 153 30 3755 83 382 3235 80 173 11 280 25 80 199627 200449 456 184 257 80 184 4300 192 1330 1138 1179 1174172 -1 -1 0 0 0 0 9 7 9 9 8 6 4 4 9 6 0 0
"d8f573f016988d4d" 44 590 283 30 398 19 1394 80 453 30 1883 5843 80 199627 16520 30 10331 1146 860 27 19 51 12377 80 74 5294 80 199627 90 161 621 80 5943 13 80 5943 12 20 44 150 275 80 74 1829 1179 1174173 -1 -1 0 0 0 0 10 9 10 9 7 7 6 6 8 7 0 0
"88998a74b27ebaaa" 43 150 600 757 102 51 2147 4164 80 550 192 1330 1744 80 199627 90 158 4 7692 44 5248 2819 80 860 106 30 12970 80 199627 249 16520 808 749 80 8570 4 30 139 80 74 7 19 7054 1179 1174174 -1 -1 0 0 0 0 9 9 8 7 6 6 3 4 8 7 0 0
"c88bd5b65bfbf64b" 23 550 13522 8091 33303 206 80 1267 11602 19 30 2651 80 199627 249 369 229 235178 80 74 161 114 3603 1179 1174175 -1 -1 0 0 0 0 6 6 8 7 6 8 4 4 4 4 0 0
"0a2bb27f3d365a9f" 24 297 11632 77 61439 80 966 70 344 163 80 199627 90 330 757 53 14 102 16520 3273 80 192 1330 156088 1179 1174176 -1 -1 0 0 0 0 8 8 8 8 6 7 4 9 6 7 0 0
"63e4daba2aaeac91" 19 31 2098 4598 80 74 161 114 3380 80 199627 456 184 216 30 14571 80 234968 20823 1179 1174177 -1 -1 0 0 0 0 6 6 7 8 6 5 3 4 6 5 0 0
"87b9d406a2ea90bb" 23 32 32 32 80 49 4 104 475 199375 20 80 199627 550 44 150 246 80 344 475 369 12 13 1179 1174178 -1 -1 0 0 0 0 8 9 6 6 7 7 3 4 9 6 0 0
"09ec8b12a7364d42" 24 2539 28 5730 2726 80 22 4 32 51 1031 80 199627 150 600 566 102 51 4164 80 249 369 12 1895 1179 1174179 -1 -1 0 0 0 0 9 7 7 6 6 7 4 4 9 5 0 0
"3f926d211b1da87a" 22 166 278 28 1841 80 249 16520 791 253 80 199627 192 1330 1138 80 106 102 369 56 935 8072 1179 1174180 -1 -1 0 0 0 0 7 6 7 6 5 6 4 5 5 6 0 0
"a4364039001e9d5e" 21 4 443 567 36 30 530 80 1057 44 3877 80 199627 277 19 4488 49 150 1138 5175 5174 1179 1174181 -1 -1 0 0 0 0 6 5 7 5 6 4 2 5 3 6 0 0
"58305f019924e5c9" 27 158 173 112 89 36 150 915 80 1183 14 80 199627 161 621 330 114 20 44 150 275 80 249 17 761 80 607 1179 1174182 -1 -1 0 0 0 0 7 7 7 5 6 5 7 4 7 6 0 0
"83ad9acee8351196" 25 369 13 4 2042 53 14 80 150 6105 2091 80 199627 425 184 114 96 51 538 80 249 344 70 208011 3617 1179 1174183 -1 -1 0 0 0 0 6 7 6 7 5 5 6 4 5 5 0 0
"4b61790366d69352" 23 43 16520 4017 77 80 166 283 4 72 28 34 80 199627 249 4 996 30 4458 80 163 14 804 1179 1174184 -1 -1 0 0 0 0 7 7 7 5 5 6 5 6 6 5 0 0
"d2abec5997c3f699" 24 160562 2743 475 4 1617 44 50 51 5038 199372 199627 798 391 51 108 4603 80 344 43 369 153 90 1312 1179 1174185 -1 -1 0 0 0 0 4 5 6 4 6 4 2 5 4 4 0 0
"50cbdd43e7b06023" 24 4 153 199375 782 36 4 80 1209 49 74 861 72 80 199627 6 7 637 1499 80 74 369 229 235178 1179 1174186 -1 -1 0 0 0 0 8 9 8 6 7 6 5 5 8 7 0 0
"3c040d3bb7859f82" 22 8839 5130 80 102 13522 8091 33303 206 80 199627 23729 146 1069 14 51 2976 80 249 16520 231 1056 1179 1174187 -1 -1 0 0 0 0 6 6 6 4 5 3 3 6 5 5 0 0
"069f798318ddda52" 26 200450 212 51 6225 80 425 184 114 96 51 783 538 80 199627 43 119 4 185 80 566 4 89 36 30 5145 199372 1174188 -1 -1 0 0 0 0 7 7 7 6 5 6 5 5 6 6 0 0
"46950ff896ef7537" 25 120 14 1183 4 559 369 453 60 2797 80 199627 1015 150 410 330 114 35 24 80 369 127 4 474 749 1179 1174189 -1 -1 0 0 0 0 6 6 7 5 6 5 5 5 6 6 0 0
"bec57bbc2d4413b8" 33 43 119 4 185 456 30 887 566 1779 80 199627 107 3158 80 4 153 80 14 90 28 1693 590 490 80 199627 64 474 80 586 451 30 1183 1179 1174190 -1 -1 0 0 0 0 5 5 5 8 6 4 4 5 6 8 0 0
"aa6e3be69e35e93a" 31 283 30 398 19 1394 80 656 8 1059 80 199627 10331 1146 19 51 12377 80 166 20 2651 80 199627 192 30897 8570 80 184 127 30 4869 1179 1174191 -1 -1 0 0 0 0 8 8 8 7 6 6 4 5 6 5 0 0
"4eb8187af8fa17b3" 36 369 106 74 13559 36 30 5339 80 199627 90 30 3090 6184 80 184 1267 41 42 80 20 544 80 199627 120 14 421 4 185 60 2283 80 36 70 19 13 1179 1174192 -1 -1 0 0 0 0 6 7 6 9 5 5 4 9 6 8 0 0
"ae6c8cb4f2549df4" 31 4928 150 1268 80 6 20 18 80 199627 154 554 7155 185 80 4 127 60 492 80 199627 184 391 5562 55121 80 3032 5730 706 184 1734 1179 1174193 -1 -1 0 0 0 0 5 5 6 5 4 5 4 5 3 6 0 0
"d0822cb538f82190" 21 369 112 61 88 80 1767 28 246 90 1819 80 199627 184 6664 406 80 1409 154 86673 4523 1179 1174194 -1 -1 0 0 0 0 9 8 7 6 7 5 5 6 9 8 0 0
"4f2443cad4a76df6" 37 17 277 19 2505 49 29471 80 798 229 28 619 80 199627 199375 707 4 72 13183 80 1183 4 30 474 3484 80 199627 127 936 32274 15793 7522 80 184 747 19 2919 1179 1174195 -1 -1 0 0 0 0 3 4 5 3 4 4 2 8 3 7 0 0
"f451b1b0f724b9a3" 30 848 104 443 1121 549 90 1217 80 199627 90 1580 80 107 52 154 184 114 4830 80 199627 184 996 596 6427 80 249 1334 17 2157 1179 1174196 -1 -1 0 0 0 0 7 6 7 8 8 9 4 5 6 5 0 0
"24a2a78a344cf981" 40 4 153 30 962 80 60 114 255 629 76 80 199627 192 4 215 12 3741 19 511 8470 1109 80 252 51 5430 80 199627 283 27169 19 30 779 80 630 30 3645 90 30 4494 1179 1174197 -1 -1 0 0 0 0 7 9 6 9 8 7 3 8 6 6 0 0
"a44a25a25d653c31" 27 1394 70 1237 80 106 30 3455 90 30 2651 80 199627 70 4 96 19 119 104 185 28 646 80 1269 150 1819 544 1179 1174198 -1 -1 0 0 0 0 9 8 9 7 8 7 4 3 6 4 0 0
"eaf9e9a5fc0bc695" 30 70 369 7 104 770 80 1334 30 613 8994 80 199627 60 391 59612 80 271 61 1012 80 199627 184 6 7 30 2820 3144 19 5642 1179 1174199 -1 -1 0 0 0 0 8 7 8 9 9 6 5 4 8 7 0 0
"69ee8c675ad561b4" 24 90 1580 80 107 192 52 1540 192 5730 80 199627 369 390 369 153 386 80 550 30 6818 891 184 1096 1179 1174200 -1 -1 0 0 0 0 7 6 6 6 7 8 4 4 4 6 0 0
"a18a38f090a2c335" 31 31395 44287 80 166 632 103 490 80 199627 158 369 166 120 208 80 120 28 1819 28778 80 199627 90 31458 83 30 4180 80 1629 603 4701 1179 1174201 -1 -1 0 0 0 0 8 9 9 8 7 9 2 3 4 4 0 0
"cba3fd9f2204c075" 31 1394 70 1237 80 106 30 1180 44 150 15374 80 199627 232 150 1964 42 80 6 120 603 212 23350 80 199627 4274 520 229 11 51 706 1179 1174202 -1 -1 0 0 0 0 9 7 9 8 8 8 3 6 4 8 0 0
"2b81888d01148da8" 16 590 707 4 72 13183 80 199627 120 4 4280 14 102 51 5695 1749 1179 1174203 -1 -1 0 0 0 0 9 8 7 6 6 7 5 3 5 5 0 0
"a0f37842b2ce9345" 23 590 1751 150 69977 90 10346 60 70 406 80 199627 199375 4033 60 70 1237 11 19 106 150 61 54694 1179 1174204 -1 -1 0 0 0 0 7 6 7 5 6 7 3 3 5 4 0 0
"4d6a1c4eb1da616a" 24 120 14 1751 154 69977 80 235047 70 30 43182 199627 90 1015 14 154 4 6762 80 199375 453 150 246 5845 1179 1174205 -1 -1 0 0 0 0 7 5 6 5 5 6 3 3 5 4 0 0
"53408e7432557522" 19 915 80 120 14 421 4 185 60 80 199627 154 4 61 14 102 173 15399 3273 1179 1174206 -1 -1 0 0 0 0 9 8 7 6 6 8 4 3 8 5 0 0
"5b7186b49eb2b998" 19 74 1539 43 330 136 80 199627 199375 232 200438 83 19 4 80 33854 80 28 2600 1179 1174207 -1 -1 0 0 0 0 9 7 6 7 8 7 3 4 7 7 0 0
"088a5655f3922d71" 24 158 4 7 19 3326 80 212 51 3752 80 199627 3741 19 17282 891 80 11 6 278 19 283 60 370 1179 1174208 -1 -1 0 0 0 0 6 6 6 5 7 6 4 6 3 6 0 0
"2b932a1ff0d4c328" 28 369 1267 283 10174 80 192 369 6 460 74 1179 1179 1179 199627 283 51 2103 80 2505 60 42 80 90 1629 154 4181 490 1179 1174209 -1 -1 0 0 0 0 9 9 9 8 7 5 5 3 3 4 0 0
"d82ddf46d484c609" 19 496 53007 136 60 488 80 199627 425 629 90 4280 14 80 915 80 60690 28 3369 1179 1174210 -1 -1 0 0 0 0 8 7 8 6 6 8 2 4 6 4 0 0
"18f34b91ba2404d7" 24 369 12 283 27169 80 707 866 154 779 80 199627 1009 563 3293 70 30 139 19 62398 80 44 51 6259 1179 1174211 -1 -1 0 0 0 0 6 6 8 8 7 5 2 2 1 4 0 0
"9a6750e57f0f926e" 27 4 153 199374 68 71 80 2990 18612 513 223 80 199627 590 283 51 2103 80 2505 60 42 80 90 255 2913 36 511 1179 1174212 -1 -1 0 0 0 0 8 7 7 9 7 3 3 2 2 1 0 0
"bdd576e36bcb7cc7" 22 158 798 19717 14 80 71 1629 79 2967 80 199627 5941 13 154 551 443 30 1121 90 279 163 1179 1174213 -1 -1 0 0 0 0 6 5 6 8 6 2 3 7 2 3 0 0
"8899a918b64a8974" 23 369 229 590 436 959 80 369 22 6970 199627 1620 518 27699 29471 80 150 5859 166 8054 14 80 3391 1179 1174214 -1 -1 0 0 0 0 8 9 6 7 4 9 5 10 3 9 0 0
"f25fe173507efb62" 29 369 492 60 76 1366 80 127 72 83 51 5730 2565 80 199627 425 369 61 19 436 30 950 80 6 4 13 559 369 106 199372 1174215 -1 -1 0 0 0 0 7 6 6 8 7 4 7 2 8 5 0 0
"995ce918ce1e5295" 28 4 90 14 735 30 5099 80 11 102 44 5562 4849 80 199627 330 215 293 770 3273 80 249 154 6 1208 184 166 5038 1179 1174216 -1 -1 0 0 0 0 4 3 7 7 4 8 4 3 5 5 0 0
"37bc1b1ca1df9753" 27 798 8645 798 114 4633 49 14 80 249 1767 11 51 5854 80 199627 998 19 1751 14 80 249 369 78219 90 2561 1588 1179 1174217 -1 -1 0 0 0 0 7 5 6 8 6 6 5 3 3 4 0 0
"f516c07ed3207145" 24 2348 780 107 199372 4 71 4928 150 1268 80 199627 15328 80 4 215 12 390 973 90 453 1342 51 1310 1179 1174218 -1 -1 0 0 0 0 6 5 6 8 6 4 4 4 3 2 0 0
"b58c0eb4afae806c" 28 184 6 7 74 4837 80 184 590 779 722 90 823 80 199627 53007 1348 66 42 80 425 550 206 19 700 83 103 35991 1179 1174219 -1 -1 0 0 0 0 6 4 8 7 5 5 3 2 4 5 0 0
"a60a5a234fe57a06" 22 369 153 369 5425 80 249 369 112 61 103 129 80 199627 563 238 1334 596 6427 25 30 517 1179 1174220 -1 -1 0 0 0 0 7 7 5 6 5 5 4 4 9 6 0 0
"6b2e6a9310f4c8f2" 43 6 152 19 1678 60 80 1024 80 4 153 30 962 378 1183 80 199627 90 4 166 1015 14 369 240 824 80 199375 120 60 490 80 199627 255 235179 80 146 234885 11 19 481 83 51 1183 1179 1174221 -1 -1 0 0 0 0 8 7 8 8 6 6 5 3 6 5 0 0
"7b20b8d41857d1ac" 28 6 453 60 3514 80 11 293 14 25 28 646 80 199627 90 369 390 369 153 386 369 166 32 849 80 173 28 4872 1179 1174222 -1 -1 0 0 0 0 6 6 6 8 6 7 5 2 8 5 0 0
"11f5dc9b8726a018" 27 456 369 6046 83 297 4180 80 330 634 1751 8 69977 80 199627 200449 369 127 51 324 857 19 836 603 80 77920 15793 1179 1174223 -1 -1 0 0 0 0 7 7 6 9 5 6 4 3 4 7 0 0
"bfab7215c9cdc95d" 29 30 962 255 6639 23278 80 74 7 19 1678 60 80 199627 90 4 255 283 891 370 80 173 17 11 5960 80 173 422 60 1179 1174224 -1 -1 0 0 0 0 5 5 6 6 5 5 3 5 5 7 0 0
"55ca7c84c270ea4e" 31 5594 80 5594 80 208 30 4274 80 127 318 15492 102 51 14839 80 199627 249 58 150 5859 8054 14 42 80 102 51 3570 44 51 3446 1179 1174225 -1 -1 0 0 0 0 3 4 6 6 5 6 4 4 4 5 0 0
"19582e3f56c66ae4" 42 28399 707 318 72 13183 80 1183 4 559 550 370 80 199627 386 4 1267 1015 14 154 4 6762 80 456 184 11 12 96 896 199372 199627 90 184 56 453 60 4300 70 30 139 19 62398 1179 1174226 -1 -1 0 0 0 0 6 9 10 7 6 8 4 4 2 5 0 0
"60e6c81cc0d48f62" 37 212 60 2370 80 231 11 102 31395 44287 80 199627 185 28 646 90 860 13 30 530 208 510 80 283 747 19 4633 60 42 80 6 20 4760 80 11 20 5989 1179 1174227 -1 -1 0 0 0 0 9 8 9 9 7 8 5 2 4 3 0 0
"ae3597103c8ee2cf" 43 158 798 152 14 80 5941 1787 60 80 590 460 88 51 1369 77 79 29 706 80 199627 231 102 31395 456 352 235180 44 154 3025 80 199627 215 11 212 51 3610 19 62399 90 2174 28 646 1179 1174228 -1 -1 0 0 0 0 5 9 8 7 5 8 4 4 2 6 0 0
"2ce727bc8d5f72cb" 48 74 13559 36 54 518 2348 1525 14 89 80 199627 456 369 283 154 17613 80 199375 20 2104 28 5228 80 199627 90 509 369 1628 90 390 178 30 891 369 61 80 199627 330 153 330 114 146 212 14 89 408 549 1179 1174229 -1 -1 0 0 0 0 9 7 6 9 8 7 2 5 3 7 0 0
"6a77bf1d92ed5f4e" 19 290 152 19 767 192 9247 80 199627 249 330 153 28 4274 114 283 406 102 1034 1179 1174230 -1 -1 0 0 0 0 6 5 7 5 4 6 3 4 2 2 0 0
"c5f204ee14977a29" 26 330 185 330 251 30 831 14 80 249 425 330 235181 80 199627 369 229 909 24 80 16520 2441 5269 102 51 26085 1179 1174231 -1 -1 0 0 0 0 7 6 9 8 6 6 4 4 3 5 0 0
"baad9e43004260f5" 47 28 915 127 5269 102 51 12932 3346 80 199627 249 456 184 283 89 80 807 51 6328 102 51 235182 80 199627 90 456 1334 370 80 184 27 271 139 24 19 28 3473 80 199627 200449 184 153 235183 11 709 1183 1179 1174232 -1 -1 0 0 0 0 8 7 9 8 7 8 8 3 5 3 0 0
"9c864908c1cd6a29" 24 120 30 6824 3617 83 80 229 74 7 19 7054 80 199627 90 2539 1024 629 1183 14 134 150 39484 20798 1179 1174233 -1 -1 0 0 0 0 6 6 8 6 6 6 6 4 6 4 0 0
"d51133ae4a2aae99" 51 30 1657 77 382 2268 27729 28 34 80 199627 352 10290 763 14 541 80 344 386 807 8026 80 199627 90 369 6 7 51 1428 80 11 1015 14 43 4 231 36 80 199627 200449 49 4 80 7420 80 369 153 199375 255 251 511 1179 1174234 -1 -1 0 0 0 0 8 9 7 9 6 6 9 3 7 8 0 0
"df7d9fde1b8a1a1c" 45 184 3262 19 20 30 1320 77 30 3057 80 199627 90 788 206 184 2118 80 232 60 6818 80 199627 43 960 77 2603 293 404 4 11 460 14 199372 199627 200449 369 166 3651 456 184 40637 102 51 9058 1179 1174235 -1 -1 0 0 0 0 7 6 7 8 6 6 5 4 3 6 0 0
"0ca81285e07f032c" 22 184 20 576 24 80 277 19 436 60 1588 80 199627 249 103 321 12703 127 770 231 102 4189 1179 1174236 -1 -1 0 0 0 0 6 5 6 6 5 4 4 3 3 5 0 0
"5b8099f5b9a518c2" 21 1525 14 44 80 120 30 1183 7048 80 199627 200449 49 4 1024 80 369 153 16520 590 999 1179 1174237 -1 -1 0 0 0 0 6 7 7 7 6 6 6 4 5 7 0 0
"ae7ce7d949d6cc9a" 47 369 22 24 89 80 550 44 28 4725 80 199627 90 16520 4201 80 199375 146 460 42 80 199627 249 158 4 166 629 19 14 80 199375 629 19 475 4 32 80 199627 90 1183 4 43 60 112 9405 19 436 1179 1174238 -1 -1 0 0 0 0 8 8 7 8 7 5 6 4 5 6 0 0
"ceb7fbde852cf060" 41 70 369 254 391 4 80 537 80 344 33 80 199627 1214 61 24628 80 249 369 7 4 80 199627 90 27 150 139 24 19 28 3473 80 199627 192 184 114 10710 90 278 271 4743 1179 1174239 -1 -1 0 0 0 0 6 7 7 6 5 6 6 4 5 4 0 0
"5f22cb228b63e609" 26 304 390 16520 14845 80 255 5430 80 199627 2348 1183 76 249 369 229 178 199627 154 1829 275 80 200449 17742 11120 12908 1179 1174240 -1 -1 0 0 0 0 7 6 8 7 5 6 6 4 2 5 0 0
"f921782ff9e0d71a" 33 4 127 14 200443 53 4 102 51 8829 80 199627 150 5269 453 14 11169 80 453 14 22753 199627 77 454 36 4 80 249 1330 80 550 174 2780 1179 1174241 -1 -1 0 0 0 0 8 9 9 7 6 8 3 2 4 2 0 0
"7316d545705f912a" 49 119 4 1057 83 150 29 80 119 4 553 3633 199372 199627 4 61 19 421 30 1742 80 915 80 369 153 199627 90 398 390 16520 227 154 8368 275 80 199627 249 550 11 14 90 28 1180 80 74 3645 80 74 7387 1179 1174242 -1 -1 0 0 0 0 8 7 7 6 8 6 2 3 2 4 0 0
"5c0d04e5cb5565a1" 26 90 1364 44 30 1237 80 4 2118 19 14 44 3459 80 199627 150 1818 102 51 6149 80 5005 70 30 474 36896 1179 1174243 -1 -1 0 0 0 0 7 8 9 7 7 7 3 2 4 3 0 0
"d9d3eeec9f547617" 43 5722 83 28 4939 80 537 80 16520 235047 60 80 199627 249 53 30 176 77 30 621 80 369 808 7 150 1494 80 199627 192 27 150 139 24 19 28 3473 80 1024 80 200450 6132 30 4872 1179 1174244 -1 -1 0 0 0 0 9 8 8 7 6 7 4 2 5 1 0 0
"b379f00ab74b95f7" 46 352 17638 14 19 3491 43300 80 127 154 1749 44 382 15374 80 199627 553 42 90 119 43 4 251 80 859 278 70 30 3370 80 199627 2348 1183 76 249 1334 11 2894 80 227 44 30 1605 80 74 811 1179 1174245 -1 -1 0 0 0 0 7 7 8 6 6 7 4 3 3 4 0 0
"bf98e6a507b666f2" 37 5722 32746 80 537 80 184 127 154 1733 80 199627 249 279 8296 19 154 231 369 283 456 4 638 199627 14 6392 80 28 45139 80 28 541 80 28 1895 768 222 1179 1174246 -1 -1 0 0 0 0 8 8 7 8 7 7 4 2 6 3 0 0
"745eb91ce6240789" 30 184 6 119 43 330 119 83 19352 80 184 40 271 29 3025 80 199627 31 77 271 9116 80 1334 2140 80 227 76 271 18514 908 1179 1174247 -1 -1 0 0 0 0 7 7 7 7 7 8 3 2 4 5 0 0
"508b10ab9c5a9791" 42 8159 3002 80 537 80 344 559 184 553 80 199627 304 390 16520 14845 80 249 16520 44 520 199627 77 28 986 80 166 637 1525 14 89 80 199627 11 1629 14 2995 42 90 457 28 5228 1179 1174248 -1 -1 0 0 0 0 9 8 8 8 6 6 2 4 5 7 0 0
"451883e81cb154d9" 49 290 20 200466 9247 80 4017 966 4692 80 199627 249 154 6400 146 6843 80 60 11120 12908 80 199627 2539 1183 14 406 80 212 14 19 150 1381 77 30 39 80 199627 200450 283 1043 44 30 2363 80 278 541 1499 90 21667 1179 1174249 -1 -1 0 0 0 0 7 7 8 6 6 5 3 2 2 4 0 0
"2a8ad31da63d88d8" 51 232 28 29702 234993 80 166 637 7725 28 4522 80 199627 90 369 32 4201 80 229 279 590 453 14 6198 80 199627 90 352 596 835 559 60 573 80 1334 3919 257 80 199627 192 200450 212 83 30 39 80 319 25 319 80 1274 1179 1174250 -1 -1 0 0 0 0 8 8 7 8 7 6 3 2 5 6 0 0
"9bb6b7e3c672bca9" 55 629 1082 83 28 1237 2203 80 200450 1394 44 30 1051 80 199627 184 127 154 2268 1657 80 184 2203 42 30 3342 80 199627 330 11 232 83 234965 15448 80 2348 9046 271 6477 80 199627 249 456 550 14 90 4 80 279 1499 1109 80 550 11 3809 1179 1174251 -1 -1 0 0 0 0 7 8 8 7 6 7 6 3 4 4 0 0
"e569a9e24d67bc28" 32 629 19 475 369 2636 80 344 475 369 32 80 199627 200449 16520 243 1713 50051 80 68 154 139 80 199627 70 369 254 391 19 13 4 287 1179 1174252 -1 -1 0 0 0 0 6 7 6 6 4 5 3 2 3 5 0 0
"a21121845a5779e5" 18 255 763 14 4537 80 166 4 13 199372 199627 232 8836 70 150 1818 53 14 1179 1174253 -1 -1 0 0 0 0 6 7 5 6 5 5 2 2 3 3 0 0
"368531c32b06b4e1" 18 235184 51 3002 80 1267 32 83 31 80 199627 249 4 153 28 4274 976 632 1179 1174254 -1 -1 0 0 0 0 7 6 6 5 6 5 2 3 2 6 0 0
"159d16d9470f32a4" 33 4017 102 51 8829 80 255 14144 511 80 199627 1267 3617 83 297 5030 154 369 6 1018 80 199627 200449 4 453 14 106 11169 80 12 216 30 1307 1179 1174255 -1 -1 0 0 0 0 8 7 8 7 6 7 4 2 3 3 0 0
"63164c1449c39955" 21 103 104 28 206 80 6 7 637 205122 80 199627 150 1818 232 2140 80 2348 707 28 4938 1179 1174256 -1 -1 0 0 0 0 9 7 8 8 7 7 8 2 2 2 0 0
"fe0aa36b930052d1" 22 1267 232 28 29702 234993 80 6174 790 80 199627 553 42 30 108 7565 80 119 43 4 251 761 1179 1174257 -1 -1 0 0 0 0 7 7 9 6 8 8 6 3 3 2 0 0
"d9806c23a3527f82" 29 16520 243 1713 50051 80 166 250 249 283 42 49 30 876 80 199627 249 44 30 12802 77 30 1237 80 344 456 271 61 6184 1179 1174258 -1 -1 0 0 0 0 8 7 7 8 7 8 8 3 4 5 0 0
"a37905167223320f" 38 231 4201 80 102 369 56 3558 30 39 80 199627 249 4 453 14 106 192 11169 80 102 16520 17652 90 18917 80 199627 859 3737 5722 80 1024 80 11 4 592 90 13 1179 1174259 -1 -1 0 0 0 0 9 8 7 8 8 7 5 2 6 3 0 0
"aaf9bc54c27e6089" 25 283 150 4181 80 1531 54 908 80 6 4 106 6773 80 199627 390 102 51 8829 80 453 1957 70 20387 98123 1179 1174260 -1 -1 0 0 0 0 8 7 8 6 8 8 5 4 4 4 0 0
"1c7d55a64d9fce62" 23 1214 61 24628 80 12 20 49 30 3120 80 199627 154 231 456 330 13 14 80 330 11 12 14974 1179 1174261 -1 -1 0 0 0 0 8 7 9 7 8 9 4 3 2 2 0 0
"de15fd7a6186390e" 25 330 11 232 83 16306 15448 80 102 16520 245 697 147 80 199627 550 28 206 19 4522 80 16520 590 208 633 1179 1174262 -1 -1 0 0 0 0 8 7 8 7 8 7 5 2 3 2 0 0
"f6af74b29d0e1066" 36 119 4 1057 83 150 29 80 119 4 7 51 10282 199372 199627 425 352 12 6328 14 80 550 17 174 2780 80 199627 271 61 11120 12908 80 74 1428 19 7003 1179 1174263 -1 -1 0 0 0 0 7 7 8 7 8 7 6 3 6 3 0 0
"8ba17e14905023fa" 28 330 70 153 154 16520 30 129 80 4044 77 30 706 80 199627 90 28 291 80 352 51 3346 80 6097 1663 49 382 5405 1179 1174264 -1 -1 0 0 0 0 10 9 9 8 8 6 7 2 4 2 0 0
"fb09f53a50864167" 24 855 997 71120 17638 14 19 3491 43300 80 199627 425 28 8159 3002 104 43284 997 632 80 279 114 8630 60 1179 1174265 -1 -1 0 0 0 0 8 7 7 6 8 6 6 4 3 5 0 0
"a7c9b21be2a84369" 27 277 19 27 150 139 24 19 28 2202 90 3473 80 199627 249 4 390 16520 11 2659 80 2441 4 592 102 51 35261 1179 1174266 -1 -1 0 0 0 0 7 6 8 7 8 8 5 2 4 4 0 0
"472c554700d428a2" 27 192 43 4 127 51 231 36 80 231 36 199372 199627 249 456 352 263 44 30 4223 80 807 51 24411 6328 36 561 1179 1174267 -1 -1 0 0 0 0 8 8 7 7 8 9 8 3 5 2 0 0
"276cbb689284b2fc" 23 509 352 195 89 83 382 6273 80 352 6667 1779 90 7704 80 199627 235185 33005 150 646 83 14 235186 1179 1174268 -1 -1 0 0 0 0 8 8 8 7 8 7 6 2 3 4 0 0
"47525adfb7f69464" 23 44 103 29470 942 1778 80 184 6001 36 1410 80 199627 90 330 166 520 770 80 859 2995 252 7764 1179 1174269 -1 -1 0 0 0 0 8 7 8 7 8 6 5 8 3 7 0 0
"54fc4e269becfbbf" 26 369 153 16520 1404 80 74 7 19 4033 60 80 199627 158 271 61 391 1030 60 80 184 137 96 19 942 60 1179 1174270 -1 -1 0 0 0 0 8 7 8 7 8 8 6 3 6 4 0 0
"1992f32721f0918a" 32 158 4 166 4758 51 246 509 510 509 1745 80 192 544 90 62660 80 199627 58 860 146 13 1625 1745 80 44 28 246 80 192 3647 956 1179 1174271 -1 -1 0 0 0 0 10 9 9 8 9 4 3 1 8 6 0 0
"c2bd04a785bc5872" 30 199375 453 4 490 102 74 51 5235 80 51 5268 90 771 1895 80 199627 788 1605 49 14 80 102 161 408 1303 80 4 166 3380 1179 1174272 -1 -1 0 0 0 0 10 9 9 8 8 2 8 2 4 3 0 0
"2b5f7050b11b6226" 33 424 80 757 80 4 166 20 10391 6247 80 235061 4 15785 14 80 199627 352 136 352 166 106 382 92 74 511 80 408 70 30 5246 90 36598 1179 1174273 -1 -1 0 0 0 0 8 8 7 9 6 10 4 2 2 2 0 0
"d99c0d0b2686533e" 29 184 56 20 7575 80 332 83 28 1518 2603 80 344 1588 80 199627 11 153 369 127 43 4 251 80 158 4 12 453 5269 1179 1174274 -1 -1 0 0 0 0 9 7 7 6 6 3 4 2 5 4 0 0
"2c2171ecbf47f106" 29 1015 770 43 4 27 83 150 3162 80 76 44 275 80 199627 656 83 80 656 83 80 1169 403 80 232 3846 144 30 7387 1179 1174275 -1 -1 0 0 0 0 8 7 5 6 5 6 5 4 6 6 0 0
"d3ffbdf5ead2c96a" 33 2539 80 4 153 369 22 20 160 19 4 36 722 80 184 1267 5038 80 199627 425 2358 283 29877 80 184 166 22268 19 232 271 802 44 923 1179 1174276 -1 -1 0 0 0 0 8 7 7 8 6 4 8 3 5 4 0 0
"54e2cc6bcc2ca0ad" 23 6569 408 2527 80 102 150 4533 408 30 5452 37685 80 199627 1334 2441 891 959 80 12407 271 29 139 1179 1174277 -1 -1 0 0 0 0 9 8 7 6 8 7 7 5 6 7 0 0
"ed2566865ab2ad1b" 27 28 2971 378 1368 4 1364 102 8447 19530 80 199627 249 568 129 80 11 1588 76 80 200450 4607 297 3852 102 51 42020 1179 1174278 -1 -1 0 0 0 0 8 8 7 6 7 9 4 5 4 3 0 0
"b81e7fb835a09ed8" 35 2818 33244 4 974 382 80 154 915 408 160 2344 80 199627 28 14674 2940 14 19 30 4125 80 199627 249 70 369 56 13 391 51 3699 745 80 74 3544 1179 1174279 -1 -1 0 0 0 0 7 6 5 7 6 7 5 3 4 4 0 0
"6c6ea3fe27d7ba2f" 24 166 637 232 14 3704 80 369 2118 28 34 80 199627 229 6348 49 4180 80 28 235102 161 77 51 960 1179 1174280 -1 -1 0 0 0 0 9 10 10 8 9 5 4 4 6 6 0 0
"80229849134a64c6" 42 184 855 103 521 706 80 74 7 36 3355 768 9886 80 199627 234828 271 2119 80 2118 60 252 24503 768 17983 80 199627 44 28 4366 80 550 51 4049 80 146 5876 768 185 518 1268 318 1179 1174281 -1 -1 0 0 0 0 10 9 9 8 9 4 5 3 8 6 0 0
"e2cd7d2f416116a4" 29 200450 1368 30 6400 80 13 518 4 112 566 80 199627 5881 102 4 153 80 249 229 637 1513 4 559 19 767 102 51 147 1179 1174282 -1 -1 0 0 0 0 9 8 7 7 6 6 5 4 6 5 0 0
"26a24029351cf916" 40 28 2603 10290 13491 80 70 297 5290 90 34770 80 199627 9068 77 103 1778 80 74 139 199375 942 80 199627 161 1605 408 1303 80 166 120 60 208 252 51 2919 80 550 30 962 1179 1174283 -1 -1 0 0 0 0 10 9 9 8 8 3 4 3 5 4 0 0
"4d5076e9f52c9148" 39 158 60 391 1030 60 80 1009 369 137 20 231 192 622 80 199627 249 6 208 7598 1624 173 49 14 80 199627 1334 11 2441 959 80 277 19 13 475 103 56 6140 19 1179 1174284 -1 -1 0 0 0 0 7 6 5 7 6 4 4 3 5 4 0 0
"d8482d2e1e856410" 25 629 83 129 80 1588 76 80 6 453 51 3025 80 199627 158 60 391 1030 60 80 184 137 96 19 14022 1179 1174285 -1 -1 0 0 0 0 7 6 7 6 6 5 3 4 3 3 0 0
"8a8995067c0b6269" 34 28 2971 1015 30 1742 77 28 275 80 28 1542 90 28 4572 80 199627 19215 10136 10136 80 344 30 128 77 30 1895 80 89 297 1877 5802 8250 8603 1179 1174286 -1 -1 0 0 0 0 8 9 9 8 7 8 4 5 6 4 0 0
"cda2b8032d68e0ba" 39 106 30 2651 80 550 102 1180 19 28 1995 80 199627 249 749 80 415 103 4224 80 551 279 163 19 421 80 199627 89389 136 60 634 80 5843 60 102 4 11 6 824 1179 1174287 -1 -1 0 0 0 0 8 7 8 7 7 9 3 3 4 2 0 0
"4aa7b6f9170e1254" 30 199375 481 51 5723 83 60 80 90 13 4 1745 245 80 199627 249 36 425 80 11 3053 30 1895 80 1334 11 2441 959 80 629 1179 1174288 -1 -1 0 0 0 0 7 8 8 7 6 7 3 2 5 3 0 0
"cff56c0d2bbb3c37" 23 28 235187 6977 42 49 70 297 1094 90 10183 80 199627 4 127 43 4 251 80 425 43 2287 160 199372 1174289 -1 -1 0 0 0 0 6 8 7 8 6 6 3 2 3 2 0 0
"2a9f70b1225f13a6" 29 166 20 7598 1624 1334 29521 42 83 30 89 1779 80 199627 909 36 245 70446 80 249 2358 80 283 29877 80 208 49 30 490 1179 1174290 -1 -1 0 0 0 0 7 7 8 7 6 7 5 3 4 3 0 0
"b291a1e09c85140d" 22 184 56 20 332 11941 83 28 9009 224 80 199627 249 352 195 89 80 425 550 51 1132 34 1179 1174291 -1 -1 0 0 0 0 6 7 6 8 6 6 6 3 3 2 0 0
"34e0a6f61311463a" 20 5942 707 150 246 80 807 127 154 1657 80 199627 249 369 153 16520 1404 49 154 2724 1179 1174292 -1 -1 0 0 0 0 8 7 8 7 6 6 8 2 6 2 0 0
"2db552c3e7f4ba24" 23 369 61 19 421 4 15407 154 61 104 61 80 199627 4 944 96 360 382 80 807 51 61 8970 1179 1174293 -1 -1 0 0 0 0 5 8 5 6 4 8 4 3 8 6 0 0
"dcfc6968886eaf06" 36 28 5174 104 5121 80 166 481 51 7605 83 60 80 199627 24846 144 30 5649 102 8091 80 146 18012 80 199627 458 49 30 27859 4484 80 74 7 19 161886 60 1179 1174294 -1 -1 0 0 0 0 7 8 8 6 5 7 4 5 6 4 0 0
"4e381a20bcfe14b1" 26 235122 11 51 2187 80 199375 283 7514 16919 80 199627 11 161 1605 408 1303 80 199375 212 60 80 629 90 7536 103 1179 1174295 -1 -1 0 0 0 0 6 8 7 6 6 7 3 4 5 4 0 0
"a8b3eea35978e21d" 19 6569 408 2527 102 150 4533 8311 80 199627 206 19 656 83 80 550 51 554 621 1179 1174296 -1 -1 0 0 0 0 5 7 6 5 4 6 3 5 5 5 0 0
"72884046012366f7" 26 1334 2441 959 80 30 5002 104 33341 80 199627 90 369 13 4 80 127 28 14433 83 4 80 7420 80 1334 6886 1179 1174297 -1 -1 0 0 0 0 7 8 7 7 6 7 5 3 6 4 0 0
"5f02ceb11b9c6d3b" 27 16520 10136 10136 80 1618 144 30 1877 102 51 6149 80 199627 30 2651 415 14 80 550 102 6477 80 166 637 632 14 1179 1174298 -1 -1 0 0 0 0 8 9 9 8 7 8 4 5 6 4 0 0
"43cc329f73aa2b11" 32 199375 20 3274 80 369 22 3611 80 235188 102 51 5235 80 199627 232 3704 80 120 28 34 490 80 28 1818 51 3699 1316 80 283 30 18485 1179 1174299 -1 -1 0 0 0 0 7 7 6 7 6 6 5 5 4 6 0 0
"2663574e84b29152" 26 90 330 166 520 28 1819 80 550 1745 19 232 80 199627 158 4 166 4758 51 246 102 1745 80 58 634 5596 1179 1174300 -1 -1 0 0 0 0 8 7 7 7 6 6 4 5 4 5 0 0
"3ce286fd419808bd" 30 297 2211 28408 80 330 229 36 1183 80 330 340 275 80 199627 2539 4 153 80 369 22 20 25 150 319 80 74 511 98107 12222 1179 1174301 -1 -1 0 0 0 0 7 6 8 5 6 4 3 4 6 5 0 0
"3c10fdb183fcd036" 30 184 127 103 521 706 83 8191 80 74 7 36 340 3592 80 199627 150 646 83 14 1274 80 425 4 243 6896 80 13 30 3172 1179 1174302 -1 -1 0 0 0 0 9 8 8 7 8 5 2 3 4 6 0 0
"fbdb43b40d2e22ce" 46 1015 770 43 4 27 80 859 212 30 35 80 6 1539 80 199627 152 14 80 798 389 283 1268 80 344 11 559 60 104 80 199627 6 7 19 153 518 17512 80 184 11 232 1618 44 28 831 4366 1179 1174303 -1 -1 0 0 0 0 6 5 6 7 7 7 6 8 6 8 0 0