"8758cb89aa6d8952" 27 36363 20 28 10932 80 127 297 4558 1085 1218 80 199627 129532 76 456 330 13 770 80 200449 330 153 184 6 436 3671 1179 1173993 -1 -1 0 0 0 0 7 7 8 7 8 7 6 5 4 6 0 0
"dbc5773668a0fb50" 28 70 28 290 562 4478 80 15405 5269 90 234884 4181 80 199627 425 352 12 2505 51 304 80 249 184 229 909 36 74 5763 1179 1173994 -1 -1 0 0 0 0 9 7 9 6 8 6 5 4 4 6 0 0
"cde75db487c9d2e0" 25 4 15839 505 80 234845 60 340 90 234867 896 80 199627 184 114 5594 102 4586 3903 80 229 1218 77 74 161 1179 1173995 -1 -1 0 0 0 0 7 6 8 7 8 8 4 3 6 2 0 0
"319f5fae979acf8e" 22 192 234 4954 80 249 859 146 278 80 199627 234845 30 4083 1366 80 563 238 966 1664 1274 1269 1179 1173996 -1 -1 0 0 0 0 8 8 8 8 7 8 3 8 4 9 0 0
"8b877b80e0bd4dd9" 25 71 861 566 10721 80 184 11 1267 232 15512 80 199627 4 1267 208 1037 60 80 1531 150 908 90 232 15044 1179 1173997 -1 -1 0 0 0 0 7 6 7 6 8 7 5 6 7 8 0 0
"3a18308eead52317" 25 108 108 3653 80 344 43 184 70 7 80 199627 90 70 77 770 96 154 945 80 11 1267 212 30 6140 1179 1173998 -1 -1 0 0 0 0 9 9 8 7 7 7 7 4 9 3 0 0
"8114a68b013bb864" 20 184 251 30 1415 80 71 861 19 629 80 199627 232 70 108 4361 80 257 859 6170 1179 1173999 -1 -1 0 0 0 0 8 7 8 7 8 6 5 7 7 8 0 0
"57ae52dc4b994513" 21 229 127 74 206 36 297 2505 63 80 199627 4 1267 208 1037 60 80 453 150 29 1568 1179 1174000 -1 -1 0 0 0 0 8 7 7 6 8 6 4 5 5 6 0 0
"3edbb9a635568033" 35 12316 3251 14 36 28 6755 80 460 14 30 3368 19 2174 80 199627 192 848 378 20 206 36 770 19 20 58803 80 223 550 174 2780 80 17 174 5318 1179 1174001 -1 -1 0 0 0 0 7 8 7 8 7 6 6 9 7 8 0 0
"45ca5c9e35d55a19" 22 4 13 382 92 425 80 166 278 103 92 80 199627 352 389 1080 14 80 166 3569 103 7795 1179 1174002 -1 -1 0 0 0 0 7 7 7 7 7 7 6 5 6 5 0 0
"53d68e83135fd284" 22 108 108 3057 80 475 107 844 105 8159 80 199627 475 1624 263 796 80 74 511 3090 768 8800 1179 1174003 -1 -1 0 0 0 0 9 7 8 7 8 6 5 6 7 7 0 0
"39619f1d06addb04" 27 44 8 206 80 330 998 19 232 770 89 80 199627 249 184 407 19 507 150 4509 80 1334 30 554 13061 44 3057 1179 1174004 -1 -1 0 0 0 0 7 8 8 7 7 7 3 8 5 9 0 0
"897c6c3232152c1f" 24 232 70 108 4361 80 5459 1625 49 30 634 80 199627 4 267 1787 80 5943 250 4 2995 549 30 2644 1179 1174005 -1 -1 0 0 0 0 9 9 8 8 7 7 7 7 9 8 0 0
"8a6e2cf603638327" 25 15026 212 30 5228 80 184 9355 83 22901 17319 80 199627 1031 30 2644 26523 42 80 2539 60 11846 44 30 1877 1179 1174006 -1 -1 0 0 0 0 8 7 7 6 7 6 4 6 7 5 0 0
"1ad7cae596a3329b" 26 352 835 807 161 77 51 960 80 352 6 7 19 5498 80 199627 51 6818 234953 61 235169 104 70 154 352 835 1179 1174007 -1 -1 0 0 0 0 7 7 7 6 7 8 6 5 8 6 0 0
"467802c62268c4b0" 23 324 1979 4879 80 537 184 7 154 4181 490 80 199627 249 279 1376 150 61 80 166 120 154 208 1179 1174008 -1 -1 0 0 0 0 8 7 9 6 8 6 4 2 9 2 0 0
"bea831b7061406ea" 27 550 823 19 120 208 77 43 369 163 804 80 199627 249 4 114 5432 1138 80 3737 36 30 1800 80 6 35 804 1179 1174009 -1 -1 0 0 0 0 7 7 8 8 7 6 6 3 5 4 0 0
"f654924652ad2551" 28 330 293 14 6987 80 239 550 200449 16520 83 30 2995 80 199627 249 369 22 120 4 89 80 28 61 80 344 74 2022 1179 1174010 -1 -1 0 0 0 0 7 8 9 7 8 5 3 2 9 3 0 0
"f7f0a560618c49ee" 30 352 24283 14 102 15728 4687 80 5730 90 8054 80 199627 249 369 32 83 31 80 70 369 119 104 292 1138 102 51 8156 408 78025 1179 1174011 -1 -1 0 0 0 0 8 8 9 6 8 8 5 3 4 3 0 0
"1b3693c2f0e5e68f" 30 158 807 68 144 30 3821 80 425 807 255 25 28 319 80 199627 127 14 231 102 51 4044 80 425 352 12 2505 70 30 206 1179 1174012 -1 -1 0 0 0 0 9 8 8 7 7 8 7 4 7 5 0 0
"fc79f6f0e713f3fd" 23 6 592 36 60 19 629 80 4 1267 1531 150 908 80 199627 200449 859 255 20 1664 1274 60 786 1179 1174013 -1 -1 0 0 0 0 7 7 7 7 6 9 7 4 3 8 0 0
"4bcebef9bff15653" 31 1334 10230 80 1334 321 80 859 146 920 831 80 199627 184 114 5594 102 4586 3903 80 3737 36 30 1800 80 212 30 39 25 30 4701 1179 1174014 -1 -1 0 0 0 0 9 7 9 7 8 6 3 3 6 6 0 0
"22054d6fd80e3417" 25 30 6246 83 770 80 229 60 5888 559 275 573 80 199627 249 184 70 1267 228 80 200449 2167 70 17097 7960 1179 1174015 -1 -1 0 0 0 0 8 8 7 8 7 8 5 4 4 7 0 0
"e6c090ffd8d9b135" 27 4 13 382 92 425 80 807 2894 49 30 1160 80 199627 509 184 407 19 27157 30 4509 80 102 78025 80 49 10145 1179 1174016 -1 -1 0 0 0 0 7 7 8 7 6 9 4 3 7 5 0 0
"535c4192bd9734e0" 24 192 234 4153 80 192 234 2567 1259 76 80 199627 249 184 114 808 767 810 80 292 1138 252 51 5430 1179 1174017 -1 -1 0 0 0 0 6 7 6 6 5 7 6 8 5 7 0 0
"f6ebc1281c2b8649" 29 456 60 21078 1491 80 859 32 257 80 41342 80 199627 11 638 28 1741 80 1015 14 4 7 14 80 184 251 51 71 287 1179 1174018 -1 -1 0 0 0 0 9 9 8 7 7 8 5 6 7 5 0 0
"1b9a189ca1406d47" 26 855 997 71120 22 120 4 35 80 1767 127 150 24 199627 90 70 369 119 104 292 1138 80 74 7 19 2021 1179 1174019 -1 -1 0 0 0 0 7 7 8 8 6 9 3 2 6 3 0 0
"9551fffc79e9393b" 20 14 90 28 721 114 5594 102 4586 3903 199627 90 859 232 909 4300 80 40493 30 10145 1179 1174020 -1 -1 0 0 0 0 6 7 6 7 6 7 6 7 4 5 0 0
"785e5d703299bdb1" 20 4 13 382 92 425 80 229 74 5058 199627 70 54 4558 129532 76 80 184 229 4076 1179 1174021 -1 -1 0 0 0 0 7 6 8 7 6 8 5 3 7 5 0 0
"fa2806af32ae0e6d" 17 28 226 3387 20 17815 4478 199627 127 297 4183 408 30 1877 80 78025 4378 1179 1174022 -1 -1 0 0 0 0 8 8 9 6 6 6 5 2 6 4 0 0
"e2f694037283c83c" 24 456 60 11846 80 60 21078 44 30 1778 80 234884 4181 199627 4 15839 505 80 34 150 4623 80 6 12733 1179 1174023 -1 -1 0 0 0 0 10 9 8 7 8 10 6 5 4 4 0 0
"74eca693c563e0b9" 18 29336 11456 80 200450 1394 849 30 2602 199627 71 861 378 629 80 200450 17 14807 1179 1174024 -1 -1 0 0 0 0 9 8 7 6 7 9 7 5 6 3 0 0
"8442115a4658a0ad" 21 330 574 14 6987 80 249 330 11 294 199627 199375 1525 150 61 24 80 453 603 63 3701 1179 1174025 -1 -1 0 0 0 0 8 7 8 7 7 8 5 4 6 3 0 0
"a704d7a14c6c71ab" 21 90 229 637 299 590 119 60 102 14 199627 352 389 1080 14 80 44 382 246 255 20 1179 1174026 -1 -1 0 0 0 0 9 8 8 6 7 9 4 3 4 3 0 0
"30e12ec3dfbb7035" 21 836 286 44 43510 90 150 2277 2304 80 199627 344 559 184 119 60 80 453 60 14864 595 1179 1174027 -1 -1 0 0 0 0 8 7 8 7 7 8 4 3 5 3 0 0
"08834976e7458071" 23 158 352 68 44 30 4366 80 352 153 30 6163 199627 249 352 389 1080 14 80 456 891 996 4631 1179 1174028 -1 -1 0 0 0 0 8 7 7 6 6 8 5 4 4 3 0 0
"4119b96c31278a3c" 19 15026 443 283 30 4066 22901 17319 80 199627 1312 14 80 4 22 1787 277 297 10993 1179 1174029 -1 -1 0 0 0 0 9 7 7 8 7 7 6 4 3 2 0 0
"ad7e8ccc12c08d7b" 22 1024 915 80 153 103 425 80 184 229 7400 406 199627 108 108 3653 80 127 30 226 3057 33041 1179 1174030 -1 -1 0 0 0 0 9 8 7 7 7 9 6 3 5 2 0 0
"9032ef7b0c52223e" 22 4 114 767 51 5854 80 6 20 18 199627 456 60 11846 80 120 60 3322 80 120 60 1426 1179 1174031 -1 -1 0 0 0 0 9 8 8 7 7 8 4 3 3 3 0 0
"a9ce60f2f97c911f" 36 36363 20 28 10932 80 352 28 1895 768 222 80 199627 15026 283 30 22901 17319 80 344 74 3757 80 199627 739 382 185 352 2585 14 80 229 74 7 19 3380 1179 1174032 -1 -1 0 0 0 0 9 8 7 8 7 7 6 3 4 2 0 0
"b92d204b18fa03fd" 31 192 234 4954 80 74 8348 768 5667 80 199627 711 407 408 78025 80 330 229 2659 959 80 199627 184 251 30 1415 80 475 184 114 3824 1179 1174033 -1 -1 0 0 0 0 8 9 8 8 7 5 4 8 8 9 0 0
"d1063763a671ac11" 24 14556 83 11532 80 49 79 4274 90 18547 80 199627 2201 146 606 253 80 344 51 990 80 17 51 16925 1179 1174034 -1 -1 0 0 0 0 9 8 8 7 7 5 4 8 6 6 0 0
"1812be712b6bf833" 18 49 70 297 241 90 103 2540 80 199627 859 2995 19 30 31 90 5306 13284 1179 1174035 -1 -1 0 0 0 0 9 7 7 9 8 5 4 3 3 5 0 0
"6e43af534aa4c6a0" 23 383 334 51 463 77 30 4687 80 199627 249 443 340 1981 283 19 2502 28 39 80 344 74 3757 1179 1174036 -1 -1 0 0 0 0 8 7 7 8 7 5 4 3 4 2 0 0
"daf8b91cd16e11a7" 25 44 103 706 80 184 127 74 520 80 74 185 80 199627 192 184 967 19 30 108 3262 80 788 897 621 1179 1174037 -1 -1 0 0 0 0 7 9 8 8 7 5 4 9 6 7 0 0
"220517bff2dee29c" 21 49 51 246 192 911 77 4256 90 275 80 199627 184 453 383 283 89 80 278 30 7387 1179 1174038 -1 -1 0 0 0 0 8 9 9 8 8 7 5 3 8 4 0 0
"f8fd4d630f0de072" 25 369 153 63 102 4 255 12 638 83 80 199627 249 761 80 184 590 120 60 70 76 80 74 512 61400 1179 1174039 -1 -1 0 0 0 0 9 8 8 7 7 8 6 3 4 3 0 0
"cdf9f9199e622e3b" 23 229 74 2891 14 80 199375 232 83 4200 80 199627 90 330 153 60 80 344 386 5943 606 89 42047 1179 1174040 -1 -1 0 0 0 0 8 7 8 9 8 6 4 6 2 6 0 0
"e5e29275e66d23ae" 22 369 404 43 369 484 19 119 80 74 4541 80 199627 16520 2104 60 1331 80 83 150 1275 3728 1179 1174041 -1 -1 0 0 0 0 7 9 7 8 7 6 2 2 8 2 0 0
"87315c3013e5c006" 20 590 453 4 3755 90 106 1366 80 199627 509 369 212 297 62985 1138 80 475 184 3824 1179 1174042 -1 -1 0 0 0 0 9 7 9 8 8 7 5 3 7 5 0 0
"8a2a3ed6cf1c78ec" 25 28 27417 232 5881 42 80 330 232 10138 80 199627 249 16520 747 19 4928 154 14940 89 425 80 369 229 1363 1179 1174043 -1 -1 0 0 0 0 7 8 8 7 6 7 5 9 5 6 0 0
"65d8e30cb084bfd9" 32 11 5843 60 72 80 915 80 369 153 4 12 656 80 199627 90 1031 1334 53 60 80 200450 967 19 30 108 3262 80 283 44 30 7775 1179 1174044 -1 -1 0 0 0 0 8 9 9 8 9 7 6 3 7 3 0 0
"9a85587f21d8ebbe" 37 3722 83 6871 80 231 108 80 550 70 15708 80 199627 509 184 212 297 62985 1138 80 229 74 3869 80 199627 184 484 19 3002 80 782 49 271 4533 80 146 141876 1179 1174045 -1 -1 0 0 0 0 9 7 9 7 8 8 4 7 5 5 0 0
"ed53de30973c5f08" 31 330 185 63 102 4 378 61 14 11572 80 199627 90 344 1421 43 369 404 80 4 13 80 199627 21399 103 2540 80 425 1334 227 544 1179 1174046 -1 -1 0 0 0 0 6 9 8 7 7 7 5 5 7 3 0 0
"1b0dfc41e6efa63f" 25 49 1663 911 77 4256 80 859 212 83 30 39 80 199627 90 859 630 271 7536 80 1913 184 208 80 10611 1179 1174047 -1 -1 0 0 0 0 7 8 8 8 8 6 4 3 8 4 0 0
"e8a018d7bb209201" 21 70 30 476 1664 80 330 127 4120 199627 425 4 290 15069 42 80 44 2596 7790 330 21623 1179 1174048 -1 -1 0 0 0 0 8 6 7 9 8 6 5 7 2 6 0 0
"c63580d0120ab932" 20 5843 60 849 80 74 206 19 3592 199627 127 51 1275 3728 44 51 4633 80 2144 4633 1179 1174049 -1 -1 0 0 0 0 7 8 8 8 6 6 2 3 7 2 0 0
"7ac5fc5ac07914ce" 22 283 60 72 80 74 19155 80 184 234887 199627 90 60 1483 192 108 80 1330 80 184 229 234999 1179 1174050 -1 -1 0 0 0 0 8 9 8 8 8 7 4 6 6 4 0 0
"84eb144903672459" 22 120 60 70 76 80 1207 70 103 2602 199627 83 31 77 4174 80 798 17322 49 154 4531 92 1179 1174051 -1 -1 0 0 0 0 8 7 7 8 6 6 3 8 4 7 0 0
"f2af63545cb761dd" 19 28 8107 5248 80 215 20 51 8193 12393 199627 383 283 89 80 200450 3635 90 836 1179 1174052 -1 -1 0 0 0 0 8 7 7 9 7 6 4 7 2 6 0 0
"1815939fd6e4d926" 20 2844 747 425 80 212 83 30 39 199627 90 70 297 241 80 453 60 14825 90 13296 1179 1174053 -1 -1 0 0 0 0 6 7 9 8 6 8 2 4 3 1 0 0
"176183ad9aec1f1b" 21 484 19 3002 80 14 90 28 17796 199627 161 77 28 499 861 80 484 19 2995 90 35342 1179 1174054 -1 -1 0 0 0 0 8 7 7 6 8 7 4 3 2 4 0 0
"08669e4613b5bc7d" 25 90 234856 232 83 15045 80 229 74 1883 36 15401 199627 127 51 24102 83 28 24 80 166 120 88 780 235170 1179 1174055 -1 -1 0 0 0 0 9 9 8 6 8 10 4 4 3 2 0 0
"720a101f863e9033" 23 28 783 2726 474 749 80 28 1895 768 222 199627 330 590 606 89 42047 80 249 859 808 4300 1138 1179 1174056 -1 -1 0 0 0 0 7 6 7 8 7 8 2 3 5 2 0 0
"d41b663830937121" 20 36756 61 19 13 4 3755 761 199372 199627 70 369 119 104 292 80 1267 232 60 6392 1179 1174057 -1 -1 0 0 0 0 7 8 9 8 6 8 3 3 2 2 0 0
"bd5a2e50e9f5cfa5" 19 28 27417 232 10138 80 34919 14 199627 386 166 330 11 120 770 20 80 1057 544 199372 1174058 -1 -1 0 0 0 0 6 5 6 8 5 6 2 6 3 9 0 0
"b3ea8ddc707c8389" 18 14556 83 11532 80 747 19 3055 199627 1624 334 107 80 249 330 6 460 24 1179 1174059 -1 -1 0 0 0 0 8 6 7 7 6 6 4 7 3 5 0 0
"69fd844b3d5d194e" 24 140749 51248 80 13412 544 80 369 114 106 60 596 199627 62985 212 14 1138 80 28 34 104 771 80 747 1179 1174060 -1 -1 0 0 0 0 5 4 5 6 5 3 5 5 7 8 0 0
"3d7c661bdf74be64" 39 283 89 49 30 4044 77 1003 90 553 80 199627 63 102 4 166 250 249 61 14 80 6 4 153 199372 199627 90 859 20 89709 44 30 2353 80 15851 44 83 271 490 1179 1174061 -1 -1 0 0 0 0 8 9 9 8 7 8 2 3 3 2 0 0
"d192c5d64d43ebd5" 19 369 153 4 12 629 90 1895 49 14 80 199627 509 722 509 16520 1366 90 544 1179 1174062 -1 -1 0 0 0 0 6 7 7 8 6 5 2 2 3 2 0 0
"340de60a4558d53c" 27 158 28 8343 299 956 76 43 369 404 83 61034 80 199627 4 153 1334 443 108 36 161 1146 80 344 30 18470 139 1179 1174063 -1 -1 0 0 0 0 7 7 8 9 6 3 2 5 2 2 0 0
"8812e9eecb2f610a" 34 1334 83 3826 80 166 232 30 1342 80 199627 184 229 11 5960 4306 80 550 206 19 1207 1179 199627 249 4 71 401 150 634 80 74 206 19 2644 1179 1174064 -1 -1 0 0 0 0 8 9 9 8 6 7 3 6 2 4 0 0
"eff6a978a0c514de" 24 909 24 80 550 70 68 51 5165 80 199627 276 590 6140 4 19 30 31 80 276 590 481 4 488 199372 1174065 -1 -1 0 0 0 0 8 7 7 9 5 7 3 6 2 7 0 0
"c58a8f990c677a1c" 27 1977 2012 44 28 24517 1895 80 199627 249 2539 3250 184 127 603 525 90 184 229 18 19 248 1957 80 319 25 319 1179 1174066 -1 -1 0 0 0 0 9 8 9 8 7 6 4 5 3 4 0 0
"c70a1895650a0379" 33 227 154 7287 275 378 1525 150 12750 80 199627 166 212 60 74 511 80 192 234 29295 80 199627 249 4 6569 290 146 6569 80 808 1409 154 1749 1179 1174067 -1 -1 0 0 0 0 7 6 8 9 5 4 2 5 2 6 0 0
"a0f1d979c853ea7c" 26 401 150 634 80 232 150 34 3274 80 199627 563 456 275 786 102 161 722 2091 29566 49955 80 11 232 1618 796 1179 1174068 -1 -1 0 0 0 0 6 7 9 7 7 6 4 4 5 6 0 0
"4e63923f693dbb2d" 32 456 61 2287 406 60 112 136771 14 80 199627 127 154 3158 915 80 541 352 820 80 199627 90 16520 1383 4 80 13 474 144 150 3171 6347 1179 1174069 -1 -1 0 0 0 0 8 7 7 8 8 7 8 4 9 5 0 0
"a189c99ba5ee4b9d" 34 798 35832 83 51 1183 80 550 192 13495 80 199627 823 19 185 74 456 1767 127 4 231 19427 80 199627 566 4 89 89 89 89 89 36 154 1895 199372 1174070 -1 -1 0 0 0 0 7 9 9 9 6 7 5 4 5 6 0 0
"d1d08a78c5e4bcab" 26 4 629 406 80 10704 49 150 554 4139 80 199627 249 425 4 178 19 13 103 37300 4690 3324 80 1629 14 31009 1179 1174071 -1 -1 0 0 0 0 7 6 8 5 7 6 7 4 6 5 0 0
"be7a4a18435ad9c0" 26 127 51 226 495 77 4178 80 2441 5269 44 103 706 80 199627 127 30 1877 332 178 30 20341 23427 49 28 646 1179 1174072 -1 -1 0 0 0 0 7 7 8 5 7 8 5 4 4 6 0 0
"8127e066ce0a7b09" 37 28 235171 735 30 1393 80 229 3666 19 1678 80 199627 352 1069 382 70 36 4 80 4 7396 382 2034 1179 199627 127 103 1056 2091 915 3119 76793 3892 25 28 319 1179 1174073 -1 -1 0 0 0 0 8 6 7 8 8 7 8 5 9 6 0 0
"662837c110e6e5c1" 20 28 2317 484 1961 80 2326 102 51 554 129 199627 1618 8605 49 3644 80 16520 44 5043 1179 1174074 -1 -1 0 0 0 0 6 6 6 5 5 5 6 5 6 5 0 0
"745e92bb3393f80d" 25 28 2971 127 154 160052 80 19683 55591 49 6881 199627 192 283 53 14 158 4 251 19 5002 80 106 30 1775 1179 1174075 -1 -1 0 0 0 0 7 6 8 6 6 7 6 4 4 6 0 0
"e4f6cc016f0e72cc" 25 6 7 74 2636 80 184 283 1964 70 1237 199627 369 229 146 2326 60 4553 80 232 30 108 403 44 2425 1179 1174076 -1 -1 0 0 0 0 7 8 9 6 6 8 7 4 4 5 0 0
"0fb01190b9cf4010" 23 285 16520 31455 83 4 80 8570 72 297 3073 199627 249 184 944 20 30 4189 80 255 1409 30 8769 1179 1174077 -1 -1 0 0 0 0 6 6 6 5 5 6 6 3 4 4 0 0
"9844e67d508543c4" 27 369 742 2971 102 51 12949 80 453 30 2594 13 30 2203 199627 90 158 369 391 51 12949 80 28 1818 844 212 9878 1179 1174078 -1 -1 0 0 0 0 7 6 7 6 5 5 6 5 6 5 0 0
"e2e1e63849c28416" 23 383 2143 386 369 283 192 1330 1138 199627 2539 90 369 4597 28 857 80 1531 30 231 1501 369 222 1179 1174079 -1 -1 0 0 0 0 6 7 7 8 7 5 4 4 5 6 0 0
"c8829f52130d65c1" 27 382 61 127 30 634 77 14 80 550 70 369 153 199627 60 127 28 246 90 28 1819 80 1882 42 102 51 24456 1179 1174080 -1 -1 0 0 0 0 8 9 7 7 8 6 4 5 9 6 0 0
"30a812be461625bc" 28 937 69656 484 30 5882 9867 8797 80 2167 68 31455 83 297 1877 199627 456 30 11437 49928 8911 80 184 11 1082 42 30 4869 1179 1174081 -1 -1 0 0 0 0 7 6 9 7 7 6 4 3 5 3 0 0
"3525bb21c78f7f3d" 26 629 288 44 103 1895 80 200450 208 36 51 5814 199627 127 603 231 2594 102 330 484 93602 80 166 2919 30 6236 1179 1174082 -1 -1 0 0 0 0 6 7 8 6 6 6 5 3 4 5 0 0
"db70ccc2b91ef20d" 26 30 874 114 20 271 4333 80 255 8400 770 89 199627 249 276 590 453 4 51 476 80 250 4 457 30 5228 1179 1174083 -1 -1 0 0 0 0 7 5 6 6 8 5 3 4 6 2 0 0
"23d047ad3f6d4ce9" 23 90 4 401 150 634 80 36 51 1415 192 790 199627 1618 8605 49 10215 80 566 4 89 19 2919 199372 1174084 -1 -1 0 0 0 0 6 7 8 5 7 6 3 6 5 3 0 0
"c84aa4f4bf83861c" 23 28 275 104 102 51 29566 49955 80 16520 227 30 1010 199627 90 16520 1383 4 80 13 144 150 4502 1179 1174085 -1 -1 0 0 0 0 9 8 9 6 8 8 2 2 4 2 0 0
"793e6f82ed807e9b" 25 798 11 263 112 13495 80 10290 770 70 83 271 6905 199627 127 51 915 3119 76793 3892 80 255 3317 30 11336 1179 1174086 -1 -1 0 0 0 0 7 9 8 7 8 10 3 1 3 3 0 0
"ee1eeb0f2e3137fd" 18 127 603 29293 4149 90 10257 80 199627 1629 76 5191 1767 12122 174 80 550 10257 1179 1174087 -1 -1 0 0 0 0 8 4 9 4 5 6 3 2 3 4 0 0
"13ed3b9ee6dd035c" 17 127 382 44 28 14433 80 199627 127 51 231 184 658 2203 42 30 1237 1179 1174088 -1 -1 0 0 0 0 6 5 7 5 6 5 3 4 5 2 0 0
"0d372452b1cd45e3" 15 28 2317 484 1961 80 199627 90 425 4 208014 19 13 28 12351 1179 1174089 -1 -1 0 0 0 0 6 5 5 6 4 5 3 4 6 3 0 0
"869f44b14c9037d4" 26 158 28 3883 558 3754 199627 559 369 2100 28 18502 80 5942 8689 80 199627 249 369 166 250 60 80 235122 28 6302 1179 1174090 -1 -1 0 0 0 0 5 4 4 3 3 3 2 3 3 4 0 0
"abb7164d7fdeb972" 18 7287 2284 80 421 30 2284 117687 5723 80 199627 24517 80 28 235001 51 4982 1146 1179 1174091 -1 -1 0 0 0 0 8 5 7 4 6 5 2 6 3 5 0 0
"b46731d212dd173b" 19 3071 4178 80 1267 3002 36 60 199627 51 495 77 7790 80 28 16300 166 3596 60 1179 1174092 -1 -1 0 0 0 0 7 6 6 5 6 6 3 4 5 4 0 0
"d578f224d598216d" 22 5012 36 30 634 80 154 28 2317 948 1961 80 199627 249 808 231 102 51 5854 44 103 706 1179 1174093 -1 -1 0 0 0 0 6 5 5 6 4 5 3 4 6 3 0 0
"1d887b6e72049f09" 22 4631 3678 80 425 16520 83 28 782 80 199627 4 166 3380 60 80 13 14 6174 70 30 206 1179 1174094 -1 -1 0 0 0 0 7 6 6 6 6 5 3 4 6 4 0 0
"05fd0db97ae5babc" 22 231 11227 425 80 1267 5843 72 103 11513 80 199627 127 30 1877 2144 80 788 1381 80 788 19523 1179 1174095 -1 -1 0 0 0 0 6 5 8 4 6 6 3 4 5 3 0 0
"fe22f1054baa289a" 22 166 212 60 964 80 1267 1207 30 8374 80 199627 288 44 30 1895 90 859 27 51 554 6920 1179 1174096 -1 -1 0 0 0 0 7 6 7 5 6 5 3 4 5 3 0 0
"84395c0ffc3c78d9" 22 290 146 378 6569 80 330 255 12 567 80 199627 285 16520 31455 83 1957 80 344 559 369 5716 1179 1174097 -1 -1 0 0 0 0 6 6 5 4 5 6 3 5 4 4 0 0
"e2b04d457f356c8a" 24 4 153 154 60 136771 14 80 61 456 184 999 80 199627 291 629 288 44 80 200450 1895 80 200450 7048 1179 1174098 -1 -1 0 0 0 0 7 9 8 6 7 8 6 2 5 4 0 0
"aee8ad232bf6c8b1" 22 4 401 36 5461 249 859 146 153 80 199627 383 2143 386 184 283 1138 80 146 34 80 7287 1179 1174099 -1 -1 0 0 0 0 6 8 7 8 5 5 5 4 2 7 0 0
"b27e6f73535b6351" 21 28 234833 102 51 3680 44 51 988 80 199627 911 77 1829 61 80 146 127 30 340 757 1179 1174100 -1 -1 0 0 0 0 5 6 4 3 7 3 4 3 4 2 0 0
"23f7eea966de6322" 25 235172 134 44 28 24517 80 369 208 510 80 199627 1031 352 1069 382 275 36 14 80 344 28 1895 768 222 1179 1174101 -1 -1 0 0 0 0 8 9 9 7 6 6 4 4 5 3 0 0
"74bbb183c4467101" 29 16520 51 4456 83 28 5591 80 249 60 6 208 633 80 199627 192 369 11840 44 28 440 80 425 16520 30 4044 77 30 35991 1179 1174102 -1 -1 0 0 0 0 7 6 7 6 5 4 7 5 4 4 0 0
"ae918b6bbf34beb4" 27 369 904 19 20 89 83 28 2317 80 425 16520 227 9180 80 199627 90 456 603 11437 49928 8911 80 16520 808 44 6946 1179 1174103 -1 -1 0 0 0 0 9 7 7 6 6 3 5 3 4 3 0 0
"04a67cf3cbb6ad85" 31 16520 30 161 4 3623 80 192 212 51 972 80 199627 4 166 1828 14 36 454 44 61 49 4 80 915 80 4 11 127 154 1394 1179 1174104 -1 -1 0 0 0 0 8 9 8 7 5 7 6 4 9 5 0 0
"db002a7a9caa78d3" 35 275 1866 20 9247 80 249 369 808 127 154 4522 80 199627 192 6 3589 80 7064 80 234968 11 1056 80 199627 11 629 11513 49 14 80 24506 507 150 34 1179 1174105 -1 -1 0 0 0 0 6 7 7 5 6 4 5 4 4 6 0 0
"19e4e76971f23922" 23 184 229 749 19 436 811 80 1334 3702 80 199627 90 456 60 2287 19 271 1214 80 330 1084 4920 1179 1174106 -1 -1 0 0 0 0 7 8 8 6 7 5 6 4 3 4 0 0
"215e8ad691fa9c2f" 29 16520 2157 36 108 80 74 909 24 80 537 344 51 6183 80 199627 90 456 150 2202 263 1899 80 6 629 1048 19 28 1797 1179 1174107 -1 -1 0 0 0 0 7 4 5 6 5 2 5 4 3 4 0 0
"84e14248973f08b9" 28 21946 80 1525 14 1472 80 199375 212 30 5165 80 199627 200449 74 161 114 119 14 30 139 4 119 80 344 386 60 6133 1179 1174108 -1 -1 0 0 0 0 5 6 4 6 7 6 6 6 3 4 0 0
"5dc4aa0089a1c49f" 26 369 2929 44 30 3288 90 369 13098 19 30 10270 80 199627 11819 51 10732 617 253 80 743 153 550 590 20 6392 1179 1174109 -1 -1 0 0 0 0 7 7 9 6 5 7 6 4 3 4 0 0
"bfbfcb10f4cf58d8" 24 44 30 175961 80 344 475 199375 5713 80 199627 90 4 68 492 42 150 34 80 229 74 248 44 234999 1179 1174110 -1 -1 0 0 0 0 6 5 5 6 4 4 3 5 3 5 0 0
"10c1ddbea51a72fd" 43 184 30 11007 63 80 184 855 30 1877 80 344 474 80 199627 200449 61 104 271 1372 80 146 763 42 252 51 2919 80 199627 90 456 60 2287 19 280 10174 80 16520 255 586 28 981 2766 1179 1174111 -1 -1 0 0 0 0 8 6 7 6 7 3 5 6 4 6 0 0
"80386c67d9f3c141" 39 184 6 7 74 61 80 11 2505 1214 70 621 80 199627 330 629 90 208 102 28 3386 80 550 11 30 235173 139 80 199627 184 15405 554 4939 80 234845 30 706 83 17148 1179 1174112 -1 -1 0 0 0 0 7 8 8 6 5 4 5 3 3 4 0 0
"94a68a5096cce7ca" 23 158 369 112 12 2651 60 80 634 1028 60 199627 184 590 212 24 33330 80 74 7 19 5627 60 1179 1174113 -1 -1 0 0 0 0 10 7 7 5 5 7 6 2 4 2 0 0
"9f9b822a19f38cf1" 26 352 229 74 13531 291 80 352 6431 36 4181 199627 90 550 3220 2743 3220 2743 3220 2743 456 352 961 154 2091 6232 1179 1174114 -1 -1 0 0 0 0 7 10 9 7 6 8 9 3 4 2 0 0
"d26d0dce103fcbfb" 24 184 658 288 76 83 1957 17132 80 453 1957 2274 199627 90 185 568 2743 19 70 30 4180 80 74 4541 1179 1174115 -1 -1 0 0 0 0 6 6 9 8 6 8 5 3 2 2 0 0
"6e24f1c122e3a128" 23 184 407 408 8221 80 425 184 2990 11459 199627 563 44 51 11395 80 184 808 629 144 49 30 6477 1179 1174116 -1 -1 0 0 0 0 10 8 8 5 7 8 4 2 3 3 0 0
"03a885dc68e1520e" 27 127 1957 14162 80 2348 4204 271 5174 199627 1514 330 944 50558 80 184 30 10065 77 30 2021 80 3220 2743 3220 2743 3220 2743 1174117 -1 -1 0 0 0 0 7 7 9 8 5 9 9 3 3 2 0 0
"2fcb74ccd1ec8b0b" 20 184 70 5520 80 1777 509 161 199627 90 30 21144 127 271 24 80 184 166 20 14170 1179 1174118 -1 -1 0 0 0 0 7 6 8 7 7 7 7 2 3 3 0 0
"2a753680a93cc145" 26 103 711 127 14 6432 80 369 166 563 3757 199627 158 4 460 14 150 6947 36 80 199375 20 150 1895 768 222 1179 1174119 -1 -1 0 0 0 0 6 6 7 8 5 6 5 3 4 2 0 0
"2362b46110381991" 24 915 4 166 1828 14 36 2642 4 722 206 199627 90 4 251 14 19 2174 80 249 16520 11 2348 4522 1179 1174120 -1 -1 0 0 0 0 8 7 6 6 5 6 4 3 8 5 0 0
"c80ec5f5777ed80f" 25 4 127 14 234840 245 619 77 139 80 166 3380 199627 11513 14 80 566 4 561 60 2960 474 44 154 3398 199372 1174121 -1 -1 0 0 0 0 6 8 7 6 5 7 4 2 4 4 0 0
"1e3ede8805a8425c" 25 369 6545 4 19 120 14 20 150 443 161 199627 90 4 251 14 19 2174 80 249 103 104 518 199374 2360 1179 1174122 -1 -1 0 0 0 0 7 7 6 6 4 6 3 3 7 5 0 0
"b480e65b64985bc1" 21 184 234832 76 297 554 4939 80 15405 5269 199627 235174 51 4851 49 986 80 74 7 36 19687 1179 1174123 -1 -1 0 0 0 0 8 7 8 6 6 8 6 2 4 3 0 0
"12300dfd49b35b6d" 23 424 291 28 291 80 352 17674 49 14 199627 4 120 14 20 80 199375 1183 382 541 352 12 13 1179 1174124 -1 -1 0 0 0 0 6 8 8 6 6 6 6 3 4 3 0 0
"532184b3d59ee0d9" 26 456 150 2202 104 1899 80 1080 28 3032 33 199627 74 161 114 119 14 102 4 119 80 550 11 14 90 4 1179 1174125 -1 -1 0 0 0 0 9 7 6 6 5 5 3 3 9 5 0 0
"44a39a853652f94e" 27 158 4 460 14 150 6947 36 30 2478 80 199627 199375 453 561 4 227 11459 102 51 175961 304 80 2844 70 30 5760 1179 1174126 -1 -1 0 0 0 0 8 6 8 5 6 6 3 2 4 3 0 0
"3e0fca4e9a70bc46" 28 352 234882 36 245 4181 80 58 352 13098 849 80 199627 249 4 153 184 808 235103 154 4225 2439 711 474 749 788 897 621 1179 1174127 -1 -1 0 0 0 0 7 8 8 7 6 7 7 2 3 2 0 0
"f55d44aeb9dc817b" 33 184 566 17 2659 80 103 104 3702 80 199627 11007 63 44 30 2902 80 6 20 25299 80 199627 90 119 369 283 10174 511 513 4 199372 344 5223 1179 1174128 -1 -1 0 0 0 0 7 7 8 8 7 7 4 2 2 2 0 0
"1804db299a354f20" 23 158 369 112 12 2651 103 2090 80 199627 369 153 184 127 30 1160 83 271 319 19 460 770 4595 1179 1174129 -1 -1 0 0 0 0 8 7 6 9 7 6 3 8 2 3 0 0
"7222caa266b90d9e" 36 251 14 19 460 382 30 23319 80 453 382 9867 80 199627 103 711 127 14 3553 90 2990 51 1010 80 199627 249 369 1267 11819 51 10732 253 90 453 60 1100 1179 1174130 -1 -1 0 0 0 0 8 9 8 7 6 6 4 2 3 2 0 0
"daed720ed5a7c925" 35 6402 178 150 2091 80 4 229 1030 28 206 80 199627 127 70 297 4180 235175 249 330 229 44 8 13415 80 199627 1525 14 1472 80 21946 80 199375 808 4522 1179 1174131 -1 -1 0 0 0 0 7 8 7 6 8 7 4 3 2 4 0 0
"d62659a59cb16f51" 20 184 70 5520 80 184 3464 257 80 199627 288 76 83 1957 25738 80 453 1957 70 3817 1179 1174132 -1 -1 0 0 0 0 9 8 8 6 6 7 4 2 2 3 0 0
"087438c3b8f2396e" 21 249 184 146 653 80 184 32 3274 80 199627 90 4819 30 4180 80 184 146 404 603 1262 1179 1174133 -1 -1 0 0 0 0 7 8 6 9 7 7 4 3 2 3 0 0
"09fe0738b6fe915e" 34 1267 212 24 33330 80 344 475 184 408 80 199627 102 70 77 28 3386 80 184 229 146 370 80 199627 249 199375 1015 7064 859 453 60 80 859 6170 1179 1174134 -1 -1 0 0 0 0 8 7 7 8 7 7 3 6 2 4 0 0
"90c4cd7c23777b9b" 36 192 4 153 154 16520 146 299 64 24 80 199627 61 104 30 1372 80 229 74 1091 24 80 199627 114 369 96 51 1369 77 150 61 80 74 206 19 22472 1179 1174135 -1 -1 0 0 0 0 7 6 6 7 7 7 6 3 7 3 0 0
"92e73da72df0fa86" 23 90 185 568 80 6227 51 6397 19 30 108 275 80 199627 90 2505 1214 80 227 2012 80 74 7387 1179 1174136 -1 -1 0 0 0 0 7 8 8 8 7 6 4 2 2 2 0 0
"c724449c6f2e041f" 40 4 51 5746 291 49 74 46418 80 200438 60 89 80 199627 518 407 408 8221 80 425 4 457 30 5228 80 199627 11513 14 80 1024 80 232 60 15399 80 120 14 106 154 128 1179 1174137 -1 -1 0 0 0 0 8 7 8 6 7 7 6 2 2 3 0 0
"2a8e5c392911c1be" 24 361 336 4225 2439 80 103 271 4669 80 199627 249 4 370 492 42 150 34 80 14125 14 16520 17 1030 1179 1174138 -1 -1 0 0 0 0 9 6 7 6 7 8 5 2 2 2 0 0
"2de975bce54ddf66" 21 43 51 2022 80 330 185 184 166 3603 80 199627 90 1693 251 1664 518 629 408 30 2591 1179 1174139 -1 -1 0 0 0 0 7 8 7 7 6 7 6 8 3 5 0 0
"6b07d57416412ebe" 22 16520 51 175961 304 80 235103 30 6116 80 199627 3220 2743 3220 2743 3220 2743 344 559 184 2844 4176 1179 1174140 -1 -1 0 0 0 0 8 9 8 6 7 7 4 2 3 2 0 0
"e1de677cc459faf9" 20 424 80 158 4 460 14 150 4181 36 6947 80 199627 184 114 10347 30 21144 90 13376 1179 1174141 -1 -1 0 0 0 0 6 6 7 7 7 7 6 2 5 8 0 0
"4bc593ab2674d2a3" 19 369 288 76 49 30 78992 340 20479 80 199627 425 4 22 2143 386 16520 192 691 1179 1174142 -1 -1 0 0 0 0 8 7 9 7 6 7 4 2 4 3 0 0
"7856d65dc9faa534" 22 967 42 80 4 944 50558 30 962 80 199627 30 1981 518 407 408 234836 80 330 127 30 2864 1179 1174143 -1 -1 0 0 0 0 8 9 9 8 9 7 2 7 6 9 0 0
"ead641357d39f553" 22 103 2993 36 28 1782 80 344 475 369 32 80 199627 808 17 51 4690 80 249 369 229 18 1179 1174144 -1 -1 0 0 0 0 8 7 8 9 6 7 2 2 3 6 0 0
"8489b4a2fafde0b3" 23 74 161 114 61 14 102 4 119 80 550 33 80 199627 119 4 12 96 28 151 646 80 11645 199372 1174145 -1 -1 0 0 0 0 10 10 9 10 8 3 6 3 8 5 0 0
"760583f0fc43c208" 24 119 369 283 10174 511 513 4 299 56 80 199627 90 4 808 251 14 19 2174 80 239 4 146 3559 1179 1174146 -1 -1 0 0 0 0 9 9 7 6 8 8 4 8 2 8 0 0
"a68c6945f365fa96" 21 4 166 232 10721 406 749 80 1334 370 80 199627 249 44636 573 866 51 1394 80 234867 896 1179 1174147 -1 -1 0 0 0 0 7 4 5 4 6 7 3 5 3 4 0 0
"9fd487e570cfe26a" 18 105994 28135 80 166 4 13 16520 83 31 80 199627 255 10027 80 146 590 632 1179 1174148 -1 -1 0 0 0 0 8 7 8 8 6 7 3 7 2 7 0 0
"510a8f6145a579ce" 23 2505 51 3935 2203 80 16520 234965 30 902 80 199627 74 139 16520 227 51 50775 80 235176 103 2640 12239 1179 1174149 -1 -1 0 0 0 0 7 6 8 8 7 6 6 6 5 8 0 0
"021b6a96573f5703" 17 1112 8159 80 474 83 206 80 199627 2600 1140 80 297 3467 250 14 3714 1179 1174150 -1 -1 0 0 0 0 9 8 8 7 7 3 5 7 4 7 0 0