"c65a4b16cc8b9a54" 22 369 32 5388 1784 80 74 7 36 234999 199627 90 158 4 15348 451 14 80 4 71 632 15786 1179 1173841 -1 -1 0 0 0 0 8 8 9 7 8 7 2 1 2 2 0 0 0 0 0 0
"644b1490e4cb0158" 31 369 114 3292 4 234930 80 212 4 19 30 31 199627 4 153 173 3528 80 249 369 114 1183 4 559 60 558 20 80 43284 997 632 1179 1173842 -1 -1 0 0 0 0 9 7 9 7 6 8 3 1 2 2 0 0 0 0 0 0
"7da23f19fa257ea6" 36 340 27774 2505 49 14 102 184 3386 199627 28 2192 20 79764 42 80 537 184 656 49 30 5393 199627 7438 83 150 2091 19 27142 80 229 74 1883 36 150 33237 1179 1173843 -1 -1 0 0 0 0 8 9 7 9 7 8 4 6 5 7 0 0 0 0 0 0
"97a67420be567638" 21 184 42 44 103 706 80 229 74 139 89 199627 184 288 76 1784 80 184 855 103 3057 1179 1173844 -1 -1 0 0 0 0 9 7 8 6 7 8 3 1 2 2 0 0 0 0 0 0
"8a3d707f04a44f07" 30 369 20 2844 70 28 5569 3528 80 344 51 6183 199627 34831 14172 33852 80 4484 83 28 22740 199627 103 51 6874 408 1140 80 235159 10013 1179 1173845 -1 -1 0 0 0 0 8 8 9 7 7 8 4 3 3 4 0 0 0 0 0 0
"1ab7d86180178f08" 24 421 1957 200456 28 646 80 102 51 4044 83 30 5444 199627 28 2192 20 79764 42 80 255 200438 8 29 1179 1173846 -1 -1 0 0 0 0 9 8 8 7 7 9 4 6 5 6 0 0 0 0 0 0
"dd6ecd46c44c9774" 38 7064 3119 14 33854 24060 80 249 16520 1662 509 30 2688 199627 184 1165 30 206 19 757 80 425 184 2990 271 1010 199627 90 291 369 127 154 81104 80 235160 42 44 20298 1179 1173847 -1 -1 0 0 0 0 9 8 9 7 7 9 4 3 8 6 0 0 0 0 0 0
"2708f4f28d0bd3cc" 38 184 422 19 96 51 779 80 234831 2283 102 4827 199627 102 184 39730 80 184 235161 70 451 30 1022 199627 743 290 71 25790 2934 42 76 28 4623 80 4 166 232 9763 1179 1173848 -1 -1 0 0 0 0 9 8 9 8 7 9 5 4 4 3 0 0 0 0 0 0
"a0e8baa52bc899b0" 23 2844 35378 80 1226 80 16520 30 161 49 30 9391 199627 4 14125 14 19 208 80 506 16520 596 1043 1179 1173849 -1 -1 0 0 0 0 8 8 8 6 7 8 4 1 2 2 0 0 0 0 0 0
"fb274d933736e0c1" 27 5843 60 42 80 5843 60 76 80 199375 453 4 106 1366 199627 352 185 352 251 14 80 199375 460 382 70 352 4536 1179 1173850 -1 -1 0 0 0 0 8 9 8 7 7 8 4 3 3 4 0 0 0 0 0 0
"b22f5f36f41824e1" 23 369 2574 150 2127 42 80 4 229 127 74 3361 199627 28 275 104 89 249 199375 3820 19 12470 103 1179 1173851 -1 -1 0 0 0 0 8 7 9 7 6 8 4 4 3 4 0 0 0 0 0 0
"df646f5e67147510" 37 70 297 1214 12 2505 14 285 16520 42 425 199627 127 51 36720 83 28 1264 80 234845 14 200443 3195 199627 1334 1138 527 19 283 28 246 19 80 90 344 74 4118 1179 1173852 -1 -1 0 0 0 0 8 8 9 8 6 8 4 2 2 1 0 0 0 0 0 0
"89f8a6b7cf258383" 24 232 60 161 30824 80 6 7 74 1829 61 199627 90 5594 76 150 2591 80 102 51 4284 19 51 3395 1179 1173853 -1 -1 0 0 0 0 8 8 8 6 7 6 3 2 3 5 0 0 0 0 0 0
"13253650855fee16" 23 184 229 146 590 460 42 103 2919 80 199627 184 590 629 24 80 1024 80 1024 80 1237 1037 1237 1179 1173854 -1 -1 0 0 0 0 9 7 8 6 7 8 3 1 2 2 0 0 0 0 0 0
"7607fe83887ff6ab" 44 4 229 227 28 275 80 6 4 2718 199372 199627 184 566 13198 80 270 544 408 8 5287 1179 199627 1829 25215 290 80 277 19 212 408 271 517 80 199627 249 184 127 22526 90 229 14845 8 5631 1179 1173855 -1 -1 0 0 0 0 8 7 7 6 7 6 3 5 3 5 0 0 0 0 0 0
"2a5674208541aff9" 23 4 153 80 77 2937 80 154 16520 83 30 31 80 199627 369 146 707 51 7570 80 146 590 632 1179 1173856 -1 -1 0 0 0 0 8 7 9 5 7 6 3 4 6 2 0 0 0 0 0 0
"a181fb68e042118a" 23 369 1782 70 297 4180 80 102 103935 43451 80 199627 249 1009 184 56 20 257 80 369 22 120 208 1179 1173857 -1 -1 0 0 0 0 9 8 8 7 7 8 3 4 5 3 0 0 0 0 0 0
"9dfa927c9cad1cbe" 31 16520 30 4044 77 103 706 80 369 453 150 3012 208 20451 80 199627 7438 83 150 2091 19 27142 80 4 153 80 77 2937 80 344 154 1179 1173858 -1 -1 0 0 0 0 9 9 9 7 8 7 2 3 4 2 0 0 0 0 0 0
"38f3d7865523ccd5" 25 340 27774 2505 49 14 80 330 13 16520 1683 80 199627 369 114 3292 80 127 28 721 80 184 288 336 60 1179 1173859 -1 -1 0 0 0 0 9 9 9 7 8 5 2 3 3 2 0 0 0 0 0 0
"d268e025b8feba2e" 43 16520 10812 144 30 622 25784 4891 80 199627 283 35378 80 291 80 71 780 235030 1179 199627 103 51 6874 408 1140 80 74 7 19 5430 60 80 199627 199375 232 234937 42 80 74 161 114 51709 60 1179 1173860 -1 -1 0 0 0 0 8 7 8 8 7 6 3 4 5 3 0 0 0 0 0 0
"09c5539c1561466f" 25 4 6 1267 1829 60 80 200449 369 153 4 3528 80 199627 249 158 4 15348 76 80 199375 20 150 5028 2455 1179 1173861 -1 -1 0 0 0 0 9 9 8 7 7 6 2 3 4 3 0 0 0 0 0 0
"b4cb6c40e73a77d1" 26 456 4 1015 14 19 208 80 369 11 46 150 6140 80 199627 200449 60 1483 192 474 425 80 28 1819 104 31524 1179 1173862 -1 -1 0 0 0 0 8 8 9 6 7 6 2 4 4 2 0 0 0 0 0 0
"ddf795387c49d038" 48 70 297 1214 12 2505 14 200449 16520 42 425 80 199627 369 114 3292 80 216 30 3288 80 28 721 378 31435 1179 199627 369 127 28 4667 3528 80 229 74 7 19 5604 80 199627 184 658 232 15044 80 859 146 2455 1179 1173863 -1 -1 0 0 0 0 9 9 9 6 8 5 2 3 4 3 0 0 0 0 0 0
"c85c2c7824483a5f" 48 1334 1138 527 19 460 28 246 245 1342 80 199627 90 200456 80 1024 80 200449 4 127 14 53 6881 1179 199627 30477 80 25692 80 184 6 3589 208014 21082 80 199627 184 11 1895 49 30 490 80 531 90 120 60 1207 1179 1173864 -1 -1 0 0 0 0 8 8 9 6 7 4 2 4 4 3 0 0 0 0 0 0
"405c9bdee7e2c7f0" 47 184 7332 72 103 5986 80 49 271 22526 80 199627 297 1829 25215 290 80 15786 19 212 451 1179 199627 249 184 229 590 120 208 80 184 590 3055 80 199627 90 184 80 566 590 629 24 80 229 74 234912 24 1179 1173865 -1 -1 0 0 0 0 9 8 7 7 6 6 2 6 4 5 0 0 0 0 0 0
"db7adc9a1494bfb6" 50 184 566 13198 80 255 83 30 656 80 199627 340 27774 2505 49 770 80 330 153 859 4526 1179 199627 120 770 1183 4 559 60 558 20 80 859 453 30 2568 80 199627 90 257 80 859 1643 271 29 9382 80 146 590 942 1179 1173866 -1 -1 0 0 0 0 8 9 8 7 7 6 3 5 6 4 0 0 0 0 0 0
"9c0d24ef39897610" 22 369 232 60 2795 80 28 63 32 4300 80 199627 229 74 1428 36 14 19 13224 768 2143 386 1179 1173867 -1 -1 0 0 0 0 8 8 9 5 7 5 2 3 4 3 0 0 0 0 0 0
"896a9e3e1d832a2e" 25 369 127 154 82 64 44 80 146 12970 80 199627 291 80 369 127 154 81104 80 369 229 563 10704 28 4942 1179 1173868 -1 -1 0 0 0 0 8 9 9 6 6 4 2 3 4 3 0 0 0 0 0 0
"53a212379ae24789" 22 28 235162 3528 425 80 16520 11 2348 1183 80 199627 559 60 558 20 80 537 184 70 1267 920 1179 1173869 -1 -1 0 0 0 0 8 8 8 6 6 4 2 3 5 3 0 0 0 0 0 0
"f96b15feabcf2f01" 20 297 25215 290 277 19 212 271 5986 80 199627 249 184 1082 60 406 102 235163 1782 1741 1179 1173870 -1 -1 0 0 0 0 9 8 7 8 6 5 2 6 4 5 0 0 0 0 0 0
"714745b4fd85d391" 25 369 216 30 2127 80 5947 89 19 28 6905 80 199627 5843 60 42 80 5843 60 76 80 590 3582 30 1183 1179 1173871 -1 -1 0 0 0 0 7 9 9 8 8 5 5 3 7 3 0 0 0 0 0 0
"5a5cdac7521f9060" 21 4 153 4 127 60 80 33854 24060 80 232 60 10013 80 199627 229 637 590 638 4 24 1179 1173872 -1 -1 0 0 0 0 8 6 7 8 8 7 5 2 6 4 0 0 0 0 0 0
"c37ba73bdb84ec08" 24 4 153 184 127 60 80 77 2937 80 5388 1784 80 199627 229 74 5864 80 4 153 184 235164 19 4488 1179 1173873 -1 -1 0 0 0 0 8 7 9 9 8 6 5 2 3 4 0 0 0 0 0 0
"79860f5d24c18e86" 35 369 32 2975 90 1588 80 146 707 51 7570 80 199627 28 234833 83 30 224 80 249 743 71 2967 80 199627 25790 2934 42 76 28 4623 80 71 1183 4179 1179 1173874 -1 -1 0 0 0 0 7 8 8 7 7 9 7 7 3 5 0 0 0 0 0 0
"b0331d5a8343660e" 22 28 63 32 1138 80 330 146 629 89 80 199627 229 74 206 36 6763 80 192 232 154 6341 1179 1173875 -1 -1 0 0 0 0 5 7 6 5 6 7 3 3 2 6 0 0 0 0 0 0
"18746f4955e43b83" 34 5649 8599 83 28 440 80 1267 453 60 2274 80 199627 5174 83 3587 80 369 127 51 36720 19 55 80 199627 369 146 707 51 7570 80 369 11 13492 1179 1173876 -1 -1 0 0 0 0 7 6 8 7 8 9 6 3 3 4 0 0 0 0 0 0
"79b1b61882a6a24b" 26 7438 83 150 2091 19 27142 80 184 15399 70 1237 80 199627 229 74 5430 178 60 80 77 2937 550 590 20 3484 1179 1173877 -1 -1 0 0 0 0 8 7 9 9 7 8 4 2 2 3 0 0 0 0 0 0
"ad03b89cb1e8c100" 20 234968 25152 80 60 1483 192 474 425 80 199627 352 185 352 251 14 80 16520 102 235165 1179 1173878 -1 -1 0 0 0 0 9 9 7 9 7 6 5 4 8 6 0 0 0 0 0 0
"2b09ca1252be1d2e" 22 34831 14172 10974 80 4 153 4 127 60 492 80 199627 3528 90 3336 80 74 7 19 20 18 1179 1173879 -1 -1 0 0 0 0 8 6 7 7 7 8 3 2 9 2 0 0 0 0 0 0
"0d0992c5144a6b40" 39 369 7 51 741 369 114 8191 3235 49 80 199627 11 102 456 184 14845 292 49 30 39730 80 199627 249 70 4 4180 71 25790 2934 456 4 630 28 3489 80 3571 30 235088 1179 1173880 -1 -1 0 0 0 0 8 7 8 8 8 7 7 8 3 5 0 0 0 0 0 0
"654b20d65394ee02" 23 352 136 910 11 102 807 14661 80 199627 249 369 6 7570 60 200449 551 4660 511 1214 83 28 139 1179 1173881 -1 -1 0 0 0 0 8 6 7 7 6 5 5 2 3 5 0 0 0 0 0 0
"2964640ec39140df" 24 330 2348 10137 770 89 80 249 184 2995 9583 80 199627 330 2348 707 271 1663 249 184 22 120 60 20 1179 1173882 -1 -1 0 0 0 0 9 9 8 7 8 6 5 4 9 7 0 0 0 0 0 0
"c104a2140a6a96ae" 18 229 74 7 36 8089 80 199627 33 4931 104 44 30 1597 80 120 60 105 1179 1173883 -1 -1 0 0 0 0 7 8 6 7 6 6 4 7 8 6 0 0 0 0 0 0
"5dc8cfa85abd0eab" 24 6 1678 150 962 80 6 20 4760 80 199627 185 60 76 2283 80 798 11 2131 51 305 80 6840 6840 1179 1173884 -1 -1 0 0 0 0 8 7 7 8 6 6 6 7 4 6 0 0 0 0 0 0
"b73a8655a41461b4" 25 1267 120 208 77 43 391 80 185 108 80 199627 200450 1269 1749 19 103 1394 1307 80 74 576 24 80 3559 1179 1173885 -1 -1 0 0 0 0 8 7 8 8 7 5 5 3 3 6 0 0 0 0 0 0
"dbd5d58e70af3d01" 24 245 1493 4688 80 245 1493 2971 80 199627 249 14 199372 369 1493 521 80 537 369 492 60 80 70 1745 1179 1173886 -1 -1 0 0 0 0 7 8 9 9 8 7 4 4 5 4 0 0 0 0 0 0
"439123267afc1b44" 30 127 297 5269 102 53152 80 166 520 80 199627 25790 234961 83 30 1307 80 249 43 404 369 11 119 199372 550 51 33146 80 166 7915 1179 1173887 -1 -1 0 0 0 0 8 7 7 5 6 8 5 3 4 3 0 0 0 0 0 0
"24d0741421533c6e" 26 199375 460 60 28 70 80 1057 19 30 55234 80 199627 90 158 369 1310 973 80 199373 928 76 80 1267 10392 44 1179 1173888 -1 -1 0 0 0 0 9 9 8 6 7 6 4 3 5 4 0 0 0 0 0 0
"0d84f3f082ebf000" 27 49 788 2651 80 788 10732 80 16520 30 1180 23182 80 199627 90 369 215 7499 83 150 4580 80 13 4 1986 80 15469 1179 1173889 -1 -1 0 0 0 0 6 6 9 8 7 8 8 3 4 4 0 0 0 0 0 0
"4b4d3652d154d4ec" 29 44 103 20612 39 80 74 7 36 10876 80 199627 11 855 60 102 4 1473 60 80 2241 3250 80 1334 5178 44 271 29 1325 1179 1173890 -1 -1 0 0 0 0 6 5 7 6 6 7 8 6 5 7 0 0 0 0 0 0
"643fef0a4eebc46c" 22 200450 1782 76 30 4180 80 481 83 271 8830 80 199627 509 184 212 451 30 1778 80 3172 37834 1179 1173891 -1 -1 0 0 0 0 7 6 8 8 7 7 5 5 6 4 0 0 0 0 0 0
"9a61bb11cbc41ce2" 27 184 408 30 1877 80 184 283 14306 80 32 3553 80 199627 249 184 229 18 77 2284 80 232 14845 709 1741 80 234918 1179 1173892 -1 -1 0 0 0 0 8 7 8 7 8 7 4 4 6 4 0 0 0 0 0 0
"8a4414d0bf6f5d25" 29 16520 2669 12976 80 369 106 60 44 28 8475 80 199627 43 104 70 103 178 199372 16520 1590 83 770 425 80 630 30 39 172 1179 1173893 -1 -1 0 0 0 0 8 8 7 6 7 6 4 3 6 4 0 0 0 0 0 0
"872a3e03adc5141d" 30 278 30 1841 80 70 154 2602 80 369 120 60 208 80 199627 369 11 251 4 19 153 80 192 369 1267 1057 60 42 90 4523 1179 1173894 -1 -1 0 0 0 0 7 8 7 7 7 6 5 2 6 3 0 0 0 0 0 0
"060963d65200ce9c" 32 70 103 3002 80 369 32 10027 80 127 154 1209 80 199627 249 456 550 11 4 90 14 80 74 7 36 1320 80 1024 80 200450 11 5004 1179 1173895 -1 -1 0 0 0 0 6 7 8 8 7 7 8 4 5 3 0 0 0 0 0 0
"aa9f6169c0a32c3a" 29 184 996 17265 2284 80 146 1310 2201 453 60 144 80 199627 249 184 11721 44 1231 1232 80 90 184 8923 192 790 1133 30 3420 1179 1173896 -1 -1 0 0 0 0 9 8 7 9 8 8 5 3 7 7 0 0 0 0 0 0
"8b9df9131f1bdce8" 23 184 22659 30 24058 80 271 1749 391 5695 790 80 199627 44 30 176 80 859 20 6174 102 51 2203 1179 1173897 -1 -1 0 0 0 0 8 7 8 7 7 6 4 2 7 6 0 0 0 0 0 0
"65a39d90e8ce6ce7" 22 859 436 709 1741 80 146 590 4701 80 199627 271 1663 566 33 80 859 146 46 43 1334 394 1179 1173898 -1 -1 0 0 0 0 8 9 7 7 7 6 4 3 5 5 0 0 0 0 0 0
"17461e1523551057" 25 8580 70 408 28 1793 80 199627 158 443 369 56 96 154 61 408 28 4486 80 199627 550 102 243 3917 3376 1179 1173899 -1 -1 0 0 0 0 5 4 5 7 4 4 5 8 9 6 0 0 0 0 0 0
"e482f5064acaa646" 24 16520 64 144 30 2344 80 74 7 36 3355 80 199627 90 70 369 13 104 297 24890 6174 80 1733 2229 1179 1173900 -1 -1 0 0 0 0 6 5 7 6 6 3 4 3 6 5 0 0 0 0 0 0
"d3a7b277c7b0d37e" 27 44 30 176 184 70 35 19 271 6273 80 199627 8917 49 51 11027 1979 32775 80 249 184 808 457 271 5228 49 4937 1179 1173901 -1 -1 0 0 0 0 9 8 8 6 9 6 4 8 5 7 0 0 0 0 0 0
"b1e006a876dfeacb" 22 16520 763 28 70 80 74 206 36 1373 80 199627 11 1183 14 245 8057 80 344 70 369 7 1179 1173902 -1 -1 0 0 0 0 8 9 8 9 7 8 3 8 4 9 0 0 0 0 0 0
"fcafc573d9d93ca6" 33 184 251 27508 80 6808 19 30 3872 80 199627 184 280 1138 80 6921 42 19 30 16124 80 199627 200449 184 114 255 283 30 1238 158 184 232 10027 1179 1173903 -1 -1 0 0 0 0 7 9 8 7 8 9 1 3 5 5 0 0 0 0 0 0
"1992622ed12a16a3" 32 2539 80 550 6174 70 406 770 80 199627 1024 173 192 2601 80 6 7 74 17768 80 199627 158 369 56 96 4 80 199373 1183 4 33 61 1179 1173904 -1 -1 0 0 0 0 8 7 9 7 6 9 5 4 9 7 0 0 0 0 0 0
"d04780306c77f932" 37 424 80 1226 80 550 206 36 770 19 2995 80 199627 1871 3251 603 80 330 6 153 518 330 6124 80 199627 330 70 153 28 5432 80 550 206 19 5084 30 4132 1179 1173905 -1 -1 0 0 0 0 6 8 7 8 6 5 5 7 5 7 0 0 0 0 0 0
"2b025cb66c8b9af3" 40 1024 173 192 2601 80 102 279 199374 360 80 199627 249 1334 2139 44 51 11027 1979 32775 80 550 32377 80 199627 199375 61 4 102 28 4486 80 1274 90 255 80 563 44 103 3025 1179 1173906 -1 -1 0 0 0 0 9 8 8 6 9 9 5 8 8 7 0 0 0 0 0 0
"be5ef5fb449fd628" 22 1871 3251 603 80 330 6 153 518 330 13 80 199627 102 3259 1733 2229 80 6177 44 30 22145 1179 1173907 -1 -1 0 0 0 0 6 7 8 6 6 7 8 6 3 5 0 0 0 0 0 0
"5aef8dac24c0ed6c" 31 158 369 56 96 60 28 139 80 199373 1057 275 49 74 6400 80 199627 249 344 386 798 208 192 823 80 200449 1767 2348 630 79 7536 1179 1173908 -1 -1 0 0 0 0 8 7 7 6 7 6 4 7 4 6 0 0 0 0 0 0
"3996519f28fa9f48" 26 199375 61 4 102 28 4486 80 49 74 8089 80 199627 90 456 403 283 9247 80 859 2995 1138 102 30 16124 10979 1179 1173909 -1 -1 0 0 0 0 8 8 7 6 8 7 5 6 9 8 0 0 0 0 0 0
"794728316d4965ee" 42 1418 27690 80 74 206 36 1081 768 4743 80 199627 1183 14 245 8057 80 200450 1057 36 287 80 17 2628 80 199627 352 1165 72 382 19130 80 859 453 30 526 77 103 275 80 74 4743 1179 1173910 -1 -1 0 0 0 0 8 8 7 8 7 6 5 7 4 8 0 0 0 0 0 0
"81abaf08e82d8601" 22 3259 1733 2229 80 15270 44 30 2203 80 199627 330 70 153 28 5432 80 199375 2919 36 66 474 1179 1173911 -1 -1 0 0 0 0 6 7 8 6 6 7 8 6 3 5 0 0 0 0 0 0
"0ad2bace3207b7c8" 35 798 20 1617 823 80 74 8723 768 3428 80 199627 1183 14 245 8057 80 16520 11 2659 103 706 80 199627 330 70 153 28 5432 80 229 74 7 36 4275 1179 1173912 -1 -1 0 0 0 0 6 8 7 7 6 6 4 6 3 6 0 0 0 0 0 0
"bde3c145452f8595" 25 352 1165 72 382 19130 80 425 807 231 6438 80 199627 1183 14 245 8057 80 2358 6 3598 14 25 28 3041 1179 1173913 -1 -1 0 0 0 0 7 7 7 7 6 5 4 7 4 7 0 0 0 0 0 0
"3bb9d9db20b3ee0d" 26 369 153 369 114 96 30 1172 53 28 57487 90 293 80 199627 330 70 153 28 5432 80 747 19 212 30 35 1179 1173914 -1 -1 0 0 0 0 7 8 7 6 7 6 4 5 6 6 0 0 0 0 0 0
"f826ac92cd2068e8" 22 150 1818 330 1368 327 80 630 14 231 1899 90 3696 80 199627 104 103 30 1022 475 1334 408 199372 1173915 -1 -1 0 0 0 0 7 7 6 9 6 4 3 8 3 8 0 0 0 0 0 0
"c8d86141969bedfc" 35 352 492 51 5294 80 425 807 8936 36 709 972 80 199627 386 166 184 460 61 11 161 511 5428 80 199627 558 369 119 107 37519 768 11 120 60 3617 199372 1173916 -1 -1 0 0 0 0 8 8 8 7 8 8 5 3 6 4 0 0 0 0 0 0
"39b541915af84826" 30 369 146 12 35 80 255 548 549 80 199627 741 1015 14 559 4 232 154 3012 5746 80 199627 102 51 3412 4156 80 3274 90 691 1179 1173917 -1 -1 0 0 0 0 7 8 9 6 8 7 6 4 4 3 0 0 0 0 0 0
"ef10d0bf113e02c1" 38 158 184 212 51 2934 76 80 630 103 1778 804 80 199627 4309 80 4 1786 4355 80 369 13 144 150 6398 80 199627 60 263 192 823 1112 80 1267 32 83 30 782 1179 1173918 -1 -1 0 0 0 0 7 9 8 7 8 7 6 4 4 3 0 0 0 0 0 0
"fcfaad94eec1b878" 35 62074 80 352 127 14 231 192 1460 83 80 199627 90 30 234905 909 192 108 369 166 3651 199627 60 47628 14 42 80 28 246 90 1819 166 250 249 3761 1179 1173919 -1 -1 0 0 0 0 8 9 9 5 7 6 9 4 3 3 0 0 0 0 0 0
"3df6dc5b4646c502" 23 860 146 153 43 184 56 96 68 80 199627 4 229 1030 70 154 80 200450 481 103 19 243 176 1179 1173920 -1 -1 0 0 0 0 8 8 7 8 8 7 4 3 5 4 0 0 0 0 0 0
"0e98e5bfd459ce8d" 32 70 4 1317 290 7 19 656 2034 80 199627 283 76 30 139 80 120 14 212 103 1895 80 199627 119 318 80 119 318 80 200450 6044 761 1179 1173921 -1 -1 0 0 0 0 7 8 8 7 7 7 5 2 4 3 0 0 0 0 0 0
"d5585cfc395743c7" 37 4 293 154 2091 150 29 80 915 632 234889 80 199627 14845 297 811 80 229 74 248 44 234889 80 199627 43 30 2505 4 19811 42 80 127 14 192 510 90 21548 1179 1173922 -1 -1 0 0 0 0 8 9 9 7 7 7 8 2 4 3 0 0 0 0 0 0
"9d726d017a0c6489" 41 184 22 96 4 80 255 277 19 1525 770 89 80 199627 114 184 255 20 103 606 80 6 251 4 763 770 51 6341 80 199627 185 154 330 89 80 249 369 153 966 11 4191 1179 1173923 -1 -1 0 0 0 0 7 8 8 7 7 7 6 3 5 6 0 0 0 0 0 0
"c290792d1dc4229f" 28 425 184 114 119 43 184 12 80 1057 44 271 139 80 199627 119 743 153 43 60 20 102 80 19 707 544 90 11456 199372 1173924 -1 -1 0 0 0 0 8 8 7 8 8 7 4 3 5 3 0 0 0 0 0 0
"cb3bbb10cda554b0" 20 30 1047 77 30 39 9160 89 80 199627 249 297 7389 4522 7515 80 1409 849 30 6341 1179 1173925 -1 -1 0 0 0 0 6 7 7 8 6 6 6 6 7 7 0 0 0 0 0 0
"d3513d0d9a925b0b" 21 369 6 7 19 2118 80 5943 808 629 80 199627 235166 28 788 656 80 330 166 32 3696 1179 1173926 -1 -1 0 0 0 0 6 8 7 7 6 6 6 6 6 6 0 0 0 0 0 0
"6991210928b9a771" 25 49 28 3913 44 1741 80 369 6075 36 8325 80 199627 10683 65092 65093 80 1564 36 51 2601 3869 19 293 1745 1179 1173927 -1 -1 0 0 0 0 8 8 7 7 7 9 4 4 8 7 0 0 0 0 0 0
"658a2ee08ba34aa9" 16 184 255 747 36 1750 199627 206 6744 2988 42 749 80 229 74 235083 1179 1173928 -1 -1 0 0 0 0 7 8 7 7 7 6 5 6 5 5 0 0 0 0 0 0
"5d5ba70709f9ebc2" 22 49 62074 25 28 319 80 369 127 74 1542 80 199627 4994 104 5119 80 184 235167 42 297 874 1179 1173929 -1 -1 0 0 0 0 8 8 8 6 7 7 4 4 7 6 0 0 0 0 0 0
"73f6b39e512dbbc2" 21 330 6 153 150 33 1763 80 14845 811 80 199627 15341 3495 163 90 474 80 550 51 3428 1179 1173930 -1 -1 0 0 0 0 8 8 7 7 7 6 4 2 5 5 0 0 0 0 0 0
"a4a51606ff0df2d9" 22 4 229 563 12928 80 1043 44 150 29 39 80 199627 7101 12329 80 200450 212 51 2934 80 915 1179 1173931 -1 -1 0 0 0 0 5 7 6 6 6 6 6 4 4 2 0 0 0 0 0 0
"6324ac590b1db364" 26 14 90 28 721 80 184 3464 257 80 74 1539 30 1772 80 199627 14845 30 8769 80 234981 271 29 37300 21845 1610 1179 1173932 -1 -1 0 0 0 0 9 7 8 6 7 8 5 7 4 5 0 0 0 0 0 0
"c86e541822e34838" 24 199375 146 6560 80 563 44 30 9186 2919 80 199627 150 1818 166 651 14 80 369 153 16520 15785 66 474 1179 1173933 -1 -1 0 0 0 0 8 6 7 5 7 8 4 3 3 2 0 0 0 0 0 0
"e5ffc1885cc3a8b6" 25 4 51 2601 3869 80 249 17185 44 14 835 80 199627 158 4 46 150 246 80 860 27 30 47 154 6844 1179 1173934 -1 -1 0 0 0 0 7 8 7 6 7 8 4 4 8 4 0 0 0 0 0 0
"5b8b30f72aebbeb1" 23 4 166 232 150 6824 80 550 70 451 30 1022 80 199627 425 4 13 30 8456 44 154 4258 4932 1179 1173935 -1 -1 0 0 0 0 6 6 5 6 6 7 4 5 3 3 0 0 0 0 0 0
"11dce970ed38ad8f" 29 369 166 632 603 408 235166 80 550 11 559 60 573 80 199627 70 154 369 251 104 1342 80 249 550 51 39 911 77 33765 1179 1173936 -1 -1 0 0 0 0 7 8 7 6 7 8 7 7 6 7 0 0 0 0 0 0
"f279039fac9cf704" 25 89825 83 28 4285 80 249 369 232 60 923 80 199627 425 42693 127 297 499 1981 80 90 369 6 12 5038 1179 1173937 -1 -1 0 0 0 0 6 7 6 7 6 7 6 5 4 3 0 0 0 0 0 0
"d01c9d64f735f928" 31 4 378 146 153 43 23971 68 80 199627 103 104 30 1022 184 601 68 80 199627 558 369 119 107 102 154 80 768 11 120 60 176 199372 1173938 -1 -1 0 0 0 0 8 8 7 6 7 5 4 5 8 4 0 0 0 0 0 0
"304bb96894d0e421" 29 4570 127 14 25738 83 28 2354 80 199627 2601 3869 80 150 3032 102 51 5165 80 199627 90 154 2268 80 2539 550 11 192 108 1179 1173939 -1 -1 0 0 0 0 6 8 7 7 6 6 9 3 3 4 0 0 0 0 0 0
"ccd70baf2bb316e4" 30 4309 80 4 5960 102 51 6897 80 199627 249 386 166 184 460 61 161 511 152 80 199627 330 70 590 46 770 80 859 20 2370 1179 1173940 -1 -1 0 0 0 0 8 7 8 7 7 7 5 6 5 4 0 0 0 0 0 0
"289e6626b64eb203" 36 390 4 29 154 2091 80 249 4 6 153 80 199627 4 460 14 51 1557 70783 80 166 120 208 80 199627 909 53 4 80 915 80 369 106 28 246 4523 1179 1173941 -1 -1 0 0 0 0 7 8 7 6 7 7 8 4 6 4 0 0 0 0 0 0
"de752db61fa36720" 31 741 80 1015 14 559 4 127 154 5746 80 199627 90 70 297 235010 1238 11 166 7357 80 199627 330 185 330 89 80 249 330 229 34135 1179 1173942 -1 -1 0 0 0 0 6 7 6 7 6 7 5 6 4 4 0 0 0 0 0 0
"d92d302bd48ad397" 36 44 154 11546 4667 80 11 51 1351 2098 80 199627 249 456 16520 49 4 80 1483 102 199374 127 5184 80 199627 114 184 255 20 103 606 80 146 120 60 428 199372 1173943 -1 -1 0 0 0 0 8 7 7 7 7 6 5 5 6 5 0 0 0 0 0 0
"3454eb725466fe6a" 24 119 318 12 212 60 19 30 160 6876 80 199627 606 30 2344 80 481 770 44 1825 1614 80 184 4456 1179 1173944 -1 -1 0 0 0 0 7 6 7 6 6 6 7 4 4 3 0 0 0 0 0 0
"f149d43ef32db266" 23 43 30 2505 4 19811 42 80 550 280 2144 44 749 80 199627 1156 4519 80 166 120 154 748 14024 1179 1173945 -1 -1 0 0 0 0 6 8 6 7 6 6 5 7 4 4 0 0 0 0 0 0
"38686d60eb0fba52" 25 425 184 114 119 43 184 12 80 74 7 19 1678 80 199627 90 70 30 7389 11 1100 192 396 7515 415 1179 1173946 -1 -1 0 0 0 0 8 9 7 8 9 6 7 3 8 5 0 0 0 0 0 0
"ec75af5baf565ec5" 32 70 297 4180 2348 1320 83 34007 80 199627 13 88 44 30 4258 80 11909 36 30 1342 80 199627 70 103 4159 80 127 14 21647 25 30 21854 1179 1173947 -1 -1 0 0 0 0 7 6 7 6 6 8 5 7 5 7 0 0 0 0 0 0
"de2838d58ab8336e" 35 4 707 150 990 80 630 60 70 451 103 1022 80 199627 249 173 51 2601 3869 80 369 166 8698 80 199627 60 263 192 823 1112 80 227 44 103 2469 1179 1173948 -1 -1 0 0 0 0 9 8 8 7 6 5 6 4 7 3 0 0 0 0 0 0
"e8b1b2b61f21c0dd" 34 231 107 102 65092 65093 80 550 33 80 199627 150 1818 127 14 1138 80 166 120 208 77 4 80 199627 184 22 96 4 80 915 80 859 453 119 1179 1173949 -1 -1 0 0 0 0 8 7 7 8 9 8 6 2 6 6 0 0 0 0 0 0
"87915d45691ffae6" 33 62074 80 386 4 1267 20 192 1330 7547 80 199627 860 146 153 43 184 56 96 68 80 199627 249 859 232 3470 44 30 876 80 102 3412 3397 1179 1173950 -1 -1 0 0 0 0 7 6 5 6 7 7 6 6 4 7 0 0 0 0 0 0
"041e0cd0627b8ee5" 25 330 185 154 330 89 80 558 369 119 107 102 154 199372 199627 249 330 229 9912 14 80 11 576 14 24 1179 1173951 -1 -1 0 0 0 0 6 6 6 5 6 7 5 5 6 4 0 0 0 0 0 0
"06fc769e3ef92740" 36 369 20 17132 408 154 4570 83 28 1784 2259 2354 80 199627 90 70 30 1172 20 909 192 108 102 11298 80 199627 330 590 46 2530 369 6140 80 344 36 561 1179 1173952 -1 -1 0 0 0 0 9 8 8 8 9 5 6 3 6 7 0 0 0 0 0 0
"4033082ee73cb060" 21 184 70 12122 42 80 747 36 30 1749 80 199627 4309 4 51 6897 80 184 229 590 19096 1179 1173953 -1 -1 0 0 0 0 8 9 8 7 8 6 7 8 5 8 0 0 0 0 0 0
"92997d6e35950f41" 23 70 154 369 251 104 4 474 749 49 14 80 199627 509 206 6744 4296 42 44 297 3443 80 544 1179 1173954 -1 -1 0 0 0 0 9 8 7 8 9 6 7 5 8 6 0 0 0 0 0 0
"5d60307a235e88a8" 22 859 146 35 80 859 32 1718 583 80 199627 119 743 153 43 60 20 102 19 3558 60 70 199372 1173955 -1 -1 0 0 0 0 10 9 9 9 9 8 7 6 7 6 0 0 0 0 0 0
"347835897983e227" 24 40329 103 915 866 28 7521 80 807 28 1895 768 222 80 199627 127 28 1180 83 15728 80 120 60 22968 1179 1173956 -1 -1 0 0 0 0 9 7 8 7 6 8 6 5 9 7 0 0 0 0 0 0
"41727ddef4ce6e02" 25 2241 3037 80 107 178 4 127 14 231 192 1138 80 199627 42 549 70 297 18467 80 1334 8986 19 30 1121 1179 1173957 -1 -1 0 0 0 0 7 9 8 7 7 8 7 5 7 6 0 0 0 0 0 0
"6c4a88cf95e06e09" 26 344 70 154 369 7 80 150 3032 70 369 6126 80 199627 4 12 20 51 5888 505 80 249 369 229 74 6897 1179 1173958 -1 -1 0 0 0 0 8 7 6 7 6 6 8 5 9 7 0 0 0 0 0 0
"6acccf04e3c33924" 26 369 6233 48671 2743 19 30 1121 80 1866 271 3458 62073 80 199627 28 1191 146 391 406 80 249 144958 23 14 89 1179 1173959 -1 -1 0 0 0 0 9 8 9 9 8 6 7 4 6 5 0 0 0 0 0 0
"1601a99e039429de" 22 1267 401 42 80 1459 38149 36 103 3352 80 199627 352 1467 14 30 139 80 425 199374 127 10215 1179 1173960 -1 -1 0 0 0 0 7 6 6 7 8 7 6 9 4 9 0 0 0 0 0 0
"04213bc40a62a267" 37 212 14 19 30 6658 80 475 30 235105 11 6650 80 199627 600 2135 388 249 369 229 234861 80 232 15344 80 199627 4 251 3642 199372 212 28 1741 80 859 232 15045 1179 1173961 -1 -1 0 0 0 0 7 9 9 8 6 8 5 6 8 5 0 0 0 0 0 0
"a9eb75843e2c4408" 24 158 443 58 80 369 56 638 4 6392 80 199627 249 70 369 106 425 104 103 783 3397 44 30 1237 1179 1173962 -1 -1 0 0 0 0 6 7 6 5 6 5 6 4 7 3 0 0 0 0 0 0
"e537f7cd5e0a5bb6" 49 150 3108 104 13577 80 550 70 154 369 13 80 199627 279 1499 112 1109 80 11 4 160 19 14 80 199627 229 74 161 590 629 223 4 80 28 55239 80 199627 173 28 541 80 481 74 161 549 4 44 103 39 1179 1173963 -1 -1 0 0 0 0 8 9 9 7 8 6 6 5 9 4 0 0 0 0 0 0
"93a577e8de978fff" 22 4 1267 96 30 3368 19 638 83 6392 80 199627 200449 1334 511 513 11 410 80 859 4522 790 1179 1173964 -1 -1 0 0 0 0 7 8 7 7 6 7 4 4 7 4 0 0 0 0 0 0
"1c9f9aa72fd6fe4f" 22 4 153 4 739 14 80 6 436 10111 80 199627 90 232 154 476 2752 653 80 18039 56771 50006 1179 1173965 -1 -1 0 0 0 0 6 7 7 6 5 7 8 4 4 3 0 0 0 0 0 0
"c62fa68e346d053c" 22 11 1525 14 154 5730 56724 4010 80 199627 127 30 524 77 5920 83 28 3752 80 229 74 307 1179 1173966 -1 -1 0 0 0 0 5 6 7 6 6 6 4 5 4 2 0 0 0 0 0 0
"8a98611c9c0d8a2c" 26 330 185 848 229 74 2568 44 103 706 184 436 80 199627 192 212 14 19 30 6658 80 859 453 271 29 139 1179 1173967 -1 -1 0 0 0 0 6 6 7 8 5 7 5 4 7 4 0 0 0 0 0 0
"0b43a8a1e170a572" 22 475 369 629 408 80 318 1267 20 3274 90 9247 80 199627 1267 1183 8323 80 1267 20 4055 527 1179 1173968 -1 -1 0 0 0 0 8 7 6 6 7 5 4 6 6 7 0 0 0 0 0 0
"54c40cadfb9ccb84" 26 369 106 102 51 4044 456 369 216 42 30 10388 80 199627 199375 1629 150 4071 2091 83 56771 80 28 1895 768 222 1179 1173969 -1 -1 0 0 0 0 6 8 7 6 4 7 8 4 4 3 0 0 0 0 0 0
"f0ff03f599d20057" 31 537 80 28 1191 146 391 406 456 369 892 88 526 80 199627 249 144 5746 90 5745 80 4 68 511 513 51 2593 80 11439 19 11439 1179 1173970 -1 -1 0 0 0 0 8 9 7 6 7 6 4 3 6 5 0 0 0 0 0 0
"0c2fe805a0343949" 28 1112 60 1483 102 174 396 61 80 6096 76 44 4932 80 199627 249 58 369 13 150 1743 3158 3755 80 550 70 44 1022 1179 1173971 -1 -1 0 0 0 0 6 6 7 7 6 6 5 4 9 5 0 0 0 0 0 0
"8df087230daaeb9b" 28 4 12 20 51 364 5888 5218 80 2348 453 14 228 80 199627 249 150 61 80 344 30 443 1146 154 24846 14 44 13412 1179 1173972 -1 -1 0 0 0 0 7 7 6 5 5 7 6 4 5 3 0 0 0 0 0 0
"6d48ac9ee6a77535" 26 199375 20 40329 51 915 44 30 7521 80 9247 509 6907 80 199627 42 549 80 18467 21890 80 249 184 443 13 22212 1179 1173973 -1 -1 0 0 0 0 6 6 5 7 5 4 4 5 5 8 0 0 0 0 0 0
"25e6d4adac1a53e2" 34 369 68 5056 36 30 1841 1093 3265 80 2135 2945 51 31363 80 199627 842 102 51 45277 80 600 2135 388 80 2348 453 60 476 80 74 206 19 390 1179 1173974 -1 -1 0 0 0 0 5 5 4 6 4 4 4 4 4 6 0 0 0 0 0 0
"529e8dcf24feb5f2" 30 158 369 390 174 396 369 215 11 208 3273 80 199627 127 243 23798 14061 305 80 747 19 10346 997 37096 30 4180 518 2348 436 14 1179 1173975 -1 -1 0 0 0 0 7 6 4 5 4 4 4 6 4 6 0 0 0 0 0 0
"92874eb1ed1500a2" 23 70 369 7 104 51 10270 80 2651 80 90 10732 80 199627 90 144958 25 28 319 80 859 3558 206 1179 1173976 -1 -1 0 0 0 0 8 7 9 6 7 8 4 2 3 2 0 0 0 0 0 0
"9149ce88def6685d" 27 330 293 770 51 161 216 2143 80 249 184 808 1028 80 199627 44 770 80 271 3835 80 271 1180 80 859 146 630 1179 1173977 -1 -1 0 0 0 0 7 7 6 7 8 8 3 3 2 6 0 0 0 0 0 0
"bd1e1aa12fa055c6" 27 44 51 39 2214 49 5430 80 184 808 1028 44 271 908 80 199627 90 150 1743 3158 3755 80 550 30 2203 154 22274 1179 1173978 -1 -1 0 0 0 0 8 8 6 7 9 8 5 2 4 5 0 0 0 0 0 0
"214071398902524e" 22 44 103 3273 275 80 1334 11 227 788 621 80 199627 5012 36 51 71 2628 80 158 443 58 1179 1173979 -1 -1 0 0 0 0 7 7 6 8 7 6 3 4 3 5 0 0 0 0 0 0
"1aa254508b03b4f2" 22 28 14674 929 299 848 80 344 51 6183 80 199627 249 4 6 7 51 4274 80 344 11 70594 1179 1173980 -1 -1 0 0 0 0 8 6 6 7 7 7 4 4 3 2 0 0 0 0 0 0
"19a5555ed486bae4" 22 1751 51 8894 77 56724 80 200450 21667 80 199627 200449 44 103 1605 80 279 1499 1109 44 271 4047 1179 1173981 -1 -1 0 0 0 0 7 8 9 8 7 3 2 2 2 2 0 0 0 0 0 0
"1737899563b938d0" 28 150 3108 127 14 231 102 16520 44 51 7936 80 199627 249 6 20 9302 158 4 2967 866 28 359 80 16520 749 19 32 1179 1173982 -1 -1 0 0 0 0 9 7 6 8 6 6 5 4 2 3 0 0 0 0 0 0
"09a6dfb53b77498c" 23 2241 3037 80 1024 4 127 14 231 474 80 199627 279 90 74 161 2287 549 4 80 621 768 1237 1179 1173983 -1 -1 0 0 0 0 8 8 7 8 5 7 6 4 3 3 0 0 0 0 0 0
"040ff52f41e74089" 24 549 770 80 54 18467 330 11 21890 80 199627 90 330 293 14 51 161 216 2143 80 249 344 11 4828 1179 1173984 -1 -1 0 0 0 0 7 6 5 7 6 7 3 3 2 4 0 0 0 0 0 0
"8be482b57c58fb9e" 26 24 58 80 369 391 51 7702 129 80 74 5430 80 199627 425 369 1267 283 24 44 1840 80 551 74 2253 3161 1179 1173985 -1 -1 0 0 0 0 8 6 6 7 6 6 3 2 2 3 0 0 0 0 0 0
"f3b1373931d57f78" 23 967 80 1024 80 4 389 283 70 28 61 80 199627 6 967 19 30 4180 80 330 11 332 15140 1179 1173986 -1 -1 0 0 0 0 8 8 7 7 5 6 3 2 3 3 0 0 0 0 0 0
"92a472dc5ea9e13e" 21 16520 5351 89 28 82 80 7595 15533 80 199627 90 83 145262 80 352 255 127 28 11706 24 1179 1173987 -1 -1 0 0 0 0 6 6 6 6 7 5 3 3 2 2 0 0 0 0 0 0
"8a61754f730f7ad0" 24 526 891 4 114 855 849 408 80 550 33 80 199627 249 807 255 25 28 319 80 352 255 11120 33 1179 1173988 -1 -1 0 0 0 0 9 7 8 8 7 6 3 2 3 2 0 0 0 0 0 0
"cc878ae703c2bb62" 23 139 24 44 6116 51214 80 184 492 60 2237 80 199627 425 550 206 19 212 9878 90 3569 297 10094 1179 1173989 -1 -1 0 0 0 0 7 6 5 7 6 6 4 3 3 3 0 0 0 0 0 0
"b4a3e5ccdb9a6fd1" 35 16520 751 102 369 153 28 1022 80 16520 44 520 80 199627 26450 235168 30 646 80 4 216 14 102 51 152355 44 28 19293 80 4 127 14 83 30 553 1179 1173990 -1 -1 0 0 0 0 8 8 8 8 7 7 4 3 2 2 0 0 0 0 0 0
"efd75b9801e8ec28" 24 44447 44447 334 51 2259 8671 509 382 2593 80 199627 249 1015 14 80 276 590 1058 30 39 44 30 176 199372 1173991 -1 -1 0 0 0 0 5 5 6 8 6 6 2 9 4 8 0 0 0 0 0 0
"f3ffa3dbd7d490db" 30 1334 11 3723 51 953 80 229 74 476 2565 80 199627 4 166 1015 14 22819 711 80 16520 749 19 32 80 352 835 559 369 106 1179 1173992 -1 -1 0 0 0 0 7 8 7 6 5 4 2 2 6 4 0 0 0 0 0 0