313
419
1000
1117
1307
1676
1853
1985
1991
3226
3607
4215
4238
4757
5806
6108
7620
7641
7765
7996
8122
8126
9062
9228
9336
9821
10082
10533
10914
11013
11592
11878
12384
12810
12894
13754
15054
15725
15797
16548
18118
18249
19532
19705
19828
19966
20394
20432
20487
20731
21433
21547
21880
22435
23004
23227
23231
23495
23535
24050
24146
24312
24375
24785
24822
25821
27528
27539
27856
28050
28495
28526
28979
29411
29469
30660
30839
30954
31673
31946
32050
32131
32552
33234
33332
33991
34482
34846
35041
35618
36238
37117
37498
37512
37978
38107
38215
39332
39665
41143
41301
41826
41872
43201
43256
43506
43854
44565
44720
45149
45226
45231
45491
45564
45921
46403
46429
46836
48265
48303
48432
48449
48792
49107
49641
49649
50336
50524
50892
52822
53554
53562
54266
54872
54924
55106
55274
55433
55466
55579
55926
56959
57704
58253
58281
58501
58786
58923
59024
59025
59159
59218
59625
59883
59928
59959
60664
61100
61170
61457
62531
62593
62753
63344
63371
63804
63873
63930
64266
64891
64915
64977
65101
65201
65859
66723
66958
67005
67435
67808
68178
68565
68623
68992
70576
71277
71375
71720
71727
71855
72004
72069
72454
72975
73740
74879
76387
76693
77557
78713
78776
81632
82805
83429
84250
84587
85231
85793
85957
86713
86730
87304
87732
88089
89790
91269
91434
91485
91494
91507
91820
91854
92169
92181
92301
92313
92315
92516
92649
93595
93904
94032
94685
94704
95200
95400
95813
95842
96023
96317
96542
96793
96955
97211
97292
97945
98421
98433
98521
98880
99683
100763
100772
100952
101313
101387
101864
101910
101915
102473
103116
104409
104673
105085
105753
105919
106106
106283
106610
107273
107291
107353
107554
107757
107803
108022
108517
109765
109925
110739
110934
111569
112331
112645
112658
112854
112863
113858
113950
114116
114936
115030
115036
116042
117301
117316
117877
118305
118758
120060
120334
121149
124051
124198
124258
125491
126017
126767
127001
127285
127470
127984
128594
128830
129159
129315
130455
130943
131461
131720
132255
132727
133632
134068
134130
134616
135022
135086
135809
135963
136144
136207
136700
137464
137691
138022
138070
138087
138599
139134
139252
140237
140361
141208
141412
141555
141707
142023
142405
142601
143005
143678
143960
144223
144555
144876
145070
145173
145752
146472
146511
147379
147624
147960
148166
148687
148901
149074
149455
150398
150525
150670
150715
151335
151372
152443
152971
153925
154118
154374
156306
156726
156799
157840
158067
158228
159636
161147
162474
162484
162601
162866
162925
163759
163999
164880
167486
167496
168040
168112
168956
169103
169635
169725
170959
170961
170969
171001
171198
172217
172349
172517
172746
173134
174302
174770
174950
175075
177221
178905
179294
181463
182440
182539
182806
183555
183572
183932
184422
184563
184579
185551
186315
187149
187298
187844
188196
189000