211
690
746
2009
2162
2587
3406
3688
3763
3889
4031
4617
4679
4713
4834
4913
4980
5228
5274
5348
5862
5966
6711
6811
7169
7454
8140
8658
8894
8956
9254
9361
9472
9533
10559
10622
10642
10823
10920
11018
11635
11900
11940
11965
12545
12567
12713
13150
13159
13172
13511
13889
14047
14069
14152
14288
14568
16377
16456
16718
16859
16875
17446
17707
18565
18722
18995
19119
19238
19582
19666
19674
19682
20279
20597
20989
21211
21485
22270
22667
22790
22853
22954
23084
23443
23603
23904
24353
24789
25105
25255
25651
25748
25804
26255
26388
26428
26702
26710
26905
28079
28496
28971
28997
29603
30293
30337
30836
30892
31266
31756
32449
32563
33908
34217
34253
34751
34948
35050
35100
35619
35683
35793
36238
36250
37011
37559
37624
38125
39761
40509
41716
41760
41832
43790
44121
44507
44734
44933
45188
45329
45448
45466
45574
46172
46655
47208
48265
48721
48813
49044
49078
49116
49180
49469
49698
50036
50184
50245
50330
50452
50489
50929
51034
51309
51901
51991
53080
53325
53402
53586
53950
54009
54340
54506
54804
55122
55593
55917
55961
56760
57799
58024
58253
58270
59048
59237
59437
60265
60307
60578
61099
61648
61836
62558
62587
62650
64171
64234
64281
65474
65992
66033
66138
66927
67062
67480
67877
68064
68962
69107
69342
69916
70081
70427
70662
71000
71884
72332
72570
73845
73972
74407
75070
76337
76430
78011
78724
78776
78954
78988
79312
80345
81858
82148
82423
82606
83230
83533
83977
84000
84276
84450
84639
84725
84743
85946
86045
86370
86571
86918
87365
88104
89782
90057
90099
90707
91241
91487
92161
94464
95019
95786
97107
97882
98379
98433
99687
100981
101014
101325
101684
101915
102123
102179
102485
103136
103800
105088
105099
105776
105969
106403
106852
106992
107119
107241
107597
108200
108237
109344
109441
109752
109789
109799
110561
111218
111498
111755
112473
112542
113362
113970
114602
115089
115232
115894
115936
117703
118168
118519
118715
119875
120782
120827
121342
122515
122653
122924
123726
123915
123921
124003
124076
124077
124254
124348
125598
125911
126819
127105
127243
127824
127961
128335
128382
128445
128893
129030
129671
129750
130808
130887
131727
131774
132248
132807
132877
134151
134211
134840
134845
134959
135395
135603
136370
136634
136737
137126
137731
137965
138114
138348
138520
139048
139126
139327
139910
140249
140264
140724
140866
141197
141469
141723
141772
142228
143578
144597
144625
144704
144709
144881
144887
145502
145642
145810
146672
146703
146724
146776
147151
147502
147680
148336
148344
148664
149472
149560
150691
150835
151342
151363
151472
152437
152463
153637
153676
153861
153892
154137
154376
154402
154416
154913
154924
155865
156699
156728
156896
156951
157338
157702
158010
158669
159033
159560
159683
159815
160055
160076
160475
161417
161711
161804
162179
162338
163448
164618
164667
164807
164851
165206
165368
165894
166050
166117
166315
166741
167316
167457
167875
168638
169068
169498
170855
171010
171481
172059
172648
174160
174434
175061
175376
175685
176532
176723
176824
176987
177250
177544
177592
177963
178509
178722
178937
179079
181324
181413
183866
184435
184751
185409
185450
185743
185901
185947
187063
188403