179
1260
1500
1688
1866
1985
2049
2176
2191
2314
3321
3354
3704
4040
4133
4241
4702
5180
5327
5604
6180
7088
7437
8427
8903
9103
9260
9355
9464
9678
10472
10914
11433
11510
11627
11838
11849
12108
12151
12820
13167
13384
14125
14399
14893
15043
16557
16626
16818
16869
17223
17474
17761
18270
19674
19690
19804
20055
21445
22443
22725
23207
23459
23649
23675
23682
23721
24727
24758
25156
25246
25948
26041
26321
26782
27615
28069
28464
28683
28780
29141
29185
30273
31006
31128
31287
31649
31708
31713
31871
31975
32053
32202
32904
33022
33275
33719
34205
34220
34717
35049
35486
35568
36250
36835
37189
37297
37967
38134
38476
39113
39369
39429
40109
41148
41305
41616
41790
41852
41860
41876
41909
42299
42353
43869
44401
44926
45009
45307
45399
45408
45446
45636
46086
46419
46568
46616
46660
47089
47835
47861
47914
48037
48265
48472
48591
48786
48911
49767
49863
49916
50845
50932
50939
52005
52515
53058
53110
53412
53492
54260
54632
55007
55046
55787
55861
56695
57803
58504
59068
59219
60478
60834
61185
61270
61599
61618
61640
61868
62279
62537
62581
65092
65141
65185
65592
65630
65767
67572
68131
68182
68341
69381
69626
69757
69852
69871
69962
70835
70983
71111
71118
71156
71813
71851
72090
72826
73532
73856
73976
75729
76827
77428
78377
78879
78957
78959
79276
80861
81480
82466
82719
84103
85823
85843
86145
86618
87009
87297
87336
87801
88410
88870
89837
89930
90252
90268
90716
90890
91440
91508
92031
92458
92663
92670
93136
94459
95203
95649
95661
96938
97280
98542
98923
98951
99144
99380
99473
99499
99524
99699
100267
101679
101982
102186
102302
102796
103103
103434
104337
106361
106564
106622
107205
107217
107231
107571
107590
108133
108149
108239
108323
108455
108613
109247
109356
109441
109728
109754
109949
109994
110096
110566
110766
111083
111212
112495
112550
112574
113106
113420
113746
115165
115407
115896
117186
117341
117350
117425
117443
117714
117781
117881
118186
118459
118535
118987
120744
121070
121204
121437
121855
123240
123741
123865
124080
124134
124199
124629
124634
124641
125306
126446
126832
126932
127157
127284
127728
127976
128253
128659
128868
128986
129240
129696
130007
130648
130739
130745
130916
131458
131901
132193
133645
135397
135709
136167
136775
137120
138066
139143
139260
139582
139681
140038
140098
140455
141176
141329
141595
141700
141707
142080
142268
142412
142698
142985
143168
143978
143985
144263
144356
144643
144789
144855
145138
145421
145461
145736
146061
146606
146748
147429
147826
149080
149435
149549
149579
150370
150635
151267
151548
152343
152697
152781
153174
153260
153656
153887
154108
154114
154218
154292
154507
155922
155980
156077
156195
156203
156223
156568
156613
157240
157653
158504
158712
159411
159450
159621
159837
160102
160130
160554
161273
161622
162168
162674
162837
162849
163236
163423
164208
164374
164482
164558
164843
165335
166312
168201
168300
168782
168972
169617
170199
170701
171698
172174
172825
173150
173457
173602
173950
174733
175487
175573
176017
176253
176670
176922
177223
177260
177272
178204
178236
178297
178572
178592
178872
179305
179413
180107
181725
181749
182526
183004
183685
183833
183859
184106
184223
184295
184336
184571
184958
185184
186172
186267
186279
186691
187414
187512
187527
187857
188022
188033
188206