"9dd807e258a3d3a9" 29 30 0 1
"1b0361e9851f3d97" 2 73 2 1
"3e04cafa39a322fa" 78 79 1 1
"883f34e5cf51496e" 61 173 4 0
"72895d541ca348e5" 232 233 1 6
"300ae45eb0dc17a8" 237 248 13 1
"3cde6b633a1fff25" 254 255 4 0
"595ff26dde38dee7" 259 260 4 1
"98ed611e06f5ed9e" 277 278 4 1
"18426039da1fe768" 289 290 4 1
"3ac1fdcd5b1fa494" 317 200 1 13
"5987bfb0e9a31a2e" 113 358 2 6
"e5282bc0d2dc1a59" 349 355 5 4
"c77dfea296f5aaca" 305 397 4 68
"1136c75afa1f137f" 296 403 4 68
"189b3525a8f5ad7b" 417 418 5 0
"6b2865fd2d1f4137" 415 297 0 6
"9c8d730d4b8a0976" 437 438 4 7
"c3aa3bcf74dc8be4" 440 430 1 1
"0c6bf153d48aa946" 87 443 5 0
"912bc2c929f56aa7" 445 446 4 0
"c58eb78fc9f552ea" 480 358 4 6
"f139ce0fd0b3368a" 491 358 4 6
"84e2b6aa9e1f5ca4" 492 358 6 6
"859ab675cf382d39" 308 494 6 6
"002bad2bf3dcceb8" 412 494 6 6
"7c47a5c56348667e" 504 505 5 4
"b07363337861d656" 530 531 2 68
"19702bf5a1b359c4" 533 286 5 4
"ba9ef1bc244889b8" 546 547 6 6
"1b5f34e5cf51496e" 61 726 4 1
"8731bb94cff5f4ee" 802 752 0 1
"54b1439e642fc3a1" 807 752 1 4
"12ddb6de1ff50dab" 767 820 4 1
"3edfcbdf648a1821" 66 827 5 4
"91ea3474fdf5584c" 704 835 4 4
"5fb2acaf18b3b8f4" 883 884 4 6
"99b3cb937106667a" 893 894 1 0
"e4ee875de51fcebc" 23 905 4 0
"566f34e5cf51496e" 61 906 4 0
"05ee875de51fcebc" 23 907 4 0
"4f3361e9851f3d97" 2 908 2 4
"25ee875de51fcebc" 23 909 4 0
"35ee875de51fcebc" 23 910 4 0
"a66f34e5cf51496e" 61 911 4 0
"b66f34e5cf51496e" 61 912 4 0
"52d1c7e829b3325d" 939 940 4 1
"983f07a5072f838e" 947 200 1 0
"56f1d83f26f519a5" 284 979 5 4
"7dc32b5ff0713937" 992 993 4 5
"88bfa6414f518c32" 33 297 5 6
"712a5852782f9efb" 1024 1025 4 1
"773e45245af51f07" 508 1029 4 6
"76b7a71f469aff2d" 1032 1033 6 6
"a9ef9e9fab486241" 952 1036 4 0
"17e26b27379a4e7e" 1081 1082 6 4
"9a9d87457371cd0d" 1125 1126 1 0
"142d15e9f3718a39" 1153 1154 1 0
"63b775938f51e250" 47 1177 2 1
"7a57b90e8b2f1b05" 1192 1193 5 4
"380b93308d612b09" 803 1234 0 4
"acadfea296f5aaca" 305 1243 4 7
"bcadfea296f5aaca" 305 1244 4 7
"dabcecabdeb37e33" 1247 1248 1 1
"9f74bbfd1fb3d451" 1261 1262 1 1
"3993fbc555ece998" 1350 1351 4 6
"45d571e8371fae23" 93 1369 5 13
"3715c742887112cf" 1398 1399 1 6
"5f2361e9851f3d97" 2 653 2 0
"5b5693ceab063ae6" 1446 521 4 6
"c932c9321c06cb0c" 1467 1427 4 207
"0409699003c374a4" 1471 1427 1 207
"e68f34e5cf51496e" 61 1427 4 207
"694f34e5cf51496e" 61 443 4 0
"5ab395be3f9ae333" 1515 1516 5 6
"48a74fae4df56019" 669 1609 6 0
"1d6d606d5bf5986f" 564 1639 4 0
"1a37e9307f06ae23" 1649 1650 0 1
"4f4aaa21668aefca" 171 1659 48 1
"928f551b89587fe2" 1701 1702 1 13
"1302df8abccc4c4e" 20 1767 2 6
"37015626e1163309" 1782 1783 0 1
"65c4778313f59c9c" 116 940 5 1
"3fbc09959ab34dca" 1016 1829 48 1
"212c6055e85887bf" 1666 1834 4 5
"45d730b13316137f" 1852 1698 4 1
"11f51768b5aa4363" 1865 1866 1 1
"308ff55ff9ecac26" 1602 1883 0 1
"31838678ba38d886" 35 1890 2 5
"83a7a5c56348667e" 504 1898 5 0
"579ab21c5416c7de" 1915 940 1 4
"a044cf3647aa89e7" 1949 719 4 1
"7e87d99a1dc31d0a" 2017 200 1 0
"f45f4b1013fccb33" 2092 2093 0 0
"bcd63c0f5d61fff1" 796 57 5 0
"a9a2be9e5d48d3dc" 1043 2169 5 0
"f5ef32d547817db2" 2196 2197 1 1
"b855bcaec9b32a80" 974 1399 4 207
"bba6028755615a4d" 362 2219 5 0
"04403b9bf3f5eaed" 165 2237 4 0
"3e523d36c368436f" 2254 2255 5 0
"f22afb880468a97d" 2268 2269 1 0
"c2ba1b7c5daa57f2" 2278 576 4 13
"2b059a02cf3f5cdf" 2284 1232 4 6
"b4bab675cf382d39" 308 993 6 0
"5ee1ef697981ab7a" 2315 2316 1 13
"55ffb1e4fd1f6471" 457 2318 6 0
"e803d58675c3097a" 1604 2452 4 13
"e4b7bfb0e9a31a2e" 113 1055 2 1
"21330c6ba72f7bb1" 982 2486 1 0
"cf367a8da0487b8a" 357 2489 5 1
"427a26d6a1f5812f" 39 2511 4 6
"5bfee0662706a260" 1201 2630 5 0
"a2939ab0e22f8d1d" 723 2633 4 1
"b5268278aec3539e" 2101 200 1 13
"14f9aa21668aefca" 171 200 5 13
"5adbb76fd4ba308b" 2684 435 1 13
"b15aaa21668aefca" 171 1698 5 1
"2865c742887112cf" 1398 2694 1 6
"e3eaa1c557d3e086" 2570 2702 0 1
"18df34e5cf51496e" 61 2726 4 6
"509b8f21cffc2485" 2778 1029 6 6
"b5a04e3be38a5bf4" 38 2095 5 1
"dc7119076c1f2eec" 373 2810 5 13
"ed6d6e0478a30fa0" 36 2820 4 1
"e362678461f52b01" 25 1319 5 13
"fd3361e9851f3d97" 2 887 2 1
"ab3a625dee8a42bb" 633 323 4 0
"6842b3e96b4f3bc9" 2914 446 5 6
"3b30a5fa322f95e9" 688 2925 5 1
"766360724591b57b" 2952 2953 0 1
"56ac6d53cda3b971" 323 2964 0 1
"98714729c726e56f" 2965 2966 4 1
"b0ca4bae3191ea11" 2735 1774 6 6
"3dac823b5d4f0373" 3019 1082 6 4
"3db1f429e1f5e73d" 53 576 6 1
"a32f7d527fa32b0d" 414 3030 4 1
"4f194110b2f50b77" 95 935 19 1
"9152e4839fa35614" 421 150 4 1
"80bf34e5cf51496e" 61 2093 4 0
"01d38678ba38d886" 35 3167 2 5
"72b95efc44068c65" 1047 3170 4 0
"1fd3e5344aa3ab43" 134 3173 6 1
"28224ae9faf5074a" 543 3189 4 6
"4a809345670d3815" 3191 639 4 6
"afce2146dfccc857" 188 200 5 13
"6b03cfe46a8aba25" 388 3196 4 1
"37953faf9bf5fe7d" 578 3275 6 1
"05df0ef09df5c627" 683 3287 6 0
"bfedaac320ca8d40" 3293 1664 4 6
"d9989d2c42dc5d2d" 321 286 2 4
"55882a59825f823d" 3299 3300 4 1
"2962f429e1f5e73d" 53 3327 6 6
"147b87258e26abad" 3329 3330 6 1
"0c659ea495e38f4d" 3340 446 4 6
"bf3cea52fb61e484" 719 446 0 6
"f63b34bd5878165f" 3367 282 0 6
"8230bfe5b88a4999" 297 1665 6 0
"c650cac2d1cafedb" 3384 1374 0 6
"bb739af94d915b20" 3386 347 4 6
"92c33ca50ea3109f" 337 282 4 6
"da0b5fe669789fa7" 3423 3424 6 0
"63a93ea92dd35873" 2885 2835 0 1
"d9c34d2df2caa34b" 3447 3448 0 1
"8165bcaec9b32a80" 974 1540 4 1
"47cbfaf74ea376ad" 351 1319 4 5
"59283c48c7e3bd05" 3459 3460 1 1
"3145f31bf0363083" 3462 3463 4 1
"03fdc464f868c229" 2534 3396 1 6
"5f3bfc39be58feac" 1981 3482 4 0
"f4e14ae9faf5074a" 543 2114 4 6
"fa57bb577e71b4c3" 1720 33 4 5
"91e927b844ca83b1" 3517 446 1 6
"245abea2f8e36274" 3522 282 4 6
"de8259208f5812f6" 2023 3544 1 4
"41d5bcaec9b32a80" 974 3328 4 1
"5f4672cad9e3b0c5" 3571 3572 4 1
"fb2bf8df43369942" 3588 3589 4 1
"33bcaedbaecc14f7" 125 3608 6 4
"bfaba5682d7804f3" 3626 3627 0 1
"cf9aec8be9785cd3" 3451 3635 1 1
"1506bce73436e793" 3637 2238 1 4
"3366d186695f7382" 3670 3671 0 1
"ae4e39dfe048d1a8" 371 3689 4 1
"7a1e76fe663fd6b4" 1780 3709 5 0
"f71fa59094613703" 320 1065 4 0
"e5c3a344190da9a0" 3282 3750 0 1
"21f361e9851f3d97" 2 3754 2 1
"71f361e9851f3d97" 2 3759 2 1
"50ed878edde38b10" 3788 323 0 1
"14b363337861d656" 530 1609 6 0
"ada5c742887112cf" 1398 3806 1 6
"0a71b188065f906b" 3488 3818 4 1
"9ee000b42e06cebc" 1579 3824 0 1
"d67bfbd9e0887830" 3829 282 1 6
"132a23167e166044" 2461 3830 4 1
"5ae233328c5fff8b" 3838 993 6 0
"8d18a5c56348667e" 504 3850 5 4
"a7afe0af81886073" 3864 3468 4 6
"190512153506dab6" 1096 3827 6 7
"04cb00e8aeec6fb3" 1854 3900 4 1
"99a71ecbbe1f87bb" 499 3992 2 1
"5e82df8abccc4c4e" 20 3995 13 7
"30434521c1f32b63" 3998 3999 11 1
"056422ba87486cdf" 728 4002 6 1
"5792f429e1f5e73d" 53 4066 6 0
"40dcaedbaecc14f7" 125 4073 6 6
"1ec119076c1f2eec" 373 4110 5 6
"5df0e97db09aee4e" 731 1964 1 4
"39c97bc8a2da5d8f" 4294 4295 1 5
"dbbf875de51fcebc" 23 4344 4 0
"59592efb58f3b5aa" 4355 4356 1 13
"d8bd1d172d1dbf64" 4367 4368 0 1
"5384cc7514da680d" 4371 4372 0 1
"13111c32f146c93e" 4379 200 0 13
"acc2d83f26f519a5" 284 4408 13 1
"5c68493569f33ff2" 4411 4412 0 6
"57a3141d3b3895b2" 63 4424 13 1
"9bf6b7e590b14ea9" 4429 4430 6 1
"3ca2df8abccc4c4e" 20 4473 13 1
"5ca2df8abccc4c4e" 20 4475 13 1
"d70d55b13a9a9f70" 1242 4477 1 1
"d768a2561d881456" 4487 200 7 13
"123f42b40446ccee" 4491 200 7 13
"1e6ac14a66dac1db" 4497 4498 1 6
"f1273b5ea271aac2" 1083 4502 6 1
"35e53faf9bf5fe7d" 578 4523 6 1
"b5c39867ffccf36e" 195 4618 1 6
"93fcf6d74df3de46" 4621 4622 4 1
"577da360274649f7" 4659 4660 1 1
"2bf9f22df4b1aa29" 4667 297 4 6
"60c3eab8b22dc053" 4668 596 4 5
"f12bd1f73bba64a4" 3027 4670 4 1
"22a7b56bb58af797" 136 4676 6 1
"3bd571e8371fae23" 93 1464 5 6
"63cf26ca4846fd57" 4722 2014 0 1
"5f1a1e5606b12481" 4723 4724 0 1
"84efbdb4fc6fcc1a" 4727 547 1 6
"403461e9851f3d97" 2 4764 2 7
"5b1e20c61da1308b" 4240 4239 11 0
"7a171aabbd6fef54" 4769 200 7 13
"35b8a1a56298ce17" 4774 4775 27 27
"bf7f4104594677bf" 4778 4779 1 4
"3a46f06240042058" 4782 4783 1 1
"fe0ebfa480048666" 4796 4797 4 0
"0e00a23a0f4f740f" 3110 4788 6 7
"103cb55f5cda64df" 4819 1056 4 7
"05031de2ac361f6d" 4092 4830 5 1
"df0ff3370f6fcfca" 4839 4840 0 1
"ecf4b54bc04fd538" 2340 4852 13 7
"e7cdf9d1ea46bd34" 4862 3514 13 1
"4253be9e5d48d3dc" 1043 4867 5 1
"5b6456c8ab46d08e" 4904 823 1 13
"1d1f3e5469b107a8" 4905 4906 1 13
"477489a3406f64d7" 4041 4909 7 7
"f242d033f42f80dd" 835 4958 6 1
"320e599d6ab18001" 4961 4228 1 0
"91f309fb517f2999" 4965 726 1 1
"91cb3525a8f5ad7b" 417 1082 5 1
"f58463337861d656" 530 4967 6 6
"fcd8602d717f54a0" 4972 4973 6 1
"6d3461e9851f3d97" 2 4974 2 0
"e98377ac882d3840" 4983 4985 4 1
"b5f66c62392d2083" 5018 5019 4 1
"f9132adf3e46906b" 5044 5045 6 1
"cb21b0a6638a9ec8" 10 2316 1 6
"55ea0eb0b37f8268" 5091 5092 6 1
"9a4edde72f46eeac" 5093 5094 4 1
"d9dc4c985604fd53" 5111 5112 4 1
"0aa875938f51e250" 47 5123 2 0
"583efea296f5aaca" 305 3478 4 0
"13ef2ebe077f658f" 5273 5274 0 1
"4b401fa148f51c56" 396 1842 1 13
"aa5a5432777ff6a4" 5294 438 1 7
"4fca51405cca2966" 3951 1303 0 0
"bfbad88c2c046550" 5426 1763 1 6
"e0957706e7ea18b2" 5442 358 0 6
"4334c6c2c55679e3" 5450 4676 1 1
"7db9d4d1e3c13133" 5472 5473 7 7
"4e5461e9851f3d97" 2 5500 2 1
"d3f379f57b7fc10f" 5511 5512 1 6
"b53ccf3260a807df" 5530 5531 5 0
"b36461e9851f3d97" 2 5587 2 0
"2b8f23c0baf31f69" 4481 5619 4 7
"38db0d20fdba5f88" 3174 1303 4 0
"9fd671e8371fae23" 93 5630 5 13
"8c330300a8787c6d" 3381 1333 1 0
"319366568bea51f7" 5638 5639 4 7
"1d7da035912fada6" 653 5670 0 1
"e3ac1472b3f3f21d" 4103 521 6 6
"774baa21668aefca" 171 5630 48 13
"3941413d0f2f2933" 1381 5712 4 1
"d5155761e3a8150e" 5719 5720 1 1
"bceafc6aa63dab00" 5746 5747 7 7
"b1884c2784a80d31" 5754 5755 4 1
"30f32b80f846e59a" 4757 5136 1 27
"425baa21668aefca" 171 5803 48 1
"795f26b2d5a8eca7" 5824 5825 1 0
"180f875de51fcebc" 23 1468 4 1
"1203df8abccc4c4e" 20 5847 13 1
"fc0a52d0128f5c36" 5868 5869 0 6
"f6b0d52d16062908" 1145 5880 0 5
"927aef4c1d487dbe" 1029 326 6 0
"03203146dfccc857" 188 5630 5 13
"7be914dfe9b35597" 981 4228 0 1
"f610184e3f71d70e" 1762 5927 1 6
"009a24f711fa62d6" 5939 5823 1 27
"53299c7b97dc08fd" 608 5823 6 27
"68fce791c891c3a9" 3141 5987 4 1
"f028a5c56348667e" 504 3905 5 1
"d470fe8f09a894c7" 5999 6000 7 7
"52d6bdd159a8fad5" 6013 266 1 1
"e5852f0a49b36d54" 946 198 27 7
"5b931f3c8f88a82c" 4620 6067 4 0
"f99de08f9c3d4e04" 6068 6069 0 1
"1cabc7362fc18ef7" 6081 6082 1 1
"c247c258579a7985" 1088 3030 1 0
"4f6aecc454fa1ae6" 6114 940 4 1
"5dccf153d48aa946" 87 6096 5 6
"8f5d5693dc6f9113" 4720 6130 1 1
"35d85b758ba8299d" 6132 297 1 6
"9f1461e9851f3d97" 2 4497 2 1
"9dd7cfc09e3d16bd" 6173 6174 1 1
"34cf74bdf58a5ea5" 150 6183 6 4
"dac3e4839fa35614" 421 6186 4 1
"ef5e8e13de3d7ccb" 6187 1029 1 6
"a2353e71c5fa2564" 6191 1165 1 6
"d142f544fe3da7d2" 6194 1029 4 6
"80a234915a3f7608" 1990 3900 6 1
"3f2c941220462d9b" 4281 6204 4 1
"42b044e5cf51496e" 61 6217 4 6
"8eb0044f711dd08a" 3737 6225 4 4
"e236028755615a4d" 362 286 5 4
"1c1a769517710742" 1321 282 1 6
"388656af261f25da" 37 384 0 1
"7168631f9c1432ee" 6315 3998 4 1
"08feca2fb98ac2f1" 353 481 5 6
"73cf280cb8fa7666" 6352 6353 4 1
"10a4be11324d5fe2" 6369 6370 4 1
"5a95dd058b8f0d68" 6379 6380 4 1
"c63762eb1d2f5199" 1276 6394 1 1
"59d1722810b31340" 449 150 11 6
"cc06318b534d0452" 6432 150 11 6
"76de4345c9faffbe" 6408 6409 0 1
"5d69eb14a9fac4b7" 6401 150 11 6
"1dde68d3fe149bad" 6441 6442 5 4
"b2aa20a628661e1c" 6444 1033 0 6
"9261fa3e1024401d" 6504 4715 1 4
"84ddb5a049fa3392" 6380 358 1 6
"2c503146dfccc857" 188 6544 5 13
"af9461e9851f3d97" 2 6546 2 0
"80162edb63b8934b" 6559 1915 0 1
"b01cb675cf382d39" 308 6561 6 0
"4661bfe5b88a4999" 297 6589 6 0
"f3e5437a98d13f2a" 6592 1129 1 1
"dcf7a5c56348667e" 504 3327 5 6
"3eace2d88f8fd7c2" 6596 1129 0 1
"a4c9cf2aedfaf520" 6632 1036 4 6
"00087f5306d17f4d" 6452 150 4 6
"45afa4efd961e1d3" 607 6663 4 1
"e5b498b8dcecc221" 1756 1036 6 6
"d6d630daa84dbe13" 6719 6720 1 1
"f303f79dd19f3191" 6722 2967 0 1
"51addf299ffa67bb" 6723 6724 4 6
"3da8cad66d568d73" 5863 2238 5 4
"958c8b966cf512c7" 620 1783 5 1
"47db6dcd100b24e7" 6751 1319 4 5
"ca63337be6d1cd9e" 6501 1129 1 1
"98d8b8dfa52451fb" 6805 6806 1 1
"58d044e5cf51496e" 61 6826 4 1
"697ed0e94afabcea" 6436 6844 1 4
"656012d45b7f96f7" 5504 6848 1 4
"4b7bd308b39a3050" 892 6850 1 0
"d91253ae19b8df21" 6867 6844 1 4
"accb3b3ad624065b" 6868 6848 1 4
"d0ecb52e6406b77c" 1054 297 0 6
"949d80f9ec9a8a64" 1389 446 1 6
"973d704c18bae79b" 2859 1664 1 6
"eb7c791289b86156" 6888 1664 1 6
"857d9806d20b1fcb" 6898 1664 1 6
"b15ce7c2b076700d" 6906 6907 1 6
"0708ce2856ead13e" 5358 4668 1 1
"31b0e6ed759f7ac6" 6918 6919 1 7
"19cd9ea0bed10d35" 6921 6922 6 1
"3592b2ff46dc2887" 538 6931 1 4
"2e063f1afd4d69e3" 7006 6846 1 6
"b4f6a66e9b9aaafd" 1319 1270 5 6
"27d7622587a12f9c" 3939 7041 6 6
"f8cb9b244c9a9231" 1354 7071 4 6
"0966be7a810b3f55" 6828 750 4 0
"f9189c63253ff64e" 1710 7083 4 5
"dc972035560b2df9" 7087 7088 0 1
"9cc1afbab89f22e6" 7093 7094 4 1
"74ee578de1e1b455" 7096 7097 1 4
"d6c2ceae02e1ef5c" 7103 7104 4 1
"3dfc53d2a99f7038" 7142 7143 4 1
"6199e8d0a13628b6" 3497 7151 6 4
"3fdae3ad06dcc179" 524 7153 13 5
"eacc0ab0a70b0d60" 7157 347 4 6
"c67558e0a6c3bdd9" 1667 347 4 6
"fdaa191bf7babc84" 2852 7173 6 208
"89803230f44fdb99" 2564 2014 1 208
"8e35a6054cdcca8b" 860 7190 1 4
"f4bc4e6f64610cfb" 313 7192 1 6
"66bae61206762bcd" 7193 3663 4 1
"2ec13230f44fdb99" 2564 7208 1 208
"9fbe6d277fb8045a" 7210 297 4 6
"be6aa52fb20646e0" 963 410 6 6
"3ddb4bb6b33febc0" 1633 820 4 1
"e8b61d1b042f328c" 786 3478 1 6
"42406e32d776c760" 7291 347 4 6
"62e512153506dab6" 1096 7304 6 0
"53ba4c7861c8dbf3" 7315 7316 1 4
"703bd37216e1bab6" 7320 7321 7 7
"ff8fc29dda0bb480" 7332 7333 1 4
"a21ee307659aa1eb" 983 7333 1 4
"8eef0fa148f51c56" 396 358 1 6
"038ee72c0034507f" 7365 2957 1 6
"de2758e0a6c3bdd9" 1667 7388 4 0
"3d3ae9815c267de5" 3210 6563 0 1
"a478a66e9b9aaafd" 1319 7413 6 4
"6df044e5cf51496e" 61 7419 4 0
"5f15f01163e35195" 3221 7426 0 1
"dda3d1e3af1fd50d" 548 7427 2 7
"92d269c5d1aaa310" 1655 7428 4 1
"9e3c5222fe9f2bf8" 7429 7430 0 1
"ea91bfe5b88a4999" 297 7431 6 0
"3b11e83768e11485" 7446 7447 4 1
"5a0b2449fd0b3199" 7500 355 1 4
"6c19eb0c275db308" 7503 4361 1 5
"b28f6e864d988ac6" 5362 7507 1 0
"78212364c2344b53" 7512 7513 1 4
"be9d8f6a2a7fe198" 5441 7532 1 0
"976cd0d1d75dab3b" 7538 3873 0 208
"5ebfa6a32f0be5f8" 7563 7564 1 4
"8957c9d4d5466981" 4589 7565 4 6
"ff052ae7b0f3a11b" 3942 7571 1 6
"dd14a5cee334ffb2" 7575 7576 1 0
"4035dbbb983d73b9" 5851 5851 11 11
"2760def28704a2c2" 5174 7606 4 0
"c90144e5cf51496e" 61 7617 4 0
"bdddc7870ce15dba" 7642 7643 5 0
"763a2d1ab52fa318" 877 7644 1 6
"ee798070a8919892" 3134 7658 1 4
"32df066fae76b8b5" 7662 7663 1 4
"bfab552c8ce11ae6" 7670 639 4 6
"7c766cab93afed86" 7681 1160 1 6
"151f93043f7675e1" 7690 6561 4 0
"fdd4da5cca5dfc3d" 7699 446 1 6
"e913e5344aa3ab43" 134 18 6 0
"555ad551a6ecc90f" 1420 979 4 1
"46118decb646b7d2" 4638 1664 4 6
"f5ab52e8842d6de5" 4766 6907 6 6
"92b4fb30b734640f" 7778 7521 1 208
"49b6e00658345c32" 7813 1841 1 4
"a249bb577e71b4c3" 1720 7836 6 5
"935c3d83c9769f0a" 7396 7839 1 6
"5d1b4ec1541b65b2" 7843 7844 1 0
"bffea5f2741b90c9" 7850 7851 1 6
"09cc6f943e583280" 1953 7857 1 1
"2e92754b233d9dd1" 5557 7887 4 5
"01faa3d5dfa3bc22" 435 3663 6 1
"94f461e9851f3d97" 2 7905 2 4
"88fb769517710742" 1321 7905 1 4
"baba3b226486f4ab" 7970 7971 1 6
"49ca3474fdf5584c" 704 446 4 6
"ca39961a2678e797" 3248 358 4 6
"6f02e9e713e169b4" 7159 8017 1 6
"9428471d6e7652a7" 7648 8019 4 0
"6f18c12a719faf6c" 6701 6059 4 1
"d2258634f9af12bf" 8024 2815 4 1
"adfe2b7b0faac88e" 2369 8027 6 0
"b7f4f4e4216d2166" 8042 8043 1 6
"0e1ab9d14d3475ed" 8079 1251 1 208
"a713f97c629a50e9" 822 446 1 6
"335c8bf84caf7b7e" 8150 8151 1 0
"7d4daaec95f139f3" 8160 8161 1 208
"0efe2aea49f595be" 452 358 5 6
"fea611cdd9c365f9" 1842 983 6 1
"d113311a81e12330" 7075 6380 1 6
"1a67a5c56348667e" 504 979 5 4
"e9a77a8da0487b8a" 357 8283 2 5
"4dfbed441716b2c2" 2062 384 4 1
"4469bb577e71b4c3" 1720 8374 6 1
"8cc08773d24486cc" 8380 150 5 6
"58b2ed8ae8868c22" 8215 8384 6 0
"b8fa5efc44068c65" 1047 8390 4 0
"72f9aa21668aefca" 171 174 5 0
"1912cf0edfb166d8" 5255 8412 6 5
"7ebf34e5cf51496e" 61 2316 4 6
"3f5f0bb23f1b2162" 8431 150 1 6
"ec8361e9851f3d97" 2 2150 2 7
"e9aea42944e3afd6" 3270 722 4 0
"cbfd75b81e860ceb" 8495 8223 4 0
"a6d03146dfccc857" 188 8504 5 6
"4332678461f52b01" 25 541 5 4
"8842f429e1f5e73d" 53 2805 6 0
"f699157822169917" 1796 5045 6 1
"47dc68cb7c768afd" 7543 3663 0 1
"b6be208da23f6278" 1577 8644 1 4
"e32561e9851f3d97" 2 8662 2 1
"4b80335bf196ab3f" 8705 373 4 5
"fa7750055a384761" 14 347 1 4
"dd3490bc9b164a49" 2307 1868 4 6
"9ca8f1ad3296025d" 8719 1868 1 6
"414f875de51fcebc" 23 2383 4 6
"fff52811a2969372" 8740 8741 0 4
"d46084bdf58a5ea5" 150 8753 6 4
"5777defe900220ba" 8755 8756 0 1
"b3cab675cf382d39" 308 1233 6 0
"3602d83f26f519a5" 284 1233 0 1
"85e062296ea3a1b4" 358 6380 6 1
"d7b16f78202f9239" 576 1319 1 6
"147aa3d5dfa3bc22" 435 1664 6 6
"42905b28859adce2" 990 1664 4 6
"ef625af9af8f03d9" 6603 8805 1 1
"d0bd357685167c3e" 1978 1581 6 5
"362fc0d99561b06b" 376 5141 4 1
"713220bb02023b28" 8832 8833 1 0
"d8a3d699007db760" 8847 8848 1 1
"773fa4efd961e1d3" 607 4906 4 6
"167b7a207a781900" 3479 8988 1 4
"307e5273dbbff9bb" 8990 8991 1 4
"ff98d1093e440f98" 8996 8997 4 0
"e6e53ca50ea3109f" 337 9055 4 6
"357b4714ed8ac853" 577 1492 4 1
"021f2146dfccc857" 188 1262 5 1
"f38e09959ab34dca" 1016 9073 5 1
"1f6248c100882aee" 3780 9079 4 1
"366144e5cf51496e" 61 9096 4 0
"7a73becf452d8030" 4808 9097 1 4
"5f5f34e5cf51496e" 61 794 4 1
"c2d3df8abccc4c4e" 20 9186 13 1
"8c4b6f43514863cd" 392 9194 4 1
"21335e2223ecbbd0" 1231 7893 5 0
"ae996c49b3f584df" 151 6821 6 4
"527d9f9ac3541087" 9297 278 1 0
"963a02d832812900" 1923 9304 5 1
"bde6d6f26f2b97d2" 9306 9307 1 4
"8e95ad50d2b30e24" 596 9310 6 4
"ead4141d3b3895b2" 63 9345 6 1
"667144e5cf51496e" 61 9355 4 0
"c702df8abccc4c4e" 20 1842 13 6
"efe537bbdccc7755" 27 1941 4 1
"1877a81a6e96ad63" 9377 9378 13 1
"b7f31a6bd3e8bb95" 9177 9380 4 1
"de3028afc03ba250" 9383 3608 1 4
"4f977eebb554e721" 9402 20 0 13
"54583b5ea271aac2" 1083 9404 6 1
"c03eff5341f5fff9" 18 20 6 13
"c86a332623bf6cc3" 8521 9413 0 6
"2bb87496913bc59a" 9425 8483 1 4
"e3c737bbdccc7755" 27 9429 4 1
"17e3f429e1f5e73d" 53 9438 6 4
"9a8f4ef9bbf398c1" 4537 9458 4 1
"7713f97c629a50e9" 822 443 1 0
"2aee0f99c5580ba6" 1498 1698 1 4
"a6d461e9851f3d97" 2 7426 2 1
"b062aa0af13b57bf" 9446 287 1 4
"349428d73814d56f" 6077 4840 4 1
"1e95ee8c70a6a024" 9489 9490 1 1
"1dbc57b930dc5a7c" 209 9538 19 1
"f503141d3b3895b2" 63 1842 6 6
"a95d958960c3b4c7" 1331 9561 6 0
"d371c2c690f37604" 3935 8688 1 13
"4db300706d7d08e5" 9568 9566 1 0
"cd2d26e3cd7d990b" 9589 521 1 6
"10debddd62a678cd" 9594 5217 4 6
"8f91d52d16062908" 1145 9601 0 4
"0ba100706d7d08e5" 9568 1082 1 4
"5895b9607bd884cb" 8722 1165 1 0
"bdd265d6c8cfb81c" 9690 9691 1 1
"9a8d6c56df7d9cbb" 9701 9702 1 6
"664361e9851f3d97" 2 1022 2 5
"3a12becf452d8030" 4808 3461 1 1
"02f557486e61795a" 852 150 6 6
"5b91b79d348df83b" 9939 9940 6 5
"01304bdc9064a3d0" 9990 9988 1 1
"f7130f963d461703" 4988 1165 1 0
"1750a399dc2ffa7b" 1262 10045 4 1
"0dc1c1e4fd1f6471" 457 9865 6 5
"f82d41619f06d93a" 1656 10049 1 1
"36942568e1648347" 10060 33 4 5
"92fcaaa33b7f6be0" 5497 8626 6 5
"5f912f479a38ad7f" 28 10083 2 1
"a5d41c4a64e3daed" 3277 10095 0 1
"7a8b84e186610fac" 425 10112 4 1
"2db45b9957f5cd05" 347 297 6 6
"95168a1b80ecfbf3" 1091 10120 1 1
"504e2049e1a6bb91" 9566 993 0 0
"29a735679364f4d2" 10151 2493 1 1
"d07db127e88dbbc8" 10191 10192 4 6
"76b361e9851f3d97" 2 2815 2 1
"944361e9851f3d97" 2 993 2 0
"70a975938f51e250" 47 9066 2 1
"e325d14dfedcb57f" 1007 481 4 6
"8847fed765dcd936" 489 6433 4 1
"e2c08269bc12db23" 10274 3750 0 1
"2eecdce59736caba" 3819 10281 1 13
"1c27b9b158f8538e" 10283 200 7 13
"2ab511fec1a8125d" 5607 653 4 0
"bdfd68821204ccea" 4880 10293 74 4
"ec8561e9851f3d97" 2 10342 2 1
"9c3feef4c11608f1" 1775 10348 0 1
"020d69e1efd34367" 3032 10354 6 4
"25b144e5cf51496e" 61 10359 4 0
"d1578dc8eaf8136b" 10423 10424 1 6
"961f4c1b2bf87979" 10437 10438 1 1
"6cdd006b73e1fad9" 7180 8644 1 1
"18f2891e92b6ee3e" 10469 446 4 0
"600041e0dbf861bc" 10472 200 1 13
"10859ab0e22f8d1d" 723 10528 4 6
"4f7b5efc44068c65" 1047 10543 4 1
"e81561e9851f3d97" 2 8486 2 0
"91dad15a1b64dd5b" 10557 10558 1 4
"2c7caa21668aefca" 171 10569 48 1
"d7513146dfccc857" 188 10571 48 1
"0f3f34e5cf51496e" 61 277 4 1
"22c8848dc09d2676" 10618 3970 13 1
"2f04041333223b53" 10624 8540 0 1
"6c995a420cb35848" 1093 10659 6 0
"f9dc7fed4d640c13" 10676 10677 4 1
"aa236d24e6b610b6" 10700 744 6 6
"e742b6414f518c32" 33 10783 5 4
"4d957d2398b68142" 10791 639 4 6
"86613146dfccc857" 188 10806 48 1
"a5ec6e0478a30fa0" 36 640 4 6
"166fc91a59b6a48c" 10833 10834 4 1
"da27986c99b60b9a" 10847 10848 0 5
"361664e8cc4b23c1" 10895 358 1 13
"d29caa21668aefca" 171 10932 48 1
"3488d2fda9dc0bae" 720 10973 6 4
"674361e9851f3d97" 2 1038 2 6
"9e1f1aeb97f52423" 361 11010 31 6
"1cc9bb0b3b4bec3d" 10811 9784 1 1
"e15f1f479a38ad7f" 28 652 2 0
"d22dd75e46099b37" 11039 11040 4 1
"1039b56bb58af797" 136 11043 6 1
"194ca3da799db36e" 11087 1492 4 1
"e53afb3cc032e1f6" 11359 2321 1 0
"7f31ff0fcbc33d93" 1947 2318 6 0
"a3a4bc457af54a1e" 515 11433 5 1
"decbad2bf3dcceb8" 412 3291 6 1
"a064df8abccc4c4e" 20 11456 2 4
"f760736c92328e89" 11457 1664 4 6
"eea1e71c5b9a44ef" 1305 11479 4 4
"de7cffe17f8a0fd7" 661 11514 4 6
"62c2a0f89e9afbff" 1480 11528 1 0
"d4269dbf1a5b7347" 11616 983 5 1
"860244e5cf51496e" 61 11661 4 4
"274351d70b5bc198" 11665 8995 0 1
"5375bed7c7ca91ef" 3706 11669 4 6
"6faa435123aa8386" 1725 11675 0 1
"20ef22aa47965600" 8992 972 1 1
"b113767ea2227e27" 10596 2561 1 0
"dbea739023192f80" 11732 435 1 6
"6faf51da936db53c" 8175 11929 4 1
"4735b1ad9484c9f6" 11936 446 1 0
"5635d63cc9ad55e5" 11969 358 4 6
"7817dcd6a584435f" 11992 11993 6 4
"0e07a2b8fc328d0d" 12017 1841 1 4
"0af2297070761aee" 6892 446 1 4
"9e980cc9a0d66260" 12093 4110 1 1
"e5bb51405cca2966" 3951 4993 0 1
"b261d0c6ccada6e7" 12130 12131 4 6
"0d3cec428ff59ec0" 788 12166 4 1
"b87dcc0c746b72ca" 12176 3941 4 5
"67343ca50ea3109f" 337 2151 4 6
"392b181e0a84afce" 12230 12231 1 1
"bd1d56f5bc190bc9" 12250 12251 1 1
"229aa0c3cfb3cc84" 1296 12156 0 1
"7d47d58b1fad00b6" 12256 12257 1 0
"c3d62b6c1df84123" 10542 200 0 13
"76365e93f448acf2" 588 1829 6 6
"8d2247314ac3f61f" 1863 355 1 4
"bb3d416639ffd076" 12308 2673 4 1
"3bf2219da4d63dba" 12310 12311 6 1
"d69095e8b76b2ada" 12351 12352 1 1
"1191b4dc01bdd750" 12361 12362 1 1
"d0cb24627342ec3d" 12367 12368 4 1
"fd1b65fd2d1f4137" 415 12370 0 4
"68a66ac769bac702" 2929 12375 1 1
"c4e32eff3ff538b2" 774 9792 6 1
"e33da831d2f5368e" 102 1746 0 0
"b79deb1943e4dbe3" 17053 9536 1 6
"e15a8592316154eb" 138 1774 4 6
"bd61f0662706a260" 1201 12652 5 4
"b836324d01d6f385" 12114 12115 1 6
"0c7b8592316154eb" 138 6544 4 1
"2eb0e97db09aee4e" 731 953 1 0
"e774c19f2afc13a6" 2477 435 4 6
"651ecc603a3f4bf0" 1983 1193 6 1
"ba161f0b97b3fbc8" 855 12710 1 6
"384244e5cf51496e" 61 12712 4 0
"ed6b2029fc5b9932" 11770 446 1 0
"0e2116c80e349828" 8121 297 4 6
"045e029be00dd8e4" 2841 297 4 6
"d8b88cd5459a76d4" 976 1319 4 5
"82b081c084cf87a3" 9459 1319 1 5
"ed8f9437be6b4637" 12729 1319 1 5
"96b6935283945001" 12741 12742 1 4
"14df2b9bf3f5eaed" 165 446 4 6
"4b4244e5cf51496e" 61 12761 4 0
"6049028755615a4d" 362 12790 5 4
"ffff43bf1c427a25" 12836 12837 0 1
"789417305eb12054" 5171 12870 4 1
"47dc3525a8f5ad7b" 417 5525 5 6
"e8e3df6f617b312b" 12876 12876 7 7
"0bf9d19edbfc8432" 2568 12882 1 4
"d08c863b69b3986b" 953 12886 0 1
"1d0daa21668aefca" 171 12888 48 1
"1bf1b626f300711f" 12889 12890 1 4
"d13cf153d48aa946" 87 3608 5 4
"9ab5141d3b3895b2" 63 12924 6 1
"9d65c08ac929f431" 12957 12958 6 1
"f4e67768c7948179" 12972 12973 1 0
"7fad17c6be423a02" 12976 12977 1 0
"4c63f4117f48d68d" 1155 12979 4 1
"c736dff9b80ecde0" 17100 12986 1 0
"7a3da3d5dfa3bc22" 435 13030 6 1
"df035a6402e68d30" 13031 13032 4 1
"25665b9957f5cd05" 347 7081 31 4
"d1b6af2134e42a35" 17102 1033 0 13
"eac47a55495f487b" 3663 13041 6 4
"5405984ca47be83b" 13051 13052 1 1
"963661e9851f3d97" 2 13057 2 1
"195b3a07573f2506" 1829 12174 13 1
"b680975de51fcebc" 23 7590 4 6
"19cc579ee47b4f49" 13065 13066 1 13
"0dd1975de51fcebc" 23 13067 4 0
"406974dffbad83ad" 12088 9206 5 1
"96d514c00802dd2c" 9154 13121 6 0
"0ab1a44a872f40ba" 975 12387 6 0
"df78598e78000995" 13134 7273 1 4
"0f4a15faf60b153d" 7122 4152 4 6
"4fe28f8786b81054" 6727 639 5 6
"b98144e5cf51496e" 61 9664 4 0
"b412ffbdeea36ed0" 386 13155 4 0
"dffcf4e04a5bae4e" 11623 13160 1 13
"0cce8681ffbd6e5a" 13166 7180 0 1
"77a366b86b94caae" 13168 13169 6 0
"104144e5cf51496e" 61 8486 4 0
"a7e4e278b0cd81a4" 13208 2316 0 13
"9c5f34e5cf51496e" 61 750 4 0
"2ba911cdd9c365f9" 1842 13210 13 27
"fa5e82d6a77b3a3d" 13212 13213 4 6
"657fe9f7c77b6544" 13219 1829 4 13
"9328e58527c37a06" 1695 13228 4 1
"39a5eebd687b5d77" 13254 13255 0 1
"5a398e1c5f290610" 13258 53 4 6
"025646ee887b888e" 13261 53 4 6
"27b916160452e4d2" 13263 53 4 6
"2b6244e5cf51496e" 61 13271 4 0
"c31e13f2f0d85a31" 8155 13331 4 6
"f292db1e78e6ec60" 13381 2316 1 13
"eb4661e9851f3d97" 2 13398 2 4
"d031b87fd6520bcd" 13417 8486 1 0
"e262d484eda3e488" 330 10558 6 4
"49c0183b66cdcd8a" 13516 6610 1 149
"445661e9851f3d97" 2 13532 2 149
"df03cfe46a8aba25" 388 3267 4 1
"ebf8a20ad9525ccf" 13578 2318 0 1
"7aae00d5d5396540" 13608 13609 4 153
"9304b3a001dc7db6" 251 9456 4 5
"4e905ead78cdc04b" 13628 13618 5 6
"995be45eb0dc17a8" 237 5774 13 0
"828244e5cf51496e" 61 13645 4 1
"4eb262dc2b7dd92e" 9449 13693 1 152
"e41cdd329c5247b3" 13725 8723 4 1
"8b41d515a3681858" 2247 13763 6 4
"35092df9c0e391b8" 3081 13772 4 1
"2e122fb1fc8f18e5" 6456 13780 1 1
"8d8b8a302f02259f" 9539 13831 5 1
"9d96b23e5a39fcc6" 13853 13854 4 1
"ee59ff8810dc2f65" 202 11646 4 0
"71248d908310ff4c" 13729 13880 1 27
"393427896dcde9e6" 13894 13895 1 1
"d532d8a9884d831c" 6712 3663 0 1
"f79aa3d5dfa3bc22" 435 2238 6 4
"e9b57a8da0487b8a" 357 347 2 4
"414361e9851f3d97" 2 940 2 4
"a4622b478ec32887" 2094 726 4 1
"63cedc686c2b46d0" 9145 13951 5 13
"5b50bfe5b88a4999" 297 2318 6 0
"345361e9851f3d97" 2 1243 2 149
"7f28ed661d39e7ba" 14000 14001 1 6
"b22eb1dc7b7163c1" 1559 358 6 6
"75a571b579109250" 14051 9446 1 1
"b4b54521c1f32b63" 3998 14055 152 1
"52e1df8abccc4c4e" 20 1243 2 149
"75baa80e05f61aab" 14060 373 4 5
"afd82bc0d2dc1a59" 349 3327 5 6
"56d38b93d3f32e14" 4110 14097 6 0
"3929191bf7babc84" 2852 953 6 0
"ac2efea296f5aaca" 305 3291 4 6
"3ad984e186610fac" 425 3196 4 1
"ef2b70dfef390ea5" 14154 4110 4 6
"7785678461f52b01" 25 14176 5 4
"0798a866a1dc65f9" 286 14220 11 1
"ff7b91b3dc107577" 14233 13160 1 13
"191d8ea10dd19ba9" 6830 14237 1 13
"efd829ad7149443a" 14238 410 1 6
"d2f511493fa47a54" 14239 14240 1 6
"952af83d89f5fbcc" 466 14241 1 0
"fb06e6dc7206efc2" 949 14252 4 1
"b4aadf8b7fa4d072" 14253 1664 1 6
"2ee6303d88f628d9" 14249 14267 4 0
"2b1c86797d106daa" 14268 1664 1 6
"78be141efd102ad6" 14296 14297 6 4
"f17833ccc3f19c51" 8062 14299 4 1
"3a1f934d99f833f4" 10353 4724 1 0
"94f7994e3c8b0d2d" 14325 14326 4 1
"4ea244e5cf51496e" 61 14345 4 1
"d95b6975b7626971" 14327 14328 0 1
"8259d81b5aa8743e" 6069 14357 1 6
"c977025497623e6a" 14320 14358 1 1
"706b8e04ec8bf460" 14360 14361 4 7
"287e36cdd058e10b" 1232 14364 0 1
"ca8db160530089db" 12854 8688 1 13
"d2783b9cb6dd6f02" 14398 297 4 6
"f064eaf12d9f8e56" 7331 1246 1 13
"8a4597b645dcae2f" 482 14176 6 4
"099caedbaecc14f7" 125 3189 6 0
"a141889edf8b4662" 14521 355 1 4
"6ac758c55b62a2b6" 14523 13213 1 6
"bf7e4e6f64610cfb" 313 14532 1 6
"760190f9ec9a8a64" 1389 14556 1 0
"399e1db27749e63e" 14560 13213 0 6
"ebb244e5cf51496e" 61 14563 4 0
"a24b136d4320d4a7" 14583 3461 1 1
"1080c86616b46ba9" 14610 1033 1 13
"f7eed100bd587554" 1925 14620 13 4
"280dcfe52d624f49" 14621 8647 6 4
"16c64bc047b41019" 14673 14674 7 7
"5b2a1bf7b29b6c5d" 14675 14676 1 4
"8c34e5344aa3ab43" 134 4668 6 1
"e961179d848182de" 2049 14687 1 7
"9c7cf9a9736d8a25" 8168 14731 4 1
"483b00e8aeec6fb3" 1854 1664 4 6
"222c63343b495b7a" 14763 681 1 0
"20ae04e4d35f62a3" 3369 347 4 6
"f344f949a49b3407" 14780 14093 1 1
"c095c9702072905b" 14782 5512 1 1
"20f867808ae3a8f8" 3606 358 4 6
"8b16d0ed210d3ff2" 2855 355 1 4
"670b75938f51e250" 47 14809 2 0
"34208ee235685edc" 2331 14810 1 4
"104bbe36c072888e" 14817 14818 0 1
"cace5e94b7203127" 14821 1513 1 0
"6ffee59e5c4900e9" 14826 358 4 6
"b1f089ddb820ba7f" 14877 14176 1 4
"26a1e00fd820e586" 14884 1160 1 13
"964f3ec9122f6ad2" 681 14914 0 1
"924a99710a8a2900" 367 14924 5 4
"4e4f34e5cf51496e" 61 521 4 6
"bd078ca2879b5af1" 14934 3327 4 6
"1ec4263d68a17ded" 3988 14359 1 0
"def27533b09f8c22" 6659 14940 6 4
"7278fa53be4969a8" 14952 14953 0 1
"807caa21668aefca" 171 10383 48 1
"cd794ab42c1fc7de" 359 1863 2 1
"bd5a467436241e18" 6833 14956 5 7
"940bd423c0e100f5" 7033 3282 5 0
"52b234142f24022e" 7316 347 4 6
"7c6f52296ea3a1b4" 358 347 6 6
"84ca5903232fe33b" 737 297 6 6
"5077dc74c5dad998" 4462 6225 4 1
"62c996075db4ed14" 15002 358 1 6
"ed54c225999b5da2" 15046 18 1 0
"d7e350c91a9b1ade" 15074 53 4 6
"e9c31b505f61c7ab" 901 11067 6 4
"086cc7870ce15dba" 7642 1664 5 6
"abe1bc457af54a1e" 515 297 5 6
"aace47b6a7ca66d8" 3699 297 4 6
"723c15b636726e56" 15111 6130 4 1
"30c9dc796fb4e0d4" 15114 8019 1 0
"9c93c4152d2017fe" 15115 8688 1 13
"8e0c34aa8fb41cdb" 15121 1561 4 1
"8ef71d1b042f328c" 786 8688 1 13
"01579d25d2c8e671" 7392 15130 1 0
"4e0abf4b2146a6f3" 4337 1333 4 0
"7e3b7ae600065bfc" 816 10017 1 1
"54710b873f201aaf" 15227 7548 1 6
"9eabac368844c2b2" 8688 355 13 4
"3921b1753d9b96e7" 15242 355 1 4
"30d7b794b3917fe6" 2868 15257 5 13
"d70e27a57b07893e" 15271 15272 6 1
"100b5903232fe33b" 737 1250 6 2
"511f2146dfccc857" 188 1251 5 6
"b855662a3dffabc0" 12525 1664 4 6
"45c661e9851f3d97" 2 15340 2 1
"f208b09fa3c4124d" 15345 384 1 9
"007a398794149c2a" 5881 15369 6 1
"4b83bfe5b88a4999" 297 15373 6 0
"5c874e2434c4de69" 15373 410 0 6
"b8a406f66d0751e7" 15376 485 4 6
"866ba55554c40a70" 15380 286 4 4
"ad9525eab6590f5d" 15386 410 0 6
"9780b831d2f5368e" 102 15373 5 0
"be18a866a1dc65f9" 286 12295 4 4
"ab15e5962a5d050a" 7664 15412 1 209
"8dfe3e347476e449" 7109 15413 1 210
"e4db5903232fe33b" 737 4655 6 0
"a761c90f4e07af29" 15425 6907 1 211
"15839936c9edfb7d" 15427 1664 6 4
"29bec0d99561b06b" 376 3396 4 6
"3c5c413ec117bd57" 15614 15615 1 1
"d384f168be16c652" 2475 14532 6 209
"6006ab38d73621d8" 3833 15631 1 0
"986b47d8aded9bc0" 15637 15638 1 9
"1fcc12d7e3819a9b" 2014 9805 4 1
"fd5ec933deed4030" 15700 15701 4 6
"3ccf6533b09f8c22" 6659 1842 6 6
"5ab5d1e3af1fd50d" 548 15819 2 0
"c96f5ffedb16a067" 2321 15821 0 1
"f962bc457af54a1e" 515 2318 5 0
"6975afa9b50697e2" 1124 7548 4 2
"8e6931987fc42c3e" 15982 820 0 1
"6cc92b6c1df84123" 10542 12370 0 1
"92adeef4c11608f1" 1775 3788 27 27
"80e7d38e6f814e7e" 2637 16029 13 1
"478bbc10ab1f0ba2" 331 8283 5 4
"1248a22ea5afe047" 7793 16114 6 1
"945a7da56dab0d58" 16117 16118 0 1
"f63ed4d68dab386f" 16124 16125 7 0
"6afa2eca602ff847" 590 7442 5 0
"ec3019959ab34dca" 1016 16128 5 1
"67c18cbed04bedb9" 10251 3997 5 1
"df13896ad5eca6c4" 1378 1333 0 1
"0f64e050c540b449" 16445 5141 1 210
"ad14784a6a69830c" 16450 1842 1 6
"958571e8371fae23" 93 94 5 6
"b660811db7f55f2a" 368 357 4 2
"ddd1f429e1f5e73d" 53 1098 6 29
"b7ec3a78299a1628" 1186 115 1 13
"985361e9851f3d97" 2 1313 2 0
"8fd45b9957f5cd05" 347 847 4 5
"b942bc457af54a1e" 515 1802 5 6
"98ad9b8d9b5872a3" 1813 1814 4 1
"b52e238740815166" 1818 1819 6 4
"7c07df35f8aafa73" 2040 2041 1 4
"0eaf34e5cf51496e" 61 2053 4 0
"c912f429e1f5e73d" 53 2057 6 4
"7d8355de86d3cd3c" 2528 2529 1 1
"a263ef71fb2fac2a" 1213 2767 4 6
"74e43cee6826dd92" 3000 3001 1 4
"3540ca89674831d8" 721 3012 6 7
"a6d3f97c629a50e9" 822 3502 1 0
"47b5f6159e781f61" 3703 847 1 4
"71ea4bae3191ea11" 2735 2298 6 0
"993320929cca8f74" 3965 3966 1 1
"cee9aa21668aefca" 171 115 5 13
"fd7dc8fe4c6fd4e6" 4692 4693 1 1
"4b3461e9851f3d97" 2 4940 2 4
"1e502f479a38ad7f" 28 4943 2 1
"25e3141d3b3895b2" 63 5413 6 1
"76aff808ba1fbc51" 282 5415 6 1
"45742061a4f5d221" 200 5430 6 4
"f93cec936c166d83" 2349 4692 1 1
"7db044e5cf51496e" 61 6396 4 0
"3ba4f84e8c8f86c0" 6435 6402 244 245
"02cc1aeb97f52423" 361 1337 4 0
"be723069d6e1ddf0" 7362 7363 4 7
"af37983ba1e15e37" 7082 7594 5 13
"9c1a0a4fc5af1c4e" 7800 7803 6 1
"bdb5e44fce1b9f3d" 8410 8411 1 0
"95fbaa21668aefca" 171 8416 5 13
"3856236b3248b11f" 441 8652 4 0
"b4b975474c2b1bc9" 9138 9139 1 1
"32ca60fb899aa74d" 1207 9150 4 6
"2a2caa21668aefca" 171 9257 5 13
"611dd14918da3367" 4588 5172 1 4
"310a4ab42c1fc7de" 359 3966 6 1
"f1c361e9851f3d97" 2 2999 2 0
"34eeca483fb17e95" 5220 9257 1 0
"d4e75cfdcebf4bbd" 9151 9632 1 4
"7dde1aeb97f52423" 361 9968 4 0
"1e04df8abccc4c4e" 20 10135 6 4
"88b5a9f66781a8c9" 2203 10143 4 1
"1ab648f967615dfd" 474 10145 5 1
"7af1806c0df50afa" 655 10154 5 1
"50f4d58675c3097a" 1604 10251 4 1
"dffe61069358dcee" 1379 10252 4 1
"82388daf65c177b7" 5556 4926 4 1
"1ec6d04011b6a8b9" 10385 10386 7 7
"28c78c7ce5dc9662" 517 10399 6 4
"ff31f652effc5f8c" 2785 8416 6 13
"7194041333223b53" 10624 10625 1 4
"b6d1a3a6f8b61367" 10812 3001 1 4
"d3ccec4729ef950d" 11440 6647 1 1
"f7b2bdf525f59f4d" 228 229 1 6
"73e1622e089da8e0" 11010 2767 4 6
"6a1efea296f5aaca" 305 2999 4 0
"00a45f24bafcdfc2" 2505 3001 4 4
"a54a713fbd198422" 12306 4450 1 13
"fea140810e19ea30" 12320 3001 1 4
"3ccded49b000c9fe" 12714 115 1 13
"21d03146dfccc857" 188 8416 5 13
"d90a7936550606cd" 1103 8416 4 1
"1e3950a0a4647e2b" 10207 12820 5 1
"8942da70a6aa91b4" 1914 6648 4 1
"336cc6a5691d4b28" 4164 1337 4 6
"b70ec7c076641bcd" 10305 6396 1 4
"9d03d573ac000ff6" 13358 357 4 5
"c9b4985f7d2fe2be" 1297 14029 4 5
"98383faf9bf5fe7d" 578 14049 6 4
"51c919aecf39d2ae" 14147 14148 4 6
"cfc4ff5552dd0392" 14160 1814 1 4
"3231ea805b34ad34" 7974 6647 1 6
"422a99710a8a2900" 367 14407 5 1
"48241de7462026a9" 14744 1814 1 4
"752eb1ed7e0bfdb5" 7528 15001 4 1
"54b1952222ede7ed" 15014 15001 1 1
"a43da47e0806f0b1" 1250 15106 2 7
"fa73bfe5b88a4999" 297 15112 6 0
"9398944c98076343" 15117 15118 7 0
"70f0c295a81fb9a0" 170 2999 19 0
"52b690f50698085c" 4970 10005 4 1
"7fe3332fa3abf518" 15592 3001 1 4
"d3c920f095727623" 15076 10147 1 6
"274c51c221cfa48c" 9277 3479 4 1
"0c6daa21668aefca" 171 14407 5 1
"83ca62f39fcc6249" 174 15428 0 7
"bdb3ed081491011c" 2889 16404 4 0