"a411d597d5db073b" 20 1446 2805 2807 2806 13 2807 2806 13 553 357 417 3125 2883 22715 13 38 261 4330 262 4 8517 -1 -1 0 0 0 0 2 3 3 2 2 4 1 3 2 2 0 0
"09f2554cb43e8e9b" 21 347 600 151 2452 13 347 22716 330 6462 13 553 66 3474 66 3474 13 2859 6278 6605 16207 4 8518 -1 -1 0 0 0 0 8 9 7 8 8 6 6 6 8 7 0 0
"7858da512639179e" 19 1121 13732 13 41 3088 61 415 967 13 553 22717 1389 443 13 22718 22719 13 4647 4 8519 -1 -1 0 0 0 0 5 4 3 4 2 2 2 2 3 4 0 0
"e54697a75645f568" 23 1109 1585 1586 13 9714 22720 13 22721 47 22722 13 553 3358 171 22723 22724 171 1552 22725 13 1002 987 4 8520 -1 -1 0 0 0 0 9 9 8 7 9 8 6 5 6 7 0 0
"14972fa132cdc184" 24 41 150 279 280 12553 13 22726 21883 1821 13 553 357 66 1934 6892 171 22727 13 2 22728 22729 22730 21883 4 8521 -1 -1 0 0 0 0 6 6 5 5 4 2 3 3 4 5 0 0
"557693bdb925c67c" 23 191 1882 8078 1628 1043 14098 13 1043 1429 13 553 87 355 171 22731 87 19064 13 87 6543 9920 2284 4 8522 -1 -1 0 0 0 0 8 9 9 8 9 7 6 4 6 7 0 0
"f2a70a6c5bd89cfb" 23 2978 5937 13 41 150 188 22732 66 4130 13 553 357 347 36 20426 367 22733 13 347 956 3285 367 4 8523 -1 -1 0 0 0 0 5 6 5 3 3 4 3 3 3 3 0 0
"ed66df561314412b" 28 34 564 515 605 13 35 330 36 13 357 373 61 22734 13 553 1892 22735 990 22736 13 457 14421 170 13 22737 22738 22739 4 8524 -1 -1 0 0 0 0 6 7 6 6 8 4 4 4 6 5 0 0
"fea20eef095b8887" 29 66 22740 1580 4647 13 414 22741 13 357 17930 803 1096 13 553 2 2730 847 2200 4547 13 1096 2200 8380 2200 471 13 2200 116 4 8525 -1 -1 0 0 0 0 5 7 5 4 2 2 3 2 4 3 0 0
"53db8ef67e9ff659" 31 357 1093 22742 2 9629 13 93 22743 22744 13 553 14146 14147 2 191 21434 22745 22746 13 553 22747 22748 15906 5630 13 2 106 3048 229 22749 4 8526 -1 -1 0 0 0 0 6 6 6 6 5 4 3 3 4 6 0 0
"2b9afa5ea961dedd" 33 2725 13 357 1587 1890 61 2726 13 87 22750 22751 13 553 14566 87 983 8394 35 22752 20 22753 8669 13 553 1872 8788 22754 13 35 22755 636 22756 4 8527 -1 -1 0 0 0 0 7 7 6 6 6 4 3 2 4 4 0 0
"05b86b92ee4ec5a4" 29 655 10305 1665 13 357 150 698 22757 13 655 7475 3337 13 553 113 21770 2273 2274 22758 13 9462 61 4799 22759 13 347 4330 22760 4 8528 -1 -1 0 0 0 0 5 6 5 4 3 2 2 1 3 3 0 0
"fbfc1e35f5703d15" 28 2697 61 2698 2699 13 20 326 22761 13 553 15986 13211 13 6754 2151 1112 13 2905 22762 2 22763 12583 2318 13 2 2321 22764 4 8529 -1 -1 0 0 0 0 6 8 7 7 6 7 4 5 5 6 0 0
"57ae35f59be0ca48" 19 13100 13098 13099 13 3710 331 13101 13 553 23 12641 125 13 357 574 1580 835 15159 4 8530 -1 -1 0 0 0 0 7 7 6 6 5 4 3 3 4 5 0 0
"ee402df9cc392aaa" 41 2335 25 976 13 330 347 66 286 305 174 4400 349 13 553 150 188 552 22765 36 1568 1592 7816 13 553 6939 61 661 6940 13 23 3036 4577 22766 13 22767 13 2 22768 347 22769 4 8531 -1 -1 0 0 0 0 5 6 4 3 2 4 3 3 3 3 0 0
"ab0a8900eb94532e" 18 1857 93 18563 13 359 22770 9336 13 553 530 8617 13 1604 21388 1606 353 21135 4 8532 -1 -1 0 0 0 0 7 6 8 8 7 7 6 2 4 3 0 0
"3fa8e67ef9762fb6" 23 5141 87 608 920 13 4711 6546 2 16953 13 553 548 188 304 330 17852 13 87 3248 5751 12689 22771 16483 8533 -1 -1 0 0 0 0 9 8 9 8 8 5 5 2 6 5 0 0
"2a49403e73531786" 18 188 150 304 2989 13 297 87 61 13 553 113 2768 5141 22772 13 87 4711 16483 8534 -1 -1 0 0 0 0 8 9 9 8 7 8 7 2 5 4 0 0
"53193c685d7b285d" 26 341 17921 13 188 2316 61 174 11949 11950 13 553 1071 4339 22773 13 1109 14571 353 2151 774 22774 2 22775 2075 18071 4 8535 -1 -1 0 0 0 0 9 9 8 7 8 8 6 2 7 6 0 0
"d42d1e46f58ce680" 20 191 22776 13 1543 102 606 13 2768 113 14466 13 553 1071 1829 22777 22778 2777 1160 22779 4 8536 -1 -1 0 0 0 0 7 8 6 6 7 9 6 2 4 3 0 0
"ba80e8d37eb41d51" 23 150 102 3278 116 2018 13 1709 1109 113 22780 3467 13 553 357 373 1122 1187 12122 13 1808 1121 13732 16483 8537 -1 -1 0 0 0 0 7 8 7 8 9 8 6 7 4 6 0 0
"077195b7ad19d8e5" 27 13098 13099 13100 13 373 3710 13101 13 553 297 87 61 13 2768 8812 13 482 14146 14147 14148 13 2 2280 10893 9657 22781 4 8538 -1 -1 0 0 0 0 8 7 9 7 8 5 5 3 7 5 0 0
"0b25adb6a1964adf" 21 1109 1589 417 2018 13 357 3951 415 12370 13 553 102 920 2273 2274 2275 13 297 87 61 16483 8539 -1 -1 0 0 0 0 10 9 9 7 7 6 7 2 5 6 0 0
"02c67909db4661af" 25 188 150 304 2989 13 4505 2 4361 87 61 835 15159 13 553 66 113 2200 471 13 5217 6105 1605 2 18378 4 8540 -1 -1 0 0 0 0 7 9 9 6 6 8 6 2 7 6 0 0
"45d950fabd94f631" 21 2023 3248 11880 13 66 3474 66 3474 13 553 1808 1121 13732 13 1016 1494 61 87 605 9275 4 8541 -1 -1 0 0 0 0 8 8 9 7 7 7 6 6 5 6 0 0
"3b98236a4555e316" 22 150 1568 21492 13 852 21341 95 1489 113 22782 13 553 15986 13211 13 1808 9920 87 5795 2 17897 4 8542 -1 -1 0 0 0 0 6 7 6 6 8 7 9 3 4 4 0 0
"0ae66ed06033f7a2" 17 66 11405 22783 13 22784 1032 1765 13 553 8788 12274 13 2 8380 2200 471 4 8543 -1 -1 0 0 0 0 7 8 8 6 7 7 8 2 6 5 0 0
"deed232e1ded9c83" 24 138 515 1109 22785 13 4007 2335 25 976 13 553 8788 12274 13 2 186 305 22786 13 297 66 1002 987 4 8544 -1 -1 0 0 0 0 6 7 8 7 6 7 6 3 6 5 0 0
"34803dba77e093ed" 25 66 2310 1930 13 150 515 36 22787 13 553 191 7123 15004 1765 1592 13 87 61 359 604 13 13140 171 15813 4 8545 -1 -1 0 0 0 0 8 9 8 7 7 7 5 4 5 4 0 0
"f9e9b92265d81014" 26 95 1494 388 353 22788 13 41 3088 61 415 967 13 553 14421 170 1032 13 530 8617 2 600 1592 1606 353 21135 4 8546 -1 -1 0 0 0 0 7 8 9 8 7 8 4 3 5 5 0 0
"b6958015bf913fbb" 15 1110 2805 22789 2807 13 553 744 87 22790 457 331 712 13902 12115 4 8547 -1 -1 0 0 0 0 4 3 3 6 7 3 2 4 4 5 0 0
"61b3b23bdf56c313" 18 87 3248 5751 12689 15168 13 553 530 22791 8617 13 191 13098 13099 13100 3710 13101 4 8548 -1 -1 0 0 0 0 5 4 6 3 5 3 4 3 5 7 0 0
"34ca79c81c0a0ea2" 15 983 8394 13 5936 5937 13 553 35 116 845 388 22792 297 22793 4 8549 -1 -1 0 0 0 0 6 7 6 4 5 7 6 3 6 4 0 0
"c44ecf34dbd11aad" 14 87 4711 3416 22794 13 553 20 22795 2356 359 34 9335 9336 4 8550 -1 -1 0 0 0 0 8 7 9 5 5 8 6 6 5 6 0 0
"03f38fda5c279b42" 15 890 61 305 2698 2699 13 553 2725 357 1587 1890 61 2726 12115 4 8551 -1 -1 0 0 0 0 6 6 5 7 7 5 2 5 6 6 0 0
"3446f183a0ae07be" 16 5141 608 920 1342 4766 13 553 1354 16352 5630 13 341 600 2781 22796 4 8552 -1 -1 0 0 0 0 8 8 4 7 8 6 6 9 7 8 0 0
"bf5e7a86f512d1cf" 15 681 3332 394 14382 22797 13 553 35 2748 2225 1131 8831 22015 78 4 8553 -1 -1 0 0 0 0 7 6 5 6 6 5 2 4 5 6 0 0
"e37cfbe63bc8da11" 21 1109 9714 22720 13 499 3285 367 553 20 1131 22798 2 2978 1319 13 171 22799 347 22769 3497 4 8554 -1 -1 0 0 0 0 4 8 6 4 5 6 3 4 5 6 0 0
"a5dd67fc24782c8a" 13 6543 9920 18578 13 553 11875 11941 2 9110 170 171 22800 4 8555 -1 -1 0 0 0 0 9 7 8 6 7 7 5 4 4 3 0 0
"ea17934bb3be0564" 17 191 1829 386 22801 13 553 20 455 9336 22802 13 1071 279 150 280 281 4 8556 -1 -1 0 0 0 0 8 8 6 5 6 5 6 5 5 6 0 0
"45bcade6e59b6df0" 14 261 262 13 553 66 22803 22804 466 13 66 3474 66 3474 4 8557 -1 -1 0 0 0 0 6 5 4 7 6 4 2 3 4 8 0 0
"e0114d26fc4f29be" 15 2 1002 987 1664 13 553 2905 2696 13 2200 471 102 521 22805 4 8558 -1 -1 0 0 0 0 5 6 7 6 5 6 6 4 6 5 0 0
"5fa6d55beb17a008" 16 482 14146 14147 14148 13 553 1808 1121 13732 13 10450 102 9356 22806 22807 4 8559 -1 -1 0 0 0 0 5 5 5 6 8 4 4 8 5 6 0 0
"186639a4113176d6" 10 1122 1187 12122 13 553 835 15159 359 22808 4 8560 -1 -1 0 0 0 0 6 7 6 6 6 7 4 6 6 7 0 0
"27038a4c491fe8cb" 24 102 920 2273 2274 2275 13 553 22809 604 13140 171 15813 13 113 553 1109 4447 22810 2 102 61 655 10305 4 8561 -1 -1 0 0 0 0 5 8 6 5 6 6 5 4 6 5 0 0
"d55f2f9a02293fd8" 17 548 188 304 305 5883 330 13 553 22811 373 22812 13 134 645 305 2637 22813 8562 -1 -1 0 0 0 0 5 6 7 7 5 6 5 4 6 5 0 0
"c715d751bc60c426" 18 113 655 10305 3104 14610 82 13 553 2 171 3358 5481 13 373 355 435 22814 4 8563 -1 -1 0 0 0 0 8 8 9 7 6 7 4 2 4 3 0 0
"09dd378a17780cfe" 18 719 61 6019 6940 13 22815 1071 772 553 191 1882 8078 521 1043 20083 13 297 3350 8564 -1 -1 0 0 0 0 7 7 8 6 6 6 4 5 6 7 0 0
"ea5df12bc62a8137" 22 1747 417 13740 13 93 22816 61 6458 13 553 3100 1930 13 1122 425 3101 171 270 5328 55 892 22817 8565 -1 -1 0 0 0 0 6 8 8 7 7 8 4 5 6 5 0 0
"620565992f2cbe06" 12 23 15543 15544 15545 13 553 95 4711 61 171 22818 4 8566 -1 -1 0 0 0 0 7 6 6 4 5 7 3 4 5 4 0 0
"5d49354cc75f9180" 22 2 87 4404 61 188 13 87 1604 349 11535 13 553 359 928 14629 13 191 11656 22819 22820 367 4 8567 -1 -1 0 0 0 0 8 9 9 7 8 6 4 6 8 8 0 0
"6f71f2fed45b48d2" 38 353 5439 5440 5441 5442 358 13 553 1131 1067 1949 719 13 357 87 150 36 12646 12583 13 25 949 3281 13 553 15366 15367 15368 5881 15369 13 1071 150 87 36 171 9721 4 8568 -1 -1 0 0 0 0 8 5 6 4 6 6 3 7 6 4 0 0
"ff5827706e662752" 22 347 2143 544 13 1071 34 22821 13 553 35 719 61 721 13 500 1449 13 8676 134 22822 16262 4 8569 -1 -1 0 0 0 0 7 8 6 6 6 7 5 5 8 6 0 0
"3563535d43da1591" 42 20 10903 22823 13 113 373 3221 22824 2 22825 722 22826 553 20 93 22827 87 113 4851 3497 19781 13 12856 53 445 5870 553 297 722 25 704 566 1825 13 2 188 22828 150 22829 720 3278 4 8570 -1 -1 0 0 0 0 5 4 4 5 6 7 6 7 6 7 0 0
"a79341e7aa77cf04" 23 23 134 2692 13 7329 1552 621 12630 13 553 347 441 4093 13 191 102 2278 22830 22831 3523 22832 22833 4 8571 -1 -1 0 0 0 0 7 6 6 5 6 6 4 5 7 7 0 0
"2f8d54bef20a8df4" 53 66 629 353 13 2 93 4093 13 347 7428 2941 362 22834 4093 553 2464 13246 174 892 13 2 188 394 13 20 22835 2807 13 1374 61 53 102 8776 13 553 2735 87 4872 13 4125 95 1342 169 13 2 4715 61 5378 171 3519 13 7249 4 8572 -1 -1 0 0 0 0 8 7 6 7 6 5 5 4 6 6 0 0
"cc25971839e48eaf" 23 27 993 4077 13 347 3497 1857 14738 2006 13 553 453 171 3701 61 13 150 36 1507 3751 188 22836 4 8573 -1 -1 0 0 0 0 6 5 4 4 5 5 3 6 6 4 0 0
"aadad39b9113d3fa" 35 1389 326 10708 4352 22837 13 282 3048 4970 15257 13 553 20 2029 1446 13 2 3227 675 4212 13 20 469 13 1374 102 7949 2 355 22838 22432 35 23 596 6561 8574 -1 -1 0 0 0 0 6 7 6 5 7 6 5 4 7 5 0 0
"5587eb1cd554a6dc" 27 357 3425 23 2891 93 2513 13 5836 603 5837 13 553 596 9487 13 20 102 22839 19229 14282 13 22840 22841 1131 1509 530 4 8575 -1 -1 0 0 0 0 8 6 7 7 8 6 4 4 7 6 0 0
"753682e79b1a9782" 55 687 4310 4311 4312 1370 3076 4313 13 553 2 532 7123 14979 53 748 1043 4125 349 7561 13 1013 22842 22843 22844 22845 22844 22846 22847 20 23 3621 22848 13 22848 13 2 22849 4 4 4 68 13 38 22850 20994 150 975 11590 4699 13 22851 22852 4 4 4 8576 -1 -1 0 0 0 0 4 5 4 5 5 3 4 5 6 7 0 0
"eb84923aca748650" 23 796 11978 2476 22853 13 373 61 282 22854 134 13 553 508 113 3478 22855 13 8520 95 1489 61 22856 4 8577 -1 -1 0 0 0 0 5 6 5 4 5 7 3 2 3 2 0 0
"6e1d0bb77e3d463f" 25 28 347 36 63 1243 13 457 2891 15193 13 553 357 630 35 87 61 3405 17966 13 1374 150 36 1780 22857 4 8578 -1 -1 0 0 0 0 8 8 7 6 7 8 4 3 4 3 0 0
"36069169571569bc" 21 171 2751 737 1043 4751 13 553 1034 41 3685 3686 3687 13 1376 357 22858 359 515 6784 22859 4 8579 -1 -1 0 0 0 0 6 7 6 5 6 7 3 2 3 2 0 0
"3e153260bea6524b" 42 2717 454 13 4125 817 5568 877 17823 13 553 44 169 171 21527 3451 13 87 1284 22860 22861 4 553 1052 150 2062 22862 396 13 1052 113 1589 25 22863 13 553 1523 17504 13 17642 22864 17479 4 8580 -1 -1 0 0 0 0 9 8 9 8 8 7 5 3 4 4 0 0
"ff73a156cdc7b6a9" 43 102 1284 13 20 5935 95 542 61 282 4748 13 553 357 596 9136 515 1973 2 22865 13 553 68 3554 53 13 34 113 22866 171 22867 396 13 553 188 22868 61 113 653 17942 2 608 22869 4 8581 -1 -1 0 0 0 0 7 6 6 4 5 7 2 4 3 2 0 0
"2918cf7cd058fee0" 36 495 13 495 1298 2859 22870 13 553 357 150 1507 13 9463 1749 68 22871 6104 68 13 95 61 9001 340 4 553 2 5836 603 5837 13 457 2891 721 6444 22872 4 8582 -1 -1 0 0 0 0 6 6 7 4 5 7 4 4 3 3 0 0
"6455dda57f971e78" 47 3868 5537 13 22873 22874 13 553 22875 171 9636 3174 13 1250 347 36 110 553 41 3685 3686 3687 13 66 574 13 34 186 13 553 35 95 170 2151 61 6561 1192 2772 13 1122 704 4521 2 9251 13 1580 364 4 8583 -1 -1 0 0 0 0 6 6 6 4 5 6 3 3 3 2 0 0
"381e1628432fe9f5" 42 2 66 953 420 13 20 102 858 504 2192 13 553 357 596 1131 1973 2 1238 13 1071 414 53 7793 22876 4 553 1041 102 22877 653 17942 13 553 191 87 12365 515 2 1238 171 22878 110 8584 -1 -1 0 0 0 0 5 7 6 4 5 4 3 5 2 2 0 0
"53a6a88808010c74" 41 23 12894 12895 13 22879 845 13 553 9398 16891 21682 13 357 87 150 504 9282 13 553 66 574 13 25 2316 61 13 2 87 1604 1605 13 553 150 76 36 22880 305 188 16098 22881 4 8585 -1 -1 0 0 0 0 8 8 9 6 7 8 5 3 3 3 0 0
"45cfa79c04880742" 53 66 23 457 6250 1043 13 1341 347 22882 349 10955 13 553 26 9048 22883 13 1013 138 13 357 7389 134 66 14207 22105 4 553 102 87 1721 13 1047 653 13 35 34 956 22884 13 553 2318 113 12516 535 2 1604 171 22885 305 2 18251 4 8586 -1 -1 0 0 0 0 7 7 6 4 5 7 3 4 3 3 0 0
"9203aebc7e8a6895" 46 66 574 13 357 6982 8416 4638 362 9142 110 553 41 3685 3686 3687 2 1179 607 1043 18 13 553 607 22886 7282 22887 2 22888 927 22889 13 553 47 1007 636 22890 13 87 61 5385 22891 13 2 1319 1934 4 8587 -1 -1 0 0 0 0 6 6 6 4 5 6 3 4 3 3 0 0
"bbf54a43877d2201" 45 22892 150 545 1806 13 586 3125 530 5836 2720 5837 660 13 553 2195 1374 6969 11083 7156 2 93 660 13 553 191 22893 22797 13 1047 63 22894 93 22895 13 553 38 723 578 13 191 5736 313 1109 12212 4 8588 -1 -1 0 0 0 0 6 6 7 5 5 6 4 4 3 3 0 0
"48c0868ec416d6a2" 63 1047 2735 87 4872 13 2006 1842 20394 2 87 61 22432 13 553 357 357 737 22896 4751 13 22897 150 1667 13 4638 504 87 2024 4 553 150 17883 13 150 4337 330 22898 22899 22900 142 13 553 22896 22901 357 87 22902 22903 2 87 61 457 14184 4107 394 13 8341 574 22904 93 4 68 13 8589 -1 -1 0 0 0 0 6 6 6 4 5 5 4 4 3 3 0 0
"cfb8134685aad7c3" 64 20 2029 537 23 545 13 517 22905 22906 13 553 357 28 1732 653 6475 22907 13 1374 66 3425 13 22908 22909 4 553 347 1497 13 1549 13 1549 347 1667 4638 87 3210 6563 13 2978 188 115 347 22910 13 553 357 22911 61 742 7543 22912 326 22913 22914 13 170 6991 22915 200 55 22916 2513 4 8590 -1 -1 0 0 0 0 8 6 7 5 6 7 4 4 3 3 0 0
"6bf59e7ad60521be" 45 357 737 1043 4751 13 22917 13 553 1131 1067 1949 719 2 519 3736 1179 193 8215 4 553 357 93 6089 61 2785 722 18 13 553 703 113 1747 417 13740 13 1488 1304 515 698 7092 22918 22919 737 4342 4 8591 -1 -1 0 0 0 0 6 6 6 4 5 5 4 3 3 3 0 0
"45631b676d7f1b44" 19 740 9494 13 191 22920 22921 93 13 553 508 4181 13 3344 22922 351 774 4 68 13 8592 -1 -1 0 0 0 0 6 4 5 6 6 4 3 4 4 3 0 0
"fe95ce4a1ee02f07" 15 20 2029 1446 13 20 3294 13 553 5836 603 11147 13 22923 5837 4 8593 -1 -1 0 0 0 0 9 7 8 6 6 8 3 2 5 2 0 0
"76e9eb22ebee86c5" 18 20 22920 22921 93 13 1747 417 13740 13 553 3070 1349 13 2859 6392 2200 22924 4 8594 -1 -1 0 0 0 0 8 6 8 6 5 7 4 3 4 2 0 0
"df11632bc1810f39" 21 1342 13 297 722 25 704 566 1825 13 553 357 3425 23 2891 93 22925 13 4862 2412 22926 4 8595 -1 -1 0 0 0 0 6 6 6 8 7 5 3 3 5 7 0 0
"58959027c3c35a67" 17 2692 13 347 2143 544 13 553 44 169 3451 13 1013 331 3813 21306 6514 4 8596 -1 -1 0 0 0 0 6 4 6 6 6 4 3 3 5 5 0 0
"f7c15b624fa447a2" 24 353 5439 5440 5441 5442 358 13 553 170 858 1473 13 1549 858 504 2192 13 2 66 629 22927 4 68 13 8597 -1 -1 0 0 0 0 7 5 7 6 6 5 3 4 4 4 0 0
"8ec7657e822d209c" 23 191 12211 12212 13 9695 7659 7604 142 13 553 3100 1930 1122 425 3101 171 270 553 13 171 3739 22928 4 8598 -1 -1 0 0 0 0 8 7 7 6 6 7 3 4 5 4 0 0
"95fd26dc13e390bc" 22 41 3685 3686 3687 13 27 993 4077 13 553 15366 15367 15368 5881 15369 13 11302 20743 150 993 14827 4 8599 -1 -1 0 0 0 0 9 8 8 6 6 8 4 2 4 2 0 0
"95734a920c90be25" 17 9398 16891 13 1250 347 36 13 553 4120 14927 1420 17823 13 22929 3044 22930 4 8600 -1 -1 0 0 0 0 6 6 7 7 6 5 3 4 5 6 0 0
"aa410cc05c5144bc" 17 347 721 463 721 500 34 13 553 22931 13 423 22932 22933 449 16483 68 4 8601 -1 -1 0 0 0 0 9 7 7 5 6 8 3 3 4 4 0 0
"395e5517bdb02d9b" 13 596 1973 13 1974 13 553 596 22934 9487 13 102 7883 4 8602 -1 -1 0 0 0 0 7 6 7 6 5 6 3 3 4 4 0 0
"3c49f0b85ae24e9d" 19 4104 445 5870 13 359 2744 13 553 359 3019 14629 1517 22935 1029 22936 22937 2 6059 4 8603 -1 -1 0 0 0 0 7 5 7 6 6 5 3 4 3 5 0 0
"640947f747f61ad7" 12 495 22938 498 13 553 359 22939 22940 13 36 22941 4 8604 -1 -1 0 0 0 0 7 6 6 6 6 8 3 3 3 4 0 0
"5d857bbe3a00eeb6" 19 1664 340 9673 13 636 17056 21110 13 553 3302 2464 22942 174 892 13 22943 5465 17792 4 8605 -1 -1 0 0 0 0 8 6 7 5 6 5 4 3 4 3 0 0
"05703f51498cfb8e" 19 2 125 364 170 13 636 22944 22945 13 553 2 22946 1077 22947 388 8280 3635 22948 4 8606 -1 -1 0 0 0 0 7 6 7 5 5 5 3 3 4 5 0 0
"8f347010ccf8537c" 16 1029 4311 102 39 1473 13 553 22949 508 2 801 20 170 13347 22950 4 8607 -1 -1 0 0 0 0 8 8 8 7 6 7 2 4 4 5 0 0
"ffb18b2799d56656" 15 22951 22952 2200 22953 13 553 5836 603 5837 13 721 590 22954 2715 4 8608 -1 -1 0 0 0 0 8 8 8 7 6 6 4 3 4 5 0 0
"4f7f449300fa12d3" 17 66 556 93 1088 13 191 12211 12212 13 553 928 22955 3766 2200 297 22956 4 8609 -1 -1 0 0 0 0 9 9 8 8 6 7 4 3 4 6 0 0
"a34ab4245f4b5e01" 16 191 469 22957 2 22958 358 13 553 4220 1510 150 3076 171 3178 22959 4 8610 -1 -1 0 0 0 0 7 8 8 6 5 7 3 4 3 4 0 0
"f3b5f42df25ee91d" 19 653 420 13 1580 22960 22961 13 553 1052 744 1589 3302 25 16510 2 672 2067 14235 4 8611 -1 -1 0 0 0 0 6 8 9 7 5 7 4 3 3 4 0 0
"3b9260365f52e0be" 13 15422 15421 3302 15423 13 553 4220 22962 171 394 13 22963 4 8612 -1 -1 0 0 0 0 7 7 7 6 5 7 3 4 4 3 0 0
"155d2498d25cbeff" 18 150 7977 22964 22965 18169 13 553 41 402 188 22966 13 2696 1319 1270 305 999 4 8613 -1 -1 0 0 0 0 9 9 8 8 6 7 3 4 5 5 0 0
"8124450feba39826" 16 188 6177 357 12727 13 553 134 367 6693 2 452 20386 22967 2859 22968 4 8614 -1 -1 0 0 0 0 7 7 8 7 6 7 3 3 4 6 0 0
"f5b2f776c0ad5720" 22 347 1550 3938 4323 13 87 61 9287 13 553 8351 8521 633 93 330 13 22969 414 1791 18979 17934 4 8615 -1 -1 0 0 0 0 9 6 6 6 7 7 1 4 3 6 0 0
"b82b798b93fb2ce3" 16 887 22970 1549 513 514 13 553 2 1319 150 8262 13 113 2725 22971 4 8616 -1 -1 0 0 0 0 7 6 8 7 6 6 3 5 4 6 0 0
"6e83f98d05d37c40" 18 5141 2079 9717 61 2684 13 553 22972 134 7068 2 22973 323 3514 2506 3038 8461 4 8617 -1 -1 0 0 0 0 8 6 7 7 5 5 3 5 4 6 0 0
"75d59d3bb38c4802" 13 22974 297 953 304 6047 13 553 6828 22975 171 394 22976 4 8618 -1 -1 0 0 0 0 8 6 7 6 6 6 3 4 5 6 0 0
"7280195a6e1f6dbd" 13 2735 6659 191 2905 5399 13 553 3714 1110 2696 359 15631 4 8619 -1 -1 0 0 0 0 9 8 8 7 6 7 3 4 5 6 0 0
"c44b498b45854b97" 17 574 93 13 1580 66 999 6475 13 553 12697 34 12564 13 93 2651 744 4 8620 -1 -1 0 0 0 0 9 9 8 8 6 6 2 3 4 3 0 0
"42fa147e6bc72321" 14 2 1182 2620 727 12086 5399 13 553 548 22977 2062 11492 1268 4 8621 -1 -1 0 0 0 0 6 8 8 7 6 7 3 3 3 6 0 0
"f81817b83cba62b8" 36 20 14074 61 3221 5229 22978 13 553 2554 96 22979 22980 22981 22982 16483 553 22983 3358 13 20 6266 63 488 13 553 373 202 2151 188 22731 13 357 3497 22984 488 4 8622 -1 -1 0 0 0 0 8 6 7 7 5 7 8 8 7 8 0 0
"77c2072cfc9181ca" 23 444 61 445 446 13 553 357 66 3503 466 5000 13 553 373 457 1604 22985 13 347 600 93 3195 4 8623 -1 -1 0 0 0 0 9 8 9 8 7 6 3 7 6 6 0 0
"1d4608b514c36a5b" 31 35 87 61 545 546 547 13 553 2805 1886 3694 13 553 2 2621 8247 13 10160 8978 13 553 1071 11529 11530 13 417 150 66 330 19358 4 8624 -1 -1 0 0 0 0 6 7 8 8 5 6 6 7 5 7 0 0
"842ba152aa5cbd6b" 34 2 1041 3090 134 3307 4273 878 13 553 191 1657 2 3821 349 6912 22986 9621 13 553 22987 2056 22963 22988 13 553 2 66 788 188 764 22989 14738 22990 4 8625 -1 -1 0 0 0 0 7 8 7 6 6 8 8 6 7 7 0 0
"65a0e0ce2ff657a9" 29 121 4944 2518 13 553 84 12467 1480 21694 13 1122 12534 504 13 553 188 6177 347 330 22991 13 553 7521 22992 504 330 20131 150 4 8626 -1 -1 0 0 0 0 7 7 9 7 5 3 5 6 3 7 0 0
"03c0c8bdd3ebfb63" 29 530 949 1795 3275 578 13 553 347 12181 4323 1550 13 22993 22994 22995 13 553 347 1817 351 1643 11412 13 25 66 566 22996 887 4 8627 -1 -1 0 0 0 0 5 7 6 3 7 4 2 7 5 6 0 0
"36d044d9a499fb90" 33 188 7521 639 22997 22998 13 553 134 22999 39 514 2 23000 13 553 11550 61 11551 134 2316 13 553 2 415 839 87 8202 23001 104 13067 8185 23002 4 8628 -1 -1 0 0 0 0 7 7 8 6 8 5 6 7 7 6 0 0
"6944304f60305fe4" 35 35 452 517 386 63 23003 4254 13 553 2 1319 150 8262 13 20 23004 330 699 13 1525 13 553 4799 13202 7078 13 553 2 92 23005 13 23006 8285 23007 4 8629 -1 -1 0 0 0 0 6 6 6 7 6 6 6 6 7 7 0 0
"c33ee25253fbc438" 30 66 8643 8461 13 553 9960 171 200 9961 13 20 18353 23008 13 553 66 574 93 744 13 553 372 188 23009 13 4330 188 23010 14724 4 8630 -1 -1 0 0 0 0 8 8 9 8 7 6 5 7 7 7 0 0
"e9ba4a29288bb59b" 36 41 61 415 1994 13 66 574 93 744 13 553 347 36 23011 1328 1449 22356 13 708 23012 23013 13 23014 19052 23015 13 553 20 5229 5230 13 23016 10071 61 23017 4 8631 -1 -1 0 0 0 0 8 9 9 8 6 8 7 7 6 7 0 0
"9b2434e5b91c985c" 36 1868 688 621 688 13 4254 1110 1109 23018 13 553 23019 13 23020 936 1529 23021 87 13 553 18764 23022 13 47 13200 13 553 548 5671 5672 1268 13 113 2723 6218 4 8632 -1 -1 0 0 0 0 9 9 7 4 7 9 5 5 4 5 0 0
"ad54a493c49f4894" 32 2554 96 2555 13 1220 102 23023 13 2 23024 13 553 3358 1122 6266 484 488 13 675 23025 13 553 218 219 220 13 1374 23026 1930 93 23027 4 8633 -1 -1 0 0 0 0 7 8 9 9 6 9 8 6 6 8 0 0
"680048b4de8d0d5e" 38 444 61 445 446 13 357 87 1604 1605 13 553 7618 7619 13 20 801 188 2519 14666 13 553 1071 11529 11530 13 553 347 1593 13 347 66 2652 3154 305 23028 188 11624 4 8634 -1 -1 0 0 0 0 9 8 8 8 9 6 4 6 6 6 0 0
"e8ec2d7c81b0720f" 27 20 8956 13 171 860 4576 13 553 2 999 18901 8410 13 41 402 13 553 1580 23 6614 13 2 556 93 2570 2431 4 8635 -1 -1 0 0 0 0 9 7 7 3 5 3 3 3 7 7 0 0
"a62d192b1e105d62" 42 15421 15422 15423 13 20 1191 25 515 3606 13 553 20211 4 150 23029 13 23030 359 2436 17669 13 553 2696 1319 1270 13 23031 23032 23033 13 553 1109 1110 23034 23035 535 2 1523 1517 2785 68 4 8636 -1 -1 0 0 0 0 5 6 8 7 7 7 6 6 5 7 0 0
"71b51eec97341659" 40 34 26 113 23036 171 10275 150 993 13 553 1325 35 23037 357 23038 115 7548 4505 61 553 1938 457 3606 16323 13 134 367 6693 542 13 553 357 8351 8521 1187 13 520 956 61 3747 8637 -1 -1 0 0 0 0 6 7 7 7 5 5 6 8 6 7 0 0
"cc75698edee16590" 28 34 35 304 2014 3183 1797 13 553 23039 134 607 1398 188 200 23040 13 6601 645 23041 553 1553 2 3753 13 297 359 23042 4 8638 -1 -1 0 0 0 0 7 6 9 7 7 8 8 7 9 7 0 0
"ceaf53e51967e800" 27 9110 9948 12898 2 14249 7478 13 553 8470 414 18979 4462 23043 23044 13 23045 23046 13 553 5255 3714 12617 13 359 23047 17996 1774 8639 -1 -1 0 0 0 0 8 5 6 7 7 5 4 4 4 4 0 0
"de1cc88674aa5fde" 18 12676 4799 11388 845 13 553 2735 1774 482 466 61 23048 2 2306 8307 3293 1013 3293 8640 -1 -1 0 0 0 0 9 6 8 6 7 8 3 5 7 5 0 0
"88a22d9316b01687" 33 41 4505 61 4280 23049 13 553 341 1379 417 1015 218 219 220 13 553 188 11988 61 545 174 616 547 13 553 847 1319 134 1043 482 26 2321 4 8641 -1 -1 0 0 0 0 6 8 7 5 6 9 6 3 6 4 0 0
"1c681495eca3b322" 36 66 999 4939 1890 113 13 553 548 87 2977 35 188 9537 17852 197 171 660 13 553 15347 373 457 15198 3482 13 553 357 188 4403 305 2891 721 25 34 23050 4 8642 -1 -1 0 0 0 0 8 7 8 6 7 9 5 5 5 6 0 0
"b3921b245bd51cb5" 33 1071 11529 11530 13 553 347 600 5229 23051 2888 1978 4093 13 553 855 10061 23052 87 3531 170 13 553 7168 23053 66 8461 1071 14445 23 13 23054 5385 4 8643 -1 -1 0 0 0 0 9 7 7 7 6 5 4 8 6 8 0 0
"a5ff8bd304358c26" 42 2 1041 3090 134 3307 4273 878 13 553 191 7521 639 23 188 23055 134 7523 13 553 357 66 574 93 744 321 367 7977 330 151 13 553 87 61 1487 1580 23056 134 3277 6 53 313 4 8644 -1 -1 0 0 0 0 5 4 6 4 5 6 5 3 4 5 0 0
"8ec527c5060711b3" 31 87 20824 2183 331 15422 13 553 9948 12898 13 23056 10169 23057 20831 553 345 134 607 87 1398 13 553 38 61 188 4007 2 22070 188 91 4 8645 -1 -1 0 0 0 0 6 5 7 8 6 8 5 5 6 4 0 0
"c5d6e13aa583321e" 34 7677 2479 93 23058 23059 13 553 2056 18259 772 976 323 171 188 6177 2 7521 13 553 218 219 220 13 553 26 23060 415 1774 191 1376 170 7669 11886 4 8646 -1 -1 0 0 0 0 7 8 7 5 7 9 6 4 6 5 0 0
"4b56eeb39497b174" 32 23061 2696 1319 1270 13 553 10965 297 748 13 1580 14203 8461 13 553 2 2621 8247 8380 10160 8978 13 553 102 23062 1655 171 6079 23063 13 9068 16483 8647 -1 -1 0 0 0 0 8 7 8 6 7 6 5 4 5 6 0 0
"5ceb7c3cfaafd26e" 38 66 347 36 85 23064 13 553 513 39 514 2 61 753 9140 55 23065 6497 13 553 9960 171 200 9961 13 23066 457 35 23067 13678 13 553 357 23068 23069 125 13 11551 4 8648 -1 -1 0 0 0 0 7 5 7 7 7 6 3 6 5 6 0 0
"d6a6c7de13115bbc" 32 20892 150 8262 13 553 2 41 1892 297 3714 13115 23070 2200 13 553 1109 102 16510 3302 2318 13 553 2 93 11 1109 23071 23072 7863 23073 2340 4 8649 -1 -1 0 0 0 0 8 7 7 7 6 5 5 8 7 8 0 0
"93c4f72a20402051" 40 191 414 8470 2 23044 18979 4462 9702 23074 13 553 2735 1774 482 9154 61 23075 13 1481 5260 23076 13 553 134 519 25 14 23077 414 18361 13 553 22028 23078 1191 274 1892 330 1108 4 8650 -1 -1 0 0 0 0 5 6 5 7 6 6 4 5 4 5 0 0
"8de4c9f2af83daa0" 47 6561 340 218 219 220 13 297 23079 7618 7619 13 553 4337 18669 13 35 87 415 967 61 545 546 547 13 553 18180 18763 5141 19468 13 1604 9304 20 23080 788 2 13003 23081 13 23082 23083 1625 2 18037 23084 4 553 8651 -1 -1 0 0 0 0 9 8 7 6 7 9 5 5 7 6 0 0
"0b52fc4594f18983" 19 373 457 1604 2318 28 23085 1398 13 553 1071 11529 11530 13 347 6750 330 23086 23087 4 8652 -1 -1 0 0 0 0 7 6 5 4 4 7 4 3 3 4 0 0
"0992ef2c25c6e121" 18 113 8351 8352 1297 20871 8798 13 553 3358 1122 6266 484 305 23088 23089 23090 23091 4 8653 -1 -1 0 0 0 0 6 6 4 4 3 7 4 5 3 5 0 0
"1a78ad32ab3d3fec" 23 35 452 517 518 35 23092 1720 1305 13 553 444 61 445 446 13 113 8864 66 1934 5584 8091 2024 4 8654 -1 -1 0 0 0 0 6 5 5 4 3 7 4 4 3 4 0 0
"90842808bd8588f4" 24 35 36 2891 8306 171 200 13 35 36 27 2864 13 553 11550 61 11551 134 2316 13 2 607 3302 3180 4 8655 -1 -1 0 0 0 0 7 6 8 5 4 8 5 4 4 4 0 0
"948be98dab5f360c" 21 2 2621 8247 8380 10160 8978 13 150 2286 362 14832 13 553 3714 1109 12841 23093 2695 23094 200 4 8656 -1 -1 0 0 0 0 6 7 7 5 4 9 5 4 4 4 0 0
"90347359b4d091e3" 24 41 61 415 1994 1374 417 1589 956 13 553 2 1319 150 8262 13 87 61 359 23095 3123 2 3247 13259 4 8657 -1 -1 0 0 0 0 8 7 6 4 3 8 5 5 4 4 0 0
"9d629b490e95695d" 18 20 5229 5230 61 23089 23096 13 553 1071 11529 11530 87 327 504 1016 23097 23098 4 8658 -1 -1 0 0 0 0 7 6 5 4 3 6 3 5 3 5 0 0
"25d4fdfb82ab9ad7" 23 297 7243 7244 125 1633 820 13 553 1187 520 3746 61 3747 956 13 87 61 311 2 2681 11950 12528 4 8659 -1 -1 0 0 0 0 7 7 7 6 5 8 7 4 8 7 0 0
"0df0a6fccc15945d" 22 442 87 946 23099 6017 1250 23100 47 6017 13 553 11972 87 23101 1624 23102 13 87 61 2785 6858 4 8660 -1 -1 0 0 0 0 8 7 7 5 4 4 3 3 5 6 0 0
"71a3ab4810807161" 26 435 23103 2097 93 977 3253 4899 23104 23105 2059 13 553 1449 347 1667 13 23106 11067 5520 1250 23107 13 23108 23109 6101 4 8661 -1 -1 0 0 0 0 6 5 7 5 6 7 7 6 5 6 0 0
"31959c8f82b9feac" 31 113 4004 3401 8719 13 1868 520 4549 13 553 87 3710 3711 13 2 171 728 23110 3358 61 87 2303 520 61 171 7394 2928 1294 4 68 13 8662 -1 -1 0 0 0 0 6 6 6 5 5 7 5 5 4 5 0 0
"9118a7800afcd254" 31 25 1420 20 23111 2 23112 12229 9968 13 553 4361 87 1604 1605 13 22879 23113 23114 13396 106 3115 23115 61 22712 2151 23116 722 1665 4 68 13 8663 -1 -1 0 0 0 0 8 7 7 8 7 7 6 5 4 6 0 0
"1d0a2cbd5541407b" 35 1602 23117 13 150 95 36 12700 1341 23118 23119 3254 23120 13 553 357 15976 787 2236 6618 13 144 4574 4575 359 23121 7893 23122 170 10468 1568 913 23123 4 68 13 8664 -1 -1 0 0 0 0 7 8 6 5 5 7 5 4 3 4 0 0
"db4cfb2ccfd23cba" 35 191 14585 14586 1200 556 10245 7329 23124 13 553 7477 949 1007 1032 7478 7479 2 354 1331 23125 93 18659 61 1580 23126 7282 11331 23127 9618 18566 722 1071 23128 113 4 8665 -1 -1 0 0 0 0 5 6 6 5 4 6 5 4 4 5 0 0
"89ca43d73ec0b5c9" 38 2 552 553 13 1230 25 150 188 10112 193 385 13 87 61 171 603 2321 23129 23130 23131 23132 1187 170 23133 23134 373 1394 23135 93 13 193 23136 4 171 3261 1513 170 4 8666 -1 -1 0 0 0 0 5 5 5 4 3 5 6 5 4 4 0 0