"128aa80af916719a" 1557 99
"7477f0dff318cd61" 1325 9553
"44c09e9411f18724" 1799 10095 3321
"b907a24acd3553a7" 779 3575 452
"d04a3e18d45297fc" 108
"bbc6d87888fd4d13" 10452 7050
"025df1fd2ef517fc" 3990 1941
"2a751eccc2bf6745" 1695 1524 254
"878c67a94b1a25a3" 3321 9766
"334d8b5e7b561abc" 9009 10504 12073
"4ab95abc437cff2e" 1507 5900 8932
"9663185aa988cee4" 8119 1265
"34fc717817f82a8a" 1488 11846
"5e67825aafe46e3c" 9576 9081 11279
"bbd7ec377b321534" 1315 4807
"24ba388631bf0605" 6656 6101
"2252cf06fc55c0da" 3330 3883 11288
"6ba1407feb0d0735" 3753 5748
"a2fe4d2c0664ad03" 8621 2740
"d356223913b0a355" 10755 8937
"fcb65503a2fc9947" 8767 10095
"e411eaf20da0273e" 9576 3753 10504
"8c23ac6267986f80" 9009 1265 3753
"61e7e91142df3fe6" 11279 9766
"4cda0beb15abe64c" 9553 10095 1695
"53c14bee61d270ca" 7050 11846
"72e4409077655179" 8932 9766
"cbb192f6f10df9b0" 1315 8932 452
"16d1de352a126b3f" 11157 11811
"32ddd1114bddd6a5" 1799 254 6101
"becaa80af916719a" 1557 1325
"a1a294e537b42d77" 11288 6101 9576
"f973c8641c82c64a" 5900 3990
"154281de5a43c8ea" 5748 6656
"0e6a717817f82a8a" 1488 1507
"03e646c7fa243854" 3330 12073
"d80960cbbec60e48" 11228 1524
"1425a82a6b3dd07a" 779 1941 8932
"2f714bee61d270ca" 7050 10755
"68c282e90b6cbfb8" 8937 6656 108
"582ad28acd281549" 99 9553
"787170260328f69d" 452 9766
"44098748e4c2344e" 10504 10095
"f6075503a2fc9947" 8767 11279
"0a38f16f14696c88" 1265 11811 8119
"01acf4feda094811" 3883 2740
"f6f3185aa988cee4" 8119 3575
"c1610ffd5ff15093" 4807 10452
"be59d58483b486b7" 10100 1806 11608
"a287a4f830f2a1f1" 10986 10843
"6b1c9b8174e12b83" 3551 1029 11445
"590eafe506ed6373" 1168 8152
"4cd2057b7f6b02e1" 3108 3868 7371
"089e32b9f142286f" 1482 1617
"922d9b5eaf173ec2" 9666 9742 8728
"17af657163b91965" 2543 9761
"c1a8dea05c72ce3f" 1091 8840
"8cf3af5a516d9338" 2059 9408 3964
"3e2cd2455659e5b6" 2712 11130 272
"720f5f7d96c4d2af" 8872 272 2470
"bb6215373167b85b" 6806 2608
"87d8f2585b44de3a" 1520 10397 262
"e0d3612c125a8fd1" 9132 2277
"354fbba8674895ea" 5066 8995 7081
"b54de98c6430a2f6" 1213 1045
"e238ffb37b406e39" 189 6964 3964
"6ab4909e82cb6d8e" 1481 2277 7371
"f6e29a77d64e3d4b" 1213 1045 272
"ae5930f32c53d3bb" 9350 7215
"f2a142ea1be3422d" 11130 272
"41ce32b9f142286f" 1482 2277
"1646aa0ef793a367" 3964 8872
"15615a2b59517cee" 8728 9132
"f9f6dea05c72ce3f" 1091 2059
"a4956d502729eba5" 9132 1029 10100
"d9ef5d252daaa472" 4432 3108 2608
"8e1b27ef4fc04a4f" 1091 8840 3964
"5b7f92268dfb3d68" 3108 10100
"cdc14a7f29bcbcae" 1617 7371 2059
"69d07b6ce51a62a9" 1482 1168 8995
"b12279c5714a9e93" 3551 1213 9666
"f054d0d7a3523e98" 8872 1806 9512
"e030f3b8d8a3f020" 2277 2543 11445
"f8395db613130cd1" 7215 1481 5066
"83eb62a470102dfa" 8152 9761 10986
"e7236f9f0564e93f" 1045 9408
"0d26f37bb0036f29" 3868 1520 10843
"3e4c57b79acc7340" 189 10397
"f1e19b8b085db8d5" 6964 9742
"399f5323e0197162" 262 11608
"55be25d89b4187a9" 2712 2608
"1916aa0ef793a367" 3964 8152
"058ee71d34521d1a" 8872 10843
"dee7517ee8399769" 8840 2712
"230d3d81a9995509" 272 1520 7081
"bbd66cd06f024d83" 11510 2640
"1b17e790ceef2838" 8834 9921 4873
"e9edd51caaacfa85" 4175 4616 198
"b1b8f8c6c920204d" 8830 5864 5980
"6fcf9d0106528913" 1596 196 5789
"9034a5d617ab0ec8" 1824 8331 5969
"53c6f74e1e07684a" 975 4068 7089
"b450d77e9aa90e7f" 1689 3545
"3230e14c26c27825" 3615 3171
"2075c62b46134051" 4412 3721
"efa29b6762cf89a7" 3391 1389 4949
"fab36fae76fada12" 169 9530 10083
"b7b56c2578117e8b" 213 7268 8321
"d154149b779805aa" 2681 4271 2640
"b036ae36005b3d40" 7200 4175 5215
"9346401e3b244520" 1950 8830 1596
"f7b75a95f89271bc" 5215 196 8331
"18a0922c54407e0b" 198 5789 10697
"e13023e0adeacf4c" 5969 7089 3615
"10553fc0b0d3d9b6" 1061 4412 3391
"0c2be8565b0ef58a" 975 9699 3721
"120f0e4b4bb0d60c" 1389 4949 82
"7e2d25b5a370c39d" 169 5308 8321
"a2f97b20b52bd8e4" 6380 9921
"47676cd06f024d83" 11510 4873
"500550a8f9a8efcc" 12044 4616 5864
"7adb12bfc382954e" 8834 1824
"247c6aa09c37d625" 9684 5980 3545
"93f6c8362ec842a9" 10697 1689 9530
"53e8c26ea1904ec9" 1061 82 213
"b6337c2d22ea22c9" 3171 5876 10083
"6b84c38375bf4318" 8321 3391 5969
"cd4436cb0d3d7e87" 2681 5215 3615
"31580d02790e1677" 11510 9684 1824
"ec95dc6d893774ac" 4175 1596 82
"bf8b4cbdb66e4610" 4873 5969 7268
"31af02204e517e8d" 196 7089 169
"69960283753d17fe" 5789 3545 10083
"7fc5bb1894e31458" 5980 1689 1389
"c48fb415e82efa9a" 82 5308 213
"5c470dab6986b39c" 10083 1824 8321
"a88c5deb5d4a9a77" 5864 4949
"4a9336d54ad686f0" 198 169
"c515db6997b7aebd" 5876 8331
"a5141ab67bdbb494" 7268 3545
"b29ca2f6b2f0a497" 1061 5789
"1e31d3b507032230" 3391 8321
"c38bea1f212bd87f" 5006 2329
"452746d8d833a21f" 4040 8639
"720522974abd5333" 8570 2127 4113
"8f9fdd31db4b8e23" 6201 2294 6160
"387e5c48b250f934" 1361 8889
"00777ff22a6eeaaf" 3459 435 2917
"44e6d0097f758a70" 10807 5196
"30b9e312a9fa9c52" 216 10398
"6e61f9bf0e5de127" 3343 4598
"b3c753a8b54128cd" 8641 4429 4960
"a90706315190ab84" 450 5075
"b98835f5b5a54d8c" 4718 4731 11829
"8786ceaafcd4e27d" 8526 5781
"704ef0b73f691e07" 5559 8889 330
"b36b3273f98a3902" 6160 6142
"0688d59b188426e6" 4461 1834
"59ab60eebaaa7dfe" 8889 3459
"b7c2f7548ccf86b8" 435 10807
"feb842442f7f9031" 4113 2917
"9e6bbfb37a911bee" 10398 4598
"8cf98fb9d2e27b07" 8641 4960 6454
"e6130b686588b374" 8639 5006
"9b5d51aac6b05348" 496 4718 12138
"caa109e897515e1e" 11829 8526
"6ca4a9461100f83c" 5559 6990
"c1a9554aea6a13e5" 330 4461
"b512aada5e665437" 1834 5196
"58acc5dc0164c3b3" 3459 6833
"0da5d0097f758a70" 10807 216
"a7150f4405031f6a" 4598 3343
"ab41ae9171911b04" 7650 595
"cea03b1f9519a649" 6454 5087 12138
"bb6e53338e5251eb" 4731 2127
"3e98a730f4bdb173" 6201 1361
"edc16152e4e7bdf7" 8889 6990 6142
"2859d59b188426e6" 4461 5196
"37c67ff22a6eeaaf" 3459 435 216
"f7b750b8822112b0" 2917 6833
"34540f4405031f6a" 4598 216
"c61a1aec3a66132c" 8641 450 4960
"8ad20b686588b374" 8639 4040
"2d69daabce944ace" 4718 11829 8570
"089842442f7f9031" 4113 2294
"aa12d3219192a472" 8889 330 6142
"2ce0aada5e665437" 1834 435
"c34fabc2761d0ed2" 216 6833 10398