"4c372b805f112178" 21 20 23137 23138 5761 23139 609 13 553 1109 1110 3277 5536 12343 13 113 8412 835 934 134 23140 4 8667 -1 -1 0 0 0 0 7 7 9 6 8 6 5 3 4 3 0 0
"57783d5aea4eaa86" 19 20 66 3580 3581 13 2903 3868 9702 13665 13 553 6925 6926 23141 11612 13 2 23142 4 8668 -1 -1 0 0 0 0 7 6 7 7 8 7 3 2 6 4 0 0
"b1e2900b37a484f4" 17 641 187 13 1071 588 61 2227 13 553 13433 13434 8508 13 9719 675 8021 4 8669 -1 -1 0 0 0 0 7 7 7 6 8 7 4 2 5 4 0 0
"c6a83a282fde6add" 17 2854 2855 13 357 16375 882 15866 13 553 6941 556 20 10205 5929 23143 23144 4 8670 -1 -1 0 0 0 0 6 6 6 7 7 5 4 3 4 7 0 0
"8ea0e27207fd87f3" 24 528 87 13 35 1131 171 2454 9529 23145 13 553 95 860 61 23146 23147 13 499 1297 1013 87 61 9393 4 8671 -1 -1 0 0 0 0 7 8 6 7 7 5 4 7 3 8 0 0
"3f1be66586b6d10e" 20 347 5928 5929 4326 13 20 1892 4214 6477 13 553 1760 13887 13 2859 23148 999 1983 23149 4 8672 -1 -1 0 0 0 0 7 8 6 7 7 6 3 5 4 6 0 0
"f95fde8c504be457" 24 87 4109 1016 8958 13 23150 774 1712 23151 13 553 2023 3939 23152 23153 13 2 102 3062 93 2662 23154 23155 4 8673 -1 -1 0 0 0 0 8 7 9 8 9 8 4 2 5 4 0 0
"8a6da601aa729748" 17 430 13 20 66 3580 23156 23157 13 553 1800 17872 2 7943 3148 23158 23159 4 8674 -1 -1 0 0 0 0 7 8 7 7 7 7 8 2 4 4 0 0
"495f1c7c21655475" 28 2 341 1319 2305 13 19818 35 20 23160 23161 9733 13 553 41 347 847 1780 13 150 193 362 13 636 3093 23162 66 23163 4 8675 -1 -1 0 0 0 0 7 7 7 7 6 7 5 4 6 4 0 0
"364c561e4b78251e" 26 8788 12274 13 3358 15092 20 3751 13 553 3497 796 15419 2859 13 102 1297 35 23164 13 2 23165 373 102 1863 1150 4 8676 -1 -1 0 0 0 0 7 7 8 6 7 6 4 7 3 8 0 0
"497962811366ac4e" 24 921 7113 616 7114 7115 817 13 23166 357 358 3206 23167 13 553 1376 2859 23168 23169 13 2 23170 23171 2894 4 8677 -1 -1 0 0 0 0 8 7 7 7 8 7 5 3 6 5 0 0
"dea1e862c481516a" 28 171 12952 2902 359 4773 4757 13 174 2859 191 1628 1664 13 553 23172 150 1297 35 10814 1232 16006 13 5749 171 23173 61 23174 4 8678 -1 -1 0 0 0 0 7 8 8 7 8 6 6 2 4 5 0 0
"49824d4027069cba" 27 87 61 1889 13 35 782 3751 15777 13 1178 61 20434 13 23175 13 553 357 23176 1378 774 2859 1114 61 23177 13 4104 4 8679 -1 -1 0 0 0 0 7 6 6 6 7 7 5 6 4 7 0 0
"7fd6368ffb2d3956" 28 23178 14154 16393 13 20 23179 12080 2054 23180 23181 13 553 23182 3868 2846 8184 13 2 2646 23183 396 23184 23185 23186 2 23187 23188 4 8680 -1 -1 0 0 0 0 8 8 8 7 7 7 6 4 6 4 0 0
"2c8258e40ad88425" 15 6601 11947 23189 20394 13 553 357 347 304 6783 23190 23191 93 23192 4 8681 -1 -1 0 0 0 0 7 6 6 7 6 6 4 3 4 4 0 0
"c8786c715c479c35" 19 347 6783 11608 47 3753 2861 13 553 13729 17652 1881 9304 96 457 2245 171 1651 23193 4 8682 -1 -1 0 0 0 0 0 0 0 0 0 0 0 0 0 0 0 0
"ff089f3bf3d0659a" 23 102 457 421 1580 981 607 11302 55 1911 13 553 618 171 8131 13 87 23194 134 4356 13 728 5584 4 8683 -1 -1 0 0 0 0 9 7 8 8 6 8 4 2 6 4 0 0
"e8f68bc025306c45" 28 556 772 8470 414 13 553 113 3055 364 13 8179 25 3663 1821 3993 23195 13 553 1182 14107 13 1182 1883 13 171 12200 1113 4 8684 -1 -1 0 0 0 0 6 7 6 6 7 6 5 2 6 5 0 0
"5b4610aec4a22f3f" 19 347 6783 11608 304 19187 23196 13 553 23197 7276 1552 7277 13 23198 6019 19187 23199 23200 4 8685 -1 -1 0 0 0 0 5 6 7 7 6 6 4 2 4 5 0 0
"db3e85d5ec43aea5" 18 1872 1580 2854 2855 14566 13 553 15998 47 15191 13 188 394 66 1029 125 1634 4 8686 -1 -1 0 0 0 0 7 8 7 6 6 6 4 8 6 7 0 0
"9692db31a52becba" 17 23201 5934 738 5905 23202 13 553 14219 286 14220 13 1549 1378 61 4104 23203 4 8687 -1 -1 0 0 0 0 6 6 7 7 5 6 4 7 4 7 0 0
"5340651b1061035e" 22 23204 23205 10179 13 553 13431 13432 13433 966 13434 13 228 9920 553 23206 87 13 744 87 1094 675 4 8688 -1 -1 0 0 0 0 8 7 7 7 6 5 4 6 5 6 0 0
"54f2ab33a5e882f8" 24 1321 14052 23207 3606 13 2 9110 120 9068 13 553 7113 616 7114 817 7115 13 1549 165 4348 191 1714 23208 4 8689 -1 -1 0 0 0 0 6 7 8 7 5 7 4 3 5 5 0 0
"81d17d18a329fa24" 17 104 6907 2 6331 13 553 113 18 3615 1485 13 191 3705 268 16393 8735 4 8690 -1 -1 0 0 0 0 5 7 9 6 5 7 4 2 4 3 0 0
"975bd59e3715afff" 15 13068 102 25 371 13 553 5260 23209 10612 13 734 1592 23210 3715 4 8691 -1 -1 0 0 0 0 6 8 6 8 9 5 6 3 6 7 0 0
"e3ebbeee587cabab" 22 23211 3277 5536 19688 13 553 4404 1047 457 15122 15123 13 553 11947 8435 11948 13 5155 4393 134 1485 4 8692 -1 -1 0 0 0 0 7 6 5 6 7 6 4 2 5 4 0 0
"3acf7bf923e5341d" 22 1342 61 359 977 13 553 537 7275 7276 7277 13 553 14219 286 14220 13 1549 2842 104 113 942 4 8693 -1 -1 0 0 0 0 5 7 8 7 5 5 4 3 4 6 0 0
"e5541722de2946a5" 34 1854 3906 23212 13 357 34 457 553 618 13 2525 23213 13 23214 23215 358 11963 9562 901 13 553 41 150 847 150 193 13 357 41 1420 744 87 193 4 8694 -1 -1 0 0 0 0 8 8 7 6 7 6 5 3 6 4 0 0
"a44ea22c1ce818f6" 16 8788 12274 13 23216 9834 2356 13 553 102 3062 11879 728 2 23217 3064 4 8695 -1 -1 0 0 0 0 6 7 8 8 6 7 5 4 6 6 0 0
"edcfe7816782a0e2" 16 6941 556 772 6942 6659 13 553 23218 1787 13 2588 23219 25 1047 23220 4 8696 -1 -1 0 0 0 0 5 6 5 5 5 6 3 2 4 3 0 0
"7fe808af10ec8163" 17 6941 556 772 6942 6659 13 553 23221 2 9369 13 1760 373 23222 3478 7207 4 8697 -1 -1 0 0 0 0 5 5 4 5 3 6 2 2 2 5 0 0
"2336c03b4a52095f" 21 87 61 1889 13 308 1602 1825 515 23223 13 553 66 125 5646 23 23224 950 6270 23225 23226 4 8698 -1 -1 0 0 0 0 4 4 5 5 3 5 7 2 3 3 0 0
"7d866f5d0ec0d8a1" 25 171 11947 11948 13 87 61 515 23227 13 553 14779 23228 13 1297 20 2056 787 7123 443 13 23229 1456 87 607 4 8699 -1 -1 0 0 0 0 5 4 6 7 4 3 5 2 3 3 0 0
"140286b8163818cf" 18 16360 16361 13 3912 417 23230 23231 13 553 357 23232 457 331 23233 2862 10433 371 4 8700 -1 -1 0 0 0 0 7 6 9 8 5 6 4 2 3 3 0 0
"e6a02371179215b6" 20 191 23234 2750 13 9960 23235 23236 12314 23237 13 553 191 23238 8184 8185 607 457 23239 23240 4 8701 -1 -1 0 0 0 0 6 6 7 6 4 5 3 6 3 3 0 0
"950b8c5e160154ad" 21 347 20 23241 14138 23242 1013 5253 3538 13 553 87 4109 1016 8958 23243 2 23244 6548 9601 457 4 8702 -1 -1 0 0 0 0 5 5 6 6 3 6 4 3 3 4 0 0
"90a846671e53aaa8" 32 1071 588 61 2227 13 548 102 457 23245 13 553 478 1113 2 1315 25 4404 1604 13 553 20 66 3580 3581 13 14996 53 520 1806 23246 726 4 8703 -1 -1 0 0 0 0 6 7 6 5 4 5 2 5 4 3 0 0
"84f3f5d86cbaa28f" 21 191 23247 23248 23249 13 23250 23251 188 394 13 553 66 1029 125 1634 23252 13 23253 2531 23254 4 8704 -1 -1 0 0 0 0 5 6 6 5 4 6 3 3 4 5 0 0
"e202193ebe25b328" 18 191 2859 27 13 33 704 21990 13 553 357 6925 6926 13 3327 805 23255 23256 4 8705 -1 -1 0 0 0 0 6 5 4 4 4 3 2 5 2 6 0 0
"43380828a2484e1e" 21 1381 11621 1029 23257 13 1420 357 23258 13 553 357 347 5928 5929 4326 13 23259 23260 8625 740 4 8706 -1 -1 0 0 0 0 6 6 5 4 4 3 4 3 3 3 0 0
"489c0337d3abc587" 26 23261 23262 23263 588 23264 13 553 1549 3313 4103 1378 61 4104 4105 13 553 2 341 1319 1352 13 21331 18576 9055 23265 4 8707 -1 -1 0 0 0 0 6 5 5 5 5 3 3 3 3 2 0 0
"f521fb82dc429947" 18 410 1863 23266 23267 23268 23269 2 17391 13 553 23270 1187 1680 2 2014 1319 430 4 8708 -1 -1 0 0 0 0 4 5 5 5 5 3 3 3 3 4 0 0
"49788c91317d38eb" 13 8755 23271 13 410 4374 629 566 1070 1747 23272 13 553 23273 8709 -1 -1 0 0 0 0 0 0 0 0 0 0 0 0 0 0 0 0
"65292742c5de9c1f" 14 171 1629 1047 23274 13 553 2854 23275 13 357 150 23276 2855 4 8710 -1 -1 0 0 0 0 7 6 5 5 5 5 3 3 3 5 0 0
"de871bd815b39fe7" 19 34 23277 16376 41 35 598 599 13 553 2 341 1319 1352 13 457 645 2307 12115 4 8711 -1 -1 0 0 0 0 6 5 5 4 5 2 2 3 3 4 0 0
"8d36887aebdad1b0" 17 95 61 417 948 8487 17652 23278 13 553 66 113 586 35 87 2284 15147 4 8712 -1 -1 0 0 0 0 0 0 0 0 0 0 0 0 0 0 0 0
"3e6a8526d28ad634" 17 1303 3387 13 520 23279 13 553 4447 1043 25 34 35 36 2852 23280 23281 4 8713 -1 -1 0 0 0 0 6 7 6 5 5 6 3 2 2 2 0 0
"938a1e92d29b0a05" 17 66 347 330 12913 116 13 553 95 340 61 2531 1461 2 102 606 16395 4 8714 -1 -1 0 0 0 0 7 6 7 6 6 6 3 3 4 2 0 0
"95374a2aeeb7a6e4" 21 373 8225 150 600 601 1842 20 1109 9063 13 553 1178 14093 53 14094 13 1109 113 23282 1123 4 8715 -1 -1 0 0 0 0 8 8 9 7 7 8 4 3 3 3 0 0
"9cb726c28822c429" 15 1016 3518 449 11947 23283 13 553 1109 150 20906 5399 636 188 19982 4 8716 -1 -1 0 0 0 0 7 8 7 6 6 6 4 3 3 3 0 0
"d05c4ba60d465f1e" 13 41 34 35 1832 305 4890 13 553 1109 150 23284 23285 4 8717 -1 -1 0 0 0 0 7 6 7 5 6 7 3 3 3 2 0 0
"f3db31e68b805980" 11 191 2859 6868 23286 13 553 1109 113 23287 23288 4 8718 -1 -1 0 0 0 0 8 7 9 6 7 7 3 3 3 3 0 0
"6c34362ac25c8f69" 15 23289 7081 23290 13 553 12157 113 23291 13 357 87 855 4254 165 4 8719 -1 -1 0 0 0 0 7 7 7 6 6 6 3 3 3 2 0 0
"f5a2e116be27a40a" 18 8540 435 8541 17 13 553 113 1052 61 7831 13 23292 2717 13 150 304 1191 4 8720 -1 -1 0 0 0 0 5 6 6 6 4 6 3 3 3 2 0 0
"08716b46a813d8e7" 18 23293 113 8234 358 23294 13 553 134 6726 114 6259 13 1109 150 146 2062 6 4 8721 -1 -1 0 0 0 0 9 8 8 7 7 7 3 4 3 3 0 0
"7bfab58fd03a10f9" 20 607 4484 373 23295 15267 13 553 12313 15685 15686 15687 15688 13 3241 1990 13 34 6828 23296 4 8722 -1 -1 0 0 0 0 7 9 7 7 5 6 2 3 4 2 0 0
"23d522aec3faacc0" 24 6570 6571 14808 1365 4186 553 1109 1522 2696 2941 3180 3761 13 553 357 102 61 643 13 2 8001 61 23297 4 8723 -1 -1 0 0 0 0 8 7 7 6 6 6 3 4 3 3 0 0
"f2171e76ab8525ef" 20 878 11955 4899 13 134 15179 23298 13 553 1016 9171 13206 2508 11 13 150 2265 23299 521 4 8724 -1 -1 0 0 0 0 7 7 7 7 6 6 3 3 3 2 0 0
"26b34b0c57ac7a8a" 15 28 6099 146 953 7863 13 553 357 12136 358 2963 2 23300 6711 4 8725 -1 -1 0 0 0 0 6 6 5 5 5 6 2 3 3 2 0 0
"a622a511af999c03" 15 347 23301 385 23302 6729 2568 13 553 117 93 28 23303 23304 7863 4 8726 -1 -1 0 0 0 0 7 7 7 6 6 6 3 3 3 2 0 0
"d2e36ed00fc90740" 14 28 357 1863 639 23305 13 553 23306 1643 16338 2 23307 23308 4 8727 -1 -1 0 0 0 0 6 5 6 7 8 7 5 6 5 7 0 0
"f5296e47dea48273" 19 41 353 23309 13 150 304 330 992 13 553 2 44 1078 6858 609 5870 2 23310 4 8728 -1 -1 0 0 0 0 8 8 9 4 7 8 6 3 2 4 0 0
"a2e66d7594003fa5" 16 66 11377 117 3302 859 23311 13 553 2 23312 25 621 435 11067 23313 4 8729 -1 -1 0 0 0 0 7 7 8 7 7 6 6 6 5 7 0 0
"523cd1819adac1c8" 16 2335 1201 23314 23315 13 553 66 347 36 23316 349 13 23317 530 323 4 8730 -1 -1 0 0 0 0 5 6 5 7 7 6 4 6 5 6 0 0
"ba345c959b521d50" 17 4421 171 15693 12727 23318 13 553 2 93 12959 23319 23320 2 20 1801 23321 4 8731 -1 -1 0 0 0 0 6 6 8 6 8 7 6 7 5 7 0 0
"e98e53da6fce48c1" 17 28 23322 7187 3646 7188 13 553 1043 657 410 1173 2 948 8487 23323 200 4 8732 -1 -1 0 0 0 0 8 8 7 6 7 8 7 8 7 6 0 0
"fb3eb58134a13260" 20 588 35 286 21765 5399 13 553 357 2371 23324 188 15693 13 87 286 2775 1449 3183 23325 4 8733 -1 -1 0 0 0 0 7 7 8 7 9 6 6 6 4 7 0 0
"83e61dadb613c4af" 18 41 23326 171 19943 2 3224 845 13 553 66 23327 20078 23328 1643 11346 15983 15984 4 8734 -1 -1 0 0 0 0 7 6 8 7 8 6 6 6 5 7 0 0
"6b1ee1993fbeaa08" 15 66 1628 353 16142 23329 13 553 23330 2 347 847 146 23331 7863 4 8735 -1 -1 0 0 0 0 6 6 5 5 6 6 3 3 5 5 0 0
"cd4f0deb25b381ae" 21 3712 23332 23333 636 19982 13 553 2 23334 727 357 11852 13 3327 6567 3208 2 23335 23336 6561 4 8736 -1 -1 0 0 0 0 8 7 7 8 8 6 5 7 5 8 0 0
"d90d28aa4048f703" 19 66 1628 114 6259 636 23337 23338 13 553 357 34 2 34 1522 21453 990 3180 3761 4 8737 -1 -1 0 0 0 0 6 5 5 7 8 6 4 3 7 6 0 0
"c5dc0ab05a950f22" 20 84 14386 4899 2 3972 23339 13 553 35 39 35 15286 23340 2 5866 23341 2 4595 23342 4 8738 -1 -1 0 0 0 0 7 8 6 6 6 6 4 4 2 5 0 0
"20488b849ca35bfa" 21 2859 3778 23343 2 23344 2346 6446 13 553 35 286 21765 330 5399 13 188 23345 361 412 23346 4 8739 -1 -1 0 0 0 0 8 8 9 7 6 6 5 7 4 8 0 0
"048b8a774116201b" 20 340 931 13 1071 12583 993 359 23347 13 553 23348 22228 7317 13 357 150 23349 23350 1852 4 8740 -1 -1 0 0 0 0 5 6 7 5 7 6 5 6 5 7 0 0
"9e19ef30eae5c185" 20 95 1509 13 607 23351 23352 93 13 553 12313 15685 15686 15687 15688 13 23353 482 117 23354 4 8741 -1 -1 0 0 0 0 7 7 6 5 6 6 3 6 4 4 0 0
"cc4ac15f128c95df" 36 41 150 1832 6601 305 23355 13 553 2239 1473 23356 2 2757 1660 553 357 1109 4380 3180 845 13 11942 7273 13786 13 553 2 520 93 2333 20 3210 1342 2 604 4 8742 -1 -1 0 0 0 0 7 7 8 7 8 3 3 5 8 7 0 0
"38134263eff49cd7" 32 588 388 23357 6316 21572 4254 13 553 357 191 23358 742 61 23359 13 23360 2 6592 7013 13 553 1568 150 23361 331 13 358 8235 8234 8232 8233 4 8743 -1 -1 0 0 0 0 8 7 8 8 8 7 7 7 9 8 0 0
"266c9c3ee5a383be" 42 703 435 8541 17 13 6348 3313 2941 13 553 357 1842 417 188 61 23362 23314 8367 13 553 150 36 19263 1276 13 357 600 10489 23363 13 553 345 3302 4107 2809 2717 1016 18571 5282 2 8676 4 8744 -1 -1 0 0 0 0 7 7 7 8 7 9 6 6 8 7 0 0
"3db1ffe425e2833a" 48 337 14235 2 23364 13 3365 25 367 13951 2346 13 553 1890 61 188 7013 13 520 353 774 1088 1807 2 1604 4589 13 553 341 23365 417 13 5187 600 93 19556 13 553 600 93 10157 23366 13 2 188 23367 359 23368 4 8745 -1 -1 0 0 0 0 6 8 8 7 7 8 8 5 6 8 0 0
"3e7fcda8227d767a" 45 23369 188 515 737 18752 2349 13 553 1857 1765 15236 13 93 25 23370 402 4 553 28 4403 1207 13 87 13143 520 188 23281 23371 13 553 61 87 1629 13 38 388 353 150 23372 23373 435 23374 23375 11488 4 8746 -1 -1 0 0 0 0 7 6 7 6 7 8 7 8 9 6 0 0
"e1f481d6a0216b5c" 45 1110 2464 3427 13 23376 1552 9382 150 36 3270 1765 1780 13 553 796 23377 9632 150 36 966 25 1109 2346 13 28 1492 4069 553 347 66 1065 349 39 13 34 6020 93 23378 13 191 1584 150 36 23379 4 8747 -1 -1 0 0 0 0 7 5 6 7 7 5 4 6 4 7 0 0
"c2b1fc6e78c1aab5" 28 66 586 23380 13 25 1584 23371 4 553 4962 2505 726 13 4964 4965 6864 13 1580 2056 61 12583 1748 13 25 150 36 23381 4 8748 -1 -1 0 0 0 0 5 6 7 6 6 7 4 4 8 6 0 0
"283010e72ae66acb" 49 6132 7080 7081 13 171 6338 5362 23382 13 553 347 66 639 10252 1379 13 357 87 150 1780 437 13 553 113 95 1509 61 23383 25 61 6601 1780 13 219 13944 11285 13 553 2 1071 10302 23384 13 1543 87 18292 23385 18308 4 8749 -1 -1 0 0 0 0 6 7 8 7 7 6 5 6 5 6 0 0
"ad2d90a1fb1d846e" 43 9171 13206 2508 11 13 87 1651 7016 23386 146 23387 13 553 28 1015 1456 35 23388 7441 13 357 1643 16338 34 976 13 553 1178 14093 53 14094 13 373 150 286 305 20 687 36 10451 1016 4133 4 8750 -1 -1 0 0 0 0 6 5 6 6 6 6 3 4 4 5 0 0
"d7b5285f1a256005" 39 7187 3646 23389 4434 2349 13 87 22797 3478 13 357 23390 23391 13 553 2 66 23163 13 1580 2358 61 23392 7013 13 553 499 1667 1013 87 3038 901 13 357 2303 61 23393 2358 4 8751 -1 -1 0 0 0 0 7 6 7 6 6 5 3 4 4 4 0 0
"93c4dd7f8ab4f3a8" 30 2056 61 17883 13 87 61 23394 6601 13 553 1071 340 23395 23396 61 9723 13 553 23397 23398 23399 13 373 61 23400 1122 2346 2370 23401 4 8752 -1 -1 0 0 0 0 6 7 8 7 6 6 4 5 5 6 0 0
"8557b36b62b26d43" 37 35 23402 330 13 347 39 23403 5865 13 553 134 113 15077 2503 23288 13 553 2 8232 8233 8140 353 4459 13 553 345 1765 2849 61 6521 13 2833 13 1071 23404 23405 4 8753 -1 -1 0 0 0 0 6 6 6 8 6 5 4 6 6 6 0 0
"035f57753f51cab0" 34 796 353 16142 13 2 23406 15693 102 6475 13 553 2 13180 61 87 520 457 388 357 23407 13 553 392 23291 13 357 1109 1110 113 2570 5286 1592 787 4 8754 -1 -1 0 0 0 0 5 6 6 7 7 6 4 5 4 6 0 0
"17538e33840e5ee7" 38 588 508 23408 23409 2039 23410 13 553 796 114 8406 7845 5240 13323 171 1875 13 553 357 574 687 362 3053 4337 605 13 553 23411 23412 3169 12680 13 721 23 53 4071 15268 4 8755 -1 -1 0 0 0 0 6 6 7 6 6 4 3 4 4 4 0 0
"894508f7136df005" 30 66 586 774 1463 23413 23414 13 553 87 23415 171 6338 7081 675 23416 13 553 95 1509 608 61 6786 23324 13 12310 191 7456 188 23417 4 8756 -1 -1 0 0 0 0 0 0 0 0 0 0 0 0 0 0 0 0
"56c22af4513ab9b2" 33 4447 1342 61 412 3483 23418 13 553 346 417 10252 286 11514 6477 23419 13 553 423 1765 1094 113 87 950 13 553 4845 150 803 2852 39 9038 23420 4 8757 -1 -1 0 0 0 0 6 6 5 3 4 3 4 2 2 2 0 0
"8e080145625de94b" 49 102 61 23421 13 28 417 1863 23422 484 13 553 2292 1109 297 23423 1852 13 2720 7282 23424 4 553 23425 150 286 4103 1997 1511 13 553 191 102 13 274 633 13 61 596 1740 13 35 2841 23426 1043 357 150 36 963 16483 8758 -1 -1 0 0 0 0 7 7 7 4 5 4 2 7 3 7 0 0
"9745d2a556690c40" 45 87 61 87 23427 13144 13 2265 23428 150 2852 23429 13 553 113 1052 61 23430 13 20494 1411 1232 20410 4 553 191 1207 953 23431 23432 1093 15808 23433 423 553 35 87 171 23434 2356 359 15686 2 15687 15688 4 8759 -1 -1 0 0 0 0 7 7 6 5 6 5 3 3 3 4 0 0
"58399c1d4460f58b" 47 1863 23435 23436 23437 55 3853 17652 23438 2717 23439 13 553 95 23440 1015 457 1131 23441 1029 150 21344 23442 553 1010 1319 3048 23443 35 150 23444 47 23445 23446 2889 13 553 150 515 23447 4337 1568 1131 1022 28 15589 23448 4 8760 -1 -1 0 0 0 0 0 0 0 0 0 0 0 0 0 0 0 0
"2d25bafde82f8aed" 46 774 2620 386 23449 13 150 146 15177 15178 798 4 553 10219 5584 446 33 446 13 35 2431 23450 4 553 23451 1862 2 125 19159 13 1029 190 297 1199 675 13 553 150 8216 286 36 362 18603 171 23452 23453 4 8761 -1 -1 0 0 0 0 7 7 6 4 6 6 4 5 4 3 0 0
"8a15d84d11265d65" 48 13724 1038 23454 7113 13 23455 507 23456 23457 4 553 1029 23458 920 504 23459 4 553 18562 38 23460 23 13 191 4249 860 23461 394 23462 116 23463 113 4 553 588 23464 3938 13 1096 23465 4287 23466 13 191 1385 3938 6832 4 8762 -1 -1 0 0 0 0 7 6 6 7 7 6 5 4 4 3 0 0
"8eb78f00910f9e7b" 30 15 16 171 19239 95 23467 13 553 499 23468 1354 53 23469 13 553 1029 15396 3561 23470 2 23471 13 553 367 142 888 1628 171 23472 4 8763 -1 -1 0 0 0 0 8 8 7 6 7 5 5 4 5 5 0 0
"34b0e49d6745931c" 57 61 10623 415 967 13 720 66 44 353 1807 4 87 386 2142 53 23473 7548 13 191 15124 23 53 116 7238 8414 4 553 1990 34 186 35 1785 1319 1071 93 1552 19886 13 553 357 515 87 61 113 171 23474 23475 13 423 3663 2265 4862 23 23476 2646 23477 4 8764 -1 -1 0 0 0 0 8 8 8 7 6 6 4 5 9 7 0 0
"193cfdb7b082c51f" 39 588 191 150 1641 2929 23478 1710 13 553 297 93 3302 14893 2318 6030 8094 13 553 341 23479 3058 13 113 1795 10087 4 553 1549 1990 87 1862 23480 7357 23481 2 21062 6257 3037 4 8765 -1 -1 0 0 0 0 7 7 6 5 6 5 3 2 3 4 0 0
"a927da5a89047ed7" 46 23482 23483 6597 23484 13 35 23485 23486 13 553 12044 23487 53 13 14362 23488 553 19489 1319 23489 23490 16483 2 596 18169 13412 5306 12155 4 553 23491 61 20735 2506 113 2507 967 616 4 553 20598 23492 23493 23494 23495 4 8766 -1 -1 0 0 0 0 7 6 6 7 7 6 5 4 4 3 0 0
"5f2f91cf4d0fb4b5" 41 9923 8723 13 347 600 93 3496 171 23496 13 553 499 6750 330 23497 23498 13 553 23499 5793 13 2006 1182 1420 14530 13 553 3302 9460 2941 417 13 1890 10326 2 704 191 93 23500 351 4 8767 -1 -1 0 0 0 0 8 8 7 6 7 7 5 5 7 5 0 0
"2f46fbd767976700" 48 87 171 23501 13 2 102 171 679 704 305 5571 4 553 347 600 2452 47 2265 171 23502 23503 4 553 357 1602 4232 171 13751 13 373 61 3405 504 13 553 191 297 1093 297 415 1862 53 23504 116 798 66 7123 4 8768 -1 -1 0 0 0 0 8 7 6 6 6 4 4 4 5 4 0 0
"4c9fcb47b4e8ae14" 24 12906 61 12907 13 357 8262 1522 457 13 553 1200 1109 17810 23505 23506 13 553 7688 23507 23508 23509 9322 23510 4 8769 -1 -1 0 0 0 0 5 6 5 6 5 3 3 3 4 6 0 0
"e3d0ae6da9b3488e" 21 772 6105 18454 1552 23511 110 553 13432 2018 23512 23513 2204 13 553 636 8021 47 23514 1109 23515 4 8770 -1 -1 0 0 0 0 0 0 0 0 0 0 0 0 0 0 0 0
"7aeef0959412fd2b" 30 520 3998 6 4765 4766 1193 13 553 113 5718 13 742 6 6475 23516 23517 13 553 7688 13 18 359 1109 13 1906 10055 23518 23519 10682 4 8771 -1 -1 0 0 0 0 0 0 0 0 0 0 0 0 0 0 0 0
"c06c3adbaa34238d" 34 7159 4589 457 329 2 125 13 553 23520 188 13078 2958 13 357 150 87 286 330 305 125 3125 13 553 19666 1113 2070 23521 1253 13 1071 10619 1043 10849 4 8772 -1 -1 0 0 0 0 6 7 5 8 7 4 3 4 7 6 0 0
"365d7ba897ffb210" 27 1087 6758 113 742 1589 1643 1783 13 553 23522 764 134 113 3485 1863 1480 13 553 23523 6838 13389 47 6978 113 23524 1783 4 8773 -1 -1 0 0 0 0 7 5 6 4 6 3 2 6 4 4 0 0
"3594f4d13d7e77c9" 30 23525 3314 41 357 3531 23526 23527 13 553 23528 23529 489 13 171 23530 23531 113 564 23532 13 553 7113 61 18994 23533 983 170 23534 23535 4 8774 -1 -1 0 0 0 0 4 6 4 5 7 5 3 3 3 5 0 0
"aebd23340fe962fe" 32 23536 23537 17928 23538 91 13 553 566 7484 795 23539 47 417 1870 13 553 3235 35 28 286 23540 357 23541 4421 13 1634 23542 297 3821 949 7178 4 8775 -1 -1 0 0 0 0 5 3 6 3 4 2 2 2 2 3 0 0
"13d8bfa11dfdb677" 26 23543 23544 23545 23546 13 553 1842 20 23547 23451 188 23548 13 553 357 150 36 93 2217 23549 515 3307 25 125 23550 4 8776 -1 -1 0 0 0 0 4 6 4 4 5 2 2 3 3 3 0 0
"73906a448ef9ef1c" 48 1675 3105 10311 490 13 150 415 6448 1207 13 553 23551 2 23552 23553 23554 482 20127 5216 13 553 3699 87 13898 2 2505 23555 347 151 23556 23557 13 553 63 11890 13 41 13449 515 297 1093 6087 23558 171 23559 23560 9948 4 8777 -1 -1 0 0 0 0 6 7 6 7 6 4 3 5 4 6 0 0
"d310cbcb3fc02a09" 41 1362 359 1510 1145 463 23497 349 23561 13 553 15803 679 530 2 326 2 1109 8669 23562 1795 13 553 14421 8586 1842 359 3253 7755 13 553 357 3253 191 23563 13 23564 13 17416 2043 23565 4 8778 -1 -1 0 0 0 0 7 8 7 8 6 5 4 4 7 6 0 0
"384866d9c5e34ae8" 39 347 7428 2941 362 993 20 305 3478 3478 547 13 553 2 23566 33 25 1038 23567 352 23568 13 553 357 41 3705 3706 23555 6198 87 8586 13 553 23 412 2453 357 23569 23570 4 8779 -1 -1 0 0 0 0 5 6 4 5 6 4 3 4 4 6 0 0
"dcfd48abb3ffc9c5" 33 23571 2775 23572 13 87 8899 1031 23573 13 553 1664 23574 1665 1259 1817 993 22028 2941 87 13 553 4386 23575 4159 8795 13 553 1604 23576 23577 23578 10086 4 8780 -1 -1 0 0 0 0 8 7 8 7 5 5 5 6 6 7 0 0
"8bcfd6134a067706" 41 1331 1087 150 6758 1765 15471 13 1842 20 7769 13 553 3338 23579 1376 1817 23580 5253 553 23581 14002 18022 23582 23583 23584 19210 23585 1492 13 553 150 7592 1011 22942 13 417 61 2446 23586 7769 4 8781 -1 -1 0 0 0 0 5 3 6 4 5 3 3 5 4 4 0 0
"f181704f1d672533" 42 6105 23587 23588 23555 47 23589 23590 23591 13 553 23 731 23592 23555 730 5793 87 9933 13 553 357 4254 23593 361 6613 3921 8343 23594 553 1488 23 23595 13 17866 13 76 61 297 23596 738 23597 4 8782 -1 -1 0 0 0 0 6 7 6 5 4 3 3 3 4 5 0 0
"0d27cc3f8d976a91" 37 341 2305 1319 7171 441 1890 607 687 419 13 553 742 61 53 11644 11645 2536 13 553 23598 13 1109 23599 188 394 530 25 4845 18180 13 553 388 588 457 23600 23601 4 8783 -1 -1 0 0 0 0 5 7 4 5 5 4 3 3 4 5 0 0
"189c56aab2554b66" 39 23602 1857 23603 23604 14532 23605 13 553 1109 530 23606 23607 3313 14088 23608 2 19898 23609 13 553 1749 18403 1580 18101 2 415 23610 102 8783 13 553 23523 23611 23612 3314 171 6892 4394 4 8784 -1 -1 0 0 0 0 6 8 6 6 6 4 4 5 5 6 0 0
"7fa7a52924053973" 20 66 23613 23614 23615 28 23616 607 13 553 113 967 61 9678 13 191 3940 1604 1765 6209 4 8785 -1 -1 0 0 0 0 4 7 6 6 4 3 3 4 4 5 0 0
"2e77204be65b297b" 25 20 1385 3938 6832 13 1109 4766 23617 9051 5111 13 553 87 23618 358 61 13 3221 10941 282 20 3971 95 61 4 8786 -1 -1 0 0 0 0 8 7 8 6 7 5 4 4 5 6 0 0
"634b5126e6045fb9" 40 20 1042 664 90 666 23619 23620 13 553 1109 23621 13 18353 2 1272 13 1446 23622 13 553 33 23623 13 8688 23624 1271 417 13 553 1272 1411 457 13 20 23625 14416 13 23626 14417 4 8787 -1 -1 0 0 0 0 5 3 5 8 6 3 3 2 2 6 0 0
"bc0ea78ac6283f78" 33 347 410 620 174 23627 188 5496 441 13 553 1250 18896 171 113 8468 1151 13 11334 23628 13 553 34 42 20 117 353 23629 13 28 188 23630 12028 4 8788 -1 -1 0 0 0 0 4 3 3 6 4 5 4 2 3 3 0 0
"67c6ef0e297f160f" 34 7456 93 4964 13 38 388 357 125 770 13 553 134 228 229 13 150 36 23631 13 5520 1887 1376 13 553 1203 4388 5011 367 35 2905 102 3712 6907 4 8789 -1 -1 0 0 0 0 9 7 9 7 7 5 5 3 8 7 0 0
"1978899f8d46a3c2" 22 95 150 36 23632 13 191 102 1886 23633 13 553 87 11553 11554 13 5749 799 23634 13 845 23635 4 8790 -1 -1 0 0 0 0 6 8 4 2 3 3 3 7 6 8 0 0
"f3a5ac1b005e22b8" 39 5456 3998 150 36 330 396 9636 5624 5625 13 553 1016 731 61 134 13 1034 3949 23376 66 25 23636 13 553 6119 6120 484 13 150 4405 9322 23637 13 1580 1370 150 388 3692 4 8791 -1 -1 0 0 0 0 7 5 6 4 5 5 3 7 5 6 0 0
"ce978b21948056b2" 35 3302 452 1148 171 823 13 23638 504 13 66 14033 13 553 347 719 36 7353 28 76 23639 23640 13 553 66 347 36 981 13 113 66 23641 2700 7894 23642 4 8792 -1 -1 0 0 0 0 6 8 6 5 6 6 3 5 4 7 0 0
"e5481ddbabd151b3" 30 9049 5288 672 25 695 13 553 23643 6083 8414 2835 1192 2 722 4816 1193 13 553 286 23644 12576 13 482 34 23645 13 102 7675 7676 4 8793 -1 -1 0 0 0 0 8 6 8 6 7 7 4 4 9 5 0 0
"3ba16b460145030b" 33 66 23 9308 174 616 3951 9309 13 553 191 16964 4691 171 1494 13 171 304 305 5260 13 553 7168 76 61 1169 1171 13 1488 150 545 993 9308 4 8794 -1 -1 0 0 0 0 7 4 6 5 5 6 4 7 6 6 0 0
"468f5ab3b96b74bf" 31 449 28 748 5173 13 191 1109 15434 3436 13 553 600 9462 2440 23646 188 11 23647 13 553 9070 188 11 1159 388 13 66 5776 6092 19534 4 8795 -1 -1 0 0 0 0 8 5 7 6 8 6 6 3 7 5 0 0
"1169648135aea77e" 32 66 414 359 5963 14280 13 20 23648 5253 13 553 414 3284 359 23649 13 20 23650 23651 2136 13 553 1196 9502 1042 425 6659 23652 13 23653 23654 4 8796 -1 -1 0 0 0 0 6 7 5 3 4 5 5 6 5 6 0 0
"35a72e382d787aff" 46 433 936 23655 13 9965 1038 61 2700 394 13 6813 6814 13 553 20 23 23656 358 23 13 191 353 1628 1029 23657 13 1808 3963 13 553 1232 410 2439 4342 13 1029 2316 13 367 23637 13 297 410 10849 1031 4 8797 -1 -1 0 0 0 0 5 4 3 2 3 4 4 3 5 3 0 0
"234ba22b3abd3fd3" 43 63 637 23658 23659 13 2 93 4899 41 520 23660 13 553 95 23661 1012 1013 1014 13 20 728 3138 384 13 553 722 23662 515 545 3497 4944 13 41 188 394 1034 19432 23663 774 1463 113 2111 4 8798 -1 -1 0 0 0 0 4 6 4 2 3 4 5 4 4 5 0 0
"b6e5dd0218ebf87a" 30 357 7688 66 1664 7689 6592 6787 13 553 2 11367 11368 1029 8380 3248 13 2652 331 61 13 553 3372 3212 20478 17135 23664 796 23665 776 4 8799 -1 -1 0 0 0 0 6 7 6 7 5 6 5 4 6 7 0 0
"705989e7d1a5833a" 25 796 23666 61 20 7837 23667 457 7396 7839 13 553 5090 9524 134 13 95 23668 150 9061 8590 7093 330 1016 6380 4 8800 -1 -1 0 0 0 0 5 4 5 6 5 6 3 4 3 6 0 0
"c870e99bd9b7f49d" 24 28 748 5173 13 357 41 138 9959 13 553 1109 150 12235 1032 1823 5851 21062 13 113 3912 1201 358 23669 4 8801 -1 -1 0 0 0 0 7 5 6 6 7 6 5 3 6 5 0 0
"10e1f84d1a6f0a5b" 23 3970 3123 13 87 12842 331 13 553 357 23670 150 1016 12178 330 1228 13 1109 1775 1110 23671 2 23672 4 8802 -1 -1 0 0 0 0 5 7 6 7 7 4 3 8 6 6 0 0
"0d60fa4ee0dec192" 25 20 15672 15673 367 15674 13 553 357 41 1853 1854 13 297 150 1319 23673 1780 609 3186 13 25 265 134 2265 4 8803 -1 -1 0 0 0 0 8 5 6 6 5 4 2 4 3 3 0 0
"ccb6320280694c43" 27 6397 6397 13 357 150 1641 8755 23674 23675 13 553 345 2506 2507 61 13 548 1510 2667 13 191 5958 2676 18074 23676 3302 4 8804 -1 -1 0 0 0 0 6 4 7 8 4 4 1 6 2 6 0 0
"258dd1fd76009018" 16 359 14459 1109 23677 4489 17763 13 553 548 23678 146 1351 354 18074 2512 4 8805 -1 -1 0 0 0 0 4 5 4 5 3 4 3 4 3 3 0 0
"8906c960c66c4005" 18 66 23 9308 435 3951 9309 13 553 3138 23679 61 297 10502 13 687 7235 1403 4 8806 -1 -1 0 0 0 0 8 5 5 5 6 5 1 4 2 6 0 0
"29f75b38def61851" 21 3212 16964 4691 13 482 102 61 23680 13 553 47 11334 8468 2 405 23681 1192 12028 358 2014 4 8807 -1 -1 0 0 0 0 6 5 4 5 5 3 1 7 1 3 0 0
"fac1118f9f7177e2" 25 359 5963 14280 13 1109 23682 1029 20 23683 1796 23684 13 553 1868 11367 11368 331 23685 13 2 1492 102 6906 6907 4 8808 -1 -1 0 0 0 0 3 6 6 6 5 3 2 3 3 4 0 0
"f32b57c4742021bf" 18 345 6813 6814 1109 23686 13 553 600 417 23687 13 357 504 1677 53 373 3214 4 8809 -1 -1 0 0 0 0 4 6 8 6 4 3 1 3 1 4 0 0
"f8d5978eafb0fa65" 16 66 414 3284 13 2 2628 13 553 667 23688 5288 23689 330 25 23690 4 8810 -1 -1 0 0 0 0 8 5 5 6 4 3 2 4 3 3 0 0
"03f635ecd8218df3" 22 25 265 134 61 2265 13 191 102 941 1043 23691 13 553 6397 6397 13 2 628 1351 23692 860 4 8811 -1 -1 0 0 0 0 7 7 5 6 5 3 1 4 2 5 0 0
"c92eebcf419d504d" 26 20 7837 3305 23667 125 7396 7839 13 553 191 34 6828 2963 358 13 95 3963 61 330 3302 1874 23501 170 7442 23693 4 8812 -1 -1 0 0 0 0 7 6 6 5 5 4 2 3 3 5 0 0
"7d29249a5a9587d7" 23 3736 1109 3323 146 1351 3804 13 553 1012 1013 1014 87 15391 13 357 720 87 637 2321 23292 2700 1100 4 8813 -1 -1 0 0 0 0 5 5 5 5 5 3 2 4 3 2 0 0
"b6bb71920e30607b" 22 6118 484 920 6119 6120 13 553 5090 9524 134 13 330 953 8385 13 2 731 2155 8590 23694 8591 4 8814 -1 -1 0 0 0 0 6 5 6 6 5 3 3 4 3 4 0 0
"61924eb0cfab46d5" 23 66 1325 35 102 61 3302 359 14459 13 553 357 1862 3293 9959 13 2 87 23695 357 7822 5851 17289 4 8815 -1 -1 0 0 0 0 4 6 5 5 4 3 1 5 3 3 0 0
"d7347917e82198b9" 5 134 228 229 3075 13 8816 -1 -1 0 0 0 0 2 3 3 4 2 2 2 3 2 2 0 0
"e8fc3e3c65539a70" 38 297 722 66 519 1200 171 61 1169 1171 13 553 18896 3832 1250 2451 2 113 1993 23696 110 553 1109 23697 357 150 304 1151 8468 13 553 23698 113 20 15672 367 17427 15674 4 8817 -1 -1 0 0 0 0 6 7 7 6 5 4 3 2 3 2 0 0
"d349032779acf778" 33 87 23699 520 61 20 5958 1852 12760 13 553 23700 2852 1187 1196 9502 110 553 14060 93 2 519 35 442 87 171 23701 357 6170 93 394 3478 23702 4 8818 -1 -1 0 0 0 0 2 8 7 4 6 4 4 8 3 5 0 0
"b73c3845354e830e" 33 504 19615 373 3358 1823 5851 2 14033 13 553 3736 1109 3323 146 1088 3804 110 553 12952 23703 125 23704 13 553 41 87 642 721 297 87 361 845 4 8819 -1 -1 0 0 0 0 3 5 6 6 5 4 2 2 3 2 0 0
"7b50f73d1ebfb86c" 33 95 61 1016 731 2 87 840 170 19666 13 553 7837 3305 7838 7396 7839 4 553 1109 1589 8891 2 23705 13 553 150 388 18325 23706 23707 23708 23709 4 8820 -1 -1 0 0 0 0 9 7 8 8 7 6 6 6 6 7 0 0
"c78b67526fc999d9" 33 6783 384 23 2168 412 722 23710 13 553 66 1837 113 351 499 39 305 5520 4 553 3018 35 102 61 23711 588 13 553 1012 12065 414 6659 3316 4 8821 -1 -1 0 0 0 0 5 6 7 6 5 3 2 2 3 2 0 0
"1912926acb495fd0" 33 7688 66 1664 7689 6787 7585 13 553 9049 5288 672 357 150 1109 12583 23712 4 553 347 4360 2852 482 1240 305 13 553 18326 93 608 20 7051 23455 4 8822 -1 -1 0 0 0 0 4 8 7 6 6 5 5 6 7 5 0 0
"d27f3235f4fbf354" 38 1868 134 5496 1013 1665 8643 358 13 553 452 388 357 770 2 358 23713 23714 4 553 3998 5623 2852 5624 5625 13 553 357 41 87 3038 23715 282 87 3038 941 308 19842 4 8823 -1 -1 0 0 0 0 7 6 7 8 6 3 2 4 3 5 0 0
"fbbef48e9e2a7817" 23 87 150 36 10771 35 87 23716 13 553 3970 3123 12842 331 2 87 150 36 308 23717 23718 23719 23720 4 8824 -1 -1 0 0 0 0 2 5 6 4 5 3 2 7 3 6 0 0
"2b25bcf59795a14e" 36 738 384 774 1712 2 23721 20926 23722 13 553 10502 2 23723 2 23724 4 553 20 15672 66 17427 367 15674 13 553 41 87 1854 412 18169 297 1853 1854 23725 23726 4 8825 -1 -1 0 0 0 0 5 6 7 6 4 3 2 3 3 2 0 0
"729b143e745c1dc2" 38 1029 61 297 738 23727 500 799 61 23728 13 553 6397 6397 13 607 23729 2 347 388 3165 553 23730 23731 2 19499 23732 13 553 2506 61 2507 750 297 20 61 18829 23733 4 8826 -1 -1 0 0 0 0 6 6 7 6 5 3 2 5 3 5 0 0
"96e9d1e2b141071a" 45 95 61 1016 731 2 87 840 170 19666 13 553 738 384 545 3497 4944 1374 150 388 331 13 553 2983 2 1109 1589 7238 35 23734 23735 1043 6699 23736 22152 13 553 23737 484 920 6119 6120 13 66 2208 4 8827 -1 -1 0 0 0 0 9 7 8 8 7 6 6 6 6 7 0 0
"b9b9bb01fafb7e4d" 22 23738 12854 188 11 13 2 23739 20 373 23740 68 13 553 150 719 36 7353 28 95 170 23741 4 8828 -1 -1 0 0 0 0 6 6 7 7 6 3 3 3 3 3 0 0
"337548fb858616c9" 40 414 3284 2 87 61 8612 23742 13 553 5958 2676 188 12760 13 2 87 89 113 4214 13 553 87 150 36 10771 20 23743 23744 13 553 87 61 5218 2 1130 87 61 188 23745 4 8829 -1 -1 0 0 0 0 3 7 4 4 4 5 3 2 3 4 0 0