"d8b5b88349448f91" 3478 10242
"2bd9623aaeeef8e3" 7328 37
"1f11a4a3daa77d4c" 7436 7144
"8bd56451b840aa67" 7396 951
"a227914039d1547e" 2875 1151 11451
"3090d37add59ced7" 8775 7007 11592
"fcfd588edee373b3" 6822 7796
"da03652dc09a6337" 5039 10003 9766
"c92ce71fb4dd329c" 1354 1517
"12dde969685c2340" 3552 12116
"aacf29dae459ff92" 6532 831 6858
"779992b988e8cc48" 10770 1792 11212
"052b76d2d41e81aa" 11807 7056
"71705a193b8c67f2" 11777 9565
"1b9c748aa11bc569" 2091 9557
"3b10565368274b57" 2202 9716
"89b1a4a3daa77d4c" 7436 9615
"a25099ef899c9106" 10003 1321 11009
"cde21db728eee5b8" 7161 2442
"db10cf0b50686407" 6430 1610
"a648f616e46ae994" 3951 2202
"4650832b8e4dde01" 428 2875
"315a69cfc970760b" 1517 3478 4407
"2b070f428487e9f7" 12116 11009
"aae2ed1d3572a35c" 9565 11777 5039
"2faae53fc2dbf848" 7056 6430 10003
"f5e255db65db7d43" 10770 6532 1792
"fd5ea641951af7b9" 6822 1321 2091
"b01b5b02239ac783" 428 6858 9716
"ce8b623aaeeef8e3" 7328 7007
"6d68cdde87cb7e0f" 8775 831 11451
"9e3d6fdade7aaf22" 4407 7056 11009
"c7aac7963d98b7d7" 1610 1151 6822
"1b27c5823a179561" 12116 1517 2091
"7196a3545533667d" 10242 2832
"eea6846390e1a010" 3478 7796 2875
"793f0698d4a0d426" 951 11807
"7a26c5622fb9fae4" 9766 11212
"f51af616e46ae994" 3951 9615
"037cedec3675acbe" 7295 7144 11592
"9143ed1d3572a35c" 9565 11777 6430
"f993476a55684e56" 11592 2442
"40e087e061b20bac" 10003 3552
"08095a89451e5b5e" 37 3478 428
"523e7187748c6fc2" 9716 12116
"95918fc3b9523ca8" 7007 7161 7796
"9d40e2f0becb8323" 8828 3104
"436b91d395bc5977" 9758 2156 289
"82c9d2ffe5febcc3" 5846 4147 5314
"625553963350d32e" 5149 9472
"34641ac899a0c980" 4219 471
"5e2548dab293f553" 9906 8602 2888
"f7d0930ad010f047" 10368 7570
"cd4511a287a3b67d" 6879 2140
"0759c8bab1938521" 5691 5700
"61b29df549c424cd" 193 10572 7560
"27c4f0a999a9be8d" 10472 11581
"eacf2d2c982052bc" 2745 9711 4961
"9ff981372e198cbd" 2490 11674
"5a84cc19cc0e954a" 4775 10000 8013
"a16f0d6182ed27d1" 7370 10219
"61d2cb53aac0f272" 8842 9255
"a57caa66cb69673a" 706 7571
"48c1104eb2edca9d" 9946 10602 7407
"5efcaa66cb69673a" 706 9758
"e115153686cd0c30" 5700 5691 9906
"4e8acd4c1adc8656" 3104 471
"683743d72c2071fa" 4147 5314
"0b0916dafcbd9c55" 8013 9472 7570
"7fa2e781d65ff917" 10000 2490
"722500187ad82a28" 11674 193 4775
"7eeba088c2d8a9fb" 4961 8013
"5ac4af5bb01e7644" 9711 5691 5846
"b48e0d6182ed27d1" 7370 6684
"1948c5584a7a58da" 289 4219 10368
"a543efbec457c586" 7882 9255 8828
"1bbe06b810438429" 9889 471
"999e0d6182ed27d1" 7370 7018
"eaf1853e46bc9c00" 9906 5700 7407
"07509567e2297128" 5758 5149
"05120e57f3c6ef9c" 11581 8842
"15b55bbec3e199b1" 9946 10472 5846
"41cd8e0283c233c3" 6879 2745 9711
"2f3d53aa998cf97c" 5758 9758 7413
"fc7c685f04e8dad2" 4775 9255
"d72635050b28fa37" 9472 2490 5314
"4623c9cab686dd67" 3104 9472 4219
"bb7c2f1bf69d3448" 8828 7571 6879
"47b016b810438429" 9889 8602
"f381e8613eab2144" 706 10572 7560
"fe3f83fa738cabfe" 2140 5846
"8da62fb421d61a09" 7018 10602 4147
"afa920b2e4373cf3" 3463 5230 4732
"58137291320f2285" 7829 11079
"b8f56ebac357b98f" 5715 909 2062
"067377239a4833ba" 5242 2369
"a5d859ee3277f44d" 4726 8815
"6783544f5a80b524" 7880 7175 3722
"9343d523b665829a" 3250 11586
"d7ec4cda405c6333" 10198 6450 9060
"85f7fdbbe87afc10" 8240 12155
"ca39cf73c1870853" 7641 7674
"afc01ff0fd5e6ca1" 8649 2072
"df8e1907df03e180" 6932 9622 7394
"20149290865ee0eb" 5877 11458 674
"c0defbdae6d04af9" 3494 5297
"3d7cf024299d57d5" 8634 7540
"686b03c1e24bed9f" 6760 1350 519
"b1ffd9a8d0b0ab9a" 10068 8554
"89082c27b99a311d" 10969 8678
"aea5b3270ba3f21f" 677 7132
"89058d3be055514e" 2062 5877
"3b22757c4349aa99" 8815 8554 2369
"5e09b684344e2ee2" 3250 6932 9622
"e3ca3ba96dabaca3" 4628 151 10198
"0bc39833728b13ae" 6691 3463 5297
"f8a6bd01034d5668" 11458 7880
"6097b5b5366e9dad" 5715 674
"2d45869e0cb1638a" 3494 12155 7540
"1d0398ad572ef668" 4732 2072
"e55f3a4df351c988" 10969 8634 7394
"19abf8a550ea2f64" 5230 2062
"124ebaa2890672ef" 11114 7132 6450
"8b9bce36d7767525" 8240 7641 7674
"0bca17a92992a2e9" 4726 7175 8678
"a3b13b0e9e843912" 4628 8649
"83d43ff89b92d950" 8815 6760
"30b8b81d28ecf34d" 11586 519 909
"88d3a64f55e60f4c" 5242 7829 9060
"89d4b3270ba3f21f" 677 3722
"566a01e37083544a" 5877 11079
"594498ad572ef668" 4732 7132
"fcab134551be8b7a" 1350 10068
"eaec6089c519d7bb" 10198 3494 5297
"aab46d1492b4fb60" 6450 7829 2062
"4f2acf73c1870853" 7641 11586
"de342634a0dcb70d" 151 6691 5230
"ffa3d56fe75adc47" 3250 674 7674
"39c8aa43cf85f783" 3045 1349
"81abb491b26670d3" 5433 11577 3337
"0595c7dfce1c5b4f" 9625 3806
"535781e248be857b" 6139 1347 530
"2111c3d3f30f4056" 4728 4493
"07c6bf6dc4905c08" 10607 7840
"bc438484158cac0a" 4511 346 377
"ea177a58214e4e30" 3506 7607
"a15eb49b1e98d75e" 7505 3230 210
"629ac92b53dfc0fe" 12008 3397 3700
"c27cb746e1a47dbe" 3235 6840
"1ce5062da2407126" 11017 4511
"185843e47d2c7e24" 10561 530 3045
"573588dc22399f39" 6779 3337
"5134eb6bfafd3a05" 1349 4158 9625
"e9652cf450338c1e" 5080 11577
"afa24449c014a157" 3700 5433 4728
"483824b921ad93ec" 3806 7505
"93cb0ae8dbc7fe8d" 377 11017 346
"d7f12724a668e633" 3506 7840 530
"ad9ba45384449a37" 210 1347
"572dde1fcd9282dd" 10607 6840 4493
"a7afccd858ce659f" 12008 3397
"3e012a76c2c1b109" 4511 3235
"4465bdf1a5b91120" 3230 7505
"4171664ac0424d73" 4158 4728 1349
"7565c7dfce1c5b4f" 9625 3045
"b9e4062da2407126" 11017 377
"06f886af6dff8b48" 10561 5433 3337
"c61eee5a0fac6534" 6779 346 3806
"85ab7b1503149e25" 5080 11577 210
"497a5c25b67c7a8d" 3700 1347
"8bc7bf6dc4905c08" 10607 12008
"fae67a58214e4e30" 3506 6840
"bc74bb9493a0904f" 7840 4158
"af90cbfe171d1ca6" 6139 3230 4728
"db0e058f74e20cf7" 3235 377 3700
"7347edca78e2e5fd" 1349 11017
"6d2fd1b507ecffc8" 3337 10607 11577
"b33ff3ca1c6fa816" 6779 3230 5433
"28e0b7283a5a9328" 4511 7505 3045
"548624b921ad93ec" 3806 530
"98a40ac50b44ad62" 377 7607
"2fb67a58214e4e30" 3506 6139
"0344bb9493a0904f" 7840 3235
"5feb71626c11c71d" 10561 210 9625