"72d45d61dd56f13f" 7702 8988
"3e04fff63f65a88b" 2210 4796
"0d80e4fe06a3897b" 7729 1322 9868
"c13b28f9fb2b690b" 1639 12092 4808
"f5760bafadf53d03" 202 1328
"be73c23f094f05d1" 3984 10286
"e3e51b8f308ed97a" 6383 1774
"4bb635424d26b537" 164 4339
"51b0c57b14d1ebce" 4929 9574 12085
"e0f2409077655179" 8932 1805
"fafb3bbbc7a5219a" 4920 1642
"cb6a44b1ded1019b" 3972 4763
"3579ba3570e2a9e6" 6177 2553
"bcd5cd3611f403c6" 10559 3707 1260
"a4fb2034d47dd647" 12107 5710
"9eab18b13d98f786" 8620 8384
"20349badc37b9d4b" 8384 10197
"5f8ba7651f563616" 813 255
"5055b1b00a30042e" 9491 10461 1976
"4de29badc37b9d4b" 8384 5031
"a9778393ff6c726d" 1639 818
"9596d577dbea1cfe" 10559 2553
"352db81d26cb6d22" 9868 202
"f2cd3bbbc7a5219a" 4920 8938
"6d2153a13895b29a" 4339 2227 12107
"ff858d3960d92ccb" 9580 7702
"2999c65f6f0ba5ec" 1260 10461 3972
"e6649bf9ded17998" 8988 11249 8620
"7e911d848eb1a688" 5031 10559
"689eeee9e296c9ba" 255 9574
"fee2409077655179" 8932 1774
"6c55347838cdf510" 4808 7729
"3cf5347838cdf510" 4808 10286
"5db9ba3570e2a9e6" 6177 3707
"204ca39b9da0ef0c" 1805 8620
"11f4ad1e023a1ac3" 12085 2227
"d490bb61f973411f" 5710 1642
"52f71b8f308ed97a" 6383 10197
"d7c7876f22777da7" 1322 1976 2210
"33b2409077655179" 8932 818
"8ca3f9d1d97bc69c" 4763 4796
"c0c5d4b0351dfb05" 8395 3984
"39ec790aeb8fc1a2" 2553 4929
"8291cabfffc6423f" 4339 164
"613fa796380850d3" 10461 1328
"d5eba7651f563616" 813 1639
"ab16125700bcc17b" 12092 4929
"90ab5b6c8f133521" 9054 10582
"cb532d9a7ba852d3" 2065 7474
"c8a043316a102e52" 203 10103 3189
"86d7b649331f6e67" 5749 10442
"0f3fba333fbb5f96" 11842 1498 7939
"84828d17a4bb4756" 8160 4219
"7293117fdd76674d" 4749 8529
"08dc3eaa62a2834b" 4901 3554 9424
"50fd1d4395e109bb" 6033 7419
"c14456a8cd627ffc" 5752 4247
"ce336c8ab9018eac" 11719 10148
"9ae2b9b22862884f" 4498 2340 8362
"ac54b56e40a74495" 9683 9702
"b44ae59d662ba7c3" 12062 2776
"d2981c47271294a5" 4788 8092
"380914c5ffc4cc07" 8192 12054
"2a887756347582ea" 7372 9689
"5db4f174eec709e5" 2069 2583
"60cc365e494ff9c6" 5878 1691
"acfcf1da2222a746" 6329 9400
"7de1f7fb8dfa823e" 4962 9054 12054
"085edece62a31166" 1498 9400 3189
"fdfcdf5b5e7d0462" 203 11842 6329
"044987b57818b878" 11975 12062 4498
"c18f9f2b082740f5" 7939 8529 4219
"39a197c431ddebdb" 4247 2340 11719
"a202ad5a986eb240" 9683 3554 8092
"564eac2b80641e03" 4749 1498 5749
"836210b6b62d12e0" 10103 8192
"f1e9a5c38511fb4a" 2583 11719
"afdc767e2bf5f78d" 8160 1245 2776
"9e6d5c20801ba520" 9424 9400 5752
"009d1d4395e109bb" 6033 5878
"b1527a014b77f428" 7474 10148
"e705bdb2671bd40d" 4788 2069 9616
"52f12d9a7ba852d3" 2065 1691
"a6214bb7e26357b9" 10582 3189 8362
"d06e51b28c2487dc" 4901 7372 7419
"702beb320380c367" 9702 12054 10442
"33cba6589788179d" 4962 4219 6329
"ff343a6963a94bf7" 5633 10103 11842
"12f391943b2bef74" 203 8529 5752
"fc4d8645774b5765" 11975 9689 3554
"4748db9d71aa882f" 4247 8092
"869f4b87d79224a7" 10582 4901 9400
"54373988f2120a7e" 7474 7372 12062
"0ed778ee6116ea0f" 8362 8192 1245
"f1754325ba1ce366" 9616 7419 11719
"c411be5088b17d37" 8652 11651
"f867a2b0ba39b53a" 5739 2291
"1c2873ae7edd0156" 9784 4732
"5585cc2eefee3dca" 439 11485
"990a618a719ba8b4" 1129 2803 8168
"577198891b84fc70" 10830 4242
"765ce2be5521b4d9" 10682 6945 5607
"791b1a06b29ddc6f" 7054 3809 6755
"04d45b78f546e215" 280 5915 10112
"168e8136617792ab" 9359 2366 5387
"03828b5651e2ab46" 6557 11843 1819
"07b9d241cb003cd4" 3053 10083 3307
"56f1b3e003fb04b1" 5355 9545
"c055717649689889" 6937 7987 2795
"0274a7709f21e683" 677 7281 3053
"c50c7d28c0b1e66f" 610 3167 10830
"5c4ce17d45ece579" 11485 2291 10112
"2ed592c215db3464" 1129 7054 4242
"a91158d5d8d08055" 9982 280 5355
"c36c20caa0eeb4ae" 7281 2291 11843
"f92dd0e10776b8c3" 8168 6755 231
"407bc2109e78efeb" 6937 5387 2795
"2beaa4b818e8cb5d" 5739 3809 6937
"43b9a6109aa0b01f" 8415 2803 6557
"41550219e5d65fc8" 8547 3167 11485
"1e8821d3593a50ff" 9784 6945 7987
"b032245181f87b04" 4732 5607 3307
"d4d2cb430853657e" 276 610 10710
"71d3a62268194861" 8005 8681
"9b67b9e02b865766" 323 1826 2299
"630620dd812348e6" 7847 8334
"ff226ad3057b8a0b" 3691 1486 4125
"2794bdd5014addba" 10376 8030 10395
"e4aa9b16359a31a7" 9595 5346
"98b90bc8f198a9a8" 6633 7827 568
"dcb3969acb8b0234" 8468 3039 7101
"b1b391005d4bab10" 10626 1940 8188
"fa0e7ac0926de19c" 4717 4729
"d204b92964c95557" 463 7549
"013488ba661bbac3" 5359 8128
"1697f5d229f68cf5" 5471 6070 6819
"37a73c52035f0462" 8468 7088 11910
"67e27d1295d306c5" 11836 11517
"987eddcb26c0739b" 11707 960 2829
"7a11b39f4c1b35e7" 4391 1395 9224
"9734bdff153eebad" 10748 2368
"2340800695a0a305" 6633 7600
"d83908ac7077d67c" 7827 8681
"65121619dd46003f" 10626 8128 2299
"51ad7ac0926de19c" 4717 3039
"c66f626fc8977d86" 1940 9595
"d77e366077140fb2" 2829 4391
"977b8ffdf5f2e54e" 5471 4729
"c7b0765b066ba806" 2368 463
"b2c04607fbaac36c" 4125 6819 6070
"b9f59553c1a8d656" 10748 7088 11910
"4a7ef0378728f603" 1826 11517
"19da01c161e5d94c" 568 8681 11707
"059c889eab627a79" 9224 8188 1395
"76fc7c341d645e6c" 11910 10376 2368
"2c1217836561de71" 1486 5471
"c3e1531c94044026" 7549 10395 463
"808a9d302f9befd1" 5359 9595 5369
"86646c5fc729fefe" 8005 323 3691
"2261b6a8a657caf2" 7847 11836 8334
"8f3da40490405bc8" 7600 11707 960
"7b9732df509a937b" 8128 4391 1395
"d7864c361a35f512" 1486 7549 4125
"4aadb444f4dba169" 7101 8030
"c87c24822205f160" 1940 9224 7847
"10a404b984447f3f" 10395 6819 8030
"eb7bf22c3cc9c846" 463 2368 8334
"6274df61c1d06a33" 7827 5346 5336
"700eb33240d374b5" 5369 10626 323
"49a449ba952d9fa5" 6070 10376 7101
"6392640477069639" 8188 8468 2829
"bdf2e52645c1aea8" 7092 4426
"3647af8d3218af90" 4426 7092