"1a4d660e9801e7ed" 17 171 2130 507 5337 13 553 1487 2477 13881 13 687 1079 2331 38 23746 425 4 8830 -1 -1 0 0 0 0 5 7 8 6 6 10 2 1 2 2 0 0
"d4e0bd66e0f3734a" 25 8982 3041 10231 13 357 7490 345 23747 23748 13 553 113 114 115 116 23749 117 13 687 23750 11518 1047 1016 19468 4 8831 -1 -1 0 0 0 0 8 7 7 8 6 6 3 3 8 7 0 0
"cbf306bf97dcd595" 28 66 1628 1193 13 95 1342 61 515 6603 13 553 357 5013 10020 61 5013 9066 188 10021 13 553 20 23 521 23751 1925 23752 4 8832 -1 -1 0 0 0 0 7 8 7 8 6 6 2 3 7 8 0 0
"a171742f05ed6bd5" 28 66 7123 8018 351 9536 13 553 2 28 588 102 165 23212 13 297 10328 13 553 1580 588 737 329 13 66 999 351 521 4 8833 -1 -1 0 0 0 0 9 8 9 9 8 6 4 3 9 8 0 0
"b77296c4a55e2e3f" 25 66 9719 93 13 774 1552 87 23753 13 553 20 23 27 2119 2 23754 13 553 4125 1360 1862 1325 23755 8812 4 8834 -1 -1 0 0 0 0 7 7 6 7 7 5 4 5 7 7 0 0
"ea77fede88a4b7e9" 30 28 1319 13 607 23756 23757 7013 6849 4519 13 553 9737 1291 3901 9738 2 8380 23758 13 553 5047 15521 15522 4586 2 8864 749 1875 7317 4 8835 -1 -1 0 0 0 0 8 7 9 7 6 8 4 2 3 5 0 0
"d7fe0d441548866c" 26 66 2 8412 9528 9529 134 13 357 1109 150 23759 13 553 38 10707 2723 13 150 23760 7481 357 150 87 2652 8395 4 8836 -1 -1 0 0 0 0 6 7 6 6 5 6 3 3 4 6 0 0
"88deda6cc5996854" 38 66 771 7290 13 87 736 687 1109 1315 351 297 13 553 231 13621 13622 13623 217 4625 13 1109 150 286 1807 13 553 2 8380 2200 471 13 482 16248 61 931 2 23761 4 8837 -1 -1 0 0 0 0 8 6 8 6 5 5 4 2 6 6 0 0
"3c62c73a21170d46" 29 66 1857 23762 2496 2 1002 4421 13 553 722 3180 359 1378 606 14429 3455 13 553 1109 1547 2741 13 87 61 23763 359 1568 606 4 8838 -1 -1 0 0 0 0 9 8 9 8 7 7 4 2 7 6 0 0
"dd4808e74f56665e" 27 66 2363 188 5443 2 5709 93 1795 13 553 2 10302 1029 5894 792 2777 13 553 23764 23765 4589 13 357 1109 2652 2905 4 8839 -1 -1 0 0 0 0 6 6 5 6 6 4 2 3 5 6 0 0
"59c25ac549e29e45" 38 66 805 326 13 191 3581 150 330 9161 2287 13 553 2 66 805 13 7151 2511 23766 7161 1113 13 553 9569 9570 6892 2024 9571 2738 13 553 2 2652 8982 18763 20891 19468 4 8840 -1 -1 0 0 0 0 7 7 7 7 7 5 3 3 7 6 0 0
"bfc8efd6c7fea06f" 34 1028 14128 61 313 14532 13 1034 805 23767 13 553 134 228 229 13 357 66 347 146 7428 305 13 553 2 801 901 11067 13 1071 3212 1015 1004 3880 4 8841 -1 -1 0 0 0 0 8 6 7 6 6 5 2 2 5 4 0 0
"a0726c722899ff3a" 36 191 1109 15809 15810 13 150 6659 1641 23768 23769 13 553 134 23770 1589 9926 9927 13 553 2 596 1192 23771 1729 150 286 628 13 357 742 61 2652 87 23571 631 4 8842 -1 -1 0 0 0 0 6 7 7 6 5 5 3 3 5 4 0 0
"2ba220b63b176784" 42 23772 1509 737 13 347 39 116 739 628 13 553 95 340 61 1016 2 93 2696 1778 13 553 28 13091 13092 13 1109 102 61 19762 2 23773 13 553 1109 1547 116 845 2 23774 347 23775 4 8843 -1 -1 0 0 0 0 7 7 7 7 7 5 3 3 6 6 0 0
"b350e64daacea05c" 33 188 23776 150 4337 21499 13 367 150 1228 2248 13 553 598 504 13 1016 8864 150 36 23777 13 553 2 28 1829 607 23778 13 1109 373 2696 16508 4 8844 -1 -1 0 0 0 0 8 7 9 8 7 7 4 6 7 7 0 0
"4a72cc084b2c96db" 25 95 61 1016 85 1496 13 1131 1517 17438 3255 13 553 396 8293 150 36 1983 13 357 87 150 688 3554 1550 4 8845 -1 -1 0 0 0 0 7 9 9 8 7 7 6 4 6 7 0 0
"29a3154199c6f522" 21 61 4732 2 1193 13 2691 1983 415 10782 13 553 311 2 23779 13 5573 23780 61 171 604 4 8846 -1 -1 0 0 0 0 6 7 9 9 8 6 6 6 9 8 0 0
"34b7edaa1b79b904" 21 23781 23782 23783 11637 13 23784 630 13 553 188 23785 15735 23786 1052 13 2448 13 25 20199 7557 4 8847 -1 -1 0 0 0 0 5 8 7 6 6 9 3 3 4 2 0 0
"d20d060f4af0ffb7" 22 598 23787 20 3857 1886 3909 13 10037 10038 13 553 1342 23788 359 860 13 38 150 854 330 3913 4 8848 -1 -1 0 0 0 0 7 8 8 9 8 7 6 8 7 9 0 0
"f418f36e81c01747" 20 38 1509 23789 13 2018 2722 13 23790 9007 13 553 373 1122 1817 2863 23791 3514 23792 457 4 8849 -1 -1 0 0 0 0 8 6 7 7 8 8 6 5 6 7 0 0
"4ac17d65d84f1624" 23 5573 23793 13 23794 6687 13 347 23795 151 13 553 17403 11164 13 1651 3938 2518 13 95 61 1131 1517 4 8850 -1 -1 0 0 0 0 7 6 7 6 8 8 6 6 6 8 0 0
"9c012eab5a22dac0" 22 2625 18356 23796 3220 13 113 2652 35 957 13 553 23797 2 13332 171 18906 13 87 23798 23799 956 4 8851 -1 -1 0 0 0 0 6 6 8 7 8 6 5 6 7 7 0 0
"2be3741d4e658445" 19 1547 2 23800 13 23801 23802 6444 1033 13 553 5337 507 2340 297 23803 359 23804 19879 4 8852 -1 -1 0 0 0 0 8 7 8 8 8 6 5 6 7 8 0 0
"3ca6465a9f9e8589" 27 2 1342 2 10302 13 5894 5358 2695 13 521 13 553 23805 150 330 2131 171 14846 13 170 388 7613 13 1841 61 8387 4 8853 -1 -1 0 0 0 0 9 9 8 9 7 6 6 7 6 8 0 0
"8c011a5a9586d28e" 24 28 3474 20320 13 28 4361 61 102 25 2267 13 553 1693 2696 13 3220 23806 13 7290 23807 13 5262 297 4 8854 -1 -1 0 0 0 0 7 7 8 7 8 4 6 6 8 7 0 0
"eaedc58bfd8f8a47" 26 1589 9926 23808 13 493 23809 23810 23811 13 553 5140 1693 23789 2 9007 23790 13 150 23812 388 2536 13 20598 23813 23814 4 8855 -1 -1 0 0 0 0 8 6 8 7 7 8 6 4 6 7 0 0
"cce72558be41cf07" 25 1580 14128 61 313 14532 13 2 23815 313 14532 13 553 228 229 134 13 3581 6791 330 23816 13 2777 359 4428 4 8856 -1 -1 0 0 0 0 6 9 7 7 6 7 4 4 5 5 0 0
"9b05c7d293605a04" 31 23817 13 23818 13 23819 9529 10095 134 13 17502 20199 347 23775 13 553 2620 5253 23820 13 2448 13 150 23821 367 1228 13 23822 23823 2094 23824 4 8857 -1 -1 0 0 0 0 8 6 8 8 8 6 5 7 6 8 0 0
"9be5389786cbe478" 31 2637 23825 6163 23826 23827 23828 13 18070 23829 735 553 6911 23830 23831 23832 13 1549 150 33 4337 330 23833 957 13 360 396 8293 150 21337 3456 4 8858 -1 -1 0 0 0 0 7 8 7 7 8 5 4 6 6 6 0 0
"d77f4785b7083856" 22 8982 23834 2 3041 10231 13 23835 23836 23837 553 5792 14235 3901 9738 13 2 191 12834 1771 13 23838 2942 8859 -1 -1 0 0 0 0 7 7 7 9 8 5 5 6 7 8 0 0
"0bbf361daebcc9c0" 15 28 1319 20891 23839 13 553 66 805 23840 23841 23842 2006 23843 12202 4 8860 -1 -1 0 0 0 0 6 7 5 6 7 3 3 2 3 5 0 0
"2f7e11353e778186" 18 6444 1033 95 340 3104 2 3104 13 553 1578 1319 9927 13 134 7949 14845 14846 4 8861 -1 -1 0 0 0 0 8 9 9 9 8 6 6 3 6 4 0 0
"9d4f02f7b7f571c7" 32 2 373 1817 2863 1071 150 36 1568 3251 13 553 191 23 27 774 1552 9529 2 23844 21372 4 553 8412 9528 13 1534 13 2615 2 23845 134 4 8862 -1 -1 0 0 0 0 5 9 8 6 4 5 3 3 5 7 0 0
"9d44eb5976b7c0ee" 30 2 10302 1029 5894 792 2777 13 553 1547 16505 2 14566 18924 3840 4576 4 553 367 150 1228 1568 191 34 26 66 2 66 23 34 4 8863 -1 -1 0 0 0 0 9 9 8 9 9 4 4 4 8 9 0 0
"53a3c04dfc168cca" 21 1487 2477 13881 1842 20 23846 23847 13 553 23848 22217 63 14214 1537 23849 13021 35 355 8688 23850 4 8864 -1 -1 0 0 0 0 6 5 8 6 6 3 4 3 3 5 0 0
"73c4291b2e8a0c2c" 32 507 5337 2059 23851 63 23852 1182 13 553 38 10707 2723 13 357 87 25 1109 23853 4 553 93 1109 14566 305 1488 87 113 87 61 1808 603 4 8865 -1 -1 0 0 0 0 7 6 4 6 9 2 3 5 3 6 0 0
"dbd6f664b4fefa0d" 20 737 329 1109 23854 93 7847 774 23855 13 553 15809 15810 2 11362 1109 142 5993 23856 23857 4 8866 -1 -1 0 0 0 0 6 5 5 5 4 7 3 6 3 5 0 0
"9b7b8c4a2d00722a" 19 2 8380 2200 471 7051 23858 22172 934 13 553 2 801 901 8289 729 23859 10285 845 4 8867 -1 -1 0 0 0 0 7 5 5 6 5 4 3 3 5 6 0 0
"595c907a31fdd399" 21 1220 5805 171 5806 2 66 23860 23861 23862 13 553 23863 358 23864 2 1109 23865 2696 188 3151 4 8868 -1 -1 0 0 0 0 5 4 5 9 6 2 3 4 5 7 0 0
"836a629986523ea1" 49 2 4715 10189 102 87 23866 25 87 1765 2607 13 553 23867 102 93 23868 282 722 4899 13 553 87 95 5013 10020 61 5013 9066 188 10021 20 26 6043 2 23869 13 553 2 3503 1077 23870 313 1837 23871 20 15521 15522 4586 4 8869 -1 -1 0 0 0 0 5 5 5 6 6 9 3 9 3 4 0 0
"9cb058e43a0660e4" 37 28 13091 13092 2331 2 457 18489 23872 13 553 95 1693 2696 2039 23873 8131 23874 13 553 9007 9008 796 7159 102 23875 2 815 23876 13 2 34 35 23877 23878 1016 2785 4 8870 -1 -1 0 0 0 0 8 9 8 8 8 7 6 7 7 8 0 0
"c0f8774fd46ed80d" 23 5047 15521 15522 4586 2 6693 188 1492 774 3808 23879 13 553 20 860 3913 1298 13 1109 1110 23880 3875 4 8871 -1 -1 0 0 0 0 4 4 5 7 7 7 3 5 3 5 0 0
"e29e8490c6fb9800" 24 231 13621 13622 13623 217 4625 2 87 61 731 13 553 23881 367 23882 188 23883 13 360 9349 412 10092 23884 4 8872 -1 -1 0 0 0 0 6 4 6 4 6 6 4 3 4 7 0 0
"155404d6d7253c94" 22 113 114 115 116 117 13 2 171 23885 13 553 507 5337 2 87 150 956 957 171 23886 521 4 8873 -1 -1 0 0 0 0 7 5 5 6 8 3 3 7 4 6 0 0
"a34a1ea58eb7a23b" 21 1488 396 8293 360 150 36 1983 457 13 553 2 10302 1029 5894 792 2777 13 7559 367 1828 4 8874 -1 -1 0 0 0 0 7 5 6 7 6 4 3 6 8 6 0 0
"453b7d45d1130278" 37 23887 23409 9737 11941 23888 553 8678 10037 358 66 84 134 13 2 1002 7988 4 68 553 68 38 23586 10222 23889 14919 4355 13 553 3901 9738 13 1232 23890 23891 10237 3723 4 8875 -1 -1 0 0 0 0 9 9 8 7 7 6 7 5 6 4 0 0
"af9cd33e95a20127" 38 23892 23893 723 2886 23894 23895 553 265 23896 286 421 23897 3293 1913 13 553 2929 23898 61 8382 23899 13 3117 415 13 553 191 74 61 1232 13 23900 4715 13 23901 14402 96 4 8876 -1 -1 0 0 0 0 8 7 8 7 7 5 7 7 5 5 0 0
"5e29dad71df5f6e6" 33 41 386 3212 13 1580 1342 61 3221 1065 13 553 704 3511 1720 1319 13 1890 388 1605 13 553 113 341 1497 2 600 2452 13 345 645 2652 1680 4 8877 -1 -1 0 0 0 0 9 7 7 7 8 5 4 6 8 7 0 0
"ab16bf65b630acb0" 35 20469 3547 359 23902 23903 23904 19948 553 1248 6144 6145 13 7630 359 150 637 8395 553 373 171 1571 2 9438 731 13 102 23905 553 191 7630 4421 171 23906 23905 4 8878 -1 -1 0 0 0 0 8 9 10 8 7 6 6 4 5 5 0 0
"0dee0411ab1b375c" 26 357 95 2676 171 1552 13 87 704 23907 1720 23908 553 2 1002 986 13 6083 13 95 1342 61 171 13 2720 23909 4 8879 -1 -1 0 0 0 0 8 6 6 6 5 5 9 5 3 5 0 0
"78984cf48929a372" 33 23910 2059 474 1109 2703 553 23911 7700 23912 18279 35 1109 2131 23913 553 6231 20 23914 4768 2 23915 553 1012 1028 66 508 1029 2 999 305 454 23916 4 8880 -1 -1 0 0 0 0 9 7 6 8 6 7 6 5 5 4 0 0
"88c646b0b585e138" 41 61 731 268 358 102 1602 13491 553 66 11923 93 23917 13 87 150 515 36 2248 23918 553 4534 34 4535 13 1487 3437 712 1669 14643 3443 13 8341 23919 373 286 3269 2 596 8775 3736 4 8881 -1 -1 0 0 0 0 8 6 6 7 9 7 5 6 5 5 0 0
"67f2ea1418c4be93" 48 150 1109 23920 1852 23921 548 588 553 1015 14020 14021 13 113 93 10687 13 2049 23922 23923 553 102 23924 13 520 21364 13 191 102 2225 4342 4356 150 36 23925 553 171 17443 15124 23926 23927 10153 23928 23929 23930 23931 688 23932 4 8882 -1 -1 0 0 0 0 10 8 7 8 7 7 5 7 5 7 0 0
"c8360ca3a49e65c0" 37 2 23933 134 386 13 35 802 23934 553 548 578 721 2371 13 410 23935 23936 553 61 3497 3498 13 731 23937 14040 23938 553 150 36 3032 653 13 727 23939 14919 23940 4 8883 -1 -1 0 0 0 0 8 7 7 6 6 6 7 6 7 6 0 0
"180ee599d98a6c25" 38 150 36 151 18361 23941 150 553 38 504 8155 13 38 7293 8168 484 553 357 18733 8742 93 23942 23943 13 38 606 102 1863 553 2 23944 23945 19875 1622 340 1207 2 10164 4 8884 -1 -1 0 0 0 0 9 7 7 6 7 7 5 4 6 6 0 0
"ed62778054f6385b" 41 520 956 507 13 23946 23947 66 574 553 506 95 507 13 191 417 23948 13 23949 23950 93 553 2720 6830 14237 13 500 23951 3305 14993 553 28 10454 1188 1187 13 4388 23952 10870 23953 3488 4 8885 -1 -1 0 0 0 0 8 6 7 6 7 6 6 5 5 6 0 0
"46fa9372e590885e" 41 576 61 1885 22028 6030 13 1071 297 23954 553 2150 23955 15507 15508 13 2 421 93 23956 553 23957 13 2006 35 36 1842 6701 13 23958 7075 1095 553 357 347 600 1201 13 23959 23960 2807 4 8886 -1 -1 0 0 0 0 9 8 6 7 6 8 6 5 5 4 0 0
"78d1cbce2d6bbc81" 43 357 2652 669 489 3200 13 326 23745 23961 13 2 23962 23963 553 1096 8434 13216 13217 9888 8552 13218 13 553 23964 7185 7186 13 191 5557 393 23965 553 2 1187 13 25 596 1405 190 2735 134 6141 4 8887 -1 -1 0 0 0 0 9 9 8 7 6 6 6 5 4 6 0 0
"d2c507850a756c8e" 43 3935 787 2370 13 357 2785 93 2024 13 553 981 4434 1852 13 2 23966 23967 553 357 15627 603 15628 13 87 61 207 474 23968 13 553 357 15866 596 87 61 13 150 87 36 23969 21300 23970 4 8888 -1 -1 0 0 0 0 9 7 8 6 6 4 6 6 5 7 0 0
"60f7ccc48e906040" 36 519 134 13 772 999 1043 993 359 1492 13 553 13600 13610 12312 13611 2 23 23971 19222 23972 13 553 2 44 10955 13 35 87 150 36 362 993 359 9234 4404 4 8889 -1 -1 0 0 0 0 0 0 0 0 0 0 0 0 0 0 0 0
"99af85a2e670bff7" 21 297 722 467 13 499 36 737 2891 13 553 95 170 2530 1339 13 357 347 1543 116 23973 4 8890 -1 -1 0 0 0 0 6 7 8 9 6 9 6 3 5 4 0 0
"0212fe862e407a39" 20 12192 12193 171 7282 13 553 504 1981 12794 38 12795 13 357 66 347 39 1511 2652 2450 4 8891 -1 -1 0 0 0 0 8 9 8 7 8 9 6 9 6 7 0 0
"696769c26bf49d80" 17 66 574 35 347 36 6094 13 553 150 286 9295 13 1071 1825 504 23974 4 8892 -1 -1 0 0 0 0 5 4 6 7 5 6 4 4 5 6 0 0
"26148399235d5f0d" 20 1376 13540 13 191 23975 13 553 1862 14271 394 14272 13 553 47 10296 13 2 23976 13817 4 8893 -1 -1 0 0 0 0 7 5 6 5 6 6 7 2 3 3 0 0
"de7bdd932a186e00" 22 66 574 41 386 3212 13 35 23 521 326 13 553 357 347 600 601 13 66 23977 2151 6059 4 8894 -1 -1 0 0 0 0 7 7 8 7 6 8 7 5 5 6 0 0
"50ae9fff63bb56fe" 32 38 7293 8168 484 13 2 66 10225 13 553 38 504 8155 13 357 134 61 731 268 358 13 553 102 1602 13491 13 66 347 39 1007 609 4 8895 -1 -1 0 0 0 0 8 6 7 6 7 8 5 7 7 5 0 0
"038a1bdf4cf7b8c7" 20 134 74 61 1232 13 499 1667 20066 23978 13 553 1012 1028 66 508 1029 499 36 23979 4 8896 -1 -1 0 0 0 0 6 6 7 5 6 7 4 4 4 4 0 0
"7a03530097e10619" 21 1248 6144 6145 13 191 7630 13 553 517 87 61 171 7013 13 66 28 347 6783 2568 7166 4 8897 -1 -1 0 0 0 0 5 5 7 7 6 7 6 4 4 4 0 0
"74a5c82a8007964e" 19 44 10955 13 23980 95 2676 171 1552 13 553 102 588 4735 13 357 66 529 23981 4 8898 -1 -1 0 0 0 0 7 6 6 7 7 6 6 5 7 6 0 0
"58800ea98c403707" 24 13600 13610 12312 13611 13 10686 23982 19879 13 553 18622 9256 23983 23984 4824 13 3935 787 2370 357 2785 93 2024 4 8899 -1 -1 0 0 0 0 7 8 8 9 7 6 7 8 6 6 0 0
"6c3784f5cd0803e7" 23 357 15627 603 15628 13 38 1825 23985 13 553 506 95 507 13 519 134 13 191 23986 2 13779 23987 4 8900 -1 -1 0 0 0 0 6 5 6 7 6 5 4 9 5 6 0 0
"2a5d889aa5ed8815" 21 1651 7185 7186 13 66 574 93 1567 13 553 44 10955 35 66 15795 13 347 1832 927 11377 4 8901 -1 -1 0 0 0 0 8 7 6 8 6 5 7 6 7 6 0 0
"276b97ba4bc9b8df" 28 1096 8434 13216 13217 9888 8552 13218 13 553 38 504 8155 1173 13 2 171 23988 388 3203 13 553 8328 3547 13 23989 2 23990 4 8902 -1 -1 0 0 0 0 7 6 7 6 7 8 5 6 7 6 0 0
"7976de3dfc823827" 22 297 722 467 13 20 1842 9365 4083 13 553 1549 134 66 7456 2531 3338 13 347 304 23991 23992 4 8903 -1 -1 0 0 0 0 6 6 7 6 7 7 4 6 5 7 0 0
"2b146080e50e8c34" 21 113 553 6231 13 2 66 6833 3037 23993 326 13 553 1015 14020 14021 13 20 23994 23995 3297 4 8904 -1 -1 0 0 0 0 7 6 6 6 6 6 4 4 5 5 0 0
"4f1883e97fa0db4c" 23 7902 10807 357 171 823 61 3302 1492 13 553 38 12795 388 357 23996 13 6039 347 7428 330 125 17411 4 8905 -1 -1 0 0 0 0 7 9 9 7 8 2 1 8 4 10 0 0
"7414922a71084ace" 18 2929 23997 347 193 13 87 61 18884 13 553 1622 508 1029 2 44 113 5761 4 8906 -1 -1 0 0 0 0 4 5 4 6 8 2 2 1 5 3 0 0
"7a001b432b286824" 20 297 722 737 923 13 357 87 18884 13 553 3472 2135 9746 1029 13 87 1669 515 20230 4 8907 -1 -1 0 0 0 0 4 3 5 6 9 1 1 1 6 3 0 0
"28ee348262476e07" 22 61 731 268 358 1602 13491 13 553 38 7293 4123 13 347 39 10296 532 347 6750 305 12798 4393 4 8908 -1 -1 0 0 0 0 5 6 5 6 7 1 1 2 4 6 0 0
"1157d5180a8898e7" 17 2436 8239 727 357 9908 13 553 6083 95 1489 96 13 87 1604 13065 23998 4 8909 -1 -1 0 0 0 0 9 7 9 7 6 2 2 1 5 2 0 0
"fc387cb47f9be368" 20 2150 10152 15507 15508 13 66 23 1131 3313 13 553 12192 23999 13 171 1489 388 24000 24001 4 8910 -1 -1 0 0 0 0 7 8 9 9 7 8 1 2 6 4 0 0
"8319fafb763b752a" 20 1376 13540 191 3500 7804 13 553 576 41 24002 367 13 347 3666 3547 13 1034 2626 7102 4 8911 -1 -1 0 0 0 0 7 6 6 8 7 2 1 2 3 6 0 0
"87ec999a6f1ad5ae" 45 548 578 721 2371 13 357 66 347 600 93 24003 13 553 2652 669 489 3200 2 66 117 620 2018 13 553 1096 8434 13216 13217 9888 8552 13218 13 553 2 373 727 353 21135 13 2256 359 24004 24005 24006 4 8912 -1 -1 0 0 0 0 7 8 9 9 6 3 1 4 4 6 0 0
"504201fd2277293d" 21 2436 8239 727 357 9908 13 553 41 386 35 284 61 161 24007 1374 347 39 1007 1773 22695 4 8913 -1 -1 0 0 0 0 8 7 9 6 6 2 2 1 6 2 0 0
"915244bd84d726c6" 20 519 134 35 171 823 61 297 722 1492 13 553 38 12795 388 357 24008 2 504 4948 4 8914 -1 -1 0 0 0 0 5 9 7 7 6 1 1 8 4 9 0 0
"40be76e371b18400" 31 95 2676 171 1552 13 347 36 330 16293 13 553 3935 787 2370 357 2785 93 2024 13 553 191 7630 1123 13 796 9022 388 357 24009 17391 4 8915 -1 -1 0 0 0 0 9 7 9 6 6 2 1 4 4 4 0 0
"c5d878e6e2dd8948" 20 134 74 61 1232 13 4400 1810 21529 13 553 95 2676 171 1552 13 24010 93 18563 24011 4 8916 -1 -1 0 0 0 0 7 6 8 6 6 2 1 4 3 3 0 0
"2fa6cfb90ee9d243" 31 12179 138 13 66 771 24012 24013 13 553 150 286 9295 13 66 801 3302 188 24014 13 553 548 578 721 2371 13 66 23 53 412 2370 4 8917 -1 -1 0 0 0 0 6 3 5 6 9 1 1 2 4 3 0 0
"27665b812fb2bf4e" 24 2929 4322 66 23 13 347 36 4103 24015 13 553 357 66 11923 20908 18 20 796 38 1693 24016 1181 24017 4 8918 -1 -1 0 0 0 0 5 6 4 6 8 2 2 1 5 4 0 0
"4f2e6445d0b7d720" 33 66 574 321 36 3166 13 171 24018 553 2720 6830 14237 66 113 10219 1201 3189 13 553 28 34 10454 1188 1187 13 66 347 39 305 7412 9723 24019 4 8919 -1 -1 0 0 0 0 7 5 5 6 9 1 1 4 4 4 0 0
"1116032c76b5f0c5" 21 61 3497 3498 13 150 146 1641 24020 553 704 530 8328 11955 13 345 547 3727 150 36 24021 4 8920 -1 -1 0 0 0 0 7 6 6 5 5 8 4 5 5 3 0 0
"e8896e1f00cd2de3" 25 87 61 3472 2135 9746 1029 13 553 14272 14271 394 13 2 7282 24022 553 24023 6144 6145 13 628 17504 2 24024 4 8921 -1 -1 0 0 0 0 8 7 7 6 6 5 4 5 4 5 0 0
"83c5e338f67ebb2f" 38 347 1031 5314 13 113 13324 7537 1923 13 553 19864 171 6644 13 24025 5709 9322 1655 553 2335 191 1385 3938 6832 13 87 61 2348 24026 553 2006 24027 13 712 24028 2392 14262 4 8922 -1 -1 0 0 0 0 9 7 6 7 7 6 5 6 7 8 0 0
"6308368b5b91db52" 35 3503 24029 942 13 347 863 330 24030 553 11026 7347 3988 14936 13 14359 14919 24031 553 7027 24032 1728 13 102 1015 282 8655 553 3988 2125 388 170 24033 24034 24035 4 8923 -1 -1 0 0 0 0 8 8 8 9 6 7 6 6 9 8 0 0
"cccc6128fcd05f81" 23 3504 8193 21364 774 1088 24036 553 191 1220 1771 13 529 1772 171 1773 553 347 151 23775 24037 24038 24039 4 8924 -1 -1 0 0 0 0 7 6 6 6 6 5 5 6 7 7 0 0
"4d65b1fb9fc6e58c" 18 2 34 4752 93 13 25 616 9794 24040 553 3736 6 3323 24041 10164 24042 24043 4 8925 -1 -1 0 0 0 0 6 6 5 8 7 5 4 9 4 6 0 0
"39dd07b8f1dd65a2" 41 6823 6824 13 87 1420 6825 13099 553 10164 19783 357 21192 18202 17413 24044 17870 24045 553 596 34 746 171 3873 13 2 2652 20713 23 326 9738 553 191 188 24046 4576 13 2056 61 1112 24047 4 8926 -1 -1 0 0 0 0 6 6 7 5 6 4 9 4 7 5 0 0
"65c123785b536a8a" 47 61 24048 53 396 13 191 16362 4190 1145 24049 553 357 20727 24050 24051 3082 13 1342 61 2227 95 1693 24052 55 553 5673 5674 5675 13 20792 165 737 24053 553 357 171 6826 6716 13 191 22439 2805 23 7282 24054 24055 4 8927 -1 -1 0 0 0 0 8 6 6 6 7 4 4 6 4 7 0 0
"a69c0c057a1b62fb" 38 4757 1159 13 87 507 308 38 7223 553 23295 171 24056 521 13 8405 1129 61 24057 553 7874 24058 20 1714 24059 13 24060 2950 2024 553 7389 3331 1342 61 134 349 53 24061 4 8928 -1 -1 0 0 0 0 6 6 7 5 5 6 6 5 5 4 0 0
"05be0609010dfaa0" 43 1762 1492 13 113 23 521 326 24062 553 7115 171 1741 63 9037 13 5231 24063 17048 24064 1414 553 6912 113 24065 13 1580 13067 24066 7673 24067 55 553 1130 20 9617 24068 24069 2 171 361 2 24070 4 8929 -1 -1 0 0 0 0 6 6 8 5 6 5 5 6 9 8 0 0
"8c5b83a8ad8755d8" 38 20 11456 13 95 125 61 349 3367 24071 553 2637 16459 16460 13 1664 6726 24072 27 16666 2809 553 19647 877 24073 6659 588 553 24074 24075 24076 24077 2 24078 3046 24079 358 355 4 8930 -1 -1 0 0 0 0 8 7 7 8 7 5 6 5 6 5 0 0
"791d6449085ca840" 36 134 10539 187 13 61 24080 24081 24082 553 1747 10570 188 2113 13 24083 24084 174 604 553 24085 170 24086 13 357 749 2303 553 188 7551 87 4412 3210 2 2050 24087 4 8931 -1 -1 0 0 0 0 7 6 6 6 6 5 4 6 4 5 0 0
"7e4f4bd47d3196b3" 41 1354 13 2131 990 113 1480 24088 6907 8307 553 150 1641 3435 13 357 3436 174 616 2696 553 150 2062 305 24089 13 24090 14574 1588 609 7958 24091 553 18202 24092 3302 24093 2 24094 24095 24096 4 8932 -1 -1 0 0 0 0 7 6 6 6 6 4 5 6 4 4 0 0
"3044f3dcc2ae6832" 46 5141 95 3248 13 93 722 8173 3248 22439 6223 388 13 25 4886 553 106 24097 436 357 24098 20 162 609 2963 553 23 588 10286 13 24099 1488 24100 24101 13 10893 24102 24103 24104 553 357 102 61 457 171 24105 4 8933 -1 -1 0 0 0 0 8 4 5 5 5 7 5 6 4 5 0 0
"d9be0c4d386a8cc7" 46 282 4268 165 3307 13 41 16106 24106 5748 15378 553 1398 1398 13 1785 23430 24107 24108 7313 553 24109 24110 24111 22075 24112 13 24113 24114 553 1510 150 7428 330 993 13 20 24115 24116 55 24117 6907 14040 5478 2 24118 4 8934 -1 -1 0 0 0 0 0 0 0 0 0 0 0 0 0 0 0 0
"b6362c0b32eade15" 19 5163 607 1157 13 5359 5358 87 23379 13 553 5174 772 7606 61 1806 1552 24119 24120 4 8935 -1 -1 0 0 0 0 8 7 6 5 5 6 3 2 2 4 0 0
"5cecfec11b27b272" 21 2436 2035 18478 1549 347 18332 1842 191 553 1188 284 150 484 11563 13 1549 931 4304 61 24121 4 8936 -1 -1 0 0 0 0 5 4 6 5 4 6 7 2 9 4 0 0
"6c840985105c81ee" 19 171 1342 24122 61 1131 8969 3302 13 553 357 6062 24123 2 113 766 24124 14706 24125 4 8937 -1 -1 0 0 0 0 3 4 3 4 5 4 4 7 7 6 0 0
"213d28a68f256ab2" 24 7141 66 1352 13 1890 24126 999 13 347 36 24127 24128 689 13 553 357 34 11872 1801 963 2 574 93 4 8938 -1 -1 0 0 0 0 6 8 8 7 6 4 3 3 3 5 0 0
"0e18a6d48de779c1" 25 41 970 2079 66 24129 588 24130 4964 764 6170 13 553 35 34 12022 1868 24131 13 150 24132 24133 19434 24134 2861 4 8939 -1 -1 0 0 0 0 8 5 4 3 4 4 9 2 3 4 0 0
"cb0d3365e923b9a6" 39 95 1342 61 359 24135 11896 13 357 171 15693 24136 24137 24138 24137 61 412 24139 87 13 553 1401 1402 1403 7547 2 22819 13 1549 191 66 24140 524 24141 150 355 1319 19437 362 4 8940 -1 -1 0 0 0 0 2 5 6 4 6 6 3 8 5 5 0 0
"78ec2e8ab62fc3b5" 25 66 347 151 1543 367 4595 24142 24143 13 553 357 2336 24144 2 24145 24146 14480 2 17747 171 660 24147 165 3307 4 8941 -1 -1 0 0 0 0 5 6 7 6 7 5 2 4 7 5 0 0
"dda25d8e6cf71c86" 36 66 347 11430 3873 367 188 452 87 61 53 24148 2 16318 11026 24149 13 553 357 34 11872 284 24150 2 574 1093 3736 23429 297 25 61 3805 95 102 855 20800 4 8942 -1 -1 0 0 0 0 7 8 6 5 4 4 3 2 3 4 0 0
"ac72e8d6d9830b07" 39 13908 24151 2 6391 6912 524 33 4862 616 24152 359 24153 24154 1232 24155 24156 24157 3141 13 553 4757 1159 13 499 337 284 95 3248 13 8075 24158 66 359 106 355 1032 171 609 110 8943 -1 -1 0 0 0 0 8 6 5 6 4 5 5 3 4 6 0 0
"8a5aa8d628980c13" 5 357 1294 61 61 553 8944 -1 -1 0 0 0 0 0 0 0 0 0 0 0 0 0 0 0 0
"7b336badf91bcf51" 52 7958 530 87 1492 13 61 3369 1518 24159 24160 2735 24161 191 24162 504 188 7259 2 17087 13 553 357 7168 320 347 36 8414 621 13 12583 24163 24164 53 752 13 499 396 24165 24166 24167 330 13 2 5314 113 347 24168 1013 2227 95 61 4 8945 -1 -1 0 0 0 0 3 3 4 7 5 4 4 5 4 6 0 0
"e5c53fe602622c7e" 39 1113 2564 1182 24169 13 1303 24170 3302 13 24171 24172 16021 24173 5217 2369 35 402 13 553 5748 24174 61 297 20096 13 297 722 13 113 10805 61 53 396 20 347 116 330 15973 4 8946 -1 -1 0 0 0 0 4 5 4 4 4 3 4 4 6 6 0 0
"381a8611c25e8830" 39 66 414 5264 24175 24176 7470 13 347 2258 113 7659 6892 25 12266 4197 13 5894 24177 24178 13 553 8193 3935 24179 347 7093 11725 1399 13 320 13 347 24180 24181 24182 24183 24184 330 4 8947 -1 -1 0 0 0 0 6 6 4 3 5 5 4 4 5 6 0 0
"fbab5d79932b77d4" 34 95 5163 24185 24186 2777 2 188 2258 2505 13 24187 24188 297 20 2013 24189 2035 161 24190 13 553 6851 500 14561 24191 24192 24193 13 113 24194 93 7442 24195 4 8948 -1 -1 0 0 0 0 6 4 6 3 4 6 7 4 5 4 0 0
"87ef88861f879c1e" 39 2696 547 13 410 6342 3437 24196 24197 24198 24199 13 553 191 1385 3938 766 2 1609 24200 2958 24201 1541 13 35 1047 24202 357 1109 24203 2696 13 25 7168 3436 2 7949 61 5140 4 8949 -1 -1 0 0 0 0 5 5 5 4 5 4 4 3 6 6 0 0
"dc89b7d3a7e9cdf9" 26 106 14792 14793 13 553 191 860 187 24204 548 1188 21571 11563 16496 553 23 6701 24205 7569 13 2 373 504 588 10286 4 8950 -1 -1 0 0 0 0 3 8 4 6 3 2 4 6 2 8 0 0
"242e00e0db35e44f" 20 1760 171 5753 13 347 151 24206 417 16496 553 95 1342 61 6563 13 537 24204 13324 1923 4 8951 -1 -1 0 0 0 0 3 5 5 5 4 3 4 3 3 4 0 0
"60aea023fa327206" 30 170 1834 24207 14968 2950 13 553 14407 24208 3840 7076 191 1463 16414 1713 4691 16496 553 1651 1737 1577 13 1182 2349 171 24209 5795 63 9037 4 8952 -1 -1 0 0 0 0 7 7 7 7 6 5 3 3 6 5 0 0
"2cd7d2982c522f3f" 29 150 19899 330 24210 319 13 553 3497 5240 2024 796 171 8205 16496 553 357 347 2652 14360 13 435 102 24211 2 5574 171 2336 24212 4 8953 -1 -1 0 0 0 0 5 5 5 5 4 3 3 3 5 3 0 0
"b859fc28ebac316f" 40 95 7014 304 1510 1967 3485 13 553 6823 6824 13 6825 87 61 6826 16496 553 357 24213 2 17945 582 150 193 24214 171 24215 13 553 532 347 24216 20065 13 66 24217 20 24218 15755 4 8954 -1 -1 0 0 0 0 8 8 8 6 6 3 7 9 4 9 0 0
"9be25562c92133a7" 23 6711 349 13 10328 1580 188 1498 1737 417 61 13 553 19818 12728 24039 1580 34 6828 2 5572 457 24219 4 8955 -1 -1 0 0 0 0 4 6 6 6 6 2 5 5 4 5 0 0
"0623adddc1093225" 20 24220 102 8241 188 11 24221 13 553 5894 24222 13 24223 2785 191 66 20816 188 1498 1698 4 8956 -1 -1 0 0 0 0 5 6 6 6 5 3 3 4 6 4 0 0
"bc309e26201da370" 41 9382 150 349 24224 596 362 13 553 24225 24226 66 53 14996 191 1446 24227 24228 16496 553 28 24229 61 1967 24230 13 553 1456 16371 508 1119 13 20 1009 1464 6912 3105 2 529 171 1773 4 8957 -1 -1 0 0 0 0 6 7 7 5 4 2 1 4 5 3 0 0
"272a7b6e174eb857" 38 24231 188 3370 24232 24233 13 553 24234 24235 2 24236 787 24237 16496 553 34 186 35 15419 507 13 2 3953 704 24238 2053 13 553 113 25 24239 1007 358 24240 1192 24241 24242 4 8958 -1 -1 0 0 0 0 4 7 7 6 4 2 4 3 5 5 0 0
"8a56df6ecec4c5d4" 33 3832 4083 24243 171 2370 16496 553 24244 6717 1247 2 24245 113 6711 16496 553 1401 1402 1403 5785 24246 13 553 5673 5674 1192 5675 13 1122 2777 188 2053 4 8959 -1 -1 0 0 0 0 6 5 5 5 4 3 5 3 4 3 0 0
"143c80729473da15" 47 15347 87 5199 134 13 134 191 4268 165 3307 13 553 24247 24248 150 193 188 24249 20906 24250 675 13 553 1778 24251 24252 13 3988 3663 737 2 1223 2340 13 553 24253 171 24254 13 2280 446 13 2 24255 24256 4110 4 8960 -1 -1 0 0 0 0 4 6 5 5 3 2 3 3 3 4 0 0
"f70e432a17f33048" 53 24257 1385 24258 24259 13 553 191 96 24260 13 2 66 24261 3472 326 14839 16496 553 16282 24262 13 347 3998 1352 24263 2 24264 13 553 191 66 24265 8590 150 95 5355 24266 24267 24268 191 66 14839 17695 2 191 34 24269 2 141 136 20767 24270 4 8961 -1 -1 0 0 0 0 3 8 8 9 3 1 3 3 4 7 0 0
"7016675a6288dd59" 49 150 87 451 24271 548 24272 24273 16496 553 796 24274 24275 3467 1930 24276 171 22551 16496 553 171 6548 21770 24277 24278 6170 13 553 350 150 24279 24280 13 347 24281 5407 388 13 357 66 150 2371 24282 1862 191 12724 150 36 13706 4 8962 -1 -1 0 0 0 0 6 6 7 6 5 3 7 3 2 6 0 0
"680d47bfd6722373" 80 41 24283 24284 13 87 24285 24286 11688 1179 16496 553 1801 24287 47 2236 993 13 553 24288 115 16496 553 24289 1762 150 5279 13 357 3693 2200 24290 24291 24292 13 553 373 1015 20 24293 24294 13 5163 2200 405 2 3314 16496 553 20 1667 1552 24295 2 93 24296 13 630 24297 16496 553 5174 7606 13 1758 1720 24298 24299 1868 9740 24300 24301 24302 13 24303 24304 24305 2006 24306 24307 4 8963 -1 -1 0 0 0 0 8 6 4 4 3 7 5 8 4 8 0 0
"adba0ea068eee9ce" 99 347 600 188 3909 599 13 1842 359 35 4738 24308 16496 553 24309 1381 9251 24310 13 191 87 7115 188 24311 16496 553 1131 10939 150 1357 24312 359 24313 13 553 2 2280 6463 2053 13 2258 721 457 16496 553 357 347 151 3935 8688 113 2696 1109 24314 358 13 553 24315 24316 13 1122 93 7091 134 24317 13 553 20 953 396 286 1403 24318 14145 2 24319 351 16496 553 357 4330 7664 9928 1731 1735 16730 13 553 357 24320 188 735 66 113 44 1655 2 93 1230 4 8964 -1 -1 0 0 0 0 0 0 0 0 0 0 0 0 0 0 0 0
"43a2895813bee03d" 20 134 10538 10539 2 2912 920 13 553 1109 11879 561 15512 13 2 1523 102 17504 6864 1251 4 8965 -1 -1 0 0 0 0 5 6 8 7 6 3 2 2 4 3 0 0
"6fa7e3721fc79a90" 23 34 398 399 13 357 66 23 3638 401 125 13 553 24321 3830 2 24322 7537 1923 18369 2 24323 125 4 8966 -1 -1 0 0 0 0 6 7 6 8 5 3 5 3 2 2 0 0
"5c1849515a991b3c" 24 4757 1159 13 66 113 24324 1398 24325 553 1747 10570 188 10571 13 20 66 24326 116 24327 2 171 24328 115 4 8967 -1 -1 0 0 0 0 8 8 7 5 7 7 6 4 3 5 0 0
"c40f5fc5b864374e" 21 4758 13 5217 171 1651 61 24329 553 24330 24331 735 2 2056 607 744 36 23314 24332 15777 24333 4 8968 -1 -1 0 0 0 0 7 4 6 5 8 3 2 3 7 6 0 0
"386891756a668e01" 19 7791 7792 1109 113 24334 13 553 1800 15504 3687 24335 13 5150 5151 6726 7329 2859 24336 4 8969 -1 -1 0 0 0 0 5 6 5 4 6 2 2 2 2 4 0 0
"fea153671d250f1f" 24 520 1718 61 3747 13 347 286 1558 13 553 5787 355 5788 5789 13 373 113 24337 7943 24338 2700 1100 530 4 8970 -1 -1 0 0 0 0 6 5 3 5 3 4 2 8 2 7 0 0
"1859f7a33e4d3add" 25 357 134 793 13 1580 1342 61 18 13 553 530 1055 13 7151 1138 2 113 16335 772 305 774 2859 24339 14425 4 8971 -1 -1 0 0 0 0 6 5 6 4 4 2 2 3 7 6 0 0
"63a15c857ebc2c6f" 32 297 1874 125 13 357 66 6564 93 13 553 359 5708 102 723 6864 13 2 21521 1109 2696 23112 13 297 359 24340 24341 24342 2 1862 3302 355 4 8972 -1 -1 0 0 0 0 7 7 7 5 5 6 3 3 2 3 0 0
"d445aece15542e46" 27 35 1720 388 14279 5963 14280 13 553 2 84 93 10765 13 11551 360 61 2261 24343 13 191 920 12175 24344 125 1664 24345 4 8973 -1 -1 0 0 0 0 5 7 4 5 3 4 6 4 3 4 0 0
"c5f95e906bb1d2c7" 29 20 61 6588 297 150 330 463 3174 13 553 814 61 521 815 13 24346 2 864 865 13 20 66 24347 24348 23 457 24349 15553 4 8974 -1 -1 0 0 0 0 6 7 6 7 6 5 4 3 3 5 0 0
"c9c419fbe2ce8ff8" 25 16603 948 61 24350 2767 660 5378 13 553 10506 61 9618 134 13 20 66 23 2891 24351 1374 16600 24352 53 6087 4 8975 -1 -1 0 0 0 0 5 5 4 4 7 3 4 2 5 5 0 0
"5a9ed2f326ae04eb" 40 134 61 53 10397 305 24353 9299 24354 13 553 517 4793 24355 13 297 350 1029 24356 24357 8588 13 357 3635 1033 1109 113 24358 2725 13 521 61 737 331 297 542 2024 87 24359 24360 4 8976 -1 -1 0 0 0 0 6 5 4 4 5 4 4 3 2 4 0 0
"398a5a27d9b4ceb7" 34 24361 16276 8062 188 6338 24362 24363 125 13 553 499 5244 171 5245 13 20 1511 188 24364 24365 13 357 7882 3381 1333 13 687 2437 24366 13 744 698 24367 4 8977 -1 -1 0 0 0 0 7 6 6 5 4 5 4 3 2 3 0 0
"f59623971ca0d840" 30 34 3298 1792 1712 845 636 12449 13 553 47 5015 13 213 9546 13 772 4808 95 61 13 1109 24368 1720 24369 2 24370 1192 24371 1251 4 8978 -1 -1 0 0 0 0 6 8 7 6 6 6 4 4 3 4 0 0
"5cfbe57768ecc8ea" 34 1079 13 10177 436 188 150 2853 1978 13 553 20 61 6588 13 357 530 1354 13 34 26 24372 24373 24374 24375 1664 24376 822 13 1034 1109 24377 24378 24379 4 8979 -1 -1 0 0 0 0 7 5 5 6 4 4 3 3 4 4 0 0