2875
3552
7007
7018
7370
7840
151
530
1151
1321
1347
1349
1350
1354
1517
1610
3045
3250
3397
3494
3506
4219
4961
5506
5877
6139
6532
6691
6760
6822
7132
7161
7175
7394
7407
7413
7505
7540
7570
8240
8602
8775
8815
9255
9622
9711
9758
9766
9906
10068
10242
10472
10770
11009
12116
37
193
210
289
346
377
428
471
519
674
677
706
831
909
951
1792
2062
2072
2091
2140
2156
2202
2369
2442
2490
2745
2832
2888
3104
3230
3235
3337
3463
3478
3700
3722
3806
3951
4147
4158
4407
4493
4511
4628
4726
4728
4732
4739
4775
5039
5080
5149
5230
5242
5297
5314
5433
5691
5700
5715
5758
5846
6430
6450
6684
6779
6840
6858
6879
6932
6984
7056
7144
7295
7328
7396
7436
7560
7571
7607
7641
7674
7796
7829
7880
7882
8013
8554
8634
8649
8678
8828
8842
9060
9472
9557
9565
9615
9625
9716
9889
9946
10000
10003
10198
10219
10368
10561
10572
10602
10607
10969
11017
11079
11114
11212
11264
11451
11458
11577
11581
11586
11592
11674
11777
11807
12008
12155