202
960
1642
1976
5355
6383
7372
9784
221
231
280
463
1322
1328
1639
1691
1805
1940
2210
2227
2368
2583
2795
2803
3039
3053
3167
3189
3691
4219
4242
4247
5336
5369
5387
5607
5739
6329
6755
6945
7092
7549
7600
7847
8160
8192
8334
8468
9424
9868
10083
10112
10286
10748
10830
11543
11836
11843
12062
164
203
255
276
323
439
568
610
677
813
818
1129
1245
1260
1395
1486
1498
1774
1819
1826
2065
2069
2165
2291
2299
2340
2366
2553
2776
2829
3307
3554
3707
3809
3972
3984
4125
4339
4391
4426
4498
4712
4717
4729
4732
4749
4763
4788
4796
4808
4901
4920
4929
4962
5031
5346
5359
5471
5633
5710
5749
5752
5878
5915
6033
6070
6177
6557
6590
6633
6783
6819
6937
7054
7088
7101
7281
7397
7419
7474
7681
7702
7729
7827
7939
7987
8005
8030
8092
8128
8168
8188
8362
8384
8395
8415
8529
8547
8620
8652
8681
8932
8938
8939
8988
9054
9224
9359
9400
9491
9545
9574
9580
9595
9606
9616
9683
9689
9702
9982
10103
10148
10197
10376
10395
10442
10461
10559
10582
10626
10682
10710
11249
11485
11517
11651
11707
11719
11842
11910
11975
12054
12085
12092
12107