216
435
3753
6101
9408
9512
10697
82
189
330
450
975
1045
1168
1213
1315
1325
1361
1481
1482
1824
1833
1941
2294
2329
2681
3171
3321
3330
3551
3883
3990
4949
4960
5559
5781
5864
6160
6201
6806
6833
8152
8728
8767
8840
8995
9666
9742
9766
10083
10095
10755
11829
11846
12044
99
108
169
196
198
213
254
262
272
452
496
595
779
1029
1061
1091
1265
1389
1488
1507
1520
1524
1557
1596
1617
1689
1695
1799
1806
1834
1950
2059
2127
2277
2470
2543
2608
2640
2712
2728
2740
2917
3108
3343
3391
3459
3545
3575
3615
3721
3868
3964
4011
4040
4068
4113
4175
4271
4412
4429
4432
4461
4598
4616
4718
4731
4807
4873
5006
5066
5075
5087
5196
5215
5308
5748
5789
5876
5900
5969
5980
6142
6380
6454
6656
6964
6990
7050
7081
7089
7200
7215
7268
7371
7650
8119
8321
8331
8526
8570
8621
8639
8641
8830
8834
8872
8889
8932
8937
9009
9020
9081
9132
9350
9530
9553
9576
9684
9699
9761
9921
10100
10397
10398
10452
10504
10807
10843
10986
11130
11157
11228
11279
11288
11445
11510
11608
11811
12028
12073
12138