"4ea143bec0be1672" 13921 62538
"801924e12664c871" 92310 65149
"9d051123ba828df3" 164216 93085 97439
"c4f97bb37bba16d3" 170399 176908
"21015361238440c9" 115706 71795
"cfd7a4ba798e3cea" 179221 12380 54314
"cb9fb44fefc05117" 115946 154093
"78b58ddfacfbbb3f" 46503 176351
"92360131388a1b31" 9261 114227
"70769db08f3af2e7" 48925 182241
"ff068a350d522c32" 126133 72481
"0c0c637f2c46912d" 187837 174970
"bd4f6fae62f72f77" 9273 54345
"5f1f29003c6677ea" 84836 39796
"a69a7c4ed5e9b90b" 174358 45151
"f3a35dd2af122f78" 20107 43779
"13c8577599ec7662" 155144 78428
"7cd197fe74514d4e" 187303 132383
"392e5242aef37bbe" 11631 90307
"a0920d16ebdd615c" 56280 120741
"0969c82cbb05ed9a" 168290 181929
"f1ee34f6153c8338" 5149 78352 182241
"549f2aaa9e8cec64" 39796 154093 170399
"dd00d921f7f7e577" 176908 9261 97439
"24074313571149a7" 53392 132383 174358
"462fe8fb1d8c6298" 181929 72481 93085
"fb19ced6817c2e67" 48925 114227 115706
"b74197f369d5a8bb" 92310 115946 62538
"7dcbcc74c00d8073" 20107 179221 174970
"ce9eec02d31a2ae4" 187303 120741 90307
"9ce9ea1491079131" 187837 73530 54345
"c2233665cf737b9b" 48 46503 164216
"3d9e6d60959aef83" 84836 45151 71795
"298250bfc168d5b8" 155144 9273 78428
"6c694a36a219655c" 54314 43779 12380
"fb625820b986940c" 11631 168290 126133
"f6ad29d4f1b5390f" 56280 13921 182241
"7bdaa41e90003037" 5149 181929 39796
"9eb046a0d99c833f" 78352 176351 65149
"66edd8ab3de2b7fa" 170399 9261 93085
"8eb5fc3a143981ce" 97439 164216 53392
"f532a8a860869389" 54345 73530 71795
"b9259bb287a4bdad" 54314 126133 46503
"6a0e95c5cd36cbb8" 115946 62538 72481
"fd9bcd271fc41c1e" 154093 90307 174970
"5c9d7ee029f0c880" 187837 120741 174358
"871a0c1a893537a9" 48925 72481 5149
"565ba59e2f546bac" 188403 23009
"0c4b1e7a3eff1616" 143720 20635 136880
"890441954ca2e617" 186684 118815
"a595a954a7fc4a8a" 91552 129436 22277
"f0a529de1d914e6b" 180357 81569
"2a7b6f9efc77c411" 35699 409 23657
"8d3f58113c08ea31" 24406 43405
"2948312a1471fb7c" 31437 37244
"e9290c67cc4f136e" 148801 144036
"b2418dd10b924d1c" 54104 86342
"445b72258c2797ac" 46974 67601 304
"197337ed63d1ca8d" 65973 41139
"8f5168a66e8955bf" 59144 125202 81789
"968185d7c4ecf1b7" 51828 125464
"97ff305d1ce2d81c" 62477 5155
"8ba26e6bed8fd468" 1346 114801
"881ef777384cb5a1" 146449 7732 141922
"c11c6d195deca7f8" 150836 48907
"1af50ad9f952c558" 19716 150528
"bf568cabea7c6204" 152305 67601
"672c5af396251082" 141922 60815
"62a03fc26bb40419" 150528 125202 188403
"68108dd10b924d1c" 54104 81569
"1f683a27e4d99455" 143720 186684
"77dc9074566d1323" 409 22277
"1b9305601c173b63" 91552 23009 20635
"032d7d195deca7f8" 150836 118815
"1aa243b91ede5af2" 161711 37244 180357
"5237e924cabd2944" 60815 65973 19716
"d5a492555807d549" 5155 23657
"ed965e71095fda95" 43405 59144
"c91e97e2ab4d23e5" 77748 48907
"f5d8ffb47d00d6f0" 7732 129436 24406
"2759efe02a763ae8" 125464 31437
"8e403c09d67bf335" 114801 46974
"55ef7f5a019c48c9" 148801 304 41139
"87bbab651953e5e5" 35699 51828
"7140a3070cc2d7ef" 81789 67601
"7369f4b24447f9a6" 125202 136880 129436
"aae901f0498f0b6c" 81767 1346
"f68dd7c80ba0542c" 141922 144036 91552
"8836e885510a0445" 86342 62477
"ddd3acabea7c6204" 152305 188403
"3f814892b5f9d842" 146449 23657
"f65a4c07eeadff55" 186684 65973 409
"89b8108f0cf878cb" 23009 46974
"efae58113c08ea31" 24406 41139
"e4ce5a4a4032380d" 81569 51828
"ec831e9b53fae630" 134709 57200
"83a50571b8bc2a07" 62023 144240
"4179408804df51f9" 124585 170706
"21572150cd04f6ea" 64558 4785 48814
"55a10a06d147faef" 48159 118165
"387440bbc5056371" 6427 142071
"37df308bb015c7f9" 173452 129258
"2fe78264f15caf55" 103433 105680
"72db344c6b435c13" 60831 97750 132233
"deb2b877cada44fe" 28998 72818
"82b9c624b6bfc94e" 15606 92093
"25ca3ab4b47f82e8" 90049 87000
"8010a8e4b9786145" 101464 104739
"b1a0e0b42eebd411" 183930 59900
"34f56db4ae1a97be" 78914 53756
"28dd87b49c3bf8a1" 123646 3599 30856
"a97325f8458a6f06" 86581 158268
"8e2fb0227b72b1f7" 60845 111218
"b1f3ed5d1b556b6a" 78834 62023 86581
"fee64a76369088cc" 182036 173452 97750
"b8ee981e3889ca2b" 110547 103433 78914
"56976c340219f804" 57200 15606 48814
"9309003e32a83556" 134709 97750 118165
"29aefed4a7ea9a72" 3599 105680 170706
"7d1df51d5b3189e2" 142071 90049 72818
"715f1ce07685c1bd" 74967 90049 170706
"cef906ed8f4a5c63" 121320 103433 28998
"019b6110ec4103f8" 92093 105680 111218
"a46a879e9c9a9aec" 15606 87000 104739
"cac2f7531dd485e5" 76222 110547 123646
"0e94f7d276680301" 23045 74967 60831
"3a44c1db5e098cf1" 70521 4785 158268
"deab3150cd04f6ea" 64558 4785 132233
"c0e1fe0ad02bb83a" 76222 70521 57200
"0f242bd5440cf17f" 6427 129258 111218
"8ff0b43d3da0b652" 3599 59900 53756
"1c5ca2b42d6e1f22" 61375 60845 101464
"877b856799bc9a34" 144240 3599 158268
"483caab0e5fbea5f" 23045 182036 129258
"ed3333be180d18ac" 101217 173452 144240
"847fcde1e4f8aeb6" 78834 132233 30856
"cf28ca2b78589d81" 62023 64558 123646
"c2fad529a4f25e4b" 134709 28998 87000
"74f007c3cfcb898e" 124585 72818 104739
"3955c6dbb1bfccbd" 110547 60845 15606
"cf989e1c121e2b32" 76222 142071 183930
"f1b12b048aa1973f" 117149 152441
"88bff1b6e5889d5e" 12427 29260
"abcac23b0848baec" 19020 39537
"6e11ce70d3a99090" 6616 13512 181853
"ecb29896234e3002" 183861 106083 138433
"de8fef9e89782f9a" 50493 82471
"3f5cfcd3cc152a8c" 166210 108460
"d1d31946fb721f7e" 138102 126585 131337
"248a1a20985084e6" 144224 78085 28056
"ce4bb0468537184a" 69866 14621
"8aaba3c946de289d" 52636 133455
"0a356de74847e6ee" 81044 37295
"04ab594cdb4aea13" 49287 121707 35497
"d8c703778d0eea25" 38206 46557 181853
"1b9fbd822b6d9459" 99635 128922 5739
"64a3f3ca8720374f" 184616 65489
"cbaae61767dfab85" 42688 107413 114786
"a7036c1d44800e91" 28103 76703 154111
"5a18e3ddccd93752" 117149 116132 106083
"853b602fd72a4cd0" 19020 29260 49287
"529079eac4f3143c" 6616 166210 69866
"9966e434ddaccfe8" 183861 82471 28056
"6214cf83094c4621" 138102 13512 133455
"3a6b77208b870205" 144224 14621 138433
"af629eaf927edc7f" 52636 108460 126585
"4f0b0a15ecbbac2a" 121707 35497 99635
"a148336ac37a7660" 39537 5739 131337
"d93f0fb20cda3ced" 116829 402 78085
"296e0f993d615a42" 117149 6616 108460
"9606602fd72a4cd0" 19020 29260 28056
"ebbdbcc025b3637e" 114786 50493 69866
"7cf8b620d21adf04" 166210 49287 65489
"c9d149cd383e55a4" 14621 133455 5739
"3940d1cc6d9d267e" 121707 138433 128922
"768a7676101cf60d" 42688 152441 126585
"7dea3ebda7ec9e6a" 28103 183861 38206
"80ac654e7926fa0d" 116455 12427 39537
"6e028761ac32768f" 76703 138102 184616
"a8b4f0433f232a37" 106083 154111 99635
"8811b7ead2756041" 82471 52636 81044
"38ba02c8ada34c51" 143029 144224 46557
"6dbd0923fa84cd58" 107413 78085 37295
"86c72d2aea8e7c1d" 106083 13512 52636
"33ca1116c6882329" 28103 29260 37295
"2c10c0ca48cbeaf8" 19020 138102 133455
"8b289a331a89d809" 6616 114786 46557
"0ca33aa65dda8deb" 140521 41956 88850
"a431a4636e4ffe84" 94729 92968
"8c8793605c10cac7" 164822 144381
"2608cee0415e56ae" 93898 133171
"023c045b5ee7e1cf" 44405 131970
"b2900c4641f6d82a" 143622 118000
"de8d8558c157c0b3" 87580 137492
"01bdf6ba384ba3c6" 138774 45317
"02b45bd80c1614a0" 100398 18397
"bd6a2fb1a3e24e39" 47158 123184
"76dcba2993d2c009" 136591 169641 125410
"68f49feb5ab06e02" 34852 50167 175790
"5fd999e587ed0563" 128939 127001
"61c35239ce921ee2" 133861 68906 3326
"619c4f66445fe96d" 156544 137769
"f6575138a7cafaef" 75905 173194 183419
"01ffa5df2c30622d" 127257 98078
"7839a138acf3035f" 60738 5800 36260
"e77a794b11210443" 91601 187444
"db3fe841e5f02b23" 33180 16442 63622
"b8914c0dbd3c237e" 59188 137421 77509
"451baa68a07f7102" 27149 600 131582
"46389714d8faa647" 27252 13587
"d5b374aa7ee50449" 184563 174635 153274
"1b9a81e8aecf443d" 182965 171475
"c77e77ff64cbefbf" 23634 53205 45952
"3ec339a089551605" 164570 8704 155696
"e84c0df92cffb3d1" 152893 153489 147043
"dd4249472bcae49c" 49862 6855 183683
"091a5816ab890c74" 71384 51905 178978
"11c11ac380a9009a" 173208 125164
"1ae77f93fe54265a" 149529 43663 97492
"6e224534e6d8a1c2" 118246 3542 12777
"97a2dde5aa7edbfa" 179276 52784
"8d9816000cda65db" 171234 83057
"eebabba1e67650a3" 33180 91601 179276
"acda25b634bd8789" 27149 8704 125164
"cf0fe033c93348e0" 34223 152893 171475
"8828bee20111438a" 23891 49862 118246
"a5068e1f3a3a9ca7" 174635 131582
"62fa7ba961c1b601" 59188 600 153489
"8c8b99b40a72a38a" 149529 3542
"7e612080529f9a97" 184563 147043
"4db1c714d8faa647" 27252 183683
"8431801cca406deb" 6855 155696 52784
"313bc6ea10abcec2" 16442 187444
"660b85bcd5e19241" 23634 164570 12777
"56c6d2ad323e7d51" 41356 63622 171234
"70c98f9a01808734" 137425 71384 137421
"8b4eff715b381eff" 53205 51905 77509
"73fcf50a19ab2407" 13587 153274 83057
"5a6ef9c380a9009a" 173208 45952
"5fc57afc3d930596" 43663 182965 97492
"cf971996b3c6f3e1" 34223 118246 131582
"2f930d202dfe9825" 174635 171234 179276
"a90172bdea90b473" 91601 149529 171475
"1cbfc6d3151190c3" 137421 3542 77509
"26f5c3054566a534" 164570 147043
"689c8feee82d8e7d" 27149 155696
"d0d6dea4b93342fa" 600 125164 52784
"9d00b8c9c3aeff0c" 13587 182965
"f8f6b34776235567" 33180 152893 83057
"965426e2f047ab3d" 137425 187444 183683
"0a1aa6ea10abcec2" 16442 51905
"30565a9c4ee43330" 63622 6855 12777
"5aefe696ed3ab996" 93598 115239 27347
"e147c992fd96d09d" 118203 50034
"c749a8fa139da865" 67298 121475 154906
"570b39348fb198cd" 84392 118119 61129
"4b545b63b64a757d" 108661 99686 10368
"c4d102b5d7a7a6b2" 1067 109808
"6968dea107f7e90a" 164072 169759 85842
"848eed1b94ecb6da" 15053 182785 107101
"9986a8a200ae1248" 87634 80159 7003
"09a22de5f817bcd7" 123811 156205 117539
"5483b37385520db0" 55604 86012 23644
"1be15f53238bedc4" 113822 40814 53124
"1c0615695a386750" 182034 78016 180054
"3385ed7c30048a1d" 55842 123903 55621
"bda704dee487b73a" 79555 110496 57783
"c051cfb4925fe2d8" 126927 23644
"37ef0f51aae84700" 121475 99686 90881
"dd924e78ffc64ce0" 1292 84392 110496
"570ae83dea219c1e" 93598 79555 57783
"8be3252cff9e8dce" 156205 67298 78016
"f16f55f25f3fc8ea" 115239 15053 40814
"fc67e5b54a6cb2a7" 123811 164072 117539
"ad826babf348adf8" 19954 107101 180054
"daa7e992fd96d09d" 118203 182785
"5f088b35ad558f89" 1067 10368 61129
"0d6057a7417db11f" 92278 108661 109808
"e3c620cc764c8e44" 97206 169759 86012
"9952684a7cc88e7e" 27347 123903 85842
"500ff3da6b5a0402" 113822 182034
"b2b70e980b7fc75b" 55604 154906
"e0ffe49126348d9f" 55842 118119
"21a97a7ed95724f6" 50034 7003
"8582a2ac16c57c0a" 121475 53124
"3b69059f31fe0102" 93598 78016
"a01245b6df23a234" 1292 90881
"7a713695e18a61ec" 27347 79555
"e3a0172ccd454c3c" 61129 23644
"f7623de5f817bcd7" 123811 156205 182034
"6092d8bb0c2601a0" 107101 110496
"d922a1f54f16df2f" 108661 123903
"e82f449d9c15e7e1" 115239 99686
"0c36d3da6b5a0402" 113822 15053
"92b3ca95509303d1" 78016 86012
"a52fe0d215177b9c" 19954 117539
"1a94f1b5d7a7a6b2" 1067 55621
"b865630d4ca97d28" 164072 180054
"6806b88e1660e46d" 67298 80159
"d50adebd158e7561" 76981 6783
"6aedae88b3699f05" 21893 127544
"4dfa3995086edc66" 166349 75340 152154
"17bc9d5066ad43cc" 76981 61013 72218
"1486335c323dbde9" 133575 143983 158006
"dc4b756e3495d0e1" 126550 141427 24231
"2b68f9cfd36cfcc0" 158006 164871
"23950021f885d827" 33702 66263
"d6513fbc6622b2c6" 5809 153283
"4f92e45ae793f44f" 169448 147903
"184cf1540c47ff5c" 166397 6783 138752
"2e8ded0900a0a319" 137334 6783 138752
"eefaf003a3a080c3" 186725 156020 12308
"1684445249c32320" 33543 6105
"eac63c9b4c972e0a" 12097 109236
"eba530a15b4553ce" 174955 7202
"8d430e123cc49b70" 12500 31655
"f50f9e5c81970490" 128857 3885
"bcf57fbb091f3214" 100282 1900
"1d0e49815bbd8636" 71804 59928
"814cac933158fc62" 72739 159268
"fac0a19fbf0aacfa" 14351 6335
"342d81909c35aecc" 169448 137334 12500
"75e9653abcb417ea" 153283 152154 12097
"91c73b4ce40c512d" 59928 156020
"a356777da9454371" 33543 66263 31655
"351aa49fde3be61e" 75340 61013 166349
"102aeebd158e7561" 76981 72739
"4456bae48a99ea8a" 71804 6783 1900
"16b3641b9c8c5266" 72218 7202
"f161c4fb7a4d8931" 129961 158006 164871
"107779fadeb97ad1" 24231 128857
"94bb7a7754d0ae22" 166397 153283
"0c85b2a666f8a91a" 141427 133575 5809
"735f022344a232fb" 58746 59928
"e04d739dc884d1cb" 159268 166349
"124930a15b4553ce" 174955 21893
"e0027fd39c90a32a" 3885 52248
"3c2d56932ec20207" 126550 152154 7202
"17dbf871c2f33a1f" 156020 138752 12308
"99feb19fbf0aacfa" 14351 129961
"1d74f6af56c49a02" 12097 33702 5809
"f05e59815bbd8636" 71804 126550
"83077fbb091f3214" 100282 6105
"34f50fbd158e7561" 76981 186725
"f05bdf076e1884e5" 147903 31655 156020
"732eead9ce19fbef" 137334 166397 143983