"e1ec442806cce339" 20 369 1267 283 5277 80 1267 2174 28 7950 80 199627 30 7709 16520 44 104 192 1330 32459 1179 1171080 -1 -1 0 0 0 0 8 7 7 8 7 7 4 6 5 7 0 0
"f441c68a674d9df5" 19 119 4 1028 44 51 71 139 80 199627 475 30 1160 4522 790 102 51 10191 50124 1179 1171081 -1 -1 0 0 0 0 7 8 7 8 6 7 3 6 7 6 0 0
"b6f4fa5934990230" 24 4 492 60 1608 19 20 1625 80 74 748 80 199627 28 5937 481 83 36 874 80 163 79 5037 2600 1179 1171082 -1 -1 0 0 0 0 9 9 8 9 6 6 2 3 8 9 0 0
"f43ce082aec234e2" 25 369 32 12122 49 28 4870 80 5028 488 743 80 199627 90 369 879 36 30 1605 80 788 6824 80 788 293 1179 1171083 -1 -1 0 0 0 0 6 7 8 7 5 6 4 6 4 6 0 0
"d3146c50814f9a73" 24 290 61 154 24624 80 344 74 3261 129 80 199627 249 5943 808 212 150 1741 80 250 4 456 330 114 1179 1171084 -1 -1 0 0 0 0 8 7 9 8 6 7 4 5 3 6 0 0
"f6796df0c48d4156" 23 1267 292 102 51 3120 80 74 206 19 436 80 199627 330 12 20 46940 80 249 330 166 563 32 1179 1171085 -1 -1 0 0 0 0 7 6 8 6 6 7 3 4 2 4 0 0
"a1dc3424424c8746" 26 456 369 163 80 398 996 45678 80 74 5430 80 199627 249 425 383 71 283 30 2505 89 80 74 7 19 25366 1179 1171086 -1 -1 0 0 0 0 7 7 8 6 6 7 4 3 2 5 0 0
"31df50b34109afb7" 22 550 51 364 6657 80 71 1751 150 3396 80 199627 249 352 378 20 28 8948 80 232 14 52215 1179 1171087 -1 -1 0 0 0 0 6 6 7 8 5 5 2 2 7 6 0 0
"8e672a17f5bcec73" 23 127 154 152424 80 2258 783 12393 80 199627 192 70 77 743 4180 114 11 700 83 51 4208 80 3326 1179 1171088 -1 -1 0 0 0 0 8 6 9 7 6 4 2 3 3 4 0 0
"a35ab92a01137c05" 23 70 77 30 1238 80 330 12 20 28 11645 80 199627 249 70 28 54546 153 80 28 5091 104 33 1179 1171089 -1 -1 0 0 0 0 6 7 8 6 5 6 3 2 3 4 0 0
"34fb17ac5f42fe0b" 28 798 31929 51 8834 80 51 1369 77 79 29 3524 80 199627 249 30 4509 11 120 88 208 80 74 139 19 20841 30 2705 1179 1171090 -1 -1 0 0 0 0 7 6 7 4 5 6 3 8 3 9 0 0
"1188ab145ad4bd7f" 24 369 255 283 154 4181 83 14212 80 74 7508 80 199627 1514 369 146 1069 42 80 563 456 17265 51 11396 1179 1171091 -1 -1 0 0 0 0 8 7 7 7 8 6 2 3 3 5 0 0
"d43b7abf0d8184e5" 27 550 70 36 14 768 28 721 80 74 1883 36 18356 80 199627 4 739 4 12 7493 42 80 249 1334 30 340 8908 1179 1171092 -1 -1 0 0 0 0 7 7 8 6 6 5 2 5 3 6 0 0
"debeb441d0d254e8" 27 4 153 369 251 4 80 1024 80 25 28 319 80 199627 4484 6174 83 28 4852 80 120 14 20 150 1895 768 222 1179 1171093 -1 -1 0 0 0 0 5 7 8 6 6 6 3 2 7 5 0 0
"a13aa8c45a876d68" 23 352 127 154 1088 1979 3755 80 199627 249 1334 808 1598 44 103 4509 80 166 32 44 271 29 5174 1179 1171094 -1 -1 0 0 0 0 6 6 7 5 7 5 3 7 4 9 0 0
"e5373add10a458b9" 29 120 603 152 19 2174 770 80 481 51 2626 83 271 5737 80 199627 249 369 16487 4 80 28 61 80 90 344 559 369 999 1179 1171095 -1 -1 0 0 0 0 9 9 8 7 6 9 3 2 8 3 0 0
"fe9c87aee9e4e571" 23 369 61 70 30 154557 44 103 706 80 199627 249 456 184 283 257 80 184 707 28 2202 90 42701 1179 1171096 -1 -1 0 0 0 0 8 8 9 5 7 6 4 3 4 5 0 0
"c64103647c3bda55" 25 369 293 603 18505 828 80 10721 144 49 74 8255 80 199627 249 5942 20 28 8948 80 28 61 90 28 6837 1179 1171097 -1 -1 0 0 0 0 8 9 6 5 7 9 5 3 7 4 0 0
"ed2c31874bdae9c3" 27 369 146 1069 42 80 144 70 30 2602 90 7387 80 199627 425 369 212 150 1741 90 4 453 14 106 1608 36 275 1179 1171098 -1 -1 0 0 0 0 9 8 8 8 7 6 2 2 10 5 0 0
"a7d7bc7d24a99c02" 30 28 5937 481 83 36 874 80 798 391 30 18513 19184 80 199627 456 369 163 80 637 56 41 42 19 88 102 51 50124 80 13 199372 1171099 -1 -1 0 0 0 0 7 6 7 4 6 7 3 7 4 4 0 0
"2944564261384a8e" 30 184 251 245 77 154 3172 80 184 22 460 42 80 199627 154 291 590 535 60 42 80 768 28 721 80 859 453 382 809 42 1179 1171100 -1 -1 0 0 0 0 7 7 6 4 5 7 4 2 6 3 0 0
"54964c2894d9d4bc" 31 184 1317 28 2202 80 1160 6174 80 1334 590 212 451 30 1237 80 199627 192 70 743 4180 114 11 700 51 4208 80 537 80 344 474 1179 1171101 -1 -1 0 0 0 0 8 9 9 5 6 7 3 2 2 4 0 0
"b0f4e46e67782a5f" 30 344 51 234877 6657 80 184 229 1218 19 92 30 1899 80 199627 383 71 283 30 2505 89 425 80 768 199375 2365 28 4870 80 3154 1179 1171102 -1 -1 0 0 0 0 9 6 8 4 3 6 5 7 5 6 0 0
"93c30f23cc1c31be" 31 74 511 6763 768 1769 80 184 22 96 19 92 30 7387 80 199627 290 61 24624 80 1334 11 2348 3177 44 51 1132 7709 80 344 275 1179 1171103 -1 -1 0 0 0 0 8 7 7 6 7 8 5 9 5 7 0 0
"446d85c283391339" 46 4 153 369 251 4 80 1024 80 344 51 6183 80 199627 304 80 4 166 355 61 53 74 1381 2763 80 154 234898 11 23079 80 199627 184 1895 768 222 80 70 28 54546 25 28 319 80 859 146 3452 1179 1171104 -1 -1 0 0 0 0 9 8 8 6 5 6 4 3 8 4 0 0
"58a70b834e8ce867" 49 234899 53 30 3421 80 4017 208014 559 633 2167 629 80 199627 4 16487 866 28 275 80 425 1334 83 31 80 2167 1735 80 199627 408 279 19 4200 476 53 30 33783 1180 27172 80 2167 5623 271 1030 80 2167 5623 271 3641 1179 1171105 -1 -1 0 0 0 0 9 9 9 8 8 6 4 4 9 5 0 0
"eb837b5932aae72a" 22 70 77 30 1238 2018 44 103 4509 80 199627 127 297 1664 70 3701 80 74 139 19 928 1957 1179 1171106 -1 -1 0 0 0 0 4 4 5 9 7 5 4 9 3 9 0 0
"a5ebfad6772d1478" 20 1024 80 11 1267 292 102 51 4044 80 199627 119 4 1028 44 297 823 403 1334 227 199372 1171107 -1 -1 0 0 0 0 8 5 7 6 6 3 7 7 2 7 0 0
"69ed656577d8b8fb" 31 4181 83 14212 80 227 275 2012 80 199627 739 4 12 7493 42 80 453 60 151 80 199627 879 36 30 1605 80 11 120 30 1180 5694 1179 1171108 -1 -1 0 0 0 0 7 6 7 5 5 3 6 5 6 5 0 0
"e3ff815fa7988469" 38 352 127 154 1088 1979 3012 80 558 20 51 307 80 199627 798 14895 51 8834 36 15852 382 102 807 17 13415 80 199627 386 166 184 1057 44 3791 252 1984 11860 30 206 199372 1171109 -1 -1 0 0 0 0 9 9 9 8 6 5 9 8 8 8 0 0
"9f09d0aae20a65f3" 36 25 30 3070 80 16520 15044 36 511 80 199627 28 4852 6174 102 51 13686 77 3172 30808 80 199627 4 185 550 5720 19 453 60 476 80 249 66 60 70 36 199372 1171110 -1 -1 0 0 0 0 8 9 10 9 8 7 2 3 4 4 0 0
"471308f1d166faf0" 45 90 4 27 14 2601 80 249 344 50 51 3757 80 199627 4 61 70 30 154557 80 11 277 19 283 1138 80 199627 152424 229 61 80 550 51 4839 706 80 199627 249 860 119 845 19 3569 30 2602 1179 1171111 -1 -1 0 0 0 0 7 9 8 7 6 9 6 5 4 7 0 0
"9759de76ca28e963" 39 120 603 481 51 2626 83 60 102 1334 44 5164 80 199627 144 70 30 16109 80 184 232 280 5277 44 103 2919 80 199627 352 378 20 28 8948 80 28 2203 44 30 1237 1179 1171112 -1 -1 0 0 0 0 8 9 9 7 8 6 3 4 8 3 0 0
"6b1b2f0e5550ee0e" 49 369 293 603 18505 828 80 330 35 408 4595 80 199627 249 184 1317 28 2202 80 11 12145 19 30 16628 80 199627 249 184 146 1069 42 80 11 1691 1409 271 908 80 199627 30819 70 30 5117 1262 80 40618 42 30 36865 1179 1171113 -1 -1 0 0 0 0 7 9 8 7 6 9 7 4 6 8 0 0
"ebe651b07078d6e9" 40 252 74 3395 80 184 14845 49 1749 80 199627 330 12 20 46940 80 1777 83 271 9382 80 199627 58805 25 3623 80 184 232 83 15512 80 199627 249 5943 146 8688 103 4872 1334 2991 1179 1171114 -1 -1 0 0 0 0 8 9 9 6 8 8 6 5 7 6 0 0
"944c19e14866df8c" 25 249 4 492 60 1608 80 456 369 163 637 127 42 80 199627 330 974 30 1160 53467 6174 90 330 1069 42 1179 1171115 -1 -1 0 0 0 0 6 7 6 8 7 4 3 4 5 4 0 0
"0e95c76335cff2c6" 46 102 51 50124 80 184 3464 257 144 5746 90 5745 80 199627 119 4 1028 44 297 823 403 1334 2990 199372 199627 184 251 245 2174 80 251 51 71 275 80 199627 249 184 1267 2919 36 60 80 119 66 474 1179 1171116 -1 -1 0 0 0 0 8 9 8 7 6 8 5 6 8 8 0 0
"1aa99d222afa9d67" 43 234900 735 770 80 1267 2995 549 80 199627 1664 70 3701 80 184 1267 1183 1957 245 61 80 199627 879 36 30 1605 80 120 271 3458 20 739 80 199627 144 70 30 6163 80 184 22 20 35766 1179 1171117 -1 -1 0 0 0 0 9 8 9 9 6 7 6 6 8 9 0 0
"78b87d5fb2addc7b" 47 25 30 3070 80 184 1267 119 43 184 1267 119 80 199627 152424 80 550 30 443 1146 208011 13 770 144 80 199627 1267 292 102 51 4044 80 453 271 29 139 80 199627 33783 1180 27172 80 859 20 848 161 621 1179 1171118 -1 -1 0 0 0 0 6 9 9 6 8 6 5 7 7 8 0 0
"83239e1c0ec933fe" 25 70 77 30 1238 80 16487 44 28 7387 80 199627 192 369 484 19 1493 80 4 768 28 2278 721 36 275 1179 1171119 -1 -1 0 0 0 0 7 8 7 7 6 7 5 3 5 4 0 0
"3f76289f8b240e56" 27 28 246 166 27 182 139 80 255 83 30 855 80 199627 4 166 563 13 80 43 199374 370 80 44 11 13877 861 1179 1171120 -1 -1 0 0 0 0 8 7 7 6 6 7 6 6 5 5 0 0
"06c9deb7ce05ebf1" 23 1617 144 30 8619 80 231 192 13892 80 199627 277 19 27 28 2459 80 44 103 275 154 786 1677 1179 1171121 -1 -1 0 0 0 0 9 7 8 7 6 6 5 5 6 8 0 0
"bc790d69cf169c4c" 26 30 876 104 6174 80 249 4 996 255 28 6849 80 199627 252 4 80 28 34 104 595 80 74 511 3827 27548 1179 1171122 -1 -1 0 0 0 0 6 7 7 6 6 5 5 3 5 3 0 0
"faf938c5aea72494" 26 166 638 14 89 80 49 28 8500 199375 216 80 199627 747 36 1344 80 4 71 1629 76 80 6 152 19 8635 1179 1171123 -1 -1 0 0 0 0 8 9 8 6 7 6 7 4 5 6 0 0
"4eb8f4f443834a59" 31 126 6392 44 51 24651 80 249 4 127 14 3470 808 80 199627 3250 369 153 559 60 1483 80 61 114 20 1084 51 3635 90 51 3326 1179 1171124 -1 -1 0 0 0 0 7 8 7 8 6 6 4 4 7 5 0 0
"1486bb295249c90b" 29 127 19 212 51 3610 89 1557 359 80 633 408 30 530 80 199627 234901 83 245 2283 80 15155 83 559 184 904 19 283 89 1179 1171125 -1 -1 0 0 0 0 5 7 9 7 6 8 3 4 5 1 0 0
"4736d48faee8211c" 28 114 798 119 30 891 369 119 19 4 80 453 150 3012 656 80 199627 1031 4 234902 154 1795 80 14126 72 150 554 7775 1179 1171126 -1 -1 0 0 0 0 6 9 9 7 6 6 6 2 4 3 0 0
"47be617849b49cd4" 27 424 26183 103 80 6 1028 44 30508 80 966 70 4823 80 199627 1577 25235 6 3761 80 3032 11 51 146 997 1412 6655 1179 1171127 -1 -1 0 0 0 0 3 2 4 9 8 4 2 7 8 8 0 0
"61bc5518508e6b5f" 21 234840 2018 80 255 7497 80 199627 25 297 23589 77 5986 80 166 3569 103 275 154 369 13386 1179 1171128 -1 -1 0 0 0 0 6 4 5 7 6 5 2 1 2 6 0 0
"5e8415eb24575abd" 27 425 16520 11 51 4633 80 166 2757 42 103 7720 80 199627 9268 234903 144 30 16277 80 550 11 51 1572 3376 80 2241 1179 1171129 -1 -1 0 0 0 0 7 6 6 6 7 5 2 3 1 5 0 0
"65c6b8431746143d" 27 28 246 808 22406 36 150 61 80 1485 550 51 358 80 199627 90 2505 14 11373 80 369 232 64 24 36 709 1797 1179 1171130 -1 -1 0 0 0 0 5 8 6 6 7 3 5 4 3 7 0 0
"2a94e42dff6fbbcd" 27 3268 83 747 19 222 80 369 1873 28 1964 80 199627 20066 234904 70 297 4180 80 2505 8 5873 80 966 71 72 1755 1179 1171131 -1 -1 0 0 0 0 5 7 5 6 6 3 2 9 4 6 0 0
"cf54fdb588efcb4b" 25 127 51 1088 908 1085 144 28 1964 80 199627 90 788 206 352 5962 80 382 234905 17132 102 1229 83 28 2202 1179 1171132 -1 -1 0 0 0 0 7 6 7 6 5 8 5 5 2 4 0 0
"e81a00334aa69f57" 24 4 153 30 1818 80 5804 49 28 1287 192 4783 80 199627 184 32 2383 154 158192 158193 80 2441 5269 691 1179 1171133 -1 -1 0 0 0 0 4 9 7 7 6 8 1 3 1 2 0 0
"7e8c058d9fb2711e" 26 158 28 246 996 51 292 60 844 146 208 808 80 199627 1617 144 30 8619 77 275 80 277 19 27 245 3635 1179 1171134 -1 -1 0 0 0 0 4 5 6 7 5 5 1 4 6 8 0 0
"e1548a23aff84573" 24 4 127 14 6490 80 127 14 4899 44 1600 80 199627 60 14483 28 1964 80 961 14 278 70 28 234906 1179 1171135 -1 -1 0 0 0 0 6 6 6 7 5 6 3 1 5 8 0 0
"d44e84cbb3af1998" 23 60 104 6174 80 3534 408 30 415 76 80 199627 249 4 166 563 13 80 173 174 11713 49 5430 1179 1171136 -1 -1 0 0 0 0 3 2 5 6 7 6 1 4 7 9 0 0
"b8053e482b247489" 27 28 5171 2253 19 2358 80 127 4 5829 44 30 3288 80 199627 425 1629 154 4043 3969 5684 866 51 8894 997 3653 4373 1179 1171137 -1 -1 0 0 0 0 5 8 9 7 5 7 6 2 2 4 0 0
"d5e2ebd36e10deec" 24 158 30 828 1165 14 408 103 1389 80 369 153 199627 59 232 154 2091 42 80 808 2441 154 82 490 1179 1171138 -1 -1 0 0 0 0 4 6 5 7 7 5 6 5 2 1 0 0
"fa28bd3a2bf0a671" 26 30 11335 56 146 9765 19 30 340 275 1183 80 199627 456 369 757 866 150 600 80 966 192 5742 80 330 4523 1179 1171139 -1 -1 0 0 0 0 6 7 5 7 5 5 6 3 7 8 0 0
"da14b01c8b71c7dc" 23 16520 51 165956 80 277 19 3569 28 1841 199627 1031 9268 9221 144 28 16277 80 369 401 330 6 151 1179 1171140 -1 -1 0 0 0 0 5 8 7 9 8 4 4 7 4 7 0 0
"2544c8639cfcd4a3" 27 150 600 566 192 5742 80 369 166 757 849 199627 509 369 1873 28 1964 83 150 1275 3728 80 28 246 1548 80 28052 1179 1171141 -1 -1 0 0 0 0 8 9 8 7 8 6 7 5 9 6 0 0
"22a795b2a9e51029" 22 192 16520 7497 80 27603 28 5985 80 199627 28 8500 216 80 70 369 114 119 104 2261 90 2261 1179 1171142 -1 -1 0 0 0 0 7 7 6 7 7 6 5 4 4 5 0 0
"554e62d25b069368" 21 158192 158193 80 1267 453 51 554 3164 199627 2174 150 646 80 780 12955 36 518 4 12 20 1179 1171143 -1 -1 0 0 0 0 4 6 3 5 5 4 3 6 5 7 0 0
"f1d18dbdc25b6719" 25 4 153 16520 321 80 249 16520 1409 154 4181 199627 127 51 1795 83 28 2462 80 285 743 166 638 14 24 1179 1171144 -1 -1 0 0 0 0 6 6 8 5 6 7 2 4 3 5 0 0
"5de08906b92a8dfb" 30 369 904 19 208 25 51 1132 646 80 199627 425 21130 8936 36 51 463 77 28 4275 80 199627 103 234907 102 51 1010 80 550 3807 1179 1171145 -1 -1 0 0 0 0 5 6 7 6 8 5 6 3 5 5 0 0
"adec8619b268a452" 34 1629 382 208 408 51 4043 19 51 4120 4633 80 199627 537 80 369 153 559 60 1483 80 915 80 200449 4 153 199374 68 848 90 18296 49 154 3592 1179 1171146 -1 -1 0 0 0 0 4 7 6 6 7 7 4 7 4 8 0 0
"1a3957ed8cfa2cd8" 22 127 154 2283 2021 80 166 32 3704 80 199627 11907 178 28 1841 275 80 3268 747 19 222 60 1179 1171147 -1 -1 0 0 0 0 6 6 6 5 6 4 4 3 3 5 0 0
"d90ece55c0688a5f" 22 16520 5054 103 161 11 36 4 80 28 61 80 199627 232 17676 154 2091 80 369 166 283 527 1179 1171148 -1 -1 0 0 0 0 8 7 9 4 6 5 2 3 8 4 0 0
"4a13821634440423" 21 28 234908 192 6392 80 1334 102 51 9409 80 199627 4 996 255 51 6849 80 915 80 2358 1179 1171149 -1 -1 0 0 0 0 3 5 7 6 5 4 4 5 3 5 0 0
"782a9c964c16b959" 29 382 3032 102 51 7534 80 90 369 166 32 2980 80 199627 114 798 119 19 4 43 369 119 199372 74 80 1767 11 243 30189 1179 1171150 -1 -1 0 0 0 0 7 6 7 5 7 5 6 4 8 4 0 0
"4689b990d9ab2802" 30 369 152 19 481 83 51 1183 80 915 80 11 192 330 153 4 80 199627 249 804 7397 2200 80 425 16520 11 51 4633 80 174 1179 1171151 -1 -1 0 0 0 0 5 7 6 5 4 4 5 4 5 6 0 0
"54226461723ede25" 26 28 234909 255 42 44 51 24651 80 166 120 60 89 80 199627 16520 1409 51 1088 908 80 102 16520 83 30 20042 1179 1171152 -1 -1 0 0 0 0 3 6 7 8 7 3 4 5 5 7 0 0
"5d5affcfe79b3445" 29 369 229 127 206 36 30 21158 811 80 70 103 144454 2505 5873 80 199627 9268 19055 1491 80 144 28 16277 80 234845 14 408 2636 1179 1171153 -1 -1 0 0 0 0 4 6 7 5 4 4 4 6 4 5 0 0
"d78c55fcf358143a" 22 4 153 456 369 4928 80 369 146 928 80 199627 7667 192 108 80 127 14 2441 51 216 435 1179 1171154 -1 -1 0 0 0 0 6 7 8 6 6 4 4 3 5 3 0 0
"7ebdf4ed03592673" 37 158192 158193 80 150 226 39 104 8441 80 199627 70 54 6248 77 33 61 80 4 153 330 996 146 112 19854 80 199627 28 234910 34827 80 30 962 104 44 30 6174 1179 1171155 -1 -1 0 0 0 0 5 6 7 5 6 6 5 3 7 4 0 0
"bf2a1aeaf90b4a5b" 22 127 5986 80 127 23589 80 541 369 7 80 199627 297 3467 174 2253 80 127 3835 80 74 1373 1179 1171156 -1 -1 0 0 0 0 8 6 7 7 7 6 4 3 4 2 0 0
"b7d904edd5b6a807" 28 165956 83 4 80 915 80 36 7400 42 150 1275 3728 80 199627 394 4 17 19 3592 80 249 425 30 226 234911 51 4633 1179 1171157 -1 -1 0 0 0 0 6 7 6 6 6 5 5 2 5 3 0 0
"d81064070603b44e" 21 4 153 30 1818 80 4 153 30 2565 80 199627 3250 369 153 559 60 1483 80 550 340 1179 1171158 -1 -1 0 0 0 0 7 8 7 8 7 7 5 3 6 4 0 0
"ff56b777daefa32d" 21 1617 144 297 8619 80 231 192 9247 80 199627 352 22406 36 511 80 369 114 146 283 527 1179 1171159 -1 -1 0 0 0 0 7 7 8 7 7 7 5 3 4 3 0 0
"13cdc21e298cf72d" 18 28 8500 216 102 51 24698 4164 80 199627 6804 51 1088 908 80 1503 603 25960 1179 1171160 -1 -1 0 0 0 0 9 7 8 6 5 4 6 1 4 7 0 0
"5ddd907be3d2a9b3" 29 1015 14 475 4 68 22819 80 43 4 68 15785 199372 199627 4 215 293 154 1781 48585 80 249 184 70 1348 352 391 112 16620 1179 1171161 -1 -1 0 0 0 0 7 5 6 6 7 6 5 3 4 2 0 0
"ea344dbbff0f7cc2" 21 747 36 30 780 80 30 21881 9103 80 199627 285 369 1080 1743 506 80 30 1237 184 16253 1179 1171162 -1 -1 0 0 0 0 6 6 7 7 6 8 5 4 7 4 0 0
"f3e7d9e34ca57e08" 27 158 798 299 136 798 1253 14 80 1767 51 6897 80 199627 4 153 16520 174 108 36 4 80 74 248 19 152 382 1179 1171163 -1 -1 0 0 0 0 7 7 7 8 7 6 6 2 5 4 0 0
"4b1e65a077644655" 24 4 460 14 51 231 80 74 1566 80 199627 249 798 11 8029 7088 711 90 2182 798 820 511 14805 2233 1179 1171164 -1 -1 0 0 0 0 6 7 7 7 6 8 5 3 6 4 0 0
"8f6560f2c7291683" 19 29081 80 5795 144 80 199627 90 184 41085 144 80 74 161 56 632 14 90 4 1179 1171165 -1 -1 0 0 0 0 8 6 9 7 6 5 5 3 5 3 0 0
"31c7aa8a863b4647" 24 425 304 4 153 43635 80 6 152 19 15407 80 199627 4 146 1513 14 19 1057 80 11 559 19 3737 1179 1171166 -1 -1 0 0 0 0 7 8 6 6 6 7 5 6 5 4 0 0
"b6ce5d6be4deb626" 28 192 4 12 465 24 80 249 104 60 1030 30 5032 199372 199627 158 4 251 82 80 4 71 20 747 19 3002 90 38446 1179 1171167 -1 -1 0 0 0 0 6 7 7 6 6 6 7 1 4 6 0 0
"3fd62ed8a72ca2b4" 24 119 743 153 43 60 1483 102 80 83 150 782 199372 199627 2449 150 1891 80 277 19 630 60 70 804 1179 1171168 -1 -1 0 0 0 0 7 8 7 8 7 6 5 4 4 5 0 0
"ca6ce5d795d9b1f3" 33 70 406 30 39 80 16520 231 192 2157 80 199627 369 944 20 348 761 80 249 807 408 43568 80 199627 2441 14 6276 158 103 112 475 369 7842 1179 1171169 -1 -1 0 0 0 0 5 7 7 7 6 7 5 3 6 6 0 0
"cbde02c9ba35168f" 23 425 150 7064 1532 80 382 246 1548 44 1093 80 199627 369 166 119 103 253 80 369 1596 550 33 1179 1171170 -1 -1 0 0 0 0 7 9 7 8 6 5 3 2 7 4 0 0
"7c8e061e24002942" 27 330 996 3533 53 770 80 277 19 212 770 89 80 199627 249 184 1267 2919 24 80 1747 90 8190 90 638 271 3343 1179 1171171 -1 -1 0 0 0 0 8 6 9 7 5 6 2 7 4 8 0 0
"b86eceda3a33a382" 26 199374 68 25738 174 823 80 297 4180 166 4758 80 199627 249 120 14 1426 4 80 11 161 206 80 2203 51 8871 1179 1171172 -1 -1 0 0 0 0 6 7 8 7 5 6 5 3 6 4 0 0
"6f884069a215a780" 28 61 391 1425 19 20 271 4930 80 271 40423 80 271 33 11437 80 199627 249 1112 184 1267 283 245 6541 80 245 5088 8605 1179 1171173 -1 -1 0 0 0 0 9 8 7 6 8 7 3 7 8 5 0 0
"b9909ddb1f94e491" 28 4180 255 10721 53 14 80 2348 1525 14 89 199627 10156 146 1069 14 51 972 80 369 11709 80 369 22 3757 80 369 4202 1179 1171174 -1 -1 0 0 0 0 7 8 6 5 4 8 4 2 3 3 0 0
"e67d17af5af7a0e0" 29 184 234842 42 44 154 5410 1093 80 234912 259 80 15405 4461 1081 80 199627 249 184 229 127 206 36 154 80 184 11 590 35173 1179 1171175 -1 -1 0 0 0 0 8 6 9 6 5 7 2 5 4 4 0 0
"37a4cfe0ebab2872" 31 352 102 14 200449 16520 340 90 5888 80 17 102 603 1232 10095 80 199627 330 166 4758 382 80 807 1745 80 369 127 382 80 74 4837 1179 1171176 -1 -1 0 0 0 0 6 8 8 7 6 7 6 4 8 5 0 0
"b39a8bba39196e36" 42 70 297 4153 10721 53 14 80 106 102 4556 83 28 24 80 199627 119 743 563 153 43 60 1483 102 456 550 102 154 199372 199627 369 7 19 3569 80 369 944 20 348 761 80 3626 1179 1171177 -1 -1 0 0 0 0 8 5 7 6 3 6 1 4 2 9 0 0
"1ae00c5575742249" 50 28 4180 12 1320 80 185 369 229 74 4044 77 30 521 706 80 199627 249 58 330 13 14 4522 90 12 465 24 90 185 28 646 80 199627 369 229 127 206 36 154 3645 80 369 944 20 348 761 80 344 28 5432 1179 1171178 -1 -1 0 0 0 0 7 6 8 6 4 7 2 5 5 4 0 0
"6d8fc31b4f40b14b" 46 13483 255 2348 1525 770 89 80 1081 770 80 2432 770 44 1035 80 199627 119 743 563 153 43 60 1483 102 456 184 9163 49 297 10583 199372 199627 61 391 1425 19 20 271 3569 80 271 3791 80 271 345 1179 1171179 -1 -1 0 0 0 0 9 7 6 5 7 5 3 7 9 8 0 0
"4bbb50aaef08b435" 47 4 215 293 154 1781 48585 80 1767 127 51 1208 490 80 5375 1749 80 199627 249 330 996 3533 53 770 80 484 19 855 80 484 19 6919 80 199627 798 185 798 7 245 511 14805 80 798 590 212 770 2370 1179 1171180 -1 -1 0 0 0 0 8 6 7 6 5 6 2 7 5 9 0 0
"3b19ed66c9c0f85e" 48 475 4 68 80 22819 199372 4 68 2157 174 722 80 184 928 4 80 199627 249 369 944 20 348 761 80 184 1267 7846 80 780 11603 80 199627 90 184 41085 144 70 30 3257 8969 80 425 1334 24 19 271 33 1179 1171181 -1 -1 0 0 0 0 8 6 9 6 5 7 3 6 6 8 0 0
"1c16a0b7bddba193" 52 10156 146 824 178 28 908 80 28 4572 80 330 11 12 1525 14 89 80 199627 249 16520 1590 83 28 782 80 83 28 1891 80 15405 28 29 128 80 199627 4 153 16520 139 174 108 36 154 80 199375 2995 549 80 369 22 5640 1179 1171182 -1 -1 0 0 0 0 7 6 6 4 4 6 5 2 5 5 0 0
"f5cd98ddc0e241d1" 53 330 146 1513 14 559 19 4436 1057 80 559 19 3824 80 559 19 3177 80 199627 1514 330 255 484 14 11907 369 229 1030 60 80 369 22 3824 80 199627 369 166 119 103 253 80 369 22 120 603 636 14 80 5824 14 28 29 5213 1179 1171183 -1 -1 0 0 0 0 8 4 7 5 2 4 1 6 2 9 0 0
"0e93427c97dbd580" 31 425 4 171 13 14 80 16520 4016 102 51 3056 80 199627 200449 369 390 174 396 80 16520 139 174 108 36 4 80 4 11 51 4801 1179 1171184 -1 -1 0 0 0 0 6 3 7 4 3 5 5 2 4 6 0 0
"2df7126c3f6316c1" 38 369 492 42 28 34 80 16520 590 707 4 103 206 80 199627 119 2013 563 153 43 60 1483 102 80 199627 19 453 150 7064 1532 80 229 74 3428 80 11 28 13415 1179 1171185 -1 -1 0 0 0 0 6 8 8 7 6 9 6 4 2 4 0 0
"6b0d8785755713a6" 25 4 1267 8190 80 89 90 5248 80 83 150 782 80 199627 127 382 44 28 14433 80 90 352 234840 11 1056 1179 1171186 -1 -1 0 0 0 0 7 6 9 7 7 5 6 5 6 3 0 0
"593e0bd09ce7590d" 37 330 996 3533 53 770 80 249 330 166 2346 770 80 184 4300 80 199627 174 396 77 103 5173 80 12 212 14 36 51 1895 80 199627 603 14652 80 127 14 11168 1179 1171187 -1 -1 0 0 0 0 8 7 9 8 7 6 7 5 6 4 0 0
"37d0fed621a765c5" 32 12292 1683 60 80 127 1957 231 28 490 80 199627 90 184 1081 23758 997 23758 80 330 255 12 2432 199627 11425 14 80 249 369 229 6802 208 1179 1171188 -1 -1 0 0 0 0 7 9 8 7 6 7 5 5 5 4 0 0
"b689441546ce5308" 38 352 1310 330 996 4176 80 249 330 112 11 32522 80 199627 425 4 171 13 14 80 16520 7399 44 1744 2425 80 199627 249 199375 20 2441 5269 80 70 406 30 39 761 1179 1171189 -1 -1 0 0 0 0 5 8 9 7 6 7 5 6 7 5 0 0
"e39360836d78646a" 36 768 51 476 3478 6096 76 848 83 154 1351 1044 80 199627 7088 711 80 16520 280 10174 80 344 559 550 1267 20 80 199627 90 11 35173 80 249 234862 119 14 1179 1171190 -1 -1 0 0 0 0 6 7 8 6 6 5 3 5 5 3 0 0
"5882e9e258747515" 37 4 460 14 51 231 80 102 16520 83 31 77 30 39 80 199627 7088 711 80 16520 227 11459 80 4484 90 15677 80 199627 352 629 408 43568 80 249 807 28 915 1179 1171191 -1 -1 0 0 0 0 8 8 9 8 8 7 7 6 8 6 0 0
"887ebdee0e49daf0" 53 12292 1683 60 80 344 11 559 369 119 80 199627 768 51 476 3478 6096 76 848 83 154 1351 1044 80 229 74 9540 80 199627 4 215 293 154 1781 48585 80 249 369 11 293 382 10932 80 199627 352 1895 768 222 80 36 14 97 621 1179 1171192 -1 -1 0 0 0 0 6 9 8 7 6 8 6 5 7 5 0 0
"f04e3ff67b0f71b2" 51 425 304 4 153 43635 80 234862 283 154 4181 80 199627 158 4 251 82 80 4 1267 453 51 7438 80 199627 127 382 44 28 5139 80 90 352 153 16520 30 340 2565 80 199627 229 234836 1829 80 70 3155 80 369 232 60 340 1179 1171193 -1 -1 0 0 0 0 7 7 9 8 7 6 6 5 6 5 0 0
"f5b6c1b28f41d1ec" 38 10156 146 824 80 330 11 12 481 770 89 80 199627 90 120 1957 13 4 4522 790 80 1531 150 908 425 80 199627 283 245 5088 80 6 120 8 1818 1525 4 89 1179 1171194 -1 -1 0 0 0 0 5 8 7 6 6 5 5 7 8 6 0 0
"3827d658ca0923a5" 43 249 848 104 74 161 28 7661 80 16520 161 77 51 960 80 199627 90 5888 80 70 297 4180 32 804 80 199627 369 11709 80 249 16520 808 1718 3274 80 199627 22 120 1620 1015 14 16520 1262 1179 1171195 -1 -1 0 0 0 0 4 7 7 5 6 5 5 6 6 4 0 0
"fd62bb175c78df38" 44 285 369 1080 1743 506 80 559 330 904 19 3598 14 80 199627 10156 146 824 80 330 11 12 638 14 24 80 166 4 13 80 199627 90 11 35173 80 249 234862 119 14 80 1057 28 275 4022 1179 1171196 -1 -1 0 0 0 0 4 8 6 6 5 5 5 6 8 6 0 0
"515e021ef1041602" 26 184 70 251 245 117839 13940 80 352 629 408 43568 80 199627 3251 14 36 28 5601 80 369 240 1208 19 285 4743 1179 1171197 -1 -1 0 0 0 0 5 6 7 5 4 4 5 6 5 3 0 0
"b9c1f6b7198ea025" 30 747 36 30 1183 80 21881 28 490 80 199627 4 460 14 51 231 369 166 3596 80 199627 1105 14 80 61 90 1081 20399 80 7203 1179 1171198 -1 -1 0 0 0 0 6 8 7 6 5 7 6 5 7 4 0 0
"da25cf5ba652442b" 24 1015 14 475 4 68 22819 80 425 150 7064 1532 80 199627 174 396 77 103 5173 80 425 16520 1110 386 1179 1171199 -1 -1 0 0 0 0 5 7 8 6 5 6 5 4 4 3 0 0
"bbf389d8c7774379" 25 158 798 299 136 798 2505 14 80 369 166 119 103 253 80 199627 603 14652 127 28 1964 4899 80 166 2630 1179 1171200 -1 -1 0 0 0 0 7 9 8 7 8 4 8 3 4 2 0 0
"7ab62512640c3c15" 24 90 184 1081 23758 80 60 229 5888 80 199627 330 996 3533 53 770 80 82 451 541 80 154 229 279 1179 1171201 -1 -1 0 0 0 0 8 9 9 8 9 5 2 8 6 9 0 0
"ed8f6be6358081ce" 25 12292 1683 60 80 146 1513 14 19 1057 49 748 80 199627 120 14 879 19 286 161 206 80 453 286 421 1179 1171202 -1 -1 0 0 0 0 6 7 7 6 7 8 3 4 5 6 0 0
"139e02e9b7664230" 24 150 61 80 150 61 80 150 61 80 192 5730 80 199627 4 12718 150 4364 44 28 246 80 166 3603 1179 1171203 -1 -1 0 0 0 0 9 8 8 7 8 7 6 3 9 4 0 0
"f6df201b53312a8c" 23 474 89 30 14418 44 28 2012 440 80 199627 114 184 208 24 19 30 206 456 271 61 391 2237 199372 1171204 -1 -1 0 0 0 0 10 7 8 7 8 3 5 4 7 6 0 0
"ffd2eec87323f6af" 22 4300 83 51 1557 80 120 60 212 4 849 80 199627 4362 879 80 344 30 867 77 30 621 1179 1171205 -1 -1 0 0 0 0 7 6 8 6 6 9 4 5 7 5 0 0
"c194d1d9ebf9e037" 27 249 17 511 513 4 80 283 154 30488 24 83 2937 80 199627 4 558 212 150 1268 80 6 120 60 20 51 6854 1179 1171206 -1 -1 0 0 0 0 8 6 7 7 6 7 3 6 6 8 0 0
"16e8218367391783" 23 492 129 4692 80 166 563 1312 1167 80 199627 200449 4 166 1312 14 80 1334 1084 13061 80 279 1499 1179 1171207 -1 -1 0 0 0 0 9 8 8 5 7 6 5 7 8 8 0 0
"a3068f5ed0cd2118" 27 283 14 44 1716 80 550 51 4099 369 166 707 80 199627 192 4 153 154 369 127 2272 80 61 104 43 369 1829 1179 1171208 -1 -1 0 0 0 0 6 7 6 4 5 6 8 2 3 4 0 0
"ad3e19ce93557482" 24 90 4 114 228 51 27583 228 80 7427 80 199627 249 456 4 13 14 4522 80 860 2551 4 996 1745 1179 1171209 -1 -1 0 0 0 0 6 7 7 6 7 9 5 4 6 5 0 0
"78778aa4204db3f8" 19 352 394 14 352 816 14 102 243 6304 80 199627 90 257 859 742 271 29 30918 1179 1171210 -1 -1 0 0 0 0 8 8 7 7 8 6 8 3 8 6 0 0
"468f4d0c81d0a9fc" 21 119 4 112 96 19 630 474 425 199372 199627 28 915 104 174 613 80 166 4 13 559 199372 1171211 -1 -1 0 0 0 0 7 9 6 6 6 7 5 3 9 3 0 0
"394388d58bfb463d" 22 28 3172 127 4 231 52 90 2594 80 199627 518 242 369 40323 199372 291 80 369 242 30 4364 1179 1171212 -1 -1 0 0 0 0 9 8 7 5 6 7 6 8 5 8 0 0
"6d175dc8c4089fa4" 23 24 456 4 2585 14 80 4 996 192 5730 80 199627 28 783 57771 80 425 8882 89 83 103 2651 1179 1171213 -1 -1 0 0 0 0 5 6 5 5 6 5 7 3 4 5 0 0
"4fbb2bb0f16ee1eb" 21 1334 590 779 60 42 44 11757 80 199627 10137 150 2091 89 80 4 558 212 150 1268 19611 1179 1171214 -1 -1 0 0 0 0 8 6 7 8 6 7 5 4 3 4 0 0
"f50297e34f6b8b70" 24 915 80 4 2458 30 634 80 6 7538 36 878 80 199627 4 114 119 60 80 200450 283 257 80 3250 1179 1171215 -1 -1 0 0 0 0 9 8 7 9 8 7 5 2 8 2 0 0
"6c4f902d87b86c98" 21 915 80 465 154 2091 36 14 161 206 80 199627 1138 997 2995 4126 80 1334 227 44 13415 1179 1171216 -1 -1 0 0 0 0 7 6 8 6 7 5 6 2 3 2 0 0
"c60d5cd264026cb6" 27 2644 44 1342 19 33831 80 859 232 150 646 1366 80 199627 3037 3037 3037 3037 3037 80 16520 30 5119 3884 80 199375 3824 1179 1171217 -1 -1 0 0 0 0 10 9 7 7 8 6 6 4 3 2 0 0
"4c04cf765b01da04" 20 6 4 153 4 166 2505 49 30 4044 199372 199627 4 146 967 80 255 3600 80 5696 1179 1171218 -1 -1 0 0 0 0 8 7 6 7 7 8 5 8 4 6 0 0
"df2eaef26d6f2fa7" 26 150 61 80 150 61 80 150 61 80 550 510 80 199627 249 28 246 4539 80 200449 4 166 1312 14 80 3884 1179 1171219 -1 -1 0 0 0 0 7 8 8 6 7 7 4 2 6 3 0 0
"6956df01bc3c91d6" 21 200450 4300 83 103 1557 80 24 44 206 80 199627 114 184 208 24 19 456 4 996 1745 199372 1171220 -1 -1 0 0 0 0 9 8 7 8 8 7 5 2 8 3 0 0
"2d82b61162126943" 48 369 114 96 70 30 4183 90 4275 174 80 199627 249 60 9405 279 200449 369 6 96 4 1179 199627 90 4 114 228 154 3168 228 80 199627 1031 352 6638 14 352 816 14 102 243 6304 80 270 28 246 44 13412 1179 1171221 -1 -1 0 0 0 0 10 9 7 6 8 7 3 2 9 2 0 0
"b723d24d527d07a6" 45 4 153 16520 51 492 129 80 3919 80 199627 192 4 153 369 127 19 96 60 70 80 2539 1179 199627 90 425 330 70 185 150 646 44 2599 80 199627 249 4 1043 150 972 80 425 550 11 15582 1179 1171222 -1 -1 0 0 0 0 9 9 7 8 8 7 6 4 7 5 0 0
"72cc84f8bff5c873" 25 119 4 112 96 19 630 192 657 80 28 7427 199372 199627 166 184 32 90 232 3470 80 232 103 779 1366 199372 1171223 -1 -1 0 0 0 0 8 8 7 9 8 7 3 2 9 4 0 0
"73f9012e9ff4ce2b" 28 227 275 102 1334 148776 80 1409 154 4275 199627 249 158 4 632 90 967 80 551 511 19 8405 80 421 43 16520 2348 185 199372 1171224 -1 -1 0 0 0 0 7 7 7 7 8 6 6 6 5 8 0 0
"9238c0980866f670" 26 16520 11 51 4300 83 103 1557 80 114 184 1082 24 30 5305 199372 199627 425 234878 5059 150 646 80 30 226 1782 1179 1171225 -1 -1 0 0 0 0 8 7 7 7 8 6 3 2 7 3 0 0
"92f765e850f7b347" 38 16520 30 5119 3884 80 166 74 161 2346 14 425 199627 127 14 2139 44 150 61 80 2539 915 80 559 199627 114 369 32 76 77 1716 80 456 807 28 6304 44 6398 199372 1171226 -1 -1 0 0 0 0 10 9 7 6 8 7 6 2 7 2 0 0
"2b3a7ea9e721327c" 31 4 114 228 70 4 251 80 249 173 27583 80 51 4635 199627 456 4 996 231 14 80 425 16520 30 161 227 44 103 94868 80 12927 1179 1171227 -1 -1 0 0 0 0 9 8 7 7 8 6 3 2 5 3 0 0
"2cd53c20ffa616d3" 26 257 859 2502 44 70 297 54968 199627 28 915 80 352 8228 80 90 184 11 1267 283 257 80 4107 70 54 4174 1179 1171228 -1 -1 0 0 0 0 8 8 6 8 7 7 6 6 8 3 0 0
"9231e4a35e9ad3cc" 25 4 996 11 28 783 57771 80 425 4 127 14 17914 199627 4 119 60 102 74 161 1499 80 630 14 12877 1179 1171229 -1 -1 0 0 0 0 9 8 7 7 7 7 4 2 4 3 0 0
"b33d0b4452c83ba3" 33 184 136 6808 19 33831 80 249 369 390 1767 227 9180 199627 4 12718 150 4364 80 425 550 206 19 208 2370 80 24 19 30 31 77 30 6946 1179 1171230 -1 -1 0 0 0 0 8 6 9 6 7 7 2 7 5 7 0 0
"37472510895ad2a6" 34 330 153 17 19 2505 49 30 4044 80 16520 4177 80 161 2967 1630 199627 492 129 80 4692 80 90 184 389 20 18227 83 154 4010 44 3783 234913 2202 1179 1171231 -1 -1 0 0 0 0 9 7 8 7 8 6 3 4 6 3 0 0
"8c1e53ee87f155a3" 25 369 106 30 3404 2549 144 28 15374 199627 509 369 1895 89 30 14418 80 6802 28 4362 879 80 56336 297 3370 1179 1171232 -1 -1 0 0 0 0 7 7 9 7 7 7 2 5 4 6 0 0
"75d40631a866dd54" 35 330 146 967 19 30 1818 369 1343 80 11 232 17779 8 259 199627 30507 4097 80 249 4 1267 465 60 36 14 161 206 80 200450 208 72 30 1364 176 1179 1171233 -1 -1 0 0 0 0 6 8 8 6 7 7 3 5 4 6 0 0
"c97c54d3b3706142" 37 4 146 11721 14 80 1540 369 255 1598 406 199627 4 255 27 51 139 19 3600 80 425 550 206 19 208 90 283 154 129 4 2458 80 915 4 457 30 5228 1179 1171234 -1 -1 0 0 0 0 6 8 7 8 7 6 3 5 8 7 0 0
"bb9f25469ffb70a1" 32 150 61 80 550 102 51 7534 80 166 283 527 80 22 120 60 208 199627 249 4 80 28 7427 80 566 1030 511 513 97 1138 768 1779 1179 1171235 -1 -1 0 0 0 0 8 6 7 8 8 6 3 4 9 8 0 0