"d0d98a54e956f612" 93805 8919
"6d10729cce04dfe6" 139900 122403 117162
"232352186573b58b" 20695 129562
"840b4e46ce9f6211" 39342 98110 55291
"f5e6f4a2887b154e" 11014 19943 66597
"86d77c02f73e6a5d" 68366 65960 98009
"e653d59474255630" 75799 48918
"0c001d9113dc57c5" 124721 125429 93805
"d4e96bd398748be4" 134312 32344
"4768da8b16e368cd" 5968 106999
"140dc9e2440ab3a2" 125429 122403
"46507b50eec456e8" 49693 98110
"d541c2032d5e7696" 35685 13199
"2d8dd50105249e53" 106999 129562
"3220d8b83a6166f7" 69437 69455 33234
"a470514b9fc936b0" 36616 127093
"4d2d70ca0aa4872d" 69473 127093 183377
"e8f0743fdc9ef972" 35685 74892 159612
"2d77ba940cc11fec" 141919 33234
"a996230b20f79fd0" 141352 66597
"cdba8703866f3f13" 66594 147733 5968
"c009419646803263" 139900 68366 124721
"36fccece90f8ff4a" 20695 13199 141352
"51d11644e60930f4" 105080 185767 98009
"ad4c97ac186e752f" 35170 32344 19943
"e1c0c27d3ca01c0c" 117162 98110 127093
"0f8b8baa37d8047b" 5996 48918 69437
"14926f9c42e4a300" 55291 49693 74892
"377fc0f3c671ad01" 66597 75799 33234
"1499e53a1fb0c8c4" 65960 134312 36616
"ca48421e4987f8cc" 185767 69455 69473
"1012f5e06e2a48b9" 106999 141919 48918
"afd4c965be8e8986" 35170 13199 159612
"7afcc49594f0790b" 183377 69437 74892
"530f2c6d66e58858" 36616 69455 69473
"f2df7bfea306352f" 129562 75799 183377
"98935fc772ddd004" 139880 8919 93805
"9abbe7660b062365" 104115 122403 39342
"5315bb1e531b82f3" 151388 65960 141352
"1e398152a85b3a6e" 159159 11014 55291
"d0c50a164a3bf627" 147733 134312 141919
"a18cca407e7f820e" 139900 35170 55291
"7f20030cc8cf361c" 19943 66597 68366
"2467ee6e840f2a6f" 124721 185767 35685
"3921247ed4ead307" 98009 125429 32344
"95ec95c29aa8cd4b" 74892 69455 69473
"99bf5931e671693f" 19553 14079
"e2fa9406968ece4a" 33648 10477 151852
"cab97471f92cb332" 42394 27399 127262
"e7517490a767f355" 186265 107816 65068
"a1a6a24a6cab164a" 8054 143940 161783
"97f5ebed5f29fed6" 132006 51866 74696
"43d5366343e3bae4" 23088 184819 116644
"6e35ed131acd8ea7" 142518 65520 60871
"df693ca70be21741" 78423 82343 9482
"8347da89b0832e0b" 85566 74703 5950
"66876f22378456c9" 149484 36447 5950
"088a487286b04fac" 156774 93595 89282
"e65eddc8d400992d" 124445 60246 75554
"10ef07ae35a46f8e" 33911 56117 117048
"defdcddb06744f75" 176285 144457 132106
"3ce88b1838b8f727" 16864 146678
"d245687bb48e73a8" 84429 95902 154121
"2a19ec729fa8a661" 110814 114557 92594
"796e00913acd7db7" 19960 402
"f7622032403c8f14" 40597 153270 141595
"258934f5c4b4f2ef" 81743 128546
"e7be8e9f5fac1efa" 90099 135162
"f1174e6e3385a8c8" 129041 136213 40780
"47706a8b7fe2d213" 5304 187055
"2af7e792ec14aff1" 160904 155981
"7551c8e21b14f1e0" 63957 171225
"1b49d9d2ceb89670" 672 182564
"2ca7858ed99cb777" 93066 178807 165908
"1ab4853a7da18506" 90791 102484 213
"37499bd37c21e05e" 134844 31972 15354
"f4fbc719df023107" 118468 128546 92648
"078b507d11a48bd5" 146678 34053
"b797410d30ee804a" 133266 116329 64699
"04680c776a98f2e7" 153270 136213
"2b140e0597cd00ec" 81743 92594 23224
"f7c424488797a1c3" 141595 90099
"70c4340ded55efb8" 135162 30824
"73ffd0f3162fa479" 15354 40780 160904
"d7f44fe78baebb00" 23224 5304
"a77c6e94ce425d03" 116329 65144
"d5f79c6dd0c6decc" 187055 155981
"c1fea8e21b14f1e0" 63957 95902
"dfbf4a8fd7722d0c" 720 402 15354
"d455f35a8ea2d9cf" 90991 114557 182564
"3cbc09f92ae10607" 16864 110814 102484
"7e366ee8222cfefe" 84429 40597 65144
"32d5d9bdecbdb121" 171225 154121 31972
"1adacbf72096503a" 128546 135162
"d63cdedf0547668e" 90099 136213 30824
"71238ee3a46a1bc3" 92594 213 64699
"98906a2af73d3c47" 129041 23224 187055
"b707eb78327668de" 116329 40780 34053
"601606db9784a1a5" 672 93066 141595
"777029f0effeb5e9" 90791 2467 92648
"33a5995002cc683e" 134844 19960 153270
"0b90605e120309e6" 118468 178807 5304
"a512688c309dbab4" 146678 114557 402
"5b0a4bd308400668" 110814 213 155981
"95adeb1abe01b7c0" 171225 153270 129041
"fbd1c53eb3c8a2fe" 81743 31972 64699
"f8fe9630e015ad47" 182564 92594 65144
"ff4a3a2349067190" 116329 65144 155981
"8ca98d3146c3c4aa" 159940 18023
"29d5bf370dd0fddc" 79711 78305 81893
"9584b061b1f186bc" 82480 48764
"7c79b8ab8cb57b09" 147657 81893
"247eaecb2db46254" 13373 183676
"1b3acc4a13a5f1c6" 44240 99166 108370
"b78f8fb2bc7e02ca" 28944 38206
"5caf05bde139aa44" 4885 27143
"75d1acae22bc352c" 143553 108366 124207
"9501972efe9ee7a7" 159444 45352
"467314658eba9b85" 11284 158707
"0df27547162df98e" 71751 105224
"efd07522cbcadf2a" 76220 159936 94553
"c9ba157140f68938" 152405 83870
"16920e0c5db62a17" 60491 173925
"4f9f0731c638f12a" 151972 82483
"08981ff51713ae70" 110142 29549
"2e4687062ac334a9" 90196 156209
"20b105ce10060386" 35501 106892
"56c852276e3da3a8" 59161 3699
"e73944387ba799d0" 62195 33018
"93df50d23835e8a8" 94553 27143
"bcf80bb2126164da" 158707 71751
"fb548721fedb0472" 44240 147657 156209
"e83480777149b19c" 124207 130302
"af37a8086d009fc8" 28944 76220 4885
"950d24abffc39f22" 51963 29549
"f20100ad864717b0" 78305 81893 48764
"43aecd5e428e7c80" 105224 79711
"7f51b66465aa6474" 183676 110142
"a1bf263f6c4b2fe6" 38206 27143
"c558a5db75266e15" 6886 143553
"5b4b9d3146c3c4aa" 159940 90196
"96bea5bcd4d50da1" 60491 108370 62195
"bd120ec4b08f595d" 99166 45352
"136a157140f68938" 152405 82483
"7be002e88ba1e621" 108366 159444
"eaffe3658eba9b85" 11284 13373
"63b5c802b137cf77" 106892 35501
"440da061b1f186bc" 82480 18023
"88508547162df98e" 71751 159936
"1602b0a9a5d2ecd8" 83870 60153 173925
"19adc9ff042dc34e" 59161 151972 3699
"6edd24abffc39f22" 51963 33018
"755d157140f68938" 152405 94553
"d007e9695177822e" 44240 78305 71751
"02ea966465aa6474" 183676 18023
"6c6854577ef55bf6" 28944 81893 106892
"4468e41b51663203" 117907 48800
"ab38e8fe57a889fd" 53556 183721
"b3d83419a2dbd0e5" 4980 157886 71352
"afa3ae99bf4154b1" 67628 150609
"32052c65dd2db582" 81388 46778
"02d739e98d2a8272" 143477 153218
"b350ff9879a45dcf" 44040 127554 130640
"78a76d167a4bfef0" 151035 50462 89733
"1e0d71757490b4c8" 57790 81230
"6f303d467c854226" 144657 144948 144336
"c2d99dd4cbd30dcf" 42827 187440
"b21f7879cdf80b7e" 36267 75087
"8187ed57766971b9" 26368 113579
"e23f550f8de9e5be" 83947 41490
"f33553f77da32305" 93905 135085 40948
"979fca33b6201713" 162493 86562 109105
"d45066a364adc78f" 144835 47673
"97a2610aa9776c5d" 71369 742 50769
"b34cb96512bd9598" 183569 158385
"58999879cdf80b7e" 36267 183721
"eb80f2073daed3eb" 26467 150609 162493
"0c41789a991f333a" 71352 151035
"baaefd7a40684dca" 39148 127554
"2d5bf9cc7ec23c3d" 75087 144948 57790
"3413ac6c7eaf87b2" 91498 113579 144657
"076698a58705f524" 19685 86562
"3856d6e80c146258" 53556 4980 153218
"ab8ae2c6fa11df43" 144835 44040 81230
"fed7a0b761df26d1" 187440 41490
"c1d0189250a42da6" 40948 42827
"06f040c23f77700c" 48800 158385 46778
"6c8773c734f93b84" 135085 130640
"b5d4432a3fc01e46" 93905 183569
"53de343abc6094be" 83947 144336 47673
"fc79fda90873d562" 143477 50769 81388
"27509e99bf4154b1" 67628 71369
"b818dd57766971b9" 26368 50462
"4e4fec3dd7c469b0" 39148 144948 36267
"4abf49d87d367422" 157886 183569
"bbb4d72e7cfb569a" 144657 109105
"1c5d6ce540581fe3" 183721 89733 742
"0f4d6b6e23f3c6a7" 26467 71352 40948
"52a348d0da42bf83" 187440 117907 143477
"29f325f0fec4c67b" 130640 42827 91498
"9154cf23a3d9507e" 150609 75087
"84c236ee7aa1930d" 742 135085
"5acde56ed2b7090b" 50769 47673 57790
"449698931f439a4b" 158141 14334
"d97c8d5f7d08d6bc" 179022 23912 177678
"0f549866c758e348" 6068 94334 35949
"75da170c64d94257" 7166 5252
"66097debe6337609" 166519 8948 39722
"948814e29247c0c9" 84259 61886 85695
"c353368a5319d2f3" 19202 20533
"efd6a9c3bffa601b" 160907 54825 173725
"d6257f6abea75991" 186865 88451
"82cf156bfbd31d56" 45472 66141 25030
"57eb019398b6a99e" 73582 179442
"0922d021c6b3dc5e" 56216 11816 118119
"945311e128bd5af7" 163589 183643
"8164fccdae2807c3" 40492 64716 39911
"d53aae742eb0ed12" 55027 5272 82929
"e71c5cbb05974cff" 6248 39113
"4612a011ffac3c61" 7929 47914 18712
"9f80605259a3649e" 103826 136866
"635e86595a223eea" 186865 14334 73582
"238b3591af912acb" 100784 63947 39722
"981252f203f3a7b5" 140446 163589 82929
"f9b0d9b790165969" 160907 20533 136866
"f9d7e7784b67bfbc" 179022 7166 179442
"7722c957ea030a43" 66413 120641
"9bc07b2fba099969" 103284 45862 42222
"b300ecd2f425302a" 79587 138887
"6445a95f04489c3d" 58506 151188 4575
"f26f8c2845d896ab" 7542 146500
"63328f31c2d56251" 161230 366 106841
"758065a96c7c97ad" 30903 4575
"0d5357a12db9e115" 163717 174926 98372
"4265515dec158e34" 120879 78315 172069
"8f96ee0d278b3925" 127354 11663 140706
"47e603b56557bf9f" 32301 178046
"760de3535ce93de5" 74477 2993
"c5eed74cc80bb0ce" 97730 111202 108807
"02d6b492c094f696" 187158 92693
"36eb69df9ef2b2cb" 71761 17049
"5636659dc50ba9a3" 176711 97437
"c01c371e68959cfd" 161980 46155 130712
"4462fa2eca60b29b" 103284 164595
"3a88ea4f78ad9065" 93344 187158
"1b9f21d1218da138" 43835 130712 106685
"103f2dca6e61d29e" 120641 108807
"1ceb04892845a2f4" 172403 141083 366
"8d07c957ea030a43" 66413 140706
"9645c045775621ae" 58506 127354
"713bfd37f4e5c47d" 92693 128857
"a45e37a388fbcb2d" 130712 172069
"fd7375f79ca81178" 79587 177123 103284
"f9187ec61edc11c3" 17049 32301
"cb936b7c552240da" 163717 174926
"65fb5047e81b1097" 140706 120879
"9912953345f72c8a" 97437 164595
"3b55ea2eca60b29b" 103284 111202
"76763f7c7727a2f1" 78315 46155
"50b1e21351e8551e" 71761 66413 127354
"f8fcb045775621ae" 58506 93344
"4c7167c369f3ac6a" 4575 98372
"d5fd87e29b3c27f7" 42222 11663 172403
"2330e54ab911e3c0" 151188 120641
"96930bc6017f7cb0" 178046 187158
"d1112c7363c01168" 2993 172403
"58009b5809e910d3" 146500 108807 106685
"60e241c6d474e597" 141083 106841 172069
"5b90659dc50ba9a3" 176711 74477
"9ef85d4dca102c1d" 120879 163717 130712
"d9404047e81b1097" 140706 7542
"c8130e37f4e5c47d" 92693 161230
"5a8f16cf9dadb82d" 33070 135266
"304f40f49b9d3f99" 117864 188660 155182
"58020f51c9a679f7" 8580 103054 132578
"5cff82feeca48491" 121183 26309
"6478a603ff277817" 169765 128871 68501
"89334c4037735c12" 45433 151755 121183
"0fb16cccca9ef363" 127246 52557
"bb5112e5988b73e7" 134762 154220
"2979727a57090c7f" 10085 117444
"383a926b63d6db76" 47214 40192
"52136bfe06fe1ced" 24749 166417 185738
"13a74fc8aeaae030" 55552 95172
"31ec2869d43760a7" 31466 28740
"0d92d3f597157274" 126436 62159
"73593fa9a3ddcb6e" 42855 46031
"a4b88fa65f28a6c1" 131009 163346 125742
"ab034d2d96e726cb" 34768 95677
"0a324a2bdbf30efb" 23515 160596
"4767507feb0d0735" 3753 94770
"fdb1ff5ae3632bcd" 2628 39934
"8800dda9b0f328a8" 68501 40192 132578
"3791930bbccb397b" 26309 121183 185738
"34c912e5988b73e7" 134762 188660
"5109198156d1be75" 112981 169765 103054
"ef5d4eff1a0e8988" 10085 8580 160596
"6f430dac329d5f9a" 125742 117444 23515
"b181df9bf9f792ea" 32202 52557 62159
"3936be5b64580e57" 135266 94770 127246
"9d8f0923cee8d152" 37140 117864
"f08c977ca119670f" 3753 28740 131009
"4536e539aa2f0a8f" 24749 155182 55552
"97b65fa9a3ddcb6e" 42855 166417
"ad32b26b63d6db76" 47214 138583
"e40df75536180a3a" 34768 163346 151755
"93417bf99b7ab788" 45433 128871
"e09326cf9dadb82d" 33070 151755
"3bb44869d43760a7" 31466 126436
"63f925fd3a4e598f" 95677 188660 95172
"f19e2b89d479c0e0" 125742 132578 39934
"c2de6766038f8558" 32202 2628 68501
"4ed4edbc98353eef" 37140 185738 10085
"b1462a2bdbf30efb" 23515 46031
"865b5cccca9ef363" 127246 26309
"594a92feeca48491" 121183 68501
"bed7457ecac191f0" 8580 126436 134762
"2ec5177d6e4baac0" 169765 160596
"74e0c3b09e75b1c3" 112981 135266 128871