"0bc24173ab43eed5" 8837 1263 56503
"218331f60f9a3ad8" 105664 72093 5968
"9d4ce7b5de1b2e6a" 53396 98024
"2d5e031d6a0cc166" 115077 92409 140247
"eca66d91bc131946" 186422 132387
"0214272129ee12a0" 147503 170896
"8c75c54e006dc0ea" 36403 123593 176223
"d6371dbf20cd222d" 142402 85542
"c04dd94e785359a1" 80988 21235
"5eee2f6f89190dd0" 1664 46833 66591
"01e4e1df9b94c79c" 137728 47779
"d471ac43c2ec5706" 185801 61035
"c1d11cf5dd6eee30" 158676 178099 183688
"15f9237d4675b01f" 89854 122750
"5d3d317b2a705575" 17153 121641 2190
"1bb18fcb139c44a4" 158390 162730 183456
"bb057278be7524b5" 137891 93767
"9b0bcc75bdadd39b" 116759 6753
"3eab2045b85dd89c" 178130 64332
"fa444c01b6940579" 99848 58074
"f3fb5932591c9706" 675 70859
"6e58d7a810fb5886" 82675 90978
"e98ef000d8f7f34a" 74876 21989
"1eff467682e305ff" 44888 69884
"215ec7470a5255a8" 119764 74977
"2b8c0e17f7c6ae87" 6891 171688 145342
"95261844a895b9f5" 71229 85651
"f6270e0e7978086e" 83211 48819
"5c0d5825da5815af" 13839 30421
"b945e21398c2b28a" 55273 83993
"8982cb8f5ca9454e" 91993 67952 119262
"b8ddb87fb8dc9f15" 59070 116984
"a5fa607a9644c86b" 82692 171449
"bdc62c95fcf94248" 19532 114834
"0528d92a8c773d31" 116992 150499
"78967195c900550a" 171897 112309
"58e08a96cfeb6ce4" 172351 153891 96542
"871103b8a9c675d0" 171550 5381
"ec7ade71eb020524" 134119 166886
"8d0f5a2f3250148c" 113980 60511
"233505f2168e4adf" 97056 53628 45309
"3e9cc4be456cf871" 105675 130844 16683
"9092e758dd84de15" 15305 86567
"3b40ca32dd7a2425" 62479 99523
"b5a2e23c73564a57" 46580 29860 138538
"1ef498420bccae02" 169461 172483
"37e305a9ffd811d6" 146602 127667 76697
"8027a7ff963e8d9d" 138519 150192
"a84e56411e4e2a60" 185683 64294
"941ff2d8174ec869" 165369 59895
"764910b59440d191" 58887 105695
"71d2b8edab7eb2d8" 37727 41495
"9488ecdda3684bf3" 98382 172902
"306a88b296f1b98f" 20312 104222
"3942bb9e66e75803" 156 138298
"63e5ac0364bfaa57" 47637 103032
"6b2d53408943bb93" 65502 61315
"a5afe2ac5d32edb3" 181951 80762
"7996aa90739065d6" 66573 110145
"583e76bf3875aeeb" 134013 47637 172902
"26cf93f1818eeae2" 29860 58887 138298
"18522b8134a9999c" 53628 46580 103032
"ffae3f6848458766" 113980 86567 105695
"b1a86cffa2465411" 97056 134013 76697
"20b740b303bbecc3" 185683 127667 41495
"fd13f333e19261bf" 80762 64294 104222
"fe56ae0750ea17ea" 130844 37727 138519
"0f230f825b76a828" 143686 178863 98382
"13ab63496cd12d8d" 105675 146602 172483
"c610d8050d2ee9fe" 105222 62479 138538
"fe109d1b6e6d433c" 16683 60511 150192
"a65883d01a5694fc" 47489 15305 61315
"ee10aeccfee04064" 156 59895 65502
"5e9b9652b74cfc4f" 165369 20312 99523
"033b347027e8d6b0" 169461 66573 110145
"094a6fbaf745dceb" 181951 45309 138519
"7f486713ac5082b4" 53628 138538 150192
"c69d1fdc0ef61533" 146602 97056 15305
"998d81ddce54b93c" 105675 64294 105695
"16b510c40d455ca6" 134013 130844 86567
"b973cee3f6f61e42" 46580 172483 41495
"2b53315b2dee9cdc" 178863 62479 60511
"64d444fedebe687d" 143686 16683 20312
"600e83f1818eeae2" 29860 58887 65502
"4b3463d9bb30481e" 99523 98382 138298
"48b34d790b28c835" 127667 66573 86567
"aeec3e2c02baee59" 114786 187395
"5d90b2aaa946a04b" 68849 113131
"49382c0d1a428400" 50459 131578 68934
"ef49e4d5b4eca199" 113018 99166 107365
"bc63723595e74fed" 176317 174725
"5e8b0e2c4875ecdc" 81448 137757 40955
"56ac0290e28261ca" 101306 15878
"dd99257140f68938" 152405 144863
"d0c0768577a1a969" 143498 52510
"b23be6121afbf71e" 126473 141323 145314
"231635b6599bf49f" 97062 30192 138531
"efff4b9d036f2e94" 153777 157524
"325bfdc5690b946d" 5025 164425
"996ec73df1975e2a" 32597 83611
"b0365adca152093e" 39009 49777
"40320c704ff2526e" 67164 119577 131578
"cf192ab27ca4e8d8" 139574 157524 164425
"17e973deae1e9c66" 50747 66753 81448
"eba6a1e6f905c5fd" 114786 143553 139574
"d280c2aaa946a04b" 68849 178243
"c42dae475b9d9c4e" 145314 97062 138531
"385b90e75924df3c" 67164 50459 144863
"697a23325a174e9f" 50838 92986 152405
"0a7e359b225de502" 7556 113018 164865
"6bb58630dd22ae9a" 99166 137757 97062
"9469315011c21211" 92664 68934 101306
"1bd47b20d6567865" 113131 187395 99166
"4d35d7138cf64fe7" 119577 126473 32597
"b482b835f401fa61" 40955 52510 164425
"abe32b4f74ea9970" 174725 141323 32597
"8c1468b9df8bc9cd" 96453 143498 30192
"46535258a927b0cd" 15878 157524 39009
"6723f74bd26620bd" 107365 40955 164865
"e3b3cc863b9c839b" 92986 143553 52510
"10d758eb1ae82479" 131578 176317 152405
"bed38c1eb101d4f7" 144863 145314 153777
"c48744bca2947473" 50747 81448 3592
"94ea60cff7c31901" 92664 178243 5025
"798a4311c414fa9f" 139574 138531 5025
"fb604ed3e19f83a8" 7556 66753 96453
"55c85a76c5fabc20" 50838 119577 164865
"f3d4d9cecc216c06" 187395 113018 164425
"8d1c1c3dcd5ada5b" 68849 97062 3592
"1a1f75198c5a1824" 174725 143498 126473
"7804a61d97ae79f3" 107365 153777 157524
"822e2a62bf45633c" 92986 101306 138531
"5f52b7996dfde9f2" 50459 15878 141323
"12e3172d18e7c7bb" 162539 103941
"c0b47bea9a370705" 5899 151459 12153
"6b5c6e7dc573ec1b" 73560 75473
"adc1f3c33aa3e88e" 110778 111352 64687
"ae0b3132e1a1cab1" 50859 114702
"e6e1b9d72e5ec588" 26902 91491
"828bafbe47bd60ba" 74218 8025
"6a4f169c9c4de621" 19089 35580 123608
"fecda3f933c611cd" 5899 130867
"39eb024a914be90f" 71277 179293
"bf1c1645f5b16d8d" 155196 151682
"84f32b714999df2b" 38217 166335 118619
"b903ae0cc1d21c3c" 76274 187748
"8a92e81911c8b999" 85048 150371
"eb7749c34e62c10b" 142306 12119
"9fed8d15243022e3" 15678 50662
"c96d4601bf118db1" 47519 19036
"8d3ec99a7d91e7f8" 23430 166765 128976
"d7ad73f983840f35" 35805 75159
"525f2cf27576ed8d" 158252 21594 15678
"950ce81911c8b999" 85048 188948
"5666793274586a2a" 135868 142306 23430
"113b5601bf118db1" 47519 75473
"021165cb32776d51" 137492 64687
"23b9c6bccd0e7010" 110778 91491 123608
"12c49f32ddec8da0" 38217 166335
"20cc0accea6502fc" 19089 111352
"8219ce23858ce4d8" 128976 19036 150371
"adf5f3bc387dd8a2" 187748 8025
"76191e98c49eca12" 130867 151459
"7beaf545f5b16d8d" 155196 15678
"0242f14a914be90f" 71277 74218
"63e279201826d477" 50859 106267 162539
"aedde6f473ee80ae" 103941 35580
"6aad9ff5c1109dde" 50662 5899
"7d8c6e7dc573ec1b" 73560 76274
"753beda9697f5fc7" 151682 118619 179293
"049073f983840f35" 35805 21594
"9197b9d72e5ec588" 26902 114702
"0072a69766bbf0f9" 166765 75159 12119
"efc6cf351c8bbb47" 12153 158252
"e94e5f346845a361" 135868 10405
"e97956b721d64cdf" 179293 85048
"271d0af3af669c40" 111352 166765
"8e4b33e954d16725" 106267 19036
"e27d63cb0d761dcc" 150371 188948 23430
"64771accea6502fc" 19089 155196
"1323c66a4c56d949" 135066 178293 96141
"4f1382014d5e2d13" 103015 41356
"577adbeab32e29c7" 86826 163468 176086
"9de59dfba0b61414" 145740 158096
"3f8630463ff37017" 99108 183730
"628575cf7433c2bc" 168482 100540 78431
"b8fc534b4c822021" 24153 62297
"e016f55fcca366b8" 5017 82604 9480
"938bd6ec1455f9c2" 159450 105274
"0476796adf3c8431" 14248 22603
"4c752b2f42a2be76" 160001 85770
"e2af328923338921" 93244 86709
"f783973185314a2c" 32348 56678
"651458eac1a9db5d" 33553 10700
"783c9b915282960b" 36834 100385 46751
"73bdbecd03954362" 111356 27646
"1ebf3121b9a5f91a" 185556 61104
"5e1a849de79da24f" 115571 55521
"82a181c07864cbd6" 33106 102131 119078
"f891e5730dc865af" 10476 119078
"8268df4dc62fcf2b" 135066 139128 61853
"cb35cddf37934bbc" 99108 160001 36834
"c4543a3b97262867" 73009 168482
"50e78dfba0b61414" 145740 100540
"05cdc0edcb3e35b5" 178293 183730
"a935f36d7cbce6bb" 41356 33553
"8acf502b5eb1dcf1" 86826 5017
"502882014d5e2d13" 103015 61853
"c849d6ec1455f9c2" 159450 96141
"1a15896adf3c8431" 14248 82604
"54311249fcbb08a2" 105274 56678
"0e1510463ff37017" 99108 46751
"72ffcf6578a54151" 176086 32348
"e16d37e282b90c1e" 62297 10476
"ad6a6f8382fe45e8" 86709 111356
"b1a030463ff37017" 99108 159450
"1036cf197307a6a8" 183730 85770
"118770110c0a7f96" 135066 33106
"a6d78dfba0b61414" 145740 100385
"0fc06a8d67694c76" 103015 41356 163468
"048ded943c5d110c" 55521 119078
"0d428414e737898b" 100540 22603 32348
"8cb29e7c1de7a11b" 167701 85770
"4c5892fdb7401505" 139128 158096 115571
"75ed4121b9a5f91a" 185556 119078
"989120149fabbede" 168482 36834
"71e0602b5eb1dcf1" 86826 9480
"bda8f59a7bce0c6c" 68322 4686 145770
"3f4a875eff823a7b" 52563 9103
"b248e08d9bcfed43" 76548 109194
"fc49fcb7dc662b5b" 6829 183129
"a06e28298be06b5e" 16900 62556 139249
"eb39605506e8ca9e" 152693 170272
"358132f85e247adb" 92187 49767 9276
"90c3d4237f44febf" 167235 171893
"c0b1f26910fa277f" 10039 43028
"d63bad4cba586255" 62916 155148
"ece41917d7b9f5d0" 153042 67895
"b261534d43ea674b" 107041 80472 30625
"422647fb9a7c56d2" 183129 179442
"6b7aa0c1a5ae394b" 94175 51766
"5f035af7dd0d67a0" 51623 98893
"37af45b012661e16" 4686 51197 55571
"9821caf81f5e6652" 183603 187077
"7970b9b54a383ebb" 145770 89416
"8a64dece435bdd93" 107597 120850
"14cff457a4bf938e" 165938 53194
"baa91e12c6ad07db" 107041 16193 141324
"168e875eff823a7b" 52563 26365
"b3709adc51941bb6" 9103 146891
"3137bcedf7ad21bf" 76548 4450 58668
"653b28fb1e4f7e71" 109194 49767
"9612422d79bf1403" 152693 92187 62916
"636b66ee9345bac4" 16193 9276
"a09f9b7787e5d859" 62556 139249
"3fc8b27fdf32625f" 51766 89416
"affd5e5e2f501f74" 30625 170272
"1fd02f73a30a9b40" 187077 167235
"aebc1d74c86014b7" 120850 55571
"e5cb8d4cba586255" 62916 26365
"8a02d3ea4f84e0c4" 43028 67895
"40bf37fb9a7c56d2" 183129 153042
"415871ece5b7ab5b" 92666 171893
"7c94a0f052d0973a" 51197 16193
"3cf44b53ffc30414" 68322 62556
"a18eb9b54a383ebb" 145770 146891
"4af7fabcbb95e13f" 107597 92187 49767
"814af457a4bf938e" 165938 30625
"caed975eff823a7b" 52563 89416
"ab685af7dd0d67a0" 51623 120850
"7a0f6adc51941bb6" 9103 10039
"309928fb1e4f7e71" 109194 43028
"b596f08f0b7bcf28" 65789 46236 128801
"0d9d0fca76a6381b" 132860 12791 2656
"ba9dd16f408f22cd" 46301 53189
"60d4ca49e22fb75a" 176042 37239
"c067eb049af33239" 163170 174629
"53c816869f50dee5" 134113 183021 143130
"94097ac8e42984ed" 4551 126977
"3c97fab5a1fb5f07" 144479 30896 46291
"f18ca437b18e756e" 8094 40189 1007
"d47fecf746b0f6db" 27538 30702 116876
"9ce7cd0d8d627d1e" 103513 92654 33065
"8948dc8172081c77" 15976 60899
"4c8396348cbed4f7" 170269 1950
"36b5c2639f4217d9" 41832 96711 155927
"7c8d609f97781fb7" 16300 76182 62548
"2327963c24149068" 2334 73675 58508
"f7c1748a0ca5a42f" 137166 173596
"eb8cca1fbd9a5bca" 124962 155927
"8a4c43938cebf4b8" 121595 38844
"d6cceb91e9240830" 46321 17039 121864
"5f0e685d836da560" 12293 15367
"94fa5d326de53814" 140730 184554
"3b8ddde2aa5bd170" 139633 36603 185170
"8b96aa9bb48bed9f" 31499 556 130288
"aebade95d5907746" 106834 140730 90893
"fca2aef14d361b4b" 139633 45157
"38f9a0fb15100cb7" 9848 39934
"bee4b32960889ba3" 87628 2642 129612
"e602769e6bba12a1" 53992 57145
"3293f495133f7ed0" 100950 131032
"4a855ad49b48fab0" 129225 43202
"0872e1afaeacde6c" 184465 49270
"340ed2b7cdca22ca" 145071 5683
"51fdfe41b2688720" 90806 184554
"61342e720410a54b" 91453 12293 166407
"fde73b6e436a2129" 62198 168496 6976
"01cda1ef385233a5" 6458 180273
"06652fad1a75907e" 62198 179660 179413
"757e20078890c99a" 106834 45157 31499
"92c49bb01afd7a21" 121864 3156
"988db8ddc744e516" 108521 15367
"79f8c32c068fdafb" 57145 12293
"897551e44cd1e374" 166407 36603 180273
"0fa9a6247070342c" 90806 9848 108521
"a043402648eec2b1" 556 90893 129612
"c71981b8edeb7708" 49270 184465
"313a0f2c62be87b1" 140730 53992 51896
"74b4bb12c393c71a" 100950 39934 2642
"92bf4a289738fab4" 70565 131032 121595
"fb834162a28597e6" 184554 130288
"cddd630327571e9e" 106834 184465 3156
"76fd0c877a803b8b" 105290 180273 166407
"96dceca2b8d86934" 43202 90893 70565
"f64df6ae87fcc48e" 179413 46321
"d3920b9a633b6888" 556 45157 15367
"fbbb2f07ea4528fc" 5683 36603
"372ae4485147f4e6" 121864 9848 105290
"28f4a9560f07b63d" 39934 145071
"3acade5ee467baa8" 90806 131032 38844
"0e001287ebb9cbbe" 179660 168496 36603
"0df58a119242148c" 166407 91453 17039
"f16ef76c40d0fc88" 185170 188680