"d7e1f7336af7402b" 24 106 30 1775 80 330 166 4758 30 4869 80 199627 290 185 330 251 5873 80 506 80 330 215 283 2651 1179 1171236 -1 -1 0 0 0 0 8 9 9 8 5 6 5 3 4 3 0 0 0 0 0 0
"6ed953052b6e87e5" 21 28 321 290 836 200449 330 127 74 748 80 199627 212 4 72 30 16887 80 453 4 2797 1179 1171237 -1 -1 0 0 0 0 7 8 9 7 5 6 3 5 2 5 0 0 0 0 0 0
"f16d54cec99563d6" 24 16520 4300 509 2505 49 28 23748 83 28 2462 80 199627 4 1267 535 150 2898 80 74 206 36 51 49431 1179 1171238 -1 -1 0 0 0 0 9 7 9 6 5 8 3 2 3 3 0 0 0 0 0 0
"093383e0a6d8a776" 22 369 127 154 107 154 961 4 106 226 80 199627 4 558 1895 51 6306 90 120 150 34 21715 1179 1171239 -1 -1 0 0 0 0 8 7 7 8 6 9 4 3 7 4 0 0 0 0 0 0
"25b56c6ed24273e6" 20 1024 80 4 558 112 283 19 153 14 80 199627 10180 1238 80 4 28 161 90 443 1179 1171240 -1 -1 0 0 0 0 8 6 7 8 5 9 5 4 9 6 0 0 0 0 0 0
"02ced2a7fa6730bb" 22 21804 80 77696 80 11 2894 44 30 1368 80 199627 369 1628 24 90 1629 28 4180 152 19 15925 1179 1171241 -1 -1 0 0 0 0 6 5 6 6 5 6 4 3 2 3 0 0 0 0 0 0
"9afe209a7b9ec8d8" 22 158182 158183 80 166 212 74 511 2602 80 199627 150 600 757 102 51 4164 80 1503 44 30 3397 1179 1171242 -1 -1 0 0 0 0 7 4 6 5 4 3 3 9 4 6 0 0 0 0 0 0
"28b79451974b89c9" 24 1093 861 44 30 1299 2597 80 6 7 8253 80 199627 158 206 391 1085 76 80 559 844 4 6044 4909 199372 1171243 -1 -1 0 0 0 0 6 4 7 6 5 4 5 8 3 7 0 0 0 0 0 0
"12e7e95777033a5c" 23 28 4484 4522 790 80 216 823 102 51 4284 80 199627 158 4 12 212 60 2988 80 199375 808 3822 1179 1171244 -1 -1 0 0 0 0 9 8 9 7 6 6 4 3 5 4 0 0 0 0 0 0
"cf599047370feaaa" 22 590 212 4 72 30 25039 80 76 77 2425 80 199627 2601 3444 80 859 208 70 621 90 1237 1179 1171245 -1 -1 0 0 0 0 9 9 8 7 6 6 6 3 7 4 0 0 0 0 0 0
"d742d5363d548a14" 25 1267 436 60 1608 80 212 60 72 30 4869 80 199627 158 16520 2348 20 30 831 14 80 369 166 20 2651 1179 1171246 -1 -1 0 0 0 0 6 6 6 7 6 5 4 3 5 4 0 0 0 0 0 0
"e4e307f7382050a8" 26 56918 30193 19361 68374 80 4 453 28 246 879 80 199627 330 378 5723 49 6729 80 456 330 13 770 1418 271 1146 1179 1171247 -1 -1 0 0 0 0 8 8 6 8 7 5 4 3 9 6 0 0 0 0 0 0
"44da3d57a40906ab" 24 3638 3638 80 1267 283 28 246 17500 42 80 199627 538 51 362 13659 80 366 1257 80 13 30 14805 8866 1179 1171248 -1 -1 0 0 0 0 5 4 7 6 5 4 6 6 4 5 0 0 0 0 0 0
"7f188c18838171de" 26 212 14 24 19 30 4366 80 475 369 407 42 80 199627 28 2462 83 82968 80 227 11459 80 293 14 51 27219 1179 1171249 -1 -1 0 0 0 0 7 5 6 6 7 5 6 4 3 6 0 0 0 0 0 0
"cd75eea7a59d6228" 20 4 1267 3002 90 782 80 535 150 2898 80 199627 2718 28 8729 80 860 146 20 172 1179 1171250 -1 -1 0 0 0 0 8 7 7 7 6 5 4 4 5 6 0 0 0 0 0 0
"55316b7df569de4e" 21 1057 49 3769 90 1819 80 344 28 12640 80 199627 90 222 823 102 30330 48156 80 6174 91852 1179 1171251 -1 -1 0 0 0 0 7 6 6 5 6 8 7 4 6 3 0 0 0 0 0 0
"d25a99a096638787" 24 1310 60 391 70 5730 80 102 51 2258 2484 80 199627 344 30 4208 42 44 30 2517 80 747 19 5573 1179 1171252 -1 -1 0 0 0 0 5 4 5 4 3 7 5 3 4 2 0 0 0 0 0 0
"fad567924fde1b69" 25 1267 32 6119 102 51 6301 80 6 942 150 139 80 199627 150 600 757 102 51 4164 80 1503 44 30 8473 1179 1171253 -1 -1 0 0 0 0 6 5 5 5 6 7 4 5 6 4 0 0 0 0 0 0
"5c55df780cab9e28" 34 2348 208 24 19 518 369 904 19 20 80 199627 4 996 11 14845 80 249 19 14 80 199627 344 52474 80 369 166 250 249 106 245 619 77 139 1179 1171254 -1 -1 0 0 0 0 4 3 4 4 3 6 5 4 3 3 0 0 0 0 0 0
"2115f728972795a0" 31 127 14 1138 72 154 149 80 199627 249 4 996 11 14845 456 4 136 4 844 20 49 14 80 199627 344 91723 80 550 823 19 1028 1179 1171255 -1 -1 0 0 0 0 3 4 3 3 1 3 5 3 3 4 0 0 0 0 0 0
"997dea696b79c81e" 19 173 255 44 28 16401 80 199627 90 16520 4055 36 788 1605 154 369 283 19 1531 1179 1171256 -1 -1 0 0 0 0 7 8 6 6 7 6 6 5 7 4 0 0 0 0 0 0
"1af07fbdf5c2afe4" 31 16520 231 102 51 25865 44 1138 4909 80 199627 249 4 114 808 27 14 44 30 3288 475 859 1394 756 30 1713 2437 80 544 408 4909 1179 1171257 -1 -1 0 0 0 0 8 7 8 6 8 7 7 6 6 3 0 0 0 0 0 0
"d6218419f0e1b813" 25 30 528 1531 249 369 22 120 603 44 6612 80 199627 200449 16520 227 25 51 4049 90 344 43 17565 14 544 1179 1171258 -1 -1 0 0 0 0 7 6 6 5 5 7 6 6 5 4 0 0 0 0 0 0
"b892c9fcfd86eac3" 40 1112 4 1267 1628 144 51 783 3397 80 199627 249 859 119 60 36 30 398 80 200449 1334 17 44 60 36 30 4275 80 199627 90 4 460 14 70 77 4 80 146 2659 811 1179 1171259 -1 -1 0 0 0 0 6 5 7 5 5 6 6 4 5 3 0 0 0 0 0 0
"0ce5ec6652319b4a" 24 184 114 11 553 80 2441 30 634 77 271 1902 9468 80 199627 2241 24732 80 859 27 271 139 144 103 1179 1171260 -1 -1 0 0 0 0 6 6 6 7 6 6 5 5 6 4 0 0 0 0 0 0
"280a4550b99956ce" 24 456 173 415 60 80 60 14896 74 25139 80 199627 102 369 391 474 42 44 30 104762 80 1564 36 8948 1179 1171261 -1 -1 0 0 0 0 5 5 6 5 5 5 6 6 4 4 0 0 0 0 0 0
"06841cd3d2c48d5c" 26 369 22 120 70 30 1733 1534 14 80 199627 199375 2934 4 144 60 80 90 120 30 5920 83 150 4211 2948 14 1179 1171262 -1 -1 0 0 0 0 7 7 5 7 5 6 5 5 6 3 0 0 0 0 0 0
"bbba338dc9169cb1" 32 119 4 12 208 633 80 119 4 12 3737 30 31 199372 199627 30 4044 77 3666 16664 709 224 80 199627 10812 42 30 11180 80 184 22 632 1179 1171263 -1 -1 0 0 0 0 6 6 6 7 6 6 6 6 6 4 0 0 0 0 0 0
"fa101d4e61b954e3" 33 158 184 212 30 206 19 6044 90 3754 80 199627 859 13 154 173 11 1218 77 14 80 199627 249 4 739 43 184 136 80 3856 290 229 27746 1179 1171264 -1 -1 0 0 0 0 5 6 6 6 5 6 5 5 5 4 0 0 0 0 0 0
"dcf56189c0c7a7a9" 37 352 14125 4 4355 80 6 1028 382 6248 80 199627 330 185 16520 51 621 849 408 28 18892 9382 234914 199627 249 74 11252 43 51 340 304 389 119 80 630 1957 11598 1179 1171265 -1 -1 0 0 0 0 4 5 6 6 4 5 5 6 5 3 0 0 0 0 0 0
"2a86e4604746bbd2" 33 199375 13505 4 19 51 914 80 453 4 780 253 80 199627 90 456 1151 35297 541 4 22306 80 390 973 223 4 2967 19 14 80 340 304 153 1179 1171266 -1 -1 0 0 0 0 4 9 8 6 5 9 3 7 4 3 0 0 0 0 0 0
"81e74940b4d1a4f6" 44 103 104 112 28 1447 867 80 550 68 83 17148 70 621 722 80 199627 90 369 112 61 88 80 229 279 1262 80 199627 563 238 352 61 51 304 44 51 88224 80 798 808 127 382 5054 796 1179 1171267 -1 -1 0 0 0 0 8 9 10 8 7 9 4 5 8 4 0 0 0 0 0 0
"09d3b4681a8f6287" 20 1877 83 1749 80 184 2990 2283 80 199627 127 245 206 19 7794 80 200450 453 382 1331 1179 1171268 -1 -1 0 0 0 0 7 7 8 9 6 5 3 3 5 4 0 0 0 0 0 0
"434590a8e891e31e" 27 28 129 68 15044 80 10027 70 621 80 199627 249 1767 808 150 129 80 192 6 3600 1179 199627 10618 1037 14 3378 11617 1179 1171269 -1 -1 0 0 0 0 0 0 0 0 0 0 0 0 0 0 0 0 0 0 0 0
"65955c62a552e4ca" 23 74 1539 559 1053 80 6016 808 1096 8 994 80 199627 192 6 5032 60 70 80 158 4 166 6081 1179 1171270 -1 -1 0 0 0 0 6 6 6 7 5 4 2 8 6 7 0 0 0 0 0 0
"102f6e089f7ae9aa" 28 288 44 30 34378 80 200450 212 51 1895 80 199627 3032 5083 44 80 166 1678 1179 199627 271 234888 5695 790 80 200450 17 56718 1179 1171271 -1 -1 0 0 0 0 7 7 9 8 6 5 7 4 8 5 0 0 0 0 0 0
"767b387d11ad7a2b" 20 234840 102 51 597 44 150 1022 80 199627 344 28 8107 77 4009 80 74 4932 36 4595 1179 1171272 -1 -1 0 0 0 0 5 7 6 5 4 7 5 5 8 6 0 0 0 0 0 0
"c24299459c49d4c2" 24 352 18217 382 275 36 4 80 550 33 80 199627 192 6 2364 51 1605 80 1057 621 25 621 80 12470 1179 1171273 -1 -1 0 0 0 0 8 8 9 7 6 5 4 6 9 8 0 0 0 0 0 0
"b797ec0bc616c93e" 24 70 28 290 80 330 234915 80 127 74 206 36 54394 80 199627 234916 192 308 80 362 20735 83 30 5568 1179 1171274 -1 -1 0 0 0 0 4 6 8 6 4 5 3 6 5 4 0 0 0 0 0 0
"4883cdfacd1e643a" 16 40195 379 80 184 1895 768 222 80 199627 290 71 967 80 6 3380 1179 1171275 -1 -1 0 0 0 0 6 5 6 7 5 5 4 3 4 6 0 0 0 0 0 0
"4bdfa698166ab4be" 18 32459 80 22 24 89 80 199627 808 277 19 1420 76 475 60 70 195 89 1179 1171276 -1 -1 0 0 0 0 5 5 7 6 4 4 3 6 6 5 0 0 0 0 0 0
"04b288f3afcdecdc" 21 184 114 119 103 257 80 344 51 6183 80 199627 74 1818 114 632 770 80 184 229 22472 1179 1171277 -1 -1 0 0 0 0 6 7 8 6 6 6 4 5 7 5 0 0 0 0 0 0
"31a76ce9d557f8b0" 19 127 28 4211 2348 8880 60 42 80 199627 330 293 14 11221 14047 80 166 283 527 1179 1171278 -1 -1 0 0 0 0 7 7 9 7 6 7 7 2 5 5 0 0 0 0 0 0
"3cd0dfece51d1e75" 20 1165 14 192 722 19 283 103 633 80 199627 1180 40216 80 166 632 80 1267 232 15492 1179 1171279 -1 -1 0 0 0 0 5 6 7 6 5 6 3 5 6 7 0 0 0 0 0 0
"571749e9ef70b0fa" 34 1024 80 369 112 7 4 80 6 4 13 199372 199627 404 4 153 30 226 1878 61802 49 14 199372 199627 90 16520 4783 80 166 4 106 60 80 1024 199372 1171280 -1 -1 0 0 0 0 8 9 10 9 7 8 4 5 9 8 0 0 0 0 0 0
"77564ac2343d4944" 20 276 231 70 103 711 330 1267 2952 36 199372 199627 19738 541 36 8948 80 66 30 1772 199372 1171281 -1 -1 0 0 0 0 8 9 8 7 7 3 2 8 5 9 0 0 0 0 0 0
"6b9091859d206dcd" 33 61 929 3374 80 184 146 6426 60 199627 344 11 30 139 60 104 80 344 28 962 199627 1183 14 406 150 3057 80 200450 13 43 103 2363 119 1179 1171282 -1 -1 0 0 0 0 7 9 7 8 7 6 8 4 9 6 0 0 0 0 0 0
"7b7101ab37059965" 23 3032 5083 42 83 150 275 80 166 4107 60 199627 6690 80 70 297 10095 1363 80 330 7 54394 941 1179 1171283 -1 -1 0 0 0 0 8 8 6 7 5 8 5 6 2 4 0 0 0 0 0 0
"a5939ae176106b4f" 25 16520 102 51 4638 80 25967 44 150 348 199627 11617 408 7400 49 14 80 768 860 35 83 150 2091 2844 7395 1179 1171284 -1 -1 0 0 0 0 9 6 7 7 4 6 3 5 3 4 0 0 0 0 0 0
"61baa662cd0ca0bd" 25 1334 6174 192 790 44 103 1051 39 77 2237 199627 90 352 1069 382 275 80 492 30 4063 6590 49 74 21079 1179 1171285 -1 -1 0 0 0 0 8 9 9 7 5 3 5 8 6 7 0 0 0 0 0 0
"14fb3abea82289bb" 23 16520 11 277 19 3177 80 227 621 25 621 199627 3181 26366 90 79 811 80 369 22 20 79 10664 1179 1171286 -1 -1 0 0 0 0 7 6 8 7 5 7 5 3 4 3 0 0 0 0 0 0
"069130eb05e48a74" 21 90 344 30 443 1146 154 114 1058 770 199627 249 30 234917 362 80 74 8723 80 174 15114 1179 1171287 -1 -1 0 0 0 0 8 6 7 6 5 6 4 8 5 7 0 0 0 0 0 0
"2dea28ddc094fb63" 25 71 1629 150 2967 80 768 860 35 83 150 2091 199627 12148 19 30 3387 80 40195 379 80 184 229 590 3617 1179 1171288 -1 -1 0 0 0 0 9 8 7 6 5 7 6 4 3 4 0 0 0 0 0 0
"442a635a40a3007a" 23 4 477 563 11703 30 7785 1657 184 14635 199627 184 30 10834 80 229 74 2891 770 80 859 255 4974 1179 1171289 -1 -1 0 0 0 0 8 7 8 7 5 5 4 2 4 7 0 0 0 0 0 0
"34e1729dcabe8568" 25 967 42 80 743 80 1267 421 43 369 185 199627 808 1564 80 277 19 27 475 184 2951 42 44 788 139 1179 1171290 -1 -1 0 0 0 0 6 6 6 6 4 6 5 6 2 6 0 0 0 0 0 0
"78ff0afa1944b654" 25 184 114 92 845 80 509 722 509 184 127 1231 1232 199627 90 150 4223 255 524 192 5730 80 344 74 1636 1179 1171291 -1 -1 0 0 0 0 6 8 7 9 8 5 3 4 7 8 0 0 0 0 0 0
"95905c481bd14013" 25 184 553 42 83 297 10270 997 23184 10211 80 74 748 199627 158 4 6 1028 80 4 7 8948 80 344 595 1179 1171292 -1 -1 0 0 0 0 8 7 7 7 5 3 4 5 4 6 0 0 0 0 0 0
"0dd7d160739fde58" 25 103 30 15729 16939 80 49 150 607 83 30 2662 199627 330 293 14 11221 14047 80 127 30 5889 2971 90 4706 1179 1171293 -1 -1 0 0 0 0 7 6 8 6 6 8 3 2 2 5 0 0 0 0 0 0
"cf03f46df18a3ea0" 41 353 49 51 4849 80 425 1334 44 61 36 340 80 199627 249 1767 808 76 15044 80 277 19 453 154 22793 80 199627 404 4 153 154 44 103 1878 80 550 70 178 30 1979 9011 199372 1171294 -1 -1 0 0 0 0 6 6 7 8 6 5 4 6 8 6 0 0 0 0 0 0
"eecb735dee9a9f28" 26 291 80 16520 8835 76 150 126 102 51 29624 80 199627 44 28 34378 80 10716 49 30 10834 80 166 637 16774 14 1179 1171295 -1 -1 0 0 0 0 9 8 7 6 5 5 3 3 3 5 0 0 0 0 0 0
"0f2d4c4fed55886b" 44 352 1069 382 275 36 4 80 330 229 563 1030 51 3890 80 199627 290 76 749 280 9056 1031 173 76 848 280 43040 80 199627 2505 26366 80 184 229 6802 88 1525 770 89 80 184 11 1258 1577 1179 1171296 -1 -1 0 0 0 0 3 7 6 7 7 6 4 6 5 6 0 0 0 0 0 0
"b3036f8449cede23" 48 369 232 1786 550 30 151 206 80 369 1015 1167 19 11617 80 199627 249 58 369 13 4 90 16520 192 4783 80 369 460 44 253 19 30 2602 80 199627 4 185 4 7 14 80 249 369 153 550 11 51 706 1179 1171297 -1 -1 0 0 0 0 4 6 5 6 6 4 4 4 3 3 0 0 0 0 0 0
"40012be02011b0bf" 47 70 28 290 330 4805 80 330 6 7 74 4274 520 80 199627 2967 76 77 224 90 5943 453 4 35 83 150 2091 80 344 559 60 573 80 199627 290 71 967 80 103 229 74 4635 80 6 3376 271 490 1179 1171298 -1 -1 0 0 0 0 8 7 9 7 8 6 3 4 2 2 0 0 0 0 0 0
"988018733f0adb9f" 45 4 166 2481 30 54674 77 103 275 90 182 1325 80 199627 249 30 5690 83 60 104 51 790 362 80 90 103 61 104 271 443 3453 80 199627 61 19 629 796 83 103 3162 80 74 7 36 17577 1179 1171299 -1 -1 0 0 0 0 8 6 4 6 5 9 6 6 8 9 0 0 0 0 0 0
"90e00aee55eddd6d" 38 2348 8880 60 42 80 249 103 4872 104 174 2144 80 184 1267 656 2988 80 199627 1165 14 192 722 19 283 19 103 6876 80 249 425 1334 5695 192 790 80 184 4523 1179 1171300 -1 -1 0 0 0 0 6 7 8 5 6 6 5 5 4 3 0 0 0 0 0 0
"2534432d0eb6e8c2" 46 369 112 7 4 1024 80 369 166 453 60 83 28 29 80 199627 456 173 406 80 369 283 32060 42 408 103 4553 4225 80 199627 1183 14 134 150 2363 80 212 14 19 150 39 80 199375 453 60 1662 1179 1171301 -1 -1 0 0 0 0 7 8 6 7 5 4 7 3 7 5 0 0 0 0 0 0
"fcd10649516dc27c" 52 276 231 70 103 711 80 1334 3847 36 271 3791 80 199627 859 20 6016 44 30 176 80 563 158 1334 44 271 8793 80 859 20 30 1981 19 6140 1957 80 199627 61 104 64 83 3274 80 550 51 4024 8655 80 24506 146 20 6779 1179 1171302 -1 -1 0 0 0 0 9 8 7 7 7 6 5 9 9 9 0 0 0 0 0 0
"49ad7d62f577161a" 38 4 153 154 61 391 146 3373 80 60 391 11 51 706 80 199627 249 1334 808 10716 83 80 15743 154 40195 379 80 199627 40216 49 297 1818 80 199375 146 20 30 1299 1179 1171303 -1 -1 0 0 0 0 5 6 5 5 5 4 4 5 5 6 0 0 0 0 0 0
"b31ef11a47b0dfaa" 47 369 2118 529 408 3753 80 550 70 199374 299 1662 80 199627 249 158 4 112 12 153 518 369 242 80 199375 1183 4 80 199375 453 60 1662 80 199627 150 304 229 1267 3589 80 199375 638 4 89 80 199374 650 1179 1171304 -1 -1 0 0 0 0 4 7 5 5 5 4 4 4 3 6 0 0 0 0 0 0
"19d83af24f4cec48" 57 798 2629 46246 466 8604 83 70 77 79 9811 80 2348 8407 36 30 4858 80 199627 90 16520 192 4783 77 14144 88 2173 80 369 153 1767 1418 541 798 114 80 199627 4 153 16520 808 277 19 27 475 184 195 1262 53 80 249 36 88 80 199375 255 41 1179 1171305 -1 -1 0 0 0 0 5 6 4 6 5 4 3 4 6 5 0 0 0 0 0 0
"f3db276b93550228" 55 848 229 279 4 114 185 80 1334 586 451 80 1334 2441 51 17768 80 199627 61 104 64 83 3274 80 166 637 632 770 80 550 161 77 770 80 199627 70 28 290 330 4805 80 330 6 7 74 525 80 5943 638 770 42 80 5943 6454 770 1179 1171306 -1 -1 0 0 0 0 8 7 9 7 8 6 3 4 2 2 0 0 0 0 0 0
"69a359d3582a773e" 47 369 76764 42 44 150 348 102 51 510 4638 80 199627 90 425 4 1267 2952 36 103 5730 1207 80 199627 4 136 4 892 14 80 506 749 369 242 80 199627 6 152 19 3569 80 11 460 44 19 30 7612 1179 1171307 -1 -1 0 0 0 0 4 5 6 4 3 3 6 3 4 4 0 0 0 0 0 0
"c11ebcc953ae3ae7" 41 11221 14047 80 330 153 518 369 242 80 199627 16520 206609 1749 49 28 5149 7612 80 199627 90 184 30 10834 80 127 4 44 51 3480 80 199627 788 2651 184 350 80 860 11 12 1394 1179 1171308 -1 -1 0 0 0 0 7 7 8 5 6 6 4 3 3 4 0 0 0 0 0 0
"387a111857e5ab2b" 25 718 38108 49 6881 80 166 637 632 770 425 80 199627 453 4 106 30 4869 80 13 30 7570 83 150 39573 1179 1171309 -1 -1 0 0 0 0 6 7 7 3 4 4 2 3 2 2 0 0 0 0 0 0
"416de98d21abf854" 43 369 394 4 17 19 2179 14 80 425 4 2952 30 6588 80 199627 4 11388 25904 80 484 19 481 4 44 51 6370 80 199627 2651 424 2091 102 28 646 104 34201 80 630 4 1899 509 5882 1179 1171310 -1 -1 0 0 0 0 6 5 6 4 4 4 4 4 3 3 0 0 0 0 0 0
"e3dd8e8f4f96f84a" 19 70 743 63 12 20 83 28 6876 80 199627 1514 1767 192 2144 80 330 12 23866 1179 1171311 -1 -1 0 0 0 0 6 7 8 5 6 5 4 2 2 3 0 0 0 0 0 0
"5ac696ff94570bcc" 26 158 4 12 2919 80 71 2913 340 959 80 199627 200449 199375 2651 424 2091 102 28 646 104 34201 80 12174 90 705 1179 1171312 -1 -1 0 0 0 0 7 7 9 6 5 6 3 7 2 9 0 0 0 0 0 0
"b44a3925f59cfc59" 19 103 2993 36 70 30 44017 5178 80 199627 456 4 13 14 17674 80 11 185 2241 1179 1171313 -1 -1 0 0 0 0 8 6 7 6 6 5 3 4 5 3 0 0 0 0 0 0
"2c1b368f56568008" 40 369 127 28 4934 80 166 637 638 14 89 80 199627 103 104 36 28 2098 137862 80 518 163 770 174 657 80 199627 369 12 216 4 11 19 13 158 4 106 102 51 21788 1179 1171314 -1 -1 0 0 0 0 8 8 8 5 7 4 2 3 4 5 0 0 0 0 0 0
"ff3072506dbc4508" 26 11 51 783 4196 80 184 658 20 44 11757 80 199627 4 71 1751 51 2389 80 1628 24 90 7501 42 150 13661 1179 1171315 -1 -1 0 0 0 0 6 6 9 6 5 6 4 4 3 6 0 0 0 0 0 0
"0ad939264aee53fd" 23 39072 80 2967 866 30 24061 80 199627 352 816 28 490 80 27007 25 32080 1179 28203 80 6392 90 5268 1179 1171316 -1 -1 0 0 0 0 5 8 9 7 7 6 3 4 2 5 0 0 0 0 0 0
"ed468645f5b98fc2" 29 4 200466 102 4 153 14 192 506 80 199627 127 51 16042 80 249 369 22 2976 90 1015 80 199627 743 36628 71 774 90 4179 1179 1171317 -1 -1 0 0 0 0 7 8 8 7 6 5 3 5 2 4 0 0 0 0 0 0
"387a3e8b5b15a2cf" 50 518 418 51 906 44 30 1121 80 60 391 14 80 199627 90 199375 481 4 44 30 363 80 6 152 19 4636 80 199627 304 80 2910 80 4 71 967 19 28 1818 80 199627 6 4633 49 14 80 860 283 43 4 2458 1179 1171318 -1 -1 0 0 0 0 9 8 9 7 8 4 3 8 6 9 0 0 0 0 0 0
"f7c74d022ed5c56d" 22 2167 68 44 103 706 80 550 2157 83 192 722 80 199627 90 184 808 2844 82 80 200468 3274 1179 1171319 -1 -1 0 0 0 0 6 7 7 5 6 6 3 5 3 4 0 0 0 0 0 0
"dbef006ebee065ba" 22 10211 166 4758 30 139 369 490 80 199627 330 166 119 60 102 14 80 74 511 1542 19 920 1179 1171320 -1 -1 0 0 0 0 7 8 8 6 7 8 2 4 2 5 0 0 0 0 0 0
"2bf61c0c49272fb4" 29 4 232 14 192 6504 80 102 51 783 3645 2688 80 199627 249 369 166 3571 4 80 915 80 173 102 51 7534 80 192 17461 1179 1171321 -1 -1 0 0 0 0 8 6 7 7 6 6 4 3 6 3 0 0 0 0 0 0
"16f46efc9be200a2" 33 158 4 212 150 61 849 408 14 80 199375 208 3273 80 166 4 13 199372 199627 90 807 255 1482 80 5868 80 277 19 283 51 463 77 14 1179 1171322 -1 -1 0 0 0 0 9 8 7 6 6 6 2 4 7 3 0 0 0 0 0 0
"157102fac01678b6" 23 16520 227 60 42 80 541 192 5730 80 199627 74 6947 19 3589 178 80 16520 83 30 782 80 13 1179 1171323 -1 -1 0 0 0 0 6 7 8 6 5 5 3 2 3 3 0 0 0 0 0 0
"7fd23006e9119df8" 23 199375 119 1750 60 1357 19 283 19 30 31 80 199627 499 1214 61 51 499 2098 80 330 166 632 1179 1171324 -1 -1 0 0 0 0 6 7 8 6 6 5 2 3 2 6 0 0 0 0 0 0
"63b48ab6b82c2c35" 31 739 352 195 24 19 382 129 80 249 369 229 3553 80 199627 369 127 28 463 80 1740 60 408 30 2489 80 74 7 36 7687 234918 1179 1171325 -1 -1 0 0 0 0 7 6 7 6 5 4 3 3 4 3 0 0 0 0 0 0
"fe4f4bd2341349b9" 25 184 17674 44 271 32891 80 231 108 90 4300 80 199627 2554 42 53 30 634 35092 80 1267 232 30 3002 1366 1179 1171326 -1 -1 0 0 0 0 8 7 7 6 6 5 3 3 2 1 0 0 0 0 0 0
"c7d1e2b01f45c14a" 24 74 511 1542 80 16520 586 83 30 39 80 199627 352 2182 352 816 30 139 369 490 80 28 2971 10611 1179 1171327 -1 -1 0 0 0 0 7 7 6 6 6 6 4 3 5 3 0 0 0 0 0 0
"2ffb456ac464e79e" 24 90 184 562 82 80 17815 60 42 1138 80 199627 4 114 1058 150 1741 80 229 74 7 36 51 910 1179 1171328 -1 -1 0 0 0 0 8 6 6 6 7 5 3 2 2 1 0 0 0 0 0 0
"e1d868b14252ee43" 39 369 185 369 127 28 4934 80 229 74 2891 14 425 80 199627 158 4 2913 55188 80 199375 1183 4 559 80 199627 499 1214 61 51 499 2098 80 344 11 559 184 283 89 1179 1171329 -1 -1 0 0 0 0 9 8 8 7 8 9 7 3 4 1 0 0 0 0 0 0
"0a0834aa5001df10" 25 743 36628 229 747 36 43 369 127 80 199627 158 369 234919 4469 103 51 2500 874 24 80 60 234919 68 2144 1179 1171330 -1 -1 0 0 0 0 9 8 8 6 7 9 3 2 3 2 0 0 0 0 0 0
"7c2a4f74867fc14f" 31 369 11 12 9289 4 80 71 1629 150 24 80 199627 10211 166 4758 30 139 369 3055 80 199627 39072 44 30 2902 80 229 74 1566 154 1179 1171331 -1 -1 0 0 0 0 9 8 7 7 8 9 3 3 3 2 0 0 0 0 0 0
"5693fa3ba9e93c80" 25 114 4 421 60 35 80 28 82 4194 1138 80 199627 74 6947 19 2952 80 231 102 369 114 2346 30 1121 1179 1171332 -1 -1 0 0 0 0 8 6 7 6 8 7 4 2 3 2 0 0 0 0 0 0
"b85b21a684fa667f" 28 184 229 16676 89 19 637 80 199627 590 2651 42 97 5854 102 16520 34201 80 199627 200449 637 114 2346 14 80 16520 174 2144 1179 1171333 -1 -1 0 0 0 0 9 7 7 7 8 9 5 3 3 2 0 0 0 0 0 0
"c9a744529964d979" 25 43 4 201798 83 80 915 80 43 4 200470 761 199372 199627 200449 369 166 41 4 80 4 11 911 77 4355 1179 1171334 -1 -1 0 0 0 0 6 7 6 6 5 3 2 3 4 3 0 0 0 0 0 0
"47f37e5607dcd4ae" 27 456 4 185 28 646 80 915 80 60 10277 192 5730 80 199627 961 14 12 28386 90 14559 80 185 2241 44 30 4223 1179 1171335 -1 -1 0 0 0 0 7 7 6 7 6 4 8 3 6 3 0 0 0 0 0 0
"d91f11125cd1ee8e" 27 184 658 20 42 44 30 3288 761 80 11757 71 283 747 80 199627 352 185 352 61 28 490 80 28 2971 32 771 1179 1171336 -1 -1 0 0 0 0 7 7 6 6 6 5 3 3 4 3 0 0 0 0 0 0
"1fd69c687d773cdb" 28 4 2348 767 9247 80 249 4 229 127 43 60 1357 80 199627 4 14845 51 1726 192 506 80 249 369 13 144 30 15222 1179 1171337 -1 -1 0 0 0 0 8 7 7 6 6 3 2 2 3 2 0 0 0 0 0 0
"f577bae1afbffa8f" 20 184 4839 80 184 114 836 44 51 2842 80 199627 590 119 1750 60 1357 19 999 60 1179 1171338 -1 -1 0 0 0 0 9 6 7 6 8 4 2 2 2 1 0 0 0 0 0 0
"d5bcd6c52296d59b" 38 4 234889 102 4 208014 154 275 80 249 4 229 340 80 199627 369 12 216 4 90 13 158 4 808 29639 80 199627 184 17674 1364 80 44 271 32891 80 747 19 3582 1179 1171339 -1 -1 0 0 0 0 9 7 6 7 8 4 3 2 2 2 0 0 0 0 0 0
"70e7d08f7b5798e5" 29 103 36 137862 33963 90 70 54 1043 223 80 199627 90 36 97 5854 518 2348 2967 42 80 481 4 44 30 363 80 36 561 1179 1171340 -1 -1 0 0 0 0 7 7 7 6 7 3 2 8 4 8 0 0 0 0 0 0
"0b9c7b0bb4b7780c" 25 4 232 14 192 294 80 166 563 390 361 80 199627 127 154 3969 70 42 44 28 4623 80 234920 90 1081 1179 1171341 -1 -1 0 0 0 0 7 8 7 5 6 8 2 2 2 2 0 0 0 0 0 0
"794501e3820127e6" 24 271 2560 1866 20 2560 1050 80 49 37508 80 199627 249 199375 1895 49 4 80 20 1750 4 7 80 16967 1179 1171342 -1 -1 0 0 0 0 9 9 8 8 8 7 2 3 8 5 0 0 0 0 0 0
"53a4be6cdd3d4124" 27 70 743 63 5960 2283 80 249 330 6 251 30 5873 80 199627 456 330 234840 30 4869 80 330 11 161694 80 102 14987 1179 1171343 -1 -1 0 0 0 0 8 7 8 6 6 8 3 2 4 2 0 0 0 0 0 0
"146e26baedd1061d" 26 6 1636 234921 150 1741 80 369 6 7 60 80 199627 150 250 229 1030 234836 80 798 166 119 43 369 20 234922 1179 1171344 -1 -1 0 0 0 0 6 6 7 4 5 6 2 2 3 2 0 0 0 0 0 0
"54061e9a303ab0a5" 33 783 928 3645 80 255 234923 3639 80 199627 1777 44 30 5410 80 249 229 127 74 5412 80 199627 290 20 5960 711 80 102 330 166 4758 30 8374 1179 1171345 -1 -1 0 0 0 0 6 9 8 6 6 8 3 2 2 2 0 0 0 0 0 0
"4090e7f0f1edc879" 37 369 739 352 195 6091 24 19 382 4325 80 199627 249 158 4 212 150 61 849 408 14 80 199375 4928 80 199627 311 72 28 4274 80 369 22 460 42 83 4 1179 1171346 -1 -1 0 0 0 0 6 7 9 7 6 5 2 2 2 2 0 0 0 0 0 0
"b408c1fe4b06e387" 29 4 232 14 192 5141 76 80 199627 249 369 22 638 24 80 199375 4593 80 199627 74 511 1542 80 11 1267 120 60 70 76 1179 1171347 -1 -1 0 0 0 0 6 9 7 6 6 6 2 2 2 2 0 0 0 0 0 0
"8e387f948e0b3e4f" 34 369 185 369 127 28 29 7775 80 199627 1334 17 590 20 5908 80 344 30 962 80 199627 4 114 1058 150 1741 80 369 22 120 4 2988 28 7775 1179 1171348 -1 -1 0 0 0 0 7 8 8 7 6 6 2 2 2 1 0 0 0 0 0 0
"66997b6522c26514" 17 185 2241 456 173 234840 30 4869 80 199627 271 61 6845 13105 513 30 2591 1179 1171349 -1 -1 0 0 0 0 8 7 8 8 8 7 2 2 8 5 0 0 0 0 0 0
"cada851f1c862f2e" 39 369 11 12 460 4 51 259 42 80 199627 6 453 14 34640 28 11639 90 8866 80 199627 2651 424 2091 102 28 646 104 34201 80 199627 563 238 551 1992 1089 14 90 4 1179 1171350 -1 -1 0 0 0 0 7 7 8 5 6 8 3 2 2 2 0 0 0 0 0 0
"b14e822c803a1ca5" 20 12084 566 1683 80 184 44 30 3482 80 199627 425 330 12 119 30 34613 90 283 8661 1179 1171351 -1 -1 0 0 0 0 4 6 4 6 6 5 6 2 2 2 0 0 0 0 0 0
"e873a856dd96a4c3" 20 1238 20 3653 83 14 80 330 166 3651 80 199627 90 184 232 1617 80 184 146 3571 1179 1171352 -1 -1 0 0 0 0 6 8 6 7 6 6 7 2 2 2 0 0 0 0 0 0
"270fe52cfc4deb03" 31 158 184 299 1267 595 76 30 6680 80 199627 859 4300 49 243 6674 305 90 5763 80 199627 101351 101352 101353 80 859 630 1957 44 30 1841 1179 1171353 -1 -1 0 0 0 0 7 7 7 6 6 6 6 9 2 9 0 0 0 0 0 0
"e968e9e932321e4e" 22 551 192 234 1818 369 12 2118 80 199627 1009 158 369 119 80 860 208 51 783 2253 83 14 1179 1171354 -1 -1 0 0 0 0 8 8 6 7 5 6 2 2 8 5 0 0 0 0 0 0
"1318e5624c191899" 22 1767 911 77 28608 80 798 6 12 1394 80 199627 249 199375 7612 76 83 28 3913 16065 30 972 1179 1171355 -1 -1 0 0 0 0 5 6 6 5 6 5 3 2 2 2 0 0 0 0 0 0
"1d003372905e825e" 25 4 10501 14 89 102 6140 80 369 166 453 28 7536 80 199627 4 71 2103 150 246 223 369 707 60 1050 1179 1171356 -1 -1 0 0 0 0 8 9 8 7 7 4 3 4 3 5 0 0 0 0 0 0
"78449a3031b125ce" 32 184 12122 42 80 747 36 97 221 80 199627 291 80 283 72 28 2662 80 1183 245 4179 80 199627 369 1165 70 30 14757 80 425 369 2784 1179 1171357 -1 -1 0 0 0 0 8 7 9 8 6 7 7 6 4 6 0 0 0 0 0 0
"e75a4009946eca99" 35 11 5843 60 451 80 453 60 474 80 199627 4 390 369 460 51 2505 178 51 6328 80 16520 174 6392 80 199627 90 541 104 3034 80 550 51 510 2919 1179 1171358 -1 -1 0 0 0 0 7 6 9 8 5 7 3 3 3 4 0 0 0 0 0 0
"77fc1040173a273c" 31 227 103 17295 80 550 102 51 1138 80 199627 14633 3852 49 11 161 1268 77 271 2567 80 199627 184 56 96 51 108 206 158 184 152 1179 1171359 -1 -1 0 0 0 0 9 8 7 8 6 7 7 6 6 7 0 0 0 0 0 0
"d4ad8d36675344eb" 22 553 30 705 80 212 51 972 83 275 80 199627 330 185 550 11 51 5031 80 55 60 474 1179 1171360 -1 -1 0 0 0 0 6 7 7 5 6 4 3 4 3 3 0 0 0 0 0 0
"6752001a969056a9" 21 19465 80 43 96 4 68 42 19 199372 199627 28 5569 590 212 824 77 4 80 344 33 1179 1171361 -1 -1 0 0 0 0 7 8 6 4 5 2 3 2 3 2 0 0 0 0 0 0
"dd2f93c07badcb09" 26 4180 80 330 6 153 43 199374 127 44 2763 80 199627 891 154 330 166 13 1540 80 199375 96 60 70 36 561 1179 1171362 -1 -1 0 0 0 0 6 5 6 6 7 2 4 6 4 5 0 0 0 0 0 0
"3a34762a1d2142e8" 38 6 283 163 804 80 4 1267 232 42 199627 481 44 154 1209 80 283 83 31 80 1032 382 8107 199627 807 68 2659 14 102 243 831 7434 80 344 386 16520 10294 42 1179 1171363 -1 -1 0 0 0 0 8 7 8 7 4 4 3 3 4 4 0 0 0 0 0 0
"b5002548c083ff47" 20 212 54 908 90 1082 603 19 1325 80 199627 6 120 30 4980 9424 83 80 20 544 1179 1171364 -1 -1 0 0 0 0 6 6 5 6 5 4 4 6 6 5 0 0 0 0 0 0
"aaaf28d03036dd35" 28 61 3610 80 629 796 36 30 1895 199627 725 1364 44 30 26209 80 200450 3759 199627 114 369 1320 28 1320 80 120 60 7779 1179 1171365 -1 -1 0 0 0 0 9 7 6 6 5 3 3 3 8 4 0 0 0 0 0 0
"2d0a4af3f42fd154" 24 184 229 1267 7054 80 743 153 66 108 199627 4 127 51 2127 44 28 246 80 1895 768 222 80 3559 1179 1171366 -1 -1 0 0 0 0 8 8 5 5 5 4 4 4 7 4 0 0 0 0 0 0
"ede64a9d714fa28c" 23 2118 2283 90 595 80 120 150 962 20 5623 199627 859 232 1617 3274 80 184 22 3571 80 550 1662 1179 1171367 -1 -1 0 0 0 0 7 8 7 8 6 3 3 5 3 6 0 0 0 0 0 0
"6ef1b80698d741e8" 36 16520 11 51 1738 915 80 43 511 114 369 185 199372 199627 844 4 96 245 8723 80 6 1747 14 849 199627 200449 4 215 283 163 158 4 6 7329 14 2762 1179 1171368 -1 -1 0 0 0 0 7 6 5 4 5 2 3 4 4 3 0 0 0 0 0 0
"d8f0ca9b563f8cac" 18 52 90 7785 80 120 60 20 1662 199627 5843 60 451 80 120 154 3351 920 1179 1171369 -1 -1 0 0 0 0 6 4 6 5 4 2 3 3 4 4 0 0 0 0 0 0
"4209d060090da98f" 25 208014 19 1525 30 4869 80 229 74 7 36 51 5832 199627 283 72 103 2662 80 229 74 1883 36 51 3585 1179 1171370 -1 -1 0 0 0 0 7 5 6 5 4 3 3 4 3 3 0 0 0 0 0 0
"a7a6fb19ebf3978b" 30 537 80 16520 51 106466 80 127 74 3428 199627 15270 887 80 586 21161 36 30 4275 199627 90 26315 80 798 27007 103 80 344 79 706 1179 1171371 -1 -1 0 0 0 0 6 8 10 8 7 8 6 3 5 4 0 0 0 0 0 0
"71acd9b778b4c6fe" 31 120 30 6842 35 509 184 1895 80 199627 234833 51 5031 80 249 1330 80 369 106 1366 80 199627 227 103 3757 80 550 11 559 184 3177 1179 1171372 -1 -1 0 0 0 0 7 8 7 6 6 5 6 3 4 6 0 0 0 0 0 0
"52e711728f328288" 31 297 1238 70 12 1873 161 83 80 199627 249 158 30 28517 573 89 80 184 1267 20 83 5434 80 199627 2103 150 246 223 4 212 840 1179 1171373 -1 -1 0 0 0 0 5 7 8 8 6 6 5 4 5 7 0 0 0 0 0 0
"2cff0c850b29d9d2" 24 30 34388 748 104 30 161 184 146 92 80 199627 192 369 1267 79649 28 31914 2349 19 232 103 1022 1608 1179 1171374 -1 -1 0 0 0 0 8 6 6 7 8 7 6 8 5 9 0 0 0 0 0 0
"1162e32cb8c400e1" 26 425 369 114 96 60 70 80 74 5124 80 74 13554 80 199627 90 798 11 1321 848 80 4058 80 798 102 154 1179 1171375 -1 -1 0 0 0 0 8 9 7 8 7 7 5 6 6 4 0 0 0 0 0 0
"8e7c5af0a72aa7c4" 41 425 330 70 12 2505 14 80 249 330 166 563 216 30 474 36806 80 199627 1024 80 4 153 4 127 51 1022 44 28 246 80 199627 184 436 3913 70 1237 80 200450 453 245 4688 1179 1171376 -1 -1 0 0 0 0 7 9 8 9 8 6 6 5 7 5 0 0 0 0 0 0
"121e50d8e6c0f636" 22 4 153 369 283 60 80 16520 1409 21761 80 199627 369 1165 70 30 14757 80 229 74 1091 24 1179 1171377 -1 -1 0 0 0 0 6 7 6 6 5 6 5 4 6 7 0 0 0 0 0 0
"b2fd701fefd5650b" 23 16520 51 26708 5924 80 537 80 369 656 2988 80 199627 249 743 153 559 184 119 80 2441 82 490 1179 1171378 -1 -1 0 0 0 0 6 7 6 6 5 6 5 4 5 7 0 0 0 0 0 0
"d75aacbf81ca9943" 24 19465 80 566 4 1085 406 3057 199372 199627 184 56 96 51 108 206 80 120 30 4980 920 83 30 3343 1179 1171379 -1 -1 0 0 0 0 4 6 6 7 6 5 6 3 5 7 0 0 0 0 0 0
"f0e64112a5292c3f" 37 28 1818 216 102 6140 80 369 2118 30 962 17741 80 199627 114 369 1320 28 711 199372 788 13346 104 51 5149 80 199627 798 104 28608 80 249 16520 30 161 344 2902 1179 1171380 -1 -1 0 0 0 0 7 8 7 7 6 7 8 8 5 7 0 0 0 0 0 0
"587402c486d5d952" 22 848 566 234 891 369 12 185 19 4 80 199627 249 30 1818 6 629 2253 80 101616 101617 101618 1179 1171381 -1 -1 0 0 0 0 5 5 6 5 4 3 5 6 8 6 0 0 0 0 0 0
"5be31aff6f3c76e8" 25 276 590 120 88 89 30 902 199372 199627 4 390 369 460 51 2505 178 51 6328 80 344 51 74 997 208 1179 1171382 -1 -1 0 0 0 0 4 6 6 5 4 5 7 4 3 7 0 0 0 0 0 0
"ab5bf19de814bf2d" 30 16520 17815 42 51 13412 51 5264 80 166 10137 28 782 80 199627 127 21161 77 28 5700 80 4 114 120 60 20 1662 80 344 1056 1179 1171383 -1 -1 0 0 0 0 5 5 4 5 4 6 6 4 5 8 0 0 0 0 0 0
"fc2f6ecfa7d2d57a" 25 369 4300 49 243 6674 305 80 255 747 36 30 9878 80 199627 743 153 559 184 119 80 5358 12122 70 1237 1179 1171384 -1 -1 0 0 0 0 6 6 6 7 6 5 5 5 5 7 0 0 0 0 0 0
"a1c41b21d2d3637e" 24 227 51 3757 80 1483 108 80 369 166 3380 199627 249 807 68 2659 14 102 243 831 7434 80 2539 28 1179 1171385 -1 -1 0 0 0 0 4 4 5 5 5 5 5 4 4 5 0 0 0 0 0 0
"1dda4625fa711c46" 23 120 30 6842 6997 80 120 30 12084 4523 80 199627 30 34388 748 80 60 16730 44 2988 80 2539 74 1179 1171386 -1 -1 0 0 0 0 7 9 8 7 6 6 3 6 5 7 0 0 0 0 0 0
"e60902030a372ee7" 22 52 4672 80 476 908 80 369 3737 90 7691 80 199627 425 369 114 96 60 70 80 41 583 1179 1171387 -1 -1 0 0 0 0 6 8 9 7 6 8 3 5 6 8 0 0 0 0 0 0
"9658904ad4f3a2a9" 20 4 153 369 255 283 43 369 1531 80 199627 725 5554 44 150 26209 80 860 657 92 1179 1171388 -1 -1 0 0 0 0 8 9 8 7 8 6 4 6 4 8 0 0 0 0 0 0
"9538afd1b7ff800e" 28 51 11476 80 369 166 208 44 70 525 10020 80 199627 249 4 844 208 51 783 2253 83 14 80 74 6276 80 2539 3807 1179 1171389 -1 -1 0 0 0 0 5 6 9 6 5 7 5 7 6 6 0 0 0 0 0 0
"1cc12723addecedb" 22 120 14 2118 28 34 80 1343 60 340 80 199627 6 120 30 4980 920 80 200450 453 51 2565 1179 1171390 -1 -1 0 0 0 0 7 8 8 6 5 7 4 6 4 7 0 0 0 0 0 0
"090de9fccc2bc1b8" 26 344 245 361 42 51765 80 369 13 144 60 70 80 199627 456 369 2432 603 29294 80 4 153 369 127 150 293 1179 1171391 -1 -1 0 0 0 0 5 7 8 7 6 7 4 5 4 8 0 0 0 0 0 0
"11d4b65c7026e969" 21 908 629 33 80 425 200450 8454 80 199627 2432 51 779 83 154 2268 80 74 206 19 592 1179 1171392 -1 -1 0 0 0 0 9 8 9 8 9 7 6 4 5 7 0 0 0 0 0 0
"3830997ec6894d80" 23 144 37893 6785 80 144 27498 17716 80 199627 120 14 1183 4 559 51 4326 436 382 80 74 3288 234924 1179 1171393 -1 -1 0 0 0 0 8 9 8 7 6 7 8 6 5 8 0 0 0 0 0 0
"53932e9cf03e4298" 20 144 70 30 3645 80 184 27 271 139 80 199627 90 149 255 127 107 340 19 185 1179 1171394 -1 -1 0 0 0 0 9 9 7 8 7 7 7 5 7 6 0 0 0 0 0 0
"837db0ddfbaabe83" 22 27219 80 4 153 369 255 629 11558 80 199627 304 456 369 1343 154 711 80 1629 76 80 6454 1179 1171395 -1 -1 0 0 0 0 6 8 7 7 6 6 4 6 4 6 0 0 0 0 0 0
"15e70b13936c87d9" 23 859 453 1568 80 200450 283 60 112 2283 80 199627 120 14 283 424 1238 172 80 199375 453 1957 1331 1179 1171396 -1 -1 0 0 0 0 7 8 9 8 7 6 6 6 5 6 0 0 0 0 0 0
"cfe7e73278242627" 19 6792 887 42 80 23707 80 199627 369 421 30 9268 293 80 166 3596 80 166 35173 1179 1171397 -1 -1 0 0 0 0 8 7 7 6 5 6 5 7 6 7 0 0 0 0 0 0