"0501c14865f35128" 27 184 232 60 4327 80 1683 408 30 415 76 80 199627 798 334 14817 80 249 70 369 127 104 103 2462 911 77 4494 1179 1170924 -1 -1 0 0 0 0 8 7 7 7 8 8 4 4 6 3 0 0
"5cc1b4e55649866d" 25 14587 70 621 80 788 11159 51 782 80 199627 70 150 275 80 184 68 2441 60 25 2598 80 146 454 804 1179 1170925 -1 -1 0 0 0 0 8 8 7 7 8 7 3 3 3 5 0 0
"8f232685602d4dad" 23 285 103 104 1344 80 229 74 206 36 436 80 199627 10716 44 7346 350 1670 80 2441 5269 788 621 1179 1170926 -1 -1 0 0 0 0 6 7 8 7 7 5 4 5 3 4 0 0
"ea4879544ec60e6a" 25 43 243 3312 2022 80 1629 150 4847 350 80 199627 590 1183 4 43 369 114 119 456 369 216 30 2489 288 1179 1170927 -1 -1 0 0 0 0 7 8 8 7 7 6 3 7 4 4 0 0
"b7bf8f4dcc349245" 26 531 286 102 37449 80 231 2539 192 4300 80 199627 293 14 17129 15737 80 234879 23669 1749 80 28 3292 378 146 222 1179 1170928 -1 -1 0 0 0 0 7 6 8 7 6 7 3 5 4 5 0 0
"f5f93f7f775810e1" 24 34179 707 544 80 1267 27 8017 80 199627 166 638 770 89 80 22159 60 42 80 1183 1957 70 16520 21017 1179 1170929 -1 -1 0 0 0 0 8 7 7 8 6 8 4 4 6 5 0 0
"11dbb16a56f97854" 26 425 2358 11 6431 592 80 120 14 1679 28 3752 80 199627 192 369 114 4300 849 408 1389 80 630 804 103 2284 1179 1170930 -1 -1 0 0 0 0 8 8 6 7 6 5 2 7 7 4 0 0
"c2fd9ee52f6ebcf5" 29 184 7008 711 80 12955 275 44 911 3055 80 199627 61 44 271 1663 80 192 114 184 119 60 70 451 253 80 166 757 24 1179 1170931 -1 -1 0 0 0 0 8 8 8 7 7 6 4 6 7 4 0 0
"75eaf6ed579b0ea9" 23 537 184 127 60 80 146 2911 271 9021 80 199627 184 566 590 283 76 80 707 544 408 103 2427 1179 1170932 -1 -1 0 0 0 0 8 7 7 8 7 5 4 4 5 5 0 0
"7539f9b307ea0dc4" 27 4033 60 291 80 4 166 629 606 19 271 6876 80 199627 70 184 153 104 103 2602 80 249 859 146 120 60 7992 1179 1170933 -1 -1 0 0 0 0 8 8 7 7 6 5 3 7 7 8 0 0
"a9ae2a8952e6f712" 33 7420 2743 2539 2743 2539 2743 80 231 1366 44 30 1237 80 199627 184 32 1683 80 1418 103 1146 474 80 227 36 30 3635 80 344 271 179201 275 1179 1170934 -1 -1 0 0 0 0 6 7 8 7 7 7 4 3 5 5 0 0
"4be5a6d2cdda9136" 42 4 996 30 962 80 249 425 4 5076 44 1035 80 199627 2551 369 56 208 24 90 2174 30 139 891 1734 80 199627 249 369 166 80 192 199375 638 4 89 1501 4 283 76 154 1985 1179 1170935 -1 -1 0 0 0 0 8 8 6 7 6 10 4 4 6 9 0 0
"cc1b5cc251e363a3" 21 1024 915 80 4 127 28 246 10139 80 199627 481 54 234880 83 150 12250 80 184 4366 1409 1179 1170936 -1 -1 0 0 0 0 6 7 7 6 6 4 3 3 7 2 0 0
"49b1afd7857bb4af" 25 1267 1057 275 80 4584 80 74 206 19 2364 80 199627 484 19 216 30 1877 80 2539 80 74 206 19 8698 1179 1170937 -1 -1 0 0 0 0 8 7 6 7 7 5 3 5 4 6 0 0
"f0745098aa1763ac" 18 127 70 30 1172 4058 80 199627 120 14 2346 4 102 4 153 16520 2255 19 1179 1170938 -1 -1 0 0 0 0 6 6 7 6 6 5 3 3 6 3 0 0
"ae057465001820d4" 24 114 369 283 51 783 784 77 154 4181 490 80 199627 13 14 5805 80 6533 80 6533 80 425 200450 208 1179 1170939 -1 -1 0 0 0 0 8 9 9 7 8 8 4 2 4 3 0 0
"2e733d378b52287b" 19 150 3235 127 154 36483 35800 80 199627 4 153 16520 51 5923 80 1024 80 74 4106 1179 1170940 -1 -1 0 0 0 0 9 8 8 7 7 7 5 2 6 2 0 0
"3a616c988825519d" 25 855 60 80 200450 208 80 74 7 19 7387 80 199627 249 369 7 4 80 1267 96 4 80 44 28 275 1179 1170941 -1 -1 0 0 0 0 6 8 8 6 5 7 4 1 5 3 0 0
"eab374b60ac6bdf2" 18 25136 2353 80 344 559 184 553 80 199627 46678 2668 42 44 6398 80 146 2988 1179 1170942 -1 -1 0 0 0 0 7 7 9 7 7 7 4 2 3 2 0 0
"85c70d19c09d8a63" 30 4 2306 150 517 42 80 43 4 251 14 19 119 80 537 199372 199627 537 80 537 80 184 492 60 80 184 229 144 80 537 199372 1170943 -1 -1 0 0 0 0 7 8 6 6 6 7 5 2 4 2 0 0
"d2c1f92792bc0240" 37 74 3587 44 332 178 1342 80 550 11 1320 80 199627 120 14 13 4 656 80 146527 80 344 386 369 2934 80 199627 7012 279 511 19 460 80 192 200450 11 1003 1179 1170944 -1 -1 0 0 0 0 6 9 8 5 4 8 7 3 4 6 0 0
"e8c728787fa3e7ac" 22 369 1267 232 3846 80 74 206 19 1082 24 80 199627 28 275 192 17978 80 229 279 369 3452 1179 1170945 -1 -1 0 0 0 0 8 7 8 6 6 8 3 1 3 2 0 0
"be73b9d8c2a076cc" 25 127 603 12479 9215 80 229 18 19 1183 1957 80 199627 6 4 2505 406 49 14 80 71 1629 43 173 234881 1179 1170946 -1 -1 0 0 0 0 7 7 8 6 6 7 4 6 3 5 0 0
"eef4e1093f983742" 24 227 44 30 151 3852 80 4062 3070 80 537 80 199627 127 51 234882 9543 80 537 80 369 7349 103 1657 1179 1170947 -1 -1 0 0 0 0 7 7 7 6 6 8 4 5 3 4 0 0
"3041ff21865983a8" 28 2539 80 1024 80 369 61 4 80 166 4 13 80 199627 90 103 61 80 60 127 14 231 245 14723 18456 80 166 3756 1179 1170948 -1 -1 0 0 0 0 8 9 7 6 5 6 5 2 7 5 0 0
"019d9deb27094505" 25 49 511 1344 1617 83 80 369 1022 28 1741 83 1745 80 199627 74 206 36 4017 80 1267 656 49 30 8325 1179 1170949 -1 -1 0 0 0 0 7 6 6 6 6 5 5 8 5 7 0 0
"b026d64b26f5da5c" 29 173 10716 49 30 31 42 80 9148 76 28 61 80 199627 70 369 12 119 104 120 4 44 80 120 271 1663 234883 102 5188 1179 1170950 -1 -1 0 0 0 0 7 8 6 6 5 6 5 2 7 4 0 0
"7fd91f2ade53a90b" 28 4 114 20 294 53 14 80 249 199375 808 1679 150 35 80 199627 271 61 215 20 41384 80 249 859 2995 549 60 70 1179 1170951 -1 -1 0 0 0 0 6 8 6 7 5 6 5 2 8 7 0 0
"4e7c0817bb3fe8d9" 22 90 425 80 21235 80 16520 231 107 1831 80 199627 17 4018 559 19 9890 80 166 520 28 12351 1179 1170952 -1 -1 0 0 0 0 6 6 7 6 6 5 5 2 4 4 0 0
"e8aae92ac0adfdc6" 29 90 808 352 11120 80 144 70 30 1245 90 1402 80 199627 352 6 460 51 2505 80 166 5843 382 61 80 352 43947 30 5228 1179 1170953 -1 -1 0 0 0 0 6 8 7 6 6 5 5 2 8 6 0 0
"2e10a130efc04639" 26 90 279 6133 511 513 79 910 80 199627 249 70 798 163 14 391 3353 19 283 60 370 80 3737 36 30 1121 1179 1170954 -1 -1 0 0 0 0 7 9 8 8 8 7 5 5 9 7 0 0
"fb6e274a3c66a346" 24 1334 2659 425 80 4899 4939 80 2441 6477 83 30 4300 80 199627 232 60 37825 80 232 271 4096 83 1138 1179 1170955 -1 -1 0 0 0 0 8 8 9 7 7 8 6 4 5 4 0 0
"65403466fa84b43a" 30 16520 83 30 629 42 80 1409 28 908 80 227 28 962 80 199627 563 238 43 4 1208 80 199375 32 33 80 146 942 28 3819 1179 1170956 -1 -1 0 0 0 0 9 8 9 8 8 8 6 5 9 7 0 0
"d01cdffc38db75e2" 32 4 1267 782 80 1267 3002 80 5191 711 80 4 1267 535 80 199627 103 229 21111 80 103 229 74 767 80 103 104 340 275 83 30 1877 1179 1170957 -1 -1 0 0 0 0 7 7 9 8 8 8 5 8 6 9 0 0
"67460cb606f72bb8" 30 158 4 12 20 28 1024 80 1267 630 30 1841 804 80 199627 192 199375 278 603 174 80 780 1784 49 103 1896 554 61 77 1745 1179 1170958 -1 -1 0 0 0 0 7 9 7 8 9 7 8 3 8 5 0 0
"291ecf6e8d64bd7b" 34 173 51 2596 147 80 6174 790 44 51 39 192 1051 80 199627 330 152 19 9052 4 80 481 4 44 30 363 80 249 443 4 378 630 150 7536 1179 1170959 -1 -1 0 0 0 0 9 8 8 7 7 7 8 9 3 6 0 0
"beede69d10e67bc4" 22 184 361 4327 43025 80 5057 36 30 4275 80 199627 83 154 4648 4598 80 5056 823 36 271 646 1179 1170960 -1 -1 0 0 0 0 8 7 8 6 8 9 8 6 5 7 0 0
"1b3e1d672e7cd798" 34 28 531 11890 30 1597 80 6871 28 34 80 249 550 28 3569 80 199627 1093 114 283 4 3490 80 466 6545 4 19 212 51 216 90 92 150 994 1179 1170961 -1 -1 0 0 0 0 7 8 7 6 8 6 6 3 3 5 0 0
"a81c168e8f02ee53" 33 28 4527 5061 80 166 3380 30 2602 80 550 70 51 33146 80 199627 249 369 1740 42 49 154 5040 80 212 88 76 80 630 88 83 30 4585 1179 1170962 -1 -1 0 0 0 0 7 8 7 6 8 7 6 4 5 5 0 0
"9a67fa280916032b" 26 49 150 1001 406 14 425 80 369 106 192 3274 80 199627 173 30 161 518 17565 28 47 80 474 475 369 7842 1179 1170963 -1 -1 0 0 0 0 9 8 8 8 8 6 6 4 9 7 0 0
"afe5b5b1e4661454" 31 369 904 19 20 1331 77 4 80 425 16520 231 192 1779 80 199627 4 12 153 559 369 119 60 80 120 14 1183 4 559 19 490 1179 1170964 -1 -1 0 0 0 0 7 9 7 8 8 7 9 4 5 6 0 0
"989740f259d09a8f" 21 184 1165 30 1766 4047 90 184 7467 80 199627 2441 5269 788 621 80 15220 27045 184 229 23187 1179 1170965 -1 -1 0 0 0 0 8 7 7 8 8 6 5 8 6 9 0 0
"d869e2c78bd29d24" 27 231 102 16520 11221 80 16520 83 31 77 28 706 80 199627 1267 232 60 1618 80 1267 232 60 1617 80 229 74 3428 1179 1170966 -1 -1 0 0 0 0 8 7 8 6 8 9 9 4 7 7 0 0
"e89e545acfc9e9e1" 28 798 22 632 1501 1767 579 80 26128 3069 42 44 30 1121 80 199627 1409 79 908 80 5796 1138 80 344 475 1767 590 4300 1179 1170967 -1 -1 0 0 0 0 9 8 8 7 8 7 6 5 8 7 0 0
"a8c58250a78dd621" 30 158 4 153 475 2167 68 80 4 153 184 6 5854 406 80 199627 757 53 28 92 80 4 114 13 30 945 80 30 1749 1478 1179 1170968 -1 -1 0 0 0 0 7 8 7 8 8 7 6 7 6 8 0 0
"d207739feb8a2f1e" 35 369 163 28 3522 53 348 80 166 1028 369 127 2139 80 199627 4593 76 19 4044 44990 80 28 130046 80 330 576 14 89 80 127 28 24 102 51 2058 1179 1170969 -1 -1 0 0 0 0 7 6 6 5 6 7 2 3 4 4 0 0
"64961158eb50bc86" 26 150 3235 83 28 3235 80 150 3012 83 1745 80 199627 150 61 104 71 513 97 7534 80 550 102 51 8026 1377 1179 1170970 -1 -1 0 0 0 0 9 8 9 9 10 7 8 5 8 5 0 0
"1a3ab8789fcf015b" 29 966 44 60 36 30 836 80 5943 119 845 36 4275 80 199627 553 42 30 745 80 1782 76 30 4180 80 32 44 150 359 1179 1170971 -1 -1 0 0 0 0 3 4 6 5 6 2 3 8 2 3 0 0
"83af12cf23adb263" 32 16520 1110 518 817 103 7842 19 80 475 404 60 629 408 199372 199627 249 107 8228 104 590 629 19 14 80 74 7 19 2913 475 16520 408 1179 1170972 -1 -1 0 0 0 0 6 5 5 6 4 5 3 4 4 5 0 0
"c175e9a891e53904" 29 234884 42 603 2075 80 16520 5057 788 621 80 199627 6 3376 14 80 768 199375 836 4 49 30 21584 80 453 150 275 6997 849 1179 1170973 -1 -1 0 0 0 0 8 6 8 6 7 6 3 5 3 4 0 0
"c6c05b50fdae2c0b" 27 369 251 709 161 80 369 166 283 527 80 199627 127 28 246 388 80 747 36 61 80 166 5843 103 231 77 4214 1179 1170974 -1 -1 0 0 0 0 7 9 7 8 6 6 4 4 8 6 0 0
"777e84b70d5d9388" 38 70 28 3041 20517 451 19 150 319 80 199627 16520 1110 19888 2202 104 103 80 518 119 369 1459 36 103 1895 199372 199627 150 61 104 71 80 550 14479 80 369 166 3380 1179 1170975 -1 -1 0 0 0 0 7 6 6 5 6 4 4 3 7 4 0 0
"42a9c33581a3832e" 36 234842 42 49 154 5040 80 4 153 30 5002 80 199627 158 4 153 475 184 68 80 200450 212 30 10392 80 199627 5248 3470 49 28 2098 50156 80 2990 275 1138 1179 1170976 -1 -1 0 0 0 0 6 7 8 6 7 6 2 4 3 3 0 0
"0f868e7691a9e72b" 41 158 4 12 20 28 1024 80 4 1267 553 49 14 80 199627 70 28 3041 20517 80 229 74 5124 80 166 4 13 80 199627 2539 369 1208 60 104 80 229 74 234885 80 2990 544 1179 1170977 -1 -1 0 0 0 0 9 8 6 6 7 7 3 2 7 5 0 0
"8c76be41c960819b" 52 231 102 16520 11221 80 16300 4071 102 32647 80 199627 2913 14 559 369 119 60 80 234856 185 80 10525 3273 2743 10525 80 199627 4044 44990 28 54691 80 184 119 60 36 30 379 80 199627 229 74 5124 80 184 2990 275 80 15785 271 2267 1179 1170978 -1 -1 0 0 0 0 6 5 8 7 6 8 7 4 5 4 0 0
"19ca6eb71490e7e4" 48 836 4 49 30 21584 80 229 74 8723 80 16520 5321 80 199627 1267 283 60 1617 80 255 1618 80 229 74 3361 80 199627 553 42 30 745 80 120 30 4180 1629 80 199627 2990 275 80 146 590 632 80 11 1629 1179 1170979 -1 -1 0 0 0 0 2 2 6 5 6 2 3 6 2 4 0 0
"28325642d8ef3f56" 52 330 481 4 290 44 30 363 80 229 74 4179 80 199627 369 163 28 3522 53 348 80 60 229 1030 30 8337 80 199627 1165 30 1766 4047 80 425 330 70 12 4204 80 199627 2990 275 80 255 5358 83 31 80 14 90 28 5115 1179 1170980 -1 -1 0 0 0 0 2 4 6 5 4 3 3 5 4 4 0 0
"2c445b8a5e781f99" 43 4 56 61 80 249 4 229 74 5832 36 14 80 199627 476 11221 14047 291 80 634 1028 80 199627 150 3235 83 28 3235 80 3468 36 1597 80 199627 2990 275 80 229 74 139 4 114 9765 1179 1170981 -1 -1 0 0 0 0 5 6 7 6 5 5 4 4 7 4 0 0
"0fcd71e1fa652a64" 46 2596 147 80 6174 790 44 30 1121 80 199627 369 904 19 20 1331 77 4 80 425 369 11 12 4300 80 199627 4 1269 28 47 80 4 1467 14 30 139 80 199627 2990 275 80 229 74 206 19 8211 1179 1170982 -1 -1 0 0 0 0 5 4 4 6 4 5 6 6 5 8 0 0
"ad58294af49b96fb" 35 43 60 119 80 229 74 206 36 8089 80 199627 28 531 80 4 114 146 19067 60 80 199627 212 88 76 80 229 74 8723 80 2990 275 49 74 39925 1179 1170983 -1 -1 0 0 0 0 5 4 5 3 4 3 3 4 5 3 0 0
"10d435711026e665" 46 90 443 4 80 74 161 1499 56 9765 80 199627 103 711 104 17 51 767 80 550 70 340 80 192 17020 80 199627 15220 27045 80 103 275 114 20 3273 80 199627 2990 275 80 229 74 206 19 20 4426 1179 1170984 -1 -1 0 0 0 0 6 7 7 8 7 8 6 5 4 4 0 0
"33258d1fee74e7fd" 47 158 184 56 8980 849 80 234886 83 30 6871 80 199627 184 361 4327 43025 80 229 74 5124 80 184 2283 80 199627 410 566 245 1588 10095 80 184 255 83 30 656 80 199627 2990 275 80 229 74 206 19 942 1179 1170985 -1 -1 0 0 0 0 8 7 8 8 7 8 6 3 4 6 0 0
"061c259399815536" 57 698 70 28 4178 80 229 74 206 19 1058 60 80 199627 725 873 3069 42 44 30 1121 80 229 74 5124 80 184 3621 60 80 199627 386 119 30 6029 36914 4300 80 2348 1525 770 89 80 199627 2990 275 80 184 234887 1138 80 229 74 5124 80 184 1331 1179 1170986 -1 -1 0 0 0 0 7 7 9 8 6 9 4 8 5 6 0 0
"6091b84d752def06" 51 798 22 80 229 74 206 19 592 36 88 80 199627 330 566 44 60 36 30 836 80 249 184 229 1218 77 12788 77 14122 80 199627 1093 114 283 4 3490 102 51 466 6545 80 2990 275 83 30 3826 80 229 127 74 10801 1179 1170987 -1 -1 0 0 0 0 6 8 8 9 7 7 5 8 5 6 0 0
"73454652afc54b0f" 52 150 1001 406 14 425 80 541 11 1483 474 80 199627 369 251 709 161 80 2990 275 80 229 74 748 44 2425 80 199627 127 28 246 388 80 229 74 139 199375 606 60 80 199627 2990 275 80 255 83 30 2995 80 166 632 60 1179 1170988 -1 -1 0 0 0 0 8 7 7 9 6 8 6 4 5 7 0 0
"aba1ba54ff994bd7" 22 25136 42 603 2075 80 127 30 1896 554 80 199627 1165 30 1766 4047 184 956 90 1069 1957 2766 1179 1170989 -1 -1 0 0 0 0 5 6 7 6 8 6 5 4 4 3 0 0
"cf81bb86ece5002b" 23 369 904 19 61 4 80 158 4 12 20 1745 80 199627 184 56 3558 30 39 80 2995 90 4522 1179 1170990 -1 -1 0 0 0 0 7 8 7 9 7 7 5 4 8 5 0 0
"0796955944573050" 29 70 28 3041 20517 80 330 481 4 290 44 30 363 80 199627 249 16520 808 83 154 4648 4598 80 227 60 42 756 60 6133 1179 1170991 -1 -1 0 0 0 0 7 6 9 8 6 5 6 5 5 7 0 0
"53a991079c1e303f" 23 28 4527 81852 80 4 1269 28 47 80 199627 4044 44990 28 54691 2349 80 1718 25 28 319 44 11640 1179 1170992 -1 -1 0 0 0 0 6 7 6 6 6 7 4 4 7 3 0 0
"d36a4b7fdb01d647" 23 476 11221 14047 291 80 28 531 80 199627 103 711 104 17 243 767 80 550 340 275 90 74 4635 1179 1170993 -1 -1 0 0 0 0 8 8 9 7 7 9 6 4 3 5 0 0
"569ef341aa770706" 24 4 56 61 80 90 443 4 80 199627 249 330 566 44 60 36 30 836 80 277 19 3582 66 33 1179 1170994 -1 -1 0 0 0 0 7 7 8 7 6 7 5 6 5 5 0 0
"84cfbbbe46ba26ae" 27 7253 42 49 154 5040 80 158 4 153 475 184 68 80 199627 386 119 30 6029 36914 4300 80 12146 2602 102 51 17486 199372 1170995 -1 -1 0 0 0 0 6 7 7 7 5 7 5 6 4 4 0 0
"860abc2063d72609" 27 1093 114 283 4 3490 102 51 466 6545 80 199627 150 3235 83 28 3235 80 5248 3470 49 28 2098 50156 80 12145 13225 1179 1170996 -1 -1 0 0 0 0 6 7 7 7 6 7 5 5 6 5 0 0
"2418e0765be637e5" 27 2913 14 559 369 119 60 80 199375 1015 4 361 80 199627 369 251 709 161 80 227 83 154 4648 4598 80 74 35173 1179 1170997 -1 -1 0 0 0 0 7 7 6 9 6 6 5 4 7 5 0 0
"f8941d7ac2554ce7" 23 304 16520 30 5119 3884 80 330 166 3380 80 199627 90 798 1483 102 348 80 74 7 19 2913 386 1179 1170998 -1 -1 0 0 0 0 6 7 6 5 5 5 4 4 6 5 0 0
"f70a03385713ef7c" 25 4 212 30 1047 72 14 80 460 14 1207 80 199627 222 973 80 249 58 629 24 19 3558 80 44 5283 1179 1170999 -1 -1 0 0 0 0 7 8 9 7 6 5 2 5 5 4 0 0
"17755b26eb26d635" 23 4 153 154 330 19914 19 1024 80 855 90 1678 80 199627 60 20 26400 80 90 7832 83 30 2995 1179 1171000 -1 -1 0 0 0 0 5 6 8 7 4 6 4 7 4 6 0 0
"ce291ded9d1897d6" 40 8551 19 1180 80 369 956 28 3167 90 28 1819 80 199627 103 104 19 30 1557 77 137862 33963 80 1866 798 1274 553 80 199627 150 5218 80 255 1718 583 80 74 1539 30 19366 1179 1171001 -1 -1 0 0 0 0 8 9 7 9 7 9 5 8 9 8 0 0
"8071d8cd8b2f6bc4" 24 199374 68 5056 90 15044 36 66 1745 80 199627 192 158 4 251 107 80 208 27 150 29 782 44 33330 1179 1171002 -1 -1 0 0 0 0 7 8 8 6 6 4 3 5 4 3 0 0
"9a37aa0523805a31" 24 4 127 14 231 245 619 77 139 80 255 6504 80 199627 33171 144 28 745 80 277 19 13 66 160 1179 1171003 -1 -1 0 0 0 0 6 6 5 7 5 6 2 3 4 3 0 0
"1ffa5f0fa2739931" 22 1043 44 28 4097 80 231 102 16520 35539 80 199627 249 415 30 571 80 369 27 6730 90 7155 1179 1171004 -1 -1 0 0 0 0 4 6 5 7 5 3 5 9 6 4 0 0
"2359249498aa22c8" 25 369 1081 103 231 80 961 14 12 1532 80 199627 249 83 103 1003 437 553 7204 80 199375 32 3274 90 4300 1179 1171005 -1 -1 0 0 0 0 5 6 6 6 4 4 3 6 2 4 0 0
"0181fa735dc2f88b" 29 283 747 19 92 14 80 71 2535 1625 80 199627 369 6 460 51 2505 80 590 453 245 1568 80 114 4 421 60 80 8911 199372 1171006 -1 -1 0 0 0 0 7 8 8 7 6 5 3 5 5 4 0 0
"8aee1f9bfbd7844f" 24 127 28 6305 76 80 53420 83 30 902 77 275 80 199627 249 369 153 199375 6425 24 80 6170 30 7387 1179 1171007 -1 -1 0 0 0 0 6 6 7 5 5 3 2 4 5 4 0 0
"98998739451c3550" 23 39390 80 369 240 1208 19 119 4 1262 80 199627 249 16520 1110 36 5461 80 599 184 114 283 796 1179 1171008 -1 -1 0 0 0 0 5 6 5 6 5 5 3 4 8 4 0 0
"b976b5a4023033f9" 31 551 107 178 4 80 166 987 481 28 4853 83 60 80 199627 249 158 184 1096 80 859 13 158 551 51 6131 768 158 30 234888 2157 1179 1171009 -1 -1 0 0 0 0 5 6 6 6 5 4 4 7 5 6 0 0
"c285777991e9df75" 25 229 279 208014 4 154 14712 15824 80 199627 90 158 369 11819 154 10227 80 860 176 42 44 1303 80 369 4117 1179 1171010 -1 -1 0 0 0 0 6 6 6 4 4 3 2 3 3 3 0 0
"67cd24f06650d374" 22 32 1779 2343 80 232 30 3344 1368 1779 80 199627 149973 149974 80 550 30 4044 77 30 358 490 1179 1171011 -1 -1 0 0 0 0 5 5 6 5 5 5 2 2 3 2 0 0
"cb2f747c9084f750" 29 541 369 119 80 369 119 60 36 28 721 80 28 14146 80 199627 7233 24 408 1547 80 184 70 453 1957 80 550 74 6400 1179 1171012 -1 -1 0 0 0 0 8 8 8 7 7 6 3 5 5 4 0 0
"c0534407bb4c9a2e" 42 798 114 1320 9247 80 249 798 229 8836 74 11225 80 199627 184 56 1643 243 9382 80 20 845 80 11 212 3853 1179 199627 192 388 150 124 80 2118 150 962 80 6 638 24 90 40288 1179 1171013 -1 -1 0 0 0 0 6 7 7 6 5 5 3 5 5 3 0 0
"1bfe2e209c03de76" 49 16520 30 8134 161 80 30 5119 3884 80 3372 36 3790 80 199627 4 234889 102 4 340 80 2659 51 1726 80 255 192 41277 1179 199627 249 369 146 6402 475 369 407 408 80 70 36 28 14146 80 344 386 369 404 60 1179 1171014 -1 -1 0 0 0 0 6 8 7 6 8 9 6 3 5 7 0 0
"d3c3a1e8c6c29e4a" 34 4 904 19 20 28 1003 80 249 425 4 229 74 250 19 14 80 199627 32201 291 757 53 14 80 16520 1418 103 711 36 1167 80 166 4 13 1179 1171015 -1 -1 0 0 0 0 7 9 8 7 6 9 6 2 4 5 0 0
"97e410b1bc7d6b7e" 29 83 103 1532 1024 7204 80 1334 590 453 4 106 1366 80 199627 192 2535 1625 80 114 4 421 30 128 77 28 246 270 415 199372 1171016 -1 -1 0 0 0 0 8 7 9 9 6 6 5 3 6 7 0 0
"f534961f206d61d7" 31 1267 232 30 3344 1779 80 166 120 603 13 770 64 80 1024 80 199627 330 255 909 144 150 745 80 277 19 1679 770 5862 80 1009 1179 1171017 -1 -1 0 0 0 0 6 7 8 6 7 5 3 5 6 6 0 0
"3355c3d7fdad9ded" 31 16520 10152 28 5248 29623 80 249 369 229 2279 89 80 199627 28 39 10290 614 80 4 232 14 192 6504 80 166 4 13 16520 590 5640 199372 1171018 -1 -1 0 0 0 0 8 9 7 6 8 7 5 4 4 7 0 0
"638670cdd729813e" 34 386 4 1267 651 30 1981 518 61 4 80 511 513 54 518 1081 80 199627 8551 19 1180 80 16520 273 19 1082 28 246 415 80 166 120 60 707 1179 1171019 -1 -1 0 0 0 0 8 9 8 8 7 8 6 6 7 8 0 0
"a1f331355f3195bf" 25 103 104 19 30 1557 77 70 54 2167 1043 80 199627 541 369 531 44 103 4235 80 967 606 90 2535 1625 1179 1171020 -1 -1 0 0 0 0 9 5 9 9 9 6 4 6 6 8 0 0
"14da6c7d74c8fadf" 35 184 1267 212 51 41 36 2938 5667 80 200449 2174 22 629 158 184 592 80 199627 249 297 7832 90 7833 80 330 1320 476 706 80 1629 603 2174 30 994 1179 1171021 -1 -1 0 0 0 0 7 9 7 9 8 6 6 9 7 10 0 0
"872edd06531940f6" 36 1334 227 44 51 39 475 184 222 973 80 44 275 90 44 2284 80 199627 90 798 1483 102 348 80 103 104 19 30 1557 77 54 518 1165 8 151 3752 1179 1171022 -1 -1 0 0 0 0 9 4 9 9 9 3 5 6 8 7 0 0
"5fa897a7bbdf8c57" 37 149973 149974 80 16520 231 154 3351 80 249 550 18280 49 1081 80 199627 291 369 1081 60 80 249 4 11 153 60 456 4 13 60 80 6 4 199372 6 4 6081 199372 1171023 -1 -1 0 0 0 0 6 7 6 7 7 8 5 8 7 7 0 0
"424c62a5b3661304" 33 369 1866 20 8198 44 4484 90 1733 80 249 28 1819 229 36 12834 80 199627 90 30 571 1866 15407 5461 80 249 119 330 112 15869 43 330 6955 199372 1171024 -1 -1 0 0 0 0 8 8 6 8 7 4 4 7 9 8 0 0
"2513a5d95c619065" 36 768 1009 33330 80 475 30 876 5934 90 30 1160 12181 80 199627 425 119 4 1028 44 1003 437 553 80 44 30 1657 77 1180 154 114 453 4 106 11 1056 199372 1171025 -1 -1 0 0 0 0 8 8 9 7 6 7 5 5 6 7 0 0
"d45d59d7fe3c7109" 47 566 4 590 120 603 1747 4 866 17101 24601 80 199627 90 942 1625 796 30 139 80 768 378 4 185 2505 60 80 90 2995 102 51 10254 408 30 4948 80 20 510 90 544 80 563 456 30 39 8646 5658 199372 1171026 -1 -1 0 0 0 0 9 7 8 7 9 7 5 9 8 9 0 0
"81f147b4602e144e" 27 369 229 127 206 36 103 4823 80 16520 11 76 749 234890 80 199627 192 28399 6425 24 80 630 297 15824 2091 290 234891 1179 1171027 -1 -1 0 0 0 0 7 8 7 6 5 5 3 4 4 5 0 0
"502f006d7ef18c48" 33 60 20 26400 80 90 369 127 66 1745 80 199627 192 208 27 150 29 90 630 14 804 80 199627 4 232 14 192 6504 80 550 51 1572 782 1179 1171028 -1 -1 0 0 0 0 7 8 7 5 5 7 4 3 5 6 0 0
"bcfc710b618c70ed" 44 33171 144 150 745 80 369 13 150 2602 80 199627 1617 83 7204 80 550 11 51 1048 706 80 199627 576 76 28 6305 80 277 19 1679 51 1895 80 199627 630 60 70 804 80 212 51 1132 319 1179 1171029 -1 -1 0 0 0 0 8 8 8 5 6 7 6 4 3 2 0 0
"e45957636a134d99" 44 798 229 590 2919 80 11 1320 154 1320 80 199627 388 150 124 80 120 30 1818 855 72 80 199627 7064 11120 83 14447 12430 80 550 51 823 275 80 199627 249 184 590 453 60 49 768 252 7387 1179 1171030 -1 -1 0 0 0 0 7 9 6 6 7 6 4 5 3 6 0 0
"1a55a333b6afdb36" 49 586 51 41 36 66 474 80 3847 36 271 5667 80 199627 32201 291 80 757 53 14 80 369 22 24 89 768 942 215 80 199627 39390 80 184 22 120 30 7833 999 80 199627 859 2995 42 90 232 3847 1133 184 999 1179 1171031 -1 -1 0 0 0 0 9 9 7 8 7 6 6 9 3 8 0 0
"6cd80274bfafff3c" 42 1091 1314 80 280 89 90 5248 80 199627 149973 149974 80 1267 120 60 70 208 80 550 271 3162 80 199627 1082 28 246 415 80 120 60 70 76 80 199627 5376 2598 80 74 206 19 5430 1179 1171032 -1 -1 0 0 0 0 6 9 5 4 6 8 5 3 4 3 0 0
"dc203a0d892b9979" 43 1767 28 1608 5162 80 102 51 348 19 14 80 199627 8551 19 1180 80 28 1819 104 1269 544 80 199627 3250 80 12562 36 70 28 6755 80 199627 144 30 3467 90 1376 80 28 554 275 9103 1179 1171033 -1 -1 0 0 0 0 8 6 7 5 7 8 4 4 6 6 0 0
"d4c768f979072365" 42 4 212 30 4155 72 28 7688 80 199627 2535 1625 36 66 19 629 80 11 20 19778 80 199627 7064 11120 83 14447 12430 80 184 590 453 60 474 80 199627 859 4522 790 1156 30 3499 1237 1179 1171034 -1 -1 0 0 0 0 7 8 6 7 8 5 4 5 3 7 0 0
"9c87819379fb7caf" 47 1009 859 2797 19 33330 80 199627 1503 30 1841 804 80 17101 24601 80 689 66352 80 199627 291 80 369 1081 103 275 80 255 83 30 855 80 199627 249 859 27 271 5164 80 44 30 176 80 24506 20 70 896 1179 1171035 -1 -1 0 0 0 0 8 6 8 5 6 4 4 3 2 2 0 0
"19662a7d78135045" 40 369 12 20 150 541 80 150 5218 80 199627 16520 255 576 76 28 6305 80 4193 51 1895 80 199627 192 28399 6425 24 80 5277 80 5926 80 199627 859 453 60 144 1750 2287 1037 1179 1171036 -1 -1 0 0 0 0 7 7 7 5 6 7 5 4 6 4 0 0
"5fcb956a6bbb526b" 46 231 653 80 249 16520 808 1718 583 80 199627 4 290 1320 80 249 369 6 967 53 70 80 199627 114 4 421 30 128 199372 550 30 1877 332 80 199627 184 1267 232 1618 80 232 5057 80 70 103 1423 1179 1171037 -1 -1 0 0 0 0 8 6 7 6 7 6 6 4 4 7 0 0
"7ec4932ab5ed4cd2" 49 967 42 80 966 64 36 4 80 1024 80 199627 232 150 706 6392 80 330 590 152 19 11456 1313 80 199627 234890 8 11012 80 5375 4355 90 6733 80 199627 425 119 4 1028 44 1003 437 553 80 119 4 421 30 2651 199372 1171038 -1 -1 0 0 0 0 9 9 8 6 6 6 5 8 4 7 0 0
"2a36ec20cd0d6f99" 51 1895 768 222 80 4 153 16520 25790 36 275 80 199627 199375 41 28 3343 80 16919 77 30 7387 80 199627 4 114 152 19 212 60 70 80 249 44 30 176 80 199627 4 166 212 60 456 4 1755 80 638 83 19 150 410 1179 1171039 -1 -1 0 0 0 0 8 7 7 6 7 6 3 4 5 6 0 0
"c7c48a2ac6385423" 56 184 484 525 80 904 603 509 51 9405 19 3569 80 199627 249 425 4 127 14 30121 80 1043 28 139 80 166 6081 80 199627 154 369 391 51729 80 30 4301 44 28 34 80 199627 249 44 1325 80 16520 11 277 19 3177 80 90 630 30 1877 804 1179 1171040 -1 -1 0 0 0 0 7 7 4 6 7 6 4 2 2 8 0 0
"1214562cac1f8a3e" 19 517 42 80 74 2755 44 2425 80 199627 229 590 7538 36 845 878 44 103 2919 1179 1171041 -1 -1 0 0 0 0 9 6 8 6 6 6 4 3 2 8 0 0
"764d89c3c8b3935d" 16 369 6121 83 30 1841 80 199627 24 44 234892 456 891 11388 509 2012 1179 1171042 -1 -1 0 0 0 0 5 6 4 4 5 4 3 2 3 4 0 0
"a482ec043d3ae1cd" 22 617 184 484 541 80 83 31 77 30 39 80 199627 223 30 35 80 425 1334 11 709 20392 1179 1171043 -1 -1 0 0 0 0 6 5 6 4 5 4 3 3 3 4 0 0
"6b07031bd0de3b65" 23 166 212 60 964 80 16520 178 19 10796 80 199627 1120 382 24 475 352 407 408 90 606 154 6583 1179 1171044 -1 -1 0 0 0 0 7 7 7 8 6 3 1 6 2 5 0 0
"a1a462c41f9f2f52" 26 369 855 297 1877 80 1964 41023 77 30 31370 3387 80 199627 13 4 5804 1364 49 2533 290 80 386 4 192 5224 199372 1171045 -1 -1 0 0 0 0 9 6 8 6 6 2 4 2 1 1 0 0
"42ac95fc1cd5ae49" 25 753 30 6386 80 192 396 2602 90 7865 80 199627 199375 146 27097 192 1779 80 146 38147 51 291 80 74 4020 1179 1171046 -1 -1 0 0 0 0 7 8 7 7 8 6 6 8 4 8 0 0
"b6eb6c04af77bb01" 25 16520 4783 90 2173 77 103 2951 42 275 369 6140 80 199627 1015 770 43 4 27 80 559 19 6156 103 20616 1179 1171047 -1 -1 0 0 0 0 7 8 7 6 7 6 3 5 4 7 0 0
"5a01aa5fffa7f70e" 22 1299 831 3763 80 451 90 451 253 80 199627 550 70 11 51 33146 80 456 378 103 3444 176 199372 1171048 -1 -1 0 0 0 0 6 8 7 6 6 4 4 4 5 6 0 0
"de777322d2a11a09" 20 1457 232 64 90 1617 80 74 61 1043 80 199627 74 554 61 8163 80 11 709 1772 1179 1171049 -1 -1 0 0 0 0 7 6 5 8 6 4 4 5 4 6 0 0
"e9a3b3ade48a042a" 23 276 103 2348 4633 42 271 4918 779 80 199627 184 20 30 1287 80 1085 4 89 80 229 74 32200 1179 1171050 -1 -1 0 0 0 0 8 5 6 6 6 3 4 2 1 2 0 0
"352caa9004606371" 20 166 1028 70 103 3444 80 2539 28 1140 80 199627 55500 2348 9289 770 80 184 11 14192 1179 1171051 -1 -1 0 0 0 0 7 8 6 6 6 2 4 8 4 4 0 0
"90d9d1d9eeb65af7" 31 232 2659 811 49 28 246 80 788 897 206 80 199627 566 4 1745 768 11 3836 28 206 199372 484 19 176 30 293 80 166 563 10732 1179 1171052 -1 -1 0 0 0 0 6 8 7 7 7 4 3 4 3 5 0 0
"1d12cd9aee8bc633" 28 212 51 108 757 53 20690 80 43 96 4 2360 80 199627 369 11 1267 283 4 80 24 19 30 139 184 904 19 855 1179 1171053 -1 -1 0 0 0 0 7 5 6 6 6 3 4 3 6 6 0 0
"9bed65365f437fef" 31 1120 14 51 6027 80 199375 2369 60 44 30 1044 77 1886 90 38461 80 199627 2505 30 2644 80 330 166 1525 14 89 49 8 3171 27320 1179 1171054 -1 -1 0 0 0 0 7 7 7 6 4 6 3 8 4 6 0 0
"1d196ec999b819b7" 24 199374 68 144 60 70 80 249 16520 808 1718 583 80 199627 747 19 1343 1749 102 51 11019 1037 30 35 1179 1171055 -1 -1 0 0 0 0 8 9 8 6 6 6 4 4 5 7 0 0
"752c0e9ee7f60c93" 36 330 71 1525 8 226 721 80 16520 747 36 51 2919 80 199627 1267 606 28 600 90 232 28 1541 6392 80 199627 443 36 4 80 166 4 13 154 173 1745 199372 1171056 -1 -1 0 0 0 0 8 5 7 6 6 4 3 2 1 3 0 0
"1532f11e84d84eed" 25 4 1267 46 144 80 550 17 527 19 232 14 5342 80 199627 369 13 70 297 398 90 330 70 200466 21328 1179 1171057 -1 -1 0 0 0 0 6 6 7 6 6 3 3 4 4 5 0 0
"cd34d0df79c879e1" 28 30 55500 68 234893 80 206 19 707 297 1035 90 10992 80 199627 1120 14 51 6027 90 1015 14 559 4 12 20 28 6354 1179 1171058 -1 -1 0 0 0 0 7 5 8 6 4 6 3 8 4 6 0 0
"5e3ef627396e101f" 27 4 484 150 4527 83 14 80 249 173 808 2659 811 80 199627 386 7538 36 297 26024 456 4 153 16520 107 19 8405 1179 1171059 -1 -1 0 0 0 0 7 8 7 9 9 7 6 2 5 5 0 0
"460d43f68c8d0712" 25 369 229 2659 406 80 550 40967 36 4 90 14 80 199627 90 199375 20 7599 4 89 756 184 1084 166 13 1179 1171060 -1 -1 0 0 0 0 6 7 6 7 8 6 7 2 8 4 0 0
"1861eb78fa3c1a74" 28 15155 83 234892 80 456 184 996 321 90 44 61 80 199627 425 1334 11 3836 849 80 352 1165 28 1893 90 8914 42 549 1179 1171061 -1 -1 0 0 0 0 8 6 7 8 7 5 9 3 9 7 0 0
"5900d1a461830700" 24 127 28 4309 31596 17536 80 5796 36 30 1160 80 199627 74 161 1499 844 153 1334 11 1093 5106 804 10145 1179 1171062 -1 -1 0 0 0 0 8 7 8 6 7 6 6 1 3 1 0 0
"8e03320116816532" 26 20453 19352 127 603 1534 80 249 16520 808 30 161 330 7552 80 199627 330 234894 14 22055 30 2602 90 60 70 234895 1179 1171063 -1 -1 0 0 0 0 9 8 9 7 7 9 7 7 4 3 0 0
"485007ba192e784a" 27 369 443 1312 44 1167 80 2505 30 2644 77 30 12259 80 199627 1624 114 106 60 80 103 61 104 3917 80 74 1547 1179 1171064 -1 -1 0 0 0 0 9 8 7 6 7 7 6 6 9 6 0 0
"a207749fad1aed31" 25 276 103 2348 567 80 181597 44 83 28 3025 199372 199627 173 11 17674 49 2533 290 80 199374 68 749 937 24921 1179 1171065 -1 -1 0 0 0 0 9 8 6 5 7 9 4 4 5 2 0 0
"57564501b9ab675d" 32 859 119 1750 60 1357 80 184 836 290 36 61 90 4181 80 199627 915 80 4 127 14 192 1043 80 16520 30121 80 28 234829 44 51 17755 1179 1171066 -1 -1 0 0 0 0 9 7 8 9 7 5 5 3 8 9 0 0
"355d884e3e4d5174" 49 352 68 2348 436 14 80 2348 767 164904 80 199627 249 369 11 1120 382 348 80 146 2844 174 234896 1179 199627 369 391 102 80 234897 80 4 153 16520 25790 80 1261 199627 6 4633 49 28 721 80 860 20 586 154 3610 1179 1171067 -1 -1 0 0 0 0 7 6 6 7 8 7 4 5 5 5 0 0
"74a8097e94001079" 45 234833 174 5120 80 1267 453 60 151 80 199627 4 166 212 60 49 4 456 4 4438 3617 1179 199627 192 146 38147 51 291 80 344 11 17 474 80 199627 1183 245 4179 80 6 481 603 44 154 70534 1179 1171068 -1 -1 0 0 0 0 8 7 5 7 6 7 7 8 7 9 0 0
"13e3a482c28704f6" 48 369 484 19 1368 30 293 80 550 206 19 283 340 80 199627 184 229 14845 76 749 80 184 127 525 19 8951 1179 199627 166 120 1620 4633 49 271 721 80 199627 192 184 200438 60 89 80 119 43 184 1267 119 1179 1171069 -1 -1 0 0 0 0 9 8 9 7 7 7 3 3 4 3 0 0
"cac03d1c93c5cf93" 43 74 4950 80 11 16270 13595 19 2919 80 199627 249 184 20 30 1287 80 15492 144 30 1237 1179 199627 6 4633 49 770 80 860 13 184 6 436 80 199627 184 629 44 107785 80 747 19 17017 1179 1171070 -1 -1 0 0 0 0 8 6 7 7 7 5 4 2 4 2 0 0
"17a61ebbd2cd2ee8" 45 166 283 4 72 28 34 80 369 1267 5634 80 199627 352 32 14844 49 91354 80 807 2348 4488 1179 199627 249 4 80 915 80 4 32 83 28 27417 80 199627 166 1420 76 386 80 369 11 1267 5302 1179 1171071 -1 -1 0 0 0 0 7 7 6 8 7 7 5 2 3 3 0 0
"8a4fae5fa51676d9" 47 68 144 470 90 24 80 360 60 70 223 80 199627 192 1112 369 96 19 606 28 600 80 3596 1179 199627 30 2602 80 30 651 80 30 6163 369 8917 80 199627 249 369 232 83 1617 80 146 2911 28 4595 1179 1171072 -1 -1 0 0 0 0 7 7 5 6 5 7 6 5 7 9 0 0
"5809e0b0f35353bc" 43 689 669 172395 80 369 27 28 29 1342 80 199627 206609 297 2971 474 1037 27323 80 146 3614 1179 199627 90 617 550 76 80 4 166 212 60 24 80 199627 229 74 4541 80 11 32 83 2662 1179 1171073 -1 -1 0 0 0 0 9 8 6 6 7 6 4 4 2 4 0 0
"4b0c8b5ae0996039" 46 330 390 330 153 14 80 249 344 17 33 80 199627 154 369 391 51729 80 16520 15405 28 29 5269 1179 199627 1015 603 4805 80 6 629 172 80 199627 184 127 51 226 3387 80 166 119 60 83 150 29 1179 1171074 -1 -1 0 0 0 0 7 9 8 6 9 9 3 3 5 2 0 0
"c723840877d43e6c" 52 4 68 14844 49 28 1964 80 6 153 43 19 119 80 199627 4 32 83 28 27417 80 915 80 369 1310 184 996 144 1179 199627 249 200450 453 60 474 80 4 153 475 19 7048 80 199627 11 1267 120 208 80 4 1267 35 44 1179 1171075 -1 -1 0 0 0 0 8 9 7 5 8 6 7 3 7 4 0 0
"17fc86071fb48d69" 51 330 13 14 509 51 71490 80 2348 2975 60 89 80 199627 249 369 166 232 30 1342 80 550 28 206 19 457 30 5228 1179 199627 689 669 172395 80 369 27 28 29 139 80 199627 5358 33 19 1167 80 74 1539 43 330 185 1179 1171076 -1 -1 0 0 0 0 7 7 7 8 6 3 3 9 8 9 0 0
"74207a6c55cb505c" 48 369 391 102 80 1330 80 1267 232 60 340 80 199627 90 1624 114 106 60 80 153 559 369 106 1179 199627 229 74 234885 456 60 2287 19 14 80 199627 43 4 13 104 43 4 283 80 344 559 60 558 20 1179 1171077 -1 -1 0 0 0 0 9 9 8 9 6 8 4 3 6 2 0 0
"5193ac11eeacfacb" 48 28 490 104 3917 80 229 74 25468 4851 80 199627 369 13 192 234 398 80 2348 27 8 994 1179 199627 158 4 1120 14 51 6027 80 199375 1120 161 24 174 80 199627 460 4 245 4537 80 250 4 453 60 144 1179 1171078 -1 -1 0 0 0 0 8 7 7 6 7 9 6 5 4 8 0 0
"8dd173397826eb67" 43 20453 5280 80 2348 520 271 4047 80 199627 249 184 13 144 30 4355 80 1334 17 1534 1179 199627 757 53 743 80 15340 36 30 1829 6386 80 199627 234845 770 89 80 1267 32 12928 80 6 19687 1179 1171079 -1 -1 0 0 0 0 9 7 9 8 6 9 6 9 6 9 0 0