213
366
382
402
672
720
742
775
1889
2467
2628
2993
3699
3753
4575
4885
4980
5252
5272
5304
5459
5950
5968
5996
6068
6248
6259
6886
7166
7542
7929
8054
8580
8919
8948
9482
10085
10477
10923
11014
11284
11663
11748
11816
13199
13373
14079
14334
15354
15614
16736
16864
17049
18023
18712
19117
19202
19553
19685
19704
19943
19960
20533
20695
23088
23224
23515
23912
24359
24741
24749
25030
26309
26368
26467
26602
26793
27143
27399
27617
28001
28194
28464
28740
28944
29549
30824
30903
31008
31053
31466
31972
32202
32301
32344
32898
33018
33070
33234
33648
33911
34053
34768
35170
35501
35685
35949
36267
36447
36616
37140
38206
39113
39148
39342
39722
39911
39934
40192
40492
40597
40780
40948
41244
41490
41714
42222
42394
42827
42855
43423
43835
44040
44240
45352
45396
45433
45472
45862
46031
46155
46778
47214
47673
47914
48764
48800
48918
49693
50462
50769
51866
51963
52557
53294
53556
53931
54757
54825
54894
55027
55291
55552
56117
56216
57790
58506
59161
60153
60246
60491
60871
61797
61886
62159
62195
62581
62983
63947
63957
64699
64716
65068
65144
65520
65544
65960
66141
66413
66594
66597
67628
68366
68374
68501
69437
69455
69473
70774
71352
71369
71751
71761
71823
71866
73582
74477
74606
74657
74696
74703
74892
75087
75554
75799
76220
77294
78099
78305
78315
78423
78886
79587
79711
79883
81230
81388
81743
81749
81809
81893
82343
82480
82483
82929
83069
83750
83870
83947
84259
84429
85001
85566
85695
86562
88065
88164
88451
88487
89282
89733
89830
90099
90196
90791
90991
91498
92594
92648
92693
93066
93344
93595
93805
93905
94334
94553
94770
95172
95446
95677
95902
97437
97730
98009
98110
98372
99166
99717
100784
102484
103054
103284
103826
104115
104624
105080
105224
106685
106841
106892
106999
107816
108366
108370
108807
109105
110142
110647
110814
111202
112495
112831
112981
113579
114557
116329
116644
117048
117076
117162
117195
117444
117864
117907
118119
118468
119296
120023
120641
120879
121183
121196
122403
122909
124207
124445
124721
125429
125742
126436
127093
127246
127262
127354
127554
128444
128546
128857
128871
129041
129562
130302
130640
130712
131009
131508
132006
132106
132578
132632
133266
133629
134312
134474
134762
134844
135085
135162
135266
135957
136213
136401
136438
136717
136866
138583
138887
139880
139900
140254
140298
140446
140630
140706
141083
141352
141403
141595
141919
142518
143477
143553
143940
144336
144457
144657
144835
144948
146500
146678
147657
147733
148332
149484
150423
150609
151035
151188
151388
151755
151852
151972
152405
153218
153270
154121
154220
154239
154412
155182
155981
156209
156737
156774
157886
158141
158385
158707
159159
159444
159612
159936
159940
160001
160596
160904
160907
161230
161783
161980
162493
163346
163589
163716
163717
164553
164595
165908
166417
166519
169765
171225
172069
172403
173725
173925
174926
175101
176285
176711
177038
177123
177678
178046
178807
179022
179442
182564
183377
183569
183643
183676
183721
184819
185738
185767
186265
186865
187055
187158
187440
188660