156
556
675
1007
1263
1664
1950
2190
2319
2334
2642
2656
3156
3592
4397
4450
4551
4686
4795
5017
5025
5381
5683
5899
5968
6251
6458
6753
6829
6891
6976
7556
8025
8094
8837
9065
9103
9276
9480
9848
10039
10405
10476
10700
12119
12153
12293
12791
13839
14248
14774
15305
15367
15538
15678
15878
15976
16193
16300
16683
16722
16900
17039
17153
17305
17902
19036
19089
19532
20312
21235
21594
21989
22603
23430
24153
24373
24959
25242
26034
26365
26728
26902
27538
27646
29860
30192
30421
30509
30625
30702
30896
31499
32348
32597
33065
33106
33553
35580
35690
35805
35942
36403
36444
36603
36834
37103
37239
37559
37727
38217
38844
39009
39605
39934
40189
40772
40955
41356
41495
41832
42597
43028
43202
43225
44888
45157
45188
45309
46165
46236
46291
46301
46321
46418
46580
46751
46833
47130
47311
47489
47519
47637
47779
48819
49270
49767
49777
49989
50459
50662
50747
50838
50859
51197
51209
51623
51766
51896
52510
52563
53189
53194
53341
53396
53628
53992
55273
55521
55571
56503
56678
57145
58074
58279
58508
58614
58668
58887
59070
59147
59895
60511
60899
61035
61104
61315
61853
62198
62297
62479
62548
62556
62916
64294
64332
64687
65502
65734
65789
66069
66573
66591
66753
67164
67895
67952
68322
68849
68934
69537
69788
69792
69884
70565
70859
71229
71277
72093
72425
73009
73560
73675
74218
74418
74876
74977
75159
75301
75473
76182
76274
76548
76697
78431
80472
80762
80988
81448
82604
82675
82692
83211
83611
83993
84208
84527
85048
85542
85599
85651
85770
85986
86567
86709
86826
87628
88326
89416
89854
90806
90893
90978
91393
91453
91491
91882
91993
92187
92409
92654
92664
92666
92986
93244
93767
94044
94175
96141
96453
96542
96711
97056
97062
98024
98382
98893
99108
99166
99523
99848
100385
100540
100950
101306
101633
102131
103015
103032
103140
103513
103941
104222
105222
105274
105290
105664
105675
105695
106267
106834
107041
107365
107597
108476
108521
109194
110145
110778
111352
111356
112309
112861
113018
113131
113980
114702
114786
114834
115077
115571
115814
116759
116876
116984
116992
118186
118619
118924
119034
119078
119262
119577
119764
120371
120850
121067
121595
121641
121839
121864
122574
122750
123593
123608
124962
126473
126977
127667
128801
128976
129225
129612
129988
130288
130844
130867
131032
131546
131578
132387
132860
133084
134013
134113
134119
135051
135056
135066
135868
136775
137166
137492
137728
137757
137891
138298
138519
138531
138538
139128
139249
139574
139633
140247
140635
140730
141323
141324
142306
142402
142735
143130
143498
143553
143686
144479
144863
145071
145115
145119
145314
145342
145740
145770
146602
146891
147503
150192
150371
150499
151459
151682
152405
152693
153042
153450
153472
153531
153735
153777
153891
154213
154419
155148
155196
155927
156303
157524
158096
158252
158390
158676
159450
160001
160315
162539
162730
163170
163468
164425
164865
165369
165938
166335
166407
166765
166886
167235
167701
168264
168286
168482
168496
169461
170269
170272
170896
171449
171550
171688
171699
171893
171897
172351
172483
172902
173596
174629
174725
175538
176042
176086
176223
176317
176819
176832
178099
178130
178243
178293
178625
178863
179293
179413
179442
179660
180273
180321
180675
180868
180874
181455
181951
183021
183129
183456
183603
183688
183730
183936
184465
184554
185170
185471
185556
185683
185801
186422
187077
187395
187748
188166
188680
188948