48
304
370
402
409
588
600
1067
1251
1292
1346
1900
3326
3542
3599
3885
4673
4697
4785
5149
5155
5330
5476
5739
5800
5809
6105
6251
6335
6427
6616
6783
6812
6855
7003
7202
7419
7732
8704
8980
9261
9273
9558
10349
10368
10893
11631
12097
12198
12308
12380
12427
12500
12777
13081
13512
13587
13921
14351
14621
15053
15419
15526
15540
15606
15732
16442
18397
19020
19716
19954
20107
20635
21893
22277
23009
23045
23500
23634
23644
23657
23891
24231
24406
25131
26240
27149
27252
27347
27413
28056
28103
28624
28998
29103
29260
29394
30479
30856
31437
31655
33180
33543
33702
34223
34852
35497
35510
35699
35954
36258
36260
36711
37244
37295
37632
38206
39479
39537
39796
40096
40814
41139
41356
41956
42688
43067
43405
43663
43779
44405
45007
45151
45317
45426
45952
46503
46557
46974
47158
48159
48730
48814
48907
48925
49287
49862
50034
50167
50493
51828
51905
52248
52355
52636
52784
53124
53205
53392
53756
54104
54166
54314
54345
54505
54787
55481
55529
55604
55621
55842
56280
56532
56749
57200
57783
58746
59144
59188
59230
59900
59928
60738
60815
60831
60845
61013
61129
61375
61690
62023
62477
62538
62584
62596
63622
64558
65149
65489
65973
66263
66923
67298
67601
68906
69430
69781
69866
70066
70521
71384
71795
71804
72218
72481
72739
72818
73460
73530
74289
74619
74967
75340
75905
76222
76703
76918
76981
77509
77748
77907
78016
78085
78352
78428
78834
78914
78952
79314
79555
80159
81044
81113
81453
81569
81767
81789
82471
83057
84392
84836
85702
85842
86012
86042
86342
86581
86629
87000
87580
87634
88456
88850
90049
90307
90881
90961
91447
91552
91601
92093
92154
92278
92310
92630
92968
93085
93141
93598
93898
94729
95003
95444
95463
97206
97439
97492
97750
98078
99635
99686
100282
100398
101217
101464
101758
103433
104739
105680
106015
106083
107101
107413
107860
108460
108661
109015
109236
109808
110496
110547
111218
112401
113822
114227
114786
114801
115239
115595
115706
115946
116132
116455
116829
117149
117539
118000
118119
118165
118203
118212
118246
118815
120478
120508
120741
121320
121475
121707
123184
123646
123811
123903
124029
124585
125004
125164
125202
125410
125464
125683
126133
126550
126585
126927
127001
127257
127421
127544
128644
128837
128857
128922
128939
129258
129436
129657
129961
130700
131337
131582
131970
132233
132383
132541
133171
133455
133502
133575
133752
133861
134272
134361
134709
135966
136591
136880
137161
137334
137412
137421
137425
137492
137769
138102
138344
138433
138752
138774
140521
141427
141922
142071
143029
143622
143720
143983
144036
144224
144240
144381
146449
146760
147043
147903
148801
149405
149529
150380
150400
150528
150836
151002
151797
152154
152305
152441
152893
153263
153274
153283
153454
153489
154093
154111
154906
155144
155588
155696
156020
156205
156303
156544
157181
158006
158268
158339
159268
160012
161614
161711
163371
163834
164072
164216
164570
164822
164871
166210
166349
166397
168290
169448
169641
169759
170202
170399
170706
171234
171475
172488
172755
173194
173208
173413
173452
174358
174635
174955
174970
175790
176263
176351
176908
177571
178236
178978
179221
179276
180054
180166
180357
180543
181853
181929
182034
182036
182241
182785
182965
183419
183683
183861
183930
184554
184563
184616
185471
185988
186405
186684
186725
187303
187444
187837
188403