"b8d0b04f255bbda1" 46 509 30 876 17565 90 30 1472 16730 80 199627 16520 747 19 212 83 97 4944 90 20 30 634 77 30 11488 80 199627 232 28 124 809 90 28 4097 70 44 80 199627 11 120 28 3492 2118 2283 90 999 1179 1172806 -1 -1 0 0 0 0 9 8 7 5 6 4 3 5 6 6 0 0 0 0 0 0
"6126e6583be9a389" 23 127 103 4274 83 14 80 743 71 32 5100 80 199627 90 859 232 5054 80 6 453 770 208 12593 1179 1172807 -1 -1 0 0 0 0 6 5 8 7 6 3 3 3 3 4 0 0 0 0 0 0
"dde7299ed1f3725b" 25 16520 8198 44 5947 80 408 28 1964 19 28 6905 80 199627 44991 44992 83 28 1059 80 88133 42786 83 28 3041 1179 1172808 -1 -1 0 0 0 0 9 7 9 6 6 2 2 2 5 2 0 0 0 0 0 0
"7f8b4abd531035a5" 50 16520 76 749 15044 80 1267 453 154 4478 542 80 199627 1112 369 106 102 369 11 166 5823 154 34479 90 3626 80 199627 456 184 216 30 4774 80 184 590 453 60 8866 80 199627 1062 2410 3288 42 80 344 559 184 1082 42 1179 1172809 -1 -1 0 0 0 0 8 7 8 5 6 4 3 4 2 5 0 0 0 0 0 0
"e182c02c3432a88e" 30 967 80 369 127 51 6026 36 4 80 90 60 229 74 3757 80 199627 456 184 216 30 3025 80 550 102 51 38669 80 184 22968 1179 1172810 -1 -1 0 0 0 0 7 6 8 6 6 5 3 3 2 3 0 0 0 0 0 0
"a8ac578648cb6d96" 21 127 14 231 102 51 361 5149 80 199627 90 60 229 234836 19 630 150 3012 44 30 5235 1179 1172811 -1 -1 0 0 0 0 8 7 8 6 6 3 5 4 2 3 0 0 0 0 0 0
"1b9f28f5ae1e3122" 44 369 443 1003 340 4484 80 166 7538 36 878 80 199627 90 456 184 216 30 3288 80 550 590 283 2214 42 80 74 3592 80 199627 352 13 30 4484 80 352 229 4017 973 80 352 835 184 4176 1179 1172812 -1 -1 0 0 0 0 9 7 8 6 6 3 2 2 5 2 0 0 0 0 0 0
"a0c5801b5629635e" 25 4180 20 1786 369 7 19 2967 28 706 42 80 199627 249 369 166 120 1957 3756 80 1267 232 8570 28 4688 1179 1172813 -1 -1 0 0 0 0 7 6 7 5 5 5 2 3 2 4 0 0 0 0 0 0
"5f3e12e1c0b79f56" 27 161 511 2967 785 19 30 908 369 146 1310 199373 13 80 199627 425 550 206 19 544 28 2110 90 120 603 20 544 1179 1172814 -1 -1 0 0 0 0 9 7 7 5 6 4 3 3 5 5 0 0 0 0 0 0
"1f4890aabe9a2658" 22 184 553 1364 80 30 3387 104 370 42 80 199627 90 184 629 49 154 4869 102 51 24126 6032 1179 1172815 -1 -1 0 0 0 0 7 6 8 6 6 3 2 4 2 3 0 0 0 0 0 0
"d0867fa2213a7956" 28 2975 90 14908 80 28 1964 104 1588 80 199627 249 456 4 2976 14 102 154 80 70 369 114 185 104 4 4 4 4 1179 1172816 -1 -1 0 0 0 0 7 8 6 8 5 6 8 2 7 4 0 0 0 0 0 0
"c8e4dd1aea0a186e" 33 199375 4758 30 4623 80 11 212 30 176870 80 199627 453 74 5294 80 184 70 178 154 275 80 199627 249 488 200450 119 17087 90 4276 559 184 3824 1179 1172817 -1 -1 0 0 0 0 8 7 7 5 7 4 3 6 2 4 0 0 0 0 0 0
"4f7529cf0addf138" 25 18227 83 28 2312 4010 80 234840 192 8026 80 199627 249 30 915 25 28 319 80 352 200443 340 30795 90 1056 1179 1172818 -1 -1 0 0 0 0 7 7 6 6 6 2 8 2 2 5 0 0 0 0 0 0
"55754c6f5917fcf1" 30 127 14 12866 102 51 7174 80 199627 935 1165 51 5137 19 30 804 80 199627 249 184 808 232 154 3351 199627 59829 80 32 5056 6196 1179 1172819 -1 -1 0 0 0 0 7 6 7 5 6 2 2 3 2 4 0 0 0 0 0 0
"af7f041b04fd459b" 17 119 4 299 390 77 14 80 199627 107 394 14 80 249 369 477 13 1179 1172820 -1 -1 0 0 0 0 6 6 8 5 5 4 3 4 6 4 0 0 0 0 0 0
"639fe0879ec64499" 36 70 297 1829 410 590 350 102 6743 80 199627 184 808 548 102 292 35250 80 199627 629 83 90 967 80 53078 80 199627 4 634 632 1085 1031 184 4849 150 4502 1179 1172821 -1 -1 0 0 0 0 7 8 9 6 8 7 3 3 5 5 0 0 0 0 0 0
"3ab5c10f32358c64" 34 1267 232 28 600 83 30 4132 80 199627 120 14 1082 42 28 3004 223 369 222 80 199627 1267 656 691 768 199375 1679 51 199627 24126 6032 44 28 319 1179 1172822 -1 -1 0 0 0 0 8 6 7 7 6 5 4 5 3 4 0 0 0 0 0 0
"7dbb8f3b6dd68cc6" 29 13 770 44 30 3288 80 199627 90 14042 5554 5714 30 1307 80 199627 1629 770 1062 60 42 80 199627 859 630 4 8936 36 511 1179 1172823 -1 -1 0 0 0 0 9 9 9 8 7 5 2 3 4 5 0 0 0 0 0 0
"50b6e521220a1ffd" 40 550 206 19 707 30 1035 90 544 28 2110 80 199627 59829 80 629 90 10347 30 1895 80 199627 90 456 184 4522 80 4 634 1028 199627 70 28 4484 340 80 11 2103 30 6737 1179 1172824 -1 -1 0 0 0 0 9 8 8 7 8 6 3 4 3 4 0 0 0 0 0 0
"fd17ac6e9585db30" 43 231 102 51 14751 2505 1897 80 199627 249 16520 30 634 77 30 634 80 11 1629 14 6046 80 199627 166 120 14 3756 49 70 297 4180 199627 277 19 1525 14 89 80 249 16520 808 30 2277 1179 1172825 -1 -1 0 0 0 0 7 8 8 6 8 7 5 4 4 4 0 0 0 0 0 0
"4b35148a21ccea75" 42 369 232 60 10257 102 16520 44 30 4366 80 199627 698 14 51 25544 80 249 154 229 74 108 80 199627 1267 542 154 4181 90 453 60 920 199627 223 30 13487 1357 451 90 1334 174 1779 1179 1172826 -1 -1 0 0 0 0 9 7 7 7 8 4 2 7 4 8 0 0 0 0 0 0
"1afef5218e127d94" 26 90 192 369 251 19 9289 4 80 223 550 174 2780 80 199627 6128 79 3012 44 30 5235 456 798 1734 49 994 1179 1172827 -1 -1 0 0 0 0 8 7 6 6 7 2 2 8 3 7 0 0 0 0 0 0
"6887bb762356e238" 18 232 60 7397 80 3235 7398 6392 80 199627 49 44991 44992 15558 80 234840 11 474 1179 1172828 -1 -1 0 0 0 0 6 5 4 4 5 3 1 3 6 2 0 0 0 0 0 0
"fd12b7d6326abddb" 28 184 293 154 784 235071 80 199627 201798 83 28 2312 4010 80 199627 90 107 394 14 80 71 1629 28 24 199627 509 369 3714 1179 1172829 -1 -1 0 0 0 0 7 6 6 5 5 3 2 3 3 4 0 0 0 0 0 0
"19571e2ea66e7674" 31 11102 44 88133 42786 80 909 1056 80 199627 249 551 51 2203 154 5934 80 199627 10290 28 1541 1366 509 16520 2348 232 42 199627 49 297 9523 1179 1172830 -1 -1 0 0 0 0 8 7 6 6 6 3 2 5 4 2 0 0 0 0 0 0
"d9b93648465e37a9" 47 4 28580 80 2348 780 711 749 80 199627 1629 14 2995 90 184 114 119 17087 80 453 60 595 80 199627 229 74 206 36 70 154 177416 177416 80 199627 1334 83 51 409 80 166 2988 89 80 4 166 632 14 1179 1172831 -1 -1 0 0 0 0 8 8 8 6 8 6 4 3 4 5 0 0 0 0 0 0
"15f8e4c48425ffc2" 32 1062 2410 3288 42 80 4 4 4 4 80 199627 1112 369 106 154 34479 5083 144 80 199627 249 199375 232 83 3470 80 43 1499 114 369 119 199372 1172832 -1 -1 0 0 0 0 9 9 8 8 6 5 2 2 3 4 0 0 0 0 0 0
"5462190470ef476a" 25 166 120 14 3756 80 550 280 823 19 32 3906 80 199627 249 352 2960 30795 80 1009 352 114 4758 28 2602 1179 1172833 -1 -1 0 0 0 0 7 6 5 5 4 3 7 3 6 2 0 0 0 0 0 0
"52cd950d2e12d5ff" 24 780 7008 603 9200 80 550 206 19 1269 603 544 80 199627 28 2110 68 4149 42 80 229 74 3262 22842 1179 1172834 -1 -1 0 0 0 0 8 7 7 8 8 6 4 2 3 6 0 0 0 0 0 0
"8672fdbf100e2a8d" 25 229 30643 1387 80 369 935 127 28 2091 418 80 199627 249 352 229 4017 973 80 352 658 460 14 154 7687 1179 1172835 -1 -1 0 0 0 0 7 6 5 4 4 3 7 3 6 2 0 0 0 0 0 0
"768fef22e409d940" 20 11 212 30 176870 80 6107 603 24126 528 80 199627 184 1267 3177 80 74 206 36 3361 1179 1172836 -1 -1 0 0 0 0 5 6 7 8 9 8 3 5 4 2 0 0 0 0 0 0
"1ad08fbf2c05a5b1" 24 1062 2410 3288 42 80 249 107 394 14 19 3326 80 199627 369 166 520 1167 80 16520 11 174 1330 9062 1179 1172837 -1 -1 0 0 0 0 7 7 6 6 7 9 3 4 2 3 0 0 0 0 0 0
"a32ed213fbf8d071" 24 848 104 51 2203 154 5934 249 550 823 19 13 80 199627 28 1964 104 1588 80 249 28 4097 229 544 1179 1172838 -1 -1 0 0 0 0 6 7 6 8 7 5 2 2 3 7 0 0 0 0 0 0
"6464b3252c0ca82b" 23 184 70 35 102 30 292 35250 80 2911 19 30 2249 80 199627 5012 36 8255 408 603 24126 528 200456 1179 1172839 -1 -1 0 0 0 0 5 6 7 7 7 8 4 6 3 7 0 0 0 0 0 0
"3746bd6fa620d522" 24 136 369 137 119 60 80 249 369 136 2505 154 80 199627 698 14 51 25544 80 443 139 369 114 3626 1179 1172840 -1 -1 0 0 0 0 9 8 5 5 5 4 3 3 2 2 0 0 0 0 0 0
"a6028d6207a02efd" 24 161 511 2967 19 43 369 1310 199373 146 20 80 199627 90 14042 5737 11 51 7605 80 60 6 636 14 1179 1172841 -1 -1 0 0 0 0 4 5 6 8 7 8 8 6 4 9 0 0 0 0 0 0
"f0b08fb330ff2ce0" 23 4 558 632 1085 80 7420 43 566 4 18 77 199372 199627 28 4848 10290 5695 408 103 224 77 61 1179 1172842 -1 -1 0 0 0 0 8 7 4 4 5 7 5 3 6 4 0 0 0 0 0 0
"8c6c5710af69ec15" 23 184 844 879 80 1409 154 4478 83 30 319 80 199627 11 51 783 107 83 6564 19 232 770 1366 1179 1172843 -1 -1 0 0 0 0 6 6 6 7 8 5 3 4 2 3 0 0 0 0 0 0
"663ffba3410a33a8" 27 179201 80 229 30643 1387 80 249 70 369 7 104 51 25544 80 199627 1267 453 60 1209 80 229 74 1883 36 74 61 1179 1172844 -1 -1 0 0 0 0 7 6 5 6 8 4 3 4 2 2 0 0 0 0 0 0
"443053e6e70c09c0" 22 967 42 80 783 1981 80 232 150 525 10257 199627 103 721 104 747 19 507 80 184 229 1736 1179 1172845 -1 -1 0 0 0 0 5 6 8 6 8 6 6 6 4 7 0 0 0 0 0 0
"d561f7ad20d2ec9a" 21 184 780 20010 90 551 51 4523 154 5934 80 199627 271 235072 14715 80 1334 83 30 1299 224 1179 1172846 -1 -1 0 0 0 0 7 7 6 6 8 6 4 4 7 5 0 0 0 0 0 0
"e39aa0bdeb5b0e67" 25 456 4 5427 80 119 4 299 390 77 14 199372 199627 199375 1082 42 28 3004 80 860 13 276 30 235073 6273 1179 1172847 -1 -1 0 0 0 0 6 6 7 8 7 5 4 4 8 5 0 0 0 0 0 0
"7742b22645a0c114" 21 2432 83 245 6230 90 283 866 28 7276 80 199627 4 9989 83 1031 16520 1598 44 103 1394 1179 1172848 -1 -1 0 0 0 0 7 8 4 5 6 3 2 3 2 3 0 0 0 0 0 0
"2effdce219a2a5a7" 22 70 297 63 12 629 53 14 49 525 80 199627 249 199375 808 20 1718 80 16520 633 408 370 1179 1172849 -1 -1 0 0 0 0 5 6 8 6 7 6 2 4 2 8 0 0 0 0 0 0
"a76a558b9af2dec3" 24 4 27 815 554 80 1031 369 11 592 60 76 80 199627 249 629 9518 80 4 153 860 629 24 406 1179 1172850 -1 -1 0 0 0 0 8 7 6 6 7 4 7 5 5 4 0 0 0 0 0 0
"4c5106fd7ddd7792" 24 158 16520 76 83 28 29 80 6 3589 178 14 80 199627 199375 20 11 1056 80 1618 83 90 231 544 1179 1172851 -1 -1 0 0 0 0 8 7 8 6 6 7 3 3 2 4 0 0 0 0 0 0
"3f90fb5965330d64" 22 4 1310 4 56 656 83 252 51 824 80 199627 249 1767 808 76 848 80 8041 150 788 6275 1179 1172852 -1 -1 0 0 0 0 7 8 7 7 6 5 2 6 3 5 0 0 0 0 0 0
"90313425c384748c" 27 4 114 152 19 629 53 14 80 249 860 146 999 80 199627 1031 173 76 848 3533 80 199375 20 2441 28 29 5814 1179 1172853 -1 -1 0 0 0 0 8 8 9 7 7 7 3 4 4 4 0 0 0 0 0 0
"45dbda850a17d0ac" 29 1767 808 1366 80 249 1767 17 30 161 36 14 80 199627 192 629 83 80 283 866 28 7276 80 200450 13 475 184 114 20 1179 1172854 -1 -1 0 0 0 0 7 8 7 6 6 6 9 3 5 6 0 0 0 0 0 0
"06378e03264c0ae9" 24 369 215 20 83 28 29 80 249 344 11 1056 80 199627 369 6 7 1620 1499 80 199375 232 83 6174 1179 1172855 -1 -1 0 0 0 0 7 7 6 5 6 7 5 3 3 2 0 0 0 0 0 0
"fc87e5d63affa480" 24 4 9989 83 80 344 932 80 199375 20 11 1056 80 199627 1031 70 297 63 390 330 114 212 66 1745 1179 1172856 -1 -1 0 0 0 0 8 7 6 7 5 5 3 3 3 4 0 0 0 0 0 0
"aaa1b34ddf1273c1" 26 70 297 2110 61 277 19 4928 8 1268 80 199627 249 199375 808 453 4 7570 80 192 629 90 10347 103 2144 2127 1179 1172857 -1 -1 0 0 0 0 9 8 8 7 6 7 4 2 3 4 0 0 0 0 0 0