"7ee4101297bd6081" 62521 43418 30635
"a54e995460b247d8" 2427 47854
"5e4d1361e8f87aed" 157210 47854 67420
"c98062f6b736c7b1" 30635 121536
"4a53a707d3ead32a" 131794 59149
"55de128ec8b9b572" 44211 97297
"2140782e3036ead1" 30635 100525 33501
"398396e7814fa2b4" 12600 31054
"031c04533e01f204" 29452 60711
"db709fbffd6d2fa0" 149785 155171 4460
"617d58d35e0c8897" 115541 49944
"8ef9783efe2813fa" 85663 126342 58970
"2e6682e3fcf4a08f" 87660 92093 42484
"b2be75ad76ff76bd" 127430 47854 39702
"13c67a3fdf99e306" 118449 152967
"ca3733826fb315af" 149785 70190 141324
"a87b12791c889468" 43418 159435
"acda911d1a1cf535" 106405 13756
"99d994a3e4846e8a" 112605 44211
"43b52f19a6ec58b8" 138001 2413 111337
"a1893f8be8b641ed" 26399 56410
"8eabf54bf13a6a5d" 149785 157210 129356
"89618aee57516d5b" 126342 75741
"ac1e4579a1795213" 62521 12600
"272b7baa6dc4bc5d" 154736 115541
"67012e5d2f52878e" 2427 97297 75741
"a08ff17a8aeeafc1" 62521 42484 13756
"f5ec366095fc49a4" 47854 67420
"290dc6b47a827dc9" 43418 100525 39702
"18dc52f6b736c7b1" 30635 106405
"5be62e0106ef116d" 155171 131794 60711
"ab48d230bc4c07b0" 121536 44211 56410
"c50fc1a96c2c23ef" 49944 29452 26399
"2887746914dd17a4" 115541 141324 99712
"7d3dd2a984ae67ef" 2413 58970 152967
"e778d46279023fa0" 98820 33501
"c4b18858689cca42" 87660 100525 70190
"a95a4ba2baae27b3" 47854 70190 75741
"4e864a01d7f67773" 127430 111337
"7c8fc12c09090314" 39702 13756
"cd23783efe2813fa" 85663 126342 31054
"65ada6e7814fa2b4" 12600 138001
"3052d19a99d42cac" 92093 59149 141324
"720b7d3331d3a204" 67420 44211 159435
"79fba4a3e4846e8a" 112605 118449
"adb1f60392c3913a" 155171 100525 2413
"4e61578842647c7c" 12929 121514
"faecfe5507b57d05" 29001 25740 4377
"263a73f735ed7d58" 28204 132793
"777c6cd5b3d41e0a" 70678 78960 157816
"7b1b66cc49d7ab38" 180623 121590 29961
"c862d40e2a8e09f9" 97288 21353 86246
"8655d3027a48f442" 70678 142685
"096c7c3dcf403033" 12929 7321 4377
"e62821619ec319a0" 7881 25740
"49d876cc49d7ab38" 180623 121590 86246
"6fdc47e65e1e6985" 28204 21353 25740
"f070898b980f1563" 97288 29001 29961
"890e83c018866ba9" 188880 121514 142685
"aa07478842647c7c" 12929 78960
"58126e1754cfbb0e" 7881 132793 86246
"8f55380b0c361e0d" 70678 188880 4377
"6880919a857c5f2b" 28204 97288 29001
"12eaee9bbe48abe8" 13650 12929 21353
"564ac0a37693ea3b" 121514 7321 142685
"8b1e4e1754cfbb0e" 7881 132793 4377
"65f137349b8da5a0" 25740 157816 29961
"838151bcedec54a9" 70678 180623 86246
"0b8e7112d6c1d9dc" 28204 121514 132793
"fb6eb40e2a8e09f9" 97288 21353 4377
"8c6e594f3001a81a" 121590 142685
"ebd82b7eb943546a" 180623 7321 29961
"5545a2129e5d3ef5" 188880 78960 25740
"1f87c3027a48f442" 70678 86246
"f1c7fe8092c89e08" 7881 25740 29961
"3e630c64cc9e75fe" 28204 29001 4377
"ad9097762e44d613" 70678 132793 86246
"f2b5eaf17838ac80" 180623 121514 142685
"f8a23f8be8266a51" 188880 121590 157816
"b3815b02051c5ba5" 12929 78960 4377
"848ce90aeac5cf51" 7881 21353 132793
"fbb168d6553e4584" 29001 142685
"1ebf853a87b0f2c8" 28204 180623 29961
"a3e58d018e09e297" 70678 7321 86246
"9ab4dcc5e5387cbe" 78960 25740
"18479fc4b8060e5d" 29001 121590 29961
"dfabf269b45ada66" 70678 21353 4377
"a75567375d7d5ba8" 12929 188880 157816