"6a5ee5a485a448e6" 110402 172990 66085
"eac7431cdb126606" 157181 125992
"669938c4732bd46c" 122100 121493
"510b3cde831e4db3" 18696 108352
"e90e6b59a01d0ce0" 175010 115545 139806
"eebac0118967ed89" 120279 160470
"ad56940d6f836375" 114447 117553 180205
"9e98a5a1b5f6bd21" 61307 12925
"3232bdb39bf38de8" 37980 10762
"830045d8696cd314" 17831 1424
"97ab0f00122bb7cd" 25425 160371 27936
"5bb6ad90a9fcfe70" 145488 39480
"758c8eb8005b3753" 42390 155296 133992
"02fcce85bc37d228" 108433 179478
"26b6339066558969" 27371 168774
"6a8ff902d24a8544" 175963 166341 47113
"fb585f1f44bbaf07" 55343 141359
"8377997e4ca71b0a" 18800 81691
"35ffd2727e9e7e6d" 55608 178190
"ac1692080f9647bb" 76702 120279
"4f73ced1d967f5f6" 11552 168774 157181
"285f4e2103b9e508" 66085 122100
"cfcfdafdb467aaef" 80773 55608 178190
"29bcf8b1fc2da409" 24735 1106