"68a82bb585cfb08e" 43 229 279 590 632 770 80 344 51 6183 80 199627 915 590 61 4 1501 807 586 382 151 6516 80 199627 11 127 30 30532 80 184 590 212 30 5444 80 199627 33002 80 184 83 271 139 348 1179 1172858 -1 -1 0 0 0 0 8 7 7 8 6 6 5 3 4 3 0 0 0 0 0 0
"9e807de8862ac2e0" 24 127 849 58463 997 544 80 26449 28 646 199627 249 808 232 28 517 406 150 1790 102 51 5084 19 4275 1179 1172859 -1 -1 0 0 0 0 7 7 6 6 6 6 4 3 3 3 0 0 0 0 0 0
"a54ac3d0b0db4994" 22 352 1165 14 36 51 1895 80 3846 382 554 6769 80 199627 215 128 3273 249 550 559 60 1483 1179 1172860 -1 -1 0 0 0 0 7 7 8 6 5 6 4 2 3 3 0 0 0 0 0 0
"5ebb8b1045d08a78" 24 24 44 28 13415 80 127 28 5177 24 199627 4 12 27 14 80 915 4 114 1096 14 83 30 2662 1179 1172861 -1 -1 0 0 0 0 8 7 8 6 7 6 4 3 3 4 0 0 0 0 0 0
"34cfa7fb1b8d15c9" 20 33002 80 184 492 60 19 30 176 199627 4 61 19 535 80 249 199374 629 19 999 1179 1172862 -1 -1 0 0 0 0 8 8 7 7 7 6 4 3 4 3 0 0 0 0 0 0
"15c90c5641868d25" 19 590 1082 103 3057 415 76 80 199627 249 859 1058 51 783 17185 36 1037 1334 76 1179 1172863 -1 -1 0 0 0 0 9 6 7 7 8 6 4 4 4 2 0 0 0 0 0 0
"97c38ace4cdc8fd0" 28 297 80098 997 8149 20 235074 41523 102 8156 1742 575 199627 249 199375 630 83 51 1138 6028 80 1183 1957 43 199374 127 44 2763 1179 1172864 -1 -1 0 0 0 0 9 5 6 6 8 8 5 8 3 7 0 0 0 0 0 0
"0bdd4bd67caf6775" 33 28 275 104 102 51 2897 80 255 83 30 208 80 199627 369 127 28 2091 12115 36 103 2353 80 199627 352 11 294 5191 807 17 1085 30 1183 1179 1172865 -1 -1 0 0 0 0 8 7 8 6 7 6 4 3 3 4 0 0 0 0 0 0
"37d4180cb74bcde7" 22 103 229 74 8818 80 199375 337 4 340 691 80 199627 352 102 30 118880 80 352 127 30 5774 1179 1172866 -1 -1 0 0 0 0 9 7 8 6 8 5 6 3 3 4 0 0 0 0 0 0
"f97b4818a527c05c" 32 1267 542 60 42 80 16520 1331 77 28 2353 80 199627 2441 60 3397 80 120 60 3322 102 51 1183 80 199627 1000 603 362 22586 102 41911 817 1179 1172867 -1 -1 0 0 0 0 7 7 6 6 7 7 3 3 3 4 0 0 0 0 0 0
"fcbee8506d8ec117" 40 11 2031 89 408 43207 80 231 192 4300 80 199627 915 80 4 1267 1747 60 80 74 7 19 20 4760 80 199627 22758 83 28 3041 80 249 16520 2104 79172 58273 80 344 74 3757 1179 1172868 -1 -1 0 0 0 0 9 6 7 6 7 6 5 2 3 3 0 0 0 0 0 0
"335fdd3d343d7c5a" 37 352 816 559 369 14149 80 74 206 19 3571 80 199627 234845 28 517 83 382 1790 80 352 6 34 51 784 80 199627 844 4 2919 24 768 212 60 102 51 29480 199372 1172869 -1 -1 0 0 0 0 9 7 7 7 8 7 5 2 3 4 0 0 0 0 0 0
"49eec99b1bfa63b5" 23 27426 144 30 235075 80 75 36 382 691 80 199627 1670 51 873 80 807 30 340 2565 80 344 20479 1179 1172870 -1 -1 0 0 0 0 8 8 7 7 7 8 5 3 3 4 0 0 0 0 0 0
"68ead64ed4f3b128" 24 28 234833 102 51 2897 80 4 3373 14 5028 80 199627 114 4 1002 14 19 1394 80 656 340 2988 1009 199372 1172871 -1 -1 0 0 0 0 7 6 6 5 7 6 5 4 8 3 0 0 0 0 0 0
"8a748550f7f0bf0c" 12 234833 4084 229 1387 80 1267 283 24 83 28 782 1179 1172872 -1 -1 0 0 0 0 8 6 7 7 7 6 4 3 4 8 0 0 0 0 0 0
"d7c1d9ac7a2190d3" 23 127 4 44 28 5985 80 120 14 520 103 1895 80 199627 102 51 30985 80 199375 7779 49 30 5236 1179 1172873 -1 -1 0 0 0 0 7 9 9 7 7 8 6 4 6 3 0 0 0 0 0 0
"7a37e60746597cef" 41 4 127 14 14396 19 154 2091 80 199627 44 150 554 13410 80 4 484 14 10654 80 199627 249 425 369 1267 6425 80 1267 208 80 199627 630 83 51 1138 6028 80 481 83 51 1183 1179 1172874 -1 -1 0 0 0 0 8 9 9 8 8 6 8 2 3 4 0 0 0 0 0 0
"3c508595e7a84e64" 44 369 255 1100 19 2505 60 70 42 80 199627 249 808 80 749 369 242 80 199374 629 527 199627 403 19 153 550 11 30 139 77 275 80 199627 1245 90 1402 80 8888 90 16631 80 2539 30 7387 1179 1172875 -1 -1 0 0 0 0 4 7 6 5 6 5 3 5 2 2 0 0 0 0 0 0
"191b604f1ff8968d" 35 16520 2967 997 15262 44 28 34560 80 199627 83 31 77 30 39 80 17815 9816 199627 51 873 3786 11 229 527 80 199627 16520 2441 511 80 146 14688 36 3257 1179 1172876 -1 -1 0 0 0 0 9 8 8 7 7 9 4 2 5 3 0 0 0 0 0 0
"557af2b182055bb9" 44 11 127 24 408 43207 80 231 1896 554 80 199627 4 61 19 535 80 199375 7332 4 80 199627 90 990 19 232 4 1608 80 74 7387 80 199627 285 16520 30 161 19 96 25 150 319 70 1237 1179 1172877 -1 -1 0 0 0 0 7 7 7 7 9 4 6 2 8 6 0 0 0 0 0 0
"0521fe92de0966a8" 49 576 4 6392 49 1093 517 83 150 1790 80 199627 4 136 59 20 1608 80 74 7 36 51 10402 80 199627 249 369 166 250 60 80 127 51 11633 5691 80 199627 22 120 4 208 80 251 4 606 80 6 12 2118 1179 1172878 -1 -1 0 0 0 0 5 9 6 6 7 4 7 5 4 5 0 0 0 0 0 0
"48cdc2f0ce689d73" 44 158 369 127 1268 80 844 4 29792 199372 199627 768 11 630 14 19 1096 28 994 199372 199627 369 114 4758 28 29 80 4 153 14 192 506 80 199627 199375 1368 72 297 1214 102 15417 83 51 23999 1179 1172879 -1 -1 0 0 0 0 4 5 4 4 6 3 5 9 4 8 0 0 0 0 0 0
"5e9266b9f558d6d6" 43 3846 90 41891 80 103 235076 1366 80 199627 60 215 128 3273 80 249 344 559 184 3824 80 199627 114 4 1002 14 559 19 656 80 340 2988 199372 199627 102 51 13360 80 200450 481 83 51 1183 1179 1172880 -1 -1 0 0 0 0 6 8 9 7 7 7 7 3 5 3 0 0 0 0 0 0
"7e3bacf9f11c4f1e" 39 10716 5270 83 28 30985 80 199627 24 83 28 711 80 231 8752 80 199627 249 1330 242 369 8601 80 231 192 25295 80 199627 7 245 2644 80 249 369 166 632 80 174 1201 1179 1172881 -1 -1 0 0 0 0 7 5 9 7 6 5 4 2 3 4 0 0 0 0 0 0
"9f9fa26c5e2371b7" 41 369 229 127 279 19 4033 80 199627 11 227 28 275 80 2441 5269 80 199627 249 568 80 158 369 35 44 61 80 550 70 108 80 199627 1009 24506 105 83 21160 80 10137 83 5649 1179 1172882 -1 -1 0 0 0 0 4 7 6 4 5 7 3 4 9 6 0 0 0 0 0 0
"0a00874dd178ac49" 46 16520 749 19 1003 103 3057 80 106 30 5002 80 199627 127 28 2252 25 28 319 80 271 4830 22 56718 80 199627 859 630 271 7536 80 6510 90 1136 80 199627 44 103 1778 80 1334 3372 19 20 30 36896 1179 1172883 -1 -1 0 0 0 0 6 5 6 5 6 5 4 3 2 4 0 0 0 0 0 0
"57c1f87989d5a600" 43 352 816 456 369 208 44 823 80 74 8089 80 199627 229 74 12745 80 541 16206 80 229 74 41156 80 199627 200449 44 103 39 80 229 711 544 80 199627 127 19 1209 823 36 541 369 13 1179 1172884 -1 -1 0 0 0 0 8 9 8 7 7 5 4 5 3 7 0 0 0 0 0 0
"84aafbb06478b044" 46 231 30 3455 80 12 283 510 80 199627 24 83 28 711 80 231 192 10973 90 108565 80 199627 1334 53 51 779 80 11 4 90 14 80 199627 119 4 12 11602 80 768 558 184 152 51 19595 80 13 199372 1172885 -1 -1 0 0 0 0 7 7 8 7 7 6 5 3 4 5 0 0 0 0 0 0
"7b67b033ff47f39c" 53 352 1165 14 36 51 1895 44 382 554 13410 80 199627 425 352 334 14 19 32 80 249 369 1267 208 80 199627 12 630 83 51 1138 6028 80 1183 382 16520 74 4635 80 199627 200449 352 4493 456 369 208 44 823 80 74 206 19 2988 1179 1172886 -1 -1 0 0 0 0 8 9 8 7 7 6 5 4 3 5 0 0 0 0 0 0
"a531fd0c0f21ded2" 30 12430 43309 42 44 28 92 80 192 396 2091 550 4699 80 199627 249 4 61 19 9355 80 90 4 153 31939 235077 4699 29803 104 1831 1179 1172887 -1 -1 0 0 0 0 6 8 6 6 6 4 5 3 4 3 0 0 0 0 0 0
"34f89a70c7811c92" 26 184 1057 275 83 30 3826 80 200449 184 6 7 74 19473 80 199627 550 44 271 17573 80 271 3002 146 10399 235078 1179 1172888 -1 -1 0 0 0 0 10 8 9 7 7 8 3 4 4 7 0 0 0 0 0 0
"4e60eed9ed488b4f" 28 184 2502 30 1299 1287 80 550 770 735 30 39 80 199627 271 613 725 80 11 51 496 784 77 1716 80 271 61 10611 1179 1172889 -1 -1 0 0 0 0 8 7 7 9 8 8 5 3 9 7 0 0 0 0 0 0
"4ab34ef7a7ac3491" 40 184 12 421 60 2283 80 120 30 1180 212 520 80 199627 6 824 43 743 234901 80 271 3351 166 20 5908 80 199627 6717 6717 2743 6717 6717 2743 6717 80 120 60 212 182 19366 1179 1172890 -1 -1 0 0 0 0 9 10 10 6 6 9 4 3 2 2 0 0 0 0 0 0
"01d4265ec5d94df4" 27 271 3032 102 51 3635 1895 80 166 283 527 80 199627 1598 44 567 77 45045 80 249 49 4 80 161 104 255 527 1179 1172891 -1 -1 0 0 0 0 8 9 9 7 9 7 6 5 9 8 0 0 0 0 0 0
"797c987eea43e447" 30 184 6 7 637 1499 80 184 114 453 60 83 271 29 80 199627 227 275 83 30 3826 80 3565 44 117495 80 859 146 20 85957 1179 1172892 -1 -1 0 0 0 0 10 8 7 7 8 8 5 5 6 8 0 0 0 0 0 0
"72a9bc3f2260ceed" 35 127 30 3406 70 23705 80 275 83 30 3826 80 199627 90 184 127 30 1299 5569 80 458 1501 30 176 80 199627 227 2012 90 544 80 74 206 36 29653 1179 1172893 -1 -1 0 0 0 0 9 9 8 7 8 7 4 4 5 6 0 0 0 0 0 0
"e9551920a13da6a4" 35 184 658 41 90 2919 36 271 8017 80 199627 517 42 1138 80 232 286 42 36 70 19 13 80 199627 11 51 496 784 104 70 184 7 19 20 544 1179 1172894 -1 -1 0 0 0 0 8 9 9 7 8 6 6 8 8 9 0 0 0 0 0 0
"440fa15e4da64eb5" 34 369 6 7 637 19 3557 80 199627 150 61 127 14 83 51 510 1895 80 1267 6463 80 199627 966 11 7486 10023 80 1031 184 32 33 19 271 20616 1179 1172895 -1 -1 0 0 0 0 8 9 8 7 9 7 5 6 7 9 0 0 0 0 0 0
"d3a52424916333ca" 33 1977 144 30 1778 80 2441 5269 80 199627 1598 290 83 30 1782 80 146 360 279 554 80 199627 590 453 245 1568 80 453 60 2283 102 184 119 1179 1172896 -1 -1 0 0 0 0 7 7 7 7 6 8 4 3 4 5 0 0 0 0 0 0
"183609cf430e25b7" 31 85806 53473 80 184 1057 49 74 4196 80 199627 108731 70 30 4180 80 102 103935 43451 80 199627 161 104 71 80 456 184 2995 549 30 5664 1179 1172897 -1 -1 0 0 0 0 9 7 8 8 7 7 4 3 7 8 0 0 0 0 0 0
"15bffc0581c954ea" 33 1718 583 80 3847 36 271 5667 80 199627 102 103935 83 30 313 80 5360 42 30 2919 80 199627 227 49 74 4541 80 74 4196 80 859 212 9878 1179 1172898 -1 -1 0 0 0 0 8 8 9 8 7 7 4 3 6 8 0 0 0 0 0 0
"8fc462be76e13630" 38 369 6 7 74 250 80 369 114 119 103 83 28 29 80 199627 18193 144 30 6163 80 146 231 172 80 199627 90 184 127 30 1299 410 80 49 770 1501 30 176 1179 1172899 -1 -1 0 0 0 0 7 8 8 7 8 7 5 4 8 8 0 0 0 0 0 0
"eb7134b4b959c5ac" 32 150 61 127 14 83 51 27538 27539 1895 80 199627 78774 51 5037 80 28 235079 4937 80 199627 11 51 496 784 80 104 70 369 7 19 3177 1179 1172900 -1 -1 0 0 0 0 9 8 10 7 9 6 6 5 9 9 0 0 0 0 0 0
"3523219c18fd08d9" 22 6717 6717 2743 6717 6717 2743 6717 2743 199627 453 245 1568 80 453 60 2283 80 49 70 150 1657 1179 1172901 -1 -1 0 0 0 0 7 8 9 8 8 7 4 3 3 4 0 0 0 0 0 0
"ea94322142495002" 36 103935 83 30 1782 80 108731 4180 163 90 474 80 199627 1598 290 44 567 77 45045 80 229 74 2425 80 199627 43 743 14142 80 16520 83 51 1132 6876 77 3484 1179 1172902 -1 -1 0 0 0 0 9 7 7 8 6 6 5 4 4 6 0 0 0 0 0 0
"470c9bb65d03c9af" 37 517 42 1138 80 232 286 42 80 146 481 603 89 80 199627 408 117495 80 184 2995 80 19 10585 271 5228 80 199627 161 104 71 80 146 120 1620 1525 4 89 1179 1172903 -1 -1 0 0 0 0 7 9 7 8 7 6 4 5 3 4 0 0 0 0 0 0
"307571e715c825c0" 23 74 1035 83 271 4047 80 859 2919 36 271 8017 80 199627 227 49 74 748 80 74 4196 36 1813 1179 1172904 -1 -1 0 0 0 0 9 9 8 9 8 8 3 8 6 9 0 0 0 0 0 0
"b039ac2625661a89" 40 275 104 70 23705 80 227 44 8368 80 199627 161 104 71 80 1718 76 44 30 530 80 10760 271 21149 80 199627 43 743 14142 80 184 83 709 6876 80 127 74 7 36 13394 1179 1172905 -1 -1 0 0 0 0 8 7 9 7 9 6 6 4 1 1 0 0 0 0 0 0
"ebdf0f5d6fd4ed98" 27 4 1267 782 36 1625 80 74 250 408 297 12259 80 199627 330 174 5210 15555 10023 80 1267 453 60 11 51 496 784 1179 1172906 -1 -1 0 0 0 0 8 8 6 6 7 8 4 3 2 4 0 0 0 0 0 0
"0b814f984e4b83f5" 20 859 208 19 1344 19 14399 271 8017 80 199627 271 3387 70 6392 80 859 1057 252 3589 1179 1172907 -1 -1 0 0 0 0 9 9 8 8 7 8 3 8 7 9 0 0 0 0 0 0
"d12b09f970a3b5ba" 29 184 235080 70 30 4180 80 293 770 103935 43451 80 199627 232 83 18193 1501 184 453 60 80 453 245 1568 90 453 60 2283 238 1179 1172908 -1 -1 0 0 0 0 7 8 6 7 7 9 7 6 3 4 0 0 0 0 0 0
"78bcee3efd00e43b" 33 184 638 286 42 1138 80 146 120 286 35 80 199627 3034 6717 6717 2743 6717 6717 2743 6717 1501 184 216 575 199627 579 199627 579 80 235081 60 70 1179 1172909 -1 -1 0 0 0 0 7 8 8 6 7 8 5 3 2 2 0 0 0 0 0 0
"d60a3b6638f520ce" 30 528 5055 144 30 1597 80 103 229 74 706 80 199627 14566 102 30 5986 77 117495 80 11 51 496 784 104 70 184 7 19 5084 1179 1172910 -1 -1 0 0 0 0 7 7 8 9 8 8 6 9 6 8 0 0 0 0 0 0
"e4364427c3a16786" 23 28 3406 14864 80 13 30 1121 144 30 7879 80 199627 271 4830 5961 1364 80 17573 5277 513 4870 20470 1179 1172911 -1 -1 0 0 0 0 7 6 9 6 6 6 8 3 3 2 0 0 0 0 0 0
"e6a6bc16e04bee09" 24 330 166 232 42 80 15555 10023 11 19 232 9763 80 199627 859 453 60 2283 1031 330 3821 36 51 1022 1179 1172912 -1 -1 0 0 0 0 8 8 7 7 6 8 6 5 4 4 0 0 0 0 0 0
"78eedb4783a7646f" 27 229 637 590 1741 4 3172 80 4 1267 3737 36 60 80 199627 102 103935 43451 80 74 1539 43 966 234901 4 166 3571 1179 1172913 -1 -1 0 0 0 0 8 7 6 7 8 6 7 5 4 4 0 0 0 0 0 0