"0ae3dda2e6294b43" 43 386 4 1267 5640 1625 44 70 103 3645 80 199627 114 4 563 421 30 962 1031 227 44 1886 80 199627 16520 11 2348 20 28 29 4885 80 199627 6 7 297 7258 80 16520 51 147 80 2099 1179 1172786 -1 -1 0 0 0 0 7 9 6 9 7 8 5 8 4 7 0 0
"7187571041a0060b" 23 184 70 200443 4300 80 30 226 3387 83 22891 80 199627 249 103 3969 2348 1751 14 49 603 120902 4223 1179 1172787 -1 -1 0 0 0 0 8 7 8 6 6 7 3 4 6 5 0 0
"99affe2a755fe59b" 21 24 44 30 4366 80 184 484 603 4706 80 199627 425 184 2990 108 80 166 20 23 24 1179 1172788 -1 -1 0 0 0 0 9 7 9 6 6 8 4 3 5 3 0 0
"b6f6153e82dba7b8" 24 1043 28 607 80 1767 425 753 408 549 80 199627 249 369 166 32 89 80 1267 232 15512 83 80 61 1179 1172789 -1 -1 0 0 0 0 7 9 7 9 8 7 6 6 7 9 0 0
"196fc382a7007a48" 42 330 70 153 518 369 242 80 229 74 6276 208014 154 80 199627 10137 14 89 80 199375 283 24 42 80 166 232 103 4044 20451 80 199627 563 456 275 263 3273 80 550 255 475 369 48197 1179 1172790 -1 -1 0 0 0 0 9 8 8 7 6 7 5 6 4 5 0 0
"2b464a8fcce69907" 26 4 1866 6560 80 4 1866 35 80 249 255 283 24 42 80 199627 788 235067 51 6836 80 192 538 408 154 8107 1179 1172791 -1 -1 0 0 0 0 8 9 7 8 6 7 4 7 6 8 0 0
"85603c741d3c6fce" 43 408 28 1964 19 28 1059 80 16520 51 361 4327 80 199627 2500 10022 44 80 234840 108 80 293 14 51 162213 80 199627 249 456 16520 606 19 4 80 915 80 114 369 283 51 26276 997 11305 199372 1172792 -1 -1 0 0 0 0 8 6 8 6 5 9 7 4 3 4 0 0
"321b9228da9cc5a3" 26 369 153 369 1267 20 3151 80 1267 41 76 80 199627 249 456 16520 49 4 80 550 102 16520 51 1896 554 9542 1179 1172793 -1 -1 0 0 0 0 8 7 8 6 5 7 4 6 5 5 0 0
"31394abddeceaf5d" 27 103 104 30 139 184 119 60 80 550 11 30 1146 80 199627 4 42 36 51 108 206 80 114 4 4758 103 9954 199372 1172794 -1 -1 0 0 0 0 9 8 8 6 6 7 4 2 4 3 0 0
"58bb88168c9fefb5" 27 184 255 15405 275 5925 513 60 820 19 20 80 199627 206 19 120 208 77 30 1841 80 537 80 120 60 20 22521 1179 1172795 -1 -1 0 0 0 0 8 7 6 9 7 8 4 8 6 8 0 0
"fac0d0092d5ba904" 41 235068 30 1022 369 12 20 80 599 369 453 60 848 80 199627 166 232 28 27417 44 2103 80 966 22921 1913 80 199627 120 14 1439 4 42 80 199375 20 150 3413 3396 80 192 3671 1179 1172796 -1 -1 0 0 0 0 7 7 6 8 6 7 6 7 9 7 0 0
"1dce243ae304fa9b" 33 632 234999 19 28 92 80 173 50 51 20826 90 51 1829 80 199627 4 8531 11014 49 154 3547 80 173 11 192 294 80 129 80 36 6561 1914 1179 1172797 -1 -1 0 0 0 0 8 9 7 9 8 7 5 8 3 6 0 0
"fb91f1a6e59508a9" 38 330 200466 102 5252 80 103 2820 2157 19 30080 80 199627 192 369 216 42 103 3969 80 200447 44 382 36077 26013 80 199627 90 184 2844 1683 80 18720 235069 80 74 511 61373 1179 1172798 -1 -1 0 0 0 0 6 8 7 8 5 6 5 8 4 9 0 0
"11841921b6c2826d" 23 280 1598 83 103 2557 80 537 60 4436 817 651 80 199627 192 369 492 30 5033 90 1165 28 1082 1179 1172799 -1 -1 0 0 0 0 7 9 7 8 6 7 6 6 6 6 0 0
"3e392348f975e111" 24 49 103 1784 554 61 80 369 11841 19 30 8796 80 199627 239 344 11 43 8263 456 4 61 174 823 1179 1172800 -1 -1 0 0 0 0 7 9 8 7 5 7 6 7 9 7 0 0
"39e5e901c608041b" 25 60 70 407 12237 24 89 80 425 4 7 51 15460 80 199627 550 102 1423 83 1902 6397 80 4 166 5038 1179 1172801 -1 -1 0 0 0 0 8 8 8 6 7 6 5 3 3 4 0 0
"40c33c5e676f7aa6" 26 353 72 25122 83 815 205122 646 80 199627 249 25 30 176 77 60 70 80 369 391 11 51 4373 44 30 706 1179 1172802 -1 -1 0 0 0 0 7 7 7 6 7 8 3 4 3 5 0 0
"c541f26fc27db1d4" 31 4 13 80 16520 243 4885 80 344 70 154 820 19 20 136 80 199627 90 184 484 70 30 82 44 30 4366 80 184 146 195 85037 1179 1172803 -1 -1 0 0 0 0 9 8 9 7 8 6 3 3 2 5 0 0
"92f5d6df2c751b65" 28 955 103 3969 80 352 394 14 382 235070 4275 80 199627 249 25 30 176 80 369 391 11 19329 509 30 4373 44 30 706 1179 1172804 -1 -1 0 0 0 0 6 6 5 4 5 6 4 3 3 4 0 0
"dd3cb8a4feede82c" 28 227 2012 90 4839 80 344 559 30 634 6725 80 199627 249 456 4 216 1003 2466 80 129 80 173 11 89 499 90 8385 1179 1172805 -1 -1 0 0 0 0 9 8 9 6 7 7 5 4 2 7 0 0