"a6c98e8e4fb800ba" 104508 47345
"6e1a1951be839b8d" 148447 102
"27d4c7afff0dbc01" 101387 81590
"eb68d4ac7133d952" 71221 137727 43461
"27e2c6b7f9ac7520" 164838 17623
"4e1aece8dd0092c1" 136765 101918
"6abbfebf950aaad3" 69463 145166
"613fc9dfe97b7d19" 72093 138096
"b84e3186f22bfa72" 118312 102678
"f9da63fc0f079b78" 65245 37858 36471
"adb2ac30743bb2a4" 64450 187624 143927
"1e944ecadd389199" 106850 174586
"6c841f551c4cdc62" 144020 17164 16557
"bfc0935e32571f7f" 107727 123723
"b2248d26520d7a16" 46294 147552
"7466a5c524756bae" 40090 67208
"922c14f6413c12f4" 168034 147266
"1bc962e0251f4685" 103801 186773 144822
"9d3f38ae6a44113e" 45666 14066
"28c4bd79d203322e" 87600 179877
"98a91516111625de" 187624 43461 69463
"bbd05844226447ec" 164838 101918 102678
"66e5ff2de8040746" 71221 81590 168034
"8efee08086b07f22" 102 136765 138096
"d9c12bb6d57ab5cd" 186773 40090 179877
"3943b60baa2bfc68" 45666 67208 87600
"9e587942fffe9627" 72093 16557 14066
"6aed567e1fd1f9ca" 106850 147552 123723
"e07a310a6446dd74" 81590 45666 179877
"1cad6989a53f48d4" 47345 118312 69463
"69f776dabf365de5" 65245 40090 102678
"f329052e978b0653" 99640 64020 173178
"20385c0ff3343c61" 122485 67172
"d98a37bd44053ec7" 127829 9375
"adba2db88ffc8d0b" 31584 176169 17244
"3f9c68e718f796b2" 50476 158264 114502
"60f3eb8dbb49f55e" 120066 55295
"49d0f1d54bff81e5" 160199 167244
"355e98cfb8ad36de" 22935 187222 39549
"313d5546e5e6c86f" 68731 156588 63451
"c02b0e30f6eb1601" 28956 54067
"a2f02395fd73e26c" 38930 81396 62491
"23bbf3cd2a88ac01" 128314 29523
"3f663acbf1f82a7b" 92309 38930 184035
"0ce31d73f0702a45" 34227 166012
"f68692bd3f760566" 21226 131737 49447
"15352e591088cde3" 34301 8907
"e7f83b5b429f9665" 68156 156165
"b1c285281b40e4cc" 59054 179288
"73e3b3cb5e84bc31" 135500 20718
"8d50dd3609b5077c" 114502 123729 166012
"e2f0e8e900dc148f" 158264 10985
"aac8c94d9c57069b" 54509 81396
"271fcd0ae618e5e2" 173178 29523
"bd4a5913592feaad" 156588 166012 128314
"cf1ac8d89a835a93" 67172 68731
"72786d723593c24f" 92309 9375 59054
"24874b9ceaa156ba" 37248 127829
"f2d84d6eaca62088" 120066 122485 184035
"5fa6ef6947c7f7a0" 176169 54067
"0bc4be7f02fdc785" 135500 31584 63451
"ad014f8be001241e" 17244 64020 123729
"f07fe1047a46c3a3" 55295 34301 187222
"cdff3aead8fc9483" 156165 20718
"7b6695905f4bf5eb" 21226 160199 131737
"40f777ec9871b980" 68156 179288 49447
"6e4d844f5c6ed0ae" 114502 22935 166012
"4da3a9a881e28e40" 28956 50476 29523
"6ae385281b40e4cc" 59054 184035
"9c077eb45d53d38f" 20718 31584 120066
"19764e2526f86d99" 131737 8907 99640
"20cdd94d9c57069b" 54509 167244
"0b5f851e7cd6f29d" 17244 22935
"f31829bf08e7386b" 62491 34227
"8752826979f991c4" 9375 158264
"485765295b067ffd" 55295 67172
"88419eda72f6fbfb" 28956 122485 38930
"5a2828909938fafa" 123729 63451
"37a36b91f58d3e97" 93716 169218
"25d8f1f955b4f738" 169220 119217
"87c050386dae806d" 87453 10450
"f4a797ecee9e2402" 141836 129103 148695
"a62f4e630a6a7a70" 76443 103006
"b285eb0c4c34f88b" 103192 26758
"8a48eb74cafbcd96" 159353 111083 159439
"2a0ecf5e71e9f70e" 107548 174793
"e1d6c9c3786c0dd0" 182552 1401 90392
"2b20bdd84a38c5a7" 13004 66025
"ff7bb14f27b76808" 185606 178935 42485
"9b19007be4f1a0cb" 165806 180804 46750
"ba5bd2083c36c727" 32009 48777
"2da2d2804f848c4a" 63886 148114 20321
"aa8703eb75d86896" 158561 90384
"c616a4174bc71af9" 57348 136907
"fe2786c75089e3ff" 108831 56623
"78efde4766cfaa1d" 53133 134577
"99c9dbb33ab36ed5" 50775 3329
"dfe9d475b9954ac7" 3329 169220 148695
"3cd9f57fb3022242" 185606 32009 129103
"8031bf5e71e9f70e" 107548 56623
"1fafb80daed45d6e" 3072 169218 63886
"b095ee27b2675a4b" 134577 20321
"773364c4ff6d3828" 93716 50775 129103
"6af666399a0bb118" 30854 111083
"8890932e0da6cfb5" 86585 66025 48777
"773bb2f6d2b5455c" 42485 158561 180804
"c0203a149a4b5ecb" 90384 159439
"83a38a813873601a" 169218 103006 148695
"fd08e5e2042c0799" 165806 107548
"4f09ba903daf589d" 141836 111083
"ff81ded188d736cb" 66025 169220 134577
"800a2109b6f1fb2a" 71283 57348
"f03a68e5accaeadb" 63886 42485 148695
"2baa03eb75d86896" 158561 103192
"c43305252149d78b" 53133 174793 159353
"65ef5b498748e3b4" 86585 13004 90384
"17c37887b8c3d7cb" 3329 185606 134577
"6df04c93e76bb742" 87453 90384 182552
"e561a684aef595a0" 119730 29459 106076
"5ffcc91683737050" 129114 16391 103335
"e927267ca4e16056" 82146 186679
"2aca75f2174973e6" 22666 57808 144687
"10e8aafbadba8270" 187445 16035
"9b48a7582e7d0ed7" 56410 138600 9278
"3d40d2ec258575c5" 18526 160851 55557
"7f521592824e0dbb" 15803 174866 45521
"b8b9e08477e4f82a" 155404 183170
"4d039724204c20a2" 178928 28784 134891
"c5d39db04959f5ae" 124188 96899
"34b05eb0ebd21b54" 10222 89785 124087
"3f74d733ee609d6c" 30872 92997 133649
"9d18807c942d5cc0" 60387 77605
"b194fab401057357" 123437 138768 95821
"f90a3711210b6361" 7959 57159
"fea470f8d35c194f" 100833 124784 20077
"ee25ae0a70c54d6d" 22921 22666 119730
"541f34c4334d2853" 162477 18383
"c274fec44e2f624a" 130400 36831
"f8061bb5225943ab" 175619 141633 118462
"b97798daaa70d4d4" 138260 91229 6821
"37396b7dac63c9a0" 40618 176243 80857
"b751184a02108606" 168963 61735
"84703e0f239fa7ee" 124809 1958
"be5f400203408189" 96600 17670
"6c27d992cbb13df7" 133322 43159
"51ca7d15b0327738" 153105 145489 167478
"248312886dfb778c" 140321 130701 29127
"9183a39bbb892afd" 46830 42262
"29213af03aad97f9" 122961 28360
"ba31f12bfd8c7a6d" 137775 62898 90833
"723f948c649c88a7" 158065 128850 56731
"50892926494994cc" 101126 149962
"032e641eb730f382" 61719 164763 148761
"ea14bd5a071e688e" 180836 61892 164845
"f87c0de7837d0742" 35355 175619
"321f436b9102c062" 138260 62898
"ea0b115f66df9b4f" 176243 40618
"8d406b397e3a5d7c" 130701 153105 91229
"e97b2e27f2d2adc8" 118462 187147
"a10db6d1d4c62cae" 28360 36831 167478
"18310dc83ea39b93" 158065 61719
"6373388cd01bdf4e" 29127 46830
"af19b71cb78cdf3b" 43159 145489 6821
"73a15130aa6bf08d" 137775 17670 148761
"97d364c4334d2853" 162477 168963
"23389c4617fb4b13" 164845 175619 130701
"a35af992cbb13df7" 133322 187147
"11055030a191e8cc" 42262 101126
"bf79c057952b269a" 55457 140321
"41e28babb196a042" 90833 149962
"3e825e0f239fa7ee" 124809 141633
"329720ab28bb83f7" 1958 28360
"776d4a2393155ce8" 128850 130400
"f23fdc7ab6f1f189" 122961 42262 18383
"c7bafa77e0f443ae" 61892 35355
"b141ad103a69944d" 96600 36831 61735
"c348eb51a2658094" 164763 110691 80857
"5431a620ed6eaa89" 180836 61892
"e089186ed74a4e12" 138260 29127 167478
"4ba2a3cb0ec446b0" 46830 137775 40618
"d26ad9f007ed4e68" 18383 61719 128850
"837ffd27f2d2adc8" 118462 6821
"5f17db15aae74089" 148761 175619
"299fdf006b345ce3" 62898 56731
"24bffbb5745e861f" 118520 84285
"e0f810d1243ae98d" 32228 154364 29685
"668dc4885080f08d" 56928 166922 157755
"aee0ae90e276f8c9" 81737 82654 180394
"63591dd91cb2065e" 158775 155966
"3ebb00e479285ba0" 166103 175051
"a0932dec5c645b99" 106942 124279
"f85e0fe2514f7866" 73679 153304 145831
"34a99e5da0da290a" 7444 85288 155966
"b8091fe92da4cc1c" 75340 133647 155155
"8a727a83192bd61e" 65614 115397
"dc37b5e890d00f63" 92813 175949 22598
"93bad63ab35c1169" 132856 86660 48132
"6a03c43dd508a5ce" 58851 175090
"8edd85b1f3cb69a9" 125588 181751
"a0b1b3b651967ef4" 157755 7444 31178
"1b0be0c3e98dba47" 133647 47679 70798
"27317096c6033d3b" 1497 120256
"650ff02313df3337" 147129 51888 154364
"570b60565aaabe73" 88790 180394
"d6ac9088fa8ed42c" 155155 81737
"6fc79a0d2674419f" 82654 160451
"c2d8cae1731be76c" 115397 83070
"5174daa8c75cebed" 29685 132856 124279
"caa137a356172897" 145831 48132
"002587a5e1d9cb14" 56928 85288 73679
"4963401377fdd6f4" 51953 180394
"032d65b1f3cb69a9" 125588 47679
"2a6d3d38dcf13c07" 65614 58851 7444
"136cfa58ffe41f1b" 154364 118520
"04409074c4045b8c" 75340 181751
"f5c93965aa484a92" 160451 92813 175090
"a30777d95cbbef40" 166922 175051
"38f03b071da1d987" 166103 158775 120256
"5ad3a469c075a927" 125588 81737 15667
"1102c894752d0d82" 73679 175949 132856
"f422208b29da68c8" 83070 154364
"1de86ec907d31c97" 155966 106942
"7bcc8159a918ccd9" 157755 147129 88790
"d1145be7a4cc466d" 29685 155155 56928
"e5472aade8140a68" 153304 120256 84285
"64c9c8e44ffa72db" 145831 22598 51888
"245d50565aaabe73" 88790 124279
"9399d9c1b4a510ca" 180394 180394
"b9076412c29eb32a" 15667 166103
"ba0df880ed587b89" 120256 83070
"e8114f882875813a" 37676 87013
"80ddfa8512ce4759" 13735 45664
"1a4894f092be3443" 10820 91328
"8c7a79ad39568e3c" 78950 13655 172158
"e5f8774402a4244b" 70565 13136
"3325753a28c06ef7" 7887 98736 162899
"c2eb86fba89f9500" 168883 12109 35215
"ac77a4e51e1a9698" 107844 153833
"f18acd13503bea34" 32191 32220 179347
"e937087869c1538d" 157635 56193 181453
"31bae46a67048ad6" 128892 106842
"94bae181c1b0b056" 183128 20580
"7d9cf7a1bd0691d9" 121175 112936 154903
"53ec3bfe2df49a26" 56544 56680
"e86eb7cdd80d8183" 162868 115069
"53cc34470b1082be" 55304 49248
"b52150292ef39507" 124250 86236
"de3e52cc24c8ab91" 175106 119270
"7f8dcb1b129dde92" 21038 70580
"6322771356b07adb" 161625 117086 177382
"c36291c0117102e8" 174193 69842
"11167ba670dc9214" 105129 217539 172944
"aa39686ea4d7e4ce" 177414 36701 17138
"48384a42e8dec797" 6140 176971
"78df4d90554546c8" 188342 30252 132188
"78aee3e91572f850" 115961 47568 125005
"8662ee31eeff5430" 37897 21260 187282
"894ab3ac7bbf4ac6" 2515 61620
"21256d834bb14942" 187876 187277 16732
"ccf14f5ec118ba2d" 10858 143390 152067
"bf54eaf1d7126aa1" 6126 10743 41417
"de1e86314a3c37c6" 45432 69792 187852
"cb667346f797a75b" 58595 140798 181298
"0b4c8ae37e6d40cf" 89612 19695 34584
"0802069d5d1bbce8" 123883 26776 16732
"9a43e73344fa1c61" 145655 143390 176971
"0ddf8ea8f3f31f87" 161625 177382 26776
"e85204e74ab7aac4" 132188 117086 217539
"5851869cf0386ed2" 45432 40138 181442
"8758050bdb8fafc9" 124354 123883 6126
"42085d62fd487bec" 89612 21260 2515
"3b16e3eba58f3cfd" 188342 105129 19695
"81ba739be720ca77" 172944 6126 105129
"eea3963ddd79f8ff" 140798 69842 125005
"f242e2ad35bf9da4" 30252 174193 36701
"487dfcc452706171" 6917 115961 37897
"9a21e60945e134a6" 58595 115961 69792
"8e8f4c9e77363c15" 10858 187852 41417
"78f367d2d155867f" 145655 10743 187876
"09294554f84b7195" 36701 17138 34584
"d99bc0616013cebd" 124354 47568 181298
"5d65e0b5f4224290" 181442 117086 61620
"890d640c28b821e5" 6917 187282 34584
"e7cf80870682a63b" 123883 143390 89612
"6560920504901b34" 45432 36701 16732
"f941352835aa9b89" 30252 69842 69792
"48c1980243016cb5" 10858 37897 21260
"c85463baed1d8661" 40138 140798 152067
"39f04a5c1ecbc300" 172944 188342 6140
"ef2d47f4b9723a3d" 161625 145655 105129
"05b3571e4d8b101e" 58595 117086 177382
"b16eaae5a9a8d68d" 174193 217539 187282
"f7c8faf1d7126aa1" 6126 10743 125005
"0a240468d3d754aa" 188342 140798 176971
"809637e46dcf0056" 189854 191253
"8f30d0ea0bfc7502" 189570 193393
"48d2a13154db0f35" 190833 195022 196780
"d7b37cb44920c9f1" 197874 198982
"280e3139a9ba6ce4" 189859 192270
"79a13af4406bacc7" 198338 199629 200979
"49584ea14cd549d7" 191887 195108
"dec266ad23e836af" 197295 198365
"4ddc857817c661f4" 201687 192188
"7a1f80650c833695" 195729 196911 201346
"a383318a30e3e93b" 193326 198135
"995976d5ebedc660" 195749 205963
"b09ea51451558a5f" 194355 198226 206445
"f542de9005c764d7" 191841 193221
"e50ec76cc2738e95" 199957 204192
"d54937e46dcf0056" 189854 202346
"85821855e5bad9b0" 189859 190833 204663
"4489be13e677af61" 189837 199022
"71b5fdeed836c162" 205589 195161
"e50ab9b5823e7358" 190768 204672 200293
"4f912ff4131f9813" 203951 205284
"18a1837eb9ab5356" 206715 191253
"1774ff4cea4f4243" 200979 189773
"cf374d2da88010f0" 196911 198135 191841
"ff90af11d28ebb67" 195108 204672 197874
"a5f307b4d5041d32" 205589 205963 200293
"386b5c36ea1a6a5a" 199629 206445
"faad9250482551f2" 193393 195022 201687
"6331d0ea0bfc7502" 189570 197295
"347786a751a8c8c0" 189943 205963
"99b889faa2b56ed6" 204663 191841
"8555318a30e3e93b" 193326 205589
"79a39fd1ac2c3555" 195729 201346 206715
"be7776d5ebedc660" 195749 198365
"a59b9e60ae7e6668" 193221 196780
"4828d4e5a554f5c9" 198226 206445
"706cadadc6c20dcd" 191140 198982