"e33a4000d6d2bf86" 21 4 255 27 3108 44 30 52091 891 80 199627 4 212 51 1817 77 845 154 1159 4 1257 1179 1189879 -1 -1 0 0 0 0 9 7 9 8 8 5 2 1 6 5 0 0
"e062686a3d2b1b08" 24 60 391 192 340 80 369 166 3380 30 962 80 199627 114 4 1028 16520 2555 4 80 563 238 4 2574 199372 1189880 -1 -1 0 0 0 0 8 9 7 6 6 7 3 1 4 2 0 0
"a9aa222d69cc34cb" 22 184 11 4300 80 537 80 8986 49 30 1697 80 199627 120821 104680 83 28 5737 80 8952 408 1478 1179 1189881 -1 -1 0 0 0 0 9 6 8 7 7 5 3 1 5 3 0 0
"24fadfdec5c5aa68" 22 90 2714 77 43 4 421 114 283 4 89 80 199627 541 4 146 484 80 344 475 369 4523 1179 1189882 -1 -1 0 0 0 0 9 8 6 7 8 6 2 2 5 3 0 0
"bde80b0039cf93bb" 19 848 229 74 2891 770 83 271 2995 80 199627 90 34105 104 475 859 5084 271 4132 1179 1189883 -1 -1 0 0 0 0 8 7 9 8 8 5 2 1 5 4 0 0
"e9cd2b8e6df7ec20" 27 4 114 283 216 49 103 4855 80 361 408 30 11015 80 199627 1485 4 2326 4 996 1262 80 4 114 808 2174 2937 1179 1189884 -1 -1 0 0 0 0 9 8 7 7 6 6 3 3 5 4 0 0
"0d3ffc94dbb0cf75" 24 70 369 299 254 391 51 1428 19 32 80 199627 425 566 4 609 19 14 80 114 4 421 14 185 199372 1189885 -1 -1 0 0 0 0 8 9 6 6 6 6 3 1 4 2 0 0
"0e2c1d2ed4a73498" 23 90 51 2500 77 4882 127 14 231 959 80 199627 425 16520 590 208 36 51 1605 80 1057 28 275 1179 1189886 -1 -1 0 0 0 0 9 7 8 8 7 7 2 1 4 3 0 0
"e803f7060e7664bf" 26 1267 20 10356 49 4 80 1267 185 60 361 80 199627 158 369 6 1015 30 962 80 58 60 844 20 174 2780 1179 1189887 -1 -1 0 0 0 0 9 9 6 6 5 7 3 2 5 4 0 0
"586739f36ce5c55d" 30 369 41 583 80 229 74 7 19 1829 382 80 199627 234884 42 103 4178 102 51 21254 80 199627 127 2139 42 44 1089 2348 707 382 1179 1189888 -1 -1 0 0 0 0 8 8 7 7 6 5 2 2 4 3 0 0
"a6ef780e1c8c6702" 36 251 14 19 283 42 44 60 102 51 60586 80 199627 344 456 4 13 30 6477 369 114 14891 80 199627 192 212 59475 25 30 1741 80 859 14910 83 243 3636 1179 1189889 -1 -1 0 0 0 0 9 8 8 6 7 8 3 1 5 5 0 0
"20d0eae2aca009be" 20 4 153 10359 236110 1482 451 4 80 199627 153 30 962 80 6 120 60 3609 408 3544 1179 1189890 -1 -1 0 0 0 0 7 9 6 8 5 6 2 3 7 6 0 0
"00fe14cdf6462319" 40 158 4 299 163 80 199373 20 1043 252 4 80 199627 1024 80 369 61 30 139 4 453 14 106 80 192 33 80 199627 1009 184 56 20 257 80 453 70 271 908 629 144 1179 1189891 -1 -1 0 0 0 0 9 9 6 7 8 7 2 1 5 3 0 0
"8f8ceabd41954451" 24 352 6 7 74 129 19 453 382 106 3843 80 199627 511 61 19 28 4893 80 44 382 369 13 14 1179 1189892 -1 -1 0 0 0 0 9 7 5 7 6 5 6 5 5 7 0 0
"aa4114026f6eb901" 24 234870 90 212 60 161263 80 200450 553 80 199627 859 20 1662 36 5303 76 80 11 102 200448 236111 126 80295 1179 1189893 -1 -1 0 0 0 0 8 8 8 6 6 7 3 1 4 3 0 0
"f98fd5128f7ec195" 21 184 7 511 61 80 878 1081 90 22469 80 199627 4 114 6225 21282 80 1031 2117 3234 2923 1179 1189894 -1 -1 0 0 0 0 10 9 8 10 10 8 5 9 8 9 0 0
"72256ddbbb65614d" 25 590 1849 382 51 100 287 80 1183 382 245 61 80 199627 200449 398 7 398 80 229 74 3261 768 102091 962 1179 1189895 -1 -1 0 0 0 0 10 9 8 10 9 9 4 8 9 8 0 0
"20bcc6d30eb8c288" 21 344 456 369 4522 80 344 475 369 4523 80 199627 70 369 299 254 391 51 1428 19 1183 1179 1189896 -1 -1 0 0 0 0 9 8 8 6 6 7 4 2 3 2 0 0
"5c4297618dc48ed4" 24 848 229 74 2891 456 369 106 103 474 80 199627 1485 4 1310 4 996 1262 80 16520 808 1786 60 761 1179 1189897 -1 -1 0 0 0 0 8 8 7 6 6 6 3 4 5 3 0 0
"ef84654701bfd2d0" 38 90 2714 77 43 4 421 104 43 60 786 80 199627 30 120821 104680 83 28 5737 104 11 51 840 77 28 908 80 199627 249 36 425 80 200450 212 60 161263 90 553 1179 1189898 -1 -1 0 0 0 0 9 8 7 5 6 6 4 2 2 2 0 0
"eae8176bfdb925c1" 39 114 4 1028 154 16520 808 2555 4 80 563 238 199627 4 114 283 216 49 103 23614 80 425 16520 590 208 80 199627 249 11 36 51 1605 80 200449 173 808 83 28 34 1179 1189899 -1 -1 0 0 0 0 8 8 6 5 6 6 3 3 4 3 0 0
"b3aa543c64c961a4" 26 383 72462 80 344 11 51 1325 80 199627 249 456 807 389 465 154 2268 80 352 1728 30 108 44 4 90 14 1179 1189900 -1 -1 0 0 0 0 9 8 7 6 7 8 6 6 7 6 0 0
"58650bf40256ac76" 25 184 7 511 61 80 511 4315 90 4595 80 199627 460 511 61 19 28 4893 80 90 1849 382 51 100 287 1179 1189901 -1 -1 0 0 0 0 9 8 8 9 9 9 4 8 9 9 0 0
"9ed6477035e840da" 26 90 51 2500 672 114 212 770 19 51 1132 4932 80 199627 1009 184 56 20 257 80 4 114 6225 21282 80 1494 1179 1189902 -1 -1 0 0 0 0 9 8 8 8 8 8 5 6 7 6 0 0
"4a4fd81c02cd526d" 28 4 153 10359 236110 1482 4 408 549 80 199627 90 49 1093 4128 44 1741 80 127 286 909 36 154 1314 80 200450 32 9247 1179 1189903 -1 -1 0 0 0 0 9 8 8 6 6 5 3 1 2 1 0 0
"3c6aa887ca72faba" 23 1267 232 154 120821 104680 83 28 5737 80 199627 200449 184 7 511 61 80 90 398 7 398 19 999 1179 1189904 -1 -1 0 0 0 0 9 8 7 5 6 8 4 2 3 1 0 0
"e7e286b61ac5aad7" 23 199375 212 51 41 80 5942 465 60 102 51 13360 80 199627 90 352 6 563 824 43 966 235061 1720 1179 1189905 -1 -1 0 0 0 0 8 7 6 5 5 6 3 4 4 3 0 0
"dd530bb54dff697d" 21 889 3397 89 36 28 7064 80 199627 330 12 3610 80 249 369 22 3609 80 344 51 990 1179 1189906 -1 -1 0 0 0 0 9 8 7 5 6 6 3 4 4 3 0 0
"ec4b0d437d803de6" 24 369 13 70 297 3903 80 330 4148 340 1051 80 199627 590 1183 14 61 2012 80 537 199375 630 28 7536 1179 1189907 -1 -1 0 0 0 0 8 8 7 6 6 6 4 4 5 3 0 0
"561609ff19175770" 23 16520 51 4372 80 344 11 559 369 283 25 80 199627 47139 304 80 5816 2743 1629 14 212 30 1138 1179 1189908 -1 -1 0 0 0 0 8 8 7 5 6 7 4 3 4 3 0 0
"0d911d42ebc9206d" 28 352 127 51 4370 102 14 474 25 382 319 80 199627 44 31326 80 537 184 1895 80 1015 14 208014 43 4 102 19 26912 1179 1189909 -1 -1 0 0 0 0 6 6 7 9 6 9 6 8 5 6 0 0
"f258d6a9d6b5e4b2" 30 352 835 559 19 2346 80 807 127 14 234982 2358 80 199627 4 996 30 634 80 537 369 7 511 77 154 80 199375 15869 80 1028 1179 1189910 -1 -1 0 0 0 0 8 9 7 7 8 8 5 4 9 3 0 0
"bb29fe477447a59c" 25 199375 2203 4 42 80 1024 80 4 153 154 369 114 80 199627 154 827 827 2651 127 4 13792 19 28 7612 1179 1189911 -1 -1 0 0 0 0 7 7 8 6 5 8 5 6 4 4 0 0
"73f3ce68757a8350" 25 192 1525 60 83 451 80 474 1444 475 199375 20 80 199627 13 154 2258 1146 80 2018 44 51 1393 49 14 1179 1189912 -1 -1 0 0 0 0 6 6 6 6 7 7 8 6 7 5 0 0
"20cf800e9ed83d7f" 24 60 6133 102 146 223 80 277 19 3596 80 199627 4783 77 297 12219 80 127 154 11163 291 72 28 7204 1179 1189913 -1 -1 0 0 0 0 5 6 8 8 6 7 5 7 6 8 0 0
"c967dd0324d8cef4" 32 44 150 13518 80 16520 51 5093 80 199375 453 150 246 8877 80 199627 8880 83 4 80 537 344 559 369 283 28 6156 80 2103 30 15760 304 1179 1189914 -1 -1 0 0 0 0 8 6 7 7 6 7 9 5 3 6 0 0
"988dba4d18750892" 24 245 891 80 4 11 166 13 80 249 966 848 80 199627 453 28 4725 490 144 4 80 106 14 1913 1179 1189915 -1 -1 0 0 0 0 7 5 7 7 6 5 6 6 8 6 0 0
"187fc1732a65b409" 26 158 352 5202 80 55 234856 2651 60 42 474 80 199627 90 456 550 451 80 860 106 43 369 1320 178 70 1237 1179 1189916 -1 -1 0 0 0 0 6 7 8 7 6 7 5 6 5 5 0 0
"ee41e6772c418654" 24 4 127 5269 80 915 80 8515 80 369 166 3380 80 199627 127 14 70 1954 42 80 60 234912 70 1237 1179 1189917 -1 -1 0 0 0 0 6 6 8 6 6 6 4 8 6 5 0 0
"45054a5d33699319" 30 30 2602 44 28 246 102 51 5263 4323 80 199627 382 124 51 3411 369 166 4339 80 199627 31 13342 24 456 352 10511 43 199374 492 1179 1189918 -1 -1 0 0 0 0 9 8 7 7 6 8 6 6 7 7 0 0
"b32e64841053e16f" 15 456 154 43676 2443 80 199627 369 153 16520 15399 44 36 30 234965 1179 1189919 -1 -1 0 0 0 0 8 5 9 7 6 7 6 5 5 4 0 0
"46a5a7e43c757e16" 24 28 490 30 11685 80 28 1818 30 1816 80 199627 425 28 711 51 15111 80 70 600 83 14 30 6301 1179 1189920 -1 -1 0 0 0 0 9 6 5 7 6 8 4 5 7 6 0 0
"954eb2fc99d6f37c" 22 369 15869 28 10859 49 788 2662 80 199627 352 391 70 44 60 80 127 60 234912 102 51 6183 1179 1189921 -1 -1 0 0 0 0 8 6 9 6 5 7 5 6 6 4 0 0
"4794102e7edd7ec6" 23 4 996 30 634 80 28 61 80 199375 255 185 80 199627 150 2976 56 453 70 28 4135 9213 849 1179 1189922 -1 -1 0 0 0 0 9 8 7 6 7 6 5 4 8 3 0 0
"cc833fac89ef34ff" 26 4527 19 4527 49 2284 80 369 6 24 89 80 199627 4 12 421 30 962 80 199375 460 60 70 44 103 128 1179 1189923 -1 -1 0 0 0 0 7 6 9 9 6 5 7 7 6 9 0 0
"16d3c92f7e508416" 25 28 235049 1085 76 80 369 106 28 275 3609 80 199627 369 944 453 30 526 77 60 80 51 5037 19 22130 1179 1189924 -1 -1 0 0 0 0 0 0 0 0 0 0 0 0 0 0 0 0
"a36334d57e36a362" 24 199375 8880 83 4 80 235331 80 453 4 106 30 3635 80 199627 6769 232 234912 80 11 2348 283 154 22793 1179 1189925 -1 -1 0 0 0 0 0 0 0 0 0 0 0 0 0 0 0 0
"17d91b5ca07fb47b" 27 369 7 150 61 2012 80 166 120 60 208 19 2364 80 199627 102 51 5093 44 150 13518 80 271 61 378 146 1369 1179 1189926 -1 -1 0 0 0 0 0 0 0 0 0 0 0 0 0 0 0 0
"9583804ebc75837a" 47 158 352 5202 80 199375 453 382 246 8877 51 2651 80 199627 5816 2743 369 119 60 102 51 3120 80 6808 297 1376 72 30 2591 80 199627 43 104 521 252 14 199372 199375 1183 90 4033 80 466 80 18347 30 4869 1179 1189927 -1 -1 0 0 0 0 0 0 0 0 0 0 0 0 0 0 0 0
"e35c017ed0de90f8" 23 49 603 476 7370 80 1624 835 369 1895 9247 80 199627 16520 30 619 19 3002 80 5722 12196 229 527 1179 1189928 -1 -1 0 0 0 0 0 0 0 0 0 0 0 0 0 0 0 0
"bce036b3f7fc73dc" 42 199375 2203 4 42 80 28 61 80 120 14 20 150 876 80 199627 70 30 3903 407 4148 80 550 770 1093 83 30 855 80 199627 4 106 43 16520 5960 422 80 3371 4 1310 996 370 199372 1189929 -1 -1 0 0 0 0 0 0 0 0 0 0 0 0 0 0 0 0
"ee68d24150c225e7" 23 2539 537 80 31326 80 28 246 90 1819 80 199627 453 28 4725 490 144 4 80 4 3843 14 226 1179 1189930 -1 -1 0 0 0 0 0 0 0 0 0 0 0 0 0 0 0 0
"362abd651e99bc36" 29 28 235141 51 15111 80 199627 49 28 2726 4370 83 28 319 80 2539 43 51 463 2743 199627 15760 304 80 1334 227 9180 90 544 1179 1189931 -1 -1 0 0 0 0 0 0 0 0 0 0 0 0 0 0 0 0
"4e45949e0d5c1888" 35 5263 4323 83 28 1790 80 199627 192 1525 54 3235 474 749 80 74 7 19 15291 1179 199627 11 12 481 60 44 382 124 80 1183 382 28 61 90 4179 1179 1189932 -1 -1 0 0 0 0 0 0 0 0 0 0 0 0 0 0 0 0
"8541b0e53d0fa8dd" 33 43 104 60 252 14 80 199627 4 106 154 6131 80 74 7 19 5430 1179 199627 4 153 43 16520 1215 422 80 199627 271 236112 43 550 70 178 1179 1189933 -1 -1 0 0 0 0 0 0 0 0 0 0 0 0 0 0 0 0
"5f16f39f435c0df4" 32 90411 83 30 12441 2517 80 199627 150 5269 127 14 231 192 1138 1179 199627 4 561 153 559 19 453 103 5218 199627 1394 70 1237 1133 30 3416 1179 1189934 -1 -1 0 0 0 0 0 0 0 0 0 0 0 0 0 0 0 0
"3fb035251399148f" 44 11 12 481 60 44 382 124 80 199627 278 30 39 90 11 119 43 184 251 1179 199627 3397 89 83 770 80 184 6 7 74 4494 199627 90 29371 60 70 19 28 3576 80 11 51 783 236113 1179 1189935 -1 -1 0 0 0 0 0 0 0 0 0 0 0 0 0 0 0 0
"0ddc6cc392e04ec5" 23 216 60 19 30 3455 80 106 30 827 90 5694 80 199627 28 234826 8834 2012 456 4 61 14 2012 1179 1189936 -1 -1 0 0 0 0 0 0 0 0 0 0 0 0 0 0 0 0
"b75d9172041cf876" 25 199375 212 28 10730 72 80 120 4 212 30 2230 80 199627 425 369 153 369 484 19 13685 150 246 19 8479 1179 1189937 -1 -1 0 0 0 0 0 0 0 0 0 0 0 0 0 0 0 0
"fb92dedd84212c15" 18 352 391 70 44 80 74 8089 80 199627 15760 304 80 74 5430 80 74 8084 1179 1189938 -1 -1 0 0 0 0 0 0 0 0 0 0 0 0 0 0 0 0
"20858f92f0c40df3" 22 568 80 136 28 646 104 925 22172 80 199627 369 7 19 453 51 27842 80 150 3032 28 31691 1179 1189939 -1 -1 0 0 0 0 0 0 0 0 0 0 0 0 0 0 0 0
"8c7a078faf15e31a" 21 4 102 19 1895 49 30 1697 44 150 126 80 199627 70 30 2224 89 80 279 19 9765 1179 1189940 -1 -1 0 0 0 0 0 0 0 0 0 0 0 0 0 0 0 0
"432d9422c64548bc" 23 231 192 98384 80 102 51 161 44 51 1088 80 199627 2596 23916 44166 80 229 74 161 56 1032 44 1179 1189941 -1 -1 0 0 0 0 0 0 0 0 0 0 0 0 0 0 0 0
"7efd50900d3e776b" 26 144 30 1245 90 1402 80 60 22 5786 768 707 80 199627 1871 80 3251 1957 80 330 6 153 80 344 30 5294 1179 1189942 -1 -1 0 0 0 0 0 0 0 0 0 0 0 0 0 0 0 0
"fb58a93fe57fe437" 18 1172 855 60 456 30 876 208 89 80 199627 229 74 161 590 212 154 5228 1179 1189943 -1 -1 0 0 0 0 0 0 0 0 0 0 0 0 0 0 0 0
"3e3fe99884f42dc3" 26 2539 80 2539 537 80 231 192 544 80 199627 232 28 1964 19 30 1121 80 6977 531 76 28 124 80 234840 36598 1179 1189944 -1 -1 0 0 0 0 0 0 0 0 0 0 0 0 0 0 0 0
"953e714e1f119241" 18 297 861 4 30904 19 3757 80 199627 456 30 876 573 89 80 541 2287 1366 1179 1189945 -1 -1 0 0 0 0 0 0 0 0 0 0 0 0 0 0 0 0
"4b286560ad41ebb0" 30 229 279 1262 49 154 80 1267 119 43 4 1267 119 80 199627 425 369 153 369 484 19 13685 80 249 369 22 208 24 83 4 1179 1189946 -1 -1 0 0 0 0 0 0 0 0 0 0 0 0 0 0 0 0
"724c637638e0f7d9" 24 127 14 2018 44 103 61 80 166 3569 80 199627 90 11221 407 19 460 4 43 4 7 80 74 35173 1179 1189947 -1 -1 0 0 0 0 0 0 0 0 0 0 0 0 0 0 0 0
"7a273218b9900d98" 25 90 60 22 212 396 206 19 4869 891 42 80 199627 2539 3228 80 184 453 60 192 2144 80 166 283 527 1179 1189948 -1 -1 0 0 0 0 0 0 0 0 0 0 0 0 0 0 0 0
"7c9387a9df40e9d9" 20 4 1588 28 3623 80 453 14 251 511 80 199627 855 42 83 42787 21679 49 5947 19526 1179 1189949 -1 -1 0 0 0 0 0 0 0 0 0 0 0 0 0 0 0 0
"ac5003398f014415" 21 4 996 30 2110 518 1467 14 61 80 199627 17 102 1334 1598 83 30 31 99186 80 549 1179 1189950 -1 -1 0 0 0 0 0 0 0 0 0 0 0 0 0 0 0 0
"e050a4a6f6594232" 26 369 292 192 823 297 4180 12 1056 14 80 330 166 4758 30 1749 80 199627 184 311 70 78292 80 1409 271 4536 1179 1189951 -1 -1 0 0 0 0 0 0 0 0 0 0 0 0 0 0 0 0
"d1feb7e70d11edd9" 26 4 127 107 499 83 150 34 80 10298 19 20 15002 80 199627 12401 5252 8834 603 89 80 277 19 27 245 1342 1179 1189952 -1 -1 0 0 0 0 0 0 0 0 0 0 0 0 0 0 0 0
"e0be67a4ec6e8967" 30 2358 6 41 44 28 14447 80 4017 173 49 30 3387 80 199627 5881 102 4 9247 80 249 158 51 304 152 14 80 330 2844 2525 1179 1189953 -1 -1 0 0 0 0 0 0 0 0 0 0 0 0 0 0 0 0
"0add6eb1844fba94" 23 158 51 304 152 14 80 330 590 283 43 330 2458 80 199627 229 279 1262 49 12609 43 4 2458 1179 1189954 -1 -1 0 0 0 0 0 0 0 0 0 0 0 0 0 0 0 0
"2e69274ce34b345a" 26 90 11221 407 144 80 1069 4 43 4 7 80 150 246 83 1749 80 199627 4 1588 28 3623 80 5360 14 25295 1179 1189955 -1 -1 0 0 0 0 0 0 0 0 0 0 0 0 0 0 0 0
"f2c2e61daafad7e6" 24 2539 2539 25810 80 166 638 770 89 80 184 227 275 2283 80 199627 184 311 70 78292 80 1409 30 5228 1179 1189956 -1 -1 0 0 0 0 0 0 0 0 0 0 0 0 0 0 0 0
"890bb329a40433b4" 28 291 369 904 19 2636 83 507 1245 80 425 16520 1435 28 351 80 199627 11 5737 83 28 24 80 74 7 36 14444 21828 1179 1189957 -1 -1 0 0 0 0 0 0 0 0 0 0 0 0 0 0 0 0
"98228ea9385506b2" 23 12401 5252 280 1779 80 166 5832 271 7775 80 199627 30488 1800 4096 80 271 61 90 1237 378 146 656 1179 1189958 -1 -1 0 0 0 0 0 0 0 0 0 0 0 0 0 0 0 0
"4c7f0d69ee9e71e8" 36 200450 208 72 866 6493 80 475 184 114 120 271 4047 1746 544 80 199627 249 2358 6 41 44 28 14447 80 5881 102 173 49 30 3387 80 4 229 153 14 1179 1189959 -1 -1 0 0 0 0 0 0 0 0 0 0 0 0 0 0 0 0
"a9451bcc3dacacda" 23 108 6842 1624 80 8551 36 22163 14 80 199627 1871 3251 603 80 36 330 153 17 153 30 340 14 1179 1189960 -1 -1 0 0 0 0 0 0 0 0 0 0 0 0 0 0 0 0
"8682d263c9574229" 25 184 11 251 70 30 622 5549 80 6975 89 83 14 80 199627 127 14 2018 44 103 1571 80 166 707 544 1179 1189961 -1 -1 0 0 0 0 0 0 0 0 0 0 0 0 0 0 0 0
"1cac0bc47a990c04" 36 16520 231 1138 44 28 79172 58273 2597 80 199627 590 1183 72 28 2091 44 103 161 80 74 3571 80 199627 2539 3228 80 184 453 60 192 2144 80 1629 770 216 1179 1189962 -1 -1 0 0 0 0 0 0 0 0 0 0 0 0 0 0 0 0
"e52c30fd91b4c9da" 30 807 11 5737 80 51 2596 23916 44166 80 199627 249 352 114 808 16057 8220 19 8220 80 199627 16057 7287 80 16057 7287 80 1629 382 208 1179 1189963 -1 -1 0 0 0 0 0 0 0 0 0 0 0 0 0 0 0 0
"2b4a059e29f6541a" 25 369 990 60 22 212 174 722 80 460 14 245 4932 80 199627 2539 2539 537 80 859 283 19 271 1577 1022 1179 1189964 -1 -1 0 0 0 0 0 0 0 0 0 0 0 0 0 0 0 0
"b5f3f3611d09a839" 26 4 114 119 150 1146 80 1531 150 908 80 11 1028 80 199627 90 1871 3251 603 80 330 6 153 518 330 13 1179 1189965 -1 -1 0 0 0 0 0 0 0 0 0 0 0 0 0 0 0 0
"65409bc0bbd90e69" 28 297 1035 127 14 2018 80 249 369 229 294 80 199627 200449 229 279 1262 49 154 80 199627 90 199375 453 297 12401 5252 3814 1179 1189966 -1 -1 0 0 0 0 0 0 0 0 0 0 0 0 0 0 0 0
"e3c251e726630a29" 24 184 996 83 51 226 554 6876 80 51 226 554 2469 80 199627 90 184 235111 80 1024 80 8228 49 4595 1179 1189967 -1 -1 0 0 0 0 0 0 0 0 0 0 0 0 0 0 0 0
"694db816ffbd5c48" 25 24 44 30 621 80 4 996 30 2110 80 4 153 80 199627 25738 44 79172 58273 80 15405 30 1172 16057 7287 1179 1189968 -1 -1 0 0 0 0 0 0 0 0 0 0 0 0 0 0 0 0
"f9c72f3b1c83a291" 28 369 153 4 127 107 499 83 150 34 80 249 32 3274 80 199627 232 150 1964 42 80 507 531 80 6 120 60 35 1179 1189969 -1 -1 0 0 0 0 0 0 0 0 0 0 0 0 0 0 0 0
"82c4ca283ddfad9a" 29 184 11 251 70 30 622 5549 80 4706 90 14172 80 199627 11 1312 14 80 915 80 818 150 1819 80 120 14 20 150 4044 1179 1189970 -1 -1 0 0 0 0 0 0 0 0 0 0 0 0 0 0 0 0
"1d793844ecdd9813" 39 158 51 304 152 14 80 634 1028 798 658 2952 80 199627 11221 407 19 460 4 43 4 7 80 200450 17017 80 199627 90 297 12401 5252 80 859 2651 1957 1779 80 74 8211 1179 1189971 -1 -1 0 0 0 0 0 0 0 0 0 0 0 0 0 0 0 0
"1ca7be1c64ff6bb9" 38 915 80 212 28 10730 83 150 15438 80 1895 768 222 80 199627 818 150 1819 80 200450 1183 297 63 184 855 30 1237 80 199627 425 119 30 1172 855 103 505 80 932 199372 1189972 -1 -1 0 0 0 0 0 0 0 0 0 0 0 0 0 0 0 0
"ce5d6b7392d433dd" 35 30 3408 17 388 83 28 1632 861 80 199627 249 3250 14 304 80 808 4597 83 14 80 255 80 199627 90 366 33317 80 184 146 10174 34 19 30 16926 1179 1189973 -1 -1 0 0 0 0 0 0 0 0 0 0 0 0 0 0 0 0
"6b1aebdb1c9af5ba" 42 49 30 876 76 80 28 63 590 358 287 80 30 782 6 176 80 199627 271 3002 1085 144 150 15374 80 859 8072 80 199627 90 330 185 1330 24417 80 184 146 35 80 859 255 3815 1179 1189974 -1 -1 0 0 0 0 0 0 0 0 0 0 0 0 0 0 0 0
"bd450102f3902c67" 26 844 60 563 1539 158 369 152 19 2358 4 199372 199627 200449 70 4 119 104 7332 83 150 29 3768 80 4 7824 1179 1189975 -1 -1 0 0 0 0 0 0 0 0 0 0 0 0 0 0 0 0
"37f72816e8c51b1c" 43 4 2103 150 567 2230 7722 80 1629 30 1877 21715 80 199627 158 4 390 4 114 212 28 915 80 506 80 344 11 1899 1179 199627 28 61 104 5927 513 11 5737 80 60 573 1819 19 1819 1179 1189976 -1 -1 0 0 0 0 0 0 0 0 0 0 0 0 0 0 0 0
"a59dd7dca8af59e1" 41 184 558 152 51 19595 80 11511 60 42 80 232 891 2144 80 199627 28 600 166 250 249 9355 83 4 80 460 14 70 1151 127 1179 199627 22887 83 28 2462 80 476 13983 146 222 1179 1189977 -1 -1 0 0 0 0 0 0 0 0 0 0 0 0 0 0 0 0
"e04e96f55124b413" 46 90 66 30 1428 80 1024 80 36 4 19 32 199372 199627 1015 30 39 80 2637 80 184 127 107 340 80 6 2432 60 70 849 1179 199627 271 61 114 2380 70 451 30 39 80 11 4 592 90 13 1179 1189978 -1 -1 0 0 0 0 0 0 0 0 0 0 0 0 0 0 0 0
"25defcd7638b8a78" 43 369 106 192 28642 456 16520 49 4 80 199627 1024 80 114 4 27 51 61 344 33 199372 199627 232 150 1588 80 6 12 942 4 425 80 184 127 107 3158 80 6 120 60 176 749 17883 1179 1189979 -1 -1 0 0 0 0 0 0 0 0 0 0 0 0 0 0 0 0
"0327d6543f94569c" 30 6 153 386 80 249 369 5824 46849 80 550 28 960 77 3057 80 199627 11 1267 1003 103 622 12225 80 146 120 60 283 14 89 1179 1189980 -1 -1 0 0 0 0 0 0 0 0 0 0 0 0 0 0 0 0
"79ae25913e32c8d1" 46 255 96 51 1330 108 4271 83 28 1264 80 199627 2843 69528 80 70 3326 80 83 28 236114 30317 1179 199627 383 2348 283 1630 80 166 120 1957 212 271 5228 80 184 32 1630 77 60 80 103 104 271 8818 1179 1189981 -1 -1 0 0 0 0 0 0 0 0 0 0 0 0 0 0 0 0
"fd1f6917dd9b7c87" 25 382 5725 32 83 22891 80 6096 102 51 2231 80 199627 58 2797 49 382 80 1037 30 867 80 83 709 1138 1179 1189982 -1 -1 0 0 0 0 0 0 0 0 0 0 0 0 0 0 0 0
"9d265ca5590c193b" 50 184 176 42 44 30 8796 80 139 174 6413 80 60 786 80 199627 90 16520 10589 80 4601 80 1267 595 28 1964 408 297 633 997 44868 908 1179 199627 127 70 297 499 1214 80 1019 83 28 293 80 330 70 83 28 1264 1179 1189983 -1 -1 0 0 0 0 0 0 0 0 0 0 0 0 0 0 0 0
"e7ed2a0167ae6143" 61 398 293 14 27400 80 102 16520 51 476 2565 80 199627 249 369 11 12 20 51 6819 5218 80 36 340 1179 199627 103 39 19717 19 1015 14 19 20 51 129 80 249 369 11 12 20 544 80 199627 127 1093 525 83 14 80 102 5212 47279 80 747 36 1750 2287 53 14 1179 1189984 -1 -1 0 0 0 0 0 0 0 0 0 0 0 0 0 0 0 0
"a3ce9c31812a4476" 27 30 139 891 232 1091 76 80 11 102 44 28 1964 80 199627 60 1483 102 1334 227 44 245 15093 80 5301 31337 1042 1179 1189985 -1 -1 0 0 0 0 0 0 0 0 0 0 0 0 0 0 0 0
"95f291b2908a550c" 38 192 234 3903 80 70 26552 42 44 27915 80 199627 249 369 638 1383 150 56343 80 344 559 61 573 1179 199627 283 8923 25 30 4227 77 3769 80 249 146 12 120 208 1179 1189986 -1 -1 0 0 0 0 0 0 0 0 0 0 0 0 0 0 0 0
"d381d0f035e9dfa5" 34 2167 68 1019 36 174 722 80 425 550 206 19 212 9878 80 199627 6 638 24 80 200450 283 19 1209 80 248 30 8655 102 27819 87395 44 51 2919 1179 1189987 -1 -1 0 0 0 0 0 0 0 0 0 0 0 0 0 0 0 0
"729e2fcbd19d6e8f" 21 352 136 184 56 176 42 1755 80 199627 2103 150 567 2230 3292 90 54 3458 44 150 1964 1179 1189988 -1 -1 0 0 0 0 0 0 0 0 0 0 0 0 0 0 0 0
"422d9c6026ec4966" 34 10716 144 30 8185 6977 83 51 15369 80 199627 4 1961 150 2484 340 691 80 240 4 153 199372 199627 158 16520 554 749 80 378 4 1183 14 30 18447 199372 1189989 -1 -1 0 0 0 0 0 0 0 0 0 0 0 0 0 0 0 0
"2f50aeef09037131" 42 330 216 4 90 58 330 2797 80 199627 4 421 154 4783 711 199372 60 11890 4 49 748 1179 199627 1183 28 4323 90 860 780 19 4722 80 199627 4633 49 30 1262 721 90 860 283 4470 1179 1189990 -1 -1 0 0 0 0 0 0 0 0 0 0 0 0 0 0 0 0
"ad99d5f96d33478b" 22 70 369 251 104 36 4 19 61 14 80 199627 184 114 1895 72 44 271 2012 3903 80 4022 1179 1189991 -1 -1 0 0 0 0 0 0 0 0 0 0 0 0 0 0 0 0
"9b417892a48f2720" 20 537 184 127 271 8252 80 249 184 2967 80 199627 166 637 1015 770 184 229 127 27423 1179 1189992 -1 -1 0 0 0 0 0 0 0 0 0 0 0 0 0 0 0 0
"7a9491334a08edac" 38 90 4 153 369 127 30 5173 80 199627 11 51 52 14356 80 6 453 51 1803 1179 199627 51 304 192 2144 80 1267 1588 60 89 80 199627 747 19 212 83 103 3057 1179 1189993 -1 -1 0 0 0 0 0 0 0 0 0 0 0 0 0 0 0 0
"7c1351959296e8b2" 22 158 369 3610 80 378 4 20 848 19 1679 14 199372 199627 160 2831 80 378 184 808 20 1577 199372 1189994 -1 -1 0 0 0 0 0 0 0 0 0 0 0 0 0 0 0 0
"f094bd5a2f40d148" 35 49 150 14767 126 90 150 5119 5737 80 199627 32389 2259 1238 255 999 1179 199627 386 4 20 2233 70 30 206 199372 199627 166 1312 51 14444 915 49 51 3887 1179 1189995 -1 -1 0 0 0 0 0 0 0 0 0 0 0 0 0 0 0 0
"e1859d34bb9984e1" 40 43 566 30 3686 77 103 706 199372 199627 277 19 7551 4 80 249 60 6829 44 3428 1179 199627 55 4 240 153 154 369 112 998 80 199627 425 70 344 163 104 51 8447 4937 1179 1189996 -1 -1 0 0 0 0 0 0 0 0 0 0 0 0 0 0 0 0
"9db7fd5d21de19c2" 36 590 208 13 30 9068 80 199627 757 53 28 82 80 550 511 513 15365 1179 199627 1267 5843 72 297 4180 90 26800 80 199627 227 28 634 275 80 16520 30 4458 1179 1189997 -1 -1 0 0 0 0 0 0 0 0 0 0 0 0 0 0 0 0
"10765cd6f9ce90b5" 27 4 1002 14 70 30 857 80 70 30 2568 77 30 706 80 199627 90 199375 757 102 16520 42967 80 613 44 788 5405 1179 1189998 -1 -1 0 0 0 0 0 0 0 0 0 0 0 0 0 0 0 0
"31085b3aa6658ca2" 41 4 114 96 70 30 4183 90 4874 80 199627 249 252 61 80 550 70 11 10013 41222 1647 1179 199627 74 3610 378 212 4 475 61 166 80 199627 550 30 4063 1657 80 1629 60 14449 1179 1189999 -1 -1 0 0 0 0 0 0 0 0 0 0 0 0 0 0 0 0
"91cf44c6c091c5aa" 46 90 212 150 206 80 2099 80 74 7 19 5038 80 199627 120 30 91749 2517 436 80 106 30 234828 4849 1179 199627 49 1738 234865 14652 90 51 246 911 77 1749 80 199627 859 3558 30 39 80 5432 563 2370 1179 1190000 -1 -1 0 0 0 0 0 0 0 0 0 0 0 0 0 0 0 0
"f873bfb5a193fbc4" 24 31221 394 14 19 1532 83 154 7287 7014 80 199627 249 74 161 334 19 20 14 80 16520 11 51 7393 1179 1190001 -1 -1 0 0 0 0 0 0 0 0 0 0 0 0 0 0 0 0
"e2b7fdd0797061a1" 24 30 8130 44 30 7600 80 255 277 19 638 14 24 80 199627 6402 178 14 192 369 120 30 28626 3055 1179 1190002 -1 -1 0 0 0 0 0 0 0 0 0 0 0 0 0 0 0 0
"0d65fcd18e6ae756" 22 4 153 369 127 154 9391 80 8198 70 451 80 199627 91749 2517 80 586 451 80 458 44 23497 1179 1190003 -1 -1 0 0 0 0 0 0 0 0 0 0 0 0 0 0 0 0
"1aa0e57ccd1ccc06" 27 369 1267 5843 72 297 4180 102 26800 80 199627 249 4 1002 14 80 2441 14 6788 80 6174 102 51 147 44 30 129569 1179 1190004 -1 -1 0 0 0 0 0 0 0 0 0 0 0 0 0 0 0 0
"e447cda5c63dbc45" 34 757 53 28 82 80 4706 83 4706 80 199627 43 566 30 3686 80 16520 146 909 24 80 199627 249 36 51 52 14356 80 199375 460 4 51 783 2662 1179 1190005 -1 -1 0 0 0 0 0 0 0 0 0 0 0 0 0 0 0 0
"8b1408289939a78d" 45 369 212 28 206 80 74 7 19 5038 80 199627 74 3610 80 74 999 80 11 590 232 3846 80 252 923 80 199627 200449 369 112 998 80 1069 60 28 70 80 199627 249 1112 4 11 1267 41 583 1179 1190006 -1 -1 0 0 0 0 0 0 0 0 0 0 0 0 0 0 0 0
"1cf8bd6002872423" 36 90 184 232 4899 102 178039 236115 7370 80 199627 297 891 229 2253 80 249 184 1267 232 277 80 199627 184 152 19 1209 60 76 80 453 30 526 77 103 21304 1179 1190007 -1 -1 0 0 0 0 0 0 0 0 0 0 0 0 0 0 0 0
"b36bc06a3f79af18" 24 158 16520 554 749 80 1267 453 51 108 11133 80 199627 74 3610 80 11 5268 5269 80 74 7 36 18546 1179 1190008 -1 -1 0 0 0 0 0 0 0 0 0 0 0 0 0 0 0 0
"06c0bf368382e05a" 30 16520 6977 83 51 15369 80 83 28 139 19 13 30 8828 80 199627 70 4 7 19 119 104 61 14 80 74 7 36 51 6657 1179 1190009 -1 -1 0 0 0 0 0 0 0 0 0 0 0 0 0 0 0 0
"a11da94ee721bc1d" 21 74 161 334 19 20 1598 44 25485 80 199627 475 566 28 4664 80 369 106 102 51 4202 1179 1190010 -1 -1 0 0 0 0 0 0 0 0 0 0 0 0 0 0 0 0
"24e6f1a6cbe88420" 31 386 4 255 2233 80 277 19 212 14 89 80 199627 7551 4 866 5573 80 249 4 166 16460 103 4869 80 16520 174 2144 44 103 3057 1179 1190011 -1 -1 0 0 0 0 0 0 0 0 0 0 0 0 0 0 0 0
"180637befe637c1b" 30 212 150 206 80 2099 80 74 7 19 5038 80 199627 160 2831 378 629 80 249 36 425 80 234968 454 866 1022 80 550 51 944 1179 1190012 -1 -1 0 0 0 0 0 0 0 0 0 0 0 0 0 0 0 0
"f0506d94f84bed23" 27 212 150 206 80 2099 80 74 7 19 6259 80 199627 369 229 104442 80 199375 11 232 28 1588 80 74 7 19 3589 1179 1190013 -1 -1 0 0 0 0 0 0 0 0 0 0 0 0 0 0 0 0
"ce2a0b759d3460e9" 38 859 152 19 1209 60 76 80 199627 1031 16520 6977 83 51 15369 80 37853 19 13 30 8828 74 5430 1179 199627 249 488 80 120 14 212 51 757 53 28 4181 90 4593 1179 1190014 -1 -1 0 0 0 0 0 0 0 0 0 0 0 0 0 0 0 0
"aeca4c465c7315e0" 28 297 32389 2259 1238 80 330 127 14 231 5119 1179 199627 192 199375 11 212 28 206 80 74 7 19 5038 80 16520 17 22309 1179 1190015 -1 -1 0 0 0 0 0 0 0 0 0 0 0 0 0 0 0 0
"8aa3586ba104a9fc" 25 398 255 185 369 757 102 16520 408 42967 80 199627 249 369 11 19459 60 72 80 102 297 8130 83 30 1349 1179 1190016 -1 -1 0 0 0 0 0 0 0 0 0 0 0 0 0 0 0 0
"14ecd7d83200f99e" 29 49 1231 1825 55622 80 369 656 785 19 30 31 1179 199627 90 4438 283 19 13 30 9068 80 17 11 1629 408 30 2466 21275 1179 1190017 -1 -1 0 0 0 0 0 0 0 0 0 0 0 0 0 0 0 0
"8906157e22372754" 32 199374 68 5056 192 823 80 28 1738 2098 14652 106 2594 1179 199627 249 58 369 13 28 3172 90 369 278 178 70 30 4180 80 192 19 2118 1179 1190018 -1 -1 0 0 0 0 0 0 0 0 0 0 0 0 0 0 0 0
"71ee369fc9129f3c" 27 537 80 184 996 11 51 2500 1664 277 19 27 271 139 1179 199627 249 58 4 407 796 90 1961 541 44 51 621 1179 1190019 -1 -1 0 0 0 0 0 0 0 0 0 0 0 0 0 0 0 0
"62cabd8e99266907" 23 184 1866 92 5096 80 249 184 11 232 83 1618 1179 199627 74 7 19 3610 80 184 11 32 3849 1179 1190020 -1 -1 0 0 0 0 0 0 0 0 0 0 0 0 0 0 0 0
"8f144c6e364dbae4" 32 208 1630 90 1532 83 154 236116 7014 80 13 158 369 824 1179 199627 6690 330 1320 178 770 1423 44 8842 80 249 330 6 153 30 340 34398 1179 1190021 -1 -1 0 0 0 0 0 0 0 0 0 0 0 0 0 0 0 0
"a4e8dbd4c46f6332" 53 4 114 96 70 30 82 44 30 39 80 60 6 1208 51 1146 1179 199627 398 1866 185 369 757 102 16520 408 42967 80 249 16520 808 30 4044 1179 199627 90 793 80 199375 3617 89 28 5444 19 28 4893 80 344 11 30 139 24506 6568 1179 1190022 -1 -1 0 0 0 0 0 0 0 0 0 0 0 0 0 0 0 0
"6971c8ba9fdd15aa" 24 234833 911 77 7508 80 4 146 153 43 60 1159 1179 199627 249 184 232 1618 80 74 1539 43 275 28600 1179 1190023 -1 -1 0 0 0 0 0 0 0 0 0 0 0 0 0 0 0 0
"14d79977664562c9" 49 563 158 369 6560 90 35 80 199375 146 460 42 30 2469 1179 199627 74 7 19 3589 178 30 4600 80 859 232 42 271 9763 1179 199627 90 859 630 603 44 30 1370 49 271 2012 3903 80 344 559 859 999 30 1531 1179 1190024 -1 -1 0 0 0 0 0 0 0 0 0 0 0 0 0 0 0 0
"674e59b0ece896d1" 49 369 12 20 1043 44 30 1605 80 4120 83 30 1138 1179 199627 4 12 460 14 154 960 77 61 80 102 52556 44 30 1121 1179 199627 90 158 1620 19717 19 3376 4 80 199375 1183 603 28 4323 80 24506 453 1957 1532 1179 1190025 -1 -1 0 0 0 0 0 0 0 0 0 0 0 0 0 0 0 0
"6c1ebda95f20a7b7" 38 398 255 2913 559 184 232 271 6769 1091 1179 199627 249 344 11 559 60 573 80 184 232 83 16362 1179 199627 90 550 70 11 51 840 77 275 80 297 891 1334 273 1179 1190026 -1 -1 0 0 0 0 0 0 0 0 0 0 0 0 0 0 0 0
"cedb88c3d4887be0" 41 352 1165 382 4893 19 13 30 1183 80 199627 710 1268 42 30 1022 83 154 1782 80 6 4 153 199372 199627 192 352 2725 83 154 236116 7014 80 1218 36 30 275 77 382 783 161 1179 1190027 -1 -1 0 0 0 0 0 0 0 0 0 0 0 0 0 0 0 0
"32949195ecda6875" 29 158 16520 554 749 80 386 4 7329 14 102 50 51 5854 199372 199627 51 304 192 2144 80 234893 30 962 80 369 229 74 2760 1179 1190028 -1 -1 0 0 0 0 0 0 0 0 0 0 0 0 0 0 0 0
"8745c6fffdf29389" 36 49 541 1617 28 139 80 369 106 102 16520 83 31 77 30 39 1179 199627 234850 83 51 15369 80 83 28 139 19 13 30 8828 80 11 243 4425 21928 10611 1179 1190029 -1 -1 0 0 0 0 0 0 0 0 0 0 0 0 0 0 0 0
"2250dd9bb99fb6d9" 54 127 28 24102 83 51 6879 80 1767 28 783 31915 1179 199627 192 108 19 20 348 253 80 537 103 104 475 369 14651 1179 199627 276 154 3290 5218 80 229 146 360 88 223 1179 199627 249 1767 11 840 77 30 17775 80 103 348 104 28 1340 1179 1190030 -1 -1 0 0 0 0 0 0 0 0 0 0 0 0 0 0 0 0
"3362434a80cac4f4" 47 61 4 80 74 2351 80 559 56 369 17 199372 199627 798 11 2157 24 3518 80 136 330 240 96 79 7661 80 192 798 133757 1179 199627 6116 1956 80 475 60 70 573 89 80 779 23024 80 184 6 4633 406 1179 1190031 -1 -1 0 0 0 0 0 0 0 0 0 0 0 0 0 0 0 0
"25709ad2599f3c41" 49 28 490 15399 89 102 16520 4244 44 51 5235 1179 199627 249 369 229 51 10188 80 16520 51 15634 77 30 38272 121730 43608 80 6 4 19318 1179 199627 90 146 299 10311 80 369 119 43 369 251 80 6 7 19 20 890 1179 1190032 -1 -1 0 0 0 0 0 0 0 0 0 0 0 0 0 0 0 0
"0f82c5056cef4483" 30 158 60 391 44 51 42906 1010 80 199373 20 10918 44 51 2012 440 1179 199627 249 36 425 80 199375 7538 36 30 3800 5038 77 43358 1179 1190033 -1 -1 0 0 0 0 0 0 0 0 0 0 0 0 0 0 0 0
"a4ac409c1256591e" 28 291 80 16520 2990 36 4725 80 6 2179 14 768 860 2952 1179 199627 369 96 146 955 51 5218 518 56 4758 14 90 32 1179 1190034 -1 -1 0 0 0 0 0 0 0 0 0 0 0 0 0 0 0 0
"98cd05365a12691e" 25 184 127 709 161 80 277 19 700 770 4553 1179 199627 352 51 364 55529 80 249 184 229 234978 382 97 21267 1179 1190035 -1 -1 0 0 0 0 0 0 0 0 0 0 0 0 0 0 0 0
"57c1aaf24d2f1b4d" 46 90 200450 208 80 88437 80 344 271 7612 1179 199627 2539 1024 80 369 106 192 3701 80 166 1028 369 75 36 154 12736 1179 199627 368 43524 80 4 29729 14 44 30 24 80 425 369 153 518 4 112 242 1179 1190036 -1 -1 0 0 0 0 0 0 0 0 0 0 0 0 0 0 0 0
"7386ce8723c4aa27" 29 4 251 245 80 249 369 6 436 154 706 1179 199627 369 119 17 1312 51 4272 80 199375 212 30 3800 5038 77 43358 97 621 1179 1190037 -1 -1 0 0 0 0 0 0 0 0 0 0 0 0 0 0 0 0
"39e82ad823fc1c4f" 59 136 352 1734 4 36 150 82 80 240 563 152 19 1678 60 1179 199627 158 4 83 17362 80 11 638 150 1964 42 1138 90 6 3380 60 1179 199627 2762 425 24583 80 184 13 4 2449 823 80 6 7 19 1829 60 80 173 30 340 2565 80 425 184 127 60 1179 1190038 -1 -1 0 0 0 0 0 0 0 0 0 0 0 0 0 0 0 0
"6d8e349bcdcd70fc" 28 154 30 2203 104 1779 80 249 859 27 271 139 1179 199627 184 208 19 14591 80 249 859 2995 253 80 344 559 184 436 1179 1190039 -1 -1 0 0 0 0 0 0 0 0 0 0 0 0 0 0 0 0