"3c02c1924a6a6f65" 78337 68361
"4af71909fc20010e" 91624 4133 30866
"c853c71c5ccf95bd" 181189 122113 139497
"edff5066d91b441b" 48234 61071
"dc3cc5860ceddf74" 56436 27247 28685
"f54967396527fe05" 2199 56490 37957
"10c56b978b0c17a2" 11018 181394
"d44228bfcaf51df5" 61163 104497
"092587e6011ec4f5" 32474 91537
"b89b286795a6c13f" 150491 53839 13036
"3e152e43b0cf3e13" 167523 92794 104589
"b25c80b2b0ab68a1" 137111 14788 186687
"afbf0157e0a3f0f7" 55789 142404
"5828f0758fddfc92" 83976 141857 80775
"550c286795a6c13f" 150491 53839 14774
"382fd0f4d606e7ac" 186687 107299
"9fa8b5ead34b43aa" 37964 104589 94875
"d465200d9398bcce" 107294 186433 100137
"b556816a0d8635ff" 60390 101727 176169
"96f12805304141ab" 64713 80775
"e151c3706de918f5" 49335 30374
"fde577ff1d455b21" 81199 14788 91547
"c7e33d2ea0cdd79e" 97075 25004 121292
"7c9ffabaac5fe708" 53849 94023 47202
"e819a14727e11b78" 46559 139250 142404
"ccace0513d4759c7" 100137 167523 12459
"1b0a5da2c6369ffb" 6700 83976
"215041ef5b259c03" 116267 16514 37964
"d97dec86cfb525e2" 36275 91547 112522
"1e3b106278ad9a6b" 46839 124452 34997
"93daf73c17277f84" 141857 46559
"b9ddbb0a924a3e1a" 141857 6700 56397
"4a7784bc155f6b96" 113149 107294
"473234ed2969c730" 47202 104589
"179ed8a195ea2d64" 81199 137111 14774
"3bd24aa296aa8dec" 93098 124452
"28b80272204cef15" 94875 186433 53849
"6212409402d5fefa" 92794 142404 101727
"9fef85471281d3e1" 121292 107299 113149
"3c9354ec84e9e5d3" 81199 97075
"ccdf7f04ff3c4c87" 91547 36275 53849
"4fd43d20c178b096" 116267 94023 55789
"3007007947c7f7a0" 176169 186433
"a9767f520583e300" 107299 30374
"9af5e5a6d383af98" 107294 83976 93098
"f06bd3706de918f5" 49335 137111
"3d49359ab2d1d31e" 94023 107299 124452
"3ae66d7eb862c0ca" 34997 25004 141857
"c90bdd0ed62d3535" 80775 137111 64713
"6ed945ffe9ce0f38" 46559 12459 46839
"19b8c1d37abca9b8" 37964 91547 113149
"61fa9e3f4aeaea90" 14788 121292 104589
"f669bc3afad7fac8" 94875 167523
"fd08d5a5c041c44d" 139250 83976 13036
"799be94f41038ccc" 53839 142404 36275
"c5b4cc7c972401b5" 93090 2603 52146
"9431904ee1df9bd9" 174869 51851
"13971f7ee9a045e4" 56566 60833 28821
"4151cd9102ca4c09" 21441 153754
"b46a7f9fd850dd34" 181477 96765
"9f88d3be75aed5a6" 37934 42225 130389
"06836f881171c3a5" 88807 46415 48597
"5762e010c463c0cf" 18101 30949 130510
"c091fc050ecef691" 55570 55605
"a417e452743cf921" 176846 11764 68127
"cfb2e41a0d944e1e" 181810 22917
"6900f7f00dbd99da" 87676 174362 66079
"591c729c1327e0f4" 11505 119211
"a476480251273706" 30965 160300
"0b370d621361bf8a" 33517 118522
"42588fd220d6fced" 188076 135675
"3ca41ec48e9ab5c7" 114285 49293
"9a2f7c87c6ea1b63" 38115 51957
"85fe2027202bf1a1" 146555 159468
"f87a8b948936ff11" 121692 8285 164881
"fae5947ab9d49ff2" 133029 40609
"7cabd08b2f402284" 23922 59920
"74149ba774ddb189" 15819 80843
"40b783b764cbb775" 145735 129340
"6fa09d6b27956eaf" 45394 90312 156387
"ebdeb1dbee8c9405" 187445 116472 154080
"0aa20bc0632d954b" 80939 143955 110077
"937f2804d773f313" 188760 130644
"cb896c68f3c331d1" 175612 109187
"fa6c147dbf957ad5" 52445 188760 147721
"23d06342e1c62ebe" 178272 71397
"249aa4f2e6265dba" 183734 158743
"a55c15d102ce9831" 179219 62518
"e517e522808cd897" 112178 159463
"a4f78bda1efa01b9" 17949 17700
"412cd8eeac638e78" 79963 78646 61306
"c058ca3adf78d8fe" 32407 133684
"5e4fdbde47f2a3aa" 139321 56001 750
"ca383c68588d78fc" 145374 51321
"abba99a77d28713c" 163689 146872
"dd8e2a67392a50c5" 176715 55521
"505ec33cef8a4f49" 151664 168424
"0144d0add662ad46" 85486 17933
"a08bca1382ef11eb" 19876 13385
"659eeb44c07ba3b7" 151140 43989
"ca05be59b251affb" 62518 17933 130644
"2054f5f823f7667a" 147721 154080
"a778cd3f33a50e1b" 152671 61306
"bde0363792ee4971" 143955 43989 183734
"acdcce15ee7fab3c" 2219 750
"95c660d50a5a725e" 145374 175612 78646
"309abe93e237382c" 178272 110077 56001
"22e3d77d5ae3734e" 5448 17933
"89d97fa19855129a" 176715 152671 139321
"47b3bc3e97150e82" 110077 750
"6b03dafbadba8270" 187445 188760
"c0f3f0add662ad46" 85486 147721
"86ca0c44c07ba3b7" 151140 159463
"5b099a2f5ebe0126" 17700 109187 56001
"af06fd943c5d110c" 55521 154080
"a544abda1efa01b9" 17949 133684
"682dc33cef8a4f49" 151664 163689
"bbde415c4bf30dd5" 52445 43989
"f58e1804d773f313" 188760 61306
"fcc3ce7d0def4ec4" 134036 145374
"9f310d496722769a" 13385 32407
"6386b231086172bd" 71397 168424
"d40a1fc949234458" 19876 112178 62518
"45f0eadda6e1731c" 80939 116472
"6e0f7cce7a0c4a9a" 56001 158743 13385
"cac5320fc524847e" 79963 154080
"eea8b82ed0aa1583" 7616 168206 10799
"2e23de10a3935ea0" 186327 90058
"cd4a2b4dd5f9fb5c" 26859 23807 77757
"1ccfb298a6ec230a" 61478 81970 4568
"68fbaed58d6604f3" 169786 11242 122897
"b448ad86744f2cde" 116946 91949 162391
"f81df7deac211da5" 176327 71256 11375
"a9686f5d5ac2c188" 75746 38640 55151
"910e6394d225c2e5" 78590 32200 169594
"e29ae64131e8bc40" 61719 4568 106942
"61ee72db81318b9d" 148769 106933 80787
"4042f53faae582ce" 90174 1806 87319
"fc0cd5024fade4a9" 81729 107078 166287
"ae2860f7f44ed305" 70798 26847 101712
"57f3879375615456" 106934 164526 56624
"d76700c2bbfbbaac" 23455 61719 174930
"9b25b0d1b9425c65" 168206 23455 26847
"89ad26b339f2f58d" 90360 11242 106933
"f175f854ab273012" 91949 164526 18379
"14bb249ead2a2a7e" 77757 148769 107078
"39ef89a274c36397" 78590 81729 166287
"6eddb8f39b9dd31b" 101712 1806 61719
"767a9dfc6d2b1cfa" 122897 26847 116946
"ec0e6374ed9c75e6" 81970 56624 80787
"dcc44d123d74e8d3" 55151 106942 87319
"8ca0d2683498c4fd" 70798 166287 90174
"62ad9380cf180500" 75746 11375 32200
"9f916a96f6ea4521" 61478 38640 11242
"d2d81674567f9cae" 186327 26859 107078
"14964b395d09353b" 71256 174930 106934
"23870ae2a63d36af" 90058 4568 87319
"4c9e02e857c687df" 169786 169594 23807
"6782d0cf2ad3b0fe" 9165 116946 164526
"4d8aaeb3dd1dcd2e" 176327 81729 23455
"bcaff9d1a64b0433" 7616 162391 87319
"ffab860dac095b93" 77757 55151 70798
"2ffa076e834c7e5a" 90360 23807 106942
"a04ea7f6888482a2" 610 61478 148769
"922af9908b6153ed" 10799 75746 26847
"99042ebcc18b966b" 101712 106933 166287
"2280d0068f29dc23" 168206 81970 122897
"371b21144e37d3b4" 7616 56624 169594
"6b052bb1b53a59ff" 78590 91949 106934
"68300d7a75cdd42f" 18379 11242 4568
"93427a7ad28a3056" 186327 174930 162391
"1584e9764a9b68e5" 176327 61719 106942
"feccd03de5d45a60" 122897 164526 87319
"25f569769a6754b7" 78778 19187
"df03ebe75068dc1b" 139196 166916
"26ee872d7506742e" 143417 19201 76075
"09f4d2792cda3f52" 89439 131728
"090839b4885712b5" 103893 79108 180342
"e1df0fc8ea6c7504" 145602 5463
"53aeda066fe604dc" 79393 22235
"6b7aaf9c03ef6768" 135266 4714 185433
"e4a379336431e8eb" 127170 65751 7880
"a3306e083fef820c" 22474 11549 606
"801a045c44c02614" 176053 46122
"f0ed87c4d6aa5c5a" 111769 64182 39431
"e034f605aae198e9" 55843 147158 45132
"21edd9767749e6ab" 4179 13742
"67d9ab080bb1f500" 148489 6771 156325
"a7f5fdc816400b6d" 53892 140377
"87c5c1706073401e" 31892 23175
"c5c68d67fea2890b" 84982 150679 127170
"8be17db78dfce00b" 23175 5544 7880
"393f51f1e9d8085d" 21689 46122 23175
"ea28b2792cda3f52" 89439 13742
"bb3420036d874c66" 127170 55843 185433
"fb25f83cccde3bc8" 52803 76075
"f8601fc8ea6c7504" 145602 7880
"31f621108a4d2d67" 19201 185433
"5cfa0b61080ae007" 4714 180342
"a9691fbb378f7b72" 139196 143417 131728
"80d528ad8e48cd18" 19187 53892
"77afa7412aa6b85b" 606 140377 22235
"e38191aca6fead0f" 135266 5463
"97f432e6a6100cc4" 35101 79108 65751
"76ac1f892a972b2a" 78778 84982 147158
"08d2cfdcdafe7b8b" 150679 31892 166916
"f9a91dfe7a395095" 103893 79393
"60ae6f69468d2873" 111769 148489 39431
"59fd741a809819c6" 64182 145602 45132
"cfe69b694c3fd360" 5544 39431
"3c50f9767749e6ab" 4179 89439
"fda4ee295bea3215" 6771 22235
"c4ab0f848b387e60" 22474 11549
"4b9d937970a8ba52" 156325 135266 79108
"fe915907c104da0d" 176053 46122 23175
"ca2295fcc44ad584" 22235 31892 45132
"21b6a91d0ea9714f" 111769 13754 147158
"0486e55a2fa4881a" 5463 5544
"9717a2a7ca2c96a5" 35101 4179
"88d3122b39c8e4af" 179931 71893 88475
"e9a34fa6acab0f71" 129395 13210
"bcf0d7cd023566e4" 150017 162467 125394
"2e29a89099e28fdb" 16066 109565 33518
"266d4c5b2bb77aaf" 99722 1651
"7de199dc819a7983" 22686 132525 187575
"994747210a333044" 158510 121864 82442
"687276dc52cad84a" 45450 146254 6189
"8b5c402fcd5f5f40" 146721 137054
"fde7969ccbeae177" 164077 146744 69705
"7b2a7fd0a97a30e0" 30281 13141
"7dc3b5f89bbd0749" 57339 36587
"06f657202ac4618e" 46425 26670
"9560114f0ea4a431" 131766 109585 2637
"f202814b092b4bff" 81973 113873
"4b122329544105c0" 97514 57674 39727
"c39c1560580b2e3f" 46526 29097
"6833a3ee784176d9" 178186 13079
"6279e9799ba3e340" 26670 57464 141799
"f1489a7bb25206a6" 25319 125394 6189
"3a5e7745d3186bab" 36587 150017 97514
"5e20dc7e95ccb259" 13210 2637 30281
"aefc7fc791656ef4" 179931 22686
"f58eff8ff8083c35" 29097 1651 33518
"1af98bf4c31fd7a1" 109585 13079
"fc5fc3307c7f1deb" 39727 45450 109565
"7a186fa6acab0f71" 129395 162467
"1d1dcee0dbedc124" 88475 57339 131766
"fa9d77202ac4618e" 46425 184957
"62c666f21423cc4d" 158510 69705 178186
"4c3b05b3ab6165db" 132525 146254
"0083f3b5e729acde" 13141 146744 16066
"bdb413e882b2055d" 184957 71893
"d47e6c5b2bb77aaf" 99722 137054
"d9defaf341220fd0" 82442 158510
"fc81ebd245495fbc" 57674 187575 146721
"0ed13981fca5acb5" 97514 121864 81973
"77e05d20fe5345a0" 113873 6189
"a7ab1560580b2e3f" 46526 25319
"44fc93e46e8d3d5c" 125394 132525
"efb56c1cb11a6e05" 2637 137054 13210
"0a1b97e772f5eeee" 131766 26670 179931
"abba0cc24789b5a6" 29097 57464
"f424ca8224ed073a" 69705 164077
"5bbf30e47bb01d68" 13079 22686 187575
"559f7818858a540b" 88475 30281
"343995a0e82a3122" 45450 146721 129395
"d45f61bc2ba466c0" 124284 218516
"fc0f8b2a0d531b4b" 172512 83667 26799
"41ab25252d6f94ad" 115024 177047
"385b9bdaf5f25e52" 138237 91901
"65221f6b52abc68d" 17129 190164
"963ad365fc03589c" 135059 132648 2573
"4cb8c13d41b25c84" 175487 189732
"2afa7ea85ccf234e" 2488 73175 190902
"19a57ba670d9bb1c" 109628 95000
"d59caac09f68c9c3" 138227 15408 33849
"ff8ff4d6bb413e26" 70042 92224
"0edfb94382a3dc1e" 1717 189954
"1d4b55ca567b1a4b" 111013 185027
"6b6c23ac118059ef" 91901 190768
"b09955ee2215338e" 31720 58064 147594
"2258f566cbf60eae" 24968 73165
"6d50405777f40bd9" 19585 189073 191175
"71f386a751a8c8c0" 189943 191583
"fba7ed0581801c57" 176592 95234 190476
"eacec18fe5bcb086" 190314 191583
"d1cf079aa5f4a257" 2488 172512 124284
"6e89f28acd8f7573" 70042 135059 109628
"0f86b524bec2167e" 13083 92224 218516
"83337d639c268f53" 115024 132648 177047
"c881b9141c8a5ddc" 136461 111013 2573
"d371df653f0c05c2" 187732 24968 95000
"273f1f6f03d59c94" 175487 31720 147594
"097d65e8c65664e0" 134265 26799 185027
"f1e05efa6db99419" 15408 189954 190476
"44400d30f2910627" 73175 17129 189943
"dfe608b530ff4dcc" 138227 33849 189732
"03a763eb8e9df3ac" 176592 17129 189954
"5380a52e77eee71c" 83667 1717 190768
"99756740be68d1ca" 13083 73165 190164
"c00ab067ebaff77c" 187732 134265 190314
"a703f0a4497dd430" 19585 73165 191583
"899e085c55f23408" 2488 58064 191175
"b788b874647e92a8" 95000 15408 190314
"2f2b733664106721" 172512 138237 190768
"ef2be506e0c3a952" 136461 124284 190164
"7b6c4b090a18acd9" 109628 190476 190902
"0f6a3b86b779d2a7" 2573 189943 191175
"4c07a10e45c97f8b" 115024 95234 189073
"b605495c5d709eb8" 70042 31720 15408
"3243099e9582fe92" 135059 73175 189732
"32ef54c0b4de8b5d" 92224 176592 147594
"faa05ea97bfc1338" 91901 189954 191175