"a870b0da6194ffdd" 18 150 61 24846 14 102 51 327 27781 80 199627 28 4097 15729 102 51 91661 3913 1179 1190200 -1 -1 0 0 0 0 0 0 0 0 0 0 0 0 0 0 0 0
"fcacc7a129f76712" 21 150 2203 4999 127 14 231 192 1138 80 199627 212 14 24 19 30 780 80 200450 208 4300 1179 1190201 -1 -1 0 0 0 0 0 0 0 0 0 0 0 0 0 0 0 0
"538e40478c72b6c2" 23 49 154 108 2091 80 234872 51 4839 20354 80 199627 425 369 13 1749 415 30 4891 80 90 60947 49968 1179 1190202 -1 -1 0 0 0 0 0 0 0 0 0 0 0 0 0 0 0 0
"46062fe4c0e11e98" 27 158 1334 590 3737 30 176 80 184 1267 2174 271 857 80 199627 17 102 30 831 861 80 1267 707 76 77 103 3445 1179 1190203 -1 -1 0 0 0 0 0 0 0 0 0 0 0 0 0 0 0 0
"3d4367c5db790e38" 21 28 8343 136 19 255 46 28 246 80 199627 1421 43 16520 4017 77 80 474 408 30 780 1179 1190204 -1 -1 0 0 0 0 0 0 0 0 0 0 0 0 0 0 0 0
"af227638fe6b7d80" 23 4 71 453 14 106 107 80 6 563 152 199627 19 61 709 129 80 344 475 4 942 103 5218 1179 1190205 -1 -1 0 0 0 0 0 0 0 0 0 0 0 0 0 0 0 0
"1d1973613b5ed721" 28 11 1015 14 559 4 436 80 1183 14 154 4181 82 490 80 199627 590 20 51 722 1237 80 184 229 590 120 60 208 1179 1190206 -1 -1 0 0 0 0 0 0 0 0 0 0 0 0 0 0 0 0
"fb7e3e49de9f762e" 20 424 80 120 14 3814 89 340 691 80 199627 19 103 3360 6423 621 80 285 550 1683 1179 1190207 -1 -1 0 0 0 0 0 0 0 0 0 0 0 0 0 0 0 0
"58cca0b3b623b2d5" 27 158 184 56 443 1525 199627 103 722 3341 1778 1146 80 199627 19 51 554 27012 1778 304 80 199627 1629 88 2360 51 4927 1179 1190208 -1 -1 0 0 0 0 0 0 0 0 0 0 0 0 0 0 0 0
"549c661be9821d0d" 33 509 369 1873 6880 30 1121 80 199627 8704 83 386 184 232 2233 80 199627 1031 297 525 1616 102 2596 53352 936 80 199627 456 378 184 6569 19 13 199372 1190209 -1 -1 0 0 0 0 0 0 0 0 0 0 0 0 0 0 0 0
"c0ffbb150de4da81" 33 369 127 28 14433 16231 53 4 80 199627 4 71 1629 150 24 425 80 199627 200449 369 127 297 2601 4950 80 199627 747 19 4928 150 2091 1755 17883 1179 1190210 -1 -1 0 0 0 0 0 0 0 0 0 0 0 0 0 0 0 0
"3c74c28ed754f75b" 30 24 58 80 2201 967 70 1237 722 80 199627 10022 77 5921 26714 89 80 199627 249 425 551 74 4039 80 199627 70 30 4485 566 2157 1179 1190211 -1 -1 0 0 0 0 0 0 0 0 0 0 0 0 0 0 0 0
"2df1ca31e92ed60b" 36 70 103 1047 80 9160 89 83 14 80 199627 550 10390 14 89 80 6 4 13 199372 199627 249 199375 481 60 83 28 1819 80 199627 19 232 1618 1105 28 4572 1179 1190212 -1 -1 0 0 0 0 0 0 0 0 0 0 0 0 0 0 0 0
"c173e1b544422d16" 39 173 30 443 161 369 13 80 199627 44 51 39 911 77 453 997 1028 80 199627 184 481 42 103 82 80 199627 249 4 808 232 60 340 49 150 126 89 19 848 2637 1179 1190213 -1 -1 0 0 0 0 0 0 0 0 0 0 0 0 0 0 0 0
"acdb03c4919a3fdd" 21 30 594 1091 19 40128 622 80 199627 16267 14 77 30 17848 44 382 600 154 369 617 1348 1179 1190214 -1 -1 0 0 0 0 0 0 0 0 0 0 0 0 0 0 0 0
"fbafb8ac77937078" 40 352 229 18 19 24 60 42 80 199627 102 103935 43451 80 83 30 313 80 199627 90 184 208 24 90 8605 102 51 1000 73 80 199627 44 103 706 77 61 80 184 166 3596 1179 1190215 -1 -1 0 0 0 0 0 0 0 0 0 0 0 0 0 0 0 0
"2bb2766b7d707935" 34 278 70 30 3645 80 120 61 20 271 14934 80 199627 144 30 1245 90 1402 80 60 391 255 848 80 199627 19 4930 770 144 30 1051 90 30 4744 1179 1190216 -1 -1 0 0 0 0 0 0 0 0 0 0 0 0 0 0 0 0
"96a14af6d412b1bd" 28 6 7 74 811 768 197 80 11 1183 14 559 4 436 80 199627 200449 369 166 2481 277 19 61 709 129 44 97 139 1179 1190217 -1 -1 0 0 0 0 0 0 0 0 0 0 0 0 0 0 0 0
"b1392f28c53cdd40" 26 859 638 83 6392 80 90 185 51 783 6275 80 199627 509 184 1468 849 271 6755 80 102 5248 7513 44 2312 2819 1179 1190218 -1 -1 0 0 0 0 0 0 0 0 0 0 0 0 0 0 0 0
"bda1923d28e34e37" 37 509 30 39 10290 1091 234930 80 199627 184 3179 1334 17 30 1299 80 199627 90 184 114 146 208 24 19 518 184 996 223 80 199627 192 200450 1494 103 2174 90 6044 1179 1190219 -1 -1 0 0 0 0 0 0 0 0 0 0 0 0 0 0 0 0
"004777de42d935a7" 20 7064 255 394 14 19 1629 28 24 80 199627 90 425 103 235709 127 14 231 192 23079 1179 1190220 -1 -1 0 0 0 0 0 0 0 0 0 0 0 0 0 0 0 0
"5809c2857a4a4318" 35 352 407 44 102 51 4156 80 2574 28 34 80 199627 49 382 9760 3489 80 807 161 77 51 960 80 199627 199375 453 382 28 2688 80 1274 25 28 319 1179 1190221 -1 -1 0 0 0 0 0 0 0 0 0 0 0 0 0 0 0 0
"983bb5306d6f8a76" 46 369 904 19 6464 60 49 30 63 199627 249 425 369 13 945 80 369 12 453 245 1568 199627 90 88 80 369 114 13 51 1415 192 790 199627 199375 630 30 1841 804 80 7538 89 80 90 119 60 474 1179 1190222 -1 -1 0 0 0 0 0 0 0 0 0 0 0 0 0 0 0 0
"edef9ebd3ff6d610" 43 166 1679 51 707 80 271 4770 232 770 5210 199627 249 456 184 4438 283 257 80 550 102 2596 53352 936 199627 7917 10022 77 61 80 12236 49 6494 199627 271 3032 174 3274 80 550 823 19 928 1179 1190223 -1 -1 0 0 0 0 0 0 0 0 0 0 0 0 0 0 0 0
"717b03cb40177128" 39 352 127 706 102 43451 83 30 313 199627 90 807 70 369 13 80 28 443 3174 199627 44 51 39 77 15222 80 807 28 962 199627 252 382 80 369 6 153 43 19 119 1179 1190224 -1 -1 0 0 0 0 0 0 0 0 0 0 0 0 0 0 0 0
"7ca83ca929a66f10" 42 330 153 1334 2144 80 330 114 106 30 4869 199627 11 102 297 8475 80 330 5843 19 30 2651 199627 90 184 757 24 83 475 2167 68 199627 249 550 30 1415 1334 1590 83 80 200450 999 1179 1190225 -1 -1 0 0 0 0 0 0 0 0 0 0 0 0 0 0 0 0
"5f773f45f3435734" 44 330 185 184 166 20 14376 80 7538 89 80 17 770 199627 249 4 114 212 30 779 80 453 154 18505 1082 866 1370 199627 103 199790 96110 859 10585 271 5667 199627 10391 61 90 2174 80 13083 554 14433 1179 1190226 -1 -1 0 0 0 0 0 0 0 0 0 0 0 0 0 0 0 0
"fcdc7ed936b0c2e8" 46 184 1084 153 30 962 80 4 12 32 199627 249 184 232 2659 811 80 3846 1231 1232 849 199627 386 119 184 232 4039 80 5058 559 184 106 199372 199627 550 206 19 707 89 297 1336 80 120 271 61 8479 1179 1190227 -1 -1 0 0 0 0 0 0 0 0 0 0 0 0 0 0 0 0
"dd33f0924a087514" 46 4882 232 751 80 5921 26714 89 271 16083 199627 4083 77 30 1841 80 271 3819 64 19 243 176 80 550 206 19 39310 199627 967 24 58 80 184 996 11 1664 199627 425 1334 227 44 30 1605 80 586 5272 1179 1190228 -1 -1 0 0 0 0 0 0 0 0 0 0 0 0 0 0 0 0
"b5aadc9e23b496f0" 39 30 2820 4899 80 1091 30724 89 199627 249 859 27 271 7155 80 22 120 2598 5640 199627 18227 83 3935 54058 80 231 192 544 199627 227 275 83 271 1592 80 11 4 90 14 1179 1190229 -1 -1 0 0 0 0 0 0 0 0 0 0 0 0 0 0 0 0
"92ceecf27b7f6284" 40 49 271 1818 90 271 61 80 859 3558 70 199627 297 2601 4950 80 859 41 583 199627 330 153 1334 2144 80 859 453 561 330 1080 199627 1080 24 58 199372 859 1183 603 271 34536 1179 1190230 -1 -1 0 0 0 0 0 0 0 0 0 0 0 0 0 0 0 0
"f7bccc1d5ad99ca7" 47 1320 104 1387 80 1334 370 49 70 154 199627 158 4 12 4633 49 770 80 860 20 1156 271 1059 80 20451 199627 184 481 42 103 82 80 16230 823 36 30 2353 199627 192 634 1028 80 184 127 1657 19 1183 1179 1190231 -1 -1 0 0 0 0 0 0 0 0 0 0 0 0 0 0 0 0
"fdab79002aa9377e" 47 475 566 28 4664 80 4 1165 603 151 1237 199627 249 369 6 34 80 200449 271 3032 1030 30 2919 199627 184 146 1466 36 103 80 249 859 453 30 634 199627 184 11 12 20 1577 80 1873 271 1542 19 2644 1179 1190232 -1 -1 0 0 0 0 0 0 0 0 0 0 0 0 0 0 0 0
"e23d8164b7fc6b69" 35 1334 102 5248 7513 80 22990 90 25589 80 199627 249 184 808 185 51 783 6275 80 90 6141 83 80 199627 200449 184 127 60 76 30 8523 80 184 3892 549 1179 1190233 -1 -1 0 0 0 0 0 0 0 0 0 0 0 0 0 0 0 0
"7eaeb7adce476bb9" 40 271 525 566 102 2596 53352 936 80 1334 747 36 1884 80 199627 249 386 119 184 232 7401 2598 49 103 1829 91852 199372 199627 184 1267 92 30 962 80 223 550 174 2780 19 8589 1179 1190234 -1 -1 0 0 0 0 0 0 0 0 0 0 0 0 0 0 0 0
"fe32dcecfc759811" 21 1267 2919 144 80 1747 1841 30 2602 80 199627 103 104 271 22648 10658 80 90 184 1267 3792 1179 1190235 -1 -1 0 0 0 0 0 0 0 0 0 0 0 0 0 0 0 0
"51314ff2bcb42bd2" 23 17674 44 4181 82 80 344 559 184 119 80 199627 90 1334 227 102 9889 80 551 279 184 166 12470 1179 1190236 -1 -1 0 0 0 0 0 0 0 0 0 0 0 0 0 0 0 0
"fd68f9c037cde429" 23 1093 922 49 161 1243 80 344 559 184 436 80 199627 90 4181 82 80 344 70 184 7 19 17017 1179 1190237 -1 -1 0 0 0 0 0 0 0 0 0 0 0 0 0 0 0 0
"00eab23af5bae982" 29 6 4633 49 770 80 859 4928 150 2091 1755 80 199627 4 229 747 36 43 184 1525 80 361 72 30 1782 80 344 66 136 1179 1190238 -1 -1 0 0 0 0 0 0 0 0 0 0 0 0 0 0 0 0
"17626edfa3597419" 53 1089 4 90 88 80 184 1084 153 276 30 161 80 199627 4 114 152 19 7538 89 80 249 860 146 6698 855 80 199627 424 80 120 14 28082 474 691 90 401 36 51 4840 80 199627 200449 369 1267 232 1618 80 83 19 28 160 6836 1179 1190239 -1 -1 0 0 0 0 0 0 0 0 0 0 0 0 0 0 0 0
"d41d8b69adc2cf11" 49 2103 1625 223 4 16511 1625 80 344 43 369 185 80 199627 20 51 108 4325 80 6 11 2432 61 849 80 199627 152 19 61 709 129 80 481 1625 44 8 3073 80 199627 44 103 39 80 184 70 127 107 19 942 1179 1190240 -1 -1 0 0 0 0 0 0 0 0 0 0 0 0 0 0 0 0
"c677057e7b131af9" 51 551 51 1183 761 80 859 2203 42 30 2782 80 199627 49 271 126 89 19 848 80 859 6310 80 199627 481 60 70 83 30 224 80 481 60 83 28 1819 80 199627 200449 103 104 475 184 629 1366 80 103 104 271 4063 2281 1179 1190241 -1 -1 0 0 0 0 0 0 0 0 0 0 0 0 0 0 0 0
"8aa797445a98ca8c" 28 4 114 11 293 103 271 1884 1532 80 30 780 77 51 554 3101 80 199627 30 3467 77 271 199790 96110 80 1091 30 838 1179 1190242 -1 -1 0 0 0 0 0 0 0 0 0 0 0 0 0 0 0 0
"84ff4baae3417f99" 23 859 185 51 783 6275 80 788 621 80 199627 36 2598 80 90 36 88 80 509 184 453 271 139 1179 1190243 -1 -1 0 0 0 0 0 0 0 0 0 0 0 0 0 0 0 0
"f82ceab771ddcae5" 38 509 30 39 11495 406 80 859 41 3274 80 199627 271 2601 4950 378 232 770 408 1617 1262 80 199627 90 859 20 257 80 144 60 70 80 199627 548 549 80 1718 583 1179 1190244 -1 -1 0 0 0 0 0 0 0 0 0 0 0 0 0 0 0 0
"f0ce460a20c23224" 49 184 481 42 103 82 80 184 229 2659 811 80 199627 200449 184 1267 232 5056 80 1409 908 90 4275 80 199627 70497 199393 199393 2928 788 621 80 344 30 646 77 30 706 80 199627 103 104 271 275 80 227 510 90 14043 1179 1190245 -1 -1 0 0 0 0 0 0 0 0 0 0 0 0 0 0 0 0
"cab7e71471c3dc46" 24 49 70 150 88441 80 915 4 127 14 21310 80 199627 844 4 808 61 14 158 369 477 1678 30 4633 199372 1190246 -1 -1 0 0 0 0 0 0 0 0 0 0 0 0 0 0 0 0
"fb7ceb227799025e" 22 291 369 1081 60 456 28 246 6847 454 80 199627 249 1330 80 60 20 5005 456 4 780 574 1179 1190247 -1 -1 0 0 0 0 0 0 0 0 0 0 0 0 0 0 0 0
"ac93f53738976648" 28 4 390 4 153 14 80 249 344 11 51 15903 425 80 199627 90 344 511 513 527 80 4 739 178 14 90 28 7565 1179 1190248 -1 -1 0 0 0 0 0 0 0 0 0 0 0 0 0 0 0 0
"4c43eca4f120387b" 29 369 6 7 150 3144 80 369 153 43 16520 2111 83 80 199627 192 2505 743 80 127 74 206 36 150 1081 80 11 656 796 1179 1190249 -1 -1 0 0 0 0 0 0 0 0 0 0 0 0 0 0 0 0
"e45ec279ef88b6e8" 29 1015 14 80 43 104 28 2459 80 43 104 28 275 1425 19 119 199372 199627 28 235122 3272 80 369 6 563 153 43 19 119 1179 1190250 -1 -1 0 0 0 0 0 0 0 0 0 0 0 0 0 0 0 0
"b42615ba2e521966" 26 127 154 25233 49 1169 14433 80 166 928 51 1268 80 199627 511 5720 44 30 26386 80 166 283 2139 25 30 4190 1179 1190251 -1 -1 0 0 0 0 0 0 0 0 0 0 0 0 0 0 0 0
"8afd14172266b2c4" 28 108 1180 4341 144 30 14571 77 28 33058 80 199627 4 153 16520 200456 2505 30 608 80 537 80 330 114 70 208 19 2202 1179 1190252 -1 -1 0 0 0 0 0 0 0 0 0 0 0 0 0 0 0 0
"8d88b62e7abea1a0" 29 566 4 5862 849 80 915 80 6 630 14 44 30 1051 80 199627 1800 10290 6174 83 297 45881 580 80 453 770 106 102 17981 1179 1190253 -1 -1 0 0 0 0 0 0 0 0 0 0 0 0 0 0 0 0
"da82b4ae5cf3505e" 28 120 14 1183 1957 559 550 370 80 28 61 146 30966 80 199627 456 150 246 391 1317 80 369 391 848 19 20 150 599 1179 1190254 -1 -1 0 0 0 0 0 0 0 0 0 0 0 0 0 0 0 0
"d47cfc67c84dd3d7" 28 28 246 80 4 1317 60 80 166 563 3380 60 425 80 199627 90 456 4 11 185 28 646 80 4 453 14 12 3814 1179 1190255 -1 -1 0 0 0 0 0 0 0 0 0 0 0 0 0 0 0 0
"70bb482dfab71eb6" 23 4 127 14817 27498 70 451 150 92 80 199627 249 4 4986 102 1238 80 4 166 232 42 30 1531 1179 1190256 -1 -1 0 0 0 0 0 0 0 0 0 0 0 0 0 0 0 0
"b308ad5b6f1faaaa" 28 369 394 382 28 5047 80 70 28 1855 80 330 7572 4881 80 199627 725 2266 1986 352 391 12397 80 74 7 36 97 236125 1179 1190257 -1 -1 0 0 0 0 0 0 0 0 0 0 0 0 0 0 0 0
"3609aa28d232c8ab" 26 1786 6840 19 28 9352 80 1267 630 30 14590 80 199627 481 28 34 1352 83 3172 80 1267 41 76 408 30 2644 1179 1190258 -1 -1 0 0 0 0 0 0 0 0 0 0 0 0 0 0 0 0
"c5a7dd6bc7925828" 22 43937 200438 30 4274 80 14126 79 215 80 199627 4 229 127 74 6484 80 74 3835 80 74 2919 1179 1190259 -1 -1 0 0 0 0 0 0 0 0 0 0 0 0 0 0 0 0
"22d9f9a9401a29a9" 32 106 30 1749 77 150 1819 27413 1364 80 199627 208 1105 30 4869 80 630 804 30 1588 80 199627 518 119 369 2118 19 80 234951 453 14 226 199372 1190260 -1 -1 0 0 0 0 0 0 0 0 0 0 0 0 0 0 0 0
"63bedc886d3725b2" 22 28 783 38496 19394 80 192 10107 90 88010 80 199627 70 28 1172 232 60 2757 80 234830 6749 78963 1179 1190261 -1 -1 0 0 0 0 0 0 0 0 0 0 0 0 0 0 0 0
"aa355028743cb90b" 21 369 407 42 408 234836 80 344 74 3757 80 199627 90 425 330 234894 14 80 30 340 5218 1179 1190262 -1 -1 0 0 0 0 0 0 0 0 0 0 0 0 0 0 0 0
"91dd1413e8091f0e" 21 4327 521 80 60 37869 14 80 9441 14 80 199627 425 16520 2990 9180 49 28 112292 1917 14 1179 1190263 -1 -1 0 0 0 0 0 0 0 0 0 0 0 0 0 0 0 0
"ad70cde50bbe0d5f" 32 1015 770 70 287 43 173 1037 80 199627 768 707 14 80 120 30 2602 629 5926 80 199627 90 30 28840 474 80 550 475 369 27 28 6150 1179 1190264 -1 -1 0 0 0 0 0 0 0 0 0 0 0 0 0 0 0 0
"ca07571aed37b84a" 20 6 4 152 90 212 66 1745 80 199627 28 34 596 56773 49 25573 80 206 1037 206 1179 1190265 -1 -1 0 0 0 0 0 0 0 0 0 0 0 0 0 0 0 0
"cb27066c681a342c" 34 30 4959 816 30 37507 80 550 595 80 199627 915 120 14 1003 80 212 28 1741 80 96 74 748 80 199627 4 114 13 30 1160 6174 790 408 749 1179 1190266 -1 -1 0 0 0 0 0 0 0 0 0 0 0 0 0 0 0 0
"519c28b4993bf470" 40 481 245 9867 44 30 3900 80 2517 60 5268 80 199627 43 4 106 44 150 246 80 6 4995 80 11 7775 80 199627 70 77 770 80 184 2844 154 82 80 453 30 474 5269 1179 1190267 -1 -1 0 0 0 0 0 0 0 0 0 0 0 0 0 0 0 0
"e9b0dda403d67116" 37 369 6141 103 36402 80 550 28 2819 80 28 4872 80 199627 369 32 83 31 80 44 30 1121 102 10258 80 74 3428 80 199627 276 590 20213 44 80 5573 28 706 199372 1190268 -1 -1 0 0 0 0 0 0 0 0 0 0 0 0 0 0 0 0
"d451d5cc2159c3b0" 35 378 4 707 14 80 428 14 80 74 8081 80 199627 2427 14 25 6058 80 152 19 110013 28 2937 80 199627 768 119 4 212 60 1260 80 2718 30 8655 199372 1190269 -1 -1 0 0 0 0 0 0 0 0 0 0 0 0 0 0 0 0
"71876148b32dca8f" 25 4 30 34386 80 30 31 3282 80 74 161 2370 80 199627 90 425 150 275 80 550 11 6650 80 83 1749 1179 1190270 -1 -1 0 0 0 0 0 0 0 0 0 0 0 0 0 0 0 0
"2ee9cc1a82de0172" 25 4 558 629 83 25 80 859 3326 53 28 2127 80 199627 30 1336 1866 20 24318 80 249 859 232 60 2144 1179 1190271 -1 -1 0 0 0 0 0 0 0 0 0 0 0 0 0 0 0 0
"196ea9463b4b5553" 41 330 251 5450 80 192 184 1873 89 4900 80 199627 249 369 11 12 638 150 1741 80 146 453 51 128 80 199627 369 407 408 279 80 425 757 53 14 80 127 60 70 44 19768 1179 1190272 -1 -1 0 0 0 0 0 0 0 0 0 0 0 0 0 0 0 0
"ebd87e87aa54a7c9" 24 5554 17815 42 102 51 11427 2090 80 199627 249 369 6046 83 28 4180 49 70 297 554 3073 44 8 92 1179 1190273 -1 -1 0 0 0 0 0 0 0 0 0 0 0 0 0 0 0 0
"1484b0297b07e3ae" 22 37438 28 34 90 3012 44 30 12360 80 199627 58 481 83 3419 70 297 3359 1035 408 30 12188 1179 1190274 -1 -1 0 0 0 0 0 0 0 0 0 0 0 0 0 0 0 0
"e2e1527bc21d2e90" 30 9914 103 1047 83 28 7688 80 102 51 1749 36402 80 199627 249 1024 80 120 14 32 80 6 120 14 208 80 6 120 14 28195 1179 1190275 -1 -1 0 0 0 0 0 0 0 0 0 0 0 0 0 0 0 0
"913a41c5c0ac01c7" 29 456 184 553 42 80 330 166 250 249 1081 80 199627 330 2348 212 271 2127 80 249 184 127 271 29 359 80 120 603 592 1179 1190276 -1 -1 0 0 0 0 0 0 0 0 0 0 0 0 0 0 0 0
"4901ea003f280840" 28 550 112 14 80 74 1829 80 74 6400 80 199627 43 4 106 104 340 80 6 120 25573 18688 90 481 4 44 51 3446 1179 1190277 -1 -1 0 0 0 0 0 0 0 0 0 0 0 0 0 0 0 0
"1d1495e27caa1502" 28 70 28 1172 566 25510 80 8251 44 28 721 80 199627 283 150 82 42 80 249 70 369 251 104 4 80 344 30 962 1179 1190278 -1 -1 0 0 0 0 0 0 0 0 0 0 0 0 0 0 0 0
"8d8a55ab38207064" 23 542 150 241 80 90 4 114 13 30 1160 408 103 4596 80 199627 227 271 634 275 80 6174 790 1179 1190279 -1 -1 0 0 0 0 0 0 0 0 0 0 0 0 0 0 0 0
"aafb44cf0312ce9b" 32 369 17500 382 51 6058 80 249 352 127 14 231 102 51 579 80 199627 70 77 770 280 82 80 74 7 19 2630 80 184 127 271 13843 1179 1190280 -1 -1 0 0 0 0 0 0 0 0 0 0 0 0 0 0 0 0
"495e83083d06873f" 39 28 1172 566 9889 80 13930 44 103 706 80 199627 184 232 60 340 80 102 51 40568 518 166 2934 361 80 199627 249 550 70 108 80 4327 521 1201 770 80 344 271 994 1179 1190281 -1 -1 0 0 0 0 0 0 0 0 0 0 0 0 0 0 0 0
"297d3e6e974b9987" 33 74 206 19 7594 83 3428 768 5245 80 184 32 1409 4139 80 199627 30 4959 46239 103 12549 37507 80 249 70 77 770 283 82 80 344 74 31009 1179 1190282 -1 -1 0 0 0 0 0 0 0 0 0 0 0 0 0 0 0 0
"bd63eb3486ac4fae" 26 28 5185 566 8368 80 8198 44 4484 90 15677 80 199627 249 28 783 19394 80 807 28 39 80 344 36 28 1238 1179 1190283 -1 -1 0 0 0 0 0 0 0 0 0 0 0 0 0 0 0 0
"214cc1e572fbff5d" 38 270 89 30 1336 77 103 24318 4909 80 199627 102 51 40596 80 9914 103 1047 80 249 550 17 10534 80 199627 6 120 25573 14719 4 80 11 32 3274 80 232 150 4330 1179 1190284 -1 -1 0 0 0 0 0 0 0 0 0 0 0 0 0 0 0 0
"a57a5e4a0357b9ea" 48 74 206 36 4541 80 11 3470 49 30 7992 80 199627 192 234 5554 10175 19 2644 80 249 16520 808 83 103 6876 80 199627 4327 521 492 14 119 60 80 166 4 13 80 199627 297 3467 566 11 51 6396 77 14 1179 1190285 -1 -1 0 0 0 0 0 0 0 0 0 0 0 0 0 0 0 0
"84262cac8a799dab" 43 369 7 19 37438 28 1819 80 192 199375 212 511 17377 80 199627 249 158 4 152 19 651 14 80 860 20 8135 761 80 199627 70 369 251 104 36 4 19 32 49 14 80 106 154 1237 1179 1190286 -1 -1 0 0 0 0 0 0 0 0 0 0 0 0 0 0 0 0
"25766aa972a1390a" 26 554 3073 83 28 1059 80 1423 102 369 29 30 1022 80 199627 458 49 51 6058 80 231 102 199374 1735 30 2469 1179 1190287 -1 -1 0 0 0 0 0 0 0 0 0 0 0 0 0 0 0 0
"3b95fca171634b22" 27 369 32 83 28 782 80 1267 20 51 4371 44 103 706 80 199627 249 1112 369 6560 102 51 40568 276 1043 79 5432 1179 1190288 -1 -1 0 0 0 0 0 0 0 0 0 0 0 0 0 0 0 0
"28c474470da827e0" 32 173 30 9867 44 28 3900 80 30 17848 19 28 275 80 199627 249 456 51 304 19717 19 212 4 849 80 199375 2919 19 453 4 28 4486 1179 1190289 -1 -1 0 0 0 0 0 0 0 0 0 0 0 0 0 0 0 0
"f69316030d1f7c36" 32 28 1172 629 44 70 12722 80 229 74 7 19 6276 386 80 199627 249 70 369 251 104 4 25 28 319 80 8986 1138 42 44 30 1121 1179 1190290 -1 -1 0 0 0 0 0 0 0 0 0 0 0 0 0 0 0 0
"6d8ffc76560de47d" 25 200450 453 51 41 80 1015 271 11850 287 80 199627 90 509 184 16558 80 200450 638 517 80 10235 44 788 139 1179 1190291 -1 -1 0 0 0 0 0 0 0 0 0 0 0 0 0 0 0 0
"28c457168968069f" 29 127 51 476 359 1630 80 249 369 153 173 231 1218 80 199627 11 120 14 32 25 150 319 80 4 153 199375 255 20 848 1179 1190292 -1 -1 0 0 0 0 0 0 0 0 0 0 0 0 0 0 0 0
"7a37be720666132e" 35 542 150 4181 80 283 150 241 42 1138 80 199627 761 859 8454 90 9052 271 831 2567 80 199627 200449 369 370 407 42 408 279 80 492 60 19 30 1121 1179 1190293 -1 -1 0 0 0 0 0 0 0 0 0 0 0 0 0 0 0 0
"51ff42c1fc5afab9" 26 550 255 68 749 80 166 4 13 80 199627 192 629 83 451 80 200450 3176 53 28 1022 80 11 4 90 14 1179 1190294 -1 -1 0 0 0 0 0 0 0 0 0 0 0 0 0 0 0 0
"36210714d4961488" 25 174 396 5383 80 550 51 34 18688 80 199627 249 297 290 251 4274 436 80 192 859 4928 89 30 8818 902 1179 1190295 -1 -1 0 0 0 0 0 0 0 0 0 0 0 0 0 0 0 0
"76a5a5a8f055327a" 28 4 114 152 19 1525 14 89 80 249 199375 32 3274 80 199627 90 70 28 1172 32 1850 6749 80 184 6 7 19 7842 1179 1190296 -1 -1 0 0 0 0 0 0 0 0 0 0 0 0 0 0 0 0
"fac43d493a724c33" 22 199375 119 60 70 451 253 80 74 4541 80 199627 11 1409 154 14172 80 3359 5185 83 28 1790 1179 1190297 -1 -1 0 0 0 0 0 0 0 0 0 0 0 0 0 0 0 0
"0ef13f2bf05baeaf" 23 4 1317 89 30 24318 1393 44 567 77 4 80 199627 90 425 150 234833 544 19 14478 90 29168 174 1179 1190298 -1 -1 0 0 0 0 0 0 0 0 0 0 0 0 0 0 0 0
"739e2625e43bb309" 26 90 4 153 154 16520 2157 80 6333 252 51 7795 80 199627 249 44 28 4630 184 808 638 517 80 92 19 92 1179 1190299 -1 -1 0 0 0 0 0 0 0 0 0 0 0 0 0 0 0 0
"92b5c2e462815213" 25 184 6 96 206 36 5245 80 1334 1409 4181 80 199627 249 70 77 770 80 184 808 7 19 453 3852 151 1179 1190300 -1 -1 0 0 0 0 0 0 0 0 0 0 0 0 0 0 0 0
"1b9bf16bcba17bd2" 27 788 621 184 3821 80 184 26563 999 768 184 942 80 199627 768 184 222 277 80 277 19 283 19 271 29 1528 14716 1179 1190301 -1 -1 0 0 0 0 0 0 0 0 0 0 0 0 0 0 0 0
"4792cc9bd0f25cb0" 52 4 127 51 638 83 14 80 950 80 4 127 14 108 90 2018 80 199627 60 1357 51 3158 2726 19 453 51 476 129 4103 80 199627 249 257 184 114 212 30 292 90 453 60 192 1749 80 199627 1269 30 39 55509 49 271 3623 1179 1190302 -1 -1 0 0 0 0 0 0 0 0 0 0 0 0 0 0 0 0
"a3337ddaa4785c9f" 25 16520 8986 1138 80 2139 44 103 206 235826 1494 80 199627 158 4 1348 43 352 391 1037 80 59 2718 28 6500 1179 1190303 -1 -1 0 0 0 0 0 0 0 0 0 0 0 0 0 0 0 0
"bc63ee7d2b290329" 25 278 178 1303 80 369 12 32 749 49 4 80 199627 4 96 103 1657 19 453 14 278 70 154 369 1348 1179 1190304 -1 -1 0 0 0 0 0 0 0 0 0 0 0 0 0 0 0 0
"3f757b5822f4260c" 26 4 153 369 102 60 456 4 2432 60 24 11 102 154 80 199627 4149 44 150 3455 80 184 229 299 909 24 1179 1190305 -1 -1 0 0 0 0 0 0 0 0 0 0 0 0 0 0 0 0
"2f2f5c53f8fb8236" 22 200450 2380 30 6026 80 1015 60 70 287 80 199627 184 1267 638 517 80 257 859 27 271 139 1179 1190306 -1 -1 0 0 0 0 0 0 0 0 0 0 0 0 0 0 0 0
"f637e001b6c55888" 47 369 955 103 10004 80 352 481 14 19 30 3376 80 199627 382 3108 484 14 18468 80 477 2644 80 199627 352 1467 14 70 30 891 154 369 12 20 80 199627 257 859 3737 70 271 908 80 11 592 90 13 1179 1190307 -1 -1 0 0 0 0 0 0 0 0 0 0 0 0 0 0 0 0
"320c7c96a3c81208" 47 369 146 7594 83 66 804 28 7014 80 199627 1590 83 30 1415 80 318 26024 11 2844 11008 80 199627 4 229 279 249 51 129694 11930 19 14 80 199627 234932 72 49 74 15592 80 11 2144 1597 80 166 4 13 199372 1190308 -1 -1 0 0 0 0 0 0 0 0 0 0 0 0 0 0 0 0
"65f3438c81038b5d" 57 4 114 293 14 150 4892 80 150 2688 80 2637 80 369 6 34 80 199627 90 74 1539 475 369 208 80 369 255 27 318 290 235238 804 80 199627 408 30 6113 11439 70 30 139 24 19 24732 80 199627 199375 255 96 51 463 77 4 49 14 788 621 1179 1190309 -1 -1 0 0 0 0 0 0 0 0 0 0 0 0 0 0 0 0
"ec29ace287a38e20" 31 369 6045 83 1957 80 5972 154 2600 80 174 396 3592 406 749 80 199627 249 369 153 369 1267 232 15512 144 80 74 1539 43 30 1542 1179 1190310 -1 -1 0 0 0 0 0 0 0 0 0 0 0 0 0 0 0 0
"1a5a068d442edc53" 16 44 30 8308 77 103 476 5693 199627 4 1082 406 90 13 30 13258 1179 1190311 -1 -1 0 0 0 0 0 0 0 0 0 0 0 0 0 0 0 0
"b82df5965d070e02" 21 20477 28 82 80 249 369 808 127 4153 199627 330 146 2174 80 192 369 3582 90 6578 1957 1179 1190312 -1 -1 0 0 0 0 0 0 0 0 0 0 0 0 0 0 0 0
"2f746994e74c3817" 27 352 44 51 45258 80 25738 3786 76 30 1895 199627 798 394 770 77 79 275 80 559 798 492 60 83 30 1232 319 1179 1190313 -1 -1 0 0 0 0 0 0 0 0 0 0 0 0 0 0 0 0
"3a107911702f18ff" 26 566 4 1019 36 815 80 768 11 3505 49 154 55331 43442 199372 199627 26563 139 80 369 61 19 13 4 236126 544 1179 1190314 -1 -1 0 0 0 0 0 0 0 0 0 0 0 0 0 0 0 0
"a92537df4876e0d6" 28 369 127 51 18831 61 36 4 80 74 1539 30 1146 4 119 199627 28 236057 68 5210 80 249 369 808 453 206 36 4 1179 1190315 -1 -1 0 0 0 0 0 0 0 0 0 0 0 0 0 0 0 0
"90b99c1b41efa76b" 24 158 4 106 71 80 1080 14 44 154 1557 199627 285 199375 255 20 749 80 74 1539 475 275 1357 14 1179 1190316 -1 -1 0 0 0 0 0 0 0 0 0 0 0 0 0 0 0 0
"eb3dc439c25a7641" 25 62264 127 14 4783 80 249 369 2135 24843 2284 199627 425 4 96 1043 107 80 234845 14 408 234965 28 151 3752 1179 1190317 -1 -1 0 0 0 0 0 0 0 0 0 0 0 0 0 0 0 0
"73107e7716fc1396" 27 16520 388 9895 80 74 12344 80 369 535 2752 158 4 7667 7667 199627 369 229 178 154 1529 19858 80 11 61 90 6617 1179 1190318 -1 -1 0 0 0 0 0 0 0 0 0 0 0 0 0 0 0 0
"85e14a53bcd7bbb5" 29 43 4 234901 83 761 80 1024 80 369 390 4 5824 199627 120 14 212 4 475 16520 408 80 120 4 106 28 6783 90 1057 1179 1190319 -1 -1 0 0 0 0 0 0 0 0 0 0 0 0 0 0 0 0
"fda107609a5b54ca" 26 6232 150 517 36 48612 1895 80 352 15785 174 396 199627 184 70 7 154 960 77 3404 80 2844 770 144 30 3257 1179 1190320 -1 -1 0 0 0 0 0 0 0 0 0 0 0 0 0 0 0 0
"52d30b5fe1775aa0" 25 17677 34708 5408 80 249 4 808 1267 212 72 603 4664 199627 456 1334 172 80 4 153 369 61 234894 150 3012 1179 1190321 -1 -1 0 0 0 0 0 0 0 0 0 0 0 0 0 0 0 0
"1c84f578a290f648" 26 1334 11 7806 44 103 706 77 275 80 5908 25 236127 199627 102 7521 25550 80 330 656 770 406 102 184 6 3761 1179 1190322 -1 -1 0 0 0 0 0 0 0 0 0 0 0 0 0 0 0 0
"72ce05f3d9b1448f" 45 235899 277 19 236128 80 235056 6824 104 791 4 61 19 967 19 28 236129 3378 10525 369 68 2348 31262 53 4 80 28 6824 104 791 199627 4 61 19 967 19 28 515 80 28 3467 20 150 1447 5735 1179 1190323 -1 -1 0 0 0 0 0 0 0 0 0 0 0 0 0 0 0 0
"b7523e18af550131" 30 4 153 4 4633 49 28 34 80 915 80 199627 249 4 12 20 28 345 7789 80 199627 28 2152 208 3696 456 173 1072 80 915 1179 1190324 -1 -1 0 0 0 0 0 0 0 0 0 0 0 0 0 0 0 0
"7b47236d77f9a41f" 18 28 7064 5977 14 178 30 2249 80 199627 369 1267 27 51 139 19 2651 603 1179 1190325 -1 -1 0 0 0 0 0 0 0 0 0 0 0 0 0 0 0 0
"977abd10e08acac7" 30 127 154 5882 192 2259 102 36547 80 199627 541 786 1831 80 102 60 229 43 60 786 199627 90 352 114 443 1010 208014 154 14444 275 1179 1190326 -1 -1 0 0 0 0 0 0 0 0 0 0 0 0 0 0 0 0
"613db1115da5801e" 35 1024 80 4 153 369 127 4 80 550 70 108 80 199627 90 16520 231 192 4300 80 537 80 4 153 550 3559 199627 70 352 12 119 104 283 49 103 1179 1190327 -1 -1 0 0 0 0 0 0 0 0 0 0 0 0 0 0 0 0
"af042bbcebbb43c2" 36 369 229 74 108 129 80 4 153 154 80 915 80 199627 566 4 1019 36 815 1499 80 460 60 51 19183 199627 4 153 352 2460 174 396 19 1679 28 4527 1179 1190328 -1 -1 0 0 0 0 0 0 0 0 0 0 0 0 0 0 0 0
"4b16ac405bcec967" 24 11 120 60 208 80 229 74 161 19 185 910 80 199627 74 7 19 20 23 89 25 1542 90 4355 1179 1190329 -1 -1 0 0 0 0 0 0 0 0 0 0 0 0 0 0 0 0
"020368edb1777006" 32 127 74 161 19 1320 19 80 74 161 19 2502 199627 90 158 1334 11 13159 80 58 369 6 824 199627 1183 14 30 4164 19 30 160 3057 1179 1190330 -1 -1 0 0 0 0 0 0 0 0 0 0 0 0 0 0 0 0
"2efc2b0089f004ab" 26 369 524 107 5730 80 43 4 14142 80 7420 199372 199627 127 14 231 192 108 80 229 234836 590 1525 14 89 287 1179 1190331 -1 -1 0 0 0 0 0 0 0 0 0 0 0 0 0 0 0 0
"857b3beaec0acb4f" 22 4 50089 150 5213 90 6402 43 391 2645 80 199627 425 60 786 1831 80 1151 1043 70 150 1340 1179 1190332 -1 -1 0 0 0 0 0 0 0 0 0 0 0 0 0 0 0 0
"096acc5893601b97" 25 16520 458 1364 80 127 51 226 24576 77 25550 80 199627 90 28 5882 192 15599 80 102 9061 2835 44 79 20575 1179 1190333 -1 -1 0 0 0 0 0 0 0 0 0 0 0 0 0 0 0 0
"dbf48cc84e1e23e8" 25 807 51 36420 89 80 49 30 9185 30731 80 199627 127 14 231 102 51 1088 80 249 807 11 51 9755 37573 1179 1190334 -1 -1 0 0 0 0 0 0 0 0 0 0 0 0 0 0 0 0
"0b4c7827597b18b7" 26 629 283 2139 42 44 30 12383 80 199627 127 14 231 245 619 77 177755 80 199627 7 154 3900 19 8546 14 42 1179 1190335 -1 -1 0 0 0 0 0 0 0 0 0 0 0 0 0 0 0 0
"3dff9c29350b7314" 21 103 915 12 2984 14 89 80 199627 249 74 7 19 20 60323 80 199375 808 855 103 3057 1179 1190336 -1 -1 0 0 0 0 0 0 0 0 0 0 0 0 0 0 0 0
"2c6c62dcfdd67dfd" 22 28 8343 394 14 1629 76 36 30 2249 80 199627 249 369 1267 232 1618 80 1183 14 30 4164 1179 1190337 -1 -1 0 0 0 0 0 0 0 0 0 0 0 0 0 0 0 0
"a254ea2a58e4eaec" 31 30 876 5934 89 285 77 70 28 12196 80 199627 146 68 21647 80 255 68 9895 80 199627 192 6232 150 517 80 103 3172 229 74 6952 1179 1190338 -1 -1 0 0 0 0 0 0 0 0 0 0 0 0 0 0 0 0
"2dcb79191bffbc92" 24 184 11 12 6046 80 192 184 208 823 80 199627 249 4 154 436 49 28 246 80 90 630 14 3907 1179 1190339 -1 -1 0 0 0 0 0 0 0 0 0 0 0 0 0 0 0 0
"7605f776823b9cda" 32 369 1081 19 20 51 132272 80 199627 249 28 2152 566 1617 3696 408 1423 103 47 80 199627 90 551 74 161 19 563 185 910 53 30 176 1179 1190340 -1 -1 0 0 0 0 0 0 0 0 0 0 0 0 0 0 0 0
"5c31ec51e32892d1" 25 90 28 5882 20 6194 80 102 51 9061 2835 5002 80 199627 249 28 8343 5977 14 80 551 255 2249 19 2919 1179 1190341 -1 -1 0 0 0 0 0 0 0 0 0 0 0 0 0 0 0 0
"155db43c8e394514" 41 369 127 51 18831 891 1617 83 44 28 275 80 199627 249 28 5882 192 15599 80 102 51 9061 2835 3484 80 199627 90 2539 2743 4 153 369 127 4 1024 80 74 7 19 299 35379 1179 1190342 -1 -1 0 0 0 0 0 0 0 0 0 0 0 0 0 0 0 0
"d438402b875342cd" 17 369 7 245 4932 19 3756 80 199627 11 120 14 208 90 120 14 20 1179 1190343 -1 -1 0 0 0 0 0 0 0 0 0 0 0 0 0 0 0 0
"d61d20dd31b8bcb2" 20 184 146 1466 19 20 227 103 139 80 199627 184 11 12 20 544 80 3569 30 73756 1179 1190344 -1 -1 0 0 0 0 0 0 0 0 0 0 0 0 0 0 0 0
"61ea8b2bfe1f4565" 26 352 20 15785 174 1330 396 80 235090 44 2349 34708 5408 80 199627 74 161 19 1320 19 80 11 1590 83 30 21594 1179 1190345 -1 -1 0 0 0 0 0 0 0 0 0 0 0 0 0 0 0 0
"387626b72582092e" 23 158 4 106 71 425 80 58 120 382 1010 80 199627 1183 14 30 4164 154 1357 14 19 28 908 1179 1190346 -1 -1 0 0 0 0 0 0 0 0 0 0 0 0 0 0 0 0
"3165e8448eef29f9" 28 904 19 20 1598 44 51 8002 80 249 425 16520 83 30 208 80 199627 117802 80 232 1085 80 17620 59635 80 199375 146 2988 1179 1190347 -1 -1 0 0 0 0 0 0 0 0 0 0 0 0 0 0 0 0
"bcb89e26e066795f" 23 28 3262 104 6818 80 1525 89 30 5250 80 199627 453 60 2283 80 18939 30 91304 80 1334 30 236130 1179 1190348 -1 -1 0 0 0 0 0 0 0 0 0 0 0 0 0 0 0 0
"931a883bede7d66b" 35 83 150 46325 21666 3343 80 16520 1718 3274 80 199627 119 369 535 2752 199372 2647 80 344 11 1262 80 199627 249 369 61 30 139 4 119 154 1146 4 119 1179 1190349 -1 -1 0 0 0 0 0 0 0 0 0 0 0 0 0 0 0 0
"044c3646835c952e" 25 70 28 290 153 80 1334 44 103 706 257 80 199627 90 70 30 398 208 510 456 1334 83 2782 80 1274 1179 1190350 -1 -1 0 0 0 0 0 0 0 0 0 0 0 0 0 0 0 0
"8c565aeda0c819a0" 21 21797 19 30 831 14 80 425 16520 231 81897 80 199627 166629 166630 80 407 49 30 81897 38466 1179 1190351 -1 -1 0 0 0 0 0 0 0 0 0 0 0 0 0 0 0 0
"547ecfc3d4e267e5" 24 44 30 1237 1121 80 30 37359 2203 42 30 1051 80 199627 200443 102 18591 80 1231 161 803 182 3158 7536 1179 1190352 -1 -1 0 0 0 0 0 0 0 0 0 0 0 0 0 0 0 0