"bd09f03201f1f179" 29 127 28 45121 83 80 231 102 51 4044 80 199627 541 369 484 19 119 80 369 404 160 19 4 80 1267 460 4 30 5723 1179 1190040 -1 -1 0 0 0 0 0 0 0 0 0 0 0 0 0 0 0 0
"9638d1373ce27224" 24 158 4 824 80 860 120 14 212 4 76 761 80 199627 1183 4 51 108 206 80 453 4 106 474 1179 1190041 -1 -1 0 0 0 0 0 0 0 0 0 0 0 0 0 0 0 0
"dcdef9d0c29e81f7" 23 1334 71 513 526 80 344 386 70 600 83 770 80 199627 229 74 4600 80 184 255 285 51 17768 1179 1190042 -1 -1 0 0 0 0 0 0 0 0 0 0 0 0 0 0 0 0
"b6a831729932eb7f" 26 4 996 30 362 1044 90 369 391 44098 80 199627 249 425 4 185 632 80 11 456 369 1310 184 996 30 10331 1179 1190043 -1 -1 0 0 0 0 0 0 0 0 0 0 0 0 0 0 0 0
"639a1a862603351d" 22 299 937 369 4469 28 8018 23485 80 199627 199374 68 3847 90 16320 80 344 475 369 947 19 1343 1179 1190044 -1 -1 0 0 0 0 0 0 0 0 0 0 0 0 0 0 0 0
"1f9a6fb1d12f6ec7" 25 475 566 30 959 1238 199372 16520 1564 1138 90 1779 80 199627 537 80 16520 161 77 603 80 6 120 14 208 1179 1190045 -1 -1 0 0 0 0 0 0 0 0 0 0 0 0 0 0 0 0
"72ac5382c57efd82" 26 629 849 49 14 761 80 200450 630 60 70 804 80 199627 2224 89 80 1082 42 30 8595 80 279 83 271 4047 1179 1190046 -1 -1 0 0 0 0 0 0 0 0 0 0 0 0 0 0 0 0
"5d53dd05ef1383b1" 19 70 369 12 119 104 96 245 896 80 199627 6464 24 49 410 90 3053 30 876 1179 1190047 -1 -1 0 0 0 0 0 0 0 0 0 0 0 0 0 0 0 0
"4a18d0fcfe55e126" 26 460 14 206 80 120 14 1183 4 28 1763 80 199627 996 330 11 51 706 80 768 56 103 20 107 1030 39016 199372 1190048 -1 -1 0 0 0 0 0 0 0 0 0 0 0 0 0 0 0 0
"19a26ec07b2c3a3d" 25 103 104 8531 3273 80 166 1028 43 369 13 80 199627 90 4 208 24 19 88 80 808 166 283 451 14 1179 1190049 -1 -1 0 0 0 0 0 0 0 0 0 0 0 0 0 0 0 0
"ecefc3752c70a525" 24 383 12 20 770 80 249 330 229 127 30 26818 80 199627 158 60 229 422 69528 80 58 330 166 4488 1179 1190050 -1 -1 0 0 0 0 0 0 0 0 0 0 0 0 0 0 0 0
"a8088adf27b20df0" 25 369 127 4862 102 11269 80 747 19 1749 80 199627 184 56 283 30 2259 915 1683 102 44574 80 212 382 2370 1179 1190051 -1 -1 0 0 0 0 0 0 0 0 0 0 0 0 0 0 0 0
"3269348f6bd18f38" 19 234840 102 30 21423 129 77 30 2831 80 199627 90 74 4135 80 541 104 14864 595 1179 1190052 -1 -1 0 0 0 0 0 0 0 0 0 0 0 0 0 0 0 0
"143fcb677cbede60" 27 70 30 241 330 153 90 70 30 891 369 119 80 199627 4 13 60 70 80 1024 80 16520 243 388 988 36 4 1179 1190053 -1 -1 0 0 0 0 0 0 0 0 0 0 0 0 0 0 0 0
"eaa09bcfa6f68196" 19 90 103 104 30 49903 19 271 61 80 199627 150 4779 600 5427 30 3108 408 549 1179 1190054 -1 -1 0 0 0 0 0 0 0 0 0 0 0 0 0 0 0 0
"4f6c342c9e10b590" 23 90 3181 541 1499 80 200450 11 3053 30 1895 80 199627 761 30 1160 12181 80 859 1394 1133 30 3416 1179 1190055 -1 -1 0 0 0 0 0 0 0 0 0 0 0 0 0 0 0 0
"c899cfa9a318149a" 25 525 7582 102 51 21466 80 344 475 369 947 19 29563 80 199627 8018 77 30 70472 80 475 30 2594 283 2018 1179 1190056 -1 -1 0 0 0 0 0 0 0 0 0 0 0 0 0 0 0 0
"3b4db8f2a9fdc354" 21 1082 42 30 8595 80 200450 5694 103 3025 80 199627 4 114 13 14 6174 80 454 44 1089 1179 1190057 -1 -1 0 0 0 0 0 0 0 0 0 0 0 0 0 0 0 0
"ab17394c543684d9" 25 11168 25 30 3455 80 344 559 369 283 25 80 199627 344 475 369 947 19 2919 80 19 29563 90 19 152 1179 1190058 -1 -1 0 0 0 0 0 0 0 0 0 0 0 0 0 0 0 0
"b56889c18b9e7d4d" 24 70 184 251 104 30 962 80 74 7 36 7258 80 199627 249 173 808 76 749 358 15493 80 74 3492 1179 1190059 -1 -1 0 0 0 0 0 0 0 0 0 0 0 0 0 0 0 0
"9beb49616a25446e" 25 352 835 70 150 2249 80 249 369 808 41 3274 80 199627 83 28 29 1093 1059 80 369 22 20 6777 796 1179 1190060 -1 -1 0 0 0 0 0 0 0 0 0 0 0 0 0 0 0 0
"82c821c772a03abc" 23 4 120 603 44 80 249 4 6 96 19 748 80 199627 199375 6454 4 408 5586 90 232 4 1072 1179 1190061 -1 -1 0 0 0 0 0 0 0 0 0 0 0 0 0 0 0 0
"485e0664eff1964f" 21 859 7692 406 90 1394 44 30 1044 80 199627 158 369 166 1679 4 456 173 454 36 14 1179 1190062 -1 -1 0 0 0 0 0 0 0 0 0 0 0 0 0 0 0 0
"2730431c19de17cc" 24 16520 909 36 28 19862 80 166 27 1957 3666 80 199627 249 967 19 14 3577 80 550 280 2780 80 17020 1179 1190063 -1 -1 0 0 0 0 0 0 0 0 0 0 0 0 0 0 0 0
"9c37684d56f5a179" 19 4 4469 541 11 19 3177 80 199627 249 120 14 153 425 158 4 12 629 1366 1179 1190064 -1 -1 0 0 0 0 0 0 0 0 0 0 0 0 0 0 0 0
"95914d3d89ace6d3" 25 860 13 14 6560 90 35 80 249 369 22 460 44 80 199627 199375 3181 541 1499 80 200449 369 153 199375 999 1179 1190065 -1 -1 0 0 0 0 0 0 0 0 0 0 0 0 0 0 0 0
"32808392375310b6" 25 16520 255 83 28 1518 80 234845 42 49 30 4858 80 199627 249 199375 255 1080 19 32 33 19 518 369 242 1179 1190066 -1 -1 0 0 0 0 0 0 0 0 0 0 0 0 0 0 0 0
"39f4aa4158411e07" 25 11 1015 14 559 4 106 80 474 749 90 425 80 199627 859 11511 60 42 102 30 362 2144 26153 37349 3664 1179 1190067 -1 -1 0 0 0 0 0 0 0 0 0 0 0 0 0 0 0 0
"1288469b61c9dea3" 21 184 996 255 1218 77 1258 25 2598 80 199627 249 49 26863 236117 3465 80 184 956 245 250 1179 1190068 -1 -1 0 0 0 0 0 0 0 0 0 0 0 0 0 0 0 0
"02e50cf1918289d8" 25 2539 80 173 808 76 848 235210 44 30 1877 80 199627 249 629 849 49 14 761 80 90 859 1057 49 6881 1179 1190069 -1 -1 0 0 0 0 0 0 0 0 0 0 0 0 0 0 0 0
"f86bd3d19a85dae5" 22 352 2505 14 102 16520 1043 44 30 4999 80 199627 103 61 104 3273 80 28 234829 44 51 7936 1179 1190070 -1 -1 0 0 0 0 0 0 0 0 0 0 0 0 0 0 0 0
"4563185b96fed43d" 22 16520 1218 19 20 172 80 550 33 80 199627 4 13 866 28 1819 80 153 70 154 369 119 1179 1190071 -1 -1 0 0 0 0 0 0 0 0 0 0 0 0 0 0 0 0
"0a860b2a1939eeb4" 21 173 23036 14 80 106 102 16520 1598 80 199627 249 199375 7692 178 80 22 460 42 28 2317 1179 1190072 -1 -1 0 0 0 0 0 0 0 0 0 0 0 0 0 0 0 0
"1e921a82fc73323c" 23 184 127 43 184 254 80 74 511 1564 80 199627 352 2182 352 816 14 80 382 1818 566 192 33412 1179 1190073 -1 -1 0 0 0 0 0 0 0 0 0 0 0 0 0 0 0 0
"b23038a1babfdf95" 25 1082 42 30 8595 80 120 30 1180 5640 76 30 1568 80 199627 8524 15632 102 6166 80 550 70 11 2259 1568 1179 1190074 -1 -1 0 0 0 0 0 0 0 0 0 0 0 0 0 0 0 0
"8212abd312019137" 24 199375 232 4244 406 80 1564 36 511 80 199627 1501 184 27 43 1334 909 36 80 20407 42 788 151 46955 1179 1190075 -1 -1 0 0 0 0 0 0 0 0 0 0 0 0 0 0 0 0
"b1283cd51d8fc3fb" 18 352 251 60 499 80 382 234905 83 1749 80 199627 9770 1964 2348 453 14 19096 1179 1190076 -1 -1 0 0 0 0 0 0 0 0 0 0 0 0 0 0 0 0
"9ecb4438fcd752c6" 27 617 70 28 4181 104 2157 80 518 378 369 20 19 4 199372 199627 4 13 541 369 119 80 378 4 808 20 33 199372 1190077 -1 -1 0 0 0 0 0 0 0 0 0 0 0 0 0 0 0 0
"e63df7f9c9775b31" 29 4 255 208 24 19 88 80 74 1539 559 941 798 7329 318 80 199627 550 102 8524 15632 80 51 1572 4113 798 22 1096 318 1179 1190078 -1 -1 0 0 0 0 0 0 0 0 0 0 0 0 0 0 0 0
"77c7556b1e73f84b" 32 166 3380 30 139 4 453 14 106 80 550 33 80 199627 249 617 28 4181 5961 76 80 43 378 369 119 199372 378 4 808 61 14 174 199372 1190079 -1 -1 0 0 0 0 0 0 0 0 0 0 0 0 0 0 0 0
"8e804ca1b76525b2" 24 408 30 1877 475 369 947 559 19 2919 80 199627 4 1866 13 14 35 80 249 199375 255 2995 49 215 1179 1190080 -1 -1 0 0 0 0 0 0 0 0 0 0 0 0 0 0 0 0
"66fd49a65c7a3cdb" 27 12968 72 150 1542 80 17522 150 908 80 550 206 19 208 80 199627 161 139 8083 83 103 3162 80 1267 1679 154 490 1179 1190081 -1 -1 0 0 0 0 0 0 0 0 0 0 0 0 0 0 0 0
"26dff1fd744c62fe" 23 235253 70 184 127 80 1267 3464 257 80 199627 996 330 11 51 706 19 4 199372 550 425 768 146 1179 1190082 -1 -1 0 0 0 0 0 0 0 0 0 0 0 0 0 0 0 0
"fffc25162cc67a77" 30 352 127 30 61 344 5360 14 1138 80 199627 352 127 30 5174 344 26897 30 4572 80 199627 352 30 161 344 2441 14 51 8960 5218 1179 1190083 -1 -1 0 0 0 0 0 0 0 0 0 0 0 0 0 0 0 0
"6ce37900db389fcc" 30 28 1778 70 178 154 275 80 199627 10004 61 154 28671 1180 408 4813 47826 80 199627 28 234865 6890 192 396 4869 80 550 102 1767 82891 1179 1190084 -1 -1 0 0 0 0 0 0 0 0 0 0 0 0 0 0 0 0
"71adfe75a5bf09af" 35 28 234833 51 6149 80 911 77 1245 90 1402 80 199627 425 234878 7575 49 14 80 11127 42 297 10277 80 199627 11102 19 4488 80 70 5947 408 1964 19 1059 1179 1190085 -1 -1 0 0 0 0 0 0 0 0 0 0 0 0 0 0 0 0
"390252be3f2c3d38" 30 16520 586 51 8594 44 30 3410 80 199627 5802 297 3401 49 28 246 90 1819 80 199627 273 70 30 5047 77 103 161 997 139 2591 1179 1190086 -1 -1 0 0 0 0 0 0 0 0 0 0 0 0 0 0 0 0
"7910ed2ac6e1d4f8" 33 330 3598 14 25 559 369 3728 80 199627 249 783 119 330 153 80 107 415 14 948 2970 80 199627 249 369 808 4522 790 80 102 74 1232 2203 1179 1190087 -1 -1 0 0 0 0 0 0 0 0 0 0 0 0 0 0 0 0
"1660300b1235698d" 35 369 11513 192 823 80 102 51 3915 7612 80 199627 4 590 7 150 236118 13216 80 199627 19 453 51 348 44 28 246 80 475 30 49928 77 2174 378 507 1179 1190088 -1 -1 0 0 0 0 0 0 0 0 0 0 0 0 0 0 0 0
"2dba90db24250d7e" 36 369 6 824 158 16520 1423 144 30 17599 80 199627 285 4180 590 1081 90 1320 711 80 199627 249 551 74 7 19 20 1218 456 173 1423 49 150 1964 23 1138 1179 1190089 -1 -1 0 0 0 0 0 0 0 0 0 0 0 0 0 0 0 0
"8084f416a0e39c49" 30 30 530 5310 36 30 161 80 199627 19 507 8 4047 90 3292 603 4699 80 199627 30 129 518 70634 30 10270 80 5375 1749 90 3397 1179 1190090 -1 -1 0 0 0 0 0 0 0 0 0 0 0 0 0 0 0 0
"9b2af35fb6b51edf" 32 4 998 19 55502 28 3699 246 80 199627 249 369 6 96 206 19 592 80 199627 36 4 19 2174 90 453 42 150 34 80 550 174 2780 1179 1190091 -1 -1 0 0 0 0 0 0 0 0 0 0 0 0 0 0 0 0
"8f9a73fa7c74a66f" 36 606 150 600 90 2644 80 4 2173 1819 80 199627 4 956 14 456 369 391 3257 90 1899 80 199627 90 425 4 185 4 61 14 80 559 404 4 119 154 199372 1190092 -1 -1 0 0 0 0 0 0 0 0 0 0 0 0 0 0 0 0
"9f846d8816c87153" 26 158 4 1028 44 14 80 199375 6140 30 139 80 199627 90 257 859 481 30 3387 83 30 3357 80 453 1957 11456 1179 1190093 -1 -1 0 0 0 0 0 0 0 0 0 0 0 0 0 0 0 0
"bf6e6d3877a673b2" 31 103 229 11 178 23287 90 751 80 199627 550 178 5358 12976 90 17 18352 80 199627 5360 28 600 388 80 200449 103 902 229 2253 768 9056 1179 1190094 -1 -1 0 0 0 0 0 0 0 0 0 0 0 0 0 0 0 0
"5479c751163a9433" 41 798 835 369 127 603 4706 80 11 102 88 80 199627 15044 823 80 935 30 1299 5737 80 199627 184 1866 17 20 791 25 30 1299 14732 80 249 184 1057 90 3756 30 1299 8018 7208 1179 1190095 -1 -1 0 0 0 0 0 0 0 0 0 0 0 0 0 0 0 0
"39696a94b03f391f" 22 425 21130 2348 283 49 14 80 199627 249 352 394 14 352 2585 14 80 60 229 1425 19 20 1179 1190096 -1 -1 0 0 0 0 0 0 0 0 0 0 0 0 0 0 0 0
"62952eba6c3361c6" 19 1624 334 51 463 77 28 206 80 199627 249 154 31654 711 11 229 1030 28 3887 1179 1190097 -1 -1 0 0 0 0 0 0 0 0 0 0 0 0 0 0 0 0
"67b85b8a8883c599" 24 369 127 4 1598 83 28 3012 80 166 3569 80 199627 249 199375 4930 4 144 80 460 14 150 36536 1541 1179 1190098 -1 -1 0 0 0 0 0 0 0 0 0 0 0 0 0 0 0 0
"fdcdf4602525592e" 26 966 83 28 2091 102 51 12239 77 4876 80 199627 249 83 6058 199627 13877 199627 47821 80 352 20 234840 83 28 3464 1179 1190099 -1 -1 0 0 0 0 0 0 0 0 0 0 0 0 0 0 0 0
"c9b37c42115ed1c7" 26 369 127 4 2359 80 166 1082 24 30 206 80 199627 1015 14 80 119 4 12 421 30 962 80 90 283 159565 199372 1190100 -1 -1 0 0 0 0 0 0 0 0 0 0 0 0 0 0 0 0
"82f419ff5a203e9d" 20 369 11 14192 28 1964 90 208 80 199627 212 824 77 70 28 1214 80 120 1957 153 1179 1190101 -1 -1 0 0 0 0 0 0 0 0 0 0 0 0 0 0 0 0
"a9a37951a3afe5f7" 27 44 30 13224 77 243 4527 80 891 1961 192 691 80 199627 249 1334 3919 425 80 669 6867 1183 80 422 19 1169 177708 1179 1190102 -1 -1 0 0 0 0 0 0 0 0 0 0 0 0 0 0 0 0
"7afba74d4ea97acd" 23 283 606 19 30 9090 80 106 30 2651 80 199627 1267 6876 42 90 2995 80 166 3380 80 166 5596 1179 1190103 -1 -1 0 0 0 0 0 0 0 0 0 0 0 0 0 0 0 0
"5fa090b57c04cd4f" 20 590 232 1618 80 146 235916 89 80 199627 146 629 151 80 255 1713 80 457 28 5228 1179 1190104 -1 -1 0 0 0 0 0 0 0 0 0 0 0 0 0 0 0 0
"e5f99ed3a0aeeefd" 19 200450 11 278 178 70 603 4180 80 199627 229 1030 271 206 80 330 229 271 33680 1179 1190105 -1 -1 0 0 0 0 0 0 0 0 0 0 0 0 0 0 0 0
"16a7d8e9961afd33" 23 6 1539 475 184 53 80 17880 590 27 4 80 199627 283 4 44 1132 1574 80 330 590 2948 4 1179 1190106 -1 -1 0 0 0 0 0 0 0 0 0 0 0 0 0 0 0 0
"70090944e594d999" 22 1267 232 28 1820 415 80 166 120 208 80 199627 576 44 51 1532 36 61 80 5943 146 153 1179 1190107 -1 -1 0 0 0 0 0 0 0 0 0 0 0 0 0 0 0 0
"b25b64462d7e81bb" 21 4 127 14 44 51 3480 80 166 3651 80 199627 2358 32 49 14 36 11 161 511 2842 1179 1190108 -1 -1 0 0 0 0 0 0 0 0 0 0 0 0 0 0 0 0
"71de4cb046fb5b1f" 38 103 231 77 1899 1081 80 1085 89 28 17647 80 199627 158 369 484 51 1605 80 199373 453 4 1745 80 199627 249 4 1267 20 3158 80 36 14 19 460 4 28 206 1179 1190109 -1 -1 0 0 0 0 0 0 0 0 0 0 0 0 0 0 0 0
"093987fe930af01f" 27 61 998 19 707 770 80 249 60 378 146 14596 80 199627 74 1539 559 823 184 152 80 279 104 1262 44 30 176 1179 1190110 -1 -1 0 0 0 0 0 0 0 0 0 0 0 0 0 0 0 0
"5ff00630e116264d" 44 509 798 10175 848 80 711 44 79 126 80 199627 30 1160 549 808 57414 252 51 824 80 199627 249 44 30 1605 80 184 1084 1348 80 199627 79 4207 391 174 1364 90 848 391 279 184 56 119 1179 1190111 -1 -1 0 0 0 0 0 0 0 0 0 0 0 0 0 0 0 0
"34af18c21b890f1d" 26 89 44 30 4366 80 70 184 153 104 2410 59588 80 199627 249 74 1539 475 4 208 80 11 1080 518 4 566 1179 1190112 -1 -1 0 0 0 0 0 0 0 0 0 0 0 0 0 0 0 0
"1538c4c31a7fbc4c" 23 408 279 19 107 80 369 370 407 42 80 199627 425 154 16520 606 19 4 80 369 13 66 42 1179 1190113 -1 -1 0 0 0 0 0 0 0 0 0 0 0 0 0 0 0 0
"def82ff80887cc4e" 21 184 22 212 30 35 80 859 41 583 80 199627 1267 32 6984 80 1267 460 60 271 70 1179 1190114 -1 -1 0 0 0 0 0 0 0 0 0 0 0 0 0 0 0 0
"3bcae91c9d8876a7" 20 17675 90 10027 80 859 24 60 42 80 199627 4 596 153 80 915 4 127 14 1598 1179 1190115 -1 -1 0 0 0 0 0 0 0 0 0 0 0 0 0 0 0 0
"6e29e66873e26b06" 45 5799 19 1132 1574 80 1409 908 80 199627 425 154 16520 606 527 19 4 80 60 70 786 199627 154 369 1267 212 824 77 28 1214 80 32 33 80 199627 249 161 235309 36 432 80 199375 255 61 4 1179 1190116 -1 -1 0 0 0 0 0 0 0 0 0 0 0 0 0 0 0 0
"f95c675b3aacf69d" 25 283 606 19 30 9090 80 1082 30 1180 2283 80 199627 119 4 12 421 60 199372 103 2651 378 453 4 1331 1179 1190117 -1 -1 0 0 0 0 0 0 0 0 0 0 0 0 0 0 0 0
"9128bc282a1bc12f" 21 2103 76 103 231 80 550 548 1478 14 80 199627 249 4 1267 20 3158 19 1269 60 544 1179 1190118 -1 -1 0 0 0 0 0 0 0 0 0 0 0 0 0 0 0 0
"a41625d5aa239617" 35 28 235133 102 51 358 80 127 4 1598 83 14 80 199627 915 318 153 80 860 146 12 20 544 80 199627 200449 184 61 5106 80 90 859 146 120 208 1179 1190119 -1 -1 0 0 0 0 0 0 0 0 0 0 0 0 0 0 0 0
"e0a1e4153667097e" 32 184 1740 42 80 747 19 208 70 1237 80 199627 249 456 60 263 3702 80 1024 80 550 102 199627 79 235132 174 1364 90 550 76 77 2425 1179 1190120 -1 -1 0 0 0 0 0 0 0 0 0 0 0 0 0 0 0 0
"42e9f01247fe6d57" 30 798 127 154 4207 174 1364 80 369 11 166 212 60 80 199627 90 44 30 4869 77 30 1605 80 70 184 114 185 104 235404 236119 1179 1190121 -1 -1 0 0 0 0 0 0 0 0 0 0 0 0 0 0 0 0
"2f00ab60977c2217" 41 271 61 1317 90 146 378 60 5835 80 199627 127 28 63 80 47080 83 30 313 80 184 422 19 1169 80 199627 90 158 369 484 51 1605 80 199373 453 60 70 178 4 90 14 1179 1190122 -1 -1 0 0 0 0 0 0 0 0 0 0 0 0 0 0 0 0
"e7990f325ea2f818" 35 199375 146 2988 89 80 232 1409 28 908 80 199627 27 51 139 144 297 5096 80 453 603 21854 199627 90 456 184 4438 453 60 80 859 4522 102 30 876 1179 1190123 -1 -1 0 0 0 0 0 0 0 0 0 0 0 0 0 0 0 0
"3287909b9f4bc730" 33 859 2954 51 139 144 70 297 7258 80 199627 249 20 5977 80 617 4 14149 80 550 823 19 232 150 1964 83 361 49 103 4207 174 1364 7944 1179 1190124 -1 -1 0 0 0 0 0 0 0 0 0 0 0 0 0 0 0 0
"53a9cba69ca3b129" 29 4 6 7 19 7054 80 11 119 43 4 1267 119 80 199627 199375 46 150 6140 80 90 859 185 236120 2464 236121 456 550 144 1179 1190125 -1 -1 0 0 0 0 0 0 0 0 0 0 0 0 0 0 0 0
"bbde7e0cd3daaf72" 31 369 407 42 408 30 2466 80 7349 60 70 83 28 29 80 199627 425 16520 280 154 2353 80 629 785 19 30 9090 80 421 28 490 1179 1190126 -1 -1 0 0 0 0 0 0 0 0 0 0 0 0 0 0 0 0
"e2948c6264398565" 28 199375 481 28 82 475 28 124 104 80 55 83 28 1818 80 199627 576 44 51 1532 36 788 206 16520 651 25 3032 5165 1179 1190127 -1 -1 0 0 0 0 0 0 0 0 0 0 0 0 0 0 0 0
"96c30d4037b8a7be" 30 6 630 1540 80 32 49 14 51 2842 80 199627 60 70 2786 192 2012 80 249 44 150 3489 80 199375 255 4522 80 199375 24917 60 1179 1190128 -1 -1 0 0 0 0 0 0 0 0 0 0 0 0 0 0 0 0
"eddbf7c94f68e8c1" 26 114 4 2481 30 1047 83 28 1793 80 30 2602 369 5632 80 199627 119 4 12 421 60 80 153 66 112 340 199372 1190129 -1 -1 0 0 0 0 0 0 0 0 0 0 0 0 0 0 0 0
"4f335105e91da1f9" 23 16520 44 51 3480 80 21647 25 382 3108 80 199627 352 232 60 5947 80 1000 29525 102 550 382 5435 1179 1190130 -1 -1 0 0 0 0 0 0 0 0 0 0 0 0 0 0 0 0
"ed571a03c4921952" 30 76 44 30 3412 4869 80 184 236122 44 30 5658 80 199627 127 30 8595 17675 80 2410 59588 80 1031 16520 6977 83 154 6928 231 10175 1179 1190131 -1 -1 0 0 0 0 0 0 0 0 0 0 0 0 0 0 0 0
"f8135fc95bf3862c" 27 1112 369 283 1218 80 6 12 120 4 208 80 199627 249 915 80 318 153 80 860 255 96 51 638 83 28 1819 1179 1190132 -1 -1 0 0 0 0 0 0 0 0 0 0 0 0 0 0 0 0
"45e6fc80843e064e" 28 154 236120 2464 236121 231 80 344 559 369 153 550 340 80 199627 44 103 3273 39 80 4 1267 20 3158 19 453 14 106 1179 1190133 -1 -1 0 0 0 0 0 0 0 0 0 0 0 0 0 0 0 0
"666cf07b6584749f" 35 184 904 19 1010 77 1977 406 44 51 23497 80 199627 249 271 61 1317 80 146 378 60 14596 80 425 1334 11 7522 44 103 706 925 275 80 280 11008 1179 1190134 -1 -1 0 0 0 0 0 0 0 0 0 0 0 0 0 0 0 0
"343a1cfda142fa52" 24 16520 231 19427 80 7 154 3292 90 245 6945 80 199627 192 369 1267 283 154 3353 80 866 30 33814 9001 1179 1190135 -1 -1 0 0 0 0 0 0 0 0 0 0 0 0 0 0 0 0
"30474ab8be220452" 25 16520 146 2780 80 361 19 30 31 369 8071 80 199627 192 11 1080 518 173 49 80 16520 30 161 4 1018 1179 1190136 -1 -1 0 0 0 0 0 0 0 0 0 0 0 0 0 0 0 0
"d5c2062feb2dca2a" 23 184 22 20 30 1981 19 212 30 1828 80 199627 369 251 150 3012 606 80 44 1132 1574 859 5084 1179 1190137 -1 -1 0 0 0 0 0 0 0 0 0 0 0 0 0 0 0 0
"473787dab7d47f94" 26 6802 208 77 30 1841 229 255 2253 19 119 80 199627 249 369 166 208 24 425 80 166 20 1598 44 28 3073 1179 1190138 -1 -1 0 0 0 0 0 0 0 0 0 0 0 0 0 0 0 0
"1e159a5d12d5a396" 17 44 30 3399 184 57414 80 199627 1267 3596 30 4180 80 1267 283 154 3353 1179 1190139 -1 -1 0 0 0 0 0 0 0 0 0 0 0 0 0 0 0 0
"d3ce827c8ed17957" 23 369 114 106 30 1081 80 550 3699 44 28 17647 80 199627 119 4 12 421 60 80 103 236123 1745 1179 1190140 -1 -1 0 0 0 0 0 0 0 0 0 0 0 0 0 0 0 0
"a1e2d96342ee3fc5" 35 184 389 212 286 19 1344 80 735 70 297 5332 80 199627 563 5248 55164 378 106 271 7960 80 199627 158 299 391 51 108 621 80 550 287 154 859 29 1179 1190141 -1 -1 0 0 0 0 0 0 0 0 0 0 0 0 0 0 0 0
"66d649fbe381a3f6" 23 28 275 1483 192 3514 80 76 77 520 80 199627 249 16520 576 4 6392 80 44 103 9356 859 8696 1179 1190142 -1 -1 0 0 0 0 0 0 0 0 0 0 0 0 0 0 0 0
"e4f20e73478832b3" 29 4 1320 51 495 77 2093 80 249 173 8814 408 28 246 80 199627 1024 2358 80 11 120 14 44 80 460 770 51 1784 780 1179 1190143 -1 -1 0 0 0 0 0 0 0 0 0 0 0 0 0 0 0 0
"7517813ad4201cdf" 40 369 12 1343 245 3467 80 453 4 656 150 1059 80 199627 2173 77 70 30 4823 4 255 34894 80 199627 425 4 114 27 14 605 60 49 30 4066 2272 80 83 297 1778 1877 1179 1190144 -1 -1 0 0 0 0 0 0 0 0 0 0 0 0 0 0 0 0
"04188eb803fa6f6d" 37 71 453 60 474 80 223 30 28487 606 80 199627 158 30 876 573 89 83 4 80 24506 20 51 17331 77 150 1819 80 199627 382 235133 4982 80 5942 212 911 520 1179 1190145 -1 -1 0 0 0 0 0 0 0 0 0 0 0 0 0 0 0 0
"fdbfb3c7eacbd2a9" 22 18227 5919 83 5882 80 2975 90 231 474 80 199627 1894 42139 757 80 1120 54 10022 144 30 1237 1179 1190146 -1 -1 0 0 0 0 0 0 0 0 0 0 0 0 0 0 0 0
"d3210ababbc54db3" 28 1024 173 102 51 57369 80 2144 90 10973 49 74 3428 80 199627 70 103 2602 415 104 5060 80 249 199375 146 185 150 646 1179 1190147 -1 -1 0 0 0 0 0 0 0 0 0 0 0 0 0 0 0 0
"1544cc9a6c3b6fef" 26 8524 11 1869 76 89 30 2591 80 199627 425 16520 7497 25 30 20341 14327 80 199627 709 4972 80 184 166 20 2651 1179 1190148 -1 -1 0 0 0 0 0 0 0 0 0 0 0 0 0 0 0 0
"0cb2ce562036af0f" 35 200443 24 425 80 369 153 369 492 51 5294 80 199627 456 1334 255 1085 2780 80 199627 127 28 4161 83 80 200450 216 30 902 80 229 74 206 19 592 1179 1190149 -1 -1 0 0 0 0 0 0 0 0 0 0 0 0 0 0 0 0
"1bcc2cc311607ee6" 38 99882 80 807 28 2726 3671 80 199627 4043 3860 80 859 453 30 613 8994 80 199627 127 51 4631 9252 76 44 30 4668 80 199627 227 271 908 80 229 74 7 19 1678 1179 1190150 -1 -1 0 0 0 0 0 0 0 0 0 0 0 0 0 0 0 0
"d734862879bcea03" 29 6 928 30 22721 3419 80 199627 4909 976 824 80 227 271 29 139 80 199627 74 7 36 30 20398 4523 80 859 4522 790 1304 1179 1190151 -1 -1 0 0 0 0 0 0 0 0 0 0 0 0 0 0 0 0
"e3e2773a2d434832" 35 89 83 33933 80 859 20 3469 2283 90 544 80 199627 8524 234932 606 25 80 249 154 6 1636 14 80 199627 566 4 747 199372 185 173 747 80 200450 13 1179 1190152 -1 -1 0 0 0 0 0 0 0 0 0 0 0 0 0 0 0 0
"387fcc496c28ae33" 42 7032 783 55164 80 6091 44 30 363 80 199627 166 2346 770 749 49 70 30 896 184 11582 80 199627 227 102 4043 21712 80 270 2117 2568 80 199627 184 6 824 80 1334 227 275 509 4189 1179 1190153 -1 -1 0 0 0 0 0 0 0 0 0 0 0 0 0 0 0 0
"32cd2b0b66ecd409" 41 11460 3903 90 14444 3041 80 199627 4598 8617 6 1208 51 1146 80 859 16561 80 199627 456 30 876 17565 83 4 80 6 20 9302 80 199627 206 8401 36 74 161 80 859 630 4 804 1179 1190154 -1 -1 0 0 0 0 0 0 0 0 0 0 0 0 0 0 0 0
"4e6a74ffe2ece871" 43 2539 1894 42139 80 166 4 13 199372 199627 30 2820 1961 80 206 19 1269 770 544 80 199627 74 7 19 4488 80 74 161 14896 51 1330 80 199627 859 232 1618 1619 80 1132 861 80 554 5287 1179 1190155 -1 -1 0 0 0 0 0 0 0 0 0 0 0 0 0 0 0 0
"68d1e451917ba946" 48 120 14 629 415 80 22 4 388 30 2344 199372 199627 492 1547 44 30 1841 80 249 199374 947 36 561 80 199627 102 51 5210 2374 80 199375 232 13491 796 80 199627 22 120 28 11849 638 14 24 80 16520 5358 3274 1179 1190156 -1 -1 0 0 0 0 0 0 0 0 0 0 0 0 0 0 0 0
"1a3e27d16a11acaf" 46 146337 154 2354 80 200450 212 103 19 30 1877 80 199627 11812 76 77 30 42281 80 6752 102 51 4638 80 199627 9198 1866 283 8923 80 249 30 962 378 16864 80 199627 859 2995 549 60 70 80 184 1341 3148 1179 1190157 -1 -1 0 0 0 0 0 0 0 0 0 0 0 0 0 0 0 0
"de38d06e42f1e57b" 40 628 51 348 76 44 30 4668 80 199627 475 184 114 3756 90 1057 252 4937 80 199627 600 26593 102 243 30795 80 13 30 39 11603 80 199627 8524 2723 80 249 859 453 60 144 1179 1190158 -1 -1 0 0 0 0 0 0 0 0 0 0 0 0 0 0 0 0
"f107bc07501b111d" 43 382 235133 102 51 17331 80 2601 7865 80 199627 17 51 4043 3860 80 1331 77 271 17579 80 199627 18227 83 5919 80 5882 1899 90 959 80 199627 227 275 83 30 3826 80 1334 586 271 29 4537 1179 1190159 -1 -1 0 0 0 0 0 0 0 0 0 0 0 0 0 0 0 0
"50b7d2084fb14a70" 46 2173 77 70 30 4355 90 3171 6400 80 199627 859 232 60 340 90 32 633 408 20826 80 199627 74 7 36 22721 887 80 859 4522 83 271 29 80 199627 127 28 4161 80 200450 208 80 550 206 19 1746 1179 1190160 -1 -1 0 0 0 0 0 0 0 0 0 0 0 0 0 0 0 0
"1ba280ca302c1b9f" 20 330 68 192 499 80 249 184 477 824 199627 184 127 709 161 80 40737 40737 20 2392 1179 1190161 -1 -1 0 0 0 0 0 0 0 0 0 0 0 0 0 0 0 0
"8f1e06468b061d62" 33 425 16520 6431 290 23955 80 344 559 60 573 199627 51797 80 6 4 153 80 158 4 127 51 915 154 816 4 80 173 1269 36 275 80 4601 1179 1190162 -1 -1 0 0 0 0 0 0 0 0 0 0 0 0 0 0 0 0
"f85d172f286ca47e" 22 28 234833 3514 80 369 166 3380 199627 249 4 114 1320 70 4 251 80 11 51 2374 13491 25 1179 1190163 -1 -1 0 0 0 0 0 0 0 0 0 0 0 0 0 0 0 0
"ccab3f9eef9bfb9c" 29 70 103 2602 104 5060 80 369 106 192 1779 199627 4 747 80 185 4 747 80 249 4 928 70 30 887 80 6 4 153 199372 1190164 -1 -1 0 0 0 0 0 0 0 0 0 0 0 0 0 0 0 0
"ab9691d52741e335" 26 576 4 44 56371 80 1334 1043 44 30 530 199627 425 4 114 27 14 49 30 4066 2272 80 40737 40737 283 2283 1179 1190165 -1 -1 0 0 0 0 0 0 0 0 0 0 0 0 0 0 0 0
"a21cd1e175ab2c23" 34 4 71 283 60 474 80 6 12 13 4 35 199627 12746 14 5562 80 199375 460 4 28 70 80 199627 249 158 4 8814 14 76 80 1629 14 7691 1179 1190166 -1 -1 0 0 0 0 0 0 0 0 0 0 0 0 0 0 0 0
"d45d1345f6f841be" 27 283 4 1598 42 80 4 390 173 192 4300 199627 18227 5919 83 5882 80 1031 74 161 14896 51 1330 509 4 3617 25 1179 1190167 -1 -1 0 0 0 0 0 0 0 0 0 0 0 0 0 0 0 0
"0e537e253d11f5be" 38 1024 80 4 51 57369 80 4 127 154 38225 1749 199627 369 11812 42 76 30 306 42281 102 51 5878 80 199627 11 19 421 150 6150 83 33933 2591 80 344 475 369 10368 1179 1190168 -1 -1 0 0 0 0 0 0 0 0 0 0 0 0 0 0 0 0
"4cdb5f7050f60087" 24 184 389 212 286 19 1344 80 229 74 1091 24 199627 1120 10022 80 40737 40737 80 481 1957 83 8 24 1179 1190169 -1 -1 0 0 0 0 0 0 0 0 0 0 0 0 0 0 0 0
"cbb82c26fb368852" 34 120 14 44 80 199375 1183 4 43 369 127 199627 330 68 192 499 80 249 199375 460 4 70 199374 127 199627 28 2726 99882 80 173 70 154 369 251 1179 1190170 -1 -1 0 0 0 0 0 0 0 0 0 0 0 0 0 0 0 0
"87b728384689ab37" 34 90 30 12931 3903 80 184 229 1019 36 26238 199627 90 8814 80 184 6 12 630 97 5099 199627 184 127 709 161 80 200450 453 5269 80 208 36 5423 1179 1190171 -1 -1 0 0 0 0 0 0 0 0 0 0 0 0 0 0 0 0
"5ee337c40e721033" 39 352 389 152 19 1525 14 89 80 249 369 127 28 521 199627 12 521 80 12 10732 80 12 16057 199627 757 24 80 369 404 245 10111 711 80 249 425 16520 24 83 2662 1179 1190172 -1 -1 0 0 0 0 0 0 0 0 0 0 0 0 0 0 0 0
"437954df1a5be7d4" 33 158 299 391 51 108 621 80 369 599 550 287 199627 425 16520 6431 290 23955 80 227 252 8211 199627 768 51 4043 3860 80 227 44 28 29 139 1179 1190173 -1 -1 0 0 0 0 0 0 0 0 0 0 0 0 0 0 0 0
"a60e62b37a385036" 25 628 51 5181 76 44 30 9200 199627 68 2449 2780 80 127 74 206 19 6156 199627 70 30 9198 154 127 8935 1179 1190174 -1 -1 0 0 0 0 0 0 0 0 0 0 0 0 0 0 0 0
"1c642f7723095da9" 30 77793 44 30 363 80 5058 408 30 2203 199627 173 911 77 4355 80 70 621 90 70 1237 199627 150 235133 51 4633 80 51 340 18610 1179 1190175 -1 -1 0 0 0 0 0 0 0 0 0 0 0 0 0 0 0 0
"066607cabba5a4c0" 28 44 103 1884 1334 747 19 2919 199627 6 7 74 887 80 1334 6174 790 199627 460 14 43 369 251 80 154 5730 5161 1138 1179 1190176 -1 -1 0 0 0 0 0 0 0 0 0 0 0 0 0 0 0 0
"7748a0b1784e70d2" 28 173 14170 80 6 824 43 330 185 199627 236124 749 80 6 928 79 3419 199627 4 5972 76 83 275 80 227 44 30 5658 1179 1190177 -1 -1 0 0 0 0 0 0 0 0 0 0 0 0 0 0 0 0
"a50246e5da36dc11" 28 173 51 598 915 80 127 154 38225 21845 199627 10022 1869 76 80 1716 44 30 1597 199627 249 6 3589 80 184 127 3486 1913 1179 1190178 -1 -1 0 0 0 0 0 0 0 0 0 0 0 0 0 0 0 0
"3913a09435ce58ac" 22 382 235133 51 6793 80 74 161 14896 51 1330 199627 40737 208 823 80 229 18 19 453 51 41 1179 1190179 -1 -1 0 0 0 0 0 0 0 0 0 0 0 0 0 0 0 0
"93ac0d0389243b81" 21 68 76 83 30 902 80 231 70 172 199627 83 28 139 348 80 74 1022 102 28 29 1179 1190180 -1 -1 0 0 0 0 0 0 0 0 0 0 0 0 0 0 0 0
"6d5425101ca31322" 21 158 369 127 51 915 80 10572 20 28 4486 199627 249 1334 17 332 80 11 227 3271 2567 1179 1190181 -1 -1 0 0 0 0 0 0 0 0 0 0 0 0 0 0 0 0
"9c0ae75b9e914428" 28 492 51 5294 80 234968 17 2762 199627 348 25 30 19745 80 277 19 27 28 139 199627 31348 817 60 80 74 7 36 3419 1179 1190182 -1 -1 0 0 0 0 0 0 0 0 0 0 0 0 0 0 0 0
"61bb5f26a8aa49fa" 19 568 80 232 150 1964 42 1138 199627 6 120 54 4180 1525 4 89 80 4 4300 1179 1190183 -1 -1 0 0 0 0 0 0 0 0 0 0 0 0 0 0 0 0
"602b6fea2b777051" 31 70 297 4959 4461 19881 14 89 199627 249 16520 102 118520 80 83 51 1132 37446 3343 199627 330 20 2348 31262 80 249 369 6 421 51 128 1179 1190184 -1 -1 0 0 0 0 0 0 0 0 0 0 0 0 0 0 0 0
"6356fd8bf72ea009" 24 74 161 10801 178 770 80 330 6 824 53 70 199627 330 11 12 13 770 35 80 249 184 41 583 1179 1190185 -1 -1 0 0 0 0 0 0 0 0 0 0 0 0 0 0 0 0
"8fe8b40288555d17" 21 199375 212 150 36469 13955 199627 249 1080 80 129 166 3177 83 4178 172 80 60 1357 33 3643 1179 1190186 -1 -1 0 0 0 0 0 0 0 0 0 0 0 0 0 0 0 0
"c61e534ab5fc66e6" 22 158 4 484 30 4181 80 59 20 10716 1138 80 199627 249 1042 4 11 234889 80 5881 70 12255 1179 1190187 -1 -1 0 0 0 0 0 0 0 0 0 0 0 0 0 0 0 0
"8acede6a57ae63d3" 33 30 2249 44 28 1964 232 311 14 89 80 199627 249 369 119 30 1394 90 457 154 5228 80 199627 44 28 350 31 24789 80 231 102 51 4044 1179 1190188 -1 -1 0 0 0 0 0 0 0 0 0 0 0 0 0 0 0 0
"3db264d989090593" 38 6 1828 150 4153 83 74 161 1499 80 199627 32449 19 93311 80 200438 60 89 36 2521 80 199627 5804 80 5804 80 4617 154 3161 80 199627 590 453 60 476 80 74 5430 1179 1190189 -1 -1 0 0 0 0 0 0 0 0 0 0 0 0 0 0 0 0
"53ea48c324002399" 41 386 119 184 119 30 891 184 119 80 199627 739 1767 1418 506 80 344 1588 174 80 199627 249 352 127 3725 76 80 2139 44 51 1571 80 199627 550 102 184 11 166 707 30 3483 1179 1190190 -1 -1 0 0 0 0 0 0 0 0 0 0 0 0 0 0 0 0
"b4a2d2cb5b65da27" 22 369 127 51 1056 2726 1777 10047 80 199627 90 352 235154 14 80 234840 14 80 15405 60 2144 896 1179 1190191 -1 -1 0 0 0 0 0 0 0 0 0 0 0 0 0 0 0 0
"21049c91fc6a3686" 52 61 114 20 51 6029 80 2596 18777 80 199627 2139 382 763 14 154 319 997 4527 80 1310 369 391 51 3272 80 199627 249 4 120 14 1895 80 212 4 849 80 199627 90 44 154 1605 80 60 391 102 184 996 44 271 29 436 1179 1190192 -1 -1 0 0 0 0 0 0 0 0 0 0 0 0 0 0 0 0
"d7871f96dcadcda4" 25 16520 231 3484 80 369 5843 60 70 76 80 199627 2651 103 2268 42 80 74 5430 80 330 153 43 16520 178 1179 1190193 -1 -1 0 0 0 0 0 0 0 0 0 0 0 0 0 0 0 0
"a418c680e3aca945" 20 369 1310 369 1348 541 178 4 80 199627 249 30 1877 566 2214 49 28808 80 550 33 1179 1190194 -1 -1 0 0 0 0 0 0 0 0 0 0 0 0 0 0 0 0
"b7d80cd84f005804" 42 4 390 4 9247 80 4 390 173 3274 80 199627 249 144 150 748 80 860 146 151 722 80 199627 13812 4097 232 10921 80 22 3571 80 199627 860 20 11 709 1899 2090 80 107 19 278 1179 1190195 -1 -1 0 0 0 0 0 0 0 0 0 0 0 0 0 0 0 0
"b072e91a2ea24cfa" 48 30 39 104 911 77 12259 80 11 1019 36 8 972 80 199627 90 4 200466 10111 102 3196 80 5972 150 1394 80 199627 249 344 2762 80 44 28 350 31 24789 80 199627 199375 630 1957 70 804 80 229 74 1091 24 1179 1190196 -1 -1 0 0 0 0 0 0 0 0 0 0 0 0 0 0 0 0
"89cb8a12f912d69f" 43 234833 51 4896 80 49 21570 90 11495 80 199627 43 4 332 178 199372 229 2714 77 770 6569 80 199627 1514 30 1877 566 2214 49 28808 80 199627 90 1334 11 277 19 3177 80 74 206 36 31354 1179 1190197 -1 -1 0 0 0 0 0 0 0 0 0 0 0 0 0 0 0 0
"59123a43e36c10f3" 25 232 150 1964 23 1138 80 6 120 603 1525 4 89 80 199627 127 51 1056 2726 234840 14 42 80 74 6341 1179 1190198 -1 -1 0 0 0 0 0 0 0 0 0 0 0 0 0 0 0 0
"55ae440371d130bf" 48 28 234829 255 10139 80 7598 14 19 338 80 199627 249 369 2143 386 80 369 11 166 283 527 80 199627 90 4 290 185 4 1348 80 249 112 4 11 567 80 199627 6 2718 297 4097 80 330 630 14 231 15566 1179 1190199 -1 -1 0 0 0 0 0 0 0 0 0 0 0 0 0 0 0 0