"61e8b8f41b00bcea" 15883 62810
"7869352a40534fd1" 51204 164838
"55b79b9574e1077f" 63893 169495
"6a084d134430d860" 83008 47097
"506fa665af8f671b" 14604 37884
"518c3310370617d7" 6738 157694
"ae83cd81fbabcbb0" 107354 20843
"83c60ef88666e91b" 157681 48462
"0fec53ea885be1a6" 104837 67357 31777
"0230f577c7eeb25b" 70703 104848
"72af9124bb8293ec" 69442 101856
"e699af661d2523bd" 142089 19532
"f7422c8b9a42f4ec" 67772 27270
"c3b3bc8f50232f6e" 98425 121706
"6dcdca4c718bd378" 179884 2477
"a2f333c7b69ccc91" 149872 67341
"1c70d1864cb099a6" 150771 18029 13124
"a5ff3963789e495e" 175636 6633
"a7da94c1936559c7" 88087 55511 38487
"83b97787e8449c01" 59082 19958 137239
"fe6bde868e5635ff" 29743 27999
"2b81fdb23416d6a0" 96102 156914 145097
"bdf7545e06e725a5" 63698 13124
"7ef2d0376d5d009f" 39126 98322 178798
"015c2495a34583ec" 98166 86583 39126
"5ecb76dc7b414d63" 184555 145097
"042b023b8edb3ece" 15688 1825 125698
"5a461ceb0efd9042" 108320 1825 188879
"39eaea4c718bd378" 179884 121706
"fdcd49f098f13569" 151871 95615
"b52cbe5736fd2e2c" 42483 55511
"c99d40f552f1a241" 137239 13124
"ac0259c8fbbf17dd" 178798 93973 98322
"f210fbeb0efd9042" 108320 1825 32345
"17662deac11c35e8" 9291 68725
"832f9fc51b09a1f7" 22136 97971
"e47270c13c4d240c" 48818 38487
"295076dc7b414d63" 184555 98166
"5d080ee774233a3f" 29743 27999 156914
"89a87c5afc8cd3ee" 97971 42483 67341
"22dd37fcf24aa36b" 59082 150771
"d0c8000a0a83597d" 96102 156914
"d4a81c7f52c9b673" 18029 137239
"08c98e9c7d07be82" 63698 29743 156914
"208e6b648d158057" 39126 86583
"816b54e1eca233d4" 95615 151871 174597
"f1d69ade852a81a4" 145097 184555 98166
"0c7235414922bfc9" 93973 125698
"82c00210d11c391b" 125698 1825
"b8c61dd934cab8a5" 38487 150771
"0115724431c1f732" 19958 137239 19958
"15d776b019ffac25" 10387 2477
"93058b648d158057" 39126 178798
"8445c574d1584313" 22136 97971 149872
"7655a845177b2307" 9291 68725 121706
"0da5bb32cbe846b3" 93973 15688 125698
"56deb47e6a1efb60" 88087 67341
"8ddb39f098f13569" 151871 22136
"ca4b86f06ad93dfc" 18029 63698 13124
"66c19fddf612ca1f" 86583 178798
"e7843df0c4d388ce" 171638 115091
"6391d53511fb1c5a" 90251 139258
"e557a0d07e6e9d43" 36799 44048 178734
"d97ac4d4db41e4b2" 137372 157508
"c086ca03177be4f7" 288 69631
"e1db80415827cb85" 108470 169004 46579
"bb8892f53f0d8ab8" 133659 29155 66136
"3eed9230b3af7ec8" 135300 64962
"602f849b8f1a3024" 2801 80924
"ce107d0e5ff355bd" 181587 114446 127906
"fc7dee250ed9be71" 126473 129356 41401
"0dd0bd2a1f539d62" 84645 103941 127257
"5d3634372d5e46be" 186813 14471 24364
"812e922b0b7ab662" 74363 144300
"710a88dc22399f39" 6779 22955
"b3b70ca8ab42dfec" 42630 124800
"2d27b63d6528569d" 143328 144840 97025
"580099fa52f7706f" 174757 80247
"6adddc6dc2befdcb" 2002 15755 71276
"e751ba4915046bef" 160923 29554
"d60dd0add662ad46" 85486 53866
"9d0bfa5d45bd5de4" 75425 116479
"9ab64b7ae14b18cf" 71276 4592 129892
"132791e984fa00b8" 44131 14589
"4181e433e30e29b3" 93322 58892 118421
"de245d213412b8b9" 147835 79752 39305
"c7e185f858bc5ecd" 21739 157532 187748
"ba79a30b3e5aa41d" 4592 3075 15755
"4c81544c24d4b48d" 156797 129982
"d058345267ac6d02" 78568 25560
"ba6f0977fbd3e3ca" 40622 26734 85486
"64702e9e0a5fb5a5" 18263 43694
"a5f0917a4d87f810" 129377 16832
"2b7386e8efdd87d7" 53866 34915
"d34a461bdfe33787" 14398 3114
"8dfc0d0e409246ac" 21739 169404
"42490f0bf7ad83a6" 186497 44131 42219
"8adccf04fbdf7de4" 53866 79752 14589
"a389f1242b10ce6e" 127570 43694 184569
"8523decf971dc188" 43694 118421
"87cf382f729cda76" 3075 39305 116479
"c2a9342d00f60fa0" 174757 10793 75425
"33cfc4df49be583e" 145735 93322 39305
"0daab4f5a19685d3" 7144 160923
"d07207ae32a9edd4" 25560 21739 14589
"6fb03e01e0eb7d6c" 145735 129377 75425
"a47d3b396c7acb85" 14398 134658 184569
"0341d479ec9f7276" 16832 3075
"b5ffcca843dec918" 179033 10793
"b7bfafba4bafee9d" 147835 58892 44131
"c2167293fa4999a8" 127570 184569 157532
"7502bccfb87f3482" 71276 26734
"25602cf6261fc009" 42219 2002 169404
"f287e2c12808a595" 43694 134658 85486
"023a880928f61fb2" 80247 78568
"436a9888dace524f" 14589 40622
"f0afcf85ef4c0d4f" 4592 29554
"08871e9e0a5fb5a5" 18263 7144
"f556dce84bc9bbc6" 129892 187748 92030
"696945c7bd321dee" 2002 116479
"3253cf65f4774bc3" 25560 129982
"624c32e3f69cb9d9" 34915 26734 71276
"15b173b764cbb775" 145735 39305
"7e1db2c012a0cac6" 42778 137289 80127
"3d4a3da9f615e10e" 55318 166088
"d5cd6c0633bcb348" 23475 4304 126297
"fad3d5d5d7c08af5" 131367 23760 46871
"80b96c6d2ba335b9" 51648 43739
"b8ea61297fe11a10" 65434 100300
"9e92a98048977c60" 30870 51038
"1fe5a543acbf8c91" 172166 4552 175754
"7b67424906be50b2" 46739 111640 159019
"13613b82472cb848" 11442 107730 78012
"3056f7bcf7f1aa10" 52205 7292 140281
"0a11e923985a7f03" 158424 113979
"29620e438d2ce06e" 172342 150503
"c937ca6a43866373" 35520 8650 114001
"d05c85c7b75ed37a" 50519 112460 111481
"1226153ac5946c04" 175961 10479
"477fa218d8b6658b" 129989 77727 91467
"4d782bf158d0399f" 180342 181993
"b7ea0697d0acceb8" 94760 132870
"bc766d32a1194bf1" 42848 20880 172370
"0689ab79a3a7b6a0" 85276 36231
"5775d03cdfd257e4" 115590 73135 110995
"d4c6d03630e31527" 53882 6976 95930
"b00e29f5391f4178" 180777 3014 163363
"64e6ddcd3644cbb5" 82774 180333 33006
"468fd8acae92cb58" 98873 168402
"45e7f6ce097081ca" 113088 89639
"c64dfb7df1e43005" 68370 6443 30930
"1554bdee1dc9155d" 106834 172941 75261
"d9498814cce7d56e" 97337 13752 140379
"90449b55d483bcb2" 18279 159510 66083
"c5ba84aa6cdb0c48" 82257 174223 160151
"e569b82b8f4bac0d" 111905 118788
"02dd618526e5ede5" 2115 16780
"daca49f526fbd4bb" 45015 94760 180333
"4578057c65325b85" 42848 36231 20880
"9729a5809e58ba18" 25890 168402
"049f97a4496e007b" 180342 73135 33006
"a773732783271cb6" 180777 13752
"8915e3a6b16df775" 45016 98873 68370
"edac8744208d6e2d" 115590 163363
"6348bbf2ef3862f2" 82774 6976 18279
"f6b888a2eb754fe7" 110995 3014 172941
"f1cf85906c36276b" 181993 172370 140379
"5704a39add965d51" 53882 97337 75261
"84bda5b2acc1f820" 89639 30930 159510
"3918bb79a3a7b6a0" 85276 95930
"f71cf6ce097081ca" 113088 106834
"f73c730373912ec9" 6443 66083
"1f73c82b8f4bac0d" 111905 160151
"a239f7456bfdd544" 82257 180832
"da5d485ced1410b2" 125052 53882 82774
"a6c68b96e68c3546" 45015 172370
"b66d945645c04ac4" 16780 181993 111905
"c045e2fe862d431b" 42848 106834 97337
"23173053fb34704a" 45016 68370 18279
"fd37afe6c6f28eaf" 115590 132870 30930
"4b663f0839279147" 180333 98873 82257
"e4f9e6a7147d1b45" 94760 3014 174223
"e457a602e78113cf" 2115 73135 89639
"521ca5b92ce7c864" 163363 33006 6443
"5fdffce26ef06d27" 85276 75261 160151
"445e7f4637c3323e" 180777 168402 113088
"b0c7677b084d6889" 25890 6976 20880
"55a838b49fe008a9" 192894 47618
"2b80c4ed9d75b955" 62985 44176
"4dd34781aef4acc5" 84267 134264
"a5be1cd95010cb19" 78782 54888 23259
"4fbcd73456190582" 142685 62425 30465
"37ea407dbb28b952" 108147 45743 24732
"3c3ae9864fc97a14" 29984 154190 138340
"07a0871b09d9f849" 75870 129213
"41c771721754f65a" 107894 171269 11748
"47c7afb154b0c432" 152991 132148
"eba9a3019e4ca13c" 44199 107798
"e2f26a3002863455" 69665 2516
"32ab011fd844a37d" 177389 17918 6143
"810c12e8df5fc0e8" 84556 2495 131504
"de7d09400369c468" 132618 24958
"83fef8c4ab7532bd" 47833 147590
"dba38305a920fc5f" 134332 19652
"aab7562664365d0b" 187856 189101
"139c5d23fb569928" 192646 193398
"a4d64a6dcf5fef90" 192354 193311 195196
"fbb8b409c7eff753" 189987 193069 194002
"b924a669f6254712" 194787 198375
"6163039b4e0eb32c" 199298 202121 200006
"f6498cfddf34c47d" 197038 198060
"f66bd387c25c99a2" 192804 197934
"f213d30d3368f06a" 194642 199448
"155bfa9d1de4a63f" 197708 197839 198937
"5553e86e80e0de7d" 193767 197741
"dbf883c860b37c12" 191470 199610
"a6743b66b8f87207" 196589 199092
"160bf00a5f82a09a" 197406 203386 203800
"b8c16fd1dd676744" 145116 198518 201992
"40860f7835847eed" 198188 201563
"26162adf1deb852f" 192713 203136
"8540b4a8302e34fe" 198979 203716
"c5158bf031beb526" 199552 203375
"8f6a072827e8c01d" 211240 205955
"9e43e710cc9a05a0" 212605 210943 214632
"0d51b96571683091" 212028 216606 213349
"314f90e94dd97cdd" 208116 206146
"01d5aa0a4d2bce84" 214219 212116
"4674ac496f0e43d0" 210863 214099 208029
"a48eb76533101892" 211151 211610
"7ef93b580f037870" 214729 212642 212019
"2a04215fb69d89c6" 206149 218996
"cf369f8478c7893d" 218357 213726
"53c51de8972f8588" 212028 206012
"ed4571eee3f7629c" 214729 218357 212019
"4916d1473377a104" 213726 214632 218357
"b95284ec3afc8fe6" 216606 211240
"637e2731b23c9876" 212116 206149
"43b1a049b26daee2" 211151 211240 212028
"3648f913e60546e5" 214099 210943
"42722d85e2311346" 211610 213349
"68e444569069f227" 213726 214099