6126
10450
13136
16732
17623
27843
34584
35355
37858
41417
42262
44560
45666
50476
51953
53133
56928
78950
80857
85789
87013
87600
93716
96899
101918
112936
119270
122961
124250
124354
128314
131737
143927
149962
153833
154903
158561
162899
172944
178928
179288
179877
9278
14066
16035
17244
18526
20580
20718
22666
28784
30252
32220
32228
35215
36831
45592
45664
47679
55304
56410
56544
56731
57159
58342
58595
61620
62898
64450
65614
67172
68156
70565
75340
86899
87453
90384
90392
92813
100833
101126
103335
106850
106942
107727
110691
114502
119217
119730
121175
123437
125005
127829
129114
133322
133647
134577
138600
141836
148114
152067
155966
156588
157635
160851
162868
165806
168034
168883
169218
175106
175619
176971
180836
181751
185606
187852
187876
102
1401
1497
1958
2515
3072
3329
6140
6821
6917
7444
7887
7959
8907
9375
10222
10743
10820
10858
10867
10985
12109
13004
13580
13655
13735
15667
15803
16391
16557
17138
17164
17670
18383
19070
19390
19548
19695
20077
20321
21038
21226
21260
22598
22921
22935
26758
26776
28360
28956
29127
29459
29523
29685
30854
30872
31178
31584
32009
32191
34227
34301
36471
36701
37248
37676
37897
38930
39549
40090
40138
40618
42485
43159
43461
45432
45521
46294
46750
46830
47345
47568
48132
48777
49248
49447
50775
51888
54067
54509
55295
55457
55557
56193
56623
56680
57236
57348
57808
58851
59054
60387
61719
61735
61892
62491
62803
63451
63886
64020
65245
66025
67208
68731
69463
69792
69842
70580
70798
71221
71283
72093
73679
76443
77605
81396
81590
81737
82146
82654
83070
84285
85288
86236
86585
86660
88790
89612
89785
90833
91229
91328
92309
92997
95821
96600
98736
99640
101387
102678
103006
103192
103801
104508
105129
106076
106842
107548
107844
108831
111083
115069
115397
115961
117086
118312
118462
118520
120066
120256
122485
123723
123729
123883
124087
124188
124279
124784
124809
125588
128850
128892
129103
130400
130632
130701
132188
132856
133649
134891
135500
136765
136907
137466
137727
137775
138096
138260
138768
140321
140798
141633
143390
144020
144687
144822
145166
145489
145655
145831
147129
147266
147552
148447
148453
148695
148761
153105
153304
154364
155155
155404
156165
157755
158065
158264
158775
159353
159439
160199
160451
161625
162477
164763
164838
164845
165283
166012
166103
166922
167244
167478
168963
169220
169499
171970
172158
173178
174193
174586
174793
174866
175051
175090
175949
176169
176243
176364
176923
177382
177414
178286
178935
179347
180394
180804
181298
181442
181453
182552
183128
183170
184035
186679
186773
187147
187222
187277
187282
187445
187624
188342
189392
189570
189773
189837
189854
189859
189943
190768
190833
191140
191253
191841
191887
192188
192270
193221
193326
193393
194355
195022
195108
195161
195729
195749
196780
196911
197295
197874
198135
198226
198338
198365
198982
199022
199629
199957
200293
200979
201346
201687
202346
203951
204192
204663
204672
205284
205589
205963
206445
206715
207095
207097
207586
207693
208174
208333
208933
209382
209623
209939
210324
210661
210668
211143
211245
211561
212025
212117
212795
213191
213364
213427
214158
214228
214721
215487
216265
217133
217294
217358
217539
218032