4304
4552
4771
6976
11361
11442
19652
33006
36799
42848
46871
55586
59082
62985
69442
79752
84645
87520
90251
92030
100300
103941
107730
134332
139258
140793
151871
163363
175961
184555
184569
288
2002
7144
9291
10387
14398
14589
15755
16780
18200
18263
18279
24958
28723
34915
38487
39305
40622
43694
43739
45015
47833
48818
51038
62810
67772
69631
70309
77727
80127
80247
83008
85276
89639
95615
95930
95975
97971
98166
101856
107798
111640
114446
118409
125052
127906
129356
129892
132618
138340
140379
143328
150503
158424
159510
160151
160923
166088
169004
169404
174757
175636
175669
186497
54
1825
2115
2477
2495
2516
2801
3014
3075
3114
4592
6143
6443
6633
6738
6779
7292
8650
10479
10793
11748
12023
13124
13752
14471
14604
15688
15883
16832
17918
18029
18930
19532
19958
20843
20880
21739
22136
22955
23198
23259
23475
23760
24364
24732
25560
25890
26734
27270
27999
28935
29155
29554
29743
29984
30465
30870
30930
31777
32345
35520
36231
36772
37884
39126
41401
42219
42483
42630
42778
44048
44131
44176
44199
45016
45743
46398
46579
46739
47097
47618
48234
48462
50519
51204
51648
52205
53390
53866
53882
54888
55318
55511
58892
62425
63698
63893
64035
64962
65434
66083
66136
67341
67357
68370
68725
69665
69758
70703
71276
73135
74363
75261
75425
75870
77478
78012
78568
78782
80924
82257
82774
84267
84556
84814
85486
85544
86583
88087
88450
91467
92135
93322
93973
94760
96102
97025
97337
98322
98425
98873
100574
102262
103905
104837
104848
106834
107354
107894
108147
108320
108470
109287
110995
111481
111905
112460
113088
113970
113979
114001
115091
115590
116479
116728
118421
118788
121706
124800
125698
126297
126473
127257
127570
129213
129377
129982
129989
131367
131504
131778
132148
132870
133659
134264
134658
135300
137239
137289
137372
137892
140281
142089
142685
144300
144840
145097
145116
145735
147590
147835
149378
149872
150771
151347
152991
154190
156797
156914
157508
157532
157681
157686
157694
159019
162445
164838
164852
167237
168402
169495
170013
171269
171638
172166
172342
172370
172941
174223
174597
175754
177389
178139
178734
178798
179033
179488
179884
180316
180333
180342
180777
180832
181587
181993
186659
186698
186813
187748
187856
188879
189101
189190
189311
189726
189918
189987
190086
190532
190971
191470
192085
192354
192646
192707
192713
192804
192894
193069
193311
193398
193767
194002
194506
194642
194787
195196
196589
197038
197406
197708
197741
197839
197934
198060
198188
198375
198518
198578
198937
198979
199092
199298
199448
199552
199610
200006
201563
201992
202121
203136
203375
203386
203716
203800
205284
205955
206012
206132
206146
206149
206945
208029
208116
210066
210863
210943
211151
211240
211610
211890
212019
212028
212116
212605
212642
213349
213726
214099
214219
214230
214632
214729
216606
218357
218996