2488
11242
13141
13210
23807
26859
33119
33849
33935
34997
38640
43797
46425
46568
51983
56624
57674
59920
66079
68361
73165
82442
83976
84294
88807
90058
111944
118522
121723
124452
125394
130510
131728
134036
135266
147594
153520
178186
187575
1651
1806
2603
6189
6240
6408
11353
11549
15408
15819
18101
18622
22235
25319
29097
30374
30965
32407
33518
38115
39727
40609
46122
47202
51321
51957
52146
53839
55843
56001
58064
61306
68127
69033
71893
80843
81199
89439
90360
91537
91547
91624
91901
93239
94023
95000
95234
100137
101712
106942
109565
109585
113149
114285
127587
129548
130644
133684
133835
137054
138227
138237
140377
141799
145602
146555
147158
148489
150017
150679
154080
160300
162467
164077
164249
164526
166287
167523
169004
179931
183395
183734
184957
186433
187732
606
610
750
1717
2199
2219
2573
2637
4133
4179
4568
4714
5448
5463
5544
6700
6771
7616
7880
8285
9165
10799
11018
11375
11505
11643
11764
12459
13036
13079
13083
13385
13742
13754
13842
14550
14774
14788
14913
16066
16514
17129
17700
17933
17949
18379
18972
19187
19201
19403
19585
19876
21441
21689
22474
22593
22686
22917
23175
23455
23922
24968
25004
25665
26670
26799
26847
27247
27309
27771
27977
28685
28821
30216
30281
30866
30949
31720
31892
32200
32474
33517
34461
35101
35689
36275
36587
37923
37934
37957
37964
38873
39431
39486
41550
42225
43989
45132
45394
45450
46415
46526
46559
46839
48234
48597
49293
49335
51851
52445
52803
52954
53849
53892
55151
55521
55570
55605
55789
56397
56436
56490
56566
57339
57464
60390
60833
61071
61163
61478
61719
62518
63901
64182
64713
65751
66329
69705
70042
70798
71256
71397
73175
75746
76075
77757
78337
78590
78646
78778
79108
79393
79963
80775
80787
80939
81729
81970
81973
82041
83667
84982
85486
87319
87676
88475
90174
90312
90955
91949
92224
92515
92665
92794
93090
93098
94875
96765
97075
97514
99722
100539
101727
103893
104497
104589
104845
105448
106933
106934
107078
107294
107299
109187
109628
110077
111013
111769
112178
112522
113214
113873
113989
115024
116267
116472
116946
119211
121292
121692
121864
122019
122113
122778
122897
123219
124284
127106
127170
127881
128667
129340
129395
130389
131113
131143
131766
132525
132648
133029
134258
134265
135059
135675
136461
137111
139196
139250
139321
139497
140083
141022
141857
142404
143417
143955
143973
145374
145735
146147
146254
146721
146744
146872
147314
147721
148769
150491
151009
151140
151664
152671
153754
155133
156325
156387
156794
157210
158257
158510
158743
159463
159468
159713
162391
163689
164809
164881
165676
166916
168206
168424
169594
169786
172512
174362
174869
174930
175487
175612
175741
175963
176053
176169
176327
176592
176715
176846
177047
178272
179219
180342
181189
181394
181477
181810
185027
185433
186126
186327
186687
186813
187445
188076
188760
189073
189732
189943
189954
190164
190314
190476
190768
190902
191175
191583
191764
192126
192255
192280
192447
192484
192637
192698
193060
193690
193773
193804
194155
194166
194273
195097
195648
195751
196060
196286
196293
196506
196522
196532
196589
197940
198350
199035
199358
199593
199935
199955
200161
200696
200698
200945
200983
201570
202290
203562
205111
205128
205285
205287
205382
205434
205713
205807
206134
206276
206948
207702
208897
208927
209481
209932
209977
210068
210670
211045
211058
211278
211563
212014
212348
213442
214096
214178
214258
214529
214627
215235
218516
219135