"bbed2d22abeb3143" 18 14271 660 95 1921 6362 1071 14116 7584 13 553 18562 28556 28557 26280 28558 6378 95 4 10228 -1 -1 0 0 0 0 7 6 8 6 6 4 3 4 5 4 0 0
"d7eb3275cbc4398a" 24 457 1303 855 13 8221 8222 66 188 1828 19205 13 553 15425 6907 457 191 15424 13 66 6105 28559 2125 28560 4 10229 -1 -1 0 0 0 0 8 6 7 8 7 8 4 3 5 3 0 0
"b6a93aa91d75ecba" 28 15489 5422 174 28561 13 799 20800 28562 28563 53 3307 1360 3307 13 553 1750 13220 28564 13 6754 2151 25 723 5477 12518 28565 28566 4 10230 -1 -1 0 0 0 0 6 6 8 7 8 4 3 6 4 5 0 0
"027672343764e806" 19 171 115 435 3315 13 150 36 668 396 28567 330 13 553 28568 28569 636 28570 28571 4 10231 -1 -1 0 0 0 0 7 6 7 6 6 4 3 3 4 6 0 0
"865afc5f17a1486b" 27 1622 2929 5369 504 28572 13 9409 23662 359 4703 13 553 18 520 6 4124 13 297 1906 1707 28573 28574 28575 28576 150 28577 4 10232 -1 -1 0 0 0 0 8 7 7 7 8 4 3 5 5 4 0 0
"fc00a6a0cf000a32" 24 1930 588 138 297 13 35 3003 2652 737 2318 13 553 1580 1718 28578 2 2605 2 10903 3302 28579 28580 608 4 10233 -1 -1 0 0 0 0 7 7 7 7 6 4 3 3 6 7 0 0
"a29176aec6f73bc1" 27 1319 113 2905 6630 2715 6541 13 41 87 146 1403 1463 13 553 347 3993 384 11486 10632 13 113 7033 2006 44 17640 28581 4 10234 -1 -1 0 0 0 0 9 8 6 5 7 3 9 4 5 3 0 0
"b5984db2dc94dbf6" 27 3906 28582 331 13 1122 28583 19679 7599 3828 28584 13 553 41 1081 17539 386 1456 13 66 117 170 28585 28586 774 6059 27049 4 10235 -1 -1 0 0 0 0 6 5 7 7 8 4 3 8 7 8 0 0
"fea54a413681dcbc" 32 1664 2859 2 2195 12666 13 8623 8624 8625 13 66 347 36 417 28587 13 553 38 3248 28588 95 3009 358 13 1071 28589 361 113 28590 47 28591 4 10236 -1 -1 0 0 0 0 8 6 7 7 6 2 5 6 5 8 0 0
"238aca43e04d5ddc" 29 1654 13 95 967 61 297 28592 25101 13 308 20 28593 28594 13 553 191 28595 3490 504 13 66 44 11492 170 7329 28596 20266 358 4 10237 -1 -1 0 0 0 0 9 9 9 8 7 9 4 3 5 2 0 0
"721dfd1b7655dc14" 30 3364 150 3362 3363 13 1122 28597 116 28598 13 553 357 134 13877 5399 13 66 347 1667 3736 3768 3769 28599 28600 123 110 110 110 124 4 10238 -1 -1 0 0 0 0 9 7 7 8 6 6 5 4 6 6 0 0
"cc33615f5efb9a98" 34 41 87 2284 1232 13 9652 1774 13 13754 66 23 545 87 1303 4872 13 553 1734 28601 10251 28602 13 66 347 1328 188 305 146 8343 20 4703 425 19589 4 10239 -1 -1 0 0 0 0 8 7 8 8 8 4 3 5 7 6 0 0
"416a19d87baf26d9" 31 150 36 853 1101 13 41 347 286 305 188 394 174 616 13 553 41 4361 150 36 15773 13 297 1862 4403 113 5557 482 7743 28603 28604 4 10240 -1 -1 0 0 0 0 8 7 6 5 6 3 8 4 6 7 0 0
"4699ac09e1ec3ebc" 24 174 6132 134 165 1664 13 66 347 337 151 326 1625 553 132 8700 21388 9792 13 7301 7289 28605 3939 329 4 10241 -1 -1 0 0 0 0 9 9 9 7 7 5 6 4 6 4 0 0
"7bf53f0ac4f57215" 26 1774 61 28606 305 2 2873 13 2 28607 1783 28 28608 13 553 587 2604 2 990 323 2018 13 351 845 28609 28610 4 10242 -1 -1 0 0 0 0 7 8 7 9 6 3 3 6 8 8 0 0
"01b45a43a1f030ee" 21 7203 1724 2 28611 13 553 4703 362 5528 150 388 954 13 188 12720 28612 6170 720 47 28613 4 10243 -1 -1 0 0 0 0 7 6 6 5 4 9 1 2 2 2 0 0
"14cc52bd16537b69" 25 3277 12344 661 13 357 134 23 1029 15691 13 553 2321 8453 989 12659 87 13 1580 1109 28614 2 28615 11482 28616 4 10244 -1 -1 0 0 0 0 9 6 6 4 6 9 2 2 1 2 0 0
"a63289c2580cd983" 39 15750 28617 5528 150 146 151 13 553 66 1511 15769 2826 134 13 347 23691 113 16496 553 28618 8624 330 8625 13 553 1488 986 150 36 744 151 28619 1029 28620 675 28621 28622 28623 4 10245 -1 -1 0 0 0 0 6 6 5 4 6 4 4 3 2 3 0 0
"f536c0df8798e4a6" 22 1762 2625 28624 4972 2 28625 13 553 357 1420 28626 28495 38 2040 20 28627 28628 2 113 9133 28629 4 10246 -1 -1 0 0 0 0 6 8 6 4 5 9 3 2 1 2 0 0
"6b2257a28548656f" 25 1829 607 28630 28631 2 28632 553 2243 803 621 28633 744 3278 13 26 13664 357 26 2652 28634 28635 53 28636 2564 1038 10247 -1 -1 0 0 0 0 7 6 6 4 5 7 6 2 2 2 0 0
"891d0fd48c9b3b34" 39 95 9910 21212 28637 11302 26529 13 553 357 297 20513 28638 2 28639 28640 1184 61 8229 942 13 553 357 134 53 10463 21686 26753 13 553 6185 421 1042 6186 13 28641 1930 1930 28642 16483 10248 -1 -1 0 0 0 0 9 9 8 10 8 8 3 3 2 3 0 0
"a274186f238444c8" 48 414 12202 744 11441 590 13 2243 417 116 417 28643 553 150 590 17514 151 661 1780 13 548 367 5244 28644 21461 28645 2765 553 357 28646 34 23775 28647 13 28648 2902 457 28649 28650 297 28651 28652 11026 13 47 1862 4 4 4 10249 -1 -1 0 0 0 0 6 4 4 4 3 7 3 5 3 3 0 0
"2dc5942a2f9465b1" 47 63 1378 1746 13 28653 28654 28655 28656 24745 41 1109 1817 13 28657 61 2 2506 61 28658 787 13 553 357 35 484 305 6857 13 2 1071 8901 28659 23503 150 337 362 28660 28661 13 41 1808 28662 150 361 146 28663 4 10250 -1 -1 0 0 0 0 8 8 8 4 5 6 4 3 3 5 0 0
"b7ff24ee4eb4799d" 58 28664 35 10903 10904 10905 13 553 63 1559 956 13 1774 28665 2 11832 13 2 28666 28667 28668 8090 28669 553 188 28670 28671 744 28672 191 796 188 15155 28673 13 553 2 8090 28674 596 2298 63 28675 13 553 6892 188 8092 3938 13 1194 87 36 1559 22977 2511 6458 3840 4 10251 -1 -1 0 0 0 0 6 6 6 4 4 7 8 3 2 3 0 0
"bdceddbdfd5429e1" 19 102 1187 1580 860 61 28676 13 553 357 1071 14421 6858 8619 2 741 13 548 28677 4 10252 -1 -1 0 0 0 0 8 6 6 5 4 6 4 2 3 2 0 0
"068fa40d7ce7cba3" 45 95 9827 10466 11538 28678 28679 13 553 9991 2573 10251 6585 13 548 151 2434 1210 25 979 553 16426 28680 87 457 16428 443 2720 28681 13 553 357 151 87 150 600 601 13 548 600 21096 21171 93 28682 3195 4 10253 -1 -1 0 0 0 0 7 6 7 4 4 5 3 3 3 7 0 0
"9f7063c69244135d" 51 556 373 1693 373 1122 388 28683 13 553 6223 93 12190 1339 10892 1580 421 28682 553 357 8343 1047 171 28684 11489 14138 28685 13 553 1043 28686 28687 4125 14972 14973 2637 27209 28688 553 3935 2162 28689 28193 10267 13 6083 2303 27441 607 142 28690 4 10254 -1 -1 0 0 0 0 6 6 6 4 4 5 4 3 3 3 0 0
"21a0c6e0df397774" 40 28691 607 171 28692 16409 2 21764 28693 13 28694 11712 2 28695 13 553 2652 645 457 1497 1498 1499 13 8401 28696 28697 13 3235 93 35 4337 28698 13 553 357 1815 150 1305 6261 6262 4 10255 -1 -1 0 0 0 0 7 5 5 6 4 7 6 2 3 3 0 0
"b688314c565c06a6" 54 66 3606 28699 13 87 61 87 1109 28700 1110 13 553 5868 5869 134 4337 2652 150 36 297 28701 564 87 113 452 23 28702 13 553 357 28703 87 28704 13 28705 35 11538 28706 2772 13 357 1990 417 28707 357 150 4391 28708 28709 28710 4135 445 4136 4 10256 -1 -1 0 0 0 0 0 0 0 0 0 0 0 0 0 0 0 0
"efc6eb403257a358" 42 1402 2 1721 28711 979 13 1071 27784 7521 2 3838 28712 28713 2 28714 7123 357 482 11492 61 4655 13 553 2 14303 28715 3302 3212 1580 66 28716 188 14666 8896 357 28717 35 26817 1446 3838 28718 4 10257 -1 -1 0 0 0 0 0 0 0 0 0 0 0 0 0 0 0 0
"1fa576f62732e733" 32 3674 6883 191 1420 28719 7530 13 553 36 1013 15986 28720 999 13 553 61 28721 2 28722 6455 13 28723 28724 13 553 14298 28725 12438 18692 28726 28727 4 10258 -1 -1 0 0 0 0 5 4 6 4 2 3 5 2 6 5 0 0
"5e2bc7191e0edfaa" 21 5525 61 1042 28728 13 1013 742 61 596 553 1052 6 3120 28729 13 1071 637 1806 520 3387 4 10259 -1 -1 0 0 0 0 7 6 8 5 6 6 4 4 3 5 0 0
"5cd96a1b3725ea84" 36 2838 187 474 3746 13 22413 13 297 87 28730 553 553 28731 28732 4326 553 2 8331 28733 150 2062 28734 171 10191 13 66 347 36 28735 13 113 14288 28736 4748 26043 2318 10260 -1 -1 0 0 0 0 9 8 8 6 7 9 3 8 4 9 0 0
"28780587e425b2d1" 38 134 9134 17652 520 28737 553 26 2179 26529 47 28738 1437 28739 553 15266 499 6750 607 28740 553 28741 55 1580 2135 10071 553 2 5451 28742 28743 553 2 728 28744 28745 304 7273 4 10261 -1 -1 0 0 0 0 0 0 0 0 0 0 0 0 0 0 0 0
"f629d9f2b05ce0d9" 18 23 28746 1029 2859 17982 13 553 373 3358 150 979 28747 13 66 801 500 28748 4 10262 -1 -1 0 0 0 0 5 4 6 7 2 4 5 3 4 3 0 0
"a1a7fbd02d405665" 39 796 421 35 852 28749 13 553 28750 28751 2453 28752 553 28753 28754 28135 11067 2 7066 28755 13 553 1726 2247 28756 14129 13 553 41 165 2237 28757 93 609 435 13 113 966 1509 4 10263 -1 -1 0 0 0 0 7 5 6 8 4 6 8 6 9 7 0 0
"c6e7dc885089ae1e" 30 28758 28759 18202 28760 13 553 28761 12264 28762 9322 467 776 6186 553 134 1522 125 13040 1013 23645 28763 553 35 15198 689 22214 25 1863 349 4109 10264 -1 -1 0 0 0 0 6 7 8 8 5 6 5 7 6 7 0 0
"5ce4387bb848d0d8" 32 297 13 134 23 14614 113 102 1863 13 553 87 327 6018 28764 6862 934 13 553 28765 11766 24107 11767 1768 13 553 191 28766 12066 6050 326 7564 28767 10265 -1 -1 0 0 0 0 8 7 6 8 6 8 4 6 7 8 0 0
"1dd552f203a99801" 7 6034 373 1863 373 28768 28769 13 10266 -1 -1 0 0 0 0 6 5 4 6 2 4 3 3 2 4 0 0
"9d2d76d6da12b9a6" 44 20 28631 13 28770 19336 11698 28771 13 553 66 9733 35 25 28772 13 14839 14306 13 553 10153 384 28773 13 28774 28775 28776 13 553 28777 19041 1842 28778 13 1043 1890 8582 2451 13 23 116 28779 7085 5869 4 10267 -1 -1 0 0 0 0 8 9 7 7 5 8 6 6 5 6 0 0
"f4920d6a32955f82" 41 95 23078 169 28780 2067 13 553 113 63 2123 6687 566 26823 1188 13 553 297 25 28781 113 28782 13 553 520 21101 26866 10191 28783 4 553 113 373 24457 2292 13 2625 47 13868 14281 13746 4 10268 -1 -1 0 0 0 0 5 4 6 7 4 4 6 5 4 4 0 0
"1b42d6736ca6a239" 41 373 28784 1852 13 28785 28786 373 358 13 553 1038 1494 27240 28787 553 28788 28789 125 13 553 150 304 14779 2439 993 13 297 13 4595 28790 28791 4 553 847 63 1872 2 5141 5399 28792 4 10269 -1 -1 0 0 0 0 7 8 7 7 5 7 7 4 6 6 0 0
"8bc60099f28fbb42" 35 28793 11005 66 23 2507 28794 13 553 102 1187 35 25 66 1319 999 13 553 150 19966 28795 28796 113 28797 1033 13 553 423 66 28798 13 134 28799 61 521 4 10270 -1 -1 0 0 0 0 8 9 7 6 5 6 5 5 6 7 0 0
"9de3d75dd1931116" 10 2 224 28800 209 28801 13 87 28802 2411 13 10271 -1 -1 0 0 0 0 6 8 7 6 4 8 4 4 3 4 0 0
"04f6627b7d002ec6" 45 283 6585 13 134 4667 95 9910 13 433 28803 61 28804 13 553 28805 27991 28806 13 28807 1013 28808 13 553 28809 28810 6337 28811 13 191 41 28812 165 2867 13 553 373 421 95 9910 12220 13 150 5354 2452 4 10272 -1 -1 0 0 0 0 9 8 8 6 7 8 5 4 6 9 0 0
"b94658985113828b" 20 860 61 8622 13 8901 28813 8902 13 553 357 346 87 6510 63 28814 13 3302 359 9345 4 10273 -1 -1 0 0 0 0 6 7 5 4 3 7 5 3 3 4 0 0
"8aff9ec8e06a5fea" 25 1201 9792 1720 3727 13 1145 10905 13 553 2735 1842 191 19182 28815 2128 28816 3935 13 28817 373 3358 359 28818 28819 4 10274 -1 -1 0 0 0 0 5 6 5 3 3 6 6 4 4 4 0 0
"bee3d5550e4b7d54" 22 6828 14298 1066 13 931 359 4404 28820 13 553 341 20906 16277 7195 16278 13 28821 22731 28822 28823 28824 4 10275 -1 -1 0 0 0 0 9 9 7 6 4 10 6 2 7 6 0 0
"c0cc3193903642f5" 18 139 803 28825 28826 28827 3490 13 553 150 3918 3096 9601 417 25 14373 61 2176 4 10276 -1 -1 0 0 0 0 4 5 3 4 4 5 3 4 3 2 0 0
"c0feb9e0699124f3" 19 28828 3735 28829 188 28830 8688 13 553 645 1497 28831 1499 13 357 28832 150 2180 388 4 10277 -1 -1 0 0 0 0 5 5 6 6 4 6 6 7 5 6 0 0
"9480caa801778729" 29 150 4337 1145 15374 13 28833 150 36 566 28834 1293 8185 28835 55 553 12963 13 8090 171 8091 367 28836 28837 13 188 8092 28838 8093 4 10278 -1 -1 0 0 0 0 8 9 8 5 3 7 4 4 6 5 0 0
"d6b136b9ab8234c2" 38 26 28839 18610 13 1990 27019 2238 28840 13 553 113 25 373 10191 414 15268 10192 13 953 19851 55 28841 13 113 2652 553 645 3832 1498 1499 3939 34 28842 2243 342 457 362 4 10279 -1 -1 0 0 0 0 9 9 7 6 5 7 4 3 6 6 0 0
"04c55830d5c4056f" 23 125 26358 329 796 9430 13 4463 1182 553 2 28843 93 738 3753 13 8520 150 2437 92 28844 12038 23820 4 10280 -1 -1 0 0 0 0 6 5 4 3 4 3 5 3 4 6 0 0
"594625ee8302fc75" 28 13796 13607 28845 13 188 15154 61 28846 23954 28847 13 553 1071 26 6342 13664 13 1718 188 28848 87 61 17830 28849 14365 28850 28851 4 10281 -1 -1 0 0 0 0 8 7 7 6 5 7 4 2 6 7 0 0
"69a9354ea1df3c8b" 34 2700 61 547 28852 28853 28854 14613 1293 1882 13 553 521 125 13079 13 1568 28855 388 16426 28856 28857 2135 55 16251 2 95 23 5924 796 521 443 2720 16429 4 10282 -1 -1 0 0 0 0 8 8 7 7 3 7 4 4 5 6 0 0
"ff20d7f24188ba5a" 47 3180 28858 150 463 28859 774 282 6907 13 553 345 2637 8647 13 87 102 15193 13 165 2846 697 13 373 1122 21572 28860 13 113 2652 553 373 10592 10593 6270 10594 13 8459 1882 816 28861 13 2 1485 373 102 6336 4 10283 -1 -1 0 0 0 0 4 4 5 6 4 4 4 6 4 5 0 0
"09c057702a66ccdf" 97 150 36 28862 13 38 361 28863 1033 28864 4715 655 1561 13 553 150 1305 28865 28866 357 28867 2200 28868 229 13 150 4208 19024 13 93 28869 13 28870 93 2859 170 13 8511 553 341 28871 28872 12576 145 16277 188 7195 16278 13 28873 373 4699 28874 3302 7303 28875 13 35 22028 1497 28876 13 28877 11755 28878 26204 737 6659 13 113 347 553 347 66 28879 4136 2 10468 28880 28881 28882 28883 4 28884 1370 150 7830 1130 2734 13 28885 347 6083 150 28886 36 10447 4 10284 -1 -1 0 0 0 0 4 4 5 4 4 4 2 4 3 4 0 0
"051a033e3352ab4c" 37 28887 1251 61 28888 4 28889 28890 13 35 23 1002 17652 347 347 1832 362 282 295 28891 4 553 357 297 13 9083 5042 28892 13 1034 347 28893 19190 5882 1622 297 68 4 10285 -1 -1 0 0 0 0 5 6 6 6 4 8 4 7 5 6 0 0
"514aff1037ddb3d5" 32 28894 1930 1863 7306 113 600 93 1842 20 28631 357 28895 609 949 553 305 3302 28896 2 188 28897 421 13 23 3727 28898 28899 1641 4401 28900 68 4 10286 -1 -1 0 0 0 0 6 6 7 4 5 5 6 4 5 6 0 0
"28b29a29d58faca8" 47 5140 9910 28901 4071 13 553 1182 93 612 6447 13 2228 14479 28902 6185 1869 13 5140 1517 1016 28903 28904 19879 28905 2 553 373 1122 9430 28906 297 28907 359 28908 13 553 7548 6185 1887 28909 28637 547 3302 28910 61 2166 4 10287 -1 -1 0 0 0 0 7 6 6 5 3 6 3 4 5 6 0 0
"3c3dfac4a72d6a5f" 20 556 13 66 556 13 25 313 8669 13 553 2227 47 150 13 1109 9862 113 3189 775 4 10288 -1 -1 0 0 0 0 7 8 8 6 7 9 5 3 3 4 0 0
"43353ddca5e33ad0" 25 341 3507 417 4228 13 25 6784 23449 13 553 373 6858 28911 373 2416 3951 28912 15155 150 19149 337 20 87 10428 4 10289 -1 -1 0 0 0 0 5 9 6 8 6 6 2 6 3 5 0 0
"6b3b2553d592c369" 21 191 10420 992 417 326 6828 13 2 6857 13 3998 13 553 8027 28856 821 16429 4228 28913 23367 4 10290 -1 -1 0 0 0 0 7 8 6 5 6 7 3 7 3 6 0 0
"79b767db114bfa64" 20 35 362 28914 13 8451 4278 2663 35 34 13 13 553 2 134 827 731 134 5486 10884 4 10291 -1 -1 0 0 0 0 8 8 7 6 7 7 3 3 4 4 0 0
"edb98793eacbe133" 19 1983 28915 737 417 9425 13 553 3949 1349 13 41 392 21364 34 5141 6563 4 68 13 10292 -1 -1 0 0 0 0 6 7 7 6 6 8 4 4 4 5 0 0
"4f61888d1278eb36" 31 87 25 414 6659 15319 347 28916 9207 13 553 357 347 2280 1052 330 10744 113 2451 13 553 484 11180 737 6561 1693 13 7070 66 1983 6277 4 10293 -1 -1 0 0 0 0 6 6 7 5 6 6 3 6 4 6 0 0
"70afd245c9ef545a" 35 28917 28918 789 28919 19690 13 553 5750 5751 28920 5163 61 14121 28921 93 5537 787 2 5719 53 13 553 150 28922 4337 362 28923 171 779 2 4007 26865 3968 718 4 10294 -1 -1 0 0 0 0 3 3 2 4 3 6 2 4 2 2 0 0
"ebc01acbdd48fec9" 25 6209 6210 6211 61 2227 13 553 1179 2612 34 26 171 28924 675 13 553 888 5260 4234 1664 145 171 28925 28926 4 10295 -1 -1 0 0 0 0 4 8 5 6 5 6 5 3 8 6 0 0
"9adf41e95d919b23" 16 1521 2 14566 1592 25824 3478 13 553 2 433 28927 2245 7317 999 28928 4 10296 -1 -1 0 0 0 0 7 9 6 6 7 8 5 4 4 6 0 0
"cd128f4e78da5a08" 27 4862 3514 13 28 772 815 28929 13 553 113 28930 1109 150 14905 4340 13 553 134 61 393 731 7317 28931 13 5515 14149 4 10297 -1 -1 0 0 0 0 6 6 8 7 6 7 3 6 3 7 0 0
"b5a41e8eb5aaa76c" 16 3681 11973 28932 39 13 553 425 3322 9562 15334 13 2245 7547 28933 6310 4 10298 -1 -1 0 0 0 0 6 7 8 6 7 7 3 2 4 5 0 0
"4d6c47fab9998440" 20 347 36 3369 1319 151 1605 13 553 357 347 2652 457 36 991 7317 188 18895 2652 28934 4 10299 -1 -1 0 0 0 0 5 6 6 6 5 7 3 6 3 4 0 0
"4a686296412f408f" 31 28 1029 150 36 7392 13 357 1042 61 102 18179 13 553 2 1007 481 13 28935 28936 28937 28938 28939 13 553 28940 134 61 28941 10099 728 4 10300 -1 -1 0 0 0 0 4 5 6 7 5 6 3 6 5 7 0 0
"76c51cb2d591c435" 31 3675 2082 410 13 10800 18422 2209 1605 13 553 2 14668 13 530 23758 28942 13527 110 68 13 553 347 39 305 1983 28943 20 1362 174 28944 4 10301 -1 -1 0 0 0 0 7 8 6 6 6 8 4 5 3 5 0 0
"abb05ea8c634dc9d" 18 2303 61 3251 28945 13 6548 87 28946 13 553 1194 1921 1297 417 13 25 190 110 10302 -1 -1 0 0 0 0 8 6 3 5 4 6 2 7 3 4 0 0
"b2596be7cd2966d2" 23 341 1352 610 13 28200 61 349 28947 171 28948 13 553 1190 3277 16126 13 357 504 87 150 1356 28949 4 10303 -1 -1 0 0 0 0 6 7 7 7 6 6 5 4 7 5 0 0
"68b9548a748e8cbf" 34 2337 341 1379 13 34 564 3472 38 28950 6727 13 553 134 1235 1342 676 2023 2 102 187 4471 13 18954 150 330 28951 981 6636 13 150 1747 13 8540 4 10304 -1 -1 0 0 0 0 6 6 8 7 5 4 4 4 5 4 0 0
"c71ae092a28c14e8" 45 20 87 4853 13 1043 2813 1047 10420 13 35 1047 4735 421 87 13 553 38 7952 787 7953 13 357 66 23 749 9257 13 553 228 12102 13 357 150 330 1379 13 1144 28952 5399 13 860 61 171 28953 4 10305 -1 -1 0 0 0 0 7 7 8 8 6 5 3 5 4 4 0 0
"6650fe39d127c155" 46 11519 319 13 191 1714 535 15837 13 553 888 5260 4234 13 357 134 95 61 2846 188 28954 13 553 20 2992 1013 722 21372 2848 13 1510 150 342 13 553 20 25 2303 61 13 357 134 23 2891 8215 28955 4 10306 -1 -1 0 0 0 0 6 6 5 7 5 3 3 4 5 5 0 0
"b5b1926c601db464" 51 134 61 393 731 14149 13 66 3503 13778 6336 13 553 425 15333 9562 15334 13 150 286 330 305 28956 5515 18240 13 553 1194 1921 1297 417 13 35 171 28957 150 2131 1721 1319 13 553 35 25 281 2154 13 150 286 3929 28958 28959 4 10307 -1 -1 0 0 0 0 7 7 6 7 6 5 5 3 5 5 0 0
"f25bae4a0fdd1521" 40 13766 1795 13 600 1552 1606 353 13 553 6209 6210 6211 61 2227 13 1549 87 150 36 28960 13 93 18279 13 553 2 14668 13 188 855 61 28961 13 66 347 330 27254 28962 28963 4 10308 -1 -1 0 0 0 0 6 6 5 6 5 4 4 3 5 3 0 0
"ce775e3d3d99860f" 47 423 66 827 134 10884 13 87 61 171 28964 13 553 35 417 7524 13 87 61 171 28965 13 66 23 2891 305 87 28966 13 553 13766 1795 13 150 330 36 5520 13 87 520 286 349 28967 13 28968 47 13678 4 10309 -1 -1 0 0 0 0 7 7 6 6 6 4 3 4 5 5 0 0
"b317b18ed0cd2c49" 55 6223 6252 1983 6277 13 330 1179 1194 355 13 553 87 25 564 6659 15319 13 150 28969 134 171 28970 13 150 7126 13 553 888 5260 4234 13 1043 6984 347 463 21854 13 553 357 28971 13 95 102 20465 28972 171 22706 13 3221 28973 28974 13 10225 347 13 10310 -1 -1 0 0 0 0 5 6 5 8 6 4 4 5 6 5 0 0
"a3ce8b31a2c2de97" 50 3474 11054 1201 13 4361 61 26265 1852 93 28975 13 553 1200 7150 358 13 28976 28977 28978 34 13 553 150 388 2451 13 1319 500 353 61 21962 171 28979 13 28980 13 553 3296 28981 13 28982 1315 297 722 359 5141 8812 61 28983 4 10311 -1 -1 0 0 0 0 8 7 7 6 6 3 2 4 3 5 0 0
"2c6d1f82173a784f" 56 1868 8685 8686 840 8685 8687 13 23 2652 2891 4970 28984 14202 13 553 2 171 598 3428 13 357 347 151 1593 13 34 1297 25 23860 13 553 20 607 7861 13 347 36 330 2891 28985 28986 5658 13 553 2200 27047 26955 13 627 28987 5580 5719 13 6105 28988 4 10312 -1 -1 0 0 0 0 6 7 7 7 5 4 3 3 4 5 0 0
"e35f346503c83abe" 45 9242 9243 13 347 330 600 353 22580 362 25 28989 13 1842 191 373 18202 2878 13 553 15073 15074 53 13 28990 1394 13 553 3681 171 394 13 7123 7314 6360 28991 25063 3369 28992 2 499 330 2335 28993 28994 4 10313 -1 -1 0 0 0 0 6 6 6 6 5 4 3 3 5 4 0 0
"ab1293f4ab32c753" 33 1521 2 21168 5312 13 553 2 489 1159 1389 28995 13 504 297 722 28996 13 553 2 1007 481 482 102 1047 297 1093 13 1549 347 28997 2652 28998 4 10314 -1 -1 0 0 0 0 5 6 6 7 6 6 5 5 5 5 0 0
"e2062489ea64a734" 55 6564 669 7585 13 28999 347 1379 13 553 5749 61 5750 5751 5752 13 150 286 1510 3434 13 553 1190 3277 16126 1213 590 7442 13 93 2092 349 7075 29000 13 553 1109 3436 3472 1114 1122 737 24627 29001 144 8215 29002 13 1194 95 847 343 11026 1043 3536 4 10315 -1 -1 0 0 0 0 7 6 7 7 6 5 5 6 7 8 0 0
"34e9d22e92d4b721" 30 1179 2612 34 26 87 13 29003 29004 13 553 3675 2082 13 3195 1250 1338 29005 521 13 553 102 187 4471 13 3838 14371 29006 1928 29007 4 10316 -1 -1 0 0 0 0 0 0 0 0 0 0 0 0 0 0 0 0
"b13ec5564e3af86b" 64 357 188 162 87 286 1473 13 12639 2440 1580 588 949 1293 13 191 1016 4261 29008 29009 29010 93 8416 13 553 35 66 23 188 3967 3968 13 537 7212 2696 3251 1511 8566 1710 2888 13 553 35 999 1319 1605 13 10708 949 2094 5399 2 1604 13 29011 14729 18071 13 29012 29013 29014 2 2531 29015 4 10317 -1 -1 0 0 0 0 0 0 0 0 0 0 0 0 0 0 0 0
"f011d3fcf2e01f9e" 16 29016 150 36 1983 1374 102 113 736 13 553 29017 29018 2 3737 11852 4 10318 -1 -1 0 0 0 0 7 9 7 6 6 6 5 4 7 6 0 0
"a9b680eb52265788" 18 34 35 17789 1341 95 102 920 13 553 37 15676 13858 13 33 29019 134 15647 4 10319 -1 -1 0 0 0 0 6 7 6 7 6 6 6 5 6 5 0 0
"a5987d484773f1ec" 19 14887 150 29020 36 13 22118 29021 13 553 10263 29022 2 2299 20903 29023 38 1693 29024 4 10320 -1 -1 0 0 0 0 5 6 5 4 4 4 3 3 5 4 0 0
"c34f03d07eceeeba" 22 744 435 2100 2238 13 286 2307 13 553 29025 1510 150 29026 8336 13 14491 637 6501 15313 29027 1315 4 10321 -1 -1 0 0 0 0 8 9 9 8 7 7 5 6 8 7 0 0
"32a6694342bcc86e" 19 29028 11978 95 61 13 6448 9036 13 553 653 417 29029 25312 330 3282 934 29030 29031 4 10322 -1 -1 0 0 0 0 6 7 7 6 6 6 6 5 6 6 0 0
"e5a058334cef86f9" 18 8351 888 20781 20 6291 29032 3416 13 553 29033 11445 29034 29035 171 3081 26157 490 4 10323 -1 -1 0 0 0 0 8 7 7 9 8 9 6 9 8 7 0 0
"84b7ffed13862c07" 17 16095 1997 2 29036 29037 13 553 664 515 29038 1094 423 29039 1559 37 29040 4 10324 -1 -1 0 0 0 0 6 8 6 6 5 5 4 3 6 4 0 0
"fb7ac3be3f452e1c" 16 2150 10152 10790 29041 13 553 2 774 29042 29043 13 93 2432 10207 14661 4 10325 -1 -1 0 0 0 0 9 8 9 7 7 7 5 4 8 7 0 0
"fd27839ae53c071c" 25 191 22266 19124 33 29044 2 72 29045 13 553 201 660 61 13 41 29046 1448 4305 27416 13 29047 29048 16862 29049 4 10326 -1 -1 0 0 0 0 7 8 6 8 6 7 6 4 5 6 0 0
"bdd36ccf5a49df25" 32 9648 698 20434 13 1549 466 25 13 553 639 347 29050 36 134 4163 3369 13 2 1096 29051 29052 774 29053 29054 29054 6291 61 29055 29056 12820 1633 4 10327 -1 -1 0 0 0 0 6 6 5 5 4 5 4 5 4 6 0 0
"9977eccffbf92a4d" 22 29057 3428 29058 29059 13 530 1137 29060 13 553 6738 4843 29061 13 20 2700 29062 3104 20 16742 29063 4 10328 -1 -1 0 0 0 0 7 9 8 6 6 6 5 4 6 6 0 0
"eb8c658540ac54d2" 26 150 1780 193 29064 13 150 29065 27344 9322 13 553 2 353 29066 19152 9738 66 14678 13 20417 5497 29067 358 373 29068 4 10329 -1 -1 0 0 0 0 6 6 6 7 6 7 4 5 6 6 0 0
"b67c247967a470cc" 20 744 66 29069 29070 2 13432 29071 13 553 588 66 29072 29073 13 35 29074 349 3157 26855 4 10330 -1 -1 0 0 0 0 5 6 5 6 5 5 4 4 5 4 0 0
"af9068169ebd4903" 17 150 4330 304 7483 3898 3899 13 553 979 29075 25694 29076 13 87 29077 4657 4 10331 -1 -1 0 0 0 0 7 8 6 6 4 5 4 6 5 6 0 0
"dd65583086c8e43a" 51 29078 29079 349 17652 10800 25775 29080 150 36 2218 13 553 29081 29082 10800 25 34 286 2941 61 29083 452 26456 29084 13 150 29085 13 553 357 3304 424 35 29086 35 803 361 1682 13 113 29087 25 34 4793 17652 639 66 457 29088 29089 4 10332 -1 -1 0 0 0 0 0 0 0 0 0 0 0 0 0 0 0 0
"e4c24796a70179c0" 20 449 341 337 13 28 414 29090 13 553 34 35 2820 981 13 34 186 1580 1109 29091 728 10333 -1 -1 0 0 0 0 10 10 9 8 9 6 6 2 8 4 0 0
"7a43684b30a224e0" 14 3032 636 2818 150 36 29092 29093 553 188 29094 61 11748 29095 29096 10334 -1 -1 0 0 0 0 10 8 7 5 7 7 6 8 3 5 0 0
"59a9abbf621e5c04" 19 1297 29097 20 1762 3081 19982 1108 13 553 6981 61 20 3090 1145 3268 13 492 1808 29098 10335 -1 -1 0 0 0 0 8 7 6 5 6 8 3 5 6 7 0 0
"fc9a8d4c75afb226" 20 20 663 61 664 665 666 13 553 2 28 414 29090 13 188 1892 4377 321 7833 308 29099 10336 -1 -1 0 0 0 0 10 8 6 6 8 7 6 3 6 5 0 0
"da47a2502b3b8472" 17 14306 14298 13 2150 10152 15507 15508 13 553 3032 636 2818 150 36 16265 1780 16266 10337 -1 -1 0 0 0 0 7 6 6 4 6 7 4 5 2 5 0 0
"eb31aa7e09c0bdd2" 18 191 8497 8448 29100 19035 3110 2 1750 13 553 6910 12174 526 13 341 1137 620 1783 10338 -1 -1 0 0 0 0 8 6 6 5 6 5 5 7 4 6 0 0
"bf927a15a791791a" 12 29101 639 778 779 13 553 29102 188 18914 13 9639 515 10339 -1 -1 0 0 0 0 6 6 4 7 5 7 6 4 5 4 0 0
"8507b42f88cfdd9b" 21 35 7592 29103 13 20 663 61 664 665 666 13 553 664 61 515 1983 13 347 330 2861 29104 10340 -1 -1 0 0 0 0 8 7 6 6 7 5 4 3 4 5 0 0
"bda1167a5dedf500" 15 29105 9025 10263 13 553 1071 14200 637 9036 13 588 1376 357 29106 3212 10341 -1 -1 0 0 0 0 9 8 7 6 8 6 5 3 5 4 0 0
"e75f30de5db8c2da" 19 2 16095 13 7721 6846 8395 13 553 150 36 2218 362 2219 20 347 388 26780 29107 901 10342 -1 -1 0 0 0 0 6 5 4 4 6 4 3 6 6 7 0 0
"ae60e816e4906c82" 19 34 15311 3338 4866 15313 1077 361 13 553 6738 1720 4843 13 150 547 36 330 362 14661 10343 -1 -1 0 0 0 0 8 7 7 5 7 5 4 2 4 6 0 0
"85307f218f759158" 24 35 95 150 36 2869 13 796 61 171 2871 29108 13 553 5736 13781 5076 13783 13 1007 1376 308 1201 29109 29110 10344 -1 -1 0 0 0 0 9 6 7 6 7 5 4 4 3 5 0 0
"184b4302a6660899" 20 113 8351 8352 29111 9413 11067 553 28 414 3030 13 347 1550 29112 188 29113 13 2086 25948 110 10345 -1 -1 0 0 0 0 9 8 6 7 7 6 5 4 5 6 0 0
"e4cc20b07eeda022" 19 2 367 3901 9738 14678 13 553 150 150 341 1137 620 21463 13 504 1981 12794 38 12795 10346 -1 -1 0 0 0 0 8 7 6 6 7 5 5 5 3 7 0 0
"8861d4307161fa57" 23 2 11760 18154 150 36 4486 361 55 553 22541 18753 61 25892 520 13 347 39 29114 330 29115 113 9509 29116 10347 -1 -1 0 0 0 0 9 7 7 5 7 4 4 3 4 6 0 0
"8690faded5c1d49d" 19 435 11368 1109 29117 12321 596 13 553 2 218 3302 2094 8046 13 144 417 1297 13791 4 10348 -1 -1 0 0 0 0 7 8 8 6 5 8 5 3 3 3 0 0
"47cc60ba84b4cb15" 16 29118 414 199 200 201 13 553 1762 29119 2 29120 228 1108 13 16013 4 10349 -1 -1 0 0 0 0 6 8 9 7 5 6 2 2 2 2 0 0
"c604341fdd613ca1" 18 2204 15319 29121 4922 4923 13 553 1034 341 3898 36 297 3899 13 653 417 29122 4 10350 -1 -1 0 0 0 0 5 6 5 6 4 6 3 2 2 3 0 0
"b7b66776612c54c2" 28 4478 55 29123 2056 29124 1109 2703 13 553 357 442 4715 1762 308 6982 6983 110 553 188 1892 4377 13 150 1029 36 362 29125 4 10351 -1 -1 0 0 0 0 8 6 5 4 5 8 3 5 3 4 0 0
"98aabb1f07a182a0" 28 566 347 1297 13 347 857 351 13 553 357 744 29126 1762 2238 13 29127 5525 29128 553 979 13509 13510 13 8577 1780 993 150 4 10352 -1 -1 0 0 0 0 5 7 6 6 4 7 4 7 3 4 0 0
"b0292431536d29a2" 30 607 150 5546 13 20 1342 29129 13 553 2 29130 1029 13 20 347 956 14414 553 150 36 2218 2219 13 20 35 367 151 330 796 4 10353 -1 -1 0 0 0 0 4 6 6 7 3 6 5 4 8 6 0 0
"d6057f113697c569" 41 29131 7715 1022 29132 29133 13 553 20 174 616 417 113 8497 13 61 20 29134 29135 553 35 286 4377 13 35 95 150 36 20 3034 29136 553 3032 636 2818 150 36 16265 16266 13 29137 4 10354 -1 -1 0 0 0 0 7 5 5 5 3 6 4 7 2 4 0 0
"a3ab931935b71580" 35 23 2988 349 421 13 2243 193 5585 553 283 1863 29138 2340 13 35 6601 484 12624 553 41 588 34 1376 357 1015 3212 13 553 713 6659 13 35 6574 713 4 10355 -1 -1 0 0 0 0 6 6 6 6 5 8 7 2 6 5 0 0
"2f065ce884f1be5d" 30 29139 10262 9025 10263 13 553 449 341 337 13 18797 34 286 116 330 3485 553 150 150 341 1137 620 1783 13 35 29140 1670 2869 1079 4 10356 -1 -1 0 0 0 0 6 6 6 6 5 5 6 2 4 4 0 0
"decb3dcd640277c7" 38 1109 9714 8448 29141 13 1029 23335 29142 13 553 2150 10152 15507 15508 13 357 29143 2236 12573 29144 29145 4 553 1034 13 144 102 737 1297 13 13791 364 35 95 61 1552 29146 4 10357 -1 -1 0 0 0 0 7 6 6 6 4 5 4 2 5 2 0 0
"09053c8e0612cc67" 45 347 36 545 457 297 19843 13 191 367 3901 9738 14678 13 553 20 663 61 664 665 666 13 29147 29148 29149 553 357 341 34 1379 13 515 14566 174 616 2 361 29150 13 1007 34 1376 5738 5045 24801 4 10358 -1 -1 0 0 0 0 5 5 5 6 6 5 3 2 8 3 0 0
"bee28ef5bc5d2a76" 37 7672 13781 13782 13783 13 29151 61 605 13 553 6574 713 13 1013 4505 165 110 553 188 1892 4377 13 35 34 35 36 326 13 600 29152 1363 13 35 34 29153 29154 4 10359 -1 -1 0 0 0 0 6 6 7 7 7 6 5 4 3 6 0 0
"c67421dd90eaf548" 42 2 199 200 201 13 25571 29155 1342 150 29156 553 2 11760 12018 36 13 29157 388 553 35 803 2866 5861 5862 5863 13 981 4715 61 29158 13 2 596 61 2236 993 93 6089 25 134 6828 4 10360 -1 -1 0 0 0 0 4 5 6 6 4 7 5 5 3 4 0 0
"5449ab8f72a7c719" 55 29159 6455 16060 2 5894 6724 553 3939 1131 29160 29161 5141 13 553 1842 20 901 29162 1274 19722 29163 13 35 645 15194 3302 29164 3307 20 373 607 12553 26325 553 28 414 3030 13 2 29165 9639 188 4673 13 553 150 341 1137 620 1783 13 639 5602 29166 4 10361 -1 -1 0 0 0 0 6 6 7 6 5 6 6 3 5 5 0 0
"fd750a3ae291028d" 44 15274 999 24479 13 29167 29168 13 553 639 778 779 13 5525 188 29169 93 6911 29170 553 34 15311 15312 3338 13 4866 15313 1077 361 553 1034 341 355 790 13 5928 2 3365 188 29171 13 1013 34 645 4 10362 -1 -1 0 0 0 0 5 7 6 7 6 5 4 3 7 5 0 0
"271fda7d680b4339" 22 18825 29172 13 121 3302 29173 13 553 796 29174 150 3668 504 13 20 1814 7863 357 347 1305 15312 4 10363 -1 -1 0 0 0 0 6 4 6 3 5 4 2 3 3 4 0 0
"0240a9d30cee8466" 26 664 9738 29175 2 967 61 515 13 553 191 7863 150 3769 13 519 3302 29176 13 553 66 347 385 39 351 1664 4 10364 -1 -1 0 0 0 0 3 5 7 3 4 3 2 2 2 6 0 0
"982db44bdccc5538" 18 1760 9962 13 4376 113 351 13 553 15022 15022 15022 15022 13 20 9198 171 9199 4 10365 -1 -1 0 0 0 0 7 5 7 5 6 3 3 3 2 4 0 0
"15e0c985350974a0" 18 29177 66 53 3500 29178 13 553 417 61 1806 364 13 357 66 529 417 2652 4 10366 -1 -1 0 0 0 0 6 7 5 4 5 4 2 2 3 4 0 0
"3730c62d74f1b383" 18 15141 15142 150 36 1333 13 553 14738 150 286 8328 13 1034 341 1137 620 737 4 10367 -1 -1 0 0 0 0 5 3 6 4 3 2 3 3 2 5 0 0
"7b893cef48a07c7e" 18 1109 29179 1643 7537 6599 13 553 3296 113 305 29180 13 357 744 2351 3911 29181 4 10368 -1 -1 0 0 0 0 8 6 6 6 7 4 3 5 3 5 0 0
"9d633f6bb84a5927" 27 1463 19699 2770 3125 13 150 29182 13 553 29183 1857 13 744 4361 61 29184 29185 13 553 357 2652 29186 7711 13 520 14176 4 10369 -1 -1 0 0 0 0 6 5 7 4 4 3 4 3 3 4 0 0
"9838acf148a3c96a" 23 66 347 1379 25 11 607 13 553 1405 22783 349 2518 25677 13 553 29187 35 36 151 27 6068 1842 4 10370 -1 -1 0 0 0 0 7 8 7 6 6 4 3 3 3 5 0 0
"002283a51fd43c79" 23 28 23 2453 13 150 36 1568 1004 28242 13 553 326 319 61 1054 357 683 1533 1485 722 18 535 4 10371 -1 -1 0 0 0 0 8 6 7 6 5 3 3 3 5 4 0 0
"1a16b7813b46574d" 22 1109 113 29188 13 150 14827 20 11652 113 553 150 304 25233 29189 23276 13 1109 1485 14702 319 20164 4 10372 -1 -1 0 0 0 0 6 6 7 5 5 4 2 2 3 5 0 0
"9d8b4193f56f17c2" 39 852 34 53 15749 858 29190 13 852 297 553 13003 1379 13 548 171 36 146 1011 22032 13 553 34 29191 504 29192 15738 2 4137 737 1232 3746 13 553 305 113 87 14288 2321 4 10373 -1 -1 0 0 0 0 6 6 6 7 6 4 4 4 5 4 0 0
"7e1d3cd5e5b0bac3" 26 95 29193 150 36 2852 362 13 553 2652 6062 29194 5594 29195 29196 13 553 66 347 1297 852 704 170 305 297 29197 4 10374 -1 -1 0 0 0 0 7 6 6 5 4 3 3 4 4 6 0 0
"0b77a1fe6dafc01f" 24 66 6564 20 16664 13 357 520 1047 2719 13 553 744 66 478 1043 993 13 357 1664 87 1047 21962 1765 4 10375 -1 -1 0 0 0 0 7 6 6 5 5 3 3 4 4 5 0 0
"422d9ceb094b1994" 16 34 564 3472 537 394 29198 13 553 134 29199 367 2 29200 29201 2155 4 10376 -1 -1 0 0 0 0 8 8 7 7 6 4 3 3 4 5 0 0
"34f049078ca2a3f2" 22 20204 607 17945 7086 13 553 373 1533 1643 5520 29202 13 553 3302 1131 1416 388 774 1712 953 18043 4 10377 -1 -1 0 0 0 0 6 6 6 4 4 5 3 3 3 5 0 0