"b846d04c69340f4c" 29 117 2087 25 703 2 5127 2015 504 13 553 27398 27399 13 27400 24832 61 171 2854 4 553 95 1342 7949 7710 13 0 3248 1301 4 9921 -1 -1 0 0 0 0 6 9 9 8 8 7 8 6 6 8 0 0
"e0a3435dac7320f8" 21 73 1103 5201 5202 13 20 66 19488 21071 13 553 4059 5124 5037 1321 13 357 3500 20 5782 4 9922 -1 -1 0 0 0 0 7 7 7 7 6 6 8 7 6 6 0 0
"1114750396d0869a" 24 1029 61 4740 38 6180 13 2 95 27401 95 4 553 1109 6378 1201 95 1342 13 2 93 170 1109 23853 4 9923 -1 -1 0 0 0 0 8 7 9 7 8 6 5 5 4 5 0 0
"45bcf996afc4d740" 24 134 102 13 13240 892 13241 13 95 61 171 6884 13 553 5536 936 504 4485 10227 13 144 545 171 5218 4 9924 -1 -1 0 0 0 0 8 7 8 8 7 7 5 5 4 7 0 0
"b8078b324bace404" 20 5053 774 5054 13 10255 27402 13 553 66 95 27403 6907 10257 27404 2 373 12049 504 27405 4 9925 -1 -1 0 0 0 0 6 8 8 7 7 7 9 5 5 6 0 0
"fb1970f27e6ce078" 30 430 13 87 61 655 27406 13 553 2727 1109 1485 2728 1429 2 1533 3075 27407 4 553 27408 1750 13 3308 3304 18759 1568 150 637 27409 4 9926 -1 -1 0 0 0 0 7 9 8 8 8 6 6 8 6 8 0 0
"7866ab74d276f252" 20 125 13 126 1693 13 63 362 150 27410 13 553 150 636 14848 13 1342 61 412 27411 4 9927 -1 -1 0 0 0 0 7 6 6 6 6 5 4 6 4 5 0 0
"ee4611988b1594b1" 21 27412 1029 4862 13 675 23 545 14100 13 553 2 87 1576 1577 13 1488 574 2444 8241 27413 4 9928 -1 -1 0 0 0 0 6 8 8 8 7 5 5 7 5 8 0 0
"4240889a6501d8d3" 19 313 410 414 910 13 357 347 661 13660 13 553 1675 2149 2089 2150 2151 2652 2443 4 9929 -1 -1 0 0 0 0 7 7 6 6 5 6 5 4 5 4 0 0
"7969d3c5e1576d9d" 24 3003 13 20 8709 417 13 14949 2662 13 553 17049 4560 8175 8286 13 2 386 2652 171 1342 61 5559 2662 4 9930 -1 -1 0 0 0 0 6 8 7 7 7 6 6 7 6 8 0 0
"d0e6d51a0b6fcba2" 19 102 920 2273 2274 2275 13 553 27414 4273 5630 15795 13 87 61 171 27406 2 27415 4 9931 -1 -1 0 0 0 0 7 8 6 7 6 6 5 6 5 7 0 0
"333dce3918d262b9" 25 15438 18 15439 13 66 7925 1389 2 1628 27416 13 553 28 1042 61 2331 2 27417 13 357 87 61 655 91 4 9932 -1 -1 0 0 0 0 8 7 7 6 6 6 4 4 5 4 0 0
"699b9da3f7b5df2f" 33 191 87 2028 13 87 1187 981 321 11757 576 13 553 95 61 171 3009 548 349 27418 20557 13 553 2 41 34 3953 927 13 4403 590 15995 12798 4 9933 -1 -1 0 0 0 0 7 8 7 7 8 6 5 6 4 8 0 0
"cea2e516872008cd" 31 188 61 410 1069 1825 13 305 521 171 18906 13 553 66 13511 353 13 87 61 171 24215 4766 13 2 360 1047 545 27419 2014 20 5794 4 9934 -1 -1 0 0 0 0 6 8 9 7 6 6 4 6 5 7 0 0
"b46500ad04c08ca2" 30 5140 1693 2696 3220 2 15797 27420 13 553 66 6058 93 6079 38 21348 188 1011 4 553 8412 61 11010 2767 13 66 805 1032 125 27421 4 9935 -1 -1 0 0 0 0 7 7 8 7 6 6 5 4 5 5 0 0
"8854c17ca64ffe8d" 21 360 150 36 2076 515 27422 10191 13 553 357 34 976 357 13660 13 18 20 27423 55 27424 27425 9936 -1 -1 0 0 0 0 7 7 7 6 7 6 4 4 8 5 0 0
"7b5945ca71c56c56" 23 41 150 36 1201 23280 14932 27426 13 553 772 6576 6930 538 6931 13 553 1869 27427 66 23 9534 713 1734 9937 -1 -1 0 0 0 0 4 7 8 5 6 9 5 5 5 6 0 0
"3dc9734403f9e91c" 30 38 2513 66 23 26288 13 764 27428 13 553 35 3299 3319 3253 13 17870 86 13 553 3037 35 5709 12675 13 12114 12115 87 3939 4124 4 9938 -1 -1 0 0 0 0 8 8 9 8 7 7 5 4 8 4 0 0
"6218aab015fd0571" 29 1964 12371 28 35 87 2332 2331 920 13 553 125 1029 61 855 3838 4723 4724 27429 13 553 5053 774 5054 609 13 27430 2717 134 2236 9939 -1 -1 0 0 0 0 5 3 5 3 5 4 5 3 4 3 0 0
"442d3dd9f10dc118" 31 4059 5124 5037 162 27431 20 27432 13 553 191 87 2028 421 340 13898 27433 27434 13 553 11146 206 66 999 8331 27435 436 7303 27436 13 27437 16483 9940 -1 -1 0 0 0 0 7 8 6 6 6 7 3 3 3 2 0 0
"0b76de4d236b305a" 35 20 87 61 171 4450 13 87 3251 927 171 125 13 553 0 3248 1301 13 66 805 11787 3788 27438 27439 13 553 95 1693 2696 3220 13 10811 10812 11716 27440 4 9941 -1 -1 0 0 0 0 8 8 6 6 5 4 5 5 6 3 0 0
"b83d571c0d2b9817" 43 73 143 5201 5202 13 93 27441 622 13 553 38 2513 18501 13 2028 27442 134 87 1015 13 553 188 61 410 1069 1825 13 27443 10619 27444 13 28 288 87 27445 2 423 27446 20 27447 1869 7092 4 9942 -1 -1 0 0 0 0 4 6 5 4 5 4 5 4 4 5 0 0
"6cdfd4b42e90d265" 22 13240 892 24492 357 3832 27448 13 553 150 636 14848 13 66 1002 515 13 35 26 4211 27449 1356 4 9943 -1 -1 0 0 0 0 5 4 3 4 5 4 4 3 6 2 0 0
"8fd667adf80c4c64" 34 66 6058 93 6079 13 27450 1821 27451 4970 13 553 3003 35 386 13 357 27452 171 6540 27453 13 553 41 150 26900 1330 116 1201 13 927 27454 6106 660 4 9944 -1 -1 0 0 0 0 6 6 4 4 5 6 4 4 3 4 0 0
"217edd576591f646" 47 5580 1731 53 1633 13 27455 1033 4361 1558 13 553 27456 14201 9427 13 27457 27458 188 3663 13 553 8412 61 11010 2767 13 27459 12083 3912 3485 27460 27461 27462 13 2902 11582 27463 27464 113 87 704 27465 9948 27466 16371 27467 4 9945 -1 -1 0 0 0 0 5 6 7 5 5 5 5 5 4 4 0 0
"69b7b9cdba7eb7b4" 27 430 13 14930 24403 25019 15786 633 13 553 1712 7800 7801 13 636 27468 548 27469 13 14317 6475 1201 13 66 414 20598 27470 4 9946 -1 -1 0 0 0 0 6 5 5 4 5 3 3 4 6 3 0 0
"a4a0ae8fa8c5c61e" 45 66 13511 353 13 150 188 27471 27472 7392 13 553 10255 10256 6907 27473 10258 13 16107 61 7793 27474 13 553 5053 774 5054 13 774 27475 457 27476 16483 27477 191 27478 5581 27479 6982 27480 484 687 66 27481 27482 4 9947 -1 -1 0 0 0 0 6 7 7 6 6 4 4 4 5 4 0 0
"933d313343edc5f8" 33 313 410 414 910 13 125 27483 171 551 13 553 2 87 1576 1577 13 2637 27484 27485 87 27486 61 27487 27488 27489 27490 27491 4 1664 1732 410 457 4 9948 -1 -1 0 0 0 0 7 8 7 7 6 6 6 6 7 6 0 0
"d6a05312845fb2c8" 45 134 102 13 373 27492 27493 27494 504 27495 27496 13 553 35 3299 3319 3253 13 840 93 520 532 414 13 23794 27497 13 358 27498 7238 13 553 5536 936 504 4485 10227 13 6020 357 6433 15725 1580 621 1821 4 9949 -1 -1 0 0 0 0 6 6 6 5 5 4 5 4 5 4 0 0
"4a4f908eefa6c7a2" 13 117 2087 25 703 13 499 27499 1890 13 345 882 27500 27501 9950 -1 -1 0 0 0 0 5 3 3 2 3 3 2 2 3 2 0 0
"6209aec4adc2ea52" 40 4361 61 5127 27502 13 2015 5128 13 553 27400 2316 13 2245 1725 1693 2028 13 553 150 36 2685 13 35 1247 1990 6576 13059 6931 13 553 27503 27504 13 191 27505 7153 27506 27507 12920 4 9951 -1 -1 0 0 0 0 5 7 6 3 6 5 3 3 4 4 0 0
"1966624b53a1c542" 38 449 134 102 13 1990 87 14518 13 553 20 5794 1246 6726 18 20 27508 553 553 386 20 27509 27510 7994 515 22375 27511 13 553 357 4740 2006 12850 4248 116 27512 27513 18329 4 9952 -1 -1 0 0 0 0 6 6 6 5 5 6 3 4 4 4 0 0
"5f88acd1dde25586" 37 10330 93 125 27514 13 27515 27516 1233 1109 27517 27518 553 1109 6378 1201 95 2620 13 27519 27520 5865 553 125 1029 5682 13 23095 2349 13 855 61 4386 774 17688 805 787 4 9953 -1 -1 0 0 0 0 7 8 7 6 7 8 4 3 3 3 0 0
"08850221d05c8d82" 39 41 2767 1626 27521 35 27522 9117 13 553 27523 27524 4849 113 13 27525 27526 27527 13 553 95 27528 5203 2 353 27529 26 13 349 642 981 13 66 27530 13 4403 590 7357 10362 4 9954 -1 -1 0 0 0 0 6 6 5 4 4 5 3 3 4 4 0 0
"5fca785e4210f3e1" 35 1808 152 2409 24608 13 95 27531 61 1808 2898 123 553 124 2274 2275 27532 726 553 27400 1929 12772 27533 25110 1883 27534 13 27535 102 4059 3536 27536 27537 13 27538 4 9955 -1 -1 0 0 0 0 5 7 7 5 6 5 3 3 3 3 0 0
"11d9001c21ba473c" 40 1559 66 1675 2149 2089 27539 2150 27540 13 553 17097 61 6458 2 27541 13 27542 27543 13 553 782 27544 7054 113 27545 13 123 342 22015 4421 124 34 27546 515 27547 27548 13 596 888 27549 9956 -1 -1 0 0 0 0 6 6 5 4 4 5 6 3 4 4 0 0
"efabed9b42f8087e" 35 27550 2200 27551 22741 18595 8608 27552 553 15439 27553 13 27554 27555 27556 7389 27557 553 11021 6058 93 681 27558 13 5794 3504 66 13 27559 16496 1380 515 20871 5141 27560 4 9957 -1 -1 0 0 0 0 7 8 7 6 6 5 3 5 5 3 0 0
"726fa13b56f6cf91" 30 410 27561 14288 27562 95 2564 3093 1559 125 12115 553 27563 410 27564 27565 13 122 27566 553 27567 4715 1712 27568 13 27569 931 27570 2735 27571 4 9958 -1 -1 0 0 0 0 6 6 5 4 4 5 4 4 4 4 0 0
"ccf228d17cbe7552" 31 27572 27573 5580 14078 8896 13 553 1069 457 188 123 27574 124 1825 27575 7874 13 553 188 329 6748 27576 27577 13 27578 27579 430 7075 27580 1403 4 9959 -1 -1 0 0 0 0 8 7 6 4 5 6 3 5 3 4 0 0
"c91aaede29c2505a" 31 7775 20199 27412 27581 1408 1488 95 13 553 27582 4560 27583 34 2161 27584 35 504 1376 553 34 976 357 27547 13 4211 1664 27585 28 114 11659 4 9960 -1 -1 0 0 0 0 7 8 7 5 6 6 4 3 4 3 0 0
"cd3843f6ddda134f" 35 20 27586 27587 305 2039 13 553 27588 1930 10191 452 286 106 1759 553 27589 13 452 27590 27591 7876 27592 27593 675 13 38 27594 106 24426 27595 23555 2006 782 6698 4 9961 -1 -1 0 0 0 0 6 7 5 4 4 6 5 3 4 4 0 0
"0c8ed36a974d8fbb" 35 4505 150 362 11452 13 27596 27597 1034 7592 3302 553 15588 1720 27598 3873 13 553 26 27599 27600 27601 2 9463 27602 13 2601 6726 66 27603 27604 21686 24618 66 23 4528 9962 -1 -1 0 0 0 0 4 5 4 3 2 4 4 4 4 4 0 0
"373cf5a467ecc13d" 28 27605 607 2846 25 12676 1145 13 553 8412 61 18237 1052 4 553 681 27606 13 7044 27607 27608 13 5729 27609 47 27610 999 27611 4 9963 -1 -1 0 0 0 0 6 7 6 5 6 5 4 3 3 3 0 0
"fcb3a024f7f53e69" 27 17049 4560 13 27612 27612 27612 13 553 9360 27613 9368 13 53 27614 27615 27616 27617 27618 13 553 4740 2006 12850 4248 27619 1339 4 9964 -1 -1 0 0 0 0 5 6 5 4 4 5 5 3 3 3 0 0
"dbe218919d499da9" 25 53 27620 22595 13 27621 5501 27622 123 13 27623 27624 124 13 2851 521 4862 553 3003 999 27625 27626 728 8709 596 2785 9965 -1 -1 0 0 0 0 6 7 6 5 4 6 5 3 4 4 0 0
"53dc3277832b4e01" 28 14421 12675 12114 12115 13 553 1577 1576 2 6576 6930 538 6931 13 553 772 738 27627 27628 13 171 6338 27629 796 27630 27631 27632 4 9966 -1 -1 0 0 0 0 8 9 7 8 6 7 6 4 8 5 0 0
"8b39d59024ca1c38" 17 9648 13 6480 3313 26855 13 553 588 150 286 1187 13 1341 9394 18011 689 4 9967 -1 -1 0 0 0 0 7 6 4 5 5 4 5 3 5 6 0 0
"1b56c7d4265a17af" 30 1109 63 13272 457 4152 13273 27633 13 553 117 774 27634 13 11942 13 150 33 625 27635 13 553 596 1222 13 3443 355 113 27636 27637 4 9968 -1 -1 0 0 0 0 5 5 6 4 3 4 3 5 4 3 0 0
"d887d90928a3e0fa" 30 2 134 13 27638 66 1047 17954 13 553 357 27639 639 13 7204 27640 15243 13 553 66 530 6653 27641 13 990 621 13 1341 6391 27642 4 9969 -1 -1 0 0 0 0 8 7 9 8 8 7 7 6 8 7 0 0
"3d2d333ab007efc1" 18 2337 27643 326 1428 4372 13 553 113 66 23 93 2382 27644 13 27645 27646 27647 4 9970 -1 -1 0 0 0 0 6 6 5 4 3 4 4 3 5 5 0 0
"85b20489f2c34cda" 28 2 6633 20386 2785 27648 13 553 10302 27649 5894 5358 13 9173 27650 171 27651 13 553 95 27652 27653 13 410 6391 372 28 802 4 9971 -1 -1 0 0 0 0 8 7 9 8 9 8 8 6 8 8 0 0
"9ea769fa5395f70e" 25 771 7290 13 87 2764 27654 27655 27655 27655 13 553 41 27656 13 27657 15434 13 15755 95 1513 15416 13 15756 24515 4 9972 -1 -1 0 0 0 0 10 9 8 9 9 8 9 8 7 7 0 0
"50cef2a8aac4de21" 20 2358 61 13232 13233 13 1122 27658 93 13 553 738 361 12644 8791 13 1549 6391 703 18 4 9973 -1 -1 0 0 0 0 8 8 6 5 4 5 3 4 5 6 0 0
"309ea7acc5e4a798" 27 191 24483 27659 10436 13 150 545 171 27660 13 553 1446 4209 5853 13 2236 723 33 2724 13 553 27661 27662 27663 676 27664 4 9974 -1 -1 0 0 0 0 7 7 6 6 5 5 5 4 4 5 0 0
"512f2e71da107ff9" 35 3736 27665 13 1488 414 297 1320 13 553 1446 15434 8229 20513 5381 13910 13 553 357 134 13 14566 27666 13 11716 3324 9431 17535 27667 13 63 2546 26 113 27668 4 9975 -1 -1 0 0 0 0 8 9 7 8 7 6 6 4 7 5 0 0
"3cd029db0cc563c5" 27 347 36 675 113 27669 16483 553 27670 53 13 4304 66 1793 9982 13662 13 553 20 27671 27672 27673 2151 27674 1022 27675 27676 4 9976 -1 -1 0 0 0 0 8 7 6 6 5 4 5 5 6 4 0 0
"15f9ddd5e2b7ed12" 30 35 27677 1341 27678 13 1131 27679 13 553 537 4451 1821 13 4872 777 4873 979 13 27680 13 553 4874 27681 13 27682 27683 150 27684 27685 4 9977 -1 -1 0 0 0 0 9 8 7 7 6 5 4 6 5 7 0 0
"a6afbba02789884c" 27 23 27686 5868 27687 13 171 27688 27689 413 553 11916 2101 16452 2094 1331 27690 13 2 6391 308 9630 27691 27692 796 3951 27693 4 9978 -1 -1 0 0 0 0 7 8 6 9 5 3 3 4 7 7 0 0
"65b83d9006948e5a" 19 193 13890 27694 27695 27696 13 553 1446 566 13536 13537 13 553 720 27697 27698 18403 27699 4 9979 -1 -1 0 0 0 0 8 7 9 7 6 4 4 5 8 6 0 0
"4f98a55e56d34e55" 42 1580 1047 5876 13 1109 21352 27700 13 553 9144 9145 774 5838 27701 13 2087 27702 102 27703 13 553 20 3985 1047 18237 2 6391 23 566 19999 305 13 5995 5996 27704 357 27705 13 15434 8215 25924 4 9980 -1 -1 0 0 0 0 10 9 8 8 7 6 5 6 6 5 0 0
"2fff62a82035d272" 19 547 61 171 8709 13 3472 25 27706 13 553 3473 1109 14569 13 150 87 36 2227 4 9981 -1 -1 0 0 0 0 10 9 9 8 9 7 4 2 3 2 0 0
"565259fa31d8e577" 17 359 15161 4304 13 66 15795 2 14207 13 553 845 27707 373 25 3369 23 4 9982 -1 -1 0 0 0 0 8 8 7 7 8 6 6 7 5 7 0 0
"c5b84ab94964e6af" 23 11045 11046 13 66 27708 774 9468 13 553 297 606 1047 925 13 357 171 27709 3536 61 3627 17652 5653 4 9983 -1 -1 0 0 0 0 9 9 9 8 9 8 6 8 6 7 0 0
"9e753982a79d0cb0" 21 6891 772 6833 7559 13 87 169 170 13 553 1016 1829 61 87 10789 13 38 150 1550 27710 4 9984 -1 -1 0 0 0 0 7 8 8 8 7 7 4 4 8 5 0 0
"0f89d09d14ec6fcb" 20 1109 8459 38 325 1842 15067 13 553 2 9648 13 6480 15357 13 1906 13140 171 1720 27711 4 9985 -1 -1 0 0 0 0 7 6 8 7 7 6 3 3 4 5 0 0
"458cf385723ea7fb" 23 191 15740 61 14648 27712 13 553 2358 61 13232 13233 13 150 9499 2689 748 13 357 186 373 61 27713 4 9986 -1 -1 0 0 0 0 6 8 7 8 6 5 7 7 5 9 0 0
"7465279c6334bc50" 21 1043 723 1319 11439 13 66 44 7587 93 13 553 193 1511 3546 3547 13 966 967 3416 329 4 9987 -1 -1 0 0 0 0 8 7 9 7 8 4 4 4 4 5 0 0
"9f53eca1c86bccbe" 26 2 134 13 1109 1110 1029 5894 792 13 191 10302 2777 13 553 171 2321 2454 1213 27714 13 1331 515 87 61 12082 4 9988 -1 -1 0 0 0 0 7 7 8 8 7 7 6 6 6 9 0 0
"865f9eb93824d577" 38 17087 12783 326 12784 13 66 1628 93 6766 13 553 1488 414 297 1320 13 66 12066 5259 171 27715 2 1571 13 553 9173 5795 171 27716 13 87 61 171 7013 2 171 23324 4 9989 -1 -1 0 0 0 0 5 7 6 7 6 7 7 7 7 8 0 0
"f7230b7090675828" 21 113 655 10305 13 150 2062 5545 639 13 553 359 15161 4304 13 66 801 3110 2 4192 27717 4 9990 -1 -1 0 0 0 0 8 8 7 6 8 6 3 5 6 5 0 0
"487071a0704205e9" 30 771 7290 93 13 93 13 93 13 87 61 171 7013 13 553 4872 777 4873 979 13 357 66 347 2062 27718 13 5709 171 1592 12295 4 9991 -1 -1 0 0 0 0 8 8 9 6 7 9 6 5 7 5 0 0
"04ec7e2af225a467" 30 150 286 1187 13 860 1473 38 1693 13 553 9144 9145 13 66 27719 27720 27721 27722 13 553 20 3985 1047 18237 13 66 5995 5996 2316 4 9992 -1 -1 0 0 0 0 8 7 7 6 6 5 6 8 6 7 0 0
"66a164c013662aec" 20 519 16395 13 87 1047 515 161 27723 13 553 38 1820 1821 13 87 27724 357 4738 27725 4 9993 -1 -1 0 0 0 0 7 6 7 6 6 6 6 7 8 7 0 0
"1ecd3d4c46c235e8" 21 1110 5852 5853 13 2 66 24002 13 553 23 5868 5869 13 2 23 2652 1517 4007 2 1639 4 9994 -1 -1 0 0 0 0 5 7 7 7 6 5 4 6 5 6 0 0
"e40599117a549bb3" 34 35 579 580 13 66 6891 373 27726 435 13 553 1110 683 8229 13910 13 2 1319 66 1934 1720 13 553 1110 13536 13537 13 1016 27727 61 931 2 6786 4 9995 -1 -1 0 0 0 0 7 6 7 7 8 6 5 7 7 7 0 0
"b058687b7030b1e7" 20 547 61 171 8709 13 113 2382 3868 13 553 27728 35 852 1109 102 4412 27729 27730 23 4 9996 -1 -1 0 0 0 0 6 6 5 4 7 5 4 3 2 4 0 0
"09bc1270d4c041f1" 24 125 313 27731 10378 3923 13 485 15243 13 553 357 845 113 2731 2 493 142 87 13 25 457 515 14566 4 9997 -1 -1 0 0 0 0 9 9 7 6 7 6 5 3 4 5 0 0
"7a0ed161aea9b905" 18 11045 11046 13 20 12746 12747 2014 13 553 331 5602 27732 2 11716 14566 3324 2014 4 9998 -1 -1 0 0 0 0 8 6 7 5 7 5 6 6 4 6 0 0
"a3c43d37b518ad2c" 25 27733 641 1892 195 2 27734 13 553 3744 361 12644 8791 13 113 1109 15755 566 5140 4639 188 15756 24515 27735 27736 4 9999 -1 -1 0 0 0 0 7 6 6 5 8 6 5 4 3 5 0 0
"cd5e6a47faf5a8f6" 22 66 117 774 8217 13 2 87 61 3472 25 1498 304 13 553 676 3473 13 27737 2 1643 1783 4 10000 -1 -1 0 0 0 0 8 9 7 7 7 4 3 3 4 5 0 0
"228dc2672fc7fee8" 32 34 186 13 1580 742 1047 5876 2 63 3626 3627 13 553 357 134 93 609 87 27738 974 13 772 748 27739 27740 27741 27742 27743 878 1047 27744 4 10001 -1 -1 0 0 0 0 7 8 6 6 6 5 4 2 4 4 0 0
"da2d9f4d7d173797" 24 357 636 367 4304 66 1793 9982 13662 13 553 297 606 1047 925 2852 27745 6447 3006 188 27746 27747 27748 27749 4 10002 -1 -1 0 0 0 0 9 8 6 6 7 5 3 2 8 5 0 0
"c6d734cf7bd338f1" 32 1109 13272 4152 13273 27633 13 41 360 553 61 113 11996 23048 2 27750 27751 2 373 27752 27753 3951 27754 4899 553 357 15755 566 95 188 4639 15756 24515 10003 -1 -1 0 0 0 0 4 5 4 3 6 4 8 3 2 5 0 0
"0046b5f073b40570" 39 1109 8459 38 325 1842 15067 13 297 606 1047 925 553 4310 27755 20 457 4537 13 742 61 20366 134 22751 1783 2 1511 284 10275 23662 535 20 21557 27756 27757 55 55 22937 8648 4 10004 -1 -1 0 0 0 0 4 5 3 5 6 5 6 6 3 6 0 0
"8779927c74695b32" 30 519 16395 2 1800 7290 93 93 93 13 553 357 15755 2652 566 95 188 4639 15756 24515 27758 27759 2 23392 341 27760 410 20 373 11032 4 10005 -1 -1 0 0 0 0 6 7 5 6 6 4 4 2 3 4 0 0
"fbe1ccbf5b840a46" 21 150 286 1187 13 520 95 95 61 13 553 1549 7204 485 15243 2 1109 1110 2696 27761 737 4 10006 -1 -1 0 0 0 0 4 5 3 2 4 4 5 4 3 3 0 0
"d877a11a5b6474d0" 42 87 731 537 188 8676 1052 27762 1821 13 553 20 3985 1047 3034 13 66 5995 27763 27764 27765 61 27766 27767 8655 27768 13 7442 2 27769 13 13868 27770 27771 6858 2096 14919 27717 14881 15337 27772 3637 4 10007 -1 -1 0 0 0 0 6 6 7 5 5 6 4 2 4 4 0 0
"d54217949ba35b63" 30 66 117 774 8217 13 345 87 388 353 27773 13 553 2 134 27774 61 1737 2 2358 61 737 102 1863 13233 2 12513 27775 27776 27777 4 10008 -1 -1 0 0 0 0 7 8 7 6 6 4 3 3 4 4 0 0
"8dcf8d9db07a244a" 17 24994 17087 12783 326 12784 13 553 113 373 6551 13110 13 359 15161 4304 27778 4 10009 -1 -1 0 0 0 0 8 8 6 5 6 5 4 3 5 7 0 0
"43d3097fadbb3d8a" 24 547 61 171 8709 13 457 2805 195 13 553 742 1047 5876 13 1549 134 61 731 8328 27779 2 2094 5399 4 10010 -1 -1 0 0 0 0 7 6 5 4 8 5 4 3 2 4 0 0
"f2620213945b8bed" 33 87 169 170 13 1015 12430 13 357 150 621 13 553 9648 13 5155 1749 27780 13 20 12541 23089 27781 27782 13 553 11916 2101 16452 1331 515 20 12082 4 10011 -1 -1 0 0 0 0 8 7 8 6 6 5 7 7 5 9 0 0
"5aa96a079bef174c" 16 1109 13272 4152 13273 13274 13 553 113 13428 61 1874 13 1043 723 27783 4 10012 -1 -1 0 0 0 0 7 7 7 6 6 8 6 5 6 4 0 0
"a520147a09f2b763" 17 3494 3495 13 150 373 1297 13 553 95 61 18 20 4857 4856 27784 27785 4 10013 -1 -1 0 0 0 0 7 8 9 5 7 8 6 3 3 3 0 0
"4aa5e0da0c0eb306" 19 5474 6514 817 566 24554 13 553 357 410 87 61 11574 13 20 27786 1043 4403 27787 4 10014 -1 -1 0 0 0 0 6 5 5 7 6 7 6 8 5 6 0 0
"a508feb9a1a546a0" 29 2 3879 3880 1067 5539 358 21512 13 553 8318 8319 8320 13 1641 14288 27788 4211 13 553 357 22155 25769 102 386 53 297 4349 27789 4 10015 -1 -1 0 0 0 0 8 9 9 7 7 6 5 5 4 6 0 0
"a1e36c9c7a680a3e" 25 1131 9011 163 13 102 1492 13 357 87 1131 9011 13 553 87 61 9234 27790 13 548 93 169 7977 27791 27792 4 10016 -1 -1 0 0 0 0 7 6 6 8 7 5 6 9 3 7 0 0
"9467bde16dff8836" 29 8490 8491 13 297 722 14421 13 297 953 125 1821 13 553 34 27793 357 347 15225 362 986 990 13 28 772 3007 6907 2143 27794 4 10017 -1 -1 0 0 0 0 8 9 8 7 6 7 6 7 9 5 0 0
"7b8a82733b7c852e" 23 25 10355 10356 13 417 18 1109 27795 13 553 3970 9060 150 27796 362 993 13 20 95 24340 3926 15192 4 10018 -1 -1 0 0 0 0 7 6 9 6 6 5 5 5 4 8 0 0
"d3a9ac4d21654d5a" 30 35 14965 76 330 14966 13 414 53 27797 13 553 13264 1299 76 87 1047 13 113 66 3302 27798 13 2472 17411 953 1747 4374 621 27799 4 10019 -1 -1 0 0 0 0 7 8 5 7 6 5 7 5 6 6 0 0
"e7b4da2f2ac30b32" 19 13768 13769 13 347 991 434 6297 13 553 25 4044 8022 637 13 417 347 24168 27800 4 10020 -1 -1 0 0 0 0 6 8 7 6 5 8 6 6 5 4 0 0
"c89501ed8e114eec" 23 66 3474 3486 7949 13 93 3235 27801 13 553 1604 27802 27803 25 373 1817 13 66 15214 347 27804 27805 4 10021 -1 -1 0 0 0 0 7 7 7 5 6 6 6 5 6 6 0 0
"14e301e63366edd6" 24 84 10328 435 13 35 87 2775 504 1371 13 553 113 41 171 1892 1534 13 5515 27806 7816 720 566 27807 4 10022 -1 -1 0 0 0 0 7 8 7 5 6 8 7 5 6 4 0 0
"5bb8211abc6c1e8e" 42 357 150 95 9910 13457 13 150 13458 27808 13 553 742 4685 13 87 14285 61 13 1374 150 4093 304 646 265 27809 674 13 553 15866 3018 53 5967 13 20 1047 530 12664 17844 76 27810 27811 4 10023 -1 -1 0 0 0 0 7 7 6 5 6 6 5 6 5 3 0 0
"e76f316c8d55dfb7" 26 1783 607 4211 13 28 1885 27812 53 95 9979 13 553 282 20 803 415 1732 13 1187 35 66 17520 10219 27813 27814 4 10024 -1 -1 0 0 0 0 6 8 8 5 6 6 5 5 5 6 0 0
"8e592f8110f6b936" 41 453 171 3701 61 13 3405 1749 61 6296 53 2 3405 3219 13 553 113 1029 66 23 27815 26036 13 35 150 36 27816 27817 1697 722 21785 27818 1780 13 27819 13 2204 373 2646 308 27820 4 10025 -1 -1 0 0 0 0 9 7 7 6 6 8 4 5 3 6 0 0
"a3b4c6c1c41dbf1b" 19 87 1869 321 66 863 4093 13 553 1069 2202 2203 2 1015 986 772 722 3195 855 4 10026 -1 -1 0 0 0 0 7 4 5 6 5 4 2 3 9 7 0 0
"110b19cf7556201e" 25 35 1509 9061 854 13 357 3911 799 27821 358 13 553 2337 13 577 504 1071 23 13737 13738 13 2446 13739 5009 4 10027 -1 -1 0 0 0 0 8 3 4 6 5 3 3 3 8 6 0 0
"229f1c7ccabe8339" 23 20 87 4851 93 5196 13 3768 9678 102 415 13 553 5448 5449 5450 4676 13 188 200 61 457 415 4 10028 -1 -1 0 0 0 0 7 5 7 7 7 1 1 5 4 4 0 0
"7f91152e5ddcb67d" 20 2 116 12718 8380 150 9481 8026 13 553 6473 1725 13 23 11033 27822 433 11034 27823 6336 4 10029 -1 -1 0 0 0 0 9 8 10 6 9 1 1 1 1 1 0 0
"9907434c3f3ac708" 26 47 26 1096 5586 13 6141 1854 977 13 553 1362 34 566 13 373 17912 20 34 27824 106 1179 1047 18 13067 27825 4 10030 -1 -1 0 0 0 0 6 6 6 6 5 6 6 6 5 5 0 0
"9a073ccb156b55ec" 22 548 36 917 918 13 1109 1110 27826 22937 13 553 410 34 12160 13 1042 3075 61 1196 27827 27828 4 10031 -1 -1 0 0 0 0 9 7 8 7 8 3 4 3 9 5 0 0
"2f9194999dde93e2" 21 9086 9087 61 87 1013 34 27829 13 553 357 361 1487 1993 10363 2 11455 27830 27831 2 27832 4 10032 -1 -1 0 0 0 0 8 7 8 7 8 3 4 8 8 9 0 0
"01aeb877af4454df" 23 948 8487 2444 11726 13 27833 27834 353 2446 13 553 3829 1232 150 21344 7847 13 386 35 170 645 27835 4 10033 -1 -1 0 0 0 0 6 5 8 5 6 3 3 6 6 5 0 0
"8057408f9fe6a158" 19 481 482 483 305 484 13 553 507 9494 13 1109 2723 27836 13 2 417 150 15971 4 10034 -1 -1 0 0 0 0 9 6 7 6 6 5 3 6 7 9 0 0
"f6cc3adedad6063c" 25 35 373 2873 13 6448 13 347 27837 956 1667 13 553 347 1667 7388 13 1488 2683 61 27838 2 1885 27839 1606 4 10035 -1 -1 0 0 0 0 7 5 5 6 6 3 3 4 5 5 0 0
"1da1948aace63ed1" 25 1109 1110 3253 125 13 93 27840 87 27841 13 553 1934 188 5577 13 171 6548 61 27842 13 3302 4672 2 27843 4 10036 -1 -1 0 0 0 0 6 6 6 5 6 5 4 6 4 3 0 0
"0c299402dec1c763" 21 10028 3104 13 5141 27844 27845 12718 13 553 590 607 15308 13 1510 150 151 463 3768 417 27846 4 10037 -1 -1 0 0 0 0 7 4 5 6 6 3 3 4 6 4 0 0
"543564a99a00b0ae" 26 134 7671 93 7672 7673 13 553 20 4589 7720 150 8249 8250 13 1342 61 359 27847 13 87 150 4337 948 27848 6994 4 10038 -1 -1 0 0 0 0 7 5 5 6 5 3 3 5 6 4 0 0
"b67548198f04aa22" 30 5766 150 36 171 5767 13 23 6672 10892 27849 13 553 20 11850 13 47 27850 13 95 1342 61 412 948 13 548 76 396 27851 27852 4 10039 -1 -1 0 0 0 0 7 6 5 5 6 1 1 4 3 3 0 0
"9b61687aa0006a2e" 29 66 10808 10809 13 2 27853 1488 1109 1110 27854 13 553 1109 410 14934 3327 13 27855 27856 1016 20107 2007 3302 27857 13 2 16113 1192 4 10040 -1 -1 0 0 0 0 9 6 8 8 7 2 2 1 3 2 0 0
"388aa2d4bc218290" 16 347 2852 15668 116 845 2318 13 553 2049 61 24612 13 1549 3812 27858 4 10041 -1 -1 0 0 0 0 8 5 6 6 7 8 3 4 2 3 0 0
"2642725012645ef9" 21 191 2027 61 27859 13 553 347 2852 863 18939 13 25 5217 1628 13 553 3385 616 27860 24573 4 10042 -1 -1 0 0 0 0 7 7 8 7 7 5 2 3 2 2 0 0
"deba96248c51e5d7" 15 23 1588 1995 27861 13 553 27862 6791 4337 27863 13 93 102 1187 4 10043 -1 -1 0 0 0 0 8 5 6 7 7 7 4 3 7 5 0 0
"87a73765c1c31042" 11 5251 1187 13 1580 547 61 10698 27864 27865 27866 4 10044 -1 -1 0 0 0 0 7 5 6 7 7 4 2 8 3 4 0 0
"b18c138103d1924a" 18 1408 87 920 13 547 61 603 18989 13 553 339 797 13 93 771 53 492 4 10045 -1 -1 0 0 0 0 8 8 9 7 8 6 3 3 4 3 0 0
"de52abedcfc6e412" 16 61 3747 1207 13 359 4007 4008 4008 13 553 1319 27867 607 1930 2697 4 10046 -1 -1 0 0 0 0 9 8 7 8 7 6 3 2 2 3 0 0
"401f249989e889eb" 17 2 6290 521 326 116 845 13 553 1013 3298 421 1913 13 636 12574 27868 4 10047 -1 -1 0 0 0 0 6 5 7 8 7 6 3 4 3 5 0 0
"cd268620a2a6285b" 19 345 7026 7027 1109 7028 13 636 8395 13 553 4176 117 2006 9463 13 417 1182 14561 4 10048 -1 -1 0 0 0 0 8 6 7 8 7 5 4 3 6 4 0 0
"183593392af4b3de" 19 4176 2006 9463 13 402 93 608 4351 27869 13 553 347 286 2477 13 27870 150 27871 4 10049 -1 -1 0 0 0 0 9 8 8 7 7 6 4 3 5 3 0 0
"a080334c5affbf2d" 17 704 4214 22043 13 191 27872 113 1113 13 553 1829 386 13 1580 27873 27874 4 10050 -1 -1 0 0 0 0 7 7 6 7 7 5 3 3 2 3 0 0
"b2254505a0cd2480" 20 3436 9589 521 13 1549 134 16579 61 2470 13 553 150 27875 13 25 3747 13 305 2696 4 10051 -1 -1 0 0 0 0 8 6 8 8 7 4 2 3 5 3 0 0
"9b984e37a453ed51" 16 507 9494 13 5140 171 1342 13 553 703 2605 13 93 117 4824 19236 4 10052 -1 -1 0 0 0 0 7 7 6 7 7 6 3 4 5 4 0 0
"5a0538fd56ee219a" 14 9086 24585 742 61 87 13 553 134 27876 417 27877 24426 7069 4 10053 -1 -1 0 0 0 0 8 7 8 7 7 4 3 3 4 2 0 0
"40795a6652b811d7" 21 357 637 1487 1993 10363 13 347 7428 330 16108 13 553 347 1667 7388 13 1013 66 5141 27878 4 10054 -1 -1 0 0 0 0 7 6 7 8 7 5 4 4 4 4 0 0
"181e12a813a5adf6" 19 590 607 15308 13 1319 66 23 1889 13 553 87 7949 13 2 10028 3104 18292 1033 4 10055 -1 -1 0 0 0 0 7 7 8 6 7 4 3 3 2 2 0 0
"2bc0a7a5fea8c26e" 16 20 2887 4589 548 2747 27879 13 553 1109 1110 5682 2 14566 21388 27880 4 10056 -1 -1 0 0 0 0 7 9 8 7 6 8 5 5 3 6 0 0
"24f0be908938d458" 18 5766 150 36 171 4899 8776 13 553 357 150 87 1507 13 12697 9648 331 2873 4 10057 -1 -1 0 0 0 0 7 8 6 8 7 8 5 4 6 7 0 0
"135bb2889dc604c9" 22 66 23 1588 1995 13 144 87 457 890 36 13 553 1189 1829 386 687 286 1403 330 1978 6265 4 10058 -1 -1 0 0 0 0 8 9 7 7 8 7 6 6 7 7 0 0
"4a796f440a1c0539" 20 95 12164 300 27881 347 347 330 441 13 553 357 1109 803 14934 3327 482 27882 61 697 4 10059 -1 -1 0 0 0 0 6 6 8 5 4 4 3 4 6 5 0 0
"b563a6e42382a6c3" 19 1013 645 305 297 11489 2351 13 553 20 313 3241 27883 2 596 1155 353 20 11850 4 10060 -1 -1 0 0 0 0 5 7 6 6 5 6 4 5 6 5 0 0
"20e0a1a56095450b" 21 20 2027 920 1473 27884 13 553 27885 61 113 7034 1182 13 106 504 14177 2 27886 27887 27888 4 10061 -1 -1 0 0 0 0 7 8 6 6 7 6 7 6 4 6 0 0
"1835d538b68c7261" 17 35 373 2873 13 25 4703 16510 13 553 171 1342 61 20 27889 16665 24573 4 10062 -1 -1 0 0 0 0 6 7 6 5 5 6 5 3 3 5 0 0
"d50dfeb2bc13d562" 16 117 1897 1890 66 9463 13 553 2 1130 21097 27890 1122 27886 19179 27891 4 10063 -1 -1 0 0 0 0 6 8 7 6 7 5 4 3 3 6 0 0
"a2a43590b22858d4" 26 27892 19104 6727 27893 13 553 357 347 2204 286 6687 6623 13 113 12205 61 171 27894 13 553 2 347 463 27895 10155 4 10064 -1 -1 0 0 0 0 6 7 6 5 4 5 4 6 5 4 0 0
"6a1cdea64869ed06" 19 20 4007 4008 13 4008 28 14281 13 553 184 87 150 193 11954 13 1071 772 3007 4 10065 -1 -1 0 0 0 0 7 8 6 6 8 5 4 6 4 6 0 0
"f02c22c43713d791" 23 1047 27896 2 27897 2316 9134 7748 18728 13 553 2 191 14406 93 14744 14407 13 25 1664 3327 2358 1047 4 10066 -1 -1 0 0 0 0 7 7 6 7 8 6 4 5 4 4 0 0
"ba87f4efff238ff4" 28 34 35 1667 12920 27898 13 553 548 87 36 590 20 188 27899 47 27900 13 553 357 713 35 2928 417 724 417 7847 15159 4 10067 -1 -1 0 0 0 0 4 5 6 4 4 5 5 7 4 5 0 0
"a94894335f8895c0" 17 341 5188 35 27901 27902 5177 13 553 373 1187 35 7028 749 547 27903 2316 4 10068 -1 -1 0 0 0 0 5 6 6 4 3 4 5 5 4 4 0 0
"2b50346dbfc81936" 23 41 19515 27904 27905 2 34 26 27906 13 553 847 530 4176 1890 34 6282 297 2346 22937 1232 353 27907 4 10069 -1 -1 0 0 0 0 6 7 7 6 6 5 4 4 4 5 0 0
"bfbd4d22218264f8" 17 20 2887 4589 2 27908 1007 1251 13 553 7748 18728 9134 13 1013 27909 27910 4 10070 -1 -1 0 0 0 0 6 7 6 6 7 4 5 4 5 6 0 0