"5a2b7701eca34969" 6731 3319 6030
"ca8c77ad1a3cdbf2" 3404 3939
"a738a40c9e7d312f" 4178 9571
"4fbbbcfa7c9cef17" 3422 9733 7324
"80551f261807e054" 3261 7362
"65bc28ff34e9f6aa" 164 1508 1973
"b5081adab775ce7c" 1170 11012
"a6e27410cf600d9a" 8398 775
"2bef8de7d9a0be75" 6113 1176
"ec856d811a324cba" 1711 8953 8985
"0710a85cc0058912" 1265 6534
"3a53bf280d9ef7eb" 11526 11624
"15707939b69a6a73" 4600 11852
"7138fca643b52a42" 10608 9924 3946
"f8a9ac139b3dab77" 11777 4096 8605
"c4523fc5f1758a20" 6685 10022
"0fa787492588ce7f" 6745 4798
"b0bf7fd8207628e1" 1369 1986 9127
"61c635c0a14734f7" 9010 3014 3261
"c2218898aafcd55e" 3939 4600
"7e9dbbe178f3d977" 2831 6030 11777
"a2455afcd3a85821" 3404 1369 10608
"2fdcf949fad4dfa7" 9733 11012
"5c2f523cc69b39ea" 4096 1711 6745
"c1f1f2e4ef946af8" 4442 8605
"fff635424d26b537" 164 5438
"4485bfc3c76cec82" 9924 7362 3261
"3c456a6a24bf592b" 6113 1170 775
"dc34a422917d6206" 3422 1986 7324
"eb47aed639836f20" 6731 7362
"671fd377ba86e1fc" 3319 4798 4600
"b5794a86f6bce2f9" 3946 3422 4178
"1541a89f20b53b4c" 9859 9571 3014
"4c5ac44795005f16" 6685 9010 11852
"f1e14cbcb2ba8981" 6534 1265 3939
"f83544f35684d2ab" 1176 11624 10022
"92768a25a4a81f04" 11526 4096 3946
"c86c57d7d56f2343" 9127 1508
"78ccceda965d1714" 4442 10608 164
"27a965558ca22a76" 8398 8985 10022
"af237c766ae17a15" 2831 1973 1369
"9eeee84c01e14c78" 11624 11852 7324
"9997aed639836f20" 6731 8605
"1982cadb9bce030a" 8985 4178 6685
"36669b0f3d990758" 8398 1711 8953
"16489b16b9be9c46" 9127 775 4798
"38303bfa300a99e4" 11436 6746
"fd2b12426a3d53c3" 9764 5740 9430
"c2df5f0b6f92aaba" 7013 7868 11434
"61a0add98afd50e8" 9245 2544
"a2d697cdda5f2375" 4549 12116 6544
"7680fc604fd58e30" 5040 2279 11763
"e4eb85100d522800" 9726 9083
"d0f3f171f51f2d75" 10851 3851 8218
"200d2d9b6cb28e1f" 10868 10288 8501
"4ffadec097157e32" 10029 9214
"9e71100df7780cfb" 234 939 3127
"10a4b1a73d7c8db8" 3867 12149
"dac3a26b45fd8194" 2189 9943
"bb30870ef58443bc" 5285 6519 4026
"a6a30e8c1e6f544f" 6193 2112
"a0e9e4cb79231da7" 11282 10822 1617
"526df11c43b033cb" 8076 11278 2234
"5eb0ce6675a82982" 5686 58
"a5a0b83b13c79b48" 11205 11436
"2354e525050c0477" 10851 9726
"cc5f6ba5263730ac" 8218 2189
"fadee0f3788f25d4" 7013 12116 12149
"2ed6dd0d0b116af5" 9245 10868 6544
"6b350f51e3b242a3" 8119 7868 11282
"4999eba23ecba939" 5040 3127
"8b48300895cd1988" 6746 6519 4026
"e8b8cf836fc0e7dc" 12110 939
"7d486e409fefc260" 3851 3867
"a80a9b47f9868699" 234 10288 9943
"812cf3fa4302f68c" 6193 2544 10822
"0ea5c0168e624edb" 11434 1617
"0d1e891bf15d2a06" 8076 9214 8501
"1009a9926ce7f48b" 9430 9083 11763
"920cd72b83056bb6" 5740 2112
"8c1b47d447031725" 5285 2234
"408bdec097157e32" 10029 11278
"bf8361bfe8cae798" 9764 2279 11763
"a89669df2de00c48" 11205 11278 9214
"a277c9e72e9f9b08" 12110 5040 11763
"5812f140dffe3ae2" 6746 11434 10288
"6995971b9a33c0ef" 939 4026
"47047337f322fb70" 5740 7013 9726
"83c2add98afd50e8" 9245 11282
"5af30a9777aea110" 6193 9430 5285
"44e20374acc307c6" 58 11436 12149
"b52c5b7d6d22afdb" 9764 8218
"8a452906c1f450f5" 2138 3113
"406ef67d687a1336" 4452 387
"222405ebc36aa7fb" 3621 5836 5136
"76d478c63542e3fd" 9745 11997
"b909127b4c46db53" 5994 8268
"1228002c89ef991f" 7472 6468
"8780345ccde66582" 11111 9754 3678
"bd0e3c6050be3c88" 10133 9629
"f8fd86f9af04b7a0" 9551 3935
"bc6dd685688f8501" 8755 3591
"3fb2549dfe535f09" 9884 10611 9111
"bc4fe9ae205e776c" 2633 361
"4e8cbb1ed2de9e46" 9761 1418
"e6048f97b2a847ed" 1211 1218
"28d0ff6e5c3729c2" 10445 7861 10099
"62ed92268dfb3d68" 3108 3557
"8fe030e0743ba5fa" 9715 4431 8065
"89312cd29415a7a8" 3660 3407
"2af6cb9ae24e6c01" 405 8804
"9e4cd8cf6eb4a63b" 6484 7480
"d99746e8768c7298" 8509 5847
"3646bd04c38e161c" 181 6789
"9e7cc995a40baff2" 1757 5123
"29ff3ef00ce41c99" 7653 3652
"c802d3b4c64d87fe" 7150 11401
"6a92af487a165b74" 5345 5772
"e79b0c8810f13272" 3786 8527
"1cdd8b46406b64b9" 7883 11077
"fa7c4eade44079d0" 11704 5610
"dee469bf6a1fa513" 10824 11350 4030
"28a2e7619bbc4a14" 1062 11687
"5b81bc18f208818f" 3405 5407
"601353869507f3a4" 680 4881
"6239f316781d43b1" 299 2506
"bec89d62699457cd" 4275 1959
"b6722207b949ee56" 4866 6756
"b80cc05c862a2d39" 6756 9994
"c3c17b0081e2cece" 12168 5948 8863
"5689d1e362fca452" 6873 2483
"1f549c65ba0f4876" 6789 6275
"29cbd8cf6eb4a63b" 6484 5345
"84fca9cf503ef643" 7480 5123
"09cdf4fc5a8d13ae" 11401 7150
"dfc07ec9de1ed077" 5772 2932
"c0f90c8810f13272" 3786 1757
"32a0e7619bbc4a14" 1062 3400
"418223ab94092ada" 5610 11077
"7f57551601873974" 1959 8527
"332759caf5ddea55" 10824 10526
"4a3cc995a40baff2" 1757 4030
"f92cc05c862a2d39" 6756 10526
"2434cf9517c4aa7d" 5948 8863 9994
"0e83d48ecba54716" 2506 8625
"61e362b06fb0fadc" 5407 11350
"3d3cc5eb6ee709fb" 11687 299
"8961bc18f208818f" 3405 4866
"ee1830e38e0af332" 4881 6756
"8a617ec9de1ed077" 5772 5407
"8b415996be445846" 3786 8509 5948
"234d4eade44079d0" 11704 8813
"49ebf325d5a098f9" 8527 8804
"8447cb9ae24e6c01" 405 9994
"c7cb6e8557e1278c" 2932 299
"529223ab94092ada" 5610 11350
"7325576e248af4b5" 11675 2859
"ecab6484527de997" 9526 11299
"ea088b5924f6f80d" 8071 4169 1873
"3531d4db1607a209" 4047 1955 7260
"0d046c9cd7d583a8" 8670 9117
"452e168bc5b311ca" 324 6003
"b32e525aba58c5d3" 1008 7911 12167
"aac3024393414b92" 7540 5977
"1b9d6ce0a57d735e" 4927 2005 704
"94656b22aa863985" 8674 7288 9014
"68fcdee51474136b" 172 8797
"7b00280a5325ebdf" 893 4273
"2b0bae0d40fb4c33" 4035 4935 5971
"10267b39dbc2f2e0" 10334 600 11442
"d13f1a874c4cea23" 10929 11753 6374
"e5ea40f97bf0bf7d" 1915 7922
"f4a042da7d9a62a3" 6661 865
"d6626e8524d0f02e" 6576 6900 9744
"48f6ceac7d5018ef" 1008 7911
"169c3af3e012766f" 6515 8797
"f43fd1adff0c37ba" 11675 324 4927
"ba936c9cd7d583a8" 8670 7288
"cbca0c869f660dff" 11304 4935
"881a267c8de55a90" 1915 893 6003
"d78b09470c30843f" 4241 7971 6900
"44e6d74caa0ca572" 11753 600 11442
"261f6013a49d5760" 7260 4169
"722d7f1c00902eef" 9526 1955 4273
"897fe6f57d4cac99" 6661 865 2005
"0abea5ce437a4028" 7911 11299 1873
"2fbcc42748951e74" 2005 7540
"de8281cc3c7eb3fe" 8797 12167
"101999a9c5fd6b7e" 5977 4047
"08c240811ad11c21" 704 5971
"c5faefb5be05a9bb" 10334 11675 6374
"5ddcebd497336e28" 10929 2859
"ee5631764bf43aba" 8674 8071
"663933a31f2c512b" 6576 9744 9117
"d8cb2f332913feb0" 600 7922 8674
"c03cda1d7176c0f9" 1008 4169 8670
"7aea3af3e012766f" 6515 1955
"f01c9cde5ce38604" 4241 6661
"f17dfe10a5729a32" 2859 4273 9526
"71925089ef908b1b" 11304 4035 4927
"b7c6a59e5b6877a7" 7971 12167
"6ee81ca0b0bed7df" 8071 865 1873
"d6eadee51474136b" 172 324
"9d75dd9339eb0c5e" 11311 3277 992
"6e7a4cbcc632c448" 4999 10185 2313
"681159759092c6bf" 7274 8247
"d494e2ed901ec6ef" 69 5770 7157
"a772e828329a6a0e" 3226 6075
"8f1494b6d33e9739" 5694 1397 528
"94d0b0551d1eee37" 9147 5107 11638
"2d16dd7983802298" 9595 9961 10817
"9eee6f4cfdbf3776" 5096 8372
"1a63e3fe2a4f0757" 11307 10458 7523
"d1913e2225e6f0de" 4877 5659 2336
"16e737f2dd4ce25f" 10511 4710 8579
"75cdc778e8db52a9" 7237 8568 7529
"56cf6e7f291e85df" 5 11863 11940
"a3c50bf7498dbbf6" 2390 8028 5375
"3c2891896b4b6ee8" 9806 1831 2497
"c14c1907839fc83e" 4999 6075 1397
"6e47391bc8c9cfaa" 7274 4710 1397
"4c11671f1edcacd1" 690 3277
"88fb5bf8beb0c07c" 4999 11863 7157
"e3ef559f9a599536" 7274 5659 8028
"80922aa22b6b1919" 1357 992 5770
"d9569795b99d2fbe" 11493 10511 11940
"781f6a91e9673a8c" 10185 9961 8568
"235fd9ed32ff9dca" 10511 7237 10817
"24f08b6722860009" 4710 2390 69
"45dcf49901cc60e1" 11311 5 8579
"08687b1f9587851c" 4877 9147 7523
"d37dcefd72e52f8f" 8247 5694 5375
"c2a2d08cb01f782f" 9595 2336 528
"2260d5a236ae4bba" 5096 10817 11940
"6d68be2ab67bdb9c" 9806 2313 10458
"f36178fd3c4abe88" 2497 8372 7529
"05904d25ce8c7b47" 11735 11638 3226
"63dfa0551d1eee37" 9147 5107 7523
"0af40b7bc31353a1" 1831 8568
"6ed995907b5a62b0" 11493 11863 69
"ad9cb8c598806851" 11735 5659 8579
"36ad02db0cb611c0" 992 9595 6075
"231d0a57668219a1" 1357 4877 11307
"0a1e41bc12df33b6" 5 9961 7157
"20cddfacba423355" 2336 7157
"d69ef5b44121ddc9" 9806 5770
"ec662f61bb2797d6" 3277 1397 5375
"f72f1502b48e64a4" 7237 11638 11307
"52830e31c751a112" 5096 8372 528
"ed13f10ca6f09189" 11311 4999 5107
"8a4c5c36948be448" 4410 4297
"5fe1aada5e665437" 1834 4582
"6e7b9083b3f0686b" 8637 11936
"cc4a70bfef9fd42e" 6842 5485
"886f570cbf421da4" 7498 473
"423f10882cd71441" 4297 2882
"8b159591b06b560d" 1402 4568 5485
"437d7da36ade4507" 11936 6842 473
"f5d7fc170ebab1ab" 7496 7498
"88499083b3f0686b" 8637 2882
"3bff7ea7dd4024fd" 1834 7503 5485
"e319d29a6b71f4c2" 4568 473
"286120882cd71441" 4297 11936
"9e50670cbf421da4" 7498 4410
"c2b99083b3f0686b" 8637 4582
"5e98f9eb89bcca4d" 7496 2882 6842
"6b3424574127da8d" 1402 7503 11936
"2d18fc170ebab1ab" 7496 8637
"12fb5c36948be448" 4410 2882
"c25020882cd71441" 4297 7498
"c2b2b3f1764ff166" 4582 11936 5485
"7fcbc115bd7372a5" 1402 4568
"95a2aada5e665437" 1834 7498
"5a134c3833a13621" 473 8637 2882
"4bcad29a6b71f4c2" 4568 7503
"912150076f4bf885" 4297 1402 5485
"99ec5c36948be448" 4410 6842
"62327bcb7890f2f0" 4582 473 2882
"240e7b09bf82488b" 4297 7496 11936
"096a9083b3f0686b" 8637 7498
"742206e7ea4e1df9" 11936 6842
"58dada19cea2c83f" 1834 473 8637
"de17fc170ebab1ab" 7496 4568
"70587e053fb62260" 4410 1402 2882
"8c9f10882cd71441" 4297 4582
"25899e6ebc5a779e" 7503 7498 11936
"a8b1cdb1fc9f0e84" 473 4568
"ded8c09396a3b347" 8637 4410 5485
"1505d85439890fbc" 1834 4582 11936
"14ef518c1d497ba2" 4297 4568 7503
"743925693c3131ad" 6842 4410 2882