"38b1fbccf16a6026" 10480 11523 9571
"41e0bcf4f62412d8" 5744 11511
"446f15f408c1805d" 11567 1972
"66a7a2b1fafe407b" 1980 3437
"2d51aa522f24bcee" 6707 3436 4450
"79dcca5aca5d9a7a" 11439 1415
"767985fe710addcb" 4547 8275
"c57e7b87393b0286" 6881 1602
"bef3f9d1d97bc69c" 4763 6111
"5188cf862012a780" 833 539
"c5eb59be3287cc8f" 2015 10239 2345
"ea5d6cee751abcf4" 1270 6651 2560
"f8f21d96ac86ab74" 1982 11772
"a38f3aad6040fce1" 6184 7701 5048
"3638356409449aac" 1584 1414
"9ee2e460eea919ff" 1169 9183
"6b6df8a410259433" 8989 9104
"ef76d2d235cfd62b" 11785 11769 6111
"199027535a90ab6f" 3198 6718
"a756a64424372dd6" 9425 10032
"3db8df60f9abba84" 8880 7572 4182
"a44d35651575d730" 8220 2091 10518
"4c4d86b04bf62d9b" 10877 6345 6529
"a77834aee8e1095b" 7963 11275 5647
"86fc7dbf11ab1eb4" 7659 8268
"09c8fdc5033167f2" 7577 12005 12133
"dd650868f83b1d81" 4987 11121
"b69d5819f49e753b" 10281 723 4250
"46b44254c9a72e2f" 3867 10284 2572
"1a318e1d3f2487ff" 10624 5265 9403
"8bf43a861718328b" 12009 10932 10618
"60ca0988a3a49b8f" 134 1611
"ff389b1a3463e970" 7690 6663 7297
"7920e5f3eb5ae9b9" 1203 6483
"42888ca563295b02" 9546 11125
"6fe144b1f1257161" 1846 10624 6663
"33b77e2022787fc7" 10032 4182
"e0dd5dd16db821c8" 6110 5054 5265
"249dae2c9ece83d5" 10281 10624
"a5ae23b9d2cfabe8" 9425 11121 3867
"347a40816a561f9e" 7297 3198 7659
"8c2891150d067ff0" 10518 134 2091
"0eede2f535ac5502" 5044 7659 7572
"78a30868f83b1d81" 4987 3867
"ef033d79cd6b640a" 12005 8880
"3d49ddee03a67ade" 6110 6345 6663
"77d546ba64d11ce5" 7963 3198 11125
"80eaf8703632bac1" 10618 12009
"eeac1366dc07d5be" 6529 5044
"71ced5f3eb5ae9b9" 1203 723
"bb1f143e51f36063" 9403 5647
"5e7ac1e0affb3b86" 8220 7297 723
"9499faee165aa56d" 6718 1846
"ce551547dea098d4" 11275 10032
"41c88ca563295b02" 9546 12133
"d10bfaee165aa56d" 6718 7690
"4961ac547d39affe" 4250 12009 2572
"670cf53c8fb3cb1a" 10284 134 6483
"e8983b6e818a12a9" 5054 9425 10618
"5fea327d21abaf9e" 8880 6718 4182
"7b130868f83b1d81" 4987 1611
"d8360253319a1b1c" 12009 11275
"b9b9b141f94b9538" 10932 10877 12133
"8ab055bd3da175a1" 5217 7950
"fef672e6974a562b" 11379 4587
"b858cdfa1c843630" 11408 9163 4259
"db9a81022b724a38" 11209 3777 2486
"e7d0e8936c62f387" 4200 1422 3415
"27a5768fef4e8277" 739 7358
"fdb47b8eb584cc69" 3120 8529 10505
"f696277e17825d39" 10247 9485 11422
"58697b21f5e07326" 2621 7871
"915688bf148ef9e2" 7354 2489 5857
"9e8e2e1a44aa694d" 9760 10869 9935
"b6859a1b078067c2" 4591 7195
"463dbd68865d8ff9" 11959 7916
"0ea6e4e6cfdf5c87" 7929 2146 10428
"dd32be640a05b4dd" 3110 5545 8745
"954561c11c1f0a63" 8313 3415 1284
"bd8ef36e1bd1ed13" 10505 11422 7195
"111379f7284b3e5c" 10131 4200 10869
"7c579d5ec45ea534" 7950 5217 10131
"b8f14b8f2095e684" 4259 11408 3415
"a8fa852aeed1328e" 8084 4938 9163
"76d99d054d8578ab" 6171 2066 5857
"8c7223650c210c16" 6603 11209 10247
"40541384bc211afc" 739 7358 7354
"5ec6cee39f961509" 5272 3777 11959
"3ed68782f181c50f" 1422 9760 10428
"d00876c322560926" 3617 2486 2621
"4559b7eac7641a4a" 4587 11379 8529
"532a611b6536bd9d" 4230 3256 10142
"33dc328397d3198b" 10629 7365
"c960152c1aa0d4cb" 10272 5955 11404
"1abb82203e5e51a6" 10543 273
"8161ea84ac053c3a" 5864 6912 9255
"f7fafb93ae53c06b" 11931 7027
"958fbad1e87311a7" 11581 8672 10859
"c1a4b01570915730" 74 3693
"fa07fc96c2d62bd0" 326 10674 11302
"4edefe0f35158408" 5612 9140 4651
"c4041f031c2371ad" 5600 10879
"65555854a12d2b2a" 3162 4014 10701
"8eab80a32178bbf3" 2456 9923
"cd1ab2aad7c30df4" 1233 4643 3859
"fea4f0a5baf3d5bb" 1965 1735 4502
"e01cbefb830e50c3" 11993 11868
"9345cbf188af9af8" 10152 2100 4836
"e5891c58000d41e5" 276 1735 4230
"8494e4caa1cc90a4" 10629 11581 11993
"487647721203b23d" 11073 5955 4651
"7c655e18977add29" 11376 326 6912
"349952e2056a2776" 3659 276 7027
"6e99c5a2144d58f7" 7365 10543 3693
"b26087b74bf1a587" 11931 1233 10674
"4c58661c89c71b97" 11404 9140 10859
"35f44a8f434ec3f0" 4014 10142 11302
"26474558d2444d0f" 5864 1735 4502
"ec916aa05a74653f" 10879 4643 9255
"d2de61170956e6c6" 8672 3859 10701
"119b8d80569085e3" 5612 10152
"3a73c99b79c5f85e" 74 2100 11868
"cfbfe90f10c4b7a4" 3162 2456 273
"b58c277af956b469" 3256 4836 4230
"79406444b5b709af" 371 10272 9923
"918af0c726b65e83" 5600 11931 1233
"16a22fc7b12933bb" 11073 4014 11993
"b2d40e49e05619aa" 3659 3693 4502
"285fc7570c1d32f0" 7365 1965 4643
"58f51c2f9643bbb7" 5955 11581 10152
"a4aa5d4bb33df7f2" 10879 276 11302
"bb8694cde0ffb2b1" 10142 4502 4230
"61983d74b11efee5" 74 8672 3859
"3d379a57fd20c998" 1735 6912 4651
"35865e18977add29" 11376 326 11404
"5ff28c46e20ae609" 11931 9923 10674
"92fd2d0e2a2ee9f9" 7027 10674 10859
"4ab4dcd57575a3a1" 7091 11176 6568
"fe31fcb0ca60234b" 3236 7470
"ed20dae89fa5b495" 11262 12126 4641
"bebcf8a550ea2f64" 5230 6504
"959bb62e91605721" 4892 4851 5373
"ff452174fc5ea8dd" 1073 9941
"8286f4ee42019b8d" 3698 3967 746
"0ef837beacc28b50" 3782 8421
"743ede57349c39be" 11758 5115 11745
"3dedf7fd079054c2" 11294 11360
"5c459accf27224f8" 4029 2841 8242
"77370c54360f4801" 5415 3919
"cbba5259dba0c14b" 4906 685
"ae606bc593be8335" 2037 3788
"cf653ce8810c53f3" 694 10449
"6f2d99f9b363f945" 5159 4166 10976
"f2b832e3851f1fc7" 9678 8262 8794
"d03944afa01dfb9f" 7021 4055
"daad86b12f496bf6" 8142 9986 2380
"9d6df03507acc190" 9344 6892
"32b7093f3d521df4" 11620 10914
"365992b259f1b15b" 6764 3815 1235
"c4eed698c61a253e" 1947 5440
"348f3d4b3326666a" 6199 2123
"68541b26b9b21b03" 10748 4163 1594
"a19ff9e629799bb8" 2374 6251 9452
"f71dc2ebf1aa6219" 8035 331
"28f57124c877bb6d" 8553 5005 8063
"c51a1b08c656ad7a" 2379 496 5728
"476eda291511baac" 10263 10322 2386
"a718e8f885d2bfc3" 11643 5261 8085
"b348d589f9bf11fa" 7510 5104
"23118c4f10debca1" 5286 7639
"7befa21cc6c2ed06" 5000 5519 1059
"83bd54c7cbc8bcd6" 1006 7989
"a14b3c99ef94b117" 2328 4093 5728
"64f6d255a38f90a6" 5487 9590
"5ab0c7d05c93b1ea" 8894 609 65
"6929af9ddf518f1a" 8895 10166
"e648781f5bcec747" 2018 4103
"61dcb8fbaa6323fd" 4689 8012
"29199c6d1472a3a2" 11764 8637 476
"fa25b28f5fa2f7e6" 11210 384
"7489e9358e6949de" 5181 7809
"39a76ba402937b37" 4291 1361 1842
"6d13eb86f32aac72" 3229 3126 9642
"56e449b3be65f018" 2043 9803 11226
"7a981133d03c084e" 4870 4576 2952
"79f16d20e4865462" 8704 9258
"671b7f0c45a534ea" 2339 4738
"203fe07730420a9e" 4583 2330
"2106e4a466e5d2ea" 4009 3792
"f39297f79e5f4139" 3278 476
"d8ebb8fbaa6323fd" 4689 4291
"77708c3e32cf42f6" 4576 9642
"516491d1f8afd409" 9590 9258
"4d027a230795d99d" 8894 65
"5c215062ec1053d9" 3126 2330
"c5618887cced6b93" 3229 10166
"b054f6d02d689578" 4870 3792
"c6598d8196561025" 1853 1190
"13c4d255a38f90a6" 5487 609
"11b4320cc82130f6" 1190 10166
"c152c6f52c6acbae" 9800 4103
"3cf6e4a466e5d2ea" 4009 7809
"0a5ae9358e6949de" 5181 11226
"94541b5b569bff09" 8012 8704
"0e3e9a84b8659550" 2043 11764
"a46c5c48b250f934" 1361 384
"e468781f5bcec747" 2018 4583
"de6bb8fbaa6323fd" 4689 2339
"bb39f116166fc471" 4870 476 3792