"a932a6118a0adda6" 7295 6650
"ac19ef29fbc726c9" 10046 4813 9578
"a721ebbc1183141b" 6734 6060 7031
"9e4f237b8938f6c8" 7322 5418
"598a1354be32d0c2" 9578 582
"ec7ef4ff1bced252" 124 10517
"f844e0c909f6d155" 11880 1048 742
"8569a6fd9e443a6b" 4484 3501 3426
"cc65c04e2b51b267" 856 10742 6893
"bca707faced34f87" 7521 6292 12021
"67d206aefaba5860" 1608 5343 10002
"4ef4377a2596c175" 942 10017
"9ca5c118a7e327b8" 8487 3544 9417
"a409ecbf39118873" 11895 11991 9671
"0e55d60c195187f9" 6834 6377
"d574cb7566eec7e7" 10262 6994
"f3f6cdf3f350a20d" 10831 7695
"7347ab0da6aeef0d" 290 6908 2608
"51a55a2ca00b49ed" 6646 2582 11080
"9c982dff7e3d56f2" 10084 1864
"7b85677e3353cd30" 2617 3871 122
"f1fdd7f70cf843f0" 8075 2942 6189
"e2b3f83caef5f0e6" 7778 583
"720b757ae9e7ddc8" 10798 2168 10472
"e161431dd68b69f1" 9434 10634 7913
"fa3e96ee11a229b7" 1406 3932
"d4267cb03cf7b272" 3829 10439 11372
"7f435ea5c3c110e0" 3991 791 1300
"2c67bfe98b29433f" 4012 7887 1578
"78dbff5eb285d12d" 2711 9903
"7370d592b5374125" 4278 2437 10567
"665f3c7cd57e740c" 1292 6888 2793
"8c5c27fe55ec8eeb" 6539 10124
"8d00fb88d1ebbdba" 6908 7695 2608
"80f002a7e88e3d8b" 47 237 6511
"e224e226d87408c5" 3440 5649
"f653b0833d178aa1" 11088 6936 3998
"fe37d6e79047373b" 4922 11220 6936
"d9e1049d37cf2c46" 9738 2094
"c80a412f70c295a7" 7935 9897 6679
"755f22c5c0794199" 5868 5870
"ea37b2a26b86679d" 8871 6
"000532a496d08abe" 3892 1225 10862
"3aa1795d5c434dad" 5778 9655 10605
"c80a02bd75eb0461" 1233 578
"781b91397cbf0e9a" 10091 9963
"7ba4478b47dc8f61" 6100 7364 7942
"c558ff2c1e7a60de" 3866 7024 3001
"3c1cda138deab1e9" 7979 5323 7176
"f67df1da2222a746" 6329 11357
"e48006c52f204884" 10516 9181
"0e2743c4cd95d1cd" 10955 9316
"bf4f22c5c0794199" 5868 5778
"7f16f27be8ccb593" 5323 7364 9655
"1d6e54dd6d9750aa" 5649 3998 1225
"ea46992fe490b835" 2104 9738 9963
"1da6454ce4e3f515" 3440 2094 578
"74b824ba61633e1e" 47 9655
"892b2d221aaf6ee7" 3998 5870 9963
"e637a5cb97ed90da" 2089 11220 11088
"f9f18919a0f140f5" 11357 1233 10516
"e7e1f39968ad75f6" 9655 7942
"05718cd0a3d24da5" 578 6329 11088
"5d87d31d8a135bc1" 3892 7364
"04607d8887d5d886" 6329 11357 9181
"4bd97649e78ea6be" 237 1200 6
"f52a81d966ff2c5f" 7935 6679 6100
"52c98dc23a33471a" 5323 1225 9316
"d086af1638d86e76" 10091 6100 11357
"a17cf1da2222a746" 6329 7176
"b5e8bcd1fa38a5c6" 237 3866 10955
"459d3a16ac205bd4" 7935 3892
"08aa66c46c28ce0c" 5649 5778 10516
"9e010c1aab2069ea" 10516 10955 9181
"3e74ab9105447421" 3998 10224
"a8d30733d5618d9b" 578 3866 11357
"f474d98166446a0a" 47 8362 9181
"6271307cd531988c" 9963 7979 5323
"f04ff5c52f204884" 10516 3998
"0a3f46522861b026" 5961 5950
"fedc0d3817d76cf4" 619 6067 4908
"cc74f21889c1b929" 6572 5539
"222fa0f13c307141" 5170 5377 9482
"a129da0a74f9b765" 4213 2940
"b3b85f1305f41c74" 10401 1889
"3b3aaa370e3235bc" 5606 7925 3683
"cc0d61b70c3c00fd" 928 622 9549
"e75df4c664b1235a" 5976 8803 10966
"c60b5ab847dfa464" 82 8789
"4a7e33f4fa0eb882" 4608 5448 7987
"0f434a1d5fc9291d" 8780 9647 5976
"b0e75ff1899cc140" 5222 7664
"01d47fb9710afbd9" 5357 602 2880
"23c718d2611851ea" 6666 7389 598
"bd4a3c3f270d12da" 485 8077
"4ce9e8a04103edd3" 8906 661
"a2688090c2ed1cc6" 9264 589
"5d8d3bbc086bbbcb" 1161 8243
"51235b078c8e2102" 1035 2905
"90094f33727c6f0d" 4220 336
"2d2001865449bfbb" 9344 689 332
"408ec9ffbb34bc70" 5481 6409 5557
"48a9677561374b32" 4950 11321
"5a7d86b504d106c7" 4437 7648 11743
"ae9d3a3f469d748a" 2349 22 4174
"ec236667d492d130" 6754 11751
"8833dc0fb23d7473" 2861 5010
"fd47d1c1a6decfdc" 5453 2377
"b0e5cd3065839ee7" 7181 6137 8520
"2836478e9102584e" 5494 4503
"fc239d1b73ddfda5" 8243 1035
"fd51f2035d8bfbb7" 1121 2880 5453
"3da388d6b88f80fb" 598 5010 602
"429ac4838ed05a67" 7664 5481 4950
"463175a3cc11dd54" 8432 2503
"ab52c2e61da4b4d8" 5557 22 598
"4d916667d492d130" 6754 5357
"7945ff18bacde2cf" 7389 689
"16b4e2580b4e3310" 2861 5494 485
"92588090c2ed1cc6" 9264 332
"64ea4f33727c6f0d" 4220 8077
"3129f22789c45dbb" 8665 9344 6409
"dc5059853edb9639" 11743 589
"b7f89987e5d99e0b" 4437 5494 4503
"b88883a4dd7bec18" 2349 661
"bd4e3bbc086bbbcb" 1161 11321
"8916c797272241b8" 5222 5453 336
"2ff6f239052af36d" 11751 6666
"652834bcbff9bffa" 7648 1161
"73abbbd2e6957691" 4174 6137 1035
"72ad4feb03b9d4b3" 2905 7664 5357
"0c3e8f6cc09d8628" 7181 6666 7648
"55f98febd72ed052" 8520 2880
"b9fe53b936aece47" 2377 8243 8906
"ab76a7ad6a6b4726" 602 5557 22
"e9fca5ce159df06d" 5222 5010 661
"346ae0f71c2389d3" 7389 332 11321
"6382de35852f1a35" 8432 9264 8077
"7aee0094fa0f3d6b" 8683 2955
"1d0323ce90ec9981" 3271 4489
"886e87001f900401" 2827 6149 7547
"5b871bd56d078e5f" 1261 5352 9775
"a6dd6f3c507667fc" 627 8550
"2b5ae67da4c1102c" 4596 11943 2970
"bfdf0d7260fc919c" 8080 7742
"f1f341599ebe96d5" 3578 1408
"49b1c61810519854" 6076 9598 6089
"71bfa47400acd47b" 5389 8897
"cb8167bf15403a4b" 8021 5781 4229
"06bf97657e3b0f3e" 11853 617 11949
"3ab5a8905831430d" 4105 11649
"03ae8876978a389d" 4081 11300 4858
"42c03d5c25f9a6ca" 5397 11953 4033
"638bee411ef5baac" 7857 11890 1738
"3bb0a9f7ca5af9d8" 2051 5451 11488
"511cf234cc7f3ecd" 2388 2955 4105
"de39f38342220278" 6149 9382 617
"4efee7fd5038ca7d" 627 11949 11943
"6f95b05f83b2e9d2" 4596 2970 3271
"ec4119a6824ba88e" 2383 1261 5397
"99b156ae3bb08e2d" 5352 8550 4858
"b99f228b44b5e6d3" 11488 4229 4081
"757325762ae761b2" 2827 11890 11649
"d9c9a80939326961" 1408 7547 8021
"ca0e7196590c9885" 3791 1738 3578
"b03c0a49448b836b" 5451 8683 8080
"511aca4a1da51f39" 5781 7742 6089
"10f72899b255570b" 11953 9775 6076
"dedf40033f8dbccd" 9598 4489 8897
"4bfc196ecf882967" 4472 4033 9382
"1e914c5a2af41c3e" 2388 627 5389
"ecc56681ff0c7629" 2051 7857 11853
"30369aac5f8b169e" 11300 2955 11943
"e419a80cd88b531a" 4033 3271 8897
"999ad6c0d82d8fc8" 6149 11949 3578
"7ed9b20a662e763d" 1261 8550 7547
"4cc7cf92782e169c" 9382 2051 9598
"ffffb85aeb87f5f0" 5352 4229 5389
"6febe93736271fa9" 9775 4105 4081
"c0eb76325e14ee1d" 1738 1408 617
"4c264beba7458499" 8080 5397 2970
"e6a8798a3f5ec6a2" 2383 7857 8897
"cb135571bc893673" 2388 4858 11853
"657b8b94c85406ee" 2827 6076 7742
"c58320da4c6ddf7c" 5451 2955 4033
"10d5218e8021fc6a" 3791 11890 3271
"9d4210c7943c8c9b" 10813 3347
"8fb36cadb5e4fd53" 9380 3383
"4f379a6aa35d6755" 534 7084 4585
"665670041ca9f39c" 377 12011 11149
"aefce0f6367fe805" 8882 5098 10813
"e024ce89718c9839" 3347 5098
"fe3f70389c80a493" 652 12011 3339
"3321e4afbb5be0f5" 11149 534 3383
"439d3c727e734184" 7084 3339
"67150ac50b44ad62" 377 9380
"5171d7afdf12372d" 4585 6827 652
"7989e5d9fcfd626c" 5098 11149 12011
"c81bec176b8618dc" 3383 3347 10813
"4bb76ea79055763a" 3339 12011 377
"21ed3c727e734184" 7084 4585
"d4136cadb5e4fd53" 9380 652
"f46b4bf196e20fa8" 3347 377 534
"dee61eea66728574" 6827 8882 3383
"01df7fc12ba60d8a" 5098 3347 534
"3a0cfba5cc28c557" 8882 7084
"ead9c92969d62772" 12011 534 9380
"947025e5aa3e3b05" 3339 11149
"7831d0004e56f0fc" 5098 10813 12011
"483a2a0230c4c40c" 3383 652
"2cc45a9df102fb28" 534 8882 4585
"719b39810d323c79" 652 11149 377
"7c09fb7e271b2b78" 10813 3339 5098
"cbcb1076b8584fc0" 7084 9380 3347
"23ec6c38e2227625" 12011 534
"fc84ce89718c9839" 3347 6827
"525629a1d3c5c87c" 377 3339 7084
"15f5cbfa02df536f" 9380 10813 12011
"d31d1d71b656ce0a" 534 3347 3383
"78f44f0e649af95a" 4585 5098 3339
"3a90507228e17fe2" 652 7084 8882
"1e8476cdde626f41" 3347 11149 9380
"2e23793de2887704" 3383 534 7084
"f845fd157a5bc56c" 3339 8882 377
"c94f42f957379957" 5098 652 10813
"880562d22bdecf42" 6827 7084
"b0ea2a0230c4c40c" 3383 3347
"06b96f4c9b388316" 652 4585 534