"c6a598c705ee3b7b" 17 10189 2607 13 297 722 9865 27911 13 553 8486 9320 13 6693 171 27912 845 4 10071 -1 -1 0 0 0 0 8 7 9 6 7 8 8 4 4 5 0 0
"8ee6127daacca50c" 20 13675 15267 165 3125 13676 13 27913 13 553 13102 102 740 13 27914 27915 986 150 36 22977 4 10072 -1 -1 0 0 0 0 7 6 8 7 6 6 8 8 3 6 0 0
"848e3946d1b0b570" 21 1764 76 3032 2724 13 20 8578 13 553 3241 5155 34 134 13 357 66 793 774 170 27916 4 10073 -1 -1 0 0 0 0 6 7 6 7 6 5 3 6 5 4 0 0
"019cb20793e07669" 25 10224 2128 357 10225 2864 13 27917 102 8434 27918 13 553 5141 1033 76 61 396 13 27919 8247 14345 27920 2 27921 4 10074 -1 -1 0 0 0 0 8 7 7 8 7 5 2 6 8 7 0 0
"330838ecbdeae98e" 28 13102 102 740 13 150 337 5149 3075 27922 13 553 2284 4 4 4 27923 27924 457 13 1109 5561 87 1031 9057 150 36 1054 4 10075 -1 -1 0 0 0 0 6 8 6 7 6 6 8 8 3 6 0 0
"b36c9cdbf4096bf6" 28 150 675 1356 330 331 13 1122 2931 675 3832 87 1923 13 553 7062 14168 2 14169 13 104 4 4 4 1354 2928 698 14169 4 10076 -1 -1 0 0 0 0 6 8 7 8 6 6 6 8 7 7 0 0
"2595c491ce5f98a3" 23 2637 16029 13 297 9256 774 27925 15735 13 553 948 14 1930 1122 1961 704 13 1494 1525 12086 27926 27927 4 10077 -1 -1 0 0 0 0 7 8 9 9 8 8 5 5 7 6 0 0
"62808b13c396de7c" 25 34 3233 2021 953 297 13 102 27928 93 27929 13 553 5368 5369 3514 13 27930 4715 731 27931 150 27932 27933 18009 4 10078 -1 -1 0 0 0 0 6 7 7 8 6 5 2 6 5 6 0 0
"d7f5a8e931cc3a8f" 22 1687 1688 13 341 27934 76 19975 13 553 704 87 927 13 11980 27935 712 13 9604 1854 481 27936 4 10079 -1 -1 0 0 0 0 6 6 6 5 6 4 6 8 4 5 0 0
"564cdfc3af4c32c7" 26 188 10418 515 169 13 6787 27937 13 27938 15727 1723 13 553 188 27939 1047 25 27940 110 61 27941 16396 1071 2028 27942 4 10080 -1 -1 0 0 0 0 7 9 8 9 7 6 6 6 9 6 0 0
"2aa5bc90e2cbd978" 25 1114 2861 675 2536 13 106 7874 699 13 553 357 373 150 2305 13 7667 7668 13 87 61 1016 517 27943 11354 4 10081 -1 -1 0 0 0 0 7 6 6 6 7 5 5 6 7 6 0 0
"52ded22f2b5d490c" 25 61 1069 1825 27944 116 23727 13 1131 27945 1109 3436 19601 13 553 423 26 2218 13 171 27946 5493 34 27947 729 4 10082 -1 -1 0 0 0 0 6 6 6 5 6 4 6 8 4 5 0 0
"e2892d803bacceef" 32 27948 1720 8815 13 27949 3075 27950 13 27951 990 13 553 66 5425 5425 3998 13 347 600 986 1780 21242 13 553 283 373 358 13 2 621 993 4 10083 -1 -1 0 0 0 0 9 7 6 8 7 6 4 6 7 8 0 0
"94b376888cf61f4b" 28 7456 774 1464 13 13065 1047 27952 22816 13 2531 27953 27954 13 553 4816 1013 11429 13 87 188 1498 14568 13 10231 27955 347 3154 4 10084 -1 -1 0 0 0 0 7 8 7 7 7 6 5 6 7 7 0 0
"c7b395c59912ccfd" 25 3061 209 9538 2573 13 27956 27957 2 27958 13 553 171 3358 61 20 23764 13 297 27959 13 474 286 305 27960 4 10085 -1 -1 0 0 0 0 7 7 7 8 6 8 3 6 7 6 0 0
"072925cc0aaa809d" 21 6448 27961 13 13899 3907 722 13 553 1549 20 2023 6874 13 9683 2308 9722 609 27962 27963 6864 4 10086 -1 -1 0 0 0 0 8 7 6 5 6 7 4 6 3 4 0 0
"2aef1d10c7f5f675" 22 23 113 14617 521 27964 412 419 13 553 394 27965 2423 27966 35 9025 10600 150 676 27967 10601 4906 4 10087 -1 -1 0 0 0 0 6 7 5 6 5 7 4 6 5 5 0 0
"a304f160d88bec87" 35 66 573 698 188 27968 38 27969 13 553 9602 1588 23 13 2351 3845 27970 3180 282 27971 347 27972 14839 13 553 508 4181 9719 1643 27973 2351 87 1602 777 27974 4 10088 -1 -1 0 0 0 0 8 8 7 7 6 7 5 6 9 6 0 0
"3ecdd623e53b9758" 47 34 26 171 7075 2 66 23 188 816 553 191 150 188 27975 722 1507 13 4154 146 27976 297 793 35 2056 2369 34 26 737 8723 553 2369 6592 14938 7028 188 6818 13 357 139 113 27977 13 361 545 2056 53 4 10089 -1 -1 0 0 0 0 9 8 6 8 7 6 4 6 9 7 0 0
"22a4430ec61dbfb4" 20 3003 23379 718 61 13 13722 13723 13724 13 553 731 3155 2368 357 87 150 17878 1356 27978 4 10090 -1 -1 0 0 0 0 5 5 4 4 4 4 3 4 4 4 0 0
"d802408afe1a5505" 25 26 27979 27980 5551 27981 113 553 596 1449 425 1911 13 66 1857 5872 13 553 113 1043 27982 2284 1207 27983 10065 4 10091 -1 -1 0 0 0 0 7 6 5 6 5 6 4 4 6 5 0 0
"a66dbc4a66243766" 32 134 11044 122 2 1091 4149 136 553 20 34 26 4617 1165 195 125 13 4618 6912 3463 553 27984 4412 61 8704 1122 171 7040 27985 27986 27987 3453 4 10092 -1 -1 0 0 0 0 6 5 6 7 5 6 6 7 2 6 0 0
"c029efffbf14fd83" 63 27988 3307 27989 13 16954 10694 13 27990 3485 553 20 150 87 1228 504 1229 1230 1231 934 13 553 12576 2204 2204 27991 1067 4 326 13 125 14937 5328 27992 13 8169 27993 27994 150 36 18221 23314 27995 1604 17679 948 27996 4840 27997 1374 27998 3751 687 373 36 545 27999 3736 13823 10236 28000 21817 2204 4 10093 -1 -1 0 0 0 0 6 6 7 6 6 6 6 6 9 6 0 0
"6861fa506d8dc674" 38 1071 14570 14571 13 41 3527 25 1405 553 576 13 3235 134 504 150 676 25853 722 12624 553 1071 631 6990 34 441 1906 103 614 721 28001 1376 28 66 1778 28002 4 68 13 10094 -1 -1 0 0 0 0 6 6 6 7 6 5 6 4 7 5 0 0
"85086dac7a0c49b5" 68 34 35 304 28003 2329 188 28004 61 28005 12974 4 553 2 12990 415 1067 39 2700 95 10773 2 28006 553 357 777 23 1188 2 28007 23 4840 134 28008 13 191 999 14312 796 7994 13 553 28009 5046 61 28010 35 1473 87 10842 1552 10843 515 2 1667 35 3951 28011 28012 28013 4463 28014 2 28015 23329 36 457 1641 4 10095 -1 -1 0 0 0 0 7 6 5 8 6 6 6 4 4 5 0 0
"5a2a623b5b868846" 15 529 2593 38 1509 13 553 359 5765 13 534 712 2531 27436 28016 4 10096 -1 -1 0 0 0 0 8 7 6 5 6 5 4 6 5 3 0 0
"cc1b33ec68777ab4" 35 28017 5826 5827 353 2200 28018 28019 13 553 347 330 14091 13 3405 3675 28020 23341 13 553 373 1122 151 28021 2100 13 28022 28023 13 8341 94 410 151 347 28021 4 10097 -1 -1 0 0 0 0 6 7 4 4 5 6 3 4 5 4 0 0
"ec450055149ec6e9" 29 20 5938 5939 5823 8723 2312 553 95 150 36 1602 1603 13 347 1593 13 553 1071 588 1420 2322 13 10219 17594 2 11637 2028 329 4 10098 -1 -1 0 0 0 0 6 7 5 6 5 6 4 6 6 6 0 0
"89695ac7ecf96eb1" 29 545 5976 319 33 1270 13 553 2337 341 36 640 13 66 827 14551 13 553 2828 2829 193 18 13 1549 373 150 504 11411 28024 4 10099 -1 -1 0 0 0 0 8 7 5 6 7 6 4 4 6 3 0 0
"642e96b26577746f" 34 20 1187 27806 191 1187 13 553 3500 349 8676 13 27978 41 39 3478 28025 28026 13 21130 394 53 28027 14666 28028 2683 722 1628 13 5253 28029 588 87 731 4 10100 -1 -1 0 0 0 0 0 0 0 0 0 0 0 0 0 0 0 0
"ef28ee1e6184aa8c" 24 347 991 1403 7804 13 417 12624 347 991 13 553 11443 772 87 357 26524 13 7133 2676 5555 87 286 28030 1795 10101 -1 -1 0 0 0 0 5 6 6 7 4 3 2 3 4 2 0 0
"dac46e92265bd88b" 18 713 2312 1511 2311 13 9600 28031 553 454 1890 1145 150 9601 13 517 4405 357 446 10102 -1 -1 0 0 0 0 7 6 6 7 6 4 3 4 5 4 0 0
"f65f89fc6c2e3ddb" 17 28032 18670 28033 13 9167 28034 28035 553 3497 4192 13762 13 774 1552 28036 1829 28037 10103 -1 -1 0 0 0 0 7 6 8 6 6 5 3 4 4 5 0 0
"bdcd5980afcf005e" 21 1588 171 9602 13 17331 1697 600 17572 553 171 13669 150 6125 8493 13 13220 113 4181 2 28038 28039 10104 -1 -1 0 0 0 0 4 5 6 4 5 4 4 4 3 3 0 0
"5ea205a60dc8ce00" 22 71 134 11922 6125 13 102 3812 504 2200 553 586 321 28040 1022 3381 13 20 28041 8520 95 28042 5317 10105 -1 -1 0 0 0 0 6 6 6 5 6 4 5 3 4 3 0 0
"b3dde45116f02ffa" 22 2204 5297 76 3203 21768 13 855 87 15994 7131 553 23335 28043 13 727 28044 357 13 7576 2340 28045 28046 10106 -1 -1 0 0 0 0 5 6 7 5 6 4 7 3 4 5 0 0
"db4d5cc05e4e7ee6" 27 14944 96 774 2432 23674 13 347 8917 474 28047 553 2929 9666 146 28048 347 9667 13 5955 5956 2461 2 4715 6592 1351 171 22375 10107 -1 -1 0 0 0 0 6 5 5 7 7 4 4 3 5 4 0 0
"201efd9eede8b759" 24 3037 321 36 28049 28050 13 357 28051 28052 2136 553 150 3769 28053 2929 28054 13 150 28055 36 2620 28056 330 2891 10108 -1 -1 0 0 0 0 5 5 5 6 6 3 3 4 4 3 0 0
"2d47d05fbe36a383" 15 347 1679 330 12740 13 2303 28057 28058 553 11710 171 15693 28059 3302 18215 10109 -1 -1 0 0 0 0 8 6 6 5 4 3 3 3 4 3 0 0
"4329d454bc6b0fd2" 16 521 28060 588 545 4361 18215 13 553 134 21556 28061 28062 2200 28063 3761 9358 10110 -1 -1 0 0 0 0 6 7 7 7 5 3 4 4 3 4 0 0
"b4b99c0a16134d66" 28 357 23 12618 474 13 499 36 3219 47 6296 553 28064 24416 7845 927 13 357 66 4246 23 499 330 28065 28066 28067 28068 2 28069 10111 -1 -1 0 0 0 0 6 8 7 6 5 4 5 4 4 5 0 0
"67c7c40298e28b2a" 23 2505 3451 19127 13 28070 27029 553 2 4008 13 2637 28071 21 28072 13 95 4403 28073 28074 13 347 545 28075 10112 -1 -1 0 0 0 0 7 6 6 7 4 5 3 5 4 4 0 0
"fa4c8c5311bfc842" 34 22712 28076 66 23 13 23 1750 28077 13 23 28078 1305 553 357 13107 13 460 87 28079 13 17144 13 2 28 87 517 8629 297 1821 25846 28080 22175 10484 28081 10113 -1 -1 0 0 0 0 6 7 6 6 5 3 4 3 4 4 0 0
"cd2f0106baeb8ad1" 44 150 36 20 1131 8453 12484 3829 13 603 8453 607 28082 1712 28083 1543 553 3304 28084 28085 13 2905 171 9207 13 20 1774 748 11840 23 720 87 61 188 2620 2014 901 28086 1341 61 28087 722 28088 2 8442 10114 -1 -1 0 0 0 0 7 6 7 6 6 4 4 5 4 6 0 0
"82e5fe5404961927" 32 150 36 2218 362 2219 13 20 22620 26581 15152 4414 553 1218 1219 2 15795 28089 28090 394 13 28091 1258 28092 28093 2 28094 28095 347 36 737 3635 905 10115 -1 -1 0 0 0 0 9 7 8 9 7 5 4 7 4 6 0 0
"9b38e034f15aec2d" 16 28096 18669 113 28097 4944 13 553 660 66 28098 170 25187 13730 19426 14418 4 10116 -1 -1 0 0 0 0 4 6 8 5 4 7 5 3 3 4 0 0
"380a5aa7addf58c3" 19 28099 150 193 28100 28101 28102 24832 20 855 13 553 23641 10260 14410 2 28103 4 68 13 10117 -1 -1 0 0 0 0 6 6 7 6 5 5 6 4 4 5 0 0
"d8882a2852852532" 19 23 61 545 5867 410 433 384 13 553 87 4708 28104 171 28105 61 1131 17007 16574 4 10118 -1 -1 0 0 0 0 8 7 10 6 7 8 5 2 4 4 0 0
"5b2e3db5ce8aab52" 20 17976 13790 28106 28107 23371 7642 12548 752 13 553 34 26 12641 13417 357 66 788 353 28108 4 10119 -1 -1 0 0 0 0 6 7 6 6 6 7 7 4 3 6 0 0
"9619b0a4f95fef7a" 17 1002 35 76 61 1199 349 28109 13 553 721 15242 355 28110 2 1043 1173 4 10120 -1 -1 0 0 0 0 5 7 5 6 6 5 4 4 3 5 0 0
"143e9d0ef26f55a7" 17 104 2696 28111 2 1110 11408 13 553 3664 35 95 967 2284 2 1342 15753 4 10121 -1 -1 0 0 0 0 4 6 8 8 9 4 3 5 3 3 0 0
"9b927a0b3b62953d" 20 410 607 26197 25 28112 5501 28113 13 553 20 138 10041 28114 28115 2 7990 28116 20 28117 4 10122 -1 -1 0 0 0 0 5 5 4 4 3 7 5 6 4 6 0 0
"5ac4ff845db81c4c" 16 357 532 23 1734 26838 6601 13 553 2905 171 2734 2 493 17488 2696 4 10123 -1 -1 0 0 0 0 7 5 7 8 7 3 2 7 4 8 0 0
"25b78fa4fbe0c12f" 20 10442 28118 28119 796 20806 1480 28120 13 553 23641 10260 10261 2 28121 722 10708 1043 12548 23112 4 10124 -1 -1 0 0 0 0 5 6 6 6 6 6 4 4 5 6 0 0
"8ebe2f0c9124ea35" 21 386 35 7611 727 8095 7576 13 553 5955 5956 2461 357 974 35 87 2210 24793 537 28122 1007 4 10125 -1 -1 0 0 0 0 6 7 6 4 5 8 5 6 6 4 0 0
"a30920f3b448f809" 17 28123 2340 1151 3459 3460 2042 27349 13 553 863 12740 5141 28124 28125 28126 28127 4 10126 -1 -1 0 0 0 0 6 5 5 5 6 4 3 4 3 5 0 0
"7eee2124e49776d6" 23 1774 5297 20 19546 28128 26287 13 553 3081 3454 2 44 1588 7990 13 20 13017 28129 744 66 1218 1219 4 10127 -1 -1 0 0 0 0 7 6 5 6 5 4 3 5 5 6 0 0
"5ef32b22d399f4c7" 18 102 28130 71 134 10 38 1050 13 553 93 19236 14 28131 28132 2 8583 4862 4 10128 -1 -1 0 0 0 0 5 4 7 5 4 4 5 4 4 5 0 0
"58a023a61f98fa18" 21 5955 5956 2461 2 2214 35 12724 150 190 13 553 8359 371 20 373 263 1480 2 28133 1773 4 10129 -1 -1 0 0 0 0 6 7 5 3 4 6 6 8 5 6 0 0
"a9f1adffe04bcfa2" 25 974 1540 2042 2043 1109 608 28134 13 553 1842 20 14249 901 737 7933 11612 13 553 14944 355 125 4530 28135 11491 4 10130 -1 -1 0 0 0 0 5 4 6 4 6 5 4 4 4 6 0 0
"8d5e3b17ba5a582d" 30 28136 150 36 362 13 3901 28137 13 553 95 1342 61 1641 297 18663 13 357 150 36 362 2219 13 553 297 28138 125 1071 28139 28140 4 10131 -1 -1 0 0 0 0 9 7 7 6 7 4 3 1 1 8 0 0
"80ea60ca6fffb39d" 20 93 11751 66 25302 3304 13 3027 576 13 553 2 1109 113 10874 13 3736 87 28141 146 4 10132 -1 -1 0 0 0 0 9 8 8 6 7 7 3 1 6 8 0 0
"093b69296d00e3e9" 41 744 66 1218 1219 13 721 61 1069 15352 13 553 28 95 8709 10725 2 396 727 13 553 357 282 76 61 8875 1584 13 28142 95 150 28143 13 553 2 14944 327 24380 6711 2 323 4 10133 -1 -1 0 0 0 0 9 8 8 7 7 7 4 3 10 9 0 0
"75954fff5ec36d1d" 37 191 3706 53 13 66 23 545 5887 13 553 28144 10428 66 28145 17507 4209 13 553 2 3531 28146 359 10260 10261 3840 13 553 150 21012 157 17652 28147 146 28148 116 28149 4 10134 -1 -1 0 0 0 0 9 7 7 6 7 3 3 3 3 7 0 0
"58f3683413dfa8a4" 40 66 113 1220 5399 13 4361 61 8875 1584 13 553 28150 12783 2 726 4348 13 553 2 1043 15242 355 13 357 28151 113 11 6907 13 553 66 3664 35 102 171 26832 4403 774 1052 4 10135 -1 -1 0 0 0 0 8 7 7 6 7 5 4 4 3 7 0 0
"737535e99e49e879" 42 357 586 35 95 1342 150 36 412 3483 13 553 33 61 53 2175 20 27810 28152 425 13 553 1580 87 4322 858 417 1259 28153 13 412 1199 13 553 20 21 22 13 125 28154 20266 3248 4 10136 -1 -1 0 0 0 0 9 8 8 6 7 9 6 10 6 4 0 0
"ffdb26f5307c56f4" 39 4361 61 545 10865 13 1342 61 28155 13 553 417 1842 5911 19559 3006 1485 13 9358 13 553 7046 24017 28156 170 284 28157 13 553 357 87 61 19229 3009 13 2957 150 36 28158 4 10137 -1 -1 0 0 0 0 8 8 8 6 7 7 4 7 5 8 0 0
"03cada6aaa807745" 41 588 1842 87 1047 7642 7643 13 28159 13 553 357 87 2210 13 191 138 2 28160 6119 13 553 28161 2385 13 2 860 113 22278 28162 13 553 2 11978 17634 28163 28164 28165 675 13 2506 4 10138 -1 -1 0 0 0 0 8 7 7 6 7 6 4 6 3 5 0 0
"843dc2d6087d2c59" 41 13729 457 13730 4944 13 3531 113 93 28166 13 553 28167 7380 28168 13 3736 28169 28170 28166 13 553 16791 150 36 28171 297 28172 13 553 28 1043 15242 355 13 66 28173 2 28174 26242 728 4 10139 -1 -1 0 0 0 0 9 7 7 6 7 4 2 1 3 3 0 0
"e61892bdaff5ee95" 52 588 4211 23938 1043 1341 35 39 28175 13 553 28 150 39 146 1780 13 2 2652 1043 61 1810 13 553 282 76 61 8875 1584 13 499 39 7092 698 13 553 2 34 35 36 10058 10059 13 357 87 61 116 13 410 35 116 28176 110 10140 -1 -1 0 0 0 0 9 8 8 6 7 4 4 3 1 4 0 0
"bd1905b9ffe0c53c" 42 66 113 586 1580 10219 28177 13 553 191 23 545 5867 297 748 13 35 23 297 14243 1947 28178 13 553 2 410 14764 14765 61 28179 13 553 357 2652 373 8089 61 20 726 28180 28181 28182 4 10141 -1 -1 0 0 0 0 9 8 8 6 7 8 5 7 3 6 0 0
"3a9e130fde24dec4" 45 23 1305 113 4861 774 1552 28183 13 553 357 2652 87 3104 13 2 499 4799 286 2764 28184 13 553 2 66 23 5887 297 1885 687 36 28185 330 13 553 2 43 17845 191 8521 1297 25 981 384 28186 4 10142 -1 -1 0 0 0 0 9 8 8 6 7 8 4 2 3 6 0 0
"8876a49cf4c45454" 36 66 20536 188 780 2 805 28187 10626 13 553 87 727 28188 22291 7576 13 553 2905 171 2734 13 636 19783 47 28189 13 553 2 17479 297 35 1510 150 8213 28190 4 10143 -1 -1 0 0 0 0 9 8 8 6 7 7 4 2 4 3 0 0
"7621902c08fec929" 44 23168 1067 53 13 2 150 713 3154 13 553 357 1052 66 12617 2 3503 2008 5525 7398 13 553 282 104 2 28191 13 21153 28192 41 1420 28193 13 553 297 410 14764 14765 13 737 14566 6219 28194 396 4 10144 -1 -1 0 0 0 0 9 8 8 6 7 8 5 5 3 6 0 0
"1adf84457fd3e3f8" 22 5955 5956 2461 13 1774 1047 20767 28195 13 553 1238 424 13863 13 357 134 66 703 1007 28196 1427 4 10145 -1 -1 0 0 0 0 8 7 7 6 7 8 5 5 3 4 0 0
"1ba18edd3c2de149" 22 744 66 1218 1219 2 117 93 28197 20868 13 553 357 23 2785 545 5867 13 2 1043 15242 355 4 10146 -1 -1 0 0 0 0 5 5 5 6 6 2 2 1 1 1 0 0
"73eb3a63d0b6d94f" 23 66 1628 772 102 71 134 10 11 135 13 553 102 61 643 13 357 66 9218 417 25 8307 1628 16483 10147 -1 -1 0 0 0 0 4 4 7 6 6 6 2 1 2 1 0 0
"591244ae0b4bb6e7" 22 34 28198 28199 1480 13 357 66 4352 1192 10922 13 553 34 35 2440 1511 17813 2 1319 18294 7643 4 10148 -1 -1 0 0 0 0 7 6 7 7 6 4 3 4 2 3 0 0
"3117eaa7e6d902e2" 30 2 66 28138 13 191 34 1801 25 392 2 35 28200 2852 1667 13 553 5955 5956 2461 13 2 66 18326 35 87 150 286 1852 367 4 10149 -1 -1 0 0 0 0 7 6 6 6 5 7 3 2 2 2 0 0
"18adae8134c0c40d" 25 66 23 87 38 5581 353 1750 13 8456 28201 13 553 2 66 347 36 188 8402 13 66 28202 596 347 36 4 10150 -1 -1 0 0 0 0 8 7 8 7 7 4 4 3 3 4 0 0
"993ccb48a4dd39e3" 31 608 134 920 2992 25 1298 305 146 1299 13 553 51 87 1342 61 13 2 134 33 3314 452 38 4589 13 326 744 87 452 146 7092 4 10151 -1 -1 0 0 0 0 5 5 4 8 6 7 3 3 2 4 0 0
"6a8d108977e60892" 18 34 392 774 134 47 1756 4 553 66 23 1806 28203 2 7940 6864 3972 7941 4 10152 -1 -1 0 0 0 0 4 7 5 6 5 7 4 3 2 2 0 0
"0c03dae414f4174e" 28 34 35 39 1187 852 2 188 7450 13 553 7715 7716 171 1828 4 630 4 553 188 200 1109 484 8328 13037 6236 8786 5577 4 10153 -1 -1 0 0 0 0 5 5 4 6 6 5 4 6 7 8 0 0
"7217c1d672fc64cf" 22 25259 1529 13 2 34 4613 134 4614 4 553 34 28204 171 28205 13 357 347 36 151 545 28206 4 10154 -1 -1 0 0 0 0 5 6 3 8 6 6 3 2 2 4 0 0
"ce392082fe963fad" 21 35 2168 772 396 61 412 953 8331 14059 8734 13 553 28207 1079 2 1604 601 28208 12257 28209 4 10155 -1 -1 0 0 0 0 7 6 6 8 7 5 2 3 2 3 0 0
"adc7071819793038" 46 2371 357 28210 13 28211 13 28212 188 27849 13 553 136 20 3416 126 28213 13 125 28214 357 28215 13817 4 553 357 28216 521 1047 675 1497 530 796 13 553 347 608 10855 13 23 5612 1487 20 373 12088 28217 4 10156 -1 -1 0 0 0 0 4 5 7 6 6 5 3 2 3 1 0 0
"7b54d12c7cce6926" 31 66 1002 35 1342 61 95 1805 13 553 357 2303 61 13 66 1308 95 1309 4 553 34 645 2307 13 66 3474 774 13 150 4732 330 4 10157 -1 -1 0 0 0 0 4 5 6 6 7 6 3 2 3 3 0 0
"3e47c5296ed983bc" 22 4403 8466 8467 13 347 36 63 373 57 13 553 1122 150 23280 353 8185 2 28218 1199 723 19437 4 10158 -1 -1 0 0 0 0 4 6 7 6 5 7 3 4 4 4 0 0
"93083f12d3e9c19e" 20 5718 28219 13 220 13 66 2374 13 553 150 193 28220 1029 13 1016 517 2717 12149 1499 4 10159 -1 -1 0 0 0 0 7 7 7 7 6 8 5 4 4 5 0 0
"be7cdc9d1068e285" 22 34 3241 515 28221 13 357 852 188 7812 7619 13 553 34 113 35 566 3278 1604 171 1795 358 4 10160 -1 -1 0 0 0 0 8 7 6 6 7 5 3 4 3 4 0 0
"2e9ece620ba0bb4a" 18 28222 2392 28223 13 28224 6826 13 553 1681 28225 28226 13 410 28227 28228 2 28229 4 10161 -1 -1 0 0 0 0 6 5 4 4 3 2 1 1 2 3 0 0
"5aab76e1555f1753" 14 7439 28230 394 13 28231 13 553 1829 449 2 28232 10564 28233 4 10162 -1 -1 0 0 0 0 7 6 6 8 7 6 5 4 3 5 0 0
"da49dd96cb3579b7" 15 774 5433 3901 449 23060 28234 4322 13 553 28235 28236 28237 889 777 4 10163 -1 -1 0 0 0 0 8 7 6 5 7 6 7 4 3 4 0 0
"0731d3fcd738268b" 15 28238 28239 28240 28241 13 28242 1841 13 553 28243 28244 28245 28246 506 4 10164 -1 -1 0 0 0 0 4 3 3 5 2 1 1 1 1 2 0 0
"f8b8395dab7693a6" 21 1821 28247 28248 7989 13 28249 28250 13 553 28251 28252 5501 1056 4446 7646 22540 28253 28254 27320 27919 4 10165 -1 -1 0 0 0 0 5 4 4 4 3 2 2 3 2 2 0 0
"d6045007a7ab3748" 19 2195 435 28255 28256 13 553 6659 12252 3436 116 15471 326 113 28257 144 21175 28258 28259 4 10166 -1 -1 0 0 0 0 8 8 5 5 7 6 4 7 8 6 0 0
"2571494658e04e52" 16 28260 150 9465 28261 38 1774 12803 13 553 28262 41 1869 28263 1122 520 5863 10167 -1 -1 0 0 0 0 7 6 7 6 5 6 3 5 4 4 0 0
"5be413281c8de02d" 29 20 87 36 1145 13 537 1464 20 3195 13 1509 1047 66 1218 13 553 412 3291 547 7743 13 774 11623 19236 28264 28265 535 68 4 10168 -1 -1 0 0 0 0 6 7 8 7 6 7 5 6 4 5 0 0
"7ba67b7174f67073" 25 347 116 6130 330 116 28266 28267 13 553 3830 28268 28269 28270 2 28271 10768 26478 28272 28273 28274 3220 718 22501 3497 4 10169 -1 -1 0 0 0 0 8 7 6 5 7 8 3 3 2 3 0 0
"fecf5d5d5d60ad39" 19 1821 2187 7478 66 28275 13 553 6232 3445 13 28276 28277 27231 347 718 66 795 28278 4 10170 -1 -1 0 0 0 0 6 5 4 6 5 6 7 5 3 4 0 0
"f256dca3c6f33cb4" 13 14718 28279 28280 28281 13 553 28282 171 12888 13 2 653 4 10171 -1 -1 0 0 0 0 4 3 3 4 2 2 1 1 0 1 0 0
"2822d7cb89ead111" 18 1042 1047 13815 5537 524 13 10369 12834 13 553 28283 28284 13 28285 7856 1953 28286 4 10172 -1 -1 0 0 0 0 6 7 5 7 6 5 3 2 3 3 0 0
"1ef2748ceb565e15" 12 1071 7164 28287 28288 13 553 28289 28290 28291 18202 28292 4 10173 -1 -1 0 0 0 0 5 4 3 5 4 3 1 1 2 1 0 0
"25cce092db13ac91" 28 20 28293 37 4668 28294 14838 13 553 17158 28295 8676 28296 796 6483 13 553 10483 28297 28298 27515 28299 13 7900 5795 578 393 28300 4 10174 -1 -1 0 0 0 0 6 5 4 6 4 3 2 1 1 2 0 0
"e3b16b0d706454ae" 30 28301 28302 28303 13 28304 28305 13 553 1681 28306 13 521 3776 28307 13 553 28308 28309 61 13 76 61 96 188 28310 13 97 28311 28312 4 10175 -1 -1 0 0 0 0 7 6 5 6 5 3 2 7 1 5 0 0
"d9305ae6b116cbe3" 19 1842 150 545 417 13 357 451 87 61 474 13 553 2749 1529 13 548 28313 330 4 10176 -1 -1 0 0 0 0 5 7 5 7 6 5 2 2 6 7 0 0
"c7655b63c1b422aa" 19 4501 13 20 1192 22776 2 28314 13 553 162 7251 6734 13 357 331 150 388 1750 4 10177 -1 -1 0 0 0 0 4 5 6 8 7 9 3 2 3 2 0 0
"0bb2e322c4150501" 23 347 2861 330 2439 13 171 1651 28315 13 553 357 87 4872 139 737 474 13 41 1785 535 28316 367 4 10178 -1 -1 0 0 0 0 3 4 4 5 6 6 2 3 5 6 0 0
"eb42b52d8c51c8c6" 23 66 4827 5497 87 4872 13 93 3148 1720 13 553 150 286 1187 25 61 28317 13 357 28318 373 102 4 10179 -1 -1 0 0 0 0 5 5 7 6 8 7 3 4 4 3 0 0
"4e241cca512083a8" 19 7881 7882 3220 13 774 28319 28320 13 553 2370 171 28321 13 61 1196 28322 14288 28323 4 10180 -1 -1 0 0 0 0 4 5 4 6 6 5 2 2 5 7 0 0
"b2bef3f6bf2ece20" 19 412 3291 13 313 125 66 19159 2 28324 13 553 347 2214 28325 13 357 66 368 27238 10181 -1 -1 0 0 0 0 3 5 4 6 5 3 2 3 4 7 0 0
"929170e4cf44c99e" 21 28326 28327 28328 13 150 36 304 20 23826 28329 13 553 150 547 36 1780 8339 13 547 28330 4 10182 -1 -1 0 0 0 0 4 6 8 7 6 4 2 2 3 3 0 0
"632a2ebc7b1198f8" 21 1245 1246 519 13 25 23 8940 2999 13 553 87 162 7251 6734 13 667 87 337 4623 2151 4 10183 -1 -1 0 0 0 0 3 5 4 6 5 5 2 2 4 7 0 0
"dcd5180275a993ce" 23 1071 10563 53 10564 13 1109 2731 3497 13 553 5501 1042 61 28331 1953 28332 13 553 1071 6548 1720 7165 4 10184 -1 -1 0 0 0 0 4 5 6 7 6 3 2 3 4 6 0 0
"defa837ecc85c9f9" 18 515 11663 13 66 1220 28333 4214 13 553 4000 28334 13 174 18573 2 28335 93 4 10185 -1 -1 0 0 0 0 4 5 6 6 6 4 2 2 3 3 0 0
"f17b276cef27b0c9" 32 28336 150 36 1978 7969 13 113 738 28337 13 553 4361 61 18 77 13 359 66 574 1013 1086 13 553 1245 1246 519 13 170 20 28338 22273 4 10186 -1 -1 0 0 0 0 3 4 5 6 7 6 2 3 5 5 0 0
"95e42cbbc22bb99a" 19 28 1842 150 545 417 362 13 134 102 61 28339 68 13 553 1664 61 28340 28341 4 10187 -1 -1 0 0 0 0 5 7 5 7 6 4 2 2 6 7 0 0
"fd529411cf28b000" 25 10280 357 171 3819 10281 13 2 653 28342 13 553 66 347 863 417 13 66 23 474 13 2 61 2684 4576 4 10188 -1 -1 0 0 0 0 4 4 5 6 7 4 2 2 3 8 0 0
"c452009cc95c084d" 27 4501 13 520 3951 3006 95 676 13 553 7881 7882 3220 13 2 5482 28343 28145 13 553 1056 1057 13 357 66 616 4421 4 10189 -1 -1 0 0 0 0 4 4 4 5 6 6 2 2 3 5 0 0
"394f411f2850949d" 24 150 4176 12803 13 3443 150 36 171 4362 13 553 66 788 566 789 188 764 790 13 553 20 860 327 4 10190 -1 -1 0 0 0 0 4 4 5 6 7 4 2 4 5 6 0 0
"d038b1df364af543" 14 28344 25892 25 14738 6232 13 553 1192 5602 1622 28345 358 28346 4 10191 -1 -1 0 0 0 0 5 4 6 6 3 3 3 4 3 3 0 0
"58ee4ae3c7574fb9" 18 6452 20967 13 28347 817 12083 13 553 2 373 1863 357 457 28348 3998 1762 421 4 10192 -1 -1 0 0 0 0 7 6 5 6 4 5 4 3 3 3 0 0
"63942bd1f6e4c4e8" 21 171 1651 5795 901 14407 353 14075 13 553 357 15 16 87 1187 28349 1188 13 1664 61 1480 4 10193 -1 -1 0 0 0 0 8 7 7 5 6 7 3 2 4 2 0 0
"35181ecff1a80958" 41 6482 6483 1319 6563 3104 13 553 7881 170 4580 1038 28350 28351 3455 28352 17652 28353 28354 4361 61 15692 28355 553 28356 28357 28358 28359 4107 28360 15110 2114 16582 553 6575 61 6576 28361 2840 28362 28363 4 10194 -1 -1 0 0 0 0 6 5 5 4 3 5 3 3 3 3 0 0
"9dd425b2e1b69e51" 22 521 3776 3777 13 87 150 36 18884 13 553 28 1370 150 1371 1029 1372 1373 13 102 53 1187 4 10195 -1 -1 0 0 0 0 7 7 6 7 5 4 2 6 4 7 0 0
"f7995b50385e0b79" 19 20 796 57 13 2456 719 3282 28364 28365 13 553 17158 28366 28367 28368 28369 63 1192 28370 10196 -1 -1 0 0 0 0 6 7 7 6 5 6 4 6 4 4 0 0
"fe84bba479e0c536" 31 28371 20 28372 28373 13 28374 28375 13 53 26429 4526 492 28376 28377 13 553 28 102 1029 326 28378 188 7618 13 150 1510 1297 35 28200 351 4 10197 -1 -1 0 0 0 0 7 6 5 4 4 6 3 5 3 3 0 0
"c41dac54a36a18c6" 26 326 6170 2398 13 150 481 1543 2265 13 553 28379 13 28380 1015 1580 28381 3125 13 6534 35 28382 2846 28383 171 28384 4 10198 -1 -1 0 0 0 0 8 7 6 5 3 4 2 4 3 3 0 0
"17bdf4cf004e1642" 17 61 3251 10343 13 20 1108 28385 13 553 7863 20 28386 10442 28387 265 28388 13 10199 -1 -1 0 0 0 0 6 5 6 5 4 4 5 4 3 3 0 0
"c4e2f707c7a541ed" 3 124 68 4 10200 -1 -1 0 0 0 0 0 0 0 0 0 0 0 0 0 0 0 0
"4d2f469d16d1d973" 14 1842 23379 13 25571 7894 622 13 553 731 12156 481 28389 3029 4 10201 -1 -1 0 0 0 0 8 7 6 7 5 3 5 3 3 5 0 0
"268aad9209cd64d6" 12 6338 28390 28391 28392 553 28393 28394 13 774 28395 28396 28392 10202 -1 -1 0 0 0 0 8 7 6 8 6 5 3 3 4 4 0 0
"c51de6314aef77ab" 34 191 1511 1480 28397 13 23 744 4446 553 357 87 150 2214 174 5362 13 574 35 553 966 3693 150 7868 396 28398 553 2 1301 5253 722 171 28399 28400 4 10203 -1 -1 0 0 0 0 6 6 5 4 4 6 4 3 4 3 0 0
"fd413e8949c0b52f" 46 540 34 28401 13 442 2303 330 93 2217 110 553 191 326 6893 188 28402 1160 55 7159 28403 358 4 553 2 28404 805 28405 13 1712 28406 24133 787 19419 13 553 8982 14721 28407 1720 28408 13 28409 1720 4 68 4 10204 -1 -1 0 0 0 0 5 5 5 4 4 5 4 3 3 3 0 0
"aba177cc3b46114a" 51 1071 574 1567 13 150 1247 188 28410 13 5252 13 553 150 1641 326 4840 13 548 28411 359 28412 4 553 61 28413 20 28414 28415 13 6631 2 7989 21223 13 2 553 731 1964 28416 171 10870 13 150 367 487 13 530 1821 28417 17447 4 10205 -1 -1 0 0 0 0 7 7 6 6 5 3 4 3 3 4 0 0
"a367de6abd5054b8" 41 28418 25 367 1193 13 28419 28420 28421 35 28422 4 553 1886 3909 7642 13 28423 1862 28424 4 553 28425 28426 13 3727 55 28427 28428 23326 4 553 25 3929 6833 28429 13 4793 28430 4768 7214 4 10206 -1 -1 0 0 0 0 3 7 3 5 3 5 3 3 3 5 0 0
"8aa37099be0afa7c" 44 4275 13 28431 13 28432 13 7900 28433 10245 4576 553 347 600 28434 13 26839 13 347 18102 847 12583 28435 4 553 28436 28437 150 326 13 7066 14534 855 4 553 102 1796 1808 13 28438 2615 520 61 28439 4 10207 -1 -1 0 0 0 0 7 6 4 5 7 3 2 3 3 3 0 0
"e8cc59ac2e0d9ba2" 17 534 349 14405 6059 609 13 28440 5344 13 553 6631 7033 28441 6647 28442 28443 4 10208 -1 -1 0 0 0 0 2 3 3 4 2 3 3 4 3 3 0 0
"5fa414e8f51c7647" 37 774 517 7875 4824 2 28444 13 553 2 28445 6222 330 8864 28446 4 553 548 87 607 4667 28447 13 1231 8604 2902 13 553 1016 27715 3203 13 2 1971 621 6846 27580 4 10209 -1 -1 0 0 0 0 3 5 4 5 3 5 4 4 3 4 0 0
"f685855838a57a9b" 32 7733 1109 102 28448 28449 13 553 28450 28451 28452 11319 28453 28454 4 553 28455 517 28456 1420 744 415 13 553 313 28457 28458 28459 2 976 28460 28461 4 10210 -1 -1 0 0 0 0 7 5 4 3 5 6 7 3 3 4 0 0
"aa775bcbac684424" 46 20 1040 28462 17652 1881 10636 4294 2240 28463 18940 675 9943 553 134 2824 13 1071 150 10565 2 2957 4346 2444 26861 61 1109 150 36 10947 1341 1109 855 553 150 8255 13 93 115 1109 28464 2 688 150 193 530 578 10211 -1 -1 0 0 0 0 0 0 0 0 0 0 0 0 0 0 0 0
"95b319d3237a7076" 38 15996 13 18922 481 2 28465 28466 4 553 191 610 5386 13 28467 28468 28469 188 28470 4 553 16111 16112 13 95 61 28471 28472 13 553 19358 6858 28473 508 326 744 3075 742 4 10212 -1 -1 0 0 0 0 5 4 4 3 4 3 2 3 3 5 0 0
"9786c4a41df7b06a" 19 27838 28474 1122 28475 28476 13 553 15584 150 36 1507 13 26428 35 87 113 28477 2724 4 10213 -1 -1 0 0 0 0 6 4 5 4 3 3 3 4 3 2 0 0
"3b28ff3c463c65f2" 19 1988 61 13 150 4184 2248 171 2715 28478 13 553 21071 15183 4278 28479 13 16736 6821 4 10214 -1 -1 0 0 0 0 4 5 4 5 3 6 3 4 6 4 0 0
"d2130c956f4f16d1" 20 5115 28480 7737 28481 20 2126 13 553 1651 28482 28483 16114 13 20 28484 150 6107 28485 28486 4 10215 -1 -1 0 0 0 0 6 3 4 5 4 5 4 3 4 4 0 0
"da89227cd18d2497" 21 10730 16968 358 3127 28487 13 553 16041 10788 13 357 373 150 14414 11518 28488 607 28489 4 68 13 10216 -1 -1 0 0 0 0 5 4 3 4 4 3 4 2 3 3 0 0
"4634e5676d9abe24" 16 3408 6726 28490 598 3408 13 553 28491 1664 28492 13 636 2411 1251 28493 4 10217 -1 -1 0 0 0 0 5 4 3 4 3 4 3 2 4 3 0 0
"3820226bad4a4940" 24 3133 150 983 13 87 150 6750 13 553 4637 530 6551 2 4576 13 2042 2571 87 3038 3174 28494 28495 28496 4 10218 -1 -1 0 0 0 0 4 5 5 4 3 4 2 2 3 3 0 0
"77128ad6e3638d34" 39 966 3693 150 5769 13 373 8658 17586 13 553 1604 12934 12935 13 20 2303 28497 4 553 28498 20 7326 28499 4702 28500 698 13 150 146 28501 1807 13 345 325 530 3271 28502 2864 4 10219 -1 -1 0 0 0 0 7 6 5 4 3 4 4 2 3 3 0 0
"f56cdae6a4bae65a" 36 2170 28503 28504 13 87 1187 1031 20 28505 1317 13 553 28506 28507 28508 2 28509 1804 13 553 23731 2 340 55 28510 4691 2 421 35 95 457 545 28511 6826 12156 4 10220 -1 -1 0 0 0 0 4 3 3 4 5 3 4 3 4 4 0 0
"88dd4ddca606354a" 30 188 28512 1868 357 20 28513 28514 13 6676 446 1665 13 553 87 61 4663 13 13 38 28515 28516 13 4059 5060 414 6094 28517 1038 966 4 10221 -1 -1 0 0 0 0 7 6 4 3 2 8 5 3 4 3 0 0
"1e18078e20e09e4e" 32 410 35 4268 962 453 3814 1972 367 901 13 553 28518 34 2244 13 442 87 93 28519 13 553 28520 4342 5115 18074 1389 28521 13 704 1720 15826 4 10222 -1 -1 0 0 0 0 7 6 5 4 2 7 4 5 3 4 0 0
"ffb0a027856bbdf0" 18 20 326 28522 28523 13 5262 2197 13 553 28524 798 13 1868 13 41 16736 190 4 10223 -1 -1 0 0 0 0 8 7 6 5 4 7 4 6 3 6 0 0
"7153f6e30ca77f63" 38 17622 530 472 28525 28526 1342 13 553 548 6241 193 578 1089 13 28527 530 12467 28528 13 553 1360 530 138 13 2 134 20 4334 125 15797 13 1988 61 13 150 330 28529 4 10224 -1 -1 0 0 0 0 5 7 7 6 4 6 5 3 2 4 0 0
"68e50e6ca0ed2331" 45 3060 13 13047 13 23 720 28530 13 357 4446 28531 28532 13 553 16041 10180 13 28533 28534 13 190 452 28535 4 553 3372 13 23 28536 28537 13 15584 150 36 675 1507 13 286 305 967 35 28538 28539 28540 4 10225 -1 -1 0 0 0 0 7 6 6 5 4 6 5 4 5 5 0 0
"7d20908bb0795f16" 43 37 2596 28541 13 3705 28542 28483 13 35 1357 1947 28543 13 553 35 10444 8940 3138 10445 13 1374 631 113 20 87 3551 28544 13 553 28 150 36 10947 1341 28545 3248 28546 13 1109 150 28547 1324 4 10226 -1 -1 0 0 0 0 6 8 7 6 5 7 5 4 3 6 0 0
"673ca8c2a691c12d" 33 3737 113 28548 13 113 4284 35 3365 28549 28550 13 553 34 26 28551 4773 28552 28553 13 553 2 5492 3248 13 1096 76 3104 28554 21273 13 1602 28555 4 10227 -1 -1 0 0 0 0 7 6 4 5 4 6 6 7 4 6 0 0