134
331
539
746
1284
1414
1415
1422
1735
1846
1982
2374
3048
3162
3198
3698
3867
3919
4103
4259
4587
5005
5115
5217
5272
5519
5545
5744
6483
6603
6881
7195
7690
7989
8242
8529
8628
8637
8672
8894
9571
9941
10131
10272
10624
10932
11226
11275
11317
11643
11931
12009
694
723
739
1209
1594
1611
1980
3777
4250
4738
4836
5373
5487
5955
6111
6199
6504
6892
7027
7639
7809
8213
8704
8895
8942
9255
10032
10142
10239
10480
10618
10879
11125
11302
11404
11758
65
74
273
276
288
326
371
384
413
476
496
609
685
833
1006
1059
1073
1169
1175
1190
1194
1203
1233
1235
1270
1297
1361
1584
1602
1842
1853
1947
1965
1972
2015
2018
2037
2043
2066
2091
2100
2123
2146
2328
2330
2339
2345
2379
2380
2386
2427
2456
2486
2489
2560
2572
2621
2841
2952
3110
3120
3126
3229
3236
3256
3278
3301
3415
3436
3437
3617
3659
3693
3782
3788
3792
3815
3859
3967
4009
4014
4029
4055
4093
4163
4166
4182
4200
4230
4291
4450
4502
4547
4576
4583
4591
4641
4643
4651
4664
4689
4692
4697
4763
4851
4870
4892
4906
4919
4938
4987
5000
5044
5048
5054
5104
5159
5181
5230
5261
5265
5286
5415
5440
5514
5600
5612
5647
5728
5857
5864
6110
6171
6184
6208
6251
6345
6529
6568
6651
6663
6707
6718
6764
6912
7021
7091
7297
7354
7358
7365
7470
7510
7572
7577
7659
7701
7871
7916
7929
7950
7963
8012
8035
8063
8084
8085
8142
8158
8220
8262
8268
8275
8313
8421
8553
8698
8745
8794
8880
8989
9104
9140
9163
9183
9258
9344
9403
9425
9452
9485
9546
9590
9642
9678
9760
9800
9803
9923
9935
9986
10152
10166
10247
10263
10281
10284
10322
10428
10449
10505
10518
10543
10629
10674
10701
10748
10809
10859
10869
10877
10914
10976
11073
11121
11171
11176
11184
11209
11210
11228
11262
11294
11360
11376
11379
11408
11422
11439
11511
11523
11567
11581
11620
11660
11745
11764
11769
11772
11785
11868
11946
11959
11993
12005
12126
12133