181
704
775
1915
1955
2323
3014
3261
3407
3621
3867
3939
4035
4600
4877
5375
5977
6275
6484
6515
6576
6974
7157
7362
8076
8579
8625
8637
8674
8755
9214
9245
9571
9629
9733
9744
9761
11111
11278
11299
11624
11753
11777
11852
11936
11997
12149
12167
12168
405
473
865
1008
1176
1402
1418
1757
1959
3127
3418
3660
3786
3946
4026
4431
4452
4999
5136
5345
5485
5659
5847
5994
7288
7911
8071
8218
8501
8605
8797
8813
8985
9014
10185
10288
10511
11526
11763
5
58
69
164
172
234
299
324
361
387
528
600
680
690
893
939
992
1062
1170
1185
1211
1218
1265
1357
1369
1397
1508
1541
1617
1711
1717
1831
1834
1873
1973
1986
2005
2112
2138
2189
2234
2279
2313
2336
2390
2483
2497
2506
2544
2633
2831
2859
2882
2932
3108
3113
3226
3277
3319
3400
3404
3405
3422
3557
3591
3652
3678
3851
3935
4030
4047
4080
4096
4169
4178
4241
4273
4275
4297
4410
4442
4549
4552
4568
4582
4710
4798
4866
4881
4927
4935
5040
5096
5107
5123
5278
5285
5407
5438
5610
5686
5694
5740
5770
5772
5836
5948
5971
6003
6030
6075
6113
6193
6374
6468
6519
6534
6544
6661
6671
6685
6731
6745
6746
6756
6789
6842
6873
6900
7013
7058
7150
7237
7260
7274
7324
7472
7480
7496
7498
7503
7523
7529
7540
7653
7861
7868
7883
7922
7971
8028
8065
8119
8247
8268
8372
8398
8509
8527
8568
8670
8804
8863
8953
9010
9083
9111
9117
9127
9147
9430
9526
9551
9595
9607
9715
9726
9745
9754
9764
9806
9846
9859
9884
9924
9943
9961
9994
10022
10029
10099
10133
10334
10445
10458
10526
10608
10611
10817
10822
10824
10851
10868
10929
10982
11012
11077
11087
11205
11282
11304
11307
11311
11350
11401
11434
11436
11442
11493
11638
11675
11687
11704
11735
11863
11940
12110
12116