47
290
583
627
661
742
1161
1292
1608
1744
1803
1864
1889
2793
2854
2940
3411
3876
3991
4033
4503
4596
4759
4908
4950
5389
5397
5448
5451
5494
5557
5781
5868
6014
6060
6137
6319
6383
6572
7024
7935
8075
8181
8789
8803
9020
9155
9417
9585
9655
9736
9775
9897
10262
10742
10966
11321
11357
11853
12086
6
22
689
754
1225
2174
2246
2596
2796
2880
3383
3426
3501
3683
4012
4489
5060
5222
5323
5539
5961
6149
6189
6377
6539
6888
6893
6994
7648
7664
7857
7913
7925
8234
8520
8626
8897
9241
9928
9963
10084
10634
10660
10677
11300
11953
11991
82
122
124
237
257
265
332
336
377
485
534
578
582
589
598
602
617
619
622
652
791
840
856
928
942
1035
1048
1078
1121
1155
1200
1203
1233
1261
1300
1406
1408
1530
1578
1738
1881
1995
2051
2089
2094
2104
2130
2168
2349
2377
2383
2384
2388
2437
2503
2553
2582
2608
2617
2711
2742
2827
2861
2905
2942
2955
2970
3001
3106
3271
3339
3347
3412
3440
3478
3537
3544
3578
3615
3791
3829
3866
3871
3892
3932
3972
3994
3998
4081
4105
4174
4213
4220
4229
4278
4290
4303
4437
4472
4484
4540
4585
4608
4813
4840
4858
4875
4922
5010
5098
5170
5343
5352
5357
5377
5391
5418
5453
5481
5606
5649
5761
5778
5870
5950
5976
6032
6067
6076
6089
6100
6130
6292
6329
6340
6351
6409
6485
6511
6582
6646
6650
6666
6679
6734
6754
6798
6827
6834
6908
6936
7031
7084
7144
7176
7181
7295
7322
7330
7364
7389
7440
7521
7547
7616
7695
7742
7778
7887
7942
7979
7987
8021
8077
8080
8243
8273
8282
8286
8362
8432
8487
8550
8665
8683
8703
8758
8780
8871
8882
8906
8982
9103
9181
9264
9316
9327
9344
9380
9382
9434
9482
9549
9561
9578
9582
9598
9647
9671
9721
9738
9866
9903
10002
10017
10046
10091
10124
10224
10330
10401
10439
10472
10516
10517
10567
10605
10699
10798
10813
10827
10831
10862
10934
10940
10955
11080
11088
11090
11149
11188
11220
11261
11372
11488
11563
11649
11743
11751
11775
11880
11890
11895
11930
11943
11949
12004
12011
12021