"debc3c295e2d08f1" 6732 9567 11877
"af8cf03b4d051840" 7333 119 4601
"e3f03c4df55c339b" 6581 4178 3534
"37df9548b567b8c0" 8180 6050
"36cdce0401704181" 1509 8981
"7c285c54824d180e" 12112 7441 10001
"64ac3dc5a1a0b0fa" 11263 8953 10945
"abadb806a12945de" 1732 11502 6647
"e2a54e47a1f5da70" 7444 4541
"ce97bf87a1003a6a" 7730 1132 8613
"f6831d6c4b9fc8fc" 10480 1156 9858
"16d9b28a325dff5b" 3501 3931 4484
"8679521bd02c034c" 9853 1981 6337
"0e000cfff9d778dc" 59 8295 2473
"c9574ffc6ab480bf" 8898 11221
"72ed95151c3a6990" 6050 11520
"28b28c71893671a0" 11175 730
"5a17101e3a3d4b72" 10604 700
"347102656ccc234c" 84 7333 11877
"7a9b91a0b57ef1e6" 10999 119 4484
"48b16fc02247cb04" 7441 11502 10604
"9ef3e43d71dcecb6" 4541 6337 3534
"6b6cfafff3691028" 7428 8981
"d8a648b9db926ad4" 12112 10480 1732
"af838c71893671a0" 11175 4178
"1aa0de4bdf8554d9" 59 7730 3931
"96d3e6a70e7f6815" 8898 1156 730
"8cddd72cc3caf5f7" 1981 9858
"b5777079e7e7f5c0" 11520 11502
"d3ae9548b567b8c0" 8180 1132
"7be1f19224a2d683" 7444 8953 11221
"2a1510bd25173a2c" 11263 3501 4601
"a1324bc000610831" 1509 9567 10001
"4e7b4c15463dc92e" 9853 6581 8613
"2fbad351125f05bc" 6732 2473
"dc474ceadf92e4d0" 8295 11877
"0579237650d0fcc3" 10999 11175 4541
"176f6e933f997eb6" 8180 12112 4484
"335c4cf8d6429d76" 8898 11263 7333
"0a8ed5cbe5ff0efe" 1981 8953 3501
"ef6173ac78162fe0" 7444 7730 6647
"071a54fa72631f3b" 84 1509 4178
"2aa2dd0c55f34bd1" 7441 1156 1132
"7e45ba052e9ea324" 59 7428 119
"946b3c295e2d08f1" 6732 9567 6337
"f37cd5211c5a94b3" 10999 10945 730
"130ccdbd87b346e7" 10286 9636 3254
"efd6d9f86b68fb01" 2045 7667 1945
"dc9b38a8fccdea7a" 8076 836
"65a500f8efb25aee" 5342 9763
"8617df4537320ab3" 1835 6668
"9aa082429943b496" 3949 10811 8620
"7da02740fb060c32" 10006 11212
"bca5b1dc60bac144" 5652 9175 6179
"85c0931cfed4f533" 7319 2944
"f1bb9e3aed71e172" 7149 4457
"ae8eed33e902894a" 2560 9597
"5071e50349ed2ff1" 9431 6893
"449621502915dd10" 11397 4696 7350
"5679906d024c2bc1" 2174 2702 2232
"60b4123684548737" 6913 8268
"b1317d48b3beae3a" 6977 8743 7982
"de459daf8c57b07d" 2130 10566 1012
"678c6f1814dc5d05" 6725 11848
"478e4f41925863df" 1541 4752 1422
"48e38404f049d370" 4012 3675
"27519578c038ebd2" 6468 4753
"9a4abbda9b587f9c" 3162 10282
"932e9a39c445c5be" 9887 11207 3358
"3d1d849473d39041" 9304 9919 10879
"0ddcde14588833d7" 1794 2056 3661
"96dfeb0ab1ebd2da" 5541 1883
"3bafdc0fc9c209e5" 6 326 2534
"504995f0df906fa8" 12148 1204
"e0401a110f0a6a07" 11367 7445 2421
"9b09a2c1984820f4" 6449 4495
"7d8be29cb91876af" 12169 4405
"4565a47f260ca1bb" 5868 9840 9999
"5ff106622a243dbc" 1578 978 11080
"635969af53abaccf" 6536 10224 4981
"85939d037d2f177b" 1228 11808 8515
"f74553a7116f3ed8" 5859 4811
"3684695c95302afd" 1404 8254 1304
"84ad35b96e8fbe42" 5134 1189
"3ab831b641527d69" 177 4164 2061
"34bf48c01889abb1" 2061 3053
"49f29f5589031fdf" 5972 8675
"c6e5cb99a288d1df" 4164 4235
"c5260c313a2bd85a" 7754 8365
"7b7c7383d446f746" 8528 9162 10844
"107e0519fed25a1c" 3966 10675 10547
"5717bbcbbd5edcef" 8636 9525 927
"cbf627a77f1635d3" 10507 10240
"0b20af608e9fd1a8" 10924 3005 12162
"16ccc0ee654f1d7a" 6570 4045 4021
"58189bf4b932f663" 4416 4056
"c6b024502d0245d8" 10823 3236
"8b83fa75747577df" 9266 8257
"c3a7a97b3ba86dde" 171 5984
"9b395b43d2492ec0" 5244 11675 629
"1a9f57f9918d08b8" 10547 5597
"18750de733bf19ca" 5449 5407
"7dd41c148de44575" 2658 6384
"41f68a4b12519ad4" 2879 5556
"cc98fddda498d195" 9660 5843
"852b0ed2c3702326" 5984 10507
"5d8371fb07895ccf" 10844 8636
"02a15107c7df8e4e" 3870 8365
"86ba2593d35f238d" 3631 4056
"2d6c400a194a8ff6" 6384 9525
"912a938eb7c1553b" 9660 4045 4235
"963054f696d355b7" 3053 10675
"70ce05f2b92bfe60" 3966 5556
"1927a97b3ba86dde" 171 4021
"fe250c313a2bd85a" 7754 4416
"0b7620cefebf2505" 11625 5843 927
"54e4e83a506f6ff9" 177 11675
"c83db2559c4d6683" 10924 9162 629
"47ba7e53cb95cef7" 12162 3053
"e7868a4b12519ad4" 2879 3870
"211158c01889abb1" 2061 8636
"ba51df692024af16" 10675 3236 8675
"c36262b06fb0fadc" 5407 5244
"78147a87f6ef79a2" 5449 6384 5597
"7200399fae6c3e76" 8528 6570
"07d527a77f1635d3" 10507 5556
"62019f5589031fdf" 5972 629
"61341c148de44575" 2658 3631
"38316d10473d74e8" 4235 10823
"6bb8bc242564765e" 11697 5779 5981
"3042c11fe062ca2b" 929 8074 1007
"76e7ae259c7b44d3" 325 8761 3692
"6f85302b399ff26c" 1910 2384 6199
"ec820faed6d9e033" 1905 12024 3156
"3042880d56372f64" 4693 3156 4185
"ccacd162999a0110" 6677 10709 3989
"26db8c5bbf1d0d16" 7538 1079 9676
"2f09b90710e5dd84" 6750 3017 6310
"ebf9b9521edcf4f2" 3989 1079 3981
"9a6aede57bddc6c0" 9322 7745 4185
"ad3e6adc51941bb6" 9103 6762
"af8e6adc51941bb6" 9103 8074
"e4c11a8236e121c4" 8789 5779 11697
"d297b536c445ccc8" 9155 5981 5424
"8a23273b5625f24a" 5981 325 8761
"0bea7235ec91dbc2" 6762 3692 1905
"44c4302b399ff26c" 1910 2384 2949
"38c014faa2d1f3c2" 1007 2949 7538
"0494be09bb287048" 4693 10709 3017
"9925f368b636b8eb" 6750 3981 4185
"55dc60594ed679e3" 5779 5235 6762
"292616ba567c8420" 5340 9103 8074
"fb124f4154abe101" 929 325 3692
"ac71901d7903b63e" 5424 1905 3156
"54938b896221a159" 2375 6677 9676
"cb4622433bbf6915" 3692 2949 6310
"d8118bbc45b3fbcc" 6199 10709 3300
"78eeb28a618bd60a" 7664 6750 2312
"4ffcc908d7e5b3e4" 1079 2312 7924
"61ef728508c05fec" 8789 325 1007
"af4c0fa0702f2af2" 8089 2375 4693
"be31133242fdf4ae" 5235 1910 8761
"1adfb23f4f1061e9" 9103 2949 7664
"38386c3b167bbb64" 1910 6674 9322
"22f0b4c34067760c" 2384 7664 4185
"3bcc25448737df50" 8761 1075 7538
"f56014f0ede72811" 10729 11561 7664
"47c8aaaae437544b" 5779 6199 3989
"169f59f4c7b263a1" 1007 1905 3156
"fd36e181a47a89fd" 5424 4693 10709
"c0b4fc8ec4a64f8f" 12024 7538 7745
"937916919b32d92c" 6677 2949 6674
"9b5be2a2dab34b24" 6199 3300 3981
"ee155b1c53d012ab" 3692 12024 7745
"348e03b2d6345230" 10709 3981 7924
"c57ae12c5a53d40b" 2312 9322 5481
"eb65092e5f43a24a" 10910 6091
"a6db19de53194573" 8538 2512 9383
"71fd92146f27387c" 6157 8129
"486a9d0d3c821916" 5002 8690 7639
"e85809416b2712f0" 8571 9250
"3c73cea50f6cf43c" 5958 2599 6153
"41b08f4ba3bd72a4" 7510 11809 11416
"93bc0071fe2bcdb4" 11022 2710
"652e43409d4f0547" 5358 2387
"49ef38edb4cf3f96" 7157 630
"519b1fbfa9067a26" 5006 3204 474
"e679b4129b64fc6a" 1212 4469
"1cb0932af6946968" 8666 5350 11488
"4135253b00896faa" 6889 8082
"8f0b10acd03f922b" 5106 1875 6006
"8461b485edab4f26" 6099 11364
"98f34d8fba522055" 9039 2393
"1ff8002464ceacb7" 4386 4288 502
"b34ef36a9d92ec16" 7608 630
"4e3d01aeb2f4fa2b" 8538 9383 630
"4f93aaa50d367dd7" 7740 1875 11416
"d060cf157bd3c28d" 7639 11364 8129
"5c70cc6a9cb55564" 11423 6091 6006
"9618a219e6ccfdfe" 5106 6157 7157
"9d5e5392b13c9dfd" 5350 2393 4469
"9b25feb7ecd9bb0c" 4288 9250 502
"7e18c081c9a338a0" 5358 5958 8690
"040f339f7ede1649" 8666 2387 2710
"2f2f16f32edeeb59" 9039 1212 502
"8a5b6205b2ef1144" 6099 11809 2599
"537b8b58a0fac596" 10910 6889 6153
"f11e06c3e1d03010" 3395 2599 11488
"1971fec84db045fd" 5002 7510 2512
"368fbc08d751b9b1" 5006 7608 3204
"416ac70b4328bd18" 4386 8571 474
"161e186b910b24bc" 8538 11416 630
"a582e7c454fe4555" 1875 3204 8082
"50ac7c7c6f029ff2" 11423 2710 9383
"aa77d494bdf51bdb" 6091 6157 4469
"9d1230f893743e06" 6889 5106 7157
"7ff505d813a778a9" 11423 5358 11809
"322817f4589c5f1a" 5958 4288 11364
"2c47e2fffb03006a" 2380 7639 9250
"283ce2de9bbac346" 8666 8571 2512
"be901fcb9c2e8552" 7740 8690 1212
"d66e8178f24a16e8" 11022 2380 5002
"7620cf2fdebccadf" 10910 2387 2393
"e65e4df8a30854fa" 5992 9604 3401
"8cb0fe1c4cfd7ea9" 6144 4699
"df68aef7b4eba964" 11910 2882
"0c55f798040c40a3" 3275 3396
"6df359a97a75a021" 5645 6784
"cf3a6fcfd75fee26" 530 9722 2335
"b793091ff1cf5df1" 2682 3420
"e78bed10ed2e0a93" 4899 6026