"7c0465c1b91dfb7a" 9769 11013
"0256484548df6838" 7658 81
"c3a69204a1ea3093" 4685 7301 10013
"ca6a9c1e49ad2761" 10833 3404 11534
"6c28bf8251ffe031" 750 5059
"00f759dbd3ec5510" 11534 9309
"1815fb40c993c138" 863 5761
"89c2895f41daf548" 6103 6528
"6cbb34ceddceb4f6" 4599 11534
"6b0344360f28cd02" 9569 10012
"35983b882e78d16a" 2790 1208
"782d754fc76db0e0" 11773 6657
"8e009e9f13fa8927" 49 1726
"19232a3bae26d04f" 3541 8983 8384
"8207932bf81a059b" 6587 1610 8234
"b41903f2061c539a" 6737 10283 7322
"197cc7e5e0b7d9d3" 3088 4904 9776
"f7b0337b8938f6c8" 7322 11200
"954c77ad1a3cdbf2" 3404 2832
"432b8a7ffb347446" 1250 9421
"7ad726255084dec4" 11183 663
"888ad8c68096398c" 8234 1176 4685
"40c3f9c13c22f613" 294 9769
"1bf0b12cb00a3704" 10013 81 2790
"a0c3d9faa79fa322" 9776 7725
"9fbc8f4033c50bb5" 3537 5059 2832
"b31aca2721305b4a" 9309 3541
"6e54fb40c993c138" 863 2790
"b951f7642a196632" 4904 294
"80a9bf8251ffe031" 750 11013
"c7e29c443fa60e32" 1610 9421
"88ce28e8a5e7fd06" 10833 1726
"4c9244360f28cd02" 9569 8234
"9a1a162988ef597d" 6657 5761 7658
"bb47edebf34b2032" 6528 1998
"11a6ef3828454658" 1208 3404
"0a10be7173ceb2b7" 9776 11773 11534
"50d4dab41fae83cf" 663 7725
"42c7aee6d6dc3fa9" 11200 4599
"4605858f79211207" 6737 8384 1250
"f2d0c9e5fa6e8218" 8983 6103
"99d810f71ac9e538" 6587 10283 750
"fa619e9f13fa8927" 49 7301
"171a560f01cc0e5d" 10012 1176
"2d1265c1b91dfb7a" 9769 3088
"2e81de5966bb6527" 5059 1998
"10aa8a7ffb347446" 1250 7322
"73bf0e19cb280283" 1306 11512
"12171ac759ea2f4f" 7978 11282
"5e1b587df0e409f8" 6112 536
"9f8a2324a371ada0" 11290 8122
"b468d4c393a79b32" 1587 10631
"18cab9408f513c2e" 11429 10329 4742
"8a2f157120c05de8" 3884 10271 10624
"eb81192feb745962" 2170 6481 10254
"41e4543d0c557926" 5067 1597 1903
"3ce7880bd5489d32" 6105 6035 1282
"e59de08436a7870d" 7572 9333 1968
"0f71f0c48d9c8188" 9406 12133 2136
"087c379877ecce34" 302 3969 6540
"32cd9b4d0d2f75af" 3507 9997 6342
"1a098a2a6e4ef2db" 10027 5056 8501
"f19eb71abf1fe8a3" 6887 6343 4988
"2e6c0c977d7577ba" 12014 7135
"e1a2833c6c5c49cb" 1138 7783
"77231e5bc2e896fb" 11664 7354
"916db51d53e023c7" 2459 8795 8222
"73927f92a3c0065d" 4887 991
"bbf82c39d76f3609" 7920 8222
"2b25f6e10b770033" 5580 2793
"3553c0e3250b89ec" 5545 5649
"b53ea462e1d7df7f" 8438 7152
"512366b5dbf1cb89" 5642 11693 11689
"10b9f9395d8bff2e" 5264 2628
"6f68a461f13dd583" 6709 2479 3597
"cae078925b5ff98c" 11374 9257
"024a627fff86970d" 2481 3084 9314
"0549c34b54deb27f" 5845 9758 8804
"1ab88cb64138c5cc" 10256 7524
"e4c3834d4a6bb386" 1848 7945
"a08afe959b2c8cb0" 8065 8912
"db1bd5acf59390a1" 5171 7929
"14c70943eba24763" 1053 7195
"d33e075e3bb85ade" 6874 2622
"e38be41161ccdccc" 8529 8795 1053
"337c4eae25060412" 7945 5649
"24c1f441b1f750a8" 3591 7354
"8efda2197e0f790d" 2481 2622
"46a93309d881827e" 10510 5264 3597
"c4ecfcb6ef127054" 11664 2479 8912
"afbbf1bc16bc8ff7" 7920 8795 9314
"1e0bf97b1f7108b5" 7886 6709 9257
"a31ff85f3e1b8888" 991 5845 11689
"0890ea6729647194" 11765 5580 8222
"7e7078925b5ff98c" 11374 7524
"b60237b74ee64114" 5642 5171 2481
"e3c3834d4a6bb386" 1848 7929
"2551833c6c5c49cb" 1138 2459
"37147f92a3c0065d" 4887 7195
"4de184bb3b390f8f" 7783 3084 7152
"d2a88cb64138c5cc" 10256 7152
"3ea8e218ea5b2005" 8804 11693 3597
"d1ff075e3bb85ade" 6874 9758
"717507c9f7f94f9e" 8065 5545 8912
"d24fd2e36a748ffd" 8529 11693 9314
"a2440f54345cc5fa" 2628 8795 8222
"17a0f441b1f750a8" 3591 2793
"1818969e9cfbea6e" 11765 2481 2622
"f35b4eae25060412" 7945 1053
"a28481aa04a10774" 991 7783 2479
"358f81d42b3436a4" 1848 3084 8438
"e59568e4224e0214" 11082 11951
"5842a4df384ab886" 4175 282 10819
"2eb95ab5869ee4b0" 11359 3042
"203490407c7a39b1" 2038 151
"3eab4850b8be6e2e" 10751 11304 5179
"86fa2b41df2dd525" 10343 3666 10102
"1461fb21ba09b887" 1885 10391 3624
"af81729c9bcdce7b" 5853 4041 5975
"ac7b5ab5869ee4b0" 11359 10186
"8d5214109dea9bf0" 3042 4881 4800
"b8e42c077ef7811a" 2031 5179
"45795ab5869ee4b0" 11359 1876
"4b56e23536084d0e" 11668 9923
"cc79cbdbbb170fde" 11564 11077 4662
"dc931080e85804b5" 6903 5515 678
"cd907933fd226d58" 5413 2031 5955
"b8b977269553257d" 11351 5179 276
"5caf0f69cb2cd5a2" 11351 5955 9958
"69526ad46fd98480" 3624 8820 5249
"69d7162737edd195" 10526 9992 151
"ad762f2866ad6231" 10862 5975
"140a138080b483c8" 1060 10334 10862
"040320ba854fc830" 10186 4881
"0ba720f60bcb4316" 1885 5179 10819
"d03568e4224e0214" 11082 10334
"946bbb5c486d1ebe" 3666 9992 2038
"bac72f2866ad6231" 10862 11304
"59b55f7fb0efef5a" 3042 4041 5413
"e02914e8fba83cbd" 5853 3624
"733037038f27f717" 6976 10526 11304
"5f52fbb69469bd6b" 10343 2031 10186
"fdda05ac042a3099" 4175 11951
"ae68d51cd37d8921" 6903 11359 10751
"362bd1f63886ebc5" 9923 1060 5515
"fe19913abc75a8db" 6332 2038
"5ccd85330412e93c" 276 3624 4800
"db6a8dab68579932" 282 8820 9958
"302368e4224e0214" 11082 1876
"ddfc0be33532f6fd" 3042 10102
"ea4c5b91b9cba9c3" 3666 151
"635c4b8a7c1f5347" 10391 10334
"51520f37144d0bb5" 1885 11077 678
"984e095b2d0df6e8" 5249 1060 10819
"ab1e1430e17f85d5" 1885 1876
"7215e23536084d0e" 11668 4662
"d3b914e8fba83cbd" 5853 5975
"fdb1fa5539d2c7dc" 328 10186
"03097e3380031ff4" 3224 5387
"aeae1fbff48eced4" 9651 5286
"019c41d2edeca4ec" 5499 932
"d7acf3e7c86d95a7" 5018 6666 8
"b93a319349148889" 6716 5028 7138
"9c663f0cf92d698d" 2007 9137
"33e7e03869b76bbd" 7540 2380 5882
"76d7d181fa805a3d" 5922 12164 4216
"b1110db359cc3f59" 7078 704
"3af9943a29c24fbe" 9984 9014
"fe1b0be20895754f" 8159 1398 8689
"586646d7987d08dd" 7799 5453
"4a725a20422f5b1a" 1217 919 8071
"797e014bf3938ddb" 6378 968
"06b0cdbe51d2433e" 1011 8133 6251
"82e55d95b749db90" 6073 22
"42373f1c97764907" 6476 7643
"177b8159e9376133" 3910 8694
"68203eeaeaf76850" 4437 11556 6476
"7e7e521ff20097f7" 5286 7540 932
"3735ceca643ed4f3" 5387 2007 6716
"916b4a6db7af5d0e" 9651 8071 6666
"70b304613ac1e015" 5922 5882 5018
"0eb8ff8f70f195a0" 5028 8 6251
"4ab3c88c5ba98b4e" 1298 1398 5499
"2d51de47d557d363" 968 7799 9014
"8492b0c92d56ec95" 6378 919 5018
"ff787cd7fe65b396" 316 3974
"cdad3249f4a5d48c" 8630 5552 11517
"715cf6e18240c295" 2967 6225 4802
"98b6c33b771f79e7" 5229 851
"23b2b303ce0ae827" 6775 3578
"b0458abdea33a2bb" 11399 7169 3926
"780ee013efd48874" 2498 10957 2307
"38b77444a953e60c" 6769 7193
"12feff5db4b55939" 7737 11504 263
"0b3d58586e6f3bd5" 8582 6748 7621
"7e06f2ce1dac9078" 5093 11614 2347
"9c9542811af2d015" 2953 2053 654
"14d41493966d0818" 2303 8481
"e850170af8c271e2" 4522 2386 4577
"3843d845eec00ee2" 8322 6140
"34b5f79683802b21" 10793 4481
"0a8e3102b8f74dbd" 7546 1409
"6cf2eda77c0f6647" 3688 2321
"57ebedb6a4cfe686" 4691 11886 6987
"3628877882ac2fe7" 2341 3390 3335
"dc27617f3e84428d" 3349 3335 652
"1c19b10d301191e7" 11886 3390
"a4f516ba6bebe492" 4691 2341 3349
"e9a091b1bd0d2506" 652 3349
"99e4d8cabd66d580" 3390 6987 4691
"0a562c237d815255" 2341 5484 11886
"a32b431ca36c2bd5" 6987 3390
"6f0e401c371f84f2" 3335 11886
"c3d733f5192c9f01" 5484 4691
"6d70f20289d02173" 11886 652 4691
"440e6faf01473a9e" 3390 2341 5484
"0f4423e06cfa7ef6" 4691 652
"3ebc297e2314f342" 3349 2341
"0284e5312fef6cdc" 6987 11886 3390
"9dcc570c5dca5944" 652 6987 3349
"f7eb9e3b2e377ca3" 3390 5484
"a88c041ef686e854" 3335 11886 652
"a28d297e2314f342" 3349 5484
"97ce0e25e51c6ae8" 6987 2341 652
"187d9e3b2e377ca3" 3390 11886
"09a091b1bd0d2506" 652 3335
"b5d0444463703c81" 3349 4691 3390
"3ddc401c371f84f2" 3335 6987
"657ca0053ca217e4" 5484 652 2341
"3a04e9f0073d8fe3" 2341 3349
"7b4bc5fce97fbf46" 652 11886 5484
"8b0d7fc5181b8084" 4691 6987 3349
"8ad8b10d301191e7" 11886 2341
"dabb401c371f84f2" 3335 2341
"4d32672af70b7a06" 6987 5484 652
"f136aa3a9476442c" 2341 11886 4691
"728733f5192c9f01" 5484 3390
"44ed7cc5abcde991" 4691 3335 3349
"f078b10d301191e7" 11886 652