"70e2933ffab865e9" 4980 2742
"6de881aec813fdcd" 9731 10591 4095
"bad562d3b75e34c5" 8810 2546 2846
"c115aafbd9ce9e6b" 7013 8270
"bfbc87382dd38468" 6120 7724 1230
"18decb67174784de" 10050 6346 9572
"abd6651adf99efc3" 2042 539
"8f97eb88292b701a" 9998 951 2790
"4d703f0547a136b0" 7323 6029 4815
"ec8620efafe74dd2" 4798 6203
"831a6d0e3b164a97" 9487 1977 8291
"53d9cd849d620d37" 4996 8985 6339
"0bc4933ffab865e9" 4980 10591
"e404ebd9d5d1f732" 10801 90 1178
"70d80a7aba98eb17" 8270 6196 10012
"186413485e173794" 1717 6649 8918
"f0797142bc8a1ba6" 10635 10451
"f7075a846deccaf2" 1711 5743
"17197d9c15c7ae0e" 9998 1230
"c5b01feb00b1531a" 4590 6203 2742
"c95b560f01cc0e5d" 10012 6339
"f3b2672e7b60f12a" 8918 4980
"4ea10b4246d942dd" 6649 9487 951
"497fcd0881b8e27c" 2546 2846 9731
"aa74a8a13640bdb7" 4815 2042
"2174988be7c9fb25" 8810 2790 8993
"dc04aafbd9ce9e6b" 7013 4095
"e4c26724968d104a" 539 10635 8291
"50cfd395998bce97" 9572 4996
"c41c21520f663b56" 10050 7724 1717
"4955036d01caa879" 9487 4815 8993
"41131225a6451d7c" 6203 6120
"02ab5ea580b92477" 10591 8985 7323
"b3ed0698d4a0d426" 951 6339
"b57b1d464a823d42" 11202 4798 90
"e5a75a846deccaf2" 1711 8270
"2c2e9bb25f9e1d1f" 1178 4590 1977
"a5ca487922c252a9" 6029 4996
"797d625eea8803db" 1230 6196
"5f13971594c51c79" 8918 10451 5743
"fd739f54494d74ae" 9731 10635
"84041225a6451d7c" 6203 10012
"8a03994382a3dc1e" 1717 6346
"61ee4d87975dc57d" 10801 2042 10050
"2764933ffab865e9" 4980 8993
"8567fbae7ba7d4a6" 8291 9487 10801
"b1c2d8c917b43104" 90 6649 9731
"9d50d88c6d215275" 3106 11107 9175
"76b0a180628667b2" 6123 10827
"215c394e1843c030" 5061 8036
"423613185f96aa1e" 9848 11397 3106
"06938bbad26851b6" 9011 9116
"b7937110532366b7" 4746 140
"175e2eea0ffd505e" 10619 7173
"96a565f59300e5eb" 8140 4256
"644ad6b619a8d850" 2063 6634 9652
"20e274fdf3522825" 6978 9659
"dbdbb5d6b1c6e7e1" 10894 9114
"2411b24bd7763efb" 8370 1611
"99299d353b3c2f76" 5228 2605 10235
"ecfb3039e35528d7" 8431 126
"e917ac2f8dd07a64" 4026 4936 611
"3210212d07975fb5" 5041 10617
"06449a6a004a37e2" 6736 2811 4680
"11ed90df81db7cd1" 7773 1743 8224
"3ff00b348b95d903" 10268 9754
"8a96a4e892a9c178" 6517 11786
"e62d93c8e730537a" 11370 4383
"c493ea548b20c591" 9330 5132 11685
"6a19ec4859418fee" 2025 5412
"01e4d572345058a9" 4695 10443 3657
"004ec43dfa47954b" 10274 4452 3505
"8557a8c432242d6e" 2476 4911
"aebcbfe2568da16f" 9741 6171 5869
"b1ff2534f594124b" 10546 5600 7152
"299c4fa8012f5476" 9948 1418 7691
"5a1fe46471c1ec97" 10444 10433 10531
"fb884bf8b12fadd6" 8064 6285 10509
"579cc694f7f77ede" 1864 1888
"17d553135cb8cd71" 4240 11128 4992
"2d204726dd2c847b" 8752 6389
"95c3222c7c18f1b3" 4518 1592 10274
"4b056f2c0ba443ae" 859 1750 5114
"756da8cb9d4382fa" 8863 7953 5114
"09b774c750dae5e5" 7932 8642 1553
"fa425991406d892d" 7156 9927 3831
"1fef3bf3f8ae2313" 1279 4879 3022
"ea222d885dd35dd7" 5114 6927
"3f8ed3cc6ddb66bc" 1553 3831 3878
"b4c65768c86fd688" 158 7366 5542
"017b462f7e3461f5" 3831 3928
"f8a8188d43b51e15" 10249 9325
"cf1273835e6feb10" 687 875 6653
"4fc5b1d9eb8effcb" 5258 4223 10462
"42db3bab97297d81" 12001 9927 8311
"5d3713d9d1fa0e90" 297 10249 7366
"142706c239db8820" 6927 273 7156
"b6611e3a47805cb7" 6485 9325
"6935fdbd69f52292" 722 1279
"017d796538caf76c" 7519 4854 7698
"3dea5af205f7dd2b" 5119 9283 8204
"c82bae9045fa5a5d" 9927 8642 5258
"f972117e9db0dc0c" 8508 3878
"296ee6d075ff41a3" 859 10462 7536
"a70c077e23881919" 4859 6312 4854
"f6afe2c224868583" 3022 8204
"3d11d5629d616b2a" 7953 4879 3022
"bd55fc1bc4e253d4" 3928 3831 687
"f15ef77b9c6d07b6" 6511 11359 7932
"93fe4d7fcef64946" 5114 722 8508
"c3cad33096f6ca78" 1553 11698
"b851eb1680130cf4" 9927 9283
"3e0288976a374b1d" 7698 8204
"a4b6c5d4b52777ca" 7366 7932 5119
"1e1aae0337dff5f1" 158 8311 1279
"857a1919fb4bde9c" 8863 12001 875
"0599e0ebc994d3a9" 10429 6653 297
"9a4d556ca688f75b" 1750 10462
"ee4b5c6d10af076d" 8508 7519 4854
"56d80fba824537db" 8642 7156 3878
"3c935168cf1b4b03" 6312 11359 4223
"67c52dfb1ec210e8" 7953 5114 8642
"45230f26e2b18292" 1279 297 7519
"794a652a7de2cf4d" 6511 9927
"1fee3f85495b7794" 3928 8204
"1ee93f5dc7de3698" 4231 6927 4854
"7fabc50d967d5277" 4859 7366 9325
"c9b1ac2642badf1c" 273 7698
"9cfa1397d575ac55" 6921 300 9811
"ecb20da13bf73a6d" 10127 11870
"e163019e0b3820a4" 2327 4806
"d0e74db4e40b94f7" 3651 5241
"ffd5235ce82987f4" 961 8459 6910
"8e3e94a2f1baf42e" 6478 3159 4214
"2237ddc9a4c50a69" 6472 2715 8242
"187127df1dc99df2" 918 10984 2794
"73c9c05c862a2d39" 6756 694
"6d46e4a345c1c6c4" 6183 2126 11864
"64cd6acbdc7cd37a" 6896 8801 10976
"9caf0996af1f28ff" 7153 1181 8494
"09bbac74302e16cc" 2576 4171 10920
"9a053ca7b39e0d9a" 5166 8422 10836
"002b4a2341c8afaf" 2178 368 8373
"6378381bfd901116" 8249 941 3651
"350a85d849240310" 6756 1375 5875
"748c5f4b7b6adba6" 10127 11215 10836
"f10d52e8a478d421" 961 2576 1181
"4cb9436f68e8d6f1" 6921 2178 368
"06b6ec74c60f476c" 9991 11870 8242
"3a1322b0faedc01f" 2715 4806 5241
"cd8da237d042a9d6" 3159 2327 8249
"fda9c271592ffa66" 300 2794 10920
"93875deeb92fbe6e" 9811 11864 941
"46db32b16aafa293" 9996 694 7153
"2d7b32d84443e29c" 5382 10984 4171
"874585d81cadb084" 6478 10127 8494
"aae15effb92d2765" 8459 6472 4214
"8e08b82458178b1d" 918 5166 3651
"05f57fc56c8fc3a8" 6183 1375 8373
"a50cf9377bd9ae3f" 2126 8801 8422
"8b97e86d5383f1a8" 6896 2715 10976
"b09de2e90f7658f3" 6910 2794 8242
"25f9105e588e40c1" 3159 11870 10836
"d465ed12c877e404" 961 11215 11864
"c3a0c2184593ac52" 300 9811 368
"022c1df73363b95d" 6756 8249 8494
"ad35462482ca7ae4" 918 2178 7153
"7e9789b5fbeda6bb" 6478 2327 8373
"3d5ad81168d113d1" 9991 6472 3651
"fc08f565f8e3b467" 10127 1181 8422
"1e4a06169d1fa3a7" 2576 6896 11864
"eafa20e9792a7862" 10984 4171 5166
"ca69c1584c1e37ba" 5382 4806 1375
"6399eb0550eb9a9d" 6921 8459 941
"8e3495777b36cabf" 592 6666 3149
"112bed0d7f937a66" 11707 8549
"37eef2cd7907487b" 5097 11611 2298
"f96e815cccb1fd15" 6957 2710 4739
"d2dd4778b96bfce1" 8522 11308 2382
"75ef130bfa0136ca" 2827 4513 2398
"924bdc8942212dbb" 1023 2313
"2b75ad2170c4b9f0" 5277 268
"0522bc2890516109" 7874 3209
"d5afb15426d7eaff" 7918 8026
"a38e3d283742f6b3" 8538 6843
"a38678214a35f6a8" 5379 6155 8359
"03d24380466918d2" 8115 9452
"2265857b6dc3ffbf" 5080 8533 6192
"aa150557aede0ce3" 625 10816
"b28c1bf2c8cc85db" 4191 5650 7361
"e4831db868a480f9" 3402 5023
"9a13f9d099b53c5b" 8522 2298
"a3cf8f314d6905f7" 12070 4191
"2dee8f314d6905f7" 12070 759
"6946cae3e9b92c90" 2710 6155
"a18a393e7af9e0b6" 592 5277
"a634f9d099b53c5b" 8522 6843
"24b30557aede0ce3" 625 5080
"bcc191f22d1f3e5d" 6666 8359 6957
"c712a4c6d68becf2" 5097 2298
"4e333e43d2d32421" 7361 618
"90641db868a480f9" 3402 8538
"07434380466918d2" 8115 11308
"53d9ed0d7f937a66" 11707 3209
"b23333ae236546f8" 9452 7874
"6694479cdbb9ec5d" 2298 268 759
"ed9c2a119d480a44" 11611 5650
"71c497083ca821b2" 7747 4739
"25b2282c1f33c055" 2313 6192
"57ccdc8942212dbb" 1023 8533
"0e7d08e2882fb5d9" 3149 8522
"7c95db7bb58ca3b9" 2827 6155
"e8623b2f1aec7356" 9807 2398
"29e8afd74afc8a78" 4513 8026 7918
"f178a9100d934658" 11611 4191 6192
"c4931db868a480f9" 3402 5277
"baa3b926a38895a3" 11740 5650
"395e9cef3af2f0ce" 4951 11515
"db8c113457b7e304" 3923 6830 4435
"9fc832513e6c549c" 4740 4568
"1fb5ca99a33b3bdd" 849 3046 2305
"c592ec40463bc6fd" 7661 4104 3382
"a6bd1378fadbdaaa" 3480 4933
"48634b013de05530" 8470 9593
"20869c75585828ff" 11258 10339
"2bc2bb2c05728b3f" 9107 1832 4694
"4f12ee295bea3215" 6771 11760
"4b8d1a43299462d8" 2381 2334
"e14e5936283e4e55" 758 8883
"4e02671edd1712a0" 4449 6986
"a2963f2eb54b4ef2" 3427 758
"becf12854f72a16d" 4951 11258 2305
"f1485d1798299850" 2323 4568 4435
"a6a20534a20b9c3d" 2964 9593
"e1135153dfe177b8" 3923 4740 4694
"4ad8a2b95597059b" 3480 3382 4933
"55c24b013de05530" 8470 6986
"ffef45ba42ef174a" 2381 3046 8883
"bdb6d048a4ec4b1e" 7661 4449 11760
"84e65ef18a4f2b4e" 849 4104 2334
"323930f5acdef82e" 1832 6830
"61bc6d214447dfe6" 6771 11515 10339
"67df7d7e4be65be9" 2964 4568 2305
"fc80b3035cf3df07" 4435 9593 4694
"75877838c9b36181" 3923 758 4933
"1041ba642edec014" 9107 3427 3046
"0a8c9cef3af2f0ce" 4951 4104
"f0f38c47ad07dbef" 4740 11258 11760
"ef34c240f65e7f8c" 4694 8883
"da48d6a8878edfa9" 2964 2323 9593
"fa1b6eb12ebe48fc" 7661 3382 8883
"125d02ece3817af8" 2381 4951 4568
"92b8e16b04902c33" 9107 11515 4694
"4d6f22ef6f147505" 3923 849 10339
"2965b43bf3b68ead" 7661 8470 3382
"54d4363a5e8584c7" 6771 3427 6986
"bb6009381fc956ee" 2323 4435 11760
"53eaa74ed7faddc6" 2381 4740 10339
"ebbddf25ecd5812d" 2964 3923 6986
"4fa75101b6d637ff" 849 11515 8883
"fadd6d1421ccc9dc" 3427 3480 4435