"54cc993d6fe76746" 20 2245 8380 355 11548 22169 1029 22170 616 2014 13 553 14076 13 87 22171 53 14849 22172 22173 22174 8367 -1 -1 0 0 0 0 4 8 9 7 5 7 4 3 4 5 0 0
"224b42cbced3528f" 19 10556 3970 10557 22175 6526 10558 13 553 2 73 214 215 13 6089 6198 349 209 16 4 8368 -1 -1 0 0 0 0 8 9 7 7 8 9 3 5 6 8 0 0
"82e0d285a4622f6b" 28 1109 6766 6767 6768 6769 8590 22176 13 553 66 23 2383 13 357 171 10197 150 22177 388 4 553 41 2346 774 18563 13 13654 16483 8369 -1 -1 0 0 0 0 7 8 9 6 7 9 3 4 4 8 0 0
"94a36aa20b415856" 23 87 6659 6660 6716 14619 13 357 150 87 3456 13 553 73 143 18789 22178 13 357 95 1921 2652 2356 2518 8370 -1 -1 0 0 0 0 7 8 7 6 6 8 7 5 5 7 0 0
"21ef4ae5fa3bc78a" 22 939 1537 188 1538 13 34 1376 1845 2392 712 13 553 171 2496 3248 22179 13 38 188 22180 22181 3873 8371 -1 -1 0 0 0 0 7 9 8 7 8 7 6 4 6 7 0 0
"049dc3eb3861cf58" 24 95 1921 2356 2518 13 20 22182 1038 3248 20647 4 553 9306 6509 12863 13 170 388 20 87 676 308 4300 4 8372 -1 -1 0 0 0 0 7 7 7 8 8 6 4 5 4 8 0 0
"8eaa473deddba6c5" 29 504 1511 1247 474 1703 1419 13 357 744 66 93 117 28 22183 1628 20083 4 553 1201 8240 2720 3338 13 282 748 20 2114 2711 4 8373 -1 -1 0 0 0 0 8 8 6 5 7 8 5 4 5 6 0 0
"6242f68ae1c306cd" 18 1709 860 20495 5452 13 553 6223 417 388 25 39 13 1549 87 150 3258 3456 4 8374 -1 -1 0 0 0 0 6 6 5 5 5 6 4 5 4 6 0 0
"f21d6780e0079e72" 25 191 6678 13 171 22184 150 10628 744 36 13 553 357 95 1921 2356 2518 13 2 1109 22185 3692 1947 22186 20 22187 8375 -1 -1 0 0 0 0 6 6 9 7 7 7 7 3 4 8 0 0
"021458ef480866a5" 27 1109 1589 3838 25 13096 13 22188 22189 1842 22190 22191 13 553 22192 3746 703 1187 13 1580 577 504 623 191 22193 22194 22195 746 8376 -1 -1 0 0 0 0 7 8 7 6 7 7 6 5 8 6 0 0
"564c16c8a1be2729" 31 171 1552 435 7196 150 410 36 545 1550 1664 415 319 2 28 2439 150 36 1374 33 19550 661 13 553 347 51 2187 13 18221 1240 22196 4 8377 -1 -1 0 0 0 0 8 7 8 6 6 6 4 4 8 7 0 0
"ee857c0212f7268f" 21 1071 15774 698 8625 1786 13 20 14706 367 22197 2 13 553 9337 660 22198 367 2 1834 7721 4 8378 -1 -1 0 0 0 0 7 9 7 6 7 5 6 4 8 6 0 0
"2eb31ebd09610d69" 24 137 138 20 776 66 1331 367 519 13 553 17011 6756 20 22199 4763 55 22200 4549 2 28 953 396 22201 4 8379 -1 -1 0 0 0 0 6 7 6 5 7 6 5 4 5 5 0 0
"846229d8eb9629b8" 45 566 10195 16051 47 5419 5420 5421 7129 171 22202 22203 999 13 2 33 87 920 22204 55 2 4549 55 22205 1091 22206 22207 14202 4 553 1010 53 22208 33 13 35 347 12430 417 12336 991 1210 282 738 11608 4 8380 -1 -1 0 0 0 0 6 7 7 7 7 7 3 4 6 7 0 0
"cda10f0adb54385a" 20 171 9206 3038 8788 191 6198 4421 22209 1834 13 553 2 373 1817 2863 2 93 22210 11453 4 8381 -1 -1 0 0 0 0 6 9 6 7 7 7 4 3 4 5 0 0
"f8a5fb10e4376d67" 16 1842 9442 9443 2 2128 515 22211 13 553 134 720 22212 53 22213 15789 4 8382 -1 -1 0 0 0 0 6 6 4 2 4 5 2 6 3 4 0 0
"4b6ca3da46a87345" 18 1488 93 94 66 4824 4825 13 553 357 6132 61 3478 2 13295 1821 1552 6239 4 8383 -1 -1 0 0 0 0 7 7 6 5 8 7 3 5 9 4 0 0
"c99c1a26ae5852f0" 21 10224 2128 357 10225 2864 2 22214 13 553 720 5217 20932 1043 3180 13 1549 22215 22216 102 7159 4 8384 -1 -1 0 0 0 0 8 6 5 4 3 4 2 7 4 6 0 0
"353f7f86f6b297e5" 16 73 10631 143 5201 5202 13 553 2 4451 1103 22217 63 4453 22218 7223 4 8385 -1 -1 0 0 0 0 6 7 9 8 5 8 2 4 4 4 0 0
"20885a105b494bcc" 19 2245 2246 687 36 963 330 1568 13 553 357 1331 325 22219 2 134 3302 1949 12978 4 8386 -1 -1 0 0 0 0 6 8 7 7 6 6 3 6 2 2 0 0
"b921f6be3ff59e9e" 16 2 311 13 530 1377 1737 396 13 553 1182 13905 727 3939 6717 7848 4 8387 -1 -1 0 0 0 0 5 6 5 7 4 5 5 6 8 7 0 0
"dff0438a38f8abc8" 23 11453 1071 2358 736 13 553 66 1675 2149 2089 2150 2151 297 13 553 1109 6766 6767 6768 6769 2200 10231 4 8388 -1 -1 0 0 0 0 6 6 8 7 5 6 4 8 5 7 0 0
"909d8024105d9d35" 15 20 701 702 13 22220 22221 553 1088 519 13 10420 187 13278 22222 4 8389 -1 -1 0 0 0 0 7 5 6 7 3 5 4 5 3 4 0 0
"e425fd63f4236327" 42 13650 217 13651 9539 13652 13 13653 13654 13618 13 553 213 22223 1109 13185 216 217 215 13 209 16 5069 209 11302 553 171 174 1342 22224 95 1496 22225 515 13 553 548 36 22226 981 330 3180 4 8390 -1 -1 0 0 0 0 8 8 9 6 8 9 5 6 3 5 0 0
"f1d6b5963924a164" 18 13295 1821 1552 6239 13 87 2284 942 553 10643 10644 729 347 330 10645 146 10646 4 8391 -1 -1 0 0 0 0 7 7 5 6 7 5 1 4 4 6 0 0
"f432a17c1c2f2309" 25 1337 3293 359 1047 22227 13 2676 22228 553 2 7289 5234 1834 22229 1669 553 2 4451 1103 22217 63 4453 22218 7223 4 8392 -1 -1 0 0 0 0 8 6 10 8 4 5 2 4 4 6 0 0
"72eead99e5094cda" 16 9306 6509 12863 47 5419 5420 5421 13 553 548 3313 1697 36 362 1507 4 8393 -1 -1 0 0 0 0 4 3 5 3 7 3 3 3 3 2 0 0
"ac1fedfa8253f0f1" 30 504 1511 1247 1703 1419 13 22230 25 4484 22231 553 171 174 1342 22224 95 1496 22232 515 13 553 2 3003 687 1588 95 415 319 15099 4 8394 -1 -1 0 0 0 0 6 8 5 5 7 4 2 3 4 6 0 0
"52d7785f0c066d45" 18 6132 61 3478 13 2 66 795 1408 358 13 553 188 12447 169 515 21527 4357 4 8395 -1 -1 0 0 0 0 5 6 5 8 3 3 3 4 7 5 0 0
"8f633aec322df810" 16 939 1537 188 22233 13 553 191 440 26 430 1071 22234 113 14849 14850 4 8396 -1 -1 0 0 0 0 7 7 6 8 4 3 3 4 4 4 0 0
"f708b0ac7cc6d5f5" 21 191 373 1817 2863 13 347 286 305 22235 13 553 12978 22236 521 2023 13 297 22237 386 102 4 8397 -1 -1 0 0 0 0 6 9 9 8 6 7 2 1 3 4 0 0
"474edba7098eeda1" 17 87 6659 6660 6716 14619 13 553 1071 1016 1513 731 13 297 953 87 22238 4 8398 -1 -1 0 0 0 0 8 7 7 7 6 6 6 2 9 4 0 0
"fc2517d8e35a6879" 18 1109 1589 3838 25 13096 13 553 11453 2 2796 5141 19468 13 38 61 1016 6601 4 8399 -1 -1 0 0 0 0 7 8 9 8 7 7 6 1 6 6 0 0
"58b518dc90242aab" 20 2 9337 1394 1109 22239 2720 3338 13 553 22240 17473 3970 10557 13 297 687 87 355 17816 4 8400 -1 -1 0 0 0 0 9 7 9 9 8 8 4 8 8 9 0 0
"810579a5d3f2a139" 21 35 286 15352 13 1580 1109 113 15865 13 553 357 3331 22241 1110 13 1122 22242 777 639 22243 4 8401 -1 -1 0 0 0 0 6 7 7 7 5 9 1 1 3 4 0 0
"549f6dac2abec3d2" 22 347 417 2187 13 38 18180 113 15045 13 553 73 143 5201 297 5202 13 687 417 286 330 13139 4 8402 -1 -1 0 0 0 0 6 9 9 9 6 6 3 4 2 2 0 0
"496aadfa44d30ace" 20 13295 1821 1552 6239 13 553 1071 1821 9306 22244 13 553 95 1921 22245 2518 20 1550 1325 4 8403 -1 -1 0 0 0 0 7 8 9 8 7 6 5 2 7 6 0 0
"0a5ebdc0680d98f1" 22 1071 1377 61 457 13 297 87 150 1228 504 13 553 347 2852 10645 191 265 2107 10643 22246 3314 4 8404 -1 -1 0 0 0 0 5 3 3 3 4 6 2 7 2 6 0 0
"6d6ad9ddb5daf3be" 16 5519 150 14414 25 15058 10428 2717 13 553 191 3302 6678 2884 17870 22247 4 8405 -1 -1 0 0 0 0 8 6 7 6 5 4 6 3 3 7 0 0
"9a1f0e249e048b11" 24 1842 9442 9443 13 738 11608 13 553 191 11443 1580 2247 150 36 963 330 1568 13 87 150 330 2067 4337 4 8406 -1 -1 0 0 0 0 7 3 3 2 6 5 2 7 1 7 0 0
"0d81a9640adaf1bf" 22 41 2731 22248 13 2 22249 12336 13 553 297 1765 860 5452 13 2 1016 6412 61 22250 2 9265 4 8407 -1 -1 0 0 0 0 8 9 9 9 7 6 4 3 7 6 0 0
"2d695a071a844039" 20 171 9206 9063 17870 13 553 2 2240 305 13 1580 22251 18432 61 22252 13 359 188 22253 4 8408 -1 -1 0 0 0 0 9 8 7 9 6 5 3 6 5 6 0 0
"67abf7f5092aa982" 21 137 138 13 191 5260 171 22254 13 553 171 10197 421 38 5381 13 1580 95 61 171 3006 4 8409 -1 -1 0 0 0 0 6 7 7 5 5 6 5 3 4 4 0 0
"5e43003828a2d001" 25 13646 224 13647 13648 4546 251 217 13649 1109 13618 13 553 1675 2149 2089 13 2150 2151 297 13 347 330 22255 5881 4 8410 -1 -1 0 0 0 0 7 6 8 7 5 6 5 2 5 3 0 0
"e74eb8494693b035" 20 2245 8380 355 11548 13278 13279 13 553 1488 93 94 66 4824 4825 13 2 347 15198 2452 4 8411 -1 -1 0 0 0 0 8 5 6 6 5 4 4 4 3 6 0 0
"a3aad3c44a68a9ff" 18 22179 7289 188 22256 20230 22257 13 553 2 3332 3333 3334 22258 286 12486 93 14402 4 8412 -1 -1 0 0 0 0 7 5 8 6 8 6 5 4 7 6 0 0
"44a1ca4a58143148" 24 2245 2246 35 545 963 13 102 1890 22259 13 553 357 10224 2128 357 10225 2864 13 347 330 2369 22260 22261 4 8413 -1 -1 0 0 0 0 5 6 7 6 6 7 4 9 4 8 0 0
"c4fc52b506ec1ce3" 20 4799 186 772 371 1651 22262 13 553 2127 2200 15426 13 330 150 36 362 22263 359 1842 4 8414 -1 -1 0 0 0 0 6 9 5 5 7 6 4 3 7 5 0 0
"1bd5136447189b4c" 20 113 703 1606 353 294 2963 10177 18617 13 553 359 15161 4304 349 2777 4421 1773 22264 68 4 8415 -1 -1 0 0 0 0 8 5 7 8 6 7 6 5 9 7 0 0
"d5aec5499fa0b7ef" 23 721 523 326 13 18146 12700 1403 13 553 2 1148 1149 113 188 660 704 13 330 150 993 2861 68 4 8416 -1 -1 0 0 0 0 7 4 7 6 6 6 7 3 6 6 0 0
"e0fb547bea2bd863" 23 191 150 15170 4395 2928 7599 22265 13 553 35 2151 11361 636 17883 13 17539 2 22266 13 22267 22268 68 4 8417 -1 -1 0 0 0 0 6 3 6 5 5 6 4 8 4 7 0 0
"5fe26210f9f51d81" 21 41 2839 1192 1374 34 2839 2840 13 553 38 14307 22269 22270 13 6695 13 2 3419 3222 142 4 8418 -1 -1 0 0 0 0 7 4 5 6 6 3 3 7 5 7 0 0
"cb502971b5da12f8" 32 23 1122 15346 2767 22271 13 125 22272 22273 13 553 13729 13970 13971 13972 11061 9405 235 13 87 5602 12287 13 330 150 286 95 1342 353 22274 990 4 8419 -1 -1 0 0 0 0 5 6 6 6 5 8 4 5 3 4 0 0
"60a1fb2f8ba005e8" 23 1488 636 367 4361 150 36 3438 351 13 553 1806 417 1297 13 2 14303 2636 353 22275 13 22276 1342 4 8420 -1 -1 0 0 0 0 8 7 5 6 6 6 5 4 3 7 0 0
"263d91196a071c7b" 32 347 1784 3495 3125 13 38 5381 2204 20 87 3261 6495 13 553 9080 9081 9082 6110 13 23 675 8223 13889 10198 13 999 353 8089 728 22277 68 4 8421 -1 -1 0 0 0 0 7 5 6 7 6 6 6 6 7 7 0 0
"2a3b608e462bc4f0" 30 93 574 13 796 78 1420 2846 2847 2848 2849 13 553 2280 543 3189 13 2 12913 845 63 4209 53 13 452 4882 1693 165 22278 68 4 8422 -1 -1 0 0 0 0 6 7 5 5 5 6 4 6 5 5 0 0
"bb64c1cb4e78a556" 27 8282 6006 20 22279 66 1695 8543 2675 13 553 2297 1626 2298 892 2299 13 347 441 523 358 719 20 1841 22280 22281 68 4 8423 -1 -1 0 0 0 0 6 6 5 4 5 6 4 2 5 4 0 0
"4420c99ac10be92f" 38 297 10463 1215 13 297 20 1693 61 661 530 13 553 150 3419 12879 13 144 36 3303 1847 1338 13 1758 171 188 22282 1464 347 545 6927 660 1588 4312 578 150 13069 68 4 8424 -1 -1 0 0 0 0 5 4 6 6 5 5 4 5 5 6 0 0
"19c15b072003d2a0" 22 197 9025 12967 13 20 22283 22284 21678 13 553 16426 16427 16428 443 2720 16429 13 1713 330 22285 3491 4 8425 -1 -1 0 0 0 0 6 6 7 5 5 5 4 3 4 5 0 0
"f50e5f12fd9541c1" 27 41 715 481 457 125 13 1071 5847 22286 22287 657 721 13 553 2 9170 20082 22288 22289 13 347 10273 4970 188 22290 18292 4 8426 -1 -1 0 0 0 0 7 5 8 4 6 5 4 3 6 5 0 0
"cb284759df2c9a55" 28 171 22291 22292 22293 22294 13 553 22295 6551 93 18949 5393 13 6565 349 5385 553 22296 22297 18450 13 1628 4412 349 22298 22299 7153 6631 8427 -1 -1 0 0 0 0 8 7 8 5 6 6 3 2 2 3 0 0
"c8b94d9e3bfbed22" 35 150 4278 297 456 13 7490 632 566 116 1339 13 553 596 1131 22300 2979 22301 13 7047 13 35 18700 4214 1013 553 357 22302 61 3324 13 22303 1067 22304 22305 22306 8428 -1 -1 0 0 0 0 7 6 6 4 5 5 2 2 2 2 0 0
"705e384bfb7a250c" 29 22307 22308 22309 22310 13 553 13288 22311 10264 8131 22312 13 553 22313 22314 1032 5719 14579 13 553 357 22315 22316 66 22317 7239 171 68 13 8429 -1 -1 0 0 0 0 7 6 6 6 5 4 2 3 3 3 0 0
"995af0eb9ee695f6" 25 14052 14053 1032 22318 22319 13 553 4157 22320 22321 22322 22323 13 22324 636 22325 22326 13 553 1549 774 10008 10009 1852 170 8430 -1 -1 0 0 0 0 7 6 7 6 6 9 4 2 3 3 0 0
"512fe2623e443785" 30 1215 125 1210 116 174 340 13 553 774 22327 22328 22329 7443 1109 13 553 2 774 1712 22330 22331 1756 13 553 7389 9463 1319 25 22332 165 8431 -1 -1 0 0 0 0 6 7 7 4 6 6 3 2 2 3 0 0
"32f4d4856b980664" 31 3302 1091 2475 936 22333 171 16278 13 553 2 22334 22335 7567 22336 22337 553 357 1868 4069 1091 22338 22339 13 553 2 34 3154 4337 22340 5895 349 8432 -1 -1 0 0 0 0 7 6 6 5 6 6 3 2 3 3 0 0
"7c7d26384e3e61d3" 23 1013 1192 3931 1408 22341 13 553 297 1060 95 373 22342 2317 17447 1718 13 2 22343 22344 515 22345 68 13 8433 -1 -1 0 0 0 0 7 6 6 6 5 6 3 2 3 2 0 0
"a0855dbc4370ecec" 29 2 326 66 7054 7055 22346 13 553 1651 22347 22348 3478 22349 13 553 6831 171 2018 2 402 2859 13 553 14893 10774 113 22350 188 22351 8434 -1 -1 0 0 0 0 8 9 7 7 6 5 4 2 4 2 0 0
"9891398e04f91ce1" 32 357 22352 1086 10852 9322 200 13 553 14 22353 22354 22355 22356 504 13 553 2735 2423 556 1013 22357 22358 786 13 553 102 22359 3253 22360 2 22361 21408 8435 -1 -1 0 0 0 0 6 7 6 5 6 6 3 4 2 3 0 0
"831853ffb26e7e99" 30 171 22362 8005 2711 22363 6524 13 553 1129 776 113 16736 3302 4109 13 553 22364 22365 22366 2 22367 13 553 1829 22368 2809 347 1817 22369 7551 8436 -1 -1 0 0 0 0 6 6 6 5 6 5 3 2 2 3 0 0
"b842c7de8afb6d0b" 40 435 22370 134 7953 38 22371 2809 13 553 1389 1720 2 1863 6791 39 35 1628 4107 9155 2164 13 553 8676 134 66 7755 22372 22373 22374 13 553 2 7611 727 357 22375 345 1461 22376 53 8437 -1 -1 0 0 0 0 6 6 7 6 5 7 4 2 2 3 0 0
"cf103cf519df1e6c" 33 22377 11668 3093 1765 1094 13 553 373 2684 22378 22379 22380 13 553 1983 3561 1042 150 1094 102 22381 13 553 357 87 5452 3302 721 41 999 22382 22383 22384 8438 -1 -1 0 0 0 0 6 6 6 5 7 6 3 2 3 2 0 0
"46417638c3acd05e" 60 34 22385 12933 8082 13 553 2902 13 221 1606 22386 2483 22387 15588 13 553 22388 113 61 742 13249 22389 274 728 22390 13 553 297 22391 22392 13 7069 5852 22393 553 2 373 22394 22395 150 854 22396 2852 6791 553 34 15147 22397 13 22398 13579 14702 3674 6883 25 621 22399 22400 22401 4970 8439 -1 -1 0 0 0 0 8 7 7 4 6 6 3 2 2 2 0 0
"3dbdb82f0e03c28d" 32 1651 113 22402 3942 13 22403 22404 13 553 17821 22405 22406 1552 22407 13 553 150 388 4842 7949 22408 457 22409 22410 13 553 9227 3953 1456 3093 22411 22412 8440 -1 -1 0 0 0 0 7 6 6 6 5 5 3 3 3 2 0 0
"02026b61e83bcead" 43 22413 3727 8676 10865 3369 3186 22414 1952 13 553 1109 150 676 22415 4451 22416 13 553 1013 22417 22418 457 10135 22419 2 803 13 553 10221 23 22420 22421 2 22422 22423 22424 94 22425 6978 2 21918 2506 4 8441 -1 -1 0 0 0 0 0 0 0 0 0 0 0 0 0 0 0 0
"8f8e396cb4945176" 17 15271 15272 5881 22426 22427 1993 13 553 2055 22428 13 2245 22429 797 22430 941 4 8442 -1 -1 0 0 0 0 2 2 2 3 3 2 2 2 2 2 0 0
"1c5310ab7e3380b3" 29 360 3957 61 921 3958 3959 3960 13 553 4819 1056 35 796 1764 22431 521 13 553 12869 11978 5171 11933 13 357 1109 8793 358 1408 4 8443 -1 -1 0 0 0 0 4 3 4 2 3 3 3 2 3 2 0 0
"c5c772dd2447fa52" 30 860 1737 22432 8327 13 553 41 386 3212 13 1109 4326 22433 1669 13 553 410 34 12160 520 2183 357 150 87 22434 13 22435 22436 18369 4 8444 -1 -1 0 0 0 0 6 5 6 4 4 5 4 4 4 4 0 0
"7d8c4bbfaafb8f8a" 30 13892 13 22437 13 22438 22439 22440 14729 13 553 35 1543 10419 8347 25 360 61 10420 13 553 1549 22441 8213 3183 1319 9049 1863 22442 1038 4 8445 -1 -1 0 0 0 0 7 7 7 6 6 4 3 7 5 4 0 0
"5343b84618069935" 27 22443 357 3089 165 22444 1664 13 553 2 22445 22446 13 1481 61 1885 13 553 134 87 61 10879 13 3261 636 22447 1060 4 8446 -1 -1 0 0 0 0 3 2 3 2 3 2 2 2 2 2 0 0
"66089047a34af04a" 31 22448 22449 433 13 359 858 927 102 13 553 22450 13 191 3027 188 14744 102 13 553 35 6012 607 1558 7486 13 1774 61 2353 22451 22452 4 8447 -1 -1 0 0 0 0 6 6 6 5 5 6 5 4 4 4 0 0
"304cf8c6c5084274" 25 5155 3313 4277 13 357 2337 13 341 17921 134 13 553 4566 286 17455 22453 13 1488 1109 1110 22454 53 22455 22456 4 8448 -1 -1 0 0 0 0 4 4 4 3 4 3 3 2 2 4 0 0
"787c10e668f82c95" 32 913 1984 1985 154 22457 2505 22458 13 553 1194 1921 1297 417 35 1109 150 14827 330 2338 13 553 22459 12713 358 13 7239 150 22460 1319 6111 330 4 8449 -1 -1 0 0 0 0 5 5 5 6 6 5 4 4 5 4 0 0
"cddd6d9181975185" 25 9590 7379 13 1651 22461 12583 13 553 22462 22463 22464 2 102 1187 13 553 2 1248 188 4194 3302 19179 8571 4197 4 8450 -1 -1 0 0 0 0 7 7 7 6 6 6 3 4 3 4 0 0
"3348f809123d1e3a" 30 2637 457 8647 13 347 5776 1643 22465 39 13 553 113 11852 1060 2317 3635 1033 13 553 913 1984 1985 154 22457 2505 330 142 22466 15118 4 8451 -1 -1 0 0 0 0 5 5 5 3 5 4 3 4 5 3 0 0
"e158bd812e358032" 25 134 87 61 10879 1842 20 4715 6531 7949 13 553 2 7611 727 8095 7576 13 553 22467 13 191 6594 997 1773 4 8452 -1 -1 0 0 0 0 6 6 6 5 5 4 3 4 4 4 0 0
"40e45058bdf60ce8" 31 41 66 5507 1534 13 4605 1319 22468 787 13 553 2 1007 481 21657 13 25 621 798 286 1604 13 553 357 347 4337 22469 2439 1842 367 4 8453 -1 -1 0 0 0 0 7 7 7 6 6 5 4 4 4 6 0 0
"6c683227863df1e0" 36 7677 34 3478 13 22470 2434 10892 13 553 360 3957 61 921 3958 3959 3960 13 553 2 1248 188 4194 4195 4196 4197 13 553 8676 1842 20 3338 22471 13 22472 22473 4 8454 -1 -1 0 0 0 0 4 3 4 2 3 3 2 2 2 2 0 0
"fcb6670a2f4e3f2e" 34 191 1202 14158 14159 14160 1814 13 553 2165 3942 7571 13 553 22474 2 22475 16208 7357 1031 2 388 13 553 191 2506 421 421 355 13 2 102 607 5517 4 8455 -1 -1 0 0 0 0 7 7 6 6 6 6 6 5 6 4 0 0
"ba600eaf62fe01d8" 41 38 6884 1091 2475 359 14320 22476 609 452 13 553 20 22477 22478 13 22479 22480 22481 22482 13 553 20 73 13 47 7805 6833 18 359 1863 13 553 35 6012 607 1558 13 1890 10700 2695 4 8456 -1 -1 0 0 0 0 6 6 5 5 5 5 4 4 5 5 0 0
"c13ea8117436b57d" 34 1821 353 21980 13 1580 66 44 1086 10852 13 553 22483 353 22484 22485 358 13 191 3635 1033 6861 553 134 12869 11978 5171 622 13 2 4107 22486 5753 1964 4 8457 -1 -1 0 0 0 0 0 0 0 0 0 0 0 0 0 0 0 0
"9a40274f14dfd69e" 43 22487 2 22488 150 349 36 14620 5962 13 553 3514 19722 526 13 66 573 367 1331 4 553 357 4638 87 9410 13 1580 22489 2409 566 3939 3048 13 553 3302 8521 2873 13 57 941 113 22490 12796 4 8458 -1 -1 0 0 0 0 0 0 0 0 0 0 0 0 0 0 0 0
"9b9d8ea311aec42d" 55 95 1489 61 171 3472 6527 13 95 61 171 8131 779 553 28 860 1737 61 8326 8327 13 66 347 600 601 553 2 191 330 150 3220 13 22491 504 22492 13 171 22493 1038 13 553 34 26 20 2483 18406 22494 13 2 1016 517 150 36 362 21499 4 8459 -1 -1 0 0 0 0 0 0 0 0 0 0 0 0 0 0 0 0
"9ec273349d932d52" 46 4620 53 16301 13 35 4505 1771 22495 4 553 274 15761 61 1113 2 87 22496 2919 13 553 34 22497 11090 13 2 596 22498 1071 1013 20224 22499 4 553 357 362 8005 13 66 1664 93 13 191 188 22500 11443 4 8460 -1 -1 0 0 0 0 0 0 0 0 0 0 0 0 0 0 0 0
"465f225e5cb2df59" 46 15271 15272 18259 13 22501 1122 12345 22502 4 553 150 8298 362 10419 8347 13 113 22503 9356 2358 553 34 3527 22504 1043 13 347 36 22505 22506 13 553 5101 1201 361 2663 1187 22507 13 25 5602 373 5877 932 22508 4 8461 -1 -1 0 0 0 0 0 0 0 0 0 0 0 0 0 0 0 0
"e282cdd28210b6fe" 44 34 19790 1885 22509 22510 22511 13 553 191 87 138 14677 188 8047 22512 22513 7180 4 553 25 1749 330 4277 13 360 921 3958 22514 553 22515 13 35 3956 22516 13 35 125 388 362 4434 22517 22518 22519 4 8462 -1 -1 0 0 0 0 0 0 0 0 0 0 0 0 0 0 0 0
"f804075c95e53666" 41 150 4505 3302 4337 13 16576 1947 308 913 13 553 61 22520 13 2 1042 2049 160 4773 22521 13 553 95 22522 13 2 5399 22523 13 553 2337 341 22524 13 3302 2 457 22525 347 405 4 8463 -1 -1 0 0 0 0 0 0 0 0 0 0 0 0 0 0 0 0
"ee7d675a8158b71a" 45 4365 7113 22526 566 6214 455 22527 6803 13 553 297 596 61 125 396 13 174 95 340 2905 4 553 357 1013 1192 3931 3932 13 596 22528 93 13 553 357 504 588 22529 13 20 11996 347 22530 1588 3461 4 8464 -1 -1 0 0 0 0 0 0 0 0 0 0 0 0 0 0 0 0
"9df39b12d8f35237" 35 22531 22532 1029 13 326 22533 13 553 7055 2132 7056 13 326 19119 4 553 357 1921 22534 13 386 10814 999 22535 13 553 396 2 22536 13 1109 9982 7689 22537 4 8465 -1 -1 0 0 0 0 0 0 0 0 0 0 0 0 0 0 0 0
"53ab2c937a3bf18e" 38 22538 22539 13 35 2928 852 349 6404 3731 13 553 7389 66 5673 721 13 25 6647 165 4 553 4819 1056 22540 22541 22542 13 553 4326 22543 53 22544 13 3736 330 22545 3561 4 8466 -1 -1 0 0 0 0 0 0 0 0 0 0 0 0 0 0 0 0
"06676aeac91aeb6a" 42 22546 22547 13 2957 3089 22541 11078 13 553 13892 515 13 191 1383 22548 388 331 22549 4 553 150 10354 13 28 2536 722 11634 4481 13 553 1983 3561 13 297 2705 22550 515 188 22551 901 1485 4 8467 -1 -1 0 0 0 0 0 0 0 0 0 0 0 0 0 0 0 0
"015dfcc6c4a968f0" 43 410 34 12160 13 588 61 3249 13 553 357 805 13 95 330 1192 22552 22553 4 553 87 2902 20 1351 34 17598 566 22554 13 553 357 823 165 4254 13 1341 4403 1315 596 1043 5517 12432 13292 4 8468 -1 -1 0 0 0 0 0 0 0 0 0 0 0 0 0 0 0 0
"eb41d2e9bcab82e6" 42 9590 7379 13 2 4403 3212 6679 13 553 150 304 171 22555 349 151 14599 4 553 2247 66 774 22556 15225 305 13 357 87 150 3456 13 553 3302 353 18906 44 10955 4862 2 14893 171 22557 4 8469 -1 -1 0 0 0 0 0 0 0 0 0 0 0 0 0 0 0 0
"f185158778c75813" 46 41 169 87 150 22492 13 22558 22559 13 7874 13 2637 66 4 553 11033 1214 433 11034 5823 22560 1464 4 553 22561 13 2 38 7952 787 7953 13 113 22562 4 553 95 22563 22564 13 2 737 6012 607 22565 4 8470 -1 -1 0 0 0 0 0 0 0 0 0 0 0 0 0 0 0 0
"303ba919bd09c741" 50 330 35 125 297 16482 7592 13 6091 357 22566 17652 553 113 11852 13 349 15 22567 22568 3497 13 553 6336 22569 22570 22571 13 297 150 688 9537 305 4 553 134 22572 4 22573 22574 13 134 796 2902 13 2 12869 11978 5171 22575 4 8471 -1 -1 0 0 0 0 0 0 0 0 0 0 0 0 0 0 0 0
"26ac51d32a522029" 15 35 2652 22576 22577 13 553 357 66 1060 2317 3635 1033 13 11443 4 8472 -1 -1 0 0 0 0 8 7 9 7 6 7 4 2 3 1 0 0
"ded9e7658d4a2ad0" 19 41 66 5507 1534 13 102 361 515 890 13 553 1829 357 4405 4211 1720 10686 22578 4 8473 -1 -1 0 0 0 0 8 7 8 6 6 7 3 2 2 1 0 0
"371a175ab1a0406e" 34 95 15761 1113 171 4926 13 87 727 357 2398 13 553 2 360 3957 61 921 3958 3959 3960 13 553 357 95 22579 1101 622 13 8722 1042 22580 286 22581 4 8474 -1 -1 0 0 0 0 7 8 8 6 6 6 4 3 2 2 0 0
"c8e7cd53f61ba672" 21 134 87 61 10879 13 22582 774 313 609 22583 13 553 913 22584 22585 154 22586 22587 4703 61 4 8475 -1 -1 0 0 0 0 8 7 7 6 6 7 4 2 3 1 0 0
"05ba42b0b11a2816" 24 774 171 1895 13 21181 22588 117 13 87 388 357 10164 13 553 7389 5673 721 25 6647 165 13 359 73 4 8476 -1 -1 0 0 0 0 9 9 9 7 6 8 4 2 3 2 0 0
"4a610880d3cab8fd" 27 1988 1988 16538 13 125 4964 115 7151 22589 488 13 553 4819 1056 171 4007 22590 22591 13 553 520 5452 11668 22592 2154 22593 4 8477 -1 -1 0 0 0 0 8 7 6 6 6 7 4 4 2 1 0 0
"852c3d7673cd980e" 17 134 191 3294 13 2 12066 353 326 13 553 7075 304 816 13 22594 22595 4 8478 -1 -1 0 0 0 0 8 7 7 6 6 6 3 2 3 2 0 0
"54284ebc6abb7ebc" 34 188 6177 1109 2696 22596 22597 13 553 10169 22598 22599 1109 6125 18908 13 553 66 2374 5575 22600 14608 1096 13 970 1143 566 4182 1376 22601 4182 6478 4 68 13 8479 -1 -1 0 0 0 0 8 7 7 6 6 6 4 2 4 3 0 0
"c641c107ac5a95d7" 28 93 15246 15247 13 22602 1480 22603 13 553 2 95 1496 61 171 4755 13 193 171 20816 13 1523 373 17392 20 6698 4 68 13 8480 -1 -1 0 0 0 0 7 8 7 6 6 6 3 4 3 2 0 0
"d3dff9cab92c35bb" 34 1029 150 653 3388 3389 13 34 575 22604 22605 13 553 34 398 399 2 134 66 400 401 125 13 2200 2070 6392 66 22606 953 22607 22608 17537 4 68 13 8481 -1 -1 0 0 0 0 7 7 6 6 6 6 3 3 5 2 0 0
"903e0b20cad9d70d" 35 22609 22610 106 1817 22611 5905 13 553 799 388 628 20 12126 515 188 1552 22612 12577 13 553 1319 1270 1730 313 1042 61 415 319 13 87 150 36 22613 22614 4 8482 -1 -1 0 0 0 0 8 8 7 6 6 6 5 3 5 2 0 0
"1b8ab277bb96a722" 30 231 209 13988 12326 13989 13990 237 209 250 13 553 359 5591 162 5592 5593 13 553 16217 979 171 15670 13 17511 22615 7779 1094 22616 1511 4 8483 -1 -1 0 0 0 0 8 9 8 6 6 7 4 2 3 1 0 0
"29c2da4634617be1" 51 95 22617 1199 19041 520 171 19041 13 23 8414 13 553 347 863 330 22618 3172 134 6858 6209 972 13 553 13618 237 209 14047 14048 578 14049 13 1042 61 9047 13 22619 22620 13 5541 2476 5542 2284 5543 5544 13 2 23 8414 4 68 13 8484 -1 -1 0 0 0 0 8 8 7 6 6 7 3 3 4 2 0 0
"aa9e42e651ed32de" 23 171 8334 150 286 8062 13 87 607 10959 13 553 6018 731 6019 61 13 2761 142 672 22621 4 68 13 8485 -1 -1 0 0 0 0 8 8 6 6 6 6 4 3 4 2 0 0
"e362bfa9613254bd" 41 134 7317 22622 15055 936 1109 22623 22624 22625 13 553 2 188 6177 596 1109 22626 2 2696 7028 13 553 2696 22627 685 22628 2 22629 13 553 66 2374 5575 22600 14608 7033 17126 22630 953 6717 4 8486 -1 -1 0 0 0 0 7 7 7 6 6 6 4 2 3 2 0 0
"d7ad4965a1dd30f3" 20 1496 61 4755 515 13 20 61 11408 13 553 41 34 113 7965 13 3297 645 305 2340 4 8487 -1 -1 0 0 0 0 7 9 7 8 7 6 5 2 8 4 0 0
"409fbce7d9a84cf1" 17 357 23 3382 87 10246 19947 13 553 61 415 319 1641 53 15124 1319 1270 4 8488 -1 -1 0 0 0 0 6 6 6 5 7 3 2 1 7 2 0 0
"5e017ce36343ce8a" 22 87 15247 38 22631 353 13 5900 22632 3164 13 553 2374 35 87 61 22633 5381 20 108 986 22634 4 8489 -1 -1 0 0 0 0 7 5 8 5 6 4 7 8 3 8 0 0
"bad235c5383e2587" 16 41 1498 61 6907 22635 13 979 171 394 13 553 672 13509 1016 22636 4 8490 -1 -1 0 0 0 0 9 8 9 7 8 7 7 6 5 6 0 0
"43443e88917809b2" 28 15487 1109 14934 13 1109 326 5561 1013 22637 13 553 188 6745 6746 1016 6747 13 87 61 1016 19404 13 188 2 171 325 22638 4 8491 -1 -1 0 0 0 0 7 6 8 6 7 6 6 9 6 8 0 0
"b5b019abb14c9491" 27 1821 446 343 20 22639 7901 13 553 357 744 1109 22640 9621 2 34 11890 22641 13 553 713 35 22642 61 605 22643 22644 4 8492 -1 -1 0 0 0 0 8 9 8 7 7 5 6 5 9 6 0 0
"3a0a1ba2a76e241c" 20 7762 7763 7764 13 357 87 5452 2286 13 553 357 22645 8448 22646 20 23 3382 1604 22647 4 8493 -1 -1 0 0 0 0 6 5 5 3 6 4 6 5 4 3 0 0
"ad099da7b942ca3a" 25 22648 61 125 664 665 666 13 351 13428 22649 13 553 313 6601 87 4766 22650 191 361 588 4271 417 22651 22652 4 8494 -1 -1 0 0 0 0 8 5 6 6 8 4 3 2 6 5 0 0
"3b5d6c8c6c51359e" 28 25 1647 87 1047 8448 5215 13 2056 150 545 2852 13552 13 553 357 596 191 8669 22653 13 87 1239 1047 22654 347 3432 646 4 8495 -1 -1 0 0 0 0 7 5 6 5 6 4 6 5 5 4 0 0
"1a6e182a530d734e" 17 5541 5972 14233 6777 12174 22655 13 553 1775 12172 357 11026 2165 3938 188 10192 4 8496 -1 -1 0 0 0 0 8 7 4 3 6 3 5 7 5 6 0 0
"dff4157c8d96ea8f" 40 14178 3025 357 14180 2 1109 1208 6225 13 553 213 13579 13585 216 217 13 34 108 297 22656 357 171 8063 171 22657 22658 13 553 188 6659 1834 22659 22660 414 125 401 400 14288 22661 4 8497 -1 -1 0 0 0 0 9 8 7 6 7 6 7 6 8 8 0 0
"23d38115250ec7f4" 22 17144 34 35 388 3305 326 13 553 188 4403 972 1293 13 553 34 26 171 1131 2 6785 22662 4 8498 -1 -1 0 0 0 0 6 5 5 6 6 5 5 4 7 3 0 0
"1f6629ac5f3f77ae" 33 35 1664 286 1993 17144 13 188 4403 953 14081 13 553 22663 3788 13979 9988 188 704 4970 6623 22664 13 553 17144 34 35 388 22665 19966 22666 171 22667 4 8499 -1 -1 0 0 0 0 7 6 4 2 7 4 6 5 3 4 0 0
"3e908ca713f76ced" 37 2 4283 22668 22669 641 13 373 22670 10099 22671 13 553 2208 20 22672 34 22673 13 61 188 7254 22674 547 22675 13 553 2 34 26 22676 22677 1911 38 1669 2050 22678 4 8500 -1 -1 0 0 0 0 8 6 6 6 7 5 7 6 6 5 0 0
"dd5f893a7ffdbdb1" 35 3171 3172 3173 13 87 61 171 20847 13 553 14 530 1580 188 394 171 22679 22680 13 553 357 61 415 319 1641 515 1319 1270 20 34 26 545 171 22681 4 8501 -1 -1 0 0 0 0 7 6 5 6 6 5 5 3 7 6 0 0
"8302ad2db5394368" 18 357 3939 1628 93 6285 191 3294 13 553 22682 2 3788 13979 13 87 61 13980 4 8502 -1 -1 0 0 0 0 7 4 5 4 3 7 6 7 4 6 0 0
"7de07b7e637fbb74" 23 20 5591 162 856 515 5593 13 553 1571 22683 13 1842 3318 367 13 553 357 521 150 639 22684 22685 4 8503 -1 -1 0 0 0 0 5 8 4 7 7 8 3 5 6 5 0 0
"335c07acb6b2a1a5" 9 188 5779 17144 13 5101 388 5124 628 4 8504 -1 -1 0 0 0 0 8 6 6 7 5 5 5 4 6 4 0 0
"eac4492db246e773" 27 1664 93 731 6019 61 13 2 95 1496 61 4755 13 553 28 7805 7762 7763 1842 13 330 504 1671 150 191 117 22686 4 8505 -1 -1 0 0 0 0 6 8 6 5 6 6 6 7 7 5 0 0
"18f94b8fc618102e" 19 23 326 774 200 2 8334 150 286 8062 13 553 5541 1869 13 341 5555 22687 22688 4 8506 -1 -1 0 0 0 0 7 5 5 6 4 5 6 7 5 7 0 0
"ba24bdd74eeabf70" 27 1892 530 1293 2 4970 9716 13 553 357 1042 95 150 138 151 1247 13 553 373 53 8731 530 13 357 799 388 628 4 8507 -1 -1 0 0 0 0 5 7 8 6 4 5 4 5 6 5 0 0
"a3a08fc31ee47626" 21 5462 4 13988 12326 13989 13990 22689 13 553 357 23 93 3381 3382 13 35 9942 113 22690 641 4 8508 -1 -1 0 0 0 0 6 6 8 4 6 8 5 7 4 5 0 0
"4af4174917851d78" 25 21953 353 3327 482 34 26 13 553 4828 1667 482 188 18836 61 13 553 7075 14561 816 22691 13 7044 66 367 4 8509 -1 -1 0 0 0 0 7 7 5 6 5 6 6 7 6 6 0 0
"9ec397251c6df3e1" 24 1109 150 8432 13846 93 9621 13 553 311 14875 22692 22693 13 553 359 14461 3963 13 347 39 1007 435 22694 4 8510 -1 -1 0 0 0 0 6 8 7 7 6 4 4 7 6 8 0 0
"c0e55c52a8c3faee" 34 357 76 61 993 1053 13 347 6750 22695 22696 13 553 15664 787 8731 2 347 3278 1200 13 553 347 441 35 1664 484 1993 13 20 7125 7901 22697 2255 4 8511 -1 -1 0 0 0 0 5 5 8 6 5 5 4 7 5 6 0 0
"ee8201cb4da73385" 30 452 3302 3314 2 66 347 286 20084 13 553 191 1182 1825 2941 357 22698 13 553 347 598 721 25 373 421 13 521 822 2284 22699 4 8512 -1 -1 0 0 0 0 5 6 5 6 6 6 4 4 5 5 0 0
"50b3aa5ae2176206" 39 20 4752 2738 13 1002 349 1580 87 23 66 13 553 1775 22700 2 15786 13 297 20 20878 61 664 665 666 13 553 5555 1869 515 6910 12174 22701 13 1580 949 7398 125 11067 4 8513 -1 -1 0 0 0 0 7 7 4 8 6 8 5 6 4 7 0 0
"aa02396b97e704bb" 30 5252 20 22702 5217 22703 21156 13 553 1775 12172 13 150 13 1775 15471 13 28 102 142 1047 13 553 7168 150 22704 330 134 3769 19589 4 8514 -1 -1 0 0 0 0 6 7 6 8 6 6 4 4 6 7 0 0
"8872d2af716e9a8b" 28 1664 353 1774 7743 191 3294 13 553 87 22705 22706 2236 22707 34 15457 13 553 66 347 286 305 87 22708 2006 3163 22709 1247 4 8515 -1 -1 0 0 0 0 6 6 7 6 4 6 6 5 5 4 0 0
"f7c1f33bf8fa24b6" 23 23 22710 547 748 13 5101 803 22711 1550 22712 13 553 95 1496 61 171 8453 22713 353 22714 7091 12844 4 8516 -1 -1 0 0 0 0 6 7 6 5 6 5 6 6 7 5 0 0