"793f1f2ff5791832" 15 347 713 772 1109 21632 13 553 1549 330 347 39 721 1338 4340 4 8217 -1 -1 0 0 0 0 6 5 6 5 5 5 7 2 8 4 0 0
"92fed25091a5b51a" 15 1842 20 20830 95 21211 13 553 2942 13239 7700 2 21633 311 1718 4 8218 -1 -1 0 0 0 0 6 8 7 8 5 7 5 2 9 6 0 0
"b96c635e61782796" 23 672 12167 12201 9154 13 553 41 373 371 9908 4086 13 553 1110 4476 995 13 1071 17541 61 1569 21634 4 8219 -1 -1 0 0 0 0 7 6 7 7 6 7 4 3 7 4 0 0
"e435545c981d0bbb" 19 347 463 330 13 134 361 396 21635 13 553 11484 13 347 863 4093 13 917 2331 4 8220 -1 -1 0 0 0 0 5 6 7 6 4 5 5 2 4 2 0 0
"aa0fdbf3aa422519" 29 347 36 1889 13 25 1577 1449 723 13 553 41 1043 392 10642 13 283 1720 13 553 974 664 384 13 3804 21636 13 3880 15311 4 8221 -1 -1 0 0 0 0 4 6 6 7 5 5 5 3 8 7 0 0
"a6b225592b0e1dda" 25 4931 13684 6167 13 553 1071 1602 547 61 3193 13 553 150 1568 521 661 21637 13 357 23 2996 21638 125 18235 4 8222 -1 -1 0 0 0 0 7 6 7 6 5 5 5 4 6 6 0 0
"3106f66e56b48bef" 14 66 5709 1592 14729 3444 13 553 191 8207 1156 21639 21640 21641 4 8223 -1 -1 0 0 0 0 5 6 7 5 4 8 6 3 5 4 0 0
"4b7d586e0b114bce" 39 13588 1823 13605 13606 13607 13585 13 553 737 329 13 347 463 21642 13 191 23 1737 21643 2 21644 13 553 171 174 4400 4401 95 2928 150 36 545 1664 21645 2 1737 1552 21646 4 8224 -1 -1 0 0 0 0 8 8 9 9 8 5 5 4 9 6 0 0
"5872c2268ba959d9" 25 1200 10225 21647 13 191 474 61 6457 553 386 2 2652 823 297 948 8536 13 687 417 8538 47 21648 463 21649 4 8225 -1 -1 0 0 0 0 5 7 6 6 3 4 4 8 5 8 0 0
"387b88e558f4a4c2" 16 347 863 95 855 386 113 21650 13 553 3611 8720 13 2637 457 4209 4 8226 -1 -1 0 0 0 0 6 6 6 6 5 5 5 4 5 5 0 0
"214e2674abab39c1" 22 66 23 1045 774 53 21651 2 1360 13 553 2 3310 3210 2 586 13 1580 87 3993 384 21652 4 8227 -1 -1 0 0 0 0 4 6 5 6 3 4 5 3 7 6 0 0
"ee9a82f48f4d6a22" 22 41 373 1720 2128 13 25 1862 190 13 553 17049 4560 13 2 20 87 61 1305 13 1342 9673 4 8228 -1 -1 0 0 0 0 7 8 7 7 5 5 5 5 5 6 0 0
"f3401d2ae479e355" 15 347 713 13 772 1109 7211 13 553 1549 1319 3514 14258 6787 125 4 8229 -1 -1 0 0 0 0 7 6 6 8 5 5 5 2 8 5 0 0
"060d7a9540969eb4" 22 191 87 14575 425 14576 13 21653 87 1047 13 553 1549 213 173 237 204 238 13 8307 18573 21654 4 8230 -1 -1 0 0 0 0 8 6 7 6 5 5 5 6 4 5 0 0
"2ab61f4fc59f1d6e" 28 11484 13 171 1651 21655 13 553 113 21656 417 13 41 577 504 2652 4 553 13646 224 13647 13648 4546 251 217 13649 1109 13618 4 8231 -1 -1 0 0 0 0 8 9 8 7 6 5 5 5 9 6 0 0
"74acb2576950b2df" 26 3013 89 13 87 607 188 4484 113 553 191 34 9318 3282 313 93 9319 13 553 10071 3314 12260 2 353 388 21657 4 8232 -1 -1 0 0 0 0 10 9 9 7 6 10 4 1 2 2 0 0
"afe8b441df45a102" 16 8128 14313 14314 2 9733 21658 13 553 35 1215 4110 21659 359 151 1842 4 8233 -1 -1 0 0 0 0 8 8 7 6 5 8 5 3 7 4 0 0
"3cba4a17df0089f6" 21 3003 13 1580 7845 8220 355 13 553 357 150 363 305 330 362 13 25 171 421 4403 95 4 8234 -1 -1 0 0 0 0 7 6 6 7 8 7 6 6 6 6 0 0
"4af2a8623463e494" 21 188 394 23 359 1911 877 13 21660 87 1669 13 553 12126 21661 21662 21663 2 21664 188 53 4 8235 -1 -1 0 0 0 0 9 8 8 7 6 10 3 2 8 3 0 0
"37e1d662c330ab89" 15 18789 6669 13 191 4703 14996 553 3611 8720 737 13 150 330 4340 4 8236 -1 -1 0 0 0 0 6 7 6 7 6 6 7 4 5 4 0 0
"0ee24685032116c6" 23 13646 224 13647 13648 4546 251 217 17124 1109 13618 13 553 191 87 61 12621 13 66 2374 10867 1747 417 4 8237 -1 -1 0 0 0 0 9 9 8 8 7 7 6 5 8 4 0 0
"603188a768d18800" 23 10071 3314 12260 13 772 1109 7211 13 553 357 330 14311 150 36 9136 1319 13 1200 1109 596 21665 3436 4 8238 -1 -1 0 0 0 0 8 7 7 6 6 9 4 2 7 3 0 0
"58f8a26e93d43c9f" 28 191 34 9318 93 9319 13 2006 61 1641 5852 13 553 150 362 2067 13 1549 23 21666 553 1965 21667 66 13 2 737 329 4 8239 -1 -1 0 0 0 0 10 8 9 7 6 10 5 2 3 2 0 0
"26c2220a90df67ea" 21 41 373 371 1795 2677 2 927 353 6864 13 553 1110 21668 21669 21670 13 2942 37 13727 21671 4 8240 -1 -1 0 0 0 0 8 7 8 6 6 6 7 6 6 6 0 0
"266dfcc72d4c8559" 17 6950 349 21672 13 25 21673 553 1319 347 286 6030 13 191 13334 4267 21674 4 8241 -1 -1 0 0 0 0 6 5 6 6 7 6 8 7 5 6 0 0
"964f0ccc5473d0dc" 35 95 12167 61 12168 9154 13 1381 171 1696 13 553 87 61 545 174 171 1552 396 188 21675 13 102 415 386 553 1841 61 12347 134 2 95 1509 61 2321 4 8242 -1 -1 0 0 0 0 9 7 7 8 8 8 3 4 9 4 0 0
"093fdf8c5c4290c8" 16 2 134 13 547 752 66 2374 1511 21676 553 4738 6077 6078 1629 21677 4 8243 -1 -1 0 0 0 0 7 8 7 7 7 6 5 3 6 7 0 0
"98392c9542f2be85" 22 1155 1156 13 600 171 1567 553 8128 14313 14314 13 21678 171 7055 553 596 2096 5478 3280 4890 1110 4 8244 -1 -1 0 0 0 0 8 6 7 7 6 8 4 4 6 6 0 0
"8673934f089a28a9" 22 150 1568 521 661 21637 13 170 171 21679 553 41 373 999 1720 13 297 102 13 25 347 21680 4 8245 -1 -1 0 0 0 0 6 7 6 7 6 6 7 6 7 5 0 0
"25cbde2f914747aa" 17 2 4931 13684 6167 13 41 1043 39 3450 13 553 3013 89 507 3302 21681 4 8246 -1 -1 0 0 0 0 5 6 5 6 5 8 3 1 5 4 0 0
"7b147a823fdc4d48" 22 95 9142 53 1965 936 13 6950 530 21682 13 553 2 1841 61 12347 13 331 21168 2 1521 7502 4 8247 -1 -1 0 0 0 0 7 7 7 8 7 6 5 4 6 7 0 0
"940c73e38ea9ab9a" 19 3611 8720 13 14566 21202 21683 4 553 21684 13 2018 2 9496 13 14566 4107 113 21685 4 8248 -1 -1 0 0 0 0 8 8 8 9 8 6 4 5 6 7 0 0
"763a459e3dbe9c5b" 19 14258 6787 13 191 21686 17049 4560 13 553 2 2357 10226 7747 1592 21687 2 892 21688 4 8249 -1 -1 0 0 0 0 7 7 7 6 7 6 7 5 9 7 0 0
"9ba230f2976a8199" 20 737 329 102 21689 13 553 191 93 61 17581 13 63 361 53 102 21690 680 2 21691 4 8250 -1 -1 0 0 0 0 6 8 7 6 6 6 5 6 5 6 0 0
"1c81a3a498e9c7e7" 23 299 300 15061 302 13 772 6576 6930 87 538 6931 13 553 173 21692 13665 2 21693 2 3918 21694 21695 4 8251 -1 -1 0 0 0 0 5 6 4 5 7 5 4 3 6 5 0 0
"8b2f45ce88742f14" 25 3003 102 21696 21697 13 13428 102 18048 329 21698 13 553 11484 13 3939 329 2 329 2 357 1718 21699 1780 3456 4 8252 -1 -1 0 0 0 0 7 6 7 6 6 5 4 6 5 5 0 0
"380ff3e2ea13f489" 30 8307 1047 4263 3089 13 3358 6669 359 14124 21700 13 553 6567 488 21701 13 357 8491 600 601 1131 21702 2286 13 21703 21704 3873 950 21705 4 8253 -1 -1 0 0 0 0 4 5 4 6 5 4 3 5 4 5 0 0
"910ad6a02d542e66" 25 823 8536 13 537 21706 2 21707 150 286 8538 7317 13 553 41 373 1720 2128 13 297 1605 61 359 21708 21709 4 8254 -1 -1 0 0 0 0 6 5 7 6 5 5 6 5 7 7 0 0
"fb5cf537e372a33d" 31 974 13 974 13 347 21710 3456 3751 2772 13 20 14673 38 2062 12573 3509 13 553 113 8224 21711 1196 63 21712 21474 21713 21714 3044 21715 21716 4 8255 -1 -1 0 0 0 0 6 5 6 5 7 5 6 4 6 5 0 0
"68d140259f90965d" 22 10071 3314 12260 13 191 9313 21636 3938 13 553 35 1215 4110 21717 13 2 7845 8220 355 21718 21719 4 8256 -1 -1 0 0 0 0 7 9 8 6 7 6 5 5 7 7 0 0
"e21a80b03dc0667d" 22 2942 6631 21671 21720 2 21721 21722 13 553 8128 21723 14313 297 6167 446 2 21724 38 21725 21726 1299 4 8257 -1 -1 0 0 0 0 8 8 7 5 7 5 6 4 6 5 0 0
"099ff55920f5ac85" 40 3611 8720 13 21727 2056 5374 1842 20 21728 7949 13 553 13646 224 13647 13648 4546 251 217 13649 1109 13618 13 2 76 21729 607 4484 13 20 1863 150 545 21730 17514 21731 21732 548 21733 4 8258 -1 -1 0 0 0 0 8 9 8 6 7 5 5 6 8 6 0 0
"6e1b3b45fea4811e" 41 3013 89 13 1016 3006 161 13 21734 2 21735 2930 11784 2 3635 1033 621 21736 21737 21738 13 21739 13 553 357 1602 547 61 3193 13 14566 1517 1293 2 1795 2 21740 2 13237 5140 21741 4 8259 -1 -1 0 0 0 0 7 7 8 7 6 8 6 5 7 6 0 0
"76ba3d7d268fec48" 24 87 14575 425 14576 359 21742 3302 13 553 3358 359 21743 21744 13 21745 1060 6464 13 2 4931 13684 6167 4211 4 8260 -1 -1 0 0 0 0 7 8 8 7 7 4 3 6 5 5 0 0
"c3c8c509d4f2c830" 21 772 1109 7211 2 21746 21747 21748 13 553 2 1841 61 12347 13 1549 10461 21222 150 21749 566 4 8261 -1 -1 0 0 0 0 5 7 7 8 6 4 4 5 7 5 0 0
"68f2aecb9ee52c00" 26 1109 1110 3280 5478 125 4890 13 553 9273 150 1568 286 330 3434 4 553 14575 425 21750 13 150 21751 21752 1033 1754 4 8262 -1 -1 0 0 0 0 7 5 6 5 6 4 3 3 2 3 0 0
"63b80cd9925c0d68" 30 66 23 5034 55 21753 188 21754 13 553 191 34 9318 21755 13 2279 25 10619 4 553 6631 13239 2942 7700 13 596 1179 607 15618 5344 4 8263 -1 -1 0 0 0 0 8 7 7 7 6 8 7 4 3 6 0 0
"e8202cc18f2a34b3" 23 515 1056 1047 21756 21757 13 553 7231 7113 14958 14957 4 553 171 21758 1807 87 13 1580 7123 11637 19957 4 8264 -1 -1 0 0 0 0 6 5 5 4 4 5 3 3 5 4 0 0
"aef8e368e36b03e7" 30 1179 150 193 362 13 87 61 9142 13 553 443 21759 2368 1990 327 4 553 150 171 7091 21760 21761 113 13 347 388 927 116 845 4 8265 -1 -1 0 0 0 0 6 6 5 4 4 3 2 4 5 3 0 0
"8ec7174b5010146c" 25 3327 3488 7320 7321 13 553 21762 10998 1762 13 150 21763 9054 4 553 66 84 170 5700 13 95 61 956 9468 4 8266 -1 -1 0 0 0 0 6 8 7 7 6 4 3 3 2 3 0 0
"347f63d858f02638" 25 23 171 13406 21764 13 553 21095 8982 21765 4 553 4769 200 1109 21766 21767 2696 13 1872 171 21768 17620 772 21769 4 8267 -1 -1 0 0 0 0 6 6 6 6 5 7 5 5 3 4 0 0
"35b351f023489c91" 24 2 12372 21770 1293 3829 13 553 93 3531 1990 13 150 362 21771 4 553 21772 21773 61 504 596 2519 21774 4 8268 -1 -1 0 0 0 0 5 5 4 4 4 3 2 3 3 2 0 0
"6bef2d0ebe6d0bd5" 24 639 6861 5519 142 13 553 61 21775 823 87 520 355 4 553 25 355 13 417 355 13 349 21776 21777 4 8269 -1 -1 0 0 0 0 6 6 5 4 5 4 3 3 6 4 0 0
"c575e07ed27bbaf1" 28 171 2165 61 14291 6787 13 553 10057 61 89 13 2636 21778 21779 4 553 21780 347 36 18891 13 21781 150 3993 21782 36 21783 4 8270 -1 -1 0 0 0 0 7 7 6 5 6 4 3 3 7 4 0 0
"b2b060af0bb0bba2" 20 1130 4356 11379 13 553 21784 61 21785 1342 4 553 21786 6529 5474 13386 2 17870 21787 21788 4 8271 -1 -1 0 0 0 0 7 6 6 5 5 4 3 4 4 5 0 0
"58388823a00ac696" 31 66 12676 3302 21678 188 6892 13 553 1121 4652 21789 357 417 18 61 2151 4 553 347 7977 13090 499 2888 13 357 76 61 349 1043 6650 4 8272 -1 -1 0 0 0 0 8 7 7 7 6 6 5 3 3 4 0 0
"709476da864795ea" 22 796 9718 521 3452 13 553 357 2017 13161 347 600 2452 4 553 1109 150 305 362 8776 636 3766 4 8273 -1 -1 0 0 0 0 8 9 7 7 5 6 5 5 4 5 0 0
"c17aecb75e13c515" 27 23 14693 13 553 999 21110 21790 21791 4 553 34 976 116 6631 13 357 1868 25 34 21792 13 34 645 1315 25 113 4 8274 -1 -1 0 0 0 0 6 6 5 4 6 4 3 2 6 4 0 0
"a53a56f775f52da2" 25 1071 637 2227 13 553 18430 66 347 36 4312 21793 4 553 66 23 457 3090 13 1580 87 840 357 21794 21795 4 8275 -1 -1 0 0 0 0 8 6 6 5 5 3 2 3 5 5 0 0
"490477b46ebfa94f" 24 669 113 21796 608 13 553 125 23 10725 901 1033 5216 4 553 25 113 9425 13 150 927 6699 12583 116 4 8276 -1 -1 0 0 0 0 7 7 6 5 5 4 3 3 3 4 0 0
"0c8a21d027e44cc9" 16 586 11662 21797 353 2638 13 553 188 335 53 2805 2717 17686 787 21798 4 8277 -1 -1 0 0 0 0 7 7 9 8 6 7 5 2 2 4 0 0
"879103dfaa23bd5d" 21 66 21799 20 3985 3034 1042 1047 13 553 21800 1240 20680 13 21801 2340 66 1862 188 21802 21803 4 8278 -1 -1 0 0 0 0 6 8 7 7 5 8 3 5 2 2 0 0
"4c2fd14b16c00062" 15 330 347 7291 417 504 21804 13 553 14295 2357 21805 2 1533 1425 4 8279 -1 -1 0 0 0 0 8 7 6 6 7 8 3 6 3 1 0 0
"b80d636bc70c128f" 23 1109 1110 21806 21807 1319 1013 102 1473 13 553 21808 15865 13 191 6752 188 6761 2 701 1480 5580 16321 4 8280 -1 -1 0 0 0 0 9 9 9 7 8 8 6 9 4 8 0 0
"36e864a187841156" 23 21809 21810 1837 2446 10687 2308 13 553 35 34 3036 182 21811 21812 13 553 184 6659 20394 2638 1043 11446 4 8281 -1 -1 0 0 0 0 8 7 8 9 5 6 5 4 4 5 0 0
"a1e984349f3a6257" 18 4296 13264 13 66 23 966 13901 13 553 2978 35 150 286 774 21813 4445 13347 4 8282 -1 -1 0 0 0 0 7 8 7 6 7 6 4 3 4 3 0 0
"df4594b9bf704cc6" 12 21814 9673 21815 21816 13 553 25 9699 507 21817 21818 110 8283 -1 -1 0 0 0 0 9 8 6 5 7 6 2 3 2 4 0 0
"9babbd7238f03cca" 18 2 373 15266 15267 13 1481 8148 6605 13 553 2952 6412 61 457 87 1487 21101 4 8284 -1 -1 0 0 0 0 7 7 6 7 7 6 3 5 4 5 0 0
"b16f9eda432fa4d7" 26 282 1109 1522 12878 12878 12878 13 553 699 116 13870 798 21819 2358 13 553 21820 1110 1109 13 221 13 776 15236 15643 4 8285 -1 -1 0 0 0 0 8 7 7 8 6 8 6 8 7 9 0 0
"f15dc6c288155b65" 14 53 2204 66 2651 13 553 1580 125 23 7033 2531 7728 7744 4 8286 -1 -1 0 0 0 0 8 8 6 5 7 7 4 3 4 3 0 0
"3ff0d6589587c9fc" 23 297 6783 21821 4361 61 1246 125 13 553 1549 504 1381 87 13 35 373 150 2626 171 6644 2 10796 4 8287 -1 -1 0 0 0 0 7 8 7 6 7 7 4 3 3 4 0 0
"1cacbd6338c78cd0" 25 720 737 588 1215 578 13903 21822 13 553 5474 6514 817 6515 11026 21817 7392 13 553 21823 13005 5363 5378 19792 21824 4 8288 -1 -1 0 0 0 0 8 9 6 8 6 7 6 6 7 6 0 0
"b4bf5bbc4260ceac" 12 3952 66 23 13 553 191 7095 4249 13 21825 21826 4 8289 -1 -1 0 0 0 0 9 9 8 7 7 6 5 3 2 4 0 0
"6f979cb5ca332d89" 23 949 3305 547 2 21827 13 553 5537 8685 8686 840 3768 8685 8687 13 553 2 21828 1110 1109 8358 21829 4 8290 -1 -1 0 0 0 0 7 8 7 7 6 6 5 3 4 4 0 0
"47e8c8ed06a5d2f4" 18 87 150 36 162 13 553 38 150 5546 7592 13 553 47 1983 3561 15365 388 4 8291 -1 -1 0 0 0 0 9 8 6 5 6 5 6 2 2 3 0 0
"b871dd311233b61c" 19 188 61 1602 13544 1016 12509 1029 13 553 774 10595 10596 21830 2284 636 10597 2883 19677 4 8292 -1 -1 0 0 0 0 8 9 7 4 6 6 4 3 3 3 0 0
"038d5f93d236533f" 22 35 21831 457 1082 10031 13 113 134 1834 102 799 10562 13 553 14189 21832 13 21833 113 1232 4514 4 8293 -1 -1 0 0 0 0 7 6 5 7 7 4 3 3 2 4 0 0
"eb5bd0745e2c6875" 30 11031 3977 2012 41 39 2765 13 553 11955 8328 2 3450 3451 41 3298 21834 802 13 553 14157 14156 13 1923 95 61 21835 21836 41 712 4 8294 -1 -1 0 0 0 0 8 9 8 5 6 7 4 3 3 3 0 0
"2ef27eaeb7a94b32" 22 731 3703 3155 2 719 6838 1188 1420 13 553 603 604 699 2 34 26 21837 20 1568 606 21838 4 8295 -1 -1 0 0 0 0 9 8 6 7 7 4 2 3 9 5 0 0
"1eb9d4c446ed0e51" 17 41 6252 6253 13 6252 367 21839 13 553 3358 14978 1549 7259 457 835 21840 4 8296 -1 -1 0 0 0 0 9 7 6 6 5 3 3 3 7 4 0 0
"3ddfeb73d4fd913d" 17 353 12110 41 7584 35 21841 61 47 13 553 23 163 8964 13 114 21842 4 8297 -1 -1 0 0 0 0 7 6 7 5 5 8 4 3 4 6 0 0
"d5ecd0c691a3a95f" 21 1071 6567 331 6399 93 1732 2843 13 553 720 737 588 13903 21843 4931 1217 1319 21844 21845 21846 4 8298 -1 -1 0 0 0 0 8 5 9 6 8 4 3 3 3 3 0 0
"383896bbaa5e7856" 22 102 4478 165 1694 357 6083 13 553 1383 34 113 1817 3041 1580 16740 1622 87 4361 61 521 607 4 8299 -1 -1 0 0 0 0 9 7 5 6 7 4 2 3 2 5 0 0
"d8f38dc3790087ef" 21 21847 150 21848 1510 18483 13 553 722 21849 61 396 10725 20 1262 9960 4766 21850 21851 901 16740 4 8300 -1 -1 0 0 0 0 6 5 6 4 6 4 2 6 2 3 0 0
"be87ecb25f7e1ff3" 33 10862 357 1032 2 347 463 9063 13 553 423 17470 4961 174 1712 13 553 2800 2785 966 1093 1192 13 2801 150 36 621 2076 357 12583 21852 1319 6347 4 8301 -1 -1 0 0 0 0 8 6 6 7 7 4 3 7 3 6 0 0
"c83c4f3fd0fa3c15" 35 10030 113 2 5188 35 23 1083 21853 13 553 3358 13515 63 13516 6610 191 2781 3048 21854 13 553 34 26 5828 2 21855 21856 2247 150 1510 367 330 21857 1721 21858 8302 -1 -1 0 0 0 0 7 6 6 6 5 6 4 3 3 5 0 0
"0d6244f5174ef796" 39 457 417 4699 2 21859 12541 2056 13 553 7043 1716 7044 7045 7046 1071 21860 7123 9982 14722 21861 68 13 553 68 41 66 21862 23 4733 13 297 4463 21863 373 21864 20204 20085 373 4 8303 -1 -1 0 0 0 0 8 7 7 5 6 6 3 4 5 4 0 0
"0647bc67d49900b4" 18 16740 13 9652 547 9653 9654 13 553 95 61 87 2928 191 1485 21865 102 21866 4 8304 -1 -1 0 0 0 0 7 6 7 7 6 4 2 3 3 4 0 0
"30237ebe87f7f67f" 32 1587 2785 21867 373 13 4866 12583 150 3769 13 553 26 113 5828 41 3953 2781 845 21389 13 5879 18940 87 20843 21868 1842 359 21869 7214 21870 787 4 8305 -1 -1 0 0 0 0 9 7 5 6 7 6 3 7 2 6 0 0
"b4860a092eeedb89" 25 35 17870 1033 36 134 11730 13 357 410 34 2652 737 21871 3456 110 553 44 21872 7948 895 20 35 721 463 4 8306 -1 -1 0 0 0 0 8 6 5 6 7 3 3 4 3 3 0 0
"6ce4c7e6251c31e1" 30 66 347 7235 21873 188 21874 13 553 1488 34 26 5828 13 4816 20 188 845 150 361 4 553 1559 600 171 1795 13 535 21875 21876 4 8307 -1 -1 0 0 0 0 7 5 5 8 3 8 5 4 3 6 0 0
"dc1c9d3d0ea37ad4" 27 150 36 993 21203 13 359 9423 268 13 553 2 13884 13 482 2049 698 21877 21878 4 553 1488 1182 1179 351 1643 21879 4 8308 -1 -1 0 0 0 0 6 7 6 6 5 6 5 6 5 6 0 0
"79ce8a0682513e8d" 25 3705 39 6030 722 34 61 161 13 553 191 1718 999 1719 1720 4 553 9325 9326 13 95 1509 150 193 21880 4 8309 -1 -1 0 0 0 0 8 9 9 7 6 8 6 5 7 7 0 0
"341e6d01dc1ad0b7" 26 125 704 8896 21881 21882 326 13 553 66 414 6238 191 353 1664 4 553 14108 347 330 3221 351 13 451 4738 18578 4 8310 -1 -1 0 0 0 0 7 6 5 7 7 6 4 4 5 6 0 0
"30417066f562168f" 33 4638 16274 3302 823 13 1250 21883 2135 13 553 796 3358 13515 63 13516 6610 13 66 21884 4 553 2 11517 373 11518 44 13 150 330 2265 2062 21885 4 8311 -1 -1 0 0 0 0 6 7 6 6 5 6 7 8 6 6 0 0
"712c016c274e17cb" 37 5561 687 36 20 1029 13 20 21886 711 4 553 2 13884 13 1568 150 36 1029 297 3736 4715 21571 305 882 474 21887 4 553 44 796 9929 21888 796 21889 21890 21891 4 8312 -1 -1 0 0 0 0 8 8 7 7 6 6 5 3 6 6 0 0
"f9aebfd747c3ef17" 32 5155 547 9653 9654 13 553 653 654 13 373 150 95 1342 14353 7868 4 553 113 10030 13 25 1920 190 13 95 1342 150 36 457 297 10860 4 8313 -1 -1 0 0 0 0 6 6 5 7 8 5 4 4 5 7 0 0
"51cf061a04db026f" 26 95 9088 61 9089 13 28 21892 2785 1906 9688 4 553 1488 1182 1179 351 13 116 5362 34 17430 21893 457 1081 21894 4 8314 -1 -1 0 0 0 0 7 8 7 7 5 6 5 6 6 7 0 0
"f4e70f041d0c49d8" 34 20 999 21895 435 13790 13 2008 150 193 1356 21896 4 553 2 931 1496 61 457 931 13 19768 106 4310 4 553 596 61 457 835 2120 20 21897 21898 4 8315 -1 -1 0 0 0 0 8 7 7 7 6 6 6 5 8 7 0 0
"34bea50c154d22ec" 44 66 10416 10406 7919 13 63 21069 9911 4 553 347 2813 21899 2664 13 1549 17097 61 20 21900 4 553 2 7012 7013 13 5501 21901 1204 55 21902 4 553 10604 10605 61 10606 20 373 1558 21903 25 21903 4 8316 -1 -1 0 0 0 0 7 9 8 7 5 6 6 9 6 6 0 0
"c569f0024454389f" 44 713 21904 13 373 61 7382 21905 4 553 66 574 35 21906 1199 924 13 553 41 12824 17609 13 150 19314 3016 487 4 553 87 25 34 21907 2813 21158 13 283 28 21908 21909 21910 4 21911 4 1988 4 8317 -1 -1 0 0 0 0 6 6 5 8 6 4 3 5 6 7 0 0
"15f1280bc19f1778" 69 796 3358 13515 63 13516 6610 13 1749 95 3006 21912 19886 4 553 66 23 4961 38 1693 21913 351 13 553 66 23 21914 21915 38 150 304 1580 451 21916 1297 35 61 3312 21917 4 13 553 191 767 6050 326 13 61 415 21918 21919 4799 5545 1341 21920 21921 21922 4 282 2 6058 102 1886 53 676 1165 21923 4 68 4 8318 -1 -1 0 0 0 0 6 7 6 6 5 7 5 6 6 7 0 0
"f0bf78bba589c609" 48 34 146 1297 35 2327 3405 11723 11724 61 3970 20829 13 553 548 1029 1795 21924 21925 21926 21927 1230 66 1029 21928 788 13 553 21929 21930 660 698 150 21931 21932 2475 4 553 5879 373 13 21933 631 357 84 21903 21934 21935 4 8319 -1 -1 0 0 0 0 5 6 5 8 3 6 4 4 6 6 0 0
"419bb9e7d5f706c5" 52 20 2874 1775 355 21936 21937 13 95 1342 1854 21938 4 553 14108 347 330 3221 351 451 13 13615 11061 21939 21940 213 21941 21942 4 553 10435 10436 1029 13 20 150 36 1863 1356 21943 21944 58 17652 60 20 21945 449 13 1213 417 53 5381 4 8320 -1 -1 0 0 0 0 0 0 0 0 0 0 0 0 0 0 0 0
"80ad239f08b09c17" 54 66 372 20 731 1029 3935 1165 20154 6734 13 553 357 1622 566 1489 87 21946 21947 21948 5342 4 553 38 1693 3141 8849 8850 3918 6390 13 553 357 1109 5045 21949 1886 1110 2700 2652 566 21950 4 553 2 7012 7013 13 1341 95 102 3382 975 21951 4 8321 -1 -1 0 0 0 0 0 0 0 0 0 0 0 0 0 0 0 0
"4373f5b4d8bb2106" 20 41 23 4733 499 441 25 117 13 553 6463 7163 13 11429 25 110 150 847 362 10852 4 8322 -1 -1 0 0 0 0 8 10 7 6 7 7 4 3 5 5 0 0
"b2773dba8b2ac6ef" 29 396 10725 13 520 61 95 21952 13 553 21953 1716 2637 21954 474 21955 13 553 357 41 23 21956 13 1013 1785 21957 774 11565 21958 4 8323 -1 -1 0 0 0 0 7 7 6 9 6 6 4 6 5 7 0 0
"fb8e5578d64743cc" 28 1559 25 2685 13 20 34 26 113 5828 13 553 1071 860 18286 2846 21959 4 553 7765 20 970 21960 150 388 146 2852 1887 4 8324 -1 -1 0 0 0 0 4 6 7 8 7 6 3 7 3 5 0 0
"bb6e07c30035ac22" 31 359 9131 9132 13 1602 474 61 6477 13 553 93 15246 15247 927 609 21961 4 553 34 10862 357 1032 13 357 2691 66 21962 11067 3993 2734 4 8325 -1 -1 0 0 0 0 7 8 7 9 6 5 3 7 6 8 0 0
"2f3462f52ab485a9" 38 16740 13 150 36 1095 21963 13 18432 113 6831 13 553 2 931 1496 61 457 931 13 1071 3358 361 950 21964 4 553 2327 3405 11723 11724 61 21965 13 357 150 87 1507 4 8326 -1 -1 0 0 0 0 8 8 9 7 7 10 6 5 6 6 0 0
"035c154bbed3128a" 23 1587 698 2801 150 36 621 13 341 1760 7874 13 553 15659 61 750 13 1034 5111 21966 2 1110 21967 4 8327 -1 -1 0 0 0 0 9 6 6 9 9 7 3 4 7 8 0 0
"227e63f1b84e1f5d" 18 3358 13515 20 13516 21968 13 1297 34 13 553 21969 4766 2 6020 772 1498 2777 4 8328 -1 -1 0 0 0 0 5 6 6 7 7 5 2 4 8 7 0 0
"f36c916bb314ae46" 27 21970 21971 21972 13 10606 61 21883 588 7675 3358 13 553 87 25 11429 150 847 362 10852 13 1543 87 2 1784 21973 3302 4 8329 -1 -1 0 0 0 0 5 7 6 5 6 4 3 3 4 4 0 0
"07d226c6f7c021ae" 34 44 13 171 1047 6457 20495 326 13 553 10862 357 3253 1032 13 21974 21975 3016 396 171 3873 4 553 7381 7382 7383 13 3297 21976 852 10219 297 1885 326 4 8330 -1 -1 0 0 0 0 6 7 8 6 5 5 3 6 3 5 0 0
"5f19577da6351a98" 37 35 283 9142 191 1002 53 297 722 13 588 3500 3302 13 553 357 34 26 409 13 410 411 412 413 13 553 2 11517 373 11518 44 13 596 61 457 412 21977 4 8331 -1 -1 0 0 0 0 6 6 5 8 6 7 5 6 7 5 0 0
"bb4970aee5917901" 31 113 12205 2204 20 1342 920 8731 13 553 16274 61 823 13 347 286 1293 358 1408 4 553 20 1718 999 1719 1720 13 87 61 835 2050 4 8332 -1 -1 0 0 0 0 6 7 6 7 5 5 3 7 4 6 0 0
"d8f88d39e0c44478" 57 3920 6892 524 13 3920 15332 4 553 357 18797 34 304 2439 367 21978 13 19198 4 553 357 21979 13 410 21980 1488 9688 106 373 14689 61 21981 9326 21982 4 553 21983 21984 359 1052 13 21985 170 61 21986 4 553 20 21886 78 150 4337 474 3727 2805 359 1109 4 8333 -1 -1 0 0 0 0 6 4 5 8 6 5 3 3 4 6 0 0
"5f752cfa5513c781" 51 1383 1817 3041 417 13 410 1906 1383 151 2852 21987 417 13 553 1383 1817 3041 3042 3043 13 1580 14373 1110 521 2 17810 1664 4 553 14108 347 330 3221 351 451 13 1071 21988 1043 665 2 21989 21990 3258 21991 2 21992 21993 21994 21995 4 8334 -1 -1 0 0 0 0 5 3 4 7 5 6 3 5 7 6 0 0
"8c14faab526a9479" 60 150 1780 653 13 10416 13870 13 14893 1095 4 553 357 3472 2303 61 87 8914 2 8336 61 9842 4 553 1370 150 661 13 297 1793 21996 1374 21997 4 553 2 5501 7012 7013 13 3125 20 1510 150 39 2236 21998 21999 18299 4 553 1145 150 19686 13 2595 22000 4964 2531 22001 4 8335 -1 -1 0 0 0 0 8 6 7 7 8 6 3 5 6 5 0 0
"589a812036391347" 50 66 23 4961 38 1693 13 347 388 1716 636 417 11692 22002 394 4 553 113 10030 13 347 7428 1780 13283 22003 22004 13 345 66 22005 22006 14249 5748 22007 2200 1122 2247 11517 22008 4 553 5879 373 13 87 286 305 4738 22009 17966 4 8336 -1 -1 0 0 0 0 7 6 5 6 5 3 3 4 4 4 0 0
"f44e84dc75c33040" 29 38 1693 3141 8849 2 8583 8850 3918 6390 13 553 93 15246 15247 22010 3727 13 22011 66 4 553 66 414 6238 171 1643 3093 22012 4 8337 -1 -1 0 0 0 0 5 8 7 4 4 3 1 7 7 8 0 0
"4c891576a3299f3c" 21 396 22013 22014 588 1043 12541 11 13 553 16740 13 23 1701 38 340 2 4460 18371 3203 87 4 8338 -1 -1 0 0 0 0 7 7 6 5 5 7 2 4 5 4 0 0
"61ba6e935b15769a" 31 596 61 457 87 2928 13 35 102 1863 61 22015 13 553 20 710 711 150 36 13 22016 2852 835 4 553 10416 10406 7919 2 22017 22018 4 8339 -1 -1 0 0 0 0 3 7 5 4 6 3 5 5 3 3 0 0
"879168d9a7e105f0" 22 359 9131 9132 13 95 515 3497 1759 2332 13 553 3358 13515 63 13516 6610 13 2652 22019 22020 3488 4 8340 -1 -1 0 0 0 0 6 9 8 5 5 4 6 4 3 3 0 0
"3647ad9cd8bc707b" 23 1559 13 102 113 371 13 548 1568 1011 847 13 553 25 11429 13 150 36 993 359 636 17434 22021 4 8341 -1 -1 0 0 0 0 7 7 6 4 3 5 5 5 3 4 0 0
"c9465143616eaa27" 24 1013 34 645 2852 6242 13 1580 8404 61 452 6463 13 553 9652 19657 9653 9654 13 357 7012 7013 3488 2087 4 8342 -1 -1 0 0 0 0 6 5 4 5 4 6 2 7 4 5 0 0
"5cb849c621c6a95c" 30 731 521 2035 22022 20154 6734 13 553 44 7587 22023 13 191 102 1863 22024 22025 4 553 1488 1182 1179 351 13 22026 2 13724 1376 6057 4 8343 -1 -1 0 0 0 0 8 6 6 7 5 8 2 6 6 6 0 0
"1dbb0b9980ca4f1e" 22 653 654 13 191 22027 61 297 22028 2307 13 553 10604 10605 61 10606 13 548 1192 463 1231 12298 4 8344 -1 -1 0 0 0 0 5 6 4 5 6 4 3 3 5 5 0 0
"4fbbfa309594763c" 35 481 5262 3939 1621 13 482 102 61 113 297 1093 13 553 519 13 1200 102 1473 13 2 20138 174 7216 4 553 347 1379 13354 13 113 1643 22029 22030 22031 4 8345 -1 -1 0 0 0 0 7 7 7 6 6 3 2 7 6 7 0 0
"416a393b6b4d855f" 20 184 520 13 547 7743 22032 330 4214 13 553 16014 16015 10337 13 330 44 22033 2 22034 4 8346 -1 -1 0 0 0 0 4 6 4 4 6 3 3 3 3 3 0 0
"a2348e09145661af" 27 3744 39 2888 13 2 87 61 87 3006 274 11751 1016 932 22035 13 553 2 5776 6938 13 38 6106 1552 63 22036 22037 4 8347 -1 -1 0 0 0 0 6 6 5 6 5 2 3 8 4 6 0 0
"9ec7a8f8f8b60094" 15 5574 5575 2 22038 50 5576 13 553 7314 7539 116 22039 3661 843 4 8348 -1 -1 0 0 0 0 6 7 5 5 6 4 5 4 7 5 0 0
"d8b960407412260f" 33 548 1855 13 311 150 22040 22041 13 553 1374 9060 642 8245 13 2 6252 22042 3186 12685 13 553 357 18 9635 9636 9637 13 22043 2 22044 6659 1052 4 8349 -1 -1 0 0 0 0 8 7 7 6 5 4 2 3 8 6 0 0
"bd0aa133fdae11de" 32 26 6701 373 1016 9073 13 22045 22046 22047 13 553 4918 4919 13 796 188 171 22048 22049 170 13 553 6223 1013 4388 708 3307 18578 22050 22051 22052 4 8350 -1 -1 0 0 0 0 4 7 5 4 5 3 3 5 3 3 0 0
"97c6d393fa70cd99" 40 2006 34 577 13 87 1492 13 2 87 20422 150 463 116 22053 13 553 2 4318 967 607 13 492 4393 22054 22055 22056 13 553 357 1047 11457 1664 13 1034 5709 170 774 22057 22058 4 8351 -1 -1 0 0 0 0 6 6 7 5 6 5 3 3 5 5 0 0
"bdd376210713b630" 32 1792 25 1793 13 41 22059 93 22060 13 553 482 87 14176 13 171 22061 188 394 22062 110 553 35 504 150 4406 358 4407 13 113 11454 22063 4 8352 -1 -1 0 0 0 0 9 7 7 5 6 4 6 4 5 3 0 0
"b648ee0b62db3618" 20 4176 9462 66 9463 13 1431 22064 174 1712 13 553 113 8699 13 20 22065 394 7949 22066 4 8353 -1 -1 0 0 0 0 6 5 4 3 5 2 3 1 2 2 0 0
"e3755fe9e7fbd75b" 32 340 55 1735 171 21466 3551 13 2 8699 13 553 102 500 3298 13 847 297 13 2 33 22067 553 16006 22068 22069 22070 13 87 61 161 22071 4 8354 -1 -1 0 0 0 0 6 4 4 5 4 6 6 4 6 4 0 0
"9e182ef47c9880dd" 13 150 9611 507 13 2 482 13 553 1250 14809 22072 22073 4 8355 -1 -1 0 0 0 0 4 3 3 2 3 2 3 2 1 2 0 0
"642fa7f7c01eba3a" 44 22074 13 22075 1093 93 12253 22076 2 20800 13 553 22077 22078 22079 13 15298 22080 4713 822 13 553 87 2154 297 1797 1047 697 2155 13 553 687 11712 36 3903 1404 13 12253 22081 47 22082 305 22083 22084 4 8356 -1 -1 0 0 0 0 6 7 5 3 5 5 5 4 2 3 0 0
"2fbcb216c3e16463" 42 1109 4147 9982 698 2 87 4576 13 553 357 2652 87 4576 13 1664 2318 22085 13 553 687 188 11751 1780 1178 150 36 93 2659 13 553 6223 353 358 6971 14063 14720 2 367 22086 22087 22088 4 8357 -1 -1 0 0 0 0 8 7 8 6 8 7 5 2 3 2 0 0
"d3cd880fbe73f327" 50 2 7445 586 2852 93 13 20 26 2298 2891 16262 5163 13 553 170 10349 2536 13 1626 373 3003 35 530 22089 13 553 925 14622 10328 13 357 1861 93 22090 3537 5719 13 553 22091 22092 142 8688 7676 1374 22093 22094 8999 22095 22096 4 8358 -1 -1 0 0 0 0 7 6 6 3 6 5 4 5 7 5 0 0
"b1d65d4b8aad24f5" 59 191 698 22097 457 1821 1606 13 2 3534 1122 1758 457 2662 13 553 636 851 13 47 2446 386 22098 13 41 22099 22100 1342 1015 22101 13 553 150 11599 1669 2569 13 2 347 441 6083 3921 22102 4121 394 330 1916 13 553 15405 3829 521 6978 13 1518 22103 22104 22105 22106 4 8359 -1 -1 0 0 0 0 4 5 4 2 5 2 1 2 3 3 0 0
"7123b096b10c1af8" 89 11463 11464 11465 13 13856 1485 1468 20639 645 8062 170 13 553 113 1822 237 1823 1824 13 2 1890 22107 11988 22108 55 9067 2801 22109 22110 13 22111 7329 179 13 7965 13 150 3456 13 22112 22113 1712 13 474 150 22114 1641 22115 22116 47 530 2 26 22117 13 22118 22119 13 1749 17559 4766 2416 22120 11988 4337 284 13621 1823 22121 4 553 5574 5575 5576 13 22122 12944 138 22123 22124 22125 13 66 3838 22126 22127 4 59 13 8360 -1 -1 0 0 0 0 8 7 6 5 7 5 4 3 4 4 0 0
"4e0508ecbcdb4f08" 82 4176 9462 66 9463 13 2 2455 1213 2527 2528 22128 22129 13 553 297 8282 3307 13 150 22130 361 330 22131 22132 1029 3746 22133 16483 553 645 1604 22134 22135 4 22136 22137 102 457 22138 2700 22139 13 553 22140 26 1192 1178 22141 1945 18 22142 13 2676 481 13 4409 1754 22143 22144 22145 14802 13 22146 55 200 66 23 3313 1178 388 22147 22148 13 22149 793 5530 2321 22150 481 22151 68 4 8361 -1 -1 0 0 0 0 6 5 4 3 5 2 3 1 2 3 0 0
"8664d11f34a657c0" 35 184 520 13 588 1793 22152 11566 13 553 519 1200 457 4403 2485 15069 13 553 925 14622 10328 13 1580 87 17772 8155 13 553 191 9391 927 19437 3302 22153 22154 4 8362 -1 -1 0 0 0 0 7 6 5 4 5 4 3 3 4 4 0 0
"d345f6235327447c" 46 548 1855 13 20 87 21770 3174 950 35 20152 18106 13 553 1109 4147 13 2 22155 171 22156 20 66 326 4361 13 553 87 2154 297 1797 1047 697 2155 13 553 414 6360 22157 13 357 95 1047 22158 1862 22159 4 8363 -1 -1 0 0 0 0 7 6 6 4 5 6 6 2 3 3 0 0
"b8490d2364e69b34" 45 796 22160 2 22161 13 481 5262 3939 1621 13 553 2 3534 1122 1758 457 2662 13 636 851 13 553 1088 3381 18329 13 2 3282 1088 22162 13 553 1552 9382 150 151 6915 13 1319 556 796 15725 4 68 13 8364 -1 -1 0 0 0 0 6 5 4 3 4 3 4 2 2 3 0 0
"32d2fdd70fb04704" 49 13584 4548 13579 13585 216 13579 13586 13 2 93 6198 28 16014 16015 10337 13 553 357 1047 11457 1664 13 113 347 22163 116 13 553 7456 171 22164 13 2 347 286 330 22165 13 553 87 6163 171 2358 13 150 3769 5546 22166 4 8365 -1 -1 0 0 0 0 9 9 9 7 8 8 5 3 4 3 0 0
"dd218a4f9f95f07c" 45 2 4318 967 607 13 20 1633 5580 7981 13 553 2 5776 6938 13 2 920 1669 1693 134 22167 13 553 7314 7539 13 2 102 606 1411 13 553 95 61 87 2928 2006 20394 13 2 7456 188 22168 93 4 8366 -1 -1 0 0 0 0 7 6 6 5 6 4 3 3 4 4 0 0