"fe59436047fa86c7" 25 6300 3668 13 41 452 7353 13 553 134 1109 150 305 330 1091 13095 4 553 357 2652 21051 2 21052 688 16027 4 8053 -1 -1 0 0 0 0 7 6 4 9 5 3 4 6 4 8 0 0
"c95e44642050cb4c" 21 9457 1047 2017 200 21053 13 553 858 2477 357 21054 21055 4 553 357 18063 21056 87 8380 9629 4 8054 -1 -1 0 0 0 0 5 3 8 6 2 5 2 4 2 3 0 0
"120ff82ebc6d6503" 21 35 9212 1493 330 188 21057 13 553 21058 21059 170 6991 1165 4 553 160 17888 566 2056 1424 4 8055 -1 -1 0 0 0 0 3 2 5 4 4 6 3 2 2 2 0 0
"aa13002051994989" 26 150 9982 21060 13 21061 21062 13 553 1013 8567 388 3536 636 21063 4 553 9830 21064 8566 13 451 87 515 13099 1604 4 8056 -1 -1 0 0 0 0 6 5 6 8 6 4 3 6 4 7 0 0
"4b2d4b5a98c265e2" 20 95 61 87 3006 13 1109 284 21065 21066 4176 13 553 308 9209 21067 13 852 5537 1697 4 8057 -1 -1 0 0 0 0 5 4 4 5 3 3 3 3 2 3 0 0
"3316f0f67577060c" 31 412 1096 3744 21068 6320 10177 21069 13 553 357 1099 373 856 13 1013 95 1342 21070 4 553 629 15002 13 35 9145 578 999 13 191 21071 4 8058 -1 -1 0 0 0 0 8 7 7 6 4 3 2 8 8 8 0 0
"5080a55b5f25779f" 25 34 21072 297 15347 4361 20847 990 13 553 1071 57 8319 21073 21074 4 553 2 21075 1774 3427 1047 20 2321 21076 4 8059 -1 -1 0 0 0 0 6 5 7 4 3 6 4 3 3 3 0 0
"bc78200be79dcd7d" 28 150 304 4093 13 347 13 139 15225 53 2278 576 13 553 357 2683 125 13 2135 21077 21078 4 553 1182 21079 1800 9315 21080 4 8060 -1 -1 0 0 0 0 6 7 6 4 5 3 2 6 5 5 0 0
"19666ca4ba57a4ed" 20 347 1989 13 35 1664 748 1109 1525 13 553 95 449 449 113 3104 13 87 457 21081 4 8061 -1 -1 0 0 0 0 5 4 5 7 5 3 2 3 3 3 0 0
"1e2fd60bbca01dc0" 24 20 10650 66 21082 367 13 553 20 858 2477 13 1047 1882 1656 125 21083 4 553 357 1496 87 21084 1331 4 8062 -1 -1 0 0 0 0 7 6 7 8 4 6 3 4 3 4 0 0
"a3b600215602fe46" 29 548 87 171 21085 1892 1664 21086 13 553 357 7111 87 3930 16201 2941 13 87 150 36 21087 13 373 1389 2480 417 1013 21088 13420 4 8063 -1 -1 0 0 0 0 6 7 6 4 5 5 3 2 3 4 0 0
"0750461bd7631baf" 27 5368 21089 13 134 2195 21090 21091 4 553 4757 5136 13 2 6448 1013 21092 2846 13139 4 553 102 953 63 21093 2151 2958 4 8064 -1 -1 0 0 0 0 6 5 4 3 4 4 2 4 2 6 0 0
"f0a2c3cadc15fc4b" 30 171 3358 373 1144 20 21094 21095 13 553 95 3317 150 545 21096 517 13 1131 21097 3302 4 553 888 21098 102 13 25 113 1293 21099 4 8065 -1 -1 0 0 0 0 8 7 6 4 4 4 3 3 3 4 0 0
"cbb0ba2eec56c015" 34 95 172 150 36 1568 21100 557 13 87 173 13 553 150 1568 21101 36 11504 21102 3497 21103 21104 4 553 357 171 21105 21106 13 2369 737 3198 3922 68 4 8066 -1 -1 0 0 0 0 6 4 5 3 3 2 2 4 2 5 0 0
"67fad22a8d92dd64" 25 20 1494 13 63 12241 12242 13 504 4807 2 21107 86 13 553 15087 21108 7335 13 102 5441 2392 21109 13 4326 4 8067 -1 -1 0 0 0 0 7 6 7 5 4 4 3 2 3 4 0 0
"5c432e5213d43528" 19 8565 8566 13 772 8567 286 8568 21110 13 553 21111 21112 135 13 1510 150 331 9054 4 8068 -1 -1 0 0 0 0 8 6 9 8 6 9 5 8 2 7 0 0
"fb7df43e4f122184" 22 87 61 966 3638 3089 13 2 520 21113 21114 13 553 191 21115 3302 20410 13 548 21116 2859 21117 4 8069 -1 -1 0 0 0 0 10 8 9 9 7 9 5 6 2 4 0 0
"17e21417d83464f7" 21 41 14274 1750 14275 13 2 6874 1389 13 553 1109 1110 53 21118 13 2 1342 388 2531 7349 4 8070 -1 -1 0 0 0 0 8 7 9 6 7 9 4 6 4 6 0 0
"466c88fb79f55430" 20 222 1047 9457 2204 13 2 21119 331 16027 13 553 2652 21120 21121 13 191 125 13671 21122 4 8071 -1 -1 0 0 0 0 7 8 8 7 7 8 5 9 2 7 0 0
"cc6c13a6788247cb" 22 191 18459 481 21123 13 1047 9217 53 21124 13 553 1549 953 297 13 17416 2396 1047 125 102 1093 4 8072 -1 -1 0 0 0 0 7 6 7 6 5 8 4 4 3 4 0 0
"898ffc0bc3844029" 21 87 2128 357 11067 524 21125 13 2 2164 21126 13 553 15415 10269 13 41 125 21127 12157 21128 4 8073 -1 -1 0 0 0 0 9 7 8 8 6 8 4 7 2 5 0 0
"7387f4d201b5700d" 27 449 449 13 66 9463 38 19468 13 2 8521 388 93 25 39 13 553 357 950 5414 1424 13 191 435 5719 18180 2307 4 8074 -1 -1 0 0 0 0 7 9 8 7 7 8 4 5 2 7 0 0
"374686d9fe114139" 27 20 347 1305 351 171 10311 10314 13 66 13146 21129 55 2100 13 553 3327 102 61 997 13 1071 171 21130 8468 150 21131 4 8075 -1 -1 0 0 0 0 8 7 8 7 6 7 3 4 8 6 0 0
"4f199d4f072f457b" 23 1184 5538 412 18450 13 2 417 2841 21132 21133 13 553 357 852 6042 414 2976 13 1071 7613 3027 53 110 8076 -1 -1 0 0 0 0 6 8 7 6 4 6 2 5 3 9 0 0
"197ffbfad6b713c9" 22 61 95 966 3638 3089 13 191 21134 6180 13 553 87 727 799 21135 13 2 967 61 3838 21136 4 8077 -1 -1 0 0 0 0 8 8 9 9 7 8 5 6 3 4 0 0
"6e4eb06df936c4fb" 20 878 6464 1319 173 55 21137 13 359 10650 13 553 2 21138 21139 13 5136 66 21140 21141 4 8078 -1 -1 0 0 0 0 7 7 7 6 6 8 5 8 3 6 0 0
"94b38edf1e32ce67" 22 359 12241 12242 21142 21143 13 87 1108 14407 13 553 2 1568 150 1507 13 191 95 9265 21144 2919 4 8079 -1 -1 0 0 0 0 8 9 8 7 7 8 5 5 3 7 0 0
"67bcd2d6bbf25a3f" 21 95 3316 3317 13 21145 171 8131 21146 13 553 357 191 13419 13420 13060 13 1509 386 21147 7198 4 8080 -1 -1 0 0 0 0 6 7 7 6 5 7 4 7 7 5 0 0
"697211dfa3e9c625" 20 15432 21148 135 13 742 150 396 21149 13 553 15415 10269 21150 13 2 672 4434 21151 21152 4 8081 -1 -1 0 0 0 0 9 8 9 9 7 8 5 6 3 4 0 0
"0ce0abaeeec2be0c" 22 7550 93 6030 13 35 95 61 1641 2092 2093 13 553 21153 2564 609 728 125 21154 12178 2696 2097 4 8082 -1 -1 0 0 0 0 7 9 8 6 6 7 4 6 3 6 0 0
"aa967645c837a22e" 22 282 748 191 425 4589 13 553 191 8709 417 21155 4307 13 553 66 15087 15088 13 347 2663 4589 4 8083 -1 -1 0 0 0 0 6 5 4 6 5 4 2 2 2 3 0 0
"1a50daac9946cf50" 27 66 117 349 170 13 25 949 13 553 5368 21156 13293 1882 1725 21157 13 553 87 2028 13 150 18332 1842 359 3195 18433 4 8084 -1 -1 0 0 0 0 9 8 8 9 8 8 7 7 9 9 0 0
"18086d27d468faae" 32 345 1109 1589 16504 2047 13 553 150 305 330 1091 13095 13 113 1043 1575 13 553 224 13615 17122 11061 13617 217 13618 13 239 13585 13803 21158 21159 4 8085 -1 -1 0 0 0 0 9 8 7 8 8 7 9 4 9 7 0 0
"bfce9a330cc0dabb" 26 171 5201 13414 61 13415 13 553 35 9212 188 9213 13 113 171 21160 553 1496 11941 2 17473 13 66 999 125 7551 4 8086 -1 -1 0 0 0 0 7 7 8 8 8 7 4 2 4 2 0 0
"8a9e9e4a8d5103e9" 22 308 1303 106 7353 13 1109 1110 21161 13 553 35 3921 61 2369 737 3922 13 38 10534 171 10879 4 8087 -1 -1 0 0 0 0 6 6 7 6 5 6 4 2 3 3 0 0
"c8722d2642a3509f" 19 150 11503 11504 13 1109 3610 13 553 2652 15993 16026 16027 13 1016 21162 5508 7665 21163 4 8088 -1 -1 0 0 0 0 6 7 8 8 7 4 4 8 2 9 0 0
"886f6d1da853ed6e" 19 14820 1108 331 21164 13 553 966 3638 3089 13 357 449 449 13 1109 15179 1052 21165 4 8089 -1 -1 0 0 0 0 5 5 8 5 6 5 2 2 2 5 0 0
"695c82647b3ca26a" 39 7550 6030 13 1109 150 305 737 3118 13 553 412 16396 5538 412 1378 1333 13 150 21166 21167 1670 13 553 953 297 13 1109 21168 1192 7379 13 20 1109 12154 305 9982 21169 10420 4 8090 -1 -1 0 0 0 0 6 8 8 6 5 3 3 6 5 5 0 0
"ae8a8e118fac0553" 31 20 12241 12242 13 66 21170 21171 15337 13 553 532 349 117 170 13 11445 18349 590 13 553 3436 9457 10235 13 20 66 188 21172 1675 18935 4 8091 -1 -1 0 0 0 0 7 7 8 7 7 7 3 2 4 3 0 0
"e85e5b7575e9e8db" 25 95 3316 3317 13 87 10534 799 412 492 13 553 191 8709 417 18299 737 20495 13 553 21173 21174 661 21175 21176 4 8092 -1 -1 0 0 0 0 6 5 5 7 6 6 4 5 3 2 0 0
"2f48447cb433ab51" 24 282 748 20 18337 21177 13 553 191 1182 9074 2349 1047 9315 9316 13 553 150 668 545 18666 14729 21178 21179 4 8093 -1 -1 0 0 0 0 6 7 8 5 6 4 2 3 2 3 0 0
"a479f9c5825f6bae" 38 222 4970 2 4248 13 4248 21180 19398 21181 21182 13 553 345 1109 1589 16504 2730 13 1182 343 2884 7551 329 13 553 4740 38 6180 61 171 21183 13 588 171 10420 21184 11903 4 8094 -1 -1 0 0 0 0 8 8 8 8 8 7 8 5 5 6 0 0
"50b1ab48c35ac1b5" 30 87 2128 357 1552 10323 3081 13 553 87 2126 996 13 2 21185 35 742 61 3939 12907 2317 13 553 20 2091 396 1047 125 2092 2093 4 8095 -1 -1 0 0 0 0 7 6 7 7 6 5 3 2 4 3 0 0
"cf46f703d9d77f44" 37 35 171 172 61 173 13 17917 19666 2854 2 21186 13 553 20 347 1305 351 171 10311 10314 13 66 347 2663 8266 13 553 297 318 319 13 357 11754 297 11140 21187 4 8096 -1 -1 0 0 0 0 7 5 5 4 6 5 2 6 3 3 0 0
"30a65e1e65418644" 48 308 1303 106 7353 13 343 425 373 13 6300 3436 777 4143 13 553 150 305 330 1091 13095 13 113 1205 1122 3815 1580 704 1795 1643 2715 13 553 8521 388 170 25 39 13 357 1109 8669 3289 2 87 61 21188 1983 4 8097 -1 -1 0 0 0 0 8 7 8 6 5 6 4 4 5 4 0 0
"df17c2cb70437111" 20 113 703 21189 1754 13 553 2 10432 7994 21190 14420 13 553 25 993 547 6601 14827 484 110 8098 -1 -1 0 0 0 0 8 6 7 6 5 8 3 3 5 4 0 0
"d77dc8f8bb2d70f8" 32 330 347 342 1709 13188 13 113 5709 4107 3302 21191 13 553 21192 1709 21193 6881 13 553 21194 150 330 171 2436 10237 13 265 21195 347 39 305 4 8099 -1 -1 0 0 0 0 6 9 6 7 6 7 5 3 4 4 0 0
"65d50c00a784245a" 18 18915 556 188 21196 13 553 2 774 1088 21197 3766 13 553 797 15135 21198 21199 4 8100 -1 -1 0 0 0 0 9 7 8 7 8 6 7 2 8 6 0 0
"9f5f9bfe9483f3ca" 23 95 21200 21201 330 150 4623 11046 13 553 774 1592 2809 5709 21202 4248 13 553 150 330 362 21203 1657 4 8101 -1 -1 0 0 0 0 6 9 9 7 8 7 3 4 5 3 0 0
"1ab4bb0fed924b79" 21 3327 7664 7665 7666 13 553 102 21204 61 20269 358 268 13 553 2 134 89 61 13271 4110 4 8102 -1 -1 0 0 0 0 8 7 9 7 6 7 6 3 6 5 0 0
"18619dc9155a2e0b" 22 102 190 2348 6715 2340 13 553 359 9349 1414 21205 2028 2 21206 13 553 520 61 1016 1718 21207 110 8103 -1 -1 0 0 0 0 7 6 8 7 6 7 5 9 5 6 0 0
"d35d070a26684c2f" 23 6266 35 305 9534 4007 13 553 347 36 1889 13 21208 171 6892 21209 13 553 21210 151 20855 12636 2151 110 8104 -1 -1 0 0 0 0 6 8 7 7 6 6 4 5 4 4 0 0
"9f5c3cbda46d929d" 25 357 21211 21212 308 2999 13 553 2652 95 1509 61 457 1983 6430 13 553 801 901 2 5709 1552 21213 357 2846 4 8105 -1 -1 0 0 0 0 5 9 8 8 6 8 5 4 5 3 0 0
"deae955b5e47566e" 23 1509 95 388 21214 8099 13 553 357 21215 66 23 21216 12716 13 553 150 21217 5750 463 331 330 3434 4 8106 -1 -1 0 0 0 0 8 8 9 7 7 8 2 5 3 3 0 0
"23d6e3cfeca5e7c2" 26 4799 3635 82 10219 3183 4862 13 553 150 2062 2852 1379 1293 2340 13 553 34 840 357 13 2 95 16138 1664 920 4 8107 -1 -1 0 0 0 0 6 8 7 7 5 7 6 6 4 5 0 0
"df75ee23e504fa39" 29 95 61 21218 13 2 95 10027 13 553 34 26 1016 6525 6526 6527 13 553 1109 2267 367 13 35 1550 3768 150 12583 7949 10027 4 8108 -1 -1 0 0 0 0 9 7 8 7 8 7 6 4 7 6 0 0
"38e4641ed08c4467" 20 66 347 367 1328 305 13 553 357 4365 95 7949 21219 3277 21220 13 553 341 598 504 4 8109 -1 -1 0 0 0 0 7 7 7 7 6 8 5 4 5 4 0 0
"9d682178350ab237" 20 347 21221 21222 13 414 2532 942 13 553 1342 13542 12987 13 553 1550 347 2891 14566 2452 4 8110 -1 -1 0 0 0 0 6 8 7 7 6 7 4 6 4 4 0 0
"f17c71f2ce6ddec8" 23 188 21223 61 2765 547 2035 13 553 1549 6561 89 61 9287 13 553 102 1863 20 21224 1088 367 21225 4 8111 -1 -1 0 0 0 0 9 9 8 8 8 8 6 7 6 6 0 0
"2739d9c4347a28db" 24 41 1906 1765 19458 13 1109 21226 1923 21227 13 553 1016 14359 8319 10022 21228 8721 13 553 66 3622 373 2023 4 8112 -1 -1 0 0 0 0 8 8 9 8 7 8 5 4 8 6 0 0
"e9a7378e902f1d86" 17 341 3554 13 12913 1747 13 553 1071 188 394 21229 17135 66 11483 7314 11462 4 8113 -1 -1 0 0 0 0 6 7 6 7 7 6 2 3 7 5 0 0
"64dd814d84351843" 21 8717 7091 13 150 36 3438 21230 553 188 61 12098 13 2 10925 171 5200 13 2626 116 21231 4 8114 -1 -1 0 0 0 0 5 6 8 7 6 5 4 3 2 4 0 0
"6e12cddb2258b67d" 23 23 18229 21232 25 44 13 553 417 5897 347 1832 1007 13 553 7168 1857 774 1926 13 10708 21233 9190 4 8115 -1 -1 0 0 0 0 7 6 6 8 8 6 3 5 5 6 0 0
"7923f7a2f7c60355" 18 2652 9434 305 21234 191 1318 21235 13 553 15987 1643 21236 13 20 21237 359 21238 4 8116 -1 -1 0 0 0 0 6 5 7 7 6 5 6 7 2 8 0 0
"b54e42b203b2feb5" 19 7329 1712 21239 2780 2280 1720 13 553 21240 191 1002 13 1580 34 26 14288 2321 4872 110 8117 -1 -1 0 0 0 0 8 8 7 9 8 4 3 4 9 7 0 0
"a18ffbbdb64c04a1" 18 1342 61 545 21241 1319 1270 13 553 357 1201 985 351 1588 13 150 36 21242 4 8118 -1 -1 0 0 0 0 4 3 5 6 6 2 3 6 7 6 0 0
"67f59e2fb25da2c6" 18 150 36 3970 21243 993 1664 15197 21244 13 553 21245 191 774 17126 21246 61 20125 4 8119 -1 -1 0 0 0 0 7 7 8 6 8 8 4 2 3 5 0 0
"1880f104d0e1f711" 20 21247 21248 21249 2 21250 13 553 2 191 373 5381 61 697 13 188 126 13908 125 2777 4 8120 -1 -1 0 0 0 0 6 5 7 8 7 6 4 7 4 7 0 0
"92f16c2e99bc5bcb" 14 1016 13463 61 731 21251 13 553 15070 21252 21253 2 737 11584 4 8121 -1 -1 0 0 0 0 5 5 4 4 6 3 2 6 2 5 0 0
"3b7b2a91e9d3eb4c" 22 171 21254 21255 1821 159 7329 13 553 95 11732 61 171 13504 13 417 19452 188 21256 3901 9738 21257 4 8122 -1 -1 0 0 0 0 6 7 8 7 5 4 2 6 3 6 0 0
"79495d265b8dc9d6" 17 452 1108 367 2 2841 2999 13 553 519 2654 13 347 1667 2852 2691 5587 4 8123 -1 -1 0 0 0 0 5 6 7 6 6 3 6 3 2 5 0 0
"a0c5eb82cc9097e6" 18 419 66 21258 17763 359 7921 13 553 357 8750 21259 21260 13 1200 171 1764 21261 4 8124 -1 -1 0 0 0 0 6 6 6 8 7 5 4 4 3 6 0 0
"e455ab42fa55de11" 17 191 21 21262 1664 19770 13 553 639 778 779 13 1408 87 3115 920 21263 4 8125 -1 -1 0 0 0 0 7 7 7 5 8 6 3 4 3 4 0 0
"f76a542b41b72cd8" 20 1052 3302 21264 2 21265 11840 13 553 134 2859 17920 1114 727 6302 13 55 150 10947 21266 4 8126 -1 -1 0 0 0 0 6 7 3 6 4 2 2 5 3 6 0 0
"290e9910da5c8e9d" 26 373 607 21267 191 66 508 21268 13 553 2 66 10219 521 13 25 2690 12202 13 553 21269 21270 21271 21272 1747 2536 4 8127 -1 -1 0 0 0 0 6 6 5 6 6 2 3 3 2 5 0 0
"f85e065b2ef70fd5" 22 171 21273 61 21274 13 113 61 6457 9036 13 553 985 6566 1606 170 13 520 171 1786 16301 3025 4 8128 -1 -1 0 0 0 0 6 5 8 5 6 3 5 7 4 8 0 0
"09e5d0ffe9762731" 19 16473 150 36 566 27 16474 12430 13 553 357 6443 1321 1187 13 25 188 2737 10619 4 8129 -1 -1 0 0 0 0 7 5 6 7 6 6 5 4 7 6 0 0
"13182d978e8796c1" 30 23 2988 17473 621 13 357 532 13 553 357 1934 13393 13394 13 2 8415 1199 553 13587 13608 13609 209 21275 13607 209 21276 61 13579 21277 4 8130 -1 -1 0 0 0 0 4 6 7 4 5 2 3 3 5 4 0 0
"ae6eedfdaaac7e5b" 24 2828 2829 3036 21278 13 553 2 1651 3302 1876 13 330 347 21279 13 553 1071 2369 6592 14938 7028 737 3327 4 8131 -1 -1 0 0 0 0 7 6 6 5 6 6 5 3 4 5 0 0
"8f9f45701cd4cda0" 37 347 1173 362 2784 13 113 84 446 93 9025 9165 13 553 1238 424 13863 13 21280 722 116 5199 15471 13 553 616 7212 2368 21281 13 355 113 4655 21282 13 21283 388 4 8132 -1 -1 0 0 0 0 5 4 7 7 7 6 3 2 2 3 0 0
"caf2997a911ebfd5" 21 2213 2214 515 25 150 12624 21284 13 553 667 1042 330 731 15811 13 11734 545 21285 4 68 13 8133 -1 -1 0 0 0 0 5 6 5 5 6 2 3 3 4 5 0 0
"b580e3f4ff96f063" 34 588 4964 6991 792 286 305 171 5231 13 553 357 347 36 566 1328 601 13 1071 297 1806 6612 553 34 26 515 21286 13 504 1608 188 21287 1664 6946 4 8134 -1 -1 0 0 0 0 7 6 7 6 6 6 4 2 6 7 0 0
"5d6297f8880f2def" 29 2589 2590 417 13 66 347 330 2928 362 13 553 499 330 545 11468 721 11469 13 553 357 41 457 1801 963 13 34 21288 774 21289 8135 -1 -1 0 0 0 0 6 6 5 4 5 6 3 3 5 6 0 0
"dca602ebe6670538" 24 41 150 36 1319 7405 13 41 150 36 596 3180 13 553 191 1274 2167 13 330 347 3302 39 305 367 4 8136 -1 -1 0 0 0 0 6 5 5 4 4 6 4 5 6 3 0 0
"524d6a163ff37f23" 40 66 1325 35 121 305 2891 13 2 66 469 21290 470 471 13 553 357 35 113 21291 171 1187 13 3503 1319 66 2720 21292 13 553 357 35 151 3278 13 321 21293 284 21294 2151 4 8137 -1 -1 0 0 0 0 4 6 6 5 5 6 4 7 4 6 0 0
"7017d9dfe07a4ed3" 31 321 151 1543 367 13 349 66 23 412 7643 553 357 520 3998 6 4765 4766 1193 13 553 35 14414 2852 7804 13 113 575 5433 170 2038 4 8138 -1 -1 0 0 0 0 6 7 6 3 4 4 4 6 3 5 0 0
"1127c5ee67a3e768" 34 34 11890 515 13 66 2136 349 13 21295 21296 21297 553 357 341 1613 21298 13 8132 2720 12019 12020 13 553 21299 1628 21300 13 35 34 362 515 3663 388 13 8139 -1 -1 0 0 0 0 7 7 7 5 5 4 5 6 4 5 0 0
"1869c0a935c8247a" 37 191 21301 160 1016 11692 4856 13 2 1456 286 21302 12298 13 553 357 12869 21303 61 3160 13 415 286 1473 297 6245 13 553 4715 171 21304 3253 373 21305 2 21306 12794 4 8140 -1 -1 0 0 0 0 5 5 7 5 6 5 4 5 3 4 0 0
"38eda2d398e5b39b" 29 95 5352 305 171 21307 13 21308 21309 13 553 10660 16088 41 21310 21311 21312 13 553 2 607 21313 125 2870 13 21314 1604 1862 305 4 8141 -1 -1 0 0 0 0 5 6 4 3 4 4 2 3 3 4 0 0
"e4ae508c9093ed5f" 39 2978 13 41 11851 4899 1592 13 357 87 61 3472 10195 12681 13 553 737 2107 14630 7960 14631 13 553 357 21315 725 150 451 1795 9105 21316 8451 21187 13 21317 1990 21318 21319 21320 4 8142 -1 -1 0 0 0 0 4 5 5 3 4 2 3 3 2 1 0 0
"337cd89e2984417f" 20 102 61 113 8414 515 21321 13 553 2696 1109 7379 14367 13 357 1568 150 36 8189 21322 4 8143 -1 -1 0 0 0 0 7 8 8 6 6 6 4 2 3 4 0 0
"1fbfbfe73f20001f" 29 191 66 11969 358 21323 13899 13 553 347 1832 10288 3016 739 13065 13066 13 553 357 188 1803 104 1804 13 2 504 21324 14668 21325 4 8144 -1 -1 0 0 0 0 6 7 7 7 6 4 3 3 8 6 0 0
"6237fc52d886e7af" 17 14151 1403 14152 21326 13 553 347 2305 13 25 13878 13 21327 774 21328 17844 4 8145 -1 -1 0 0 0 0 9 6 6 5 5 6 5 4 3 4 0 0
"4d34fc6e4e5112e1" 33 347 342 14730 13 347 388 21329 1144 13 553 520 4410 2767 61 13 25 723 524 3326 13 553 20 93 1552 457 21330 13 20 170 21331 1315 8128 4 8146 -1 -1 0 0 0 0 8 9 8 7 6 7 5 3 3 6 0 0
"a975619689e59c02" 26 347 4667 13 347 4667 13 150 437 20 21332 21333 13 553 3998 66 6025 13 20 347 388 2142 21334 5986 3141 5987 4 8147 -1 -1 0 0 0 0 5 4 3 3 2 2 2 8 2 9 0 0
"c59d8e72d660faf8" 19 21335 737 13 1639 6453 13 6450 93 13 553 28 2439 21336 150 330 21337 95 162 4 8148 -1 -1 0 0 0 0 7 7 7 6 6 6 5 4 5 5 0 0
"3f19d1fbcd4ce819" 16 191 61 5853 14609 125 14610 1033 13 553 53 171 5016 1047 13065 21338 4 8149 -1 -1 0 0 0 0 6 6 6 5 5 5 5 3 3 4 0 0
"422a796e544806ee" 32 2 12805 13 125 5141 138 297 20 21339 13 553 34 11473 11474 11475 13 1580 21340 1144 566 297 20 1842 21341 4605 11026 1293 113 2813 188 14484 4 8150 -1 -1 0 0 0 0 5 4 4 3 3 3 6 2 2 3 0 0
"b074b914224d4373" 23 449 450 451 452 453 61 454 13 553 35 21342 13 150 36 530 1780 21343 13 8479 8480 1071 1319 4 8151 -1 -1 0 0 0 0 6 7 7 5 4 5 5 3 4 5 0 0
"6746188fa0ea572f" 28 1071 7552 7553 7554 13 347 2652 530 286 351 13 553 548 2852 15629 15630 13 28 150 598 13 1131 1320 1321 1322 1323 1324 4 8152 -1 -1 0 0 0 0 6 7 7 6 5 4 5 6 6 6 0 0
"4064cdc403bc0aa4" 16 548 1568 13 150 1568 330 21344 21345 13 553 8023 1067 4589 15166 21346 4 8153 -1 -1 0 0 0 0 4 6 6 5 4 3 3 4 3 5 0 0
"344515866bc9d746" 20 7813 1841 13 13898 5477 21347 13 553 7748 7749 7750 13 9652 9385 53 21348 357 93 1319 4 8154 -1 -1 0 0 0 0 6 7 5 4 4 4 4 4 3 3 0 0
"4b7bb771b999d890" 20 16476 21349 25 21350 515 21351 13 553 35 4247 901 4248 13 8959 8960 13 5914 21352 21353 4 8155 -1 -1 0 0 0 0 6 6 6 7 6 5 3 3 4 6 0 0
"10fda30f1aadbc05" 28 4524 728 13 21354 3091 13 21355 13 553 35 174 2956 443 13 956 35 87 13 1580 452 7966 7967 13 150 4103 21356 21357 4 8156 -1 -1 0 0 0 0 5 6 7 6 5 4 3 3 2 3 0 0
"50686c9f64b6a4c6" 33 774 1712 21358 21359 21360 21361 21362 13 553 21363 13 2472 14484 357 35 1641 1232 13 47 436 13 553 530 3048 13 13139 20 1201 388 330 1834 305 4 8157 -1 -1 0 0 0 0 4 5 5 5 4 3 3 4 4 5 0 0
"f5175efbdcfc7393" 14 347 463 330 8479 21364 13 553 14151 150 330 11535 14152 21365 4 8158 -1 -1 0 0 0 0 5 3 4 2 3 3 2 5 2 5 0 0
"dacd07799a34e665" 14 14630 737 14631 13 553 191 11969 358 5141 21366 17705 21367 2785 4 8159 -1 -1 0 0 0 0 7 8 6 5 5 6 5 3 4 4 0 0
"8c87fcadba68f5fe" 12 150 5871 863 330 13 553 18116 61 125 18237 21368 4 8160 -1 -1 0 0 0 0 4 5 4 2 3 4 3 4 3 3 0 0
"7074c517f7d8346d" 15 106 5548 5549 7123 13 553 35 34 1550 330 14414 504 19611 21369 4 8161 -1 -1 0 0 0 0 6 6 6 4 5 6 4 3 5 3 0 0
"4cfe5c7b92fddbe0" 13 21370 3302 8960 13 553 499 348 21371 1978 739 21372 21373 4 8162 -1 -1 0 0 0 0 8 7 8 5 6 7 5 3 4 3 0 0
"bc6930d5c19fe23a" 18 436 347 441 520 2507 61 125 13 553 357 6059 21374 171 1552 297 21375 388 4 8163 -1 -1 0 0 0 0 5 6 5 3 4 5 5 4 5 4 0 0
"d5b8b65237c2e651" 16 520 3998 331 4765 1193 13 553 7820 1109 14367 2696 13 8812 6385 125 4 8164 -1 -1 0 0 0 0 6 6 5 3 4 5 4 6 4 5 0 0
"9948536488162178" 23 5841 188 355 13 21376 5381 8311 609 13 553 357 3472 21377 61 13 1580 21378 3297 2852 21379 171 21380 4 8165 -1 -1 0 0 0 0 8 7 6 5 6 7 5 3 5 5 0 0
"1e85634e12a0f92a" 28 449 13 2214 515 451 13 520 61 454 1029 13 553 482 21381 5986 3141 5987 191 3993 21382 150 1993 2864 297 87 21383 1354 4 8166 -1 -1 0 0 0 0 4 3 2 1 2 2 1 0 2 3 0 0
"ef4c52bb56872dc2" 13 10660 61 134 18179 1052 13 553 1639 6453 13 5252 93 110 8167 -1 -1 0 0 0 0 6 5 6 7 6 6 6 4 6 6 0 0
"856ef9ae5166d44b" 23 25 1016 4403 7398 13 553 21384 3302 21385 13 553 357 188 1803 104 1804 13 2006 150 286 330 21386 4 8168 -1 -1 0 0 0 0 1 1 3 4 3 2 1 5 4 4 0 0
"97eabf92ad492a23" 19 2 66 2651 19218 10458 10012 13 553 548 330 2852 15629 21387 3189 13 102 61 7429 4 8169 -1 -1 0 0 0 0 3 3 4 5 4 3 1 3 3 4 0 0
"6e16d8ad98cd4a7b" 29 1324 388 1016 7301 13 553 191 150 3358 4326 7592 13 553 1320 1321 1322 13 553 1323 19932 5399 13 2 21388 21389 125 313 329 4 8170 -1 -1 0 0 0 0 7 7 7 6 6 5 3 2 3 2 0 0
"e35fd70195db47c7" 18 191 3282 1552 12842 13 553 520 3998 1193 265 4765 13 1071 12583 388 2 1094 110 8171 -1 -1 0 0 0 0 2 0 2 1 1 2 4 6 3 5 0 0
"908cad20bf36f8d0" 18 150 5871 863 95 21390 21391 13 553 4524 728 1250 8925 8926 798 21392 3180 1173 4 8172 -1 -1 0 0 0 0 4 5 4 3 4 5 4 3 4 3 0 0
"85e857893a0839e8" 25 347 36 151 1328 601 13 347 36 151 545 21393 13 553 191 11969 358 5141 10275 297 66 6105 93 21394 21395 4 8173 -1 -1 0 0 0 0 10 9 8 7 8 8 4 3 5 4 0 0
"f3abe79c7a311beb" 31 2696 1109 7379 14367 13 21396 7502 21397 2 21398 21399 13 553 66 21400 171 2534 13 1857 93 5016 13 102 21401 35 520 171 1112 61 1774 4 8174 -1 -1 0 0 0 0 9 10 9 8 7 7 3 3 4 3 0 0
"c6079296c2698183" 32 1200 1109 1589 5141 297 21402 13 553 1071 10903 2797 113 813 21403 13 21404 13 553 11751 1552 21405 93 286 361 2891 113 13 1793 6269 21406 21407 4 8175 -1 -1 0 0 0 0 7 6 8 6 6 7 4 3 3 4 0 0
"566ec52b989e0756" 41 7813 1841 357 150 36 566 697 136 566 13 553 8959 8960 1485 21408 21409 13 553 796 21410 21411 2660 15564 13 863 21412 13 553 21413 21414 13 2 8023 1067 297 150 93 8442 193 4154 4 8176 -1 -1 0 0 0 0 8 9 7 6 7 5 2 4 3 3 0 0
"7840a4e35cf98b54" 33 174 1463 21415 2 21416 13 553 1165 1592 13 21417 2 673 394 21418 7028 13 553 347 146 4667 297 359 1892 13 357 1094 35 34 26 171 21419 4 8177 -1 -1 0 0 0 0 9 10 9 8 6 7 5 3 4 3 0 0
"f93f6941d51e05cd" 32 171 21420 21421 504 10178 21422 13 553 93 394 1403 95 21423 2 188 21424 21425 13 553 21426 1215 21427 21428 13 2 566 1628 93 7442 6858 21429 4 8178 -1 -1 0 0 0 0 7 7 8 6 7 6 7 3 5 3 0 0
"a1be174437b33052" 35 347 545 2204 21430 21431 14530 21432 13 553 9421 1047 76 21433 21434 21435 13132 13 553 357 7033 858 3314 21436 13 2 188 21437 5140 1320 1321 21438 1323 1324 4 553 8179 -1 -1 0 0 0 0 7 7 6 5 5 6 5 3 3 4 0 0
"c9d35a55c8b2d791" 43 35 21439 901 4248 21440 13 282 1378 21441 13 553 150 545 981 1510 21442 13 357 21443 21444 1449 358 2 2376 21445 18864 13 553 150 87 545 21446 171 21447 21448 2 34 35 36 1510 5548 5549 4 8180 -1 -1 0 0 0 0 6 6 7 6 7 6 3 5 4 6 0 0
"15900bcc2b358394" 46 34 3235 774 13 415 286 1473 297 6245 13 553 191 701 297 738 13 1122 21449 21450 578 13 553 20 5853 21451 125 14610 1033 13 1774 61 1517 21452 13 553 16861 9539 17133 2777 2 669 1110 21453 7348 13816 4 8181 -1 -1 0 0 0 0 8 8 7 6 7 6 4 5 4 3 0 0
"50a5e00e8aa9a87c" 36 34 21454 21455 13 553 66 4153 21456 21457 21458 13 2 66 21459 188 21460 13 35 15658 1876 2483 13 553 21461 21462 1795 3303 13 150 330 3221 8513 21463 7977 5498 4 8182 -1 -1 0 0 0 0 7 6 6 5 4 5 3 3 3 4 0 0
"66a2a834ff1363c0" 46 1765 87 1806 1807 13 722 2476 1795 13 553 6631 136 11043 13 608 1862 34 21464 13 553 87 21465 13 452 655 21466 2661 1153 13 553 2 20 1920 61 603 1921 13 675 1587 87 21467 21468 2056 21469 21470 4 8183 -1 -1 0 0 0 0 7 7 7 5 5 5 4 4 4 4 0 0
"d3fedf1ae596e436" 38 3727 5796 731 777 13 38 21471 698 96 13 1250 1892 305 13 553 1762 2735 1137 7303 3282 3178 946 21472 2 57 10636 13 2 373 1086 5014 13 596 11586 21473 15866 1589 4 8184 -1 -1 0 0 0 0 7 6 5 6 5 6 3 6 4 7 0 0
"5ee4f2402e5bda4e" 39 134 20 3199 489 3200 13 2 87 113 1669 1747 21474 21475 13 553 87 150 193 1990 3825 13 170 21476 1464 13 553 357 341 8717 188 8718 1396 13 1122 6791 21477 21478 6601 4 8185 -1 -1 0 0 0 0 7 7 6 5 4 5 4 4 3 4 0 0
"e95ca4a1d88675c4" 18 20 3192 396 3193 34 35 36 326 13 553 3296 1315 1043 3663 35 34 3532 21479 8186 -1 -1 0 0 0 0 8 8 7 6 5 7 5 3 4 5 0 0
"49498c3c71819975" 28 347 6601 863 704 12583 417 9357 13 553 7168 134 9733 21480 7329 2903 12083 2054 13 553 440 2200 10231 2 1173 21481 2200 6564 4 8187 -1 -1 0 0 0 0 7 6 7 6 6 8 4 5 4 6 0 0
"be7670805930fb28" 27 1034 341 5188 35 34 297 1004 139 13 553 5101 362 3064 2889 28 21482 21483 13 553 8380 138 21484 2 268 21485 15337 4 8188 -1 -1 0 0 0 0 5 6 5 4 5 3 4 3 2 3 0 0
"a4904939bce86fa0" 26 1808 9457 4537 9458 2 3497 78 13 553 1122 113 777 305 21486 13 553 66 347 1192 2305 13 150 3668 4107 21487 4 8189 -1 -1 0 0 0 0 3 4 5 3 4 4 2 3 3 2 0 0
"17de573dc8a3bccf" 27 5935 174 21488 35 703 1015 10456 13 553 548 95 405 697 8958 359 21489 13 553 21490 63 703 13 499 21491 1697 21492 4 8190 -1 -1 0 0 0 0 6 5 5 4 6 4 2 3 3 2 0 0
"f5a1870f35bc1859" 36 341 847 417 5525 13 41 39 134 93 1420 13 553 9265 1187 13 150 1379 305 93 21493 20 39 13 553 742 61 6191 1165 13 1122 1420 343 21494 2 21495 4 8191 -1 -1 0 0 0 0 6 6 6 5 7 7 6 5 5 4 0 0
"9f5bec11a9fd4c75" 18 357 150 151 36 639 21496 1643 19251 13 553 359 9467 388 13 607 21497 21498 4 8192 -1 -1 0 0 0 0 8 7 7 5 6 7 5 4 4 3 0 0
"12f7958892350e46" 23 1509 11043 13 2 738 9059 440 61 21499 13 553 357 150 151 36 639 21500 13 2534 8776 2 21501 4 8193 -1 -1 0 0 0 0 7 6 6 5 4 5 3 4 4 3 0 0
"2cff0f7e2d58aaac" 32 2717 12149 1499 13 47 150 1795 2696 3303 13 553 357 21502 150 7670 636 21503 21504 150 21505 13 553 15658 2483 1876 13 2 1604 21506 3248 7505 4 8194 -1 -1 0 0 0 0 4 5 5 2 2 4 2 4 3 3 0 0
"8605d26d91646f05" 33 6270 704 1187 13 191 21507 21508 3416 13 616 10859 17164 13 553 2 566 18 396 61 21509 1842 359 87 7131 13 553 21510 87 93 946 7778 7521 4 8195 -1 -1 0 0 0 0 7 6 8 4 3 5 5 4 3 2 0 0
"3b341fecebacba9d" 21 20 731 777 2 21511 3206 358 21512 13 553 1762 2735 1297 35 474 3572 102 61 9393 351 4 8196 -1 -1 0 0 0 0 6 7 7 6 6 3 2 5 3 4 0 0
"53fc36cb3ce83952" 30 20 9467 388 13 1016 15618 815 608 1246 13 553 2 1613 5014 2 21513 113 18292 13 553 20 304 396 3193 13 102 17559 113 21514 4 8197 -1 -1 0 0 0 0 8 8 7 6 6 3 2 4 4 4 0 0
"0fba29fe6979c915" 36 3199 489 3200 13 2 1109 150 337 21515 986 1420 13 553 87 150 193 1990 21516 13 113 1534 2 104 2905 4 553 3808 4629 4630 61 2 1604 93 3314 12260 4 8198 -1 -1 0 0 0 0 4 5 5 5 4 3 3 3 3 2 0 0
"1ad9a936d4548f6e" 37 20 1920 61 603 1921 2 21517 61 3251 2094 13 553 3808 4629 4630 61 2 1746 35 986 600 16410 13 553 35 34 21518 36 13 35 34 297 1004 1552 16196 36 4 8199 -1 -1 0 0 0 0 6 6 5 5 5 4 4 4 4 3 0 0
"3ed727a7157d9513" 31 35 1109 388 2451 4391 21519 13 553 6278 787 1109 21520 2 21521 1016 4403 1511 4 553 2903 17866 21522 3104 13 2 4690 1808 21523 2151 2958 4 8200 -1 -1 0 0 0 0 8 8 6 7 6 3 4 5 5 4 0 0
"2d4482782d9adacb" 33 1808 9457 4537 9458 13 2 1568 150 36 21524 21525 13 553 95 150 337 697 21526 47 5925 13 553 35 1042 61 6191 1165 13 1122 169 21527 21528 4 8201 -1 -1 0 0 0 0 4 4 4 3 3 3 3 2 3 2 0 0
"b77b807e675daa42" 34 47 596 1522 1795 21529 13 308 1013 113 13 553 34 1376 1450 13 357 66 703 351 774 329 13 553 2 1534 63 9467 13 191 21530 96 21531 21532 4 8202 -1 -1 0 0 0 0 9 7 7 6 6 5 4 3 4 3 0 0
"b090224a68376f51" 27 2 7660 19746 53 21533 18483 13 553 357 362 653 21534 23 1331 1303 4872 113 13 553 2 136 21535 353 13 12351 21536 4 8203 -1 -1 0 0 0 0 7 9 7 8 7 5 6 3 7 3 0 0
"03f7971fdda7e5cf" 19 1806 61 1807 13 25 777 21537 474 13 553 1613 5014 13 35 616 394 21538 21539 4 8204 -1 -1 0 0 0 0 4 6 5 7 6 5 6 5 8 2 0 0
"1a89296169dbd2ea" 28 93 7778 7521 191 21540 21541 21542 13 553 191 20024 3193 607 13 66 703 188 21543 13 553 15415 596 53 4476 21544 13 4913 4 8205 -1 -1 0 0 0 0 6 7 6 8 8 6 5 5 6 8 0 0
"b0e58587a010fc3e" 35 7171 34 21545 15879 13 19288 21546 21547 21548 110 553 3282 21549 1043 14700 13 687 113 21550 1983 36 21551 553 6220 21552 21553 21554 4729 21555 3327 13167 21556 21557 15147 4 8206 -1 -1 0 0 0 0 3 7 3 6 6 6 6 3 4 2 0 0
"69069dafff1e65f5" 28 1613 5014 41 3212 1015 13 553 2 21558 603 735 358 41 417 21559 13 553 347 3278 3736 986 4334 847 21560 21561 13 499 4 8207 -1 -1 0 0 0 0 5 6 6 7 7 3 3 4 6 2 0 0
"2ca2933aef5844c3" 35 357 341 188 8718 8717 13 878 373 21562 553 3443 35 6561 3089 21563 13 2207 21564 553 47 11450 21565 21566 2151 21567 553 21568 1013 12186 6659 21569 4281 417 5110 4 8208 -1 -1 0 0 0 0 5 7 8 7 7 4 4 6 3 8 0 0
"7c039117c38e7b32" 39 1071 6470 642 21570 2 1109 822 113 3413 13 553 87 290 21571 9705 13 171 18378 8552 21572 13 553 530 6083 21573 13 925 2677 21574 13 20 1808 9457 13 2 21575 2161 21576 4 8209 -1 -1 0 0 0 0 8 7 8 7 6 6 4 5 4 3 0 0
"b99178b24c30c047" 26 41 357 21577 3221 2536 21578 13 553 1071 361 8776 21579 93 3381 13 553 5101 1079 2010 2011 47 1199 41 21580 21581 4 8210 -1 -1 0 0 0 0 2 6 6 5 6 2 2 5 5 2 0 0
"a6e6ff4d8a41fa52" 40 2696 373 1499 2717 3682 13 20 21582 1368 21583 13 553 41 588 21584 11565 21585 21586 13 20 18939 21587 1664 21588 13 553 20 3588 21589 2717 21590 13 603 1921 742 150 3472 305 286 4 8211 -1 -1 0 0 0 0 7 8 8 9 7 5 6 4 5 8 0 0
"756cf8c8f23b209c" 40 341 113 1403 21591 6945 21592 13 21593 878 21594 12727 13 553 87 17 188 21595 21596 6991 396 13 4330 21597 2 608 18668 13 553 6781 1593 687 6782 787 53 11436 2486 3365 676 21598 4 8212 -1 -1 0 0 0 0 4 8 5 7 6 6 5 6 6 8 0 0
"9ffb4d52523677be" 29 2 329 21599 13369 13 8256 357 2049 12933 553 8222 489 3200 21600 21601 21602 21603 13 553 1762 2735 4816 1456 20 21604 188 8899 920 4 8213 -1 -1 0 0 0 0 5 7 6 6 6 6 4 5 7 2 0 0
"69d65f7cef89f919" 50 357 150 653 1192 21605 13 21606 21607 3195 53 21608 13 21609 553 3838 653 87 3488 191 452 21610 2 3248 21611 21612 21613 553 9991 13 2214 21614 21615 5171 21616 23 2456 93 21617 4 553 1071 10564 7543 3663 410 1002 21618 13 21619 4 8214 -1 -1 0 0 0 0 3 6 8 7 7 6 5 2 6 2 0 0
"a2adcbfc4f412ad1" 46 3199 489 3200 13 855 150 16425 13 87 5881 41 113 575 13 553 150 396 520 3048 18137 1488 61 4766 2 1624 7086 13 553 341 847 417 5525 13 35 53 21620 4337 21621 2 2049 61 21622 3262 21623 21624 4 8215 -1 -1 0 0 0 0 8 7 8 6 6 6 6 4 7 8 0 0
"39a70728b82c5090" 46 87 150 193 9908 1093 21625 20 87 4183 19722 21626 13 553 1071 2931 305 21627 21628 13 20 21629 479 1511 21630 13 553 357 6781 7428 2 21631 2652 922 388 102 609 191 13 1047 20 2999 2010 2 6191 1165 4 8216 -1 -1 0 0 0 0 5 6 6 7 5 5 6 5 4 2 0 0