297
539
694
849
961
1023
2122
2327
2398
2794
3022
4095
4256
4383
4435
4518
4695
4746
4938
4982
4996
5041
5097
5166
5241
5639
6123
6155
6472
6478
6756
6830
7661
7724
8140
8224
8494
8533
8642
8993
9114
9746
9998
10050
10268
10462
10509
10920
11107
11128
126
273
759
1717
2323
2811
2827
2964
3923
4590
4758
4917
5080
5379
5542
5837
5869
6213
6312
6485
6927
7953
8115
8242
8422
8431
8549
8810
8863
9116
9741
10429
10546
10976
11258
11308
11786
90
140
158
268
300
349
368
592
611
618
625
676
687
722
758
859
875
918
941
951
1178
1181
1230
1279
1375
1418
1553
1592
1611
1711
1743
1750
1832
1864
1888
1977
2025
2042
2063
2126
2178
2298
2305
2313
2334
2381
2382
2476
2546
2576
2605
2710
2715
2742
2790
2846
3046
3106
3149
3159
3209
3382
3402
3427
3480
3505
3651
3657
3831
3878
3928
4026
4104
4171
4191
4214
4223
4231
4240
4449
4452
4513
4568
4680
4694
4739
4740
4798
4806
4815
4854
4859
4879
4911
4933
4936
4951
4980
4992
5023
5061
5114
5119
5132
5228
5258
5277
5382
5412
5537
5600
5650
5743
5782
5875
6029
6120
6171
6183
6192
6196
6203
6285
6333
6339
6346
6389
6511
6517
6634
6649
6653
6666
6736
6771
6843
6896
6910
6921
6957
6978
6986
7013
7152
7153
7156
7173
7273
7323
7361
7366
7519
7536
7691
7698
7747
7773
7855
7874
7918
7932
7962
8026
8036
8064
8204
8249
8270
8291
8311
8359
8370
8373
8459
8470
8508
8522
8538
8562
8621
8752
8801
8883
8918
8985
9011
9107
9175
9283
9325
9330
9452
9487
9572
9593
9652
9659
9731
9754
9774
9807
9811
9848
9927
9928
9948
9991
9996
10012
10127
10235
10249
10274
10339
10433
10443
10444
10451
10531
10591
10617
10619
10635
10801
10816
10827
10836
10894
10984
11202
11215
11276
11359
11370
11397
11515
11611
11685
11698
11707
11740
11760
11864
11870
12001
12070
12161