81
263
654
663
1217
1587
1885
1968
2380
2832
3088
3688
3926
4041
4437
4685
5018
5059
5067
5515
5545
5552
5580
6343
6481
6987
7169
7301
7643
7725
7929
8255
8438
8481
8669
9651
10027
10186
10271
10329
10343
10391
11290
11668
276
750
851
2303
2498
2953
3541
3910
4662
4691
4742
4921
5028
5056
5286
5649
6103
6112
6737
7354
8384
8529
9758
10283
10526
10631
10862
11077
11082
11304
11755
11951
8
22
49
151
282
294
302
316
328
374
536
652
678
704
863
919
932
968
991
1011
1053
1060
1138
1176
1208
1250
1282
1298
1306
1398
1409
1597
1610
1726
1848
1876
1903
1998
2007
2031
2038
2053
2136
2170
2307
2321
2341
2347
2377
2386
2459
2479
2481
2622
2628
2790
2793
2967
3042
3084
3224
3335
3349
3390
3404
3507
3537
3578
3591
3597
3624
3666
3884
3969
3974
4175
4216
4278
4481
4522
4577
4599
4800
4802
4881
4887
4904
4988
5093
5171
5179
5229
5249
5264
5356
5387
5413
5453
5484
5499
5642
5761
5845
5853
5882
5922
5955
5975
6035
6073
6105
6140
6225
6251
6332
6342
6378
6476
6528
6540
6587
6657
6666
6700
6709
6716
6748
6755
6769
6775
6874
6887
6903
6976
7078
7135
7138
7152
7193
7195
7322
7524
7540
7546
7572
7617
7621
7623
7658
7737
7783
7799
7886
7920
7945
7978
8065
8071
8122
8133
8159
8222
8234
8280
8322
8501
8582
8630
8689
8694
8701
8795
8804
8820
8912
8983
9014
9137
9175
9257
9301
9309
9314
9333
9406
9421
9569
9753
9769
9776
9923
9958
9984
9992
9997
10012
10013
10102
10254
10256
10334
10510
10515
10624
10751
10793
10819
10833
10957
11013
11183
11200
11282
11351
11359
11374
11399
11429
11504
11512
11517
11534
11556
11564
11614
11664
11689
11693
11765
11773
11886
12014
12133
12164