59
171
416
502
730
1536
1875
2380
2473
2596
3949
4012
4021
4244
4405
4416
4457
4484
4495
4975
4981
5006
5353
5481
5541
5556
5645
5972
5984
5992
6384
6449
6668
6933
6977
7166
7262
7441
7444
8089
8528
8620
9525
9660
9763
9840
9843
10006
10709
10910
10924
10999
11128
11251
11367
11697
11848
11877
12024
929
1189
1578
1841
2421
2512
3931
4045
4235
4678
5407
6026
6468
7538
8076
8180
9103
10224
10282
10729
11080
11416
11488
11809
6
84
119
147
174
177
325
326
343
347
387
400
474
530
629
630
700
739
836
874
927
978
1007
1012
1036
1075
1079
1132
1156
1204
1212
1228
1304
1404
1422
1509
1541
1732
1794
1835
1849
1883
1905
1910
1945
1960
1978
1981
2045
2056
2059
2061
2090
2119
2130
2174
2189
2232
2312
2335
2375
2384
2387
2393
2534
2555
2560
2599
2607
2658
2682
2702
2710
2879
2882
2944
2949
2961
2981
3005
3017
3041
3053
3156
3162
3165
3204
3236
3254
3275
3300
3358
3395
3396
3401
3420
3501
3534
3631
3661
3675
3692
3870
3966
3981
3989
4056
4164
4178
4185
4288
4386
4445
4469
4487
4534
4541
4601
4693
4696
4699
4752
4753
4811
4899
5002
5106
5134
5235
5244
5340
5342
5350
5358
5424
5449
5597
5652
5779
5822
5832
5843
5859
5868
5958
5981
6006
6018
6050
6091
6099
6144
6153
6157
6179
6199
6310
6337
6536
6570
6581
6647
6674
6677
6713
6725
6732
6750
6762
6784
6889
6893
6913
6930
7149
7157
7319
7333
7350
7428
7445
7510
7608
7639
7664
7667
7730
7740
7745
7754
7869
7924
7943
7949
7982
8030
8074
8082
8083
8129
8254
8257
8268
8295
8365
8370
8515
8538
8571
8613
8636
8666
8675
8690
8743
8761
8789
8799
8898
8944
8953
8981
8995
9004
9039
9155
9162
9175
9182
9235
9250
9259
9266
9304
9322
9347
9383
9428
9431
9483
9567
9597
9599
9604
9636
9676
9722
9853
9858
9887
9919
9999
10001
10153
10240
10261
10286
10328
10480
10507
10547
10566
10604
10675
10811
10823
10844
10852
10879
10945
11022
11175
11207
11212
11221
11263
11364
11397
11423
11502
11520
11561
11625
11675
11808
11910
12021
12112
12148
12162
12169