"e68646dcd821d52e" 13 1109 6378 1201 95 3009 13 553 2006 492 24380 24381 727 4 8980 -1 -1 0 0 0 0 10 8 7 8 9 8 3 1 6 6 0 0
"6dee45da817636ff" 15 772 6576 13059 425 1052 538 24382 13 553 24383 24384 18193 24385 675 4 8981 -1 -1 0 0 0 0 8 9 8 6 5 5 4 7 4 8 0 0
"5ae18837fe4abb20" 19 20 5794 14477 13 553 5053 95 1795 6653 13 1012 1012 13 24386 5096 24387 1165 24388 4 8982 -1 -1 0 0 0 0 7 7 6 6 6 7 5 9 4 3 0 0
"6b7c9fbf745b46a1" 13 8412 61 11010 1052 13 553 537 4703 1821 171 24389 24390 4 8983 -1 -1 0 0 0 0 9 8 9 6 7 8 3 1 8 7 0 0
"69cd64bed0fc56cc" 13 2 9648 13 6480 15357 13 553 2727 1109 1485 2728 1429 4 8984 -1 -1 0 0 0 0 8 9 7 7 8 6 6 7 7 6 0 0
"66b9912eba66b125" 15 35 7340 3275 6864 13 553 2371 2652 12728 11101 12729 24391 4463 9459 4 8985 -1 -1 0 0 0 0 7 8 8 5 6 6 5 6 6 9 0 0
"d2ab2eff0f23fa97" 22 10255 10256 6907 10257 10258 13 553 4059 5124 5037 1321 1883 5782 13 553 11045 11046 13 3472 8071 24392 4 8986 -1 -1 0 0 0 0 8 7 7 7 6 5 6 7 4 8 0 0
"3805cf66ae7d81ea" 12 990 25 699 13 553 4059 5124 5037 1321 1883 5782 4 8987 -1 -1 0 0 0 0 9 7 8 6 6 7 6 5 5 8 0 0
"c531dab9bca70abc" 21 113 655 10305 521 24393 13 553 3003 1580 102 61 8692 13 553 24394 152 11637 24395 24396 9163 4 8988 -1 -1 0 0 0 0 6 8 7 6 6 7 4 6 4 7 0 0
"acbc37c1c487c2af" 11 117 2087 25 703 13 553 38 188 24397 18421 4 8989 -1 -1 0 0 0 0 8 7 7 6 6 6 5 4 7 6 0 0
"fdd6d66bfc19eee1" 17 0 3248 1301 13 553 547 61 171 8709 13 24398 24399 214 61 24400 24401 4 8990 -1 -1 0 0 0 0 8 7 9 5 6 9 6 7 4 6 0 0
"7f94ce912be3b237" 14 2 6633 6634 2785 6635 13 553 24402 10308 13 24403 4421 430 4 8991 -1 -1 0 0 0 0 7 6 7 8 6 7 5 6 7 9 0 0
"34ecd9f08645fb2b" 21 191 87 2028 13 7078 35 1793 13 553 38 607 357 24404 1511 13 553 150 636 14848 24405 4 8992 -1 -1 0 0 0 0 9 9 8 7 7 7 5 5 5 7 0 0
"da4c6d8eda5ebf36" 25 1096 7304 24406 24407 13 553 125 521 855 3838 4723 4724 13 553 5140 1693 2696 3220 13 963 1250 1716 150 1667 4 8993 -1 -1 0 0 0 0 7 8 7 7 6 6 5 6 6 9 0 0
"256266aaefee5f6e" 25 113 655 10305 24408 9630 13 553 24409 24410 1737 13 553 4403 590 720 24411 13 553 15995 24412 47 1604 1933 2696 4 8994 -1 -1 0 0 0 0 7 8 9 6 6 7 5 6 6 7 0 0
"0b8518be4976682c" 20 20 23 1125 1126 13 9022 2165 1576 13 553 188 6087 1389 9256 357 297 5262 353 3302 4 8995 -1 -1 0 0 0 0 8 8 10 9 8 7 6 3 7 4 0 0
"b4f5dfa4cd7d80e8" 20 578 815 1964 12371 13 134 24413 24414 8459 13 553 892 13241 13240 13 191 102 19634 1110 4 8996 -1 -1 0 0 0 0 6 6 8 9 7 5 3 2 3 3 0 0
"6a60e90191d2763e" 19 815 2777 13 1109 1110 53 749 24380 13 553 24359 7429 771 13 93 1712 3035 7290 4 8997 -1 -1 0 0 0 0 5 4 6 7 5 4 5 2 5 4 0 0
"a2d8567dfa44e5fc" 22 87 735 823 187 13 87 6057 25 956 14110 13 553 38 5201 6653 6030 13 113 4862 420 24415 4 8998 -1 -1 0 0 0 0 7 5 5 6 4 5 4 3 5 4 0 0
"dfab383209156f7a" 28 20 34 26 1232 171 4450 13 102 24416 927 171 5577 125 13 553 24417 24418 171 6787 108 13 2 24419 170 25 4361 1047 4 8999 -1 -1 0 0 0 0 9 8 7 5 6 9 4 2 6 2 0 0
"92901a4555380f64" 21 547 61 102 24420 3779 3220 13 24421 18298 24422 13 553 24423 12115 2905 13 5764 95 565 2094 4 9000 -1 -1 0 0 0 0 8 8 7 6 6 7 4 2 3 2 0 0
"73233fcf534f20b0" 18 24424 2922 102 13233 13 3115 5358 24425 13 553 24426 18286 2 835 1400 3771 1110 4 9001 -1 -1 0 0 0 0 7 7 6 6 6 6 4 2 3 2 0 0
"cea1d1ee75ada09b" 23 2056 24427 66 24428 13 578 2197 165 24429 13 553 150 744 286 305 9393 13 4403 353 15995 24430 24431 4 9002 -1 -1 0 0 0 0 6 6 7 7 6 5 5 2 3 2 0 0
"1f302a02f6dbf9b3" 27 9648 13 5155 1923 15357 13 4059 5124 5037 24432 63 5782 13 553 95 340 2696 21115 13 21168 2245 325 24433 2 24434 24435 4 9003 -1 -1 0 0 0 0 7 8 7 6 5 6 4 2 5 3 0 0
"0ab9d99ef374a0e0" 23 5252 93 2382 13 537 4703 24010 13 553 9714 10255 10256 6907 10257 24436 13 2 24437 723 113 24438 10709 4 9004 -1 -1 0 0 0 0 5 5 7 7 6 4 4 2 3 2 0 0
"0cfcf1c5ca260706" 26 113 191 24439 3248 1301 13 5580 14610 150 151 1633 13 553 412 3483 1342 1047 1923 14620 13 134 10848 4404 1737 20083 4 9005 -1 -1 0 0 0 0 4 4 6 7 5 4 6 2 3 3 0 0
"cf5e88a70e446232" 23 2922 2358 102 13233 13 24440 24441 24442 13 553 150 636 14848 286 351 13 1016 1513 8672 521 3478 24443 4 9006 -1 -1 0 0 0 0 6 6 6 6 6 6 4 2 3 2 0 0
"ac49bb7a6741e285" 26 87 735 9112 24444 6892 2358 13 421 1580 1016 4403 13 553 150 6590 13 113 24445 5399 13 547 3727 38 24446 12583 4 9007 -1 -1 0 0 0 0 0 0 0 0 0 0 0 0 0 0 0 0
"2e2a2d84ccfe0c86" 31 556 191 14647 14648 14649 7120 13 10704 1737 24447 22359 13 553 1510 150 193 688 430 24448 13 24449 6378 13 772 6576 6930 566 6892 2475 6034 4 9008 -1 -1 0 0 0 0 0 0 0 0 0 0 0 0 0 0 0 0
"1e0c84eb47685ced" 27 87 967 191 66 18287 13 1576 102 0 2 10686 1571 13 553 20 24450 24451 24452 783 13 357 15190 1109 3302 655 10305 4 9009 -1 -1 0 0 0 0 0 0 0 0 0 0 0 0 0 0 0 0
"17a255c07c14cf19" 23 150 437 14200 9630 24453 13 553 1096 7304 34 796 171 24454 13 553 3003 150 2131 7808 7957 24455 10428 4 9010 -1 -1 0 0 0 0 5 6 5 4 5 3 4 0 2 1 0 0
"8f421f8ee1ef2aab" 29 14421 12675 2564 24456 12115 13 553 534 1807 13 20 6576 6930 538 6931 13 553 956 14110 323 13 1071 3358 171 10112 24457 7285 24458 4 9011 -1 -1 0 0 0 0 8 8 8 6 7 6 3 4 2 2 0 0
"da8c94a5c8b0d077" 19 102 2505 2273 2274 2275 13 553 357 2369 1232 12727 12728 2720 24459 2 12729 13 14122 4 9012 -1 -1 0 0 0 0 5 6 7 5 6 4 2 3 3 3 0 0
"d98462e0260b27d3" 28 41 113 3299 616 6864 24460 13 553 720 3845 1712 7800 1319 24461 13 553 357 134 6371 11067 21003 170 1879 2 2353 394 2696 4 9013 -1 -1 0 0 0 0 7 8 7 7 6 4 2 3 5 5 0 0
"c3639c0be7d237a1" 29 1109 15424 24462 2696 13 553 4752 7290 93 7290 171 10422 13 553 20 87 1187 1341 3314 13 1602 24463 1007 24464 3302 24465 2 24466 4 9014 -1 -1 0 0 0 0 7 9 8 6 7 6 3 4 5 3 0 0
"ba6c6613c8314fb5" 29 1109 6378 1201 95 603 3009 13 553 38 2513 331 24467 24468 13 553 13049 3302 1002 13 14 2 19820 13 993 150 304 24469 24470 4 9015 -1 -1 0 0 0 0 5 7 6 5 5 5 4 3 5 6 0 0
"faeda790af363806" 29 171 603 8709 547 61 134 13 553 2727 1485 95 860 24471 8676 134 13 553 1549 125 95 855 61 20108 13 4723 4724 737 18 4 9016 -1 -1 0 0 0 0 7 6 6 6 5 4 3 3 5 6 0 0
"c2a6a18b843e522c" 31 15438 24472 24473 15439 13 553 2 3406 6633 24474 24475 24476 22957 24477 2247 13 553 1052 14908 2696 116 739 3220 82 13 1774 5530 953 2512 11716 4 9017 -1 -1 0 0 0 0 6 7 7 5 6 4 3 2 3 4 0 0
"63f1b2d4f51bc315" 29 117 25 113 737 4799 12676 13 553 1675 3302 24478 294 2150 2151 14257 13 553 7590 150 36 1095 8026 3302 9463 24479 24480 24481 22456 4 9018 -1 -1 0 0 0 0 8 7 6 6 7 5 4 3 6 5 0 0
"8d58d6bdfb3891e0" 36 347 1639 847 362 636 14848 13 553 482 188 1651 61 13 66 402 41 15294 24482 13 553 24483 14648 14649 24484 1052 13 7123 1990 722 24485 53 2042 5478 13 15553 4 9019 -1 -1 0 0 0 0 8 7 6 5 6 6 3 2 4 5 0 0
"3986d7cd08404fb7" 33 537 1820 1821 13 87 61 171 603 24486 18 13 553 4059 24487 24488 61 24489 15420 3581 13 553 5782 61 87 5682 13 38 6946 191 5525 8459 7031 4 9020 -1 -1 0 0 0 0 7 6 7 6 6 6 5 4 4 6 0 0
"19de24db3a4548e6" 34 66 347 441 25 6576 6930 538 6931 13 553 1096 61 24490 1693 697 2 395 999 24491 13 553 6836 3081 737 892 24492 13 537 394 8285 2683 24493 125 4 9021 -1 -1 0 0 0 0 7 8 7 6 6 6 4 4 4 5 0 0
"63463d2020ca9df9" 34 7329 892 102 9401 388 24494 13 553 14122 24495 2475 9960 737 5478 24496 13 553 357 87 113 66 2913 18792 33 93 24497 24498 284 1578 566 8721 24499 15553 4 9022 -1 -1 0 0 0 0 6 7 6 5 6 5 3 2 4 4 0 0
"b42b33dcb1321cc8" 28 24500 87 24501 5127 11010 2767 13 553 8412 61 2805 24502 20 5794 13 553 1052 102 61 23711 13 150 9499 330 1191 9928 12371 4 9023 -1 -1 0 0 0 0 6 7 6 6 6 5 4 3 4 5 0 0
"b35b6a4ee86e0834" 29 24503 17049 4560 13 10670 24504 24505 13 553 0 3248 1301 13 1602 2689 520 24446 13 553 357 1622 10255 388 2720 24506 24507 10258 10257 4 9024 -1 -1 0 0 0 0 8 7 8 6 7 6 3 3 4 4 0 0
"0ff166ab7327582a" 32 191 23 1125 192 13 24508 11782 13 553 4403 590 15995 12798 13 10708 24509 24510 553 357 102 920 2273 2274 2275 13 553 24511 3358 2 24512 7502 4 9025 -1 -1 0 0 0 0 7 6 6 8 7 6 5 7 5 6 0 0
"573fcace93a80e70" 23 41 1342 2777 5764 13 553 11551 440 34 3003 553 2 1182 5580 1731 1633 553 2891 18420 2859 38 2441 4 9026 -1 -1 0 0 0 0 7 6 6 8 7 5 5 6 4 7 0 0
"bb0a7e3a5e8294e8" 28 1110 2696 8229 13910 13 553 2652 1182 3277 24513 798 2777 553 2 6597 1352 10787 10788 13 553 357 2696 24514 7882 524 1522 6980 4 9027 -1 -1 0 0 0 0 6 7 6 7 7 5 4 5 6 6 0 0
"aab0f4afcb3f9bfe" 33 15755 5140 4639 15756 24515 13 553 1764 8307 2 9929 1411 24516 4 553 193 1511 3546 3547 13 1721 66 1934 553 191 20929 11665 3753 13 34 607 827 4 9028 -1 -1 0 0 0 0 8 7 8 6 7 8 6 3 4 6 0 0
"c07b2ed6e490d314" 34 4872 777 4873 979 191 3081 24517 16006 553 357 346 87 193 1231 7280 24518 10225 553 24519 24520 13 38 3203 20 24521 17809 553 2 417 8849 777 1331 14282 4 9029 -1 -1 0 0 0 0 5 6 5 7 7 5 5 6 6 6 0 0
"747bd9849e9715d4" 21 87 1869 331 457 24522 3938 13 553 1069 2202 2203 13 2 548 1007 24523 24524 2684 68 124 16496 9030 -1 -1 0 0 0 0 6 9 5 5 7 3 5 7 3 3 0 0
"a308477d321a1031" 34 5718 5449 5450 4676 553 34 1990 18279 13 357 35 14965 330 14966 553 188 2737 7123 18890 13 28 35 1641 2891 553 2 134 24525 504 34 6828 24526 24527 4 9031 -1 -1 0 0 0 0 6 6 7 6 7 4 6 7 6 4 0 0
"9e0e85b060527b5a" 32 26 4753 4754 24528 24529 24530 3873 13 553 357 297 24531 3963 13 7168 66 7054 93 24532 53 13 553 357 24533 24534 24535 13 704 737 367 24536 4 9032 -1 -1 0 0 0 0 7 5 5 7 9 4 6 4 7 5 0 0
"59595949aa996668" 36 2 116 12718 24537 8380 150 9481 8026 13 553 1362 34 566 93 313 20 20145 353 3253 553 150 36 710 19381 20 24538 1109 24539 13 553 150 24540 7502 20 23807 4 9033 -1 -1 0 0 0 0 7 7 6 6 8 5 6 6 6 6 0 0
"44e31c924fbbecf8" 26 419 23 1641 9234 16270 13 553 21980 347 463 24541 24542 553 113 24543 14235 1182 1693 13 553 24544 6521 2 1028 22487 4 9034 -1 -1 0 0 0 0 6 5 5 7 7 7 4 8 6 7 0 0
"0da749b34cb1a588" 37 41 24545 2356 2 23 5868 5869 13 553 11584 92 16051 2 24546 6485 553 150 17572 13 150 20230 13 3302 11011 10022 553 191 1342 268 23826 297 1109 24547 24548 87 24549 16483 9035 -1 -1 0 0 0 0 7 6 6 7 7 5 6 5 5 8 0 0
"4c638b0b10639fb6" 36 11916 2101 16452 1331 515 12082 13 553 3714 508 2 1800 93 17126 18329 553 150 3753 548 7527 13 92 845 13 553 2 14319 93 394 13 24550 24551 7329 24552 394 4 9036 -1 -1 0 0 0 0 6 6 7 5 7 6 5 5 6 7 0 0
"c3fdce05341277af" 14 41 1052 1298 9709 9710 13 553 84 12112 435 2 24553 2696 11203 9037 -1 -1 0 0 0 0 6 8 6 6 7 4 5 6 5 5 0 0
"d6cc92c21e62a726" 23 1201 4153 704 353 1720 357 297 606 1047 925 13 553 20 87 1323 53 7092 93 2 14405 5580 729 4 9038 -1 -1 0 0 0 0 5 5 6 8 7 3 4 5 5 6 0 0
"c6b53872eb4bfc32" 36 5474 6514 817 24554 171 1696 11026 13 553 7182 1669 6429 24555 482 102 150 36 3368 8692 13 553 2 66 703 9709 1029 9710 13 357 1052 150 286 330 1338 5881 4 9039 -1 -1 0 0 0 0 5 6 6 7 7 4 4 6 6 7 0 0
"aefc2de5b65e6940" 37 4872 777 24556 357 66 117 4874 4875 13 553 24557 2772 357 171 10420 24558 373 484 113 24559 13 553 357 9928 9929 150 388 504 8506 13 8380 61 20553 2 2891 24560 4 9040 -1 -1 0 0 0 0 4 7 5 7 5 3 4 4 2 7 0 0
"dae1d41974291417" 30 17087 12783 326 373 12784 13 553 4866 61 14817 14818 2 1651 3536 13 553 6473 1725 13 357 8380 1187 520 61 6786 2 520 150 36 4 9041 -1 -1 0 0 0 0 8 5 4 5 5 3 4 2 6 5 0 0
"15917d09a0f9d484" 42 1043 723 1319 7980 981 24561 13 553 7182 4715 24562 24555 13 2 66 347 286 417 5203 13 553 357 95 967 13 66 347 9481 417 3303 13 95 61 2735 87 274 94 66 529 116 24563 4 9042 -1 -1 0 0 0 0 6 5 5 8 7 4 3 3 7 8 0 0
"e628391361d0e0af" 24 2 504 13408 13 191 353 7456 13 553 134 171 8382 61 3485 102 188 9394 13 297 748 191 23 14551 4 9043 -1 -1 0 0 0 0 7 8 7 9 9 6 4 3 8 8 0 0
"e73042d2ebd63d67" 18 24564 61 87 24565 13 553 2 548 36 917 918 13 191 34 26 171 1828 4 9044 -1 -1 0 0 0 0 7 7 6 8 8 4 5 5 5 5 0 0
"f3b6f8de4dad8523" 34 34 24566 171 9494 13 87 61 9142 13 553 16579 61 134 2470 297 13 87 61 1016 1513 23464 13 553 2 66 703 188 394 7068 170 13 25 12676 4 9045 -1 -1 0 0 0 0 8 6 5 7 7 6 4 4 9 6 0 0
"bb5102096485dd5b" 35 66 23 326 7215 435 171 5719 13 553 357 34 26 171 11950 2 14643 13 297 24567 347 36 330 151 13 553 1109 1110 5881 125 13 24514 191 151 1842 4 9046 -1 -1 0 0 0 0 7 8 5 8 7 4 3 3 8 8 0 0
"0da029c84247f8d4" 34 41 392 11492 171 394 13 66 2374 35 171 8225 150 24568 13 553 357 4715 5766 13 87 150 36 171 5767 13 357 2773 1043 2 1784 721 93 20895 4 9047 -1 -1 0 0 0 0 6 8 7 7 6 4 5 3 6 4 0 0
"e381afc000efcdc5" 18 20 13534 24569 7120 13 553 66 5174 772 1919 23 13 2 1319 23 1588 1995 4 9048 -1 -1 0 0 0 0 9 5 6 8 7 4 3 3 8 6 0 0
"6dfc43af71991b81" 40 87 150 193 24570 13 373 61 3302 24571 24572 13 553 357 16665 24573 2 188 10811 13 373 704 357 13067 13 553 20 171 4007 4008 4008 13 66 5303 35 66 529 20598 12260 17471 4 9049 -1 -1 0 0 0 0 6 7 7 9 9 4 4 4 5 8 0 0
"b227a571b62973e4" 29 1013 34 3298 421 1913 13 34 35 286 1187 25 373 61 17581 13 553 34 26 24574 373 113 13 373 61 3369 722 24575 8032 4 9050 -1 -1 0 0 0 0 4 7 6 6 6 5 5 2 4 7 0 0
"3b45dc41c4dea9fb" 36 1249 11 2 5579 24576 2859 21316 13 553 171 9617 61 9618 9619 357 150 171 7977 24491 13 553 14178 14179 14180 24577 13 720 313 24578 2475 2 6726 25 3327 61 4 9051 -1 -1 0 0 0 0 5 5 5 6 6 4 3 3 7 5 0 0
"12d9d88fda18f240" 27 2 25 66 3327 1628 13 34 35 286 14564 13 553 1109 3436 20 13534 24569 13 2 3327 66 5174 772 160 66 23 4 9052 -1 -1 0 0 0 0 9 4 6 8 7 3 3 3 8 6 0 0
"c3805a0705915676" 17 1793 2000 3248 1709 24579 13 553 357 150 13 8380 24580 608 191 10028 3104 4 9053 -1 -1 0 0 0 0 5 7 6 5 6 3 3 3 5 4 0 0
"c6765f70ff226994" 17 1775 24581 787 24582 13 553 15474 24583 13 357 9405 87 13 66 10808 10809 4 9054 -1 -1 0 0 0 0 5 5 4 5 4 6 5 5 4 5 0 0
"e1d20249f1416915" 15 1071 1342 517 386 412 24584 13 553 23 2652 10755 11067 9086 24585 4 9055 -1 -1 0 0 0 0 7 8 9 4 8 7 2 3 5 4 0 0
"7decb5030a0481a8" 18 718 13 2963 1109 1215 13 87 1487 1112 13 553 24586 2 1351 8041 8042 8043 4 9056 -1 -1 0 0 0 0 8 9 8 6 6 8 3 3 4 3 0 0
"673a87b185178a61" 36 796 61 1192 12205 13 8341 11 1712 24587 2441 13 553 481 482 483 305 484 2 6239 1109 16508 13 553 134 7671 93 7672 7673 13 1071 87 361 24588 17940 13142 4 9057 -1 -1 0 0 0 0 7 9 9 7 8 6 4 3 6 5 0 0
"58bee1944ae1db4e" 32 1109 1110 3477 13 95 967 744 2284 13 553 24589 35 5614 1099 6254 6255 6256 13 150 151 5354 601 113 9999 17594 38 5381 20 361 396 2014 4 9058 -1 -1 0 0 0 0 9 8 9 7 7 9 5 3 5 4 0 0
"88b5d5620d28f691" 20 66 1857 434 1709 1122 24457 981 24590 13 553 1762 1534 698 669 13 2 5251 93 1187 4 9059 -1 -1 0 0 0 0 8 8 6 9 7 8 2 5 5 7 0 0
"70cdb5bf8be35149" 35 24591 24592 24593 22454 13 425 24594 13 61 24595 13 553 357 361 2697 720 24596 5229 24597 13 553 23 125 326 13 474 113 13 1488 23 326 1032 7215 7216 4 9060 -1 -1 0 0 0 0 6 7 7 7 8 6 3 8 5 9 0 0
"da7fed073b466d6b" 19 171 1190 150 3591 286 15352 13 553 6223 1130 2734 373 1379 35 5614 6254 3277 6256 4 9061 -1 -1 0 0 0 0 7 6 7 5 7 6 2 3 3 4 0 0
"6521d92d26fa3331" 31 66 24598 8586 535 13 24599 24600 9534 24601 24602 13 553 2 3070 6254 8425 24603 24604 13 150 2928 297 22741 2 359 1947 4176 9462 66 9463 4 9062 -1 -1 0 0 0 0 8 7 8 6 7 8 3 4 6 5 0 0
"62b1c41ba71ffc39" 45 95 24605 4691 2 9718 2015 20 532 4941 24606 13 553 576 13 357 24607 11061 11062 13 1303 1693 24608 13 11515 515 24609 13 93 13 24610 13 855 8949 13 2785 21918 1381 174 3621 24611 494 17 21608 22200 4 9063 -1 -1 0 0 0 0 9 9 9 6 8 8 3 3 7 4 0 0
"a9a8c9f801467391" 43 85 24612 17634 24613 24614 13 1775 19885 482 373 1047 13 553 2 3208 191 4684 504 3706 1549 931 13 553 357 87 61 297 6546 20 22195 504 24615 357 113 7816 53 95 13 347 863 2007 596 4 9064 -1 -1 0 0 0 0 8 8 7 7 7 8 4 4 5 6 0 0
"c14be8870e5c6ead" 38 347 66 6362 13 357 1622 24616 24617 4110 13 553 6121 171 10838 24618 188 2671 13 2652 24619 12545 394 13 1071 331 150 545 4391 13 553 452 4748 18180 24620 4393 24621 7198 4 9065 -1 -1 0 0 0 0 7 6 7 7 8 6 3 7 4 8 0 0
"f6edc80db594bfaf" 47 66 3070 297 35 1762 150 1817 305 24622 13 553 2 24623 736 13 34 24624 24625 2 4816 13 55 24626 13 553 2 14421 515 1201 1450 520 1029 61 956 10849 13 553 2 799 388 628 13 357 1488 2506 24627 4 9066 -1 -1 0 0 0 0 9 8 8 8 7 8 2 4 6 5 0 0
"013265484907472e" 39 66 10309 7180 20 24628 1403 489 13 553 357 596 24629 24630 20 1029 61 297 24631 13 2 5231 3938 5286 2 11372 24632 749 13 423 553 1250 1454 13 24633 1122 1424 1425 1426 4 9067 -1 -1 0 0 0 0 7 6 7 5 8 7 3 3 3 4 0 0
"7ce18730109cf9dc" 25 347 2587 7232 24634 13 499 39 12624 7949 13 553 13826 1420 25 373 1420 13 2 66 347 600 4107 171 3997 4 9068 -1 -1 0 0 0 0 6 4 5 6 7 6 1 2 3 5 0 0
"40e9757e78b19bae" 31 87 19901 22736 1047 6604 13 357 5262 24635 2 24636 553 24637 61 2093 6727 18603 13 35 24638 553 24639 1319 13 357 347 4312 39 8025 11040 4 9069 -1 -1 0 0 0 0 6 5 6 6 7 6 2 3 3 4 0 0
"ec2ccb0847f026ef" 24 4497 776 125 13 357 2042 1463 150 286 3248 6132 13 553 931 4304 6475 504 13 357 24640 23 24641 24642 4 9070 -1 -1 0 0 0 0 7 7 6 8 6 7 5 1 4 2 0 0
"64cedb8784ead64e" 24 150 304 10211 24643 191 2126 774 15304 15947 13 553 774 609 150 286 566 1677 13 349 12083 1509 566 355 4 9071 -1 -1 0 0 0 0 8 8 8 9 7 6 4 3 2 1 0 0
"e10e85a192b7874c" 23 24644 61 359 24645 13 1488 6020 3277 3930 150 24646 13 553 357 1510 150 17789 1013 14098 61 1342 95 4 9072 -1 -1 0 0 0 0 6 6 7 7 6 6 5 3 3 5 0 0
"721c6539daf201a6" 31 9049 446 22728 917 13 414 188 18906 191 24647 2852 950 13 553 1746 24648 950 13 1122 24649 24650 304 13 553 9049 5288 21903 6027 950 23447 4 9073 -1 -1 0 0 0 0 7 9 8 7 6 7 6 4 5 3 0 0
"25a08b914af23c3a" 30 24651 347 7130 13 28 1628 449 1188 13 553 313 150 446 13 41 17559 24652 1196 24653 24654 24655 24656 410 13 1091 10128 24657 24658 286 4 9074 -1 -1 0 0 0 0 6 7 7 7 6 6 7 5 5 6 0 0
"072457bb2ba474e8" 21 313 795 24659 13 41 2056 61 12375 13 553 357 24659 150 7592 41 7788 25 10602 457 24660 4 9075 -1 -1 0 0 0 0 6 6 6 6 5 4 5 7 6 7 0 0
"6bc0a8440dad0b1d" 45 1114 355 4924 1771 24661 24662 146 55 125 13 553 41 5075 5074 13 11584 24663 10708 410 6342 1205 15434 1862 11958 4538 2852 24664 24665 191 2238 13 2349 87 704 351 1488 11465 55 24666 23 5805 2049 24667 358 4 9076 -1 -1 0 0 0 0 6 7 7 6 7 4 6 6 6 6 0 0
"8b1e29e1eda153a5" 32 2321 61 53 24668 10167 24669 13 553 774 24670 24671 19179 1108 13 24672 704 6727 24673 2 7316 13 553 7125 24674 24675 6727 174 24649 24676 24677 24678 4 9077 -1 -1 0 0 0 0 7 8 8 5 6 5 4 3 6 7 0 0
"1f8dd9d1bfc58322" 34 24679 55 24680 24681 13 553 7470 822 19185 35 1622 24682 347 1045 24683 24684 13 553 24685 150 286 1511 1558 171 4228 28 15 16 17 24686 2321 61 24687 4 9078 -1 -1 0 0 0 0 7 7 8 6 6 6 4 6 5 6 0 0
"8644c64b811ce884" 20 6565 150 36 24688 24689 24690 24691 24692 13 553 14704 24693 687 4867 24694 2 1785 21745 24695 4 9079 -1 -1 0 0 0 0 7 7 6 6 6 6 5 6 5 7 0 0
"ee6cca0dd6e24dd9" 38 1093 18728 8331 24696 1922 13 10604 2734 24697 24698 13 553 789 150 3998 637 24699 188 24700 1157 1188 359 1774 1732 24701 24702 4 17986 24703 13 103 660 349 11616 982 61 446 4 9080 -1 -1 0 0 0 0 8 8 7 6 7 9 5 3 4 6 0 0
"a32e59df5c51740f" 30 24704 7125 1425 1426 1424 13 553 24705 386 20 361 13900 3788 24706 3951 9988 13 553 357 150 76 24707 87 24708 3998 12310 24709 1568 1896 4 9081 -1 -1 0 0 0 0 7 7 8 6 6 4 7 7 5 7 0 0
"6a3d96849147a0ae" 19 24710 24711 13 321 847 337 481 24712 13 553 14421 93 21690 2006 23 1201 24713 6701 4 9082 -1 -1 0 0 0 0 6 6 6 6 5 4 5 7 6 5 0 0
"5a432e9a82d463a9" 21 347 286 1993 669 13 2 1922 736 24714 13 553 357 22720 2358 23 9316 13 10912 1517 24715 4 9083 -1 -1 0 0 0 0 8 7 6 6 6 7 5 6 6 7 0 0
"8beee0afb8f33f7b" 20 66 3848 417 2318 13 35 590 776 1725 7396 13 553 1842 621 417 24716 2 24717 18670 4 9084 -1 -1 0 0 0 0 7 7 7 8 6 5 4 6 5 6 0 0
"f3704f088d3b7234" 32 347 5520 24718 796 13 15743 24719 13 553 347 36 151 2663 24720 499 24721 417 1553 17411 13 553 2 24722 4497 23 10285 13 1842 24723 24724 24725 4 9085 -1 -1 0 0 0 0 8 6 6 4 5 4 6 7 4 8 0 0
"aa83bfec865a25cc" 23 6012 361 24726 13 357 1342 61 6054 24727 13 553 330 66 347 36 24728 13 1408 6019 297 24729 24730 4 9086 -1 -1 0 0 0 0 7 9 7 9 9 7 6 5 7 6 0 0
"ad242512fa123731" 23 150 36 396 2247 992 24731 24732 13 553 191 11754 113 116 835 845 13 1131 1841 742 2049 61 24733 4 9087 -1 -1 0 0 0 0 6 4 5 6 6 5 3 5 5 4 0 0
"41c37c1288cd702f" 26 796 3358 15337 24734 13 15 16 17 1747 19 24735 13 553 150 24736 566 8953 13 566 275 1109 12430 18 323 24737 4 9088 -1 -1 0 0 0 0 10 10 10 9 10 9 7 6 8 9 0 0
"3434bfe8a083b281" 36 66 1778 116 11412 13 171 2720 2309 24738 13 553 28 174 616 1920 61 698 24739 13 1122 23652 4120 24740 13 553 66 1934 6892 8949 13 347 24741 113 24742 24743 4 9089 -1 -1 0 0 0 0 7 7 6 7 6 5 8 7 7 7 0 0
"e179101dbf12c4ec" 41 38 5381 20 24744 11377 13 171 10838 150 362 13 553 548 36 17772 188 10839 13 35 388 116 6012 13 553 357 2446 15913 15914 34 5572 24745 24746 13 1071 24747 3233 515 24748 1428 24749 4 9090 -1 -1 0 0 0 0 6 7 6 7 6 4 7 7 6 6 0 0
"ca8b4b0eee34f146" 35 3788 24750 24751 13 38 874 174 11903 417 14288 2321 4143 13 553 799 19497 13 548 1765 24752 1786 24753 18668 4899 13 553 2791 24754 1698 13 116 24755 373 24756 4 9091 -1 -1 0 0 0 0 6 4 5 7 5 4 4 6 4 6 0 0
"18794fbd0cc03d0b" 20 150 95 36 1780 20477 24757 24758 13 553 113 87 61 126 24759 13 2929 24760 1016 24761 4 9092 -1 -1 0 0 0 0 8 8 8 6 6 7 5 4 6 4 0 0
"103a2bd4e6567d1f" 34 95 4549 61 24762 24763 24764 13 499 24765 138 24766 13 553 24767 23 3321 13 499 355 4310 6052 24768 24769 13 553 346 504 330 24770 24771 796 24772 24773 4 9093 -1 -1 0 0 0 0 9 10 8 8 7 7 6 6 6 5 0 0
"152c901be31b9d20" 31 150 36 4732 20 1746 17984 24774 1188 171 13059 13 553 24775 24776 150 24777 13 2 1746 24778 24779 1196 24780 2 24781 13 1432 7040 6907 776 4 9094 -1 -1 0 0 0 0 8 8 8 7 7 7 5 5 7 6 0 0
"21f0978886e73846" 32 150 36 2536 504 24782 13 347 36 362 24783 24784 24785 13 553 347 36 151 24786 7232 14861 13 113 10127 8817 1091 24787 1765 5340 24788 24789 24790 4 9095 -1 -1 0 0 0 0 9 9 9 6 8 6 6 5 6 5 0 0
"1e1154b0d2993f77" 34 9049 5288 493 608 596 20 61 1043 9047 1016 467 13 553 22869 23 4882 20 347 441 25 66 13 553 297 576 2 4595 22224 24791 4370 116 7069 457 4 9096 -1 -1 0 0 0 0 9 8 8 7 6 5 6 6 6 5 0 0
"f540a41abcda7633" 25 617 4378 504 1450 13 520 3727 10162 15159 61 515 13 553 2 4410 13 772 14161 87 14162 1016 1829 61 13 18135 9097 -1 -1 0 0 0 0 8 7 7 7 6 5 5 5 5 5 0 0
"94c5155266fc8f5e" 29 347 1622 1667 25 1052 190 13 553 47 452 11039 357 803 11040 13 2652 347 504 24792 13 347 1550 193 13 87 24793 1022 24794 4 9098 -1 -1 0 0 0 0 9 8 8 5 7 6 5 5 6 5 0 0
"0eea787a3e46b68f" 15 452 4748 24795 7198 13 553 87 1250 1454 24796 24797 2735 188 24798 4 9099 -1 -1 0 0 0 0 8 6 6 6 7 5 5 6 6 6 0 0
"8c7554f2b1a46a39" 27 15180 1114 1771 13 55 24799 4638 10774 24516 13 553 66 347 286 1511 24800 4862 24801 13 3302 24802 8945 20320 24803 388 24804 4 9100 -1 -1 0 0 0 0 3 5 3 5 7 3 2 4 3 7 0 0
"cdfe2eac68c1caf5" 16 103 24805 20 24806 13 553 2 4497 3387 24745 24807 1374 150 713 24808 4 9101 -1 -1 0 0 0 0 6 3 7 6 7 6 6 3 4 3 0 0
"540feecb90f33482" 22 13826 150 2739 13 113 1842 698 3691 13 553 191 9718 2015 698 5255 11916 24809 23728 20670 24810 4806 4 9102 -1 -1 0 0 0 0 7 3 8 7 6 2 8 3 2 4 0 0
"52aa73e5ac37b878" 27 35 347 847 362 1842 20 8896 24811 13 553 6140 9316 170 10912 297 357 17852 150 7977 13 41 35 1043 1259 24812 3873 4 9103 -1 -1 0 0 0 0 5 6 3 6 8 4 3 4 3 6 0 0
"beaee5322e85ee8c" 17 150 6807 6808 171 24813 13 553 171 4182 2816 13 3082 6499 87 347 4093 4 9104 -1 -1 0 0 0 0 8 3 3 4 5 2 2 2 3 5 0 0
"213bf4819b72d5c3" 32 1013 14161 61 87 14162 24814 13 2 1922 24815 4107 13 553 3120 634 13 1667 24816 24817 117 13 150 2062 1606 1775 24818 901 17 2 24204 1606 4 9105 -1 -1 0 0 0 0 6 6 5 7 4 4 3 6 3 5 0 0
"148c1711e5d9660d" 25 2 1746 61 1432 24819 24820 2 17472 13 553 357 13338 1648 13339 1648 17119 13 150 521 1568 22225 24821 2439 993 4 9106 -1 -1 0 0 0 0 4 5 4 7 3 6 3 5 3 5 0 0
"a5a3edfa24c17b7f" 13 1131 24822 607 24823 13 553 63 1131 89 170 2 3208 4 9107 -1 -1 0 0 0 0 6 4 2 5 3 4 2 4 4 6 0 0
"e3652e94911cee62" 18 2 2349 13 41 5074 5075 5076 5077 13 553 452 1693 627 2014 6717 20 6659 4 9108 -1 -1 0 0 0 0 6 7 7 6 5 5 4 2 3 4 0 0
"5a533f7f3070ade5" 20 373 421 34 26 1066 1067 13 553 357 6121 7003 3835 24824 87 1199 24825 13 24826 20150 16483 9109 -1 -1 0 0 0 0 5 9 4 7 6 3 3 3 9 5 0 0
"7e5cb87cc643a8d1" 21 796 3836 3837 357 2303 3195 13 719 24827 2 24828 13 553 1134 6105 1022 4580 2 24829 24830 4 9110 -1 -1 0 0 0 0 8 5 6 6 7 3 5 4 3 5 0 0
"015810e5c45ab449" 35 1522 24831 12639 362 13 3921 24832 24833 13 1029 24832 3727 9749 24834 115 24835 13 553 357 95 61 53 412 890 85 24836 24837 24838 3302 9920 24839 17473 24840 24841 4 9111 -1 -1 0 0 0 0 4 7 6 8 4 5 3 9 3 8 0 0
"1315fbe0cfbf61bd" 40 28 1634 1580 1109 1110 14359 13 821 1105 13 55 7874 4361 61 2316 171 24842 13 553 2425 7713 5537 20 1106 2 1109 1775 2155 10169 7785 500 24843 150 286 1606 1077 1374 1842 24844 4 9112 -1 -1 0 0 0 0 3 8 4 5 2 7 5 3 5 4 0 0
"837847277af92e27" 15 4304 171 1828 5260 13 553 373 21585 2 24845 191 24846 13080 7949 4 9113 -1 -1 0 0 0 0 7 6 7 5 4 4 3 4 6 5 0 0
"94f28732b52a55f5" 19 357 713 14103 24847 5171 2336 14104 13 553 4758 1187 13 87 6278 1016 11621 24029 1263 4 9114 -1 -1 0 0 0 0 7 4 3 5 7 5 3 3 4 8 0 0
"5d22947773d64faa" 20 6266 578 191 395 24848 3248 13 553 2 423 4505 61 134 16099 13 2 66 6198 11637 4 9115 -1 -1 0 0 0 0 4 3 3 6 6 3 2 1 2 2 0 0
"05ff77e76872fecf" 14 24849 4463 11970 24850 13 553 18841 24851 13 357 3909 1628 24852 4 9116 -1 -1 0 0 0 0 4 4 7 6 5 3 2 2 2 3 0 0
"86d69ff6bf0fddf1" 32 150 87 803 1297 13 150 2852 796 13 553 20 24853 28 24854 22166 24855 24856 13 553 20 392 113 4964 1624 394 1533 13 2 24857 3751 21372 4 9117 -1 -1 0 0 0 0 3 4 4 6 4 2 3 1 3 2 0 0
"736275dbeced23c7" 26 852 61 2697 23422 13 2 1604 93 1165 24858 13 553 184 720 87 2585 1109 24859 35 1485 18 20 921 24407 113 4 9118 -1 -1 0 0 0 0 5 5 6 7 7 3 5 4 4 4 0 0
"6bb30fa2a0776952" 23 11896 187 24860 13 357 66 23 308 24861 13 553 25 4715 134 3271 13 20 4214 24862 150 24863 970 4 9119 -1 -1 0 0 0 0 3 3 4 5 4 2 3 2 2 1 0 0
"62434913c072bdaa" 23 24864 24865 2 24866 13 553 47 24867 24868 47 24869 24870 4180 13 23555 47 11370 607 24871 11 10893 24872 4 9120 -1 -1 0 0 0 0 6 7 7 8 6 3 2 2 3 2 0 0
"2baf9002ac4f7d51" 20 4527 22877 452 4528 13 553 3736 1370 330 713 24873 13 386 87 61 53 9308 435 1262 4 9121 -1 -1 0 0 0 0 5 5 3 4 5 3 3 3 3 1 0 0
"0df536927107d947" 27 87 61 1066 1067 13 357 150 39 12624 20 3786 13 553 331 8522 720 1096 18 13 357 412 890 1604 601 191 15797 4 9122 -1 -1 0 0 0 0 6 5 4 6 5 3 3 3 4 2 0 0
"a134b1ebbe97f1ec" 29 796 3836 3837 2 66 596 113 788 698 7142 13 553 6266 321 1356 7093 13 357 720 3244 367 596 1319 35 579 24874 373 24875 4 9123 -1 -1 0 0 0 0 4 3 6 4 5 6 3 3 2 3 0 0
"c72237f039c7918b" 25 28 1634 2 6062 19423 24876 24877 13 553 184 720 87 2585 2586 113 13 2 3180 637 41 113 24878 452 24879 4 9124 -1 -1 0 0 0 0 4 4 4 6 6 3 3 4 4 4 0 0
"00403e24cb938474" 24 2 24880 297 722 3755 13 553 20 95 855 113 39 927 170 9396 2 2284 11408 13 20 392 920 351 4 9125 -1 -1 0 0 0 0 5 7 6 8 8 4 3 4 5 4 0 0
"f99a49328be5c802" 19 3736 1370 5906 297 13712 24881 13 553 47 7861 484 15230 24882 24883 4806 41 24884 24885 4 9126 -1 -1 0 0 0 0 4 5 6 6 5 3 2 2 3 2 0 0
"8cd652aa5d0ffad6" 36 23571 1403 308 16099 13 553 25 4715 134 3271 13 330 5260 113 6067 4 553 308 87 410 2284 24886 24887 2316 13 553 357 347 863 417 13 95 24888 24889 24890 4 9127 -1 -1 0 0 0 0 4 4 3 6 5 2 3 1 2 2 0 0
"a8add8bac3f9d2e3" 17 2890 61 20461 2 11896 187 13 553 28 24891 24892 13 1016 24893 150 24894 4 9128 -1 -1 0 0 0 0 4 3 5 6 5 3 3 2 2 2 0 0
"e27ec53f88d9f2c4" 17 28 95 1342 61 19263 24895 13 553 3736 1370 330 713 1207 110 566 3738 4 9129 -1 -1 0 0 0 0 5 4 4 6 5 3 3 3 3 2 0 0
"2a43931be84368f2" 17 588 150 2214 349 174 7804 13 553 28 24896 772 13 2585 2586 116 21463 4 9130 -1 -1 0 0 0 0 7 6 6 5 6 6 2 8 4 9 0 0
"5221aafd9b4bee13" 21 1029 102 3836 3837 2 34 24897 24898 13 553 146 171 20764 150 6083 2 796 35 134 1033 4 9131 -1 -1 0 0 0 0 8 7 7 6 6 8 5 3 4 5 0 0
"4a44c045234e91cf" 19 4304 13 24899 357 13 24900 1750 13 553 2425 24901 13 2 1331 367 24902 19034 159 4 9132 -1 -1 0 0 0 0 6 6 6 5 5 7 8 4 6 4 0 0
"6bd78eddc49015b2" 21 4243 6285 1892 410 305 9136 13 553 28 373 421 35 20 855 13 297 34 26 566 24903 4 9133 -1 -1 0 0 0 0 7 6 6 6 6 7 3 7 5 8 0 0