"d0a0bcf4f62412d8" 5744 10480
"2f074d9a0f115d9b" 4697 11511 413
"359904f4cadf55e7" 10239 6707
"537390be093b8140" 11426 3198 7572
"740049816fb9efd9" 11660 5054
"6ae3995460b247d8" 2427 5434
"1a6e7b87393b0286" 6881 1415
"daa422175792cedf" 9335 11125
"3fbf92362b451de1" 7577 6529
"428167f10f67c85c" 1611 7690 4182
"81cbb08c91fa505b" 5044 1415
"c023f9d1d97bc69c" 4763 2560
"a9e31d176ea1a165" 11511 1977 413
"27911d96ac86ab74" 1982 6111
"6079a075644e0ace" 11769 1972
"e68cd940cf5f181a" 1415 1414 5048
"a466b1ebb4b847a3" 6707 1414
"ec4d1366dc07d5be" 6529 7572
"9bf68a1f30ee82ea" 10480 9571 1209
"bd7348f0235adec3" 349 11125
"7b08a2b1fafe407b" 1980 5054
"07fa2f6e6e55519e" 6184 6651
"69868d001568dd96" 1715 3436 934
"f8131547dea098d4" 11275 723
"15a0a156946c3f6a" 833 539 2560
"336cae1bb0cf191b" 9571 10239
"6c8532950e0834de" 1977 2427 349
"a8c898e1ee5ab053" 7572 7577
"04f911dfdf36b1e0" 1209 5048 3198
"4d5d0c6ac8019359" 2560 6651 11660
"a3379a4d60f71cb1" 10480 413
"998c915b38dde210" 11511 6881
"a60a01f45e82cef4" 6587 5054
"66435429ff3b0aa6" 8942 9571
"590222175792cedf" 9335 349
"9e50fe0b6eee04fe" 5434 7690
"20bfaef1d0b46b8d" 833 4697 11275
"74511d96ac86ab74" 1982 5044
"40d30585c0a75095" 8942 723 934
"d6559c88b6e2c72d" 4450 1414
"d0f702138a8b87a3" 6707 1415 3198
"e58941154cb12254" 6184 1715 4182
"1835f9d1d97bc69c" 4763 11125
"126a0d449127e54b" 539 11426 1611
"ce2723032819537c" 6111 3436
"867eacf4f62412d8" 5744 1611
"d1545ad5a0234601" 1980 4763 7577
"53fc0988a3a49b8f" 134 10618
"5a4358f271f060b0" 7950 4098
"efe918f6f179f927" 3867 9403 4259
"0dc59ee34870239b" 7358 2621
"44d67bfc0cfd89b4" 4250 10629
"18c5e5ab31494c2a" 2572 1846 1422
"93b45cbc455dd631" 2489 8999
"5fe31cdf65984c23" 6603 739 2146
"6456bc5dbaf9d5ab" 2486 7195
"5b02c0e3250b89ec" 5545 371
"b92b01063c9139bf" 7297 5217
"2494383f4be8bcec" 10624 3157
"3cc772e6974a562b" 11379 7871
"97d7a35595f8f0be" 6483 8213
"4320fb0ab1ebd2da" 5541 3110
"6bf46e0a8738e303" 8529 7916
"24a1f8f727c937fb" 4938 10131
"4b72c541a361b0b0" 4587 5272
"e7003d6a60e72fb1" 3777 1284
"9b8fb0b08bdd3abc" 3415 3617
"bdae57a4e82a3366" 10032 2091 371
"a37831ddcbe311d0" 3867 10877 10629
"0611b1965f6d130e" 3157 2146
"67eb0813f1319945" 10618 10624 4259
"4b9207c1602e1273" 4250 2572 5541
"74ba8b3422966fbd" 10932 2486
"899781dd0dab34d1" 739 8999 2489
"1032c7aa8d553b3b" 12009 1846 5545
"7678cc0b349fc091" 7297 5272 2621
"822f45bd3da175a1" 5217 1422
"c7696161e94cd30e" 8213 7358
"b0b234675abe8b55" 4098 1284
"df3a63cc6bd93f6c" 11121 10131
"6411785967b545db" 3415 7871 7195
"611558f271f060b0" 7950 11379
"c1b2046a0d72adbe" 6603 8529 371
"defb7dbbf7b81663" 134 3617 3777
"fe0094ab37e92b33" 6483 2091 7916
"30777e2022787fc7" 10032 3110
"a7f43a5c6d7a8e79" 4938 1284 4259
"e7b1c541a361b0b0" 4587 2146
"265e143e51f36063" 9403 2486
"7d7f26d3fb59abe3" 10932 3867 7195
"47b8f8703632bac1" 10618 3157
"c7e3ba982187794a" 5217 2489 10629
"715977584edab51e" 11121 4250 739
"c6abad4f8fb7588d" 10877 2572 4098
"df1fda502afa764c" 4004 5180
"fe695837f3096c11" 276 7027 8027
"94ab6c6d121c0ebd" 3698 11176 694
"f69ec2fcdfa9dcc3" 8745 1965
"ed26478fd1c7e28f" 1735 4502
"86200e57f3c6ef9c" 11581 930
"910d5deb5d4a9a77" 5864 6884
"9bc15bd21aaaeed6" 9923 3659 11302
"7c66f54d10c7c4be" 4836 3782
"41cdd1a5c6f91d94" 9895 9140 6504
"832c945ce4e02434" 11404 8879
"4f40e777ff5ea0c8" 10272 5390 9941
"93230dc577914455" 4029 4851
"5ec9f582ece26369" 4014 8672 8158
"b82d8e6c8cad0b79" 2456 10879 4919
"1109149d3f2ef9e4" 10142 5550 3236
"ca0649ea63554eed" 4643 3256
"fe43c99b79c5f85e" 74 2100 11176
"11a03c92a2f6e6fc" 8869 11931 5180
"b1f8f4370169a87b" 9935 11302 4029
"d6106ddc0a143944" 3659 1735 3782
"d66f534fd776526f" 5955 9895 5550
"835112bd3a5e6ef9" 8745 9923 4919
"71ebaffa2ac93fd6" 10272 9255 7027
"e1143ce8810c53f3" 694 4851
"36af59a394f51e2e" 11404 11581 9941
"3d0a5d4bb33df7f2" 10879 276 8879
"c1f4b15b3b58ce8c" 74 4502 8027
"11b5423346a97005" 4014 8158 3236
"969063b55b58af4c" 4004 2100 3256
"90fa80a32178bbf3" 2456 6884
"662649ea63554eed" 4643 3698
"4704179303baaefa" 5955 8672
"6e9d06311603062d" 8745 9140 6504
"8fad074c1de355e2" 9923 4836
"4ad9fb93ae53c06b" 11931 2456
"dcb96a292635a58f" 9935 5955 694
"ebf8bbf2466ec78a" 1735 11581 4029
"e8d031eb2815950e" 3659 10142 5180
"3d22be9d87877df0" 10272 74 11176
"ed21453b7997b889" 11404 5390 7027
"82c5e17117673fa7" 8869 9255 4919
"93a36ed08ed9868e" 1965 5180 8879
"15e4a80d58748dc8" 9935 9895 11302
"35473144fbea59d0" 3659 6884 4851
"1c69615fbb77de02" 11262 11758
"30c0c7f424797857" 331 11317 8262
"75f068a0aa025829" 8242 10976
"c2af6aff5d688a6d" 6764 3651
"b9bf5b5bd843746f" 2841 8532 5005
"345fab501c64d654" 5000 1006
"1dc6eab8edc04a1f" 746 9986
"4bb21d695d33c6c2" 919 1059 7989
"09b73919fd9a4c8d" 10449 2374
"8e26390c0362a16b" 6199 3919 5261
"9541c49a9adc6040" 6892 496
"51f46fafa2bdb9b8" 5514 12070
"cac0962fc9bc2c43" 4163 2328
"595cb37aef63f142" 11745 11643
"2bd914f899f11c37" 10322 1947
"aad886a44ac8830b" 6001 5440
"212c54b5adf3b7ea" 4055 5882
"ab49194a421ad8bd" 8553 685 10263
"067a69f3fe981657" 5519 5104
"9e25612d52102a13" 5373 8035
"b69481daaf9991e1" 11317 4163 11262
"384bcf4722f49b6f" 5230 331 5005
"01e519ed97a20823" 3788 2328 8035
"e4a853daba8c8d09" 7989 5104
"22b2e92ba64c0701" 746 8532 1947
"99356077994174e3" 3919 8553
"c6421fc402d16a23" 6764 919 6892
"5aeb54b5adf3b7ea" 4055 5005
"d485c2eb5f7cdf32" 8262 2374 5440
"6ff0368e54103dd8" 4166 11643
"f19b0b0d99e41562" 6001 10263 10322
"c90c5dcad1f15043" 685 12070
"fcbaff80c475408c" 10449 5519 5514
"84c41d6079574699" 2841 11317 5261
"4ef148020169498e" 1059 496
"e58ad7bdca893692" 5115 10976 9986
"ba4bad29110b1ac1" 3651 1947 5000
"a2014d4b3326666a" 6199 8242
"9a81259705ef55db" 11745 919 6764
"f5537ceb34d92569" 11262 2841 8035
"768d3cd2b09cfc1d" 11758 11317 5519
"e0cfab0030485088" 5230 3788 331
"52119a9e98457766" 12070 10449 8553
"55934c74d1189a17" 7989 5514 5261
"e155eab8edc04a1f" 746 3919
"bc222b76a6de17fa" 2328 5104 5882
"abd5bf5e670d07cf" 2379 8894
"6761b63758404658" 7505 8895 65
"1ba333ae236546f8" 9452 9800
"7980b7a71617ca8e" 11171 2339
"b847e8bbd11a6e00" 9803 11946 3229
"591f5d1187f21f1a" 476 2300
"6d7a86b6689d88f6" 2952 7809
"aa57d255a38f90a6" 5487 11226
"c45124a7a03c3c1c" 8704 1853 9258
"786e5c48b250f934" 1361 8637
"4fd14cb7367595a0" 6165 3126
"a8a3149fe4ea4a24" 11210 4738 5197
"546ecfda459731f4" 8142 2018
"37a5394ae1104f0a" 4103 7855 3048