"0598a1dfd4c4d98d" 20 8221 8222 457 2920 2317 13 553 1303 823 2841 35 5530 61 25412 28 1732 102 25412 113 4 9284 -1 -1 0 0 0 0 6 7 5 3 4 5 4 2 2 2 0 0
"7abe41beee668427" 22 6787 4415 61 6785 2135 13 553 191 15424 15425 6907 553 61 25413 297 931 13 1580 7793 13497 25414 4 9285 -1 -1 0 0 0 0 7 8 9 7 8 6 7 4 9 5 0 0
"db8b9fdb6322392b" 25 5399 13115 13 150 1108 6864 330 4 553 1622 1190 799 25415 18794 13 553 2 9579 2929 25416 13 25417 4667 4446 4 9286 -1 -1 0 0 0 0 6 5 4 5 6 6 4 4 6 5 0 0
"94df873eecd67598" 20 15340 695 13 2 25418 4972 25419 553 297 10463 25420 1545 13 553 1552 1646 3302 25421 7596 4 9287 -1 -1 0 0 0 0 7 6 6 6 5 5 3 3 7 4 0 0
"e06b5bab5cd957e2" 14 738 25422 1842 4176 15611 13 553 7306 3302 858 774 2209 25423 4 9288 -1 -1 0 0 0 0 5 3 4 4 4 3 2 3 2 3 0 0
"e802efa1aff1d731" 17 3896 61 3247 25424 13 553 7793 771 7794 13 191 25425 25426 2014 25427 68 4 9289 -1 -1 0 0 0 0 6 7 5 6 6 4 3 8 2 5 0 0
"f6b52eefecf988d6" 20 3906 519 331 13 1122 5217 9594 13 553 2 191 25428 13 102 25429 25430 25431 25432 68 4 9290 -1 -1 0 0 0 0 6 6 6 6 4 4 4 3 7 3 0 0
"7f5aeed9263d47e5" 18 17091 13 373 3358 1122 1349 23597 515 4 553 19722 25433 5447 330 515 25434 68 4 9291 -1 -1 0 0 0 0 5 5 5 5 5 4 5 4 3 6 0 0
"8b553c38a92b403e" 23 357 9827 10466 10467 25435 25436 25437 4 553 41 1808 1905 150 361 2218 13 553 25438 2213 11067 1906 11981 5368 9292 -1 -1 0 0 0 0 7 6 5 3 4 6 5 2 2 3 0 0
"45fadd7ff666c31c" 30 1071 361 2227 13 347 283 3458 347 330 4140 4 553 2 25439 25440 13 24296 25441 25442 4 553 6185 421 6186 13 102 1571 388 25443 4 9293 -1 -1 0 0 0 0 6 6 6 7 5 4 5 2 3 5 0 0
"677d0c51201c5d0d" 17 3918 3096 13 2 4192 25444 4 553 191 17559 13 102 3751 353 966 1143 4 9294 -1 -1 0 0 0 0 8 7 8 6 6 5 4 3 7 4 0 0
"80fd9f2d9afea0b5" 26 2 2859 1664 13 3302 1675 3478 23314 25445 4 553 499 151 15198 188 305 13 1071 10843 305 3327 35 1510 1793 25446 4 9295 -1 -1 0 0 0 0 6 7 5 5 6 4 3 3 6 5 0 0
"d7f99bc84b344715" 18 191 15424 15425 6907 13 2 25447 3310 4 553 297 931 13 87 1509 25448 2777 4 9296 -1 -1 0 0 0 0 8 9 8 7 7 5 4 3 8 4 0 0
"185f338a12620f2d" 19 150 36 390 853 1101 13 687 25449 770 4 553 8623 8624 1577 13 417 25363 25450 4 9297 -1 -1 0 0 0 0 6 6 7 6 4 3 4 6 4 7 0 0
"55b7f2a4a1ef25e4" 19 3503 15769 2826 13 548 993 330 14827 4 553 508 1750 13 87 731 25451 87 25452 4 9298 -1 -1 0 0 0 0 9 8 8 7 6 4 3 3 5 6 0 0
"bf4ba4db36199b5a" 27 3358 25453 1592 9792 13 76 1882 10893 14796 9056 13 553 7301 7302 25454 25312 6496 13 113 25455 25456 329 373 25457 4 68 13 9299 -1 -1 0 0 0 0 8 9 9 7 8 9 7 6 8 5 0 0
"53ff7374c3cca16f" 29 171 21156 25458 457 11362 13 25459 25460 76 25461 13 113 347 1305 1641 1643 25462 4 553 18475 22356 13 25463 25464 171 1552 25465 25466 4 9300 -1 -1 0 0 0 0 8 8 7 7 8 8 7 5 6 8 0 0
"8c3cb6d6010fa88e" 21 1921 704 357 3189 25467 6780 13 553 1109 1113 2696 13 297 150 3055 2062 330 25468 9055 5886 4 9301 -1 -1 0 0 0 0 9 8 8 8 7 8 8 6 7 7 0 0
"c13862dbbad5b371" 26 5890 25469 1109 351 13 3020 1109 13112 13 553 1109 13160 4334 25470 13 357 18563 96 13 2 723 415 967 25471 3497 4 9302 -1 -1 0 0 0 0 7 8 9 6 5 7 7 5 4 4 0 0
"b81d090453996f81" 23 87 1105 1106 20 3358 712 11101 25472 13 553 34 26 25473 213 25474 25475 13 1829 1900 20 139 25476 4 9303 -1 -1 0 0 0 0 9 7 7 6 6 9 7 5 5 5 0 0
"b67f0981b0b61ebc" 18 3315 435 25477 13 7306 3302 20882 553 774 25478 25479 87 286 25480 25481 7569 13139 4 9304 -1 -1 0 0 0 0 8 9 8 8 8 6 6 8 7 7 0 0
"a44a16eaa0cb9cc8" 23 6132 150 193 25482 21918 76 151 25483 13 553 34 26 1734 20 373 13 1122 4232 2 61 25484 142 4 9305 -1 -1 0 0 0 0 8 8 7 6 7 7 7 4 5 6 0 0
"db05205697a0ab26" 33 87 2456 3009 13 2006 25485 2 14569 13 553 1906 5292 35 87 61 1303 20 10848 13 357 150 36 13 6599 3125 347 25486 13 113 93 25487 1814 4 9306 -1 -1 0 0 0 0 9 8 8 7 8 7 5 6 7 7 0 0
"58a6624f55d8f034" 23 373 188 15154 15155 13 20 373 1144 20 25488 13 553 25489 25490 3277 1499 20 34 134 25491 25492 25493 4 9307 -1 -1 0 0 0 0 7 8 8 6 6 9 7 6 6 7 0 0
"1ca3e5d80b72104f" 15 1654 13 1155 25494 25495 13 553 7141 3302 15198 25496 8795 25497 6391 4 9308 -1 -1 0 0 0 0 6 7 9 5 5 9 7 4 4 5 0 0
"b3a0ca8c9b8b090f" 22 95 2027 1109 2696 25498 13 150 688 1543 13 553 357 134 493 25499 25500 13 10269 4704 8054 2884 4 9309 -1 -1 0 0 0 0 8 8 8 6 7 7 7 5 6 6 0 0
"c1722bf1119f2614" 32 25501 1389 25502 1450 13 553 25503 25504 20926 25505 25506 13 1480 25493 15332 8900 25507 13 553 87 821 822 25508 20 25509 25510 25511 2 25512 150 2928 4 9310 -1 -1 0 0 0 0 6 8 7 6 5 8 7 8 8 6 0 0
"49646f07ff069202" 26 1179 1205 607 13 1109 21692 1720 25513 13 553 357 25514 20 9827 10466 10467 446 1106 2 25515 25516 9138 66 25517 1148 4 9311 -1 -1 0 0 0 0 9 8 7 7 7 7 9 5 6 7 0 0
"169301e394334be5" 25 520 967 417 723 13 20 7301 7302 3488 329 13 553 25518 11453 13 113 25519 6659 95 102 637 1305 3663 25520 4 9312 -1 -1 0 0 0 0 8 8 9 7 7 9 7 5 6 5 0 0
"8e506fc5b4b4c2be" 16 347 1328 349 305 13 357 347 25521 4337 1305 13 553 23 1734 20 17135 9313 -1 -1 0 0 0 0 8 8 7 6 7 6 6 4 5 6 0 0
"21be6f0199238b2b" 18 14116 417 2841 13 35 1342 637 25522 25523 13 553 357 25524 25525 61 3302 25526 4 9314 -1 -1 0 0 0 0 6 5 6 2 2 2 3 1 2 3 0 0
"0e62af0856eac5b3" 20 191 15424 15425 6907 13 1628 125 93 23395 15418 553 453 18484 1301 13 134 357 1207 1182 4 9315 -1 -1 0 0 0 0 7 7 6 8 6 4 3 6 3 4 0 0
"c6226e3b2c0c2058" 20 171 9206 3038 8788 20 352 2165 10892 13 553 7306 3302 10258 171 3358 2 388 102 21854 4 9316 -1 -1 0 0 0 0 8 8 7 6 6 7 5 2 3 5 0 0
"94ab3f51df9b9d96" 23 191 1863 355 6864 13 1109 6378 1201 95 2620 13 553 1071 150 890 14974 13 1016 8864 14802 737 313 4 9317 -1 -1 0 0 0 0 9 8 9 9 7 6 3 6 7 7 0 0
"65a0c980a84ce5ca" 19 17091 13 87 821 822 13192 25527 13 553 1109 1589 12347 13 150 331 3592 1568 25528 4 9318 -1 -1 0 0 0 0 9 8 7 8 8 7 2 5 6 4 0 0
"7d16fdd3459a76f8" 20 7793 771 7794 13 1549 87 18095 22023 13 553 113 134 25529 18855 2 6005 25530 25531 25532 4 9319 -1 -1 0 0 0 0 7 6 5 6 7 7 4 4 6 5 0 0
"c29b8361d53ba4c7" 29 1654 13 191 6726 353 13 574 136 1580 6828 6785 6786 6787 4415 13 553 373 6858 15154 15155 13 727 6892 25533 2 171 2683 25534 4 9320 -1 -1 0 0 0 0 9 10 10 9 8 9 9 3 9 6 0 0
"78d83c1d9973b479" 22 150 36 390 853 1101 13 35 19132 1720 553 3918 3096 2316 13 357 742 61 737 1131 3009 1725 4 9321 -1 -1 0 0 0 0 6 6 5 6 6 6 4 5 4 5 0 0
"d4c71b0cbfe6b7b9" 26 191 1863 355 6864 13 574 34 645 1497 1498 1499 13 553 47 1043 93 1813 1814 13 34 26 2720 25535 25536 25537 4 9322 -1 -1 0 0 0 0 9 9 8 10 8 6 2 5 7 6 0 0
"0f2b6dd6f59978d0" 25 410 325 6511 1727 13 357 25538 2652 93 13 553 587 2604 990 323 2018 13 188 25539 61 3497 5579 25540 675 4 9323 -1 -1 0 0 0 0 7 7 6 6 3 9 3 6 8 9 0 0
"b36c05c911a9a59a" 45 2929 5369 1622 1190 858 9409 950 18 20 1863 13 553 4107 25541 23 3907 170 18060 13 2 25542 941 4393 25543 553 596 25544 2 2625 4972 4973 13 1187 35 25545 170 18893 457 2692 93 13 1013 25546 25547 4 9324 -1 -1 0 0 0 0 8 8 7 7 7 3 5 8 5 5 0 0
"369e50b67e10143e" 24 1664 174 6132 165 2 6185 421 6186 13 553 742 61 2456 3009 13 1549 87 457 15230 1621 2 1621 4715 4 9325 -1 -1 0 0 0 0 6 7 6 7 5 8 2 3 5 6 0 0
"ae20c1e76286eb03" 25 25548 2859 1664 13 2049 742 61 3358 13 553 357 1071 14311 25549 1852 170 13 2652 1510 150 25550 286 3302 25551 4 9326 -1 -1 0 0 0 0 7 8 6 6 6 7 6 3 6 7 0 0
"6837bbefed62cd51" 25 1155 1156 171 9737 13 2 193 171 15340 13 553 1071 637 2227 13 2696 102 11550 16508 2 8864 15753 457 5580 4 9327 -1 -1 0 0 0 0 9 8 8 9 8 7 3 5 7 6 0 0
"d8ff2f7928ab60c4" 24 8623 8624 1577 13 12676 305 9048 553 5291 1187 13 25 1906 5292 13 1549 150 171 7977 24801 330 2989 11035 4 9328 -1 -1 0 0 0 0 8 7 6 7 4 6 6 3 3 5 0 0
"2389106fb951ae80" 16 174 616 1303 855 25552 359 8221 8222 13 553 1071 1342 6588 637 2227 4 9329 -1 -1 0 0 0 0 7 5 6 7 6 3 3 2 3 4 0 0
"45bffa028566b9c3" 25 547 596 134 3375 13 93 115 435 19132 13 553 2 191 860 187 25553 13 9827 10466 10467 10468 799 10469 446 4 9330 -1 -1 0 0 0 0 9 7 7 9 6 6 7 9 4 6 0 0
"f0c70a619948c51b" 17 1108 113 13 1066 14298 13 553 297 1067 34 727 357 20 12115 25554 6130 4 9331 -1 -1 0 0 0 0 8 7 9 8 7 7 7 7 8 8 0 0
"0b2433f4c344a95f" 17 134 61 1069 21364 10884 13 553 1071 386 35 102 2376 2 6081 6082 865 4 9332 -1 -1 0 0 0 0 6 5 6 4 6 7 2 6 4 5 0 0
"655d2ea8e20524c8" 16 66 23 14243 2 5868 5869 13 553 357 12963 2 423 23 1983 6277 4 9333 -1 -1 0 0 0 0 4 5 5 4 4 5 5 3 5 4 0 0
"b0b6655e20432077" 16 20 1159 489 2 388 1605 13 553 113 777 628 170 2888 2 25555 4 9334 -1 -1 0 0 0 0 9 8 7 6 7 7 4 6 4 3 0 0
"fb6b0e89fc941450" 11 347 1305 6261 6262 13 553 113 7456 25556 25557 4 9335 -1 -1 0 0 0 0 5 5 8 6 7 5 7 4 6 5 0 0
"c2a014646b3bc8cb" 26 15875 13 596 18 1109 1110 445 4136 13 553 2 738 20129 25558 24407 66 1842 13 25559 343 25560 13 34 26 87 4 9336 -1 -1 0 0 0 0 8 6 7 7 6 6 5 5 7 8 0 0
"a674055de55fda8f" 19 25561 13 25562 421 1182 25563 13 553 5374 1047 3971 6223 186 357 12356 25564 1863 12357 4 9337 -1 -1 0 0 0 0 7 5 7 6 6 8 3 3 4 6 0 0
"ec4df7db32539cdd" 24 1109 1521 2696 13 20 9242 9243 13 553 1235 1342 61 835 25565 2 25566 13 1868 1109 150 36 25567 13506 4 9338 -1 -1 0 0 0 0 6 7 6 7 5 6 3 3 4 5 0 0
"912ab6bfefdcd466" 19 347 36 330 188 3967 3968 13 113 326 13 553 116 1905 150 12646 36 151 22415 4 9339 -1 -1 0 0 0 0 6 5 7 6 5 7 2 2 3 4 0 0
"0559818594a2e90d" 24 150 36 25568 25569 25570 13 553 5749 7952 787 38 7953 2 351 394 13 113 347 1817 351 191 19686 920 4 9340 -1 -1 0 0 0 0 8 7 6 5 6 4 4 6 4 4 0 0
"9da0346635220991" 16 23 3186 25571 25572 25573 13 553 113 16997 150 25574 10192 362 1429 10252 4 9341 -1 -1 0 0 0 0 7 6 7 5 5 6 3 3 3 4 0 0
"5d2b2b1f0d3041ad" 21 25575 25576 13 87 61 25577 18487 13 553 1549 25578 17899 13 2 25579 13 548 25580 66 138 4 9342 -1 -1 0 0 0 0 7 6 4 4 5 6 3 3 3 5 0 0
"8d5041a37552c9cc" 20 2511 15278 737 25581 20094 297 13 110 553 2 25582 347 457 21649 13 297 188 10796 142 4 9343 -1 -1 0 0 0 0 6 5 5 5 5 5 6 6 6 5 0 0
"c5b9fd8cd755c482" 13 9083 9084 63 9085 13 553 26 517 6269 171 10420 3906 4 9344 -1 -1 0 0 0 0 7 6 8 6 6 6 5 5 5 5 0 0
"2f802d437897f3e1" 37 66 4192 7945 7946 13 553 20 116 6261 4047 1913 25583 4 553 2107 1657 2 25584 13 35 4361 361 3331 25585 13 553 357 744 66 113 529 3125 13 25586 4 68 13 9345 -1 -1 0 0 0 0 8 9 8 7 7 8 5 4 4 4 0 0
"1752fa198a807d5b" 21 66 2195 4421 25587 13 553 341 1352 610 13 66 788 457 578 2197 953 17627 21918 25588 68 4 9346 -1 -1 0 0 0 0 6 6 7 6 6 7 5 4 4 3 0 0
"eec989ab8a337578" 18 1200 25589 34 7150 358 13 553 1604 113 1795 17408 66 788 7548 361 110 68 13 9347 -1 -1 0 0 0 0 7 7 7 6 6 6 5 4 4 4 0 0
"26196fef2e235e9d" 43 5709 349 25590 13 3949 1349 553 191 6564 669 7585 13 6020 102 25591 4 553 2280 855 8949 13 2243 2157 25592 25593 13 553 76 61 1983 25594 13 2 39 2 66 825 93 188 25595 4 68 13 9348 -1 -1 0 0 0 0 8 8 6 5 6 7 7 5 6 5 0 0
"87fe71a048818da7" 68 5749 61 5750 5751 5752 13 553 2 1187 25 2303 61 13 87 23503 13 6121 13 553 386 113 35 1342 25596 13 1705 16188 13 1705 7077 7366 13 25 11334 553 66 134 25597 2 11517 353 25598 2446 737 25599 12115 297 93 4248 25600 117 596 1091 25601 55 16209 13 481 61 948 2 415 188 25602 25603 4 68 13 9349 -1 -1 0 0 0 0 7 8 9 6 6 7 6 7 5 6 0 0
"9dcbd9832eead0df" 38 888 5260 4234 13 553 357 188 162 87 286 1473 13 34 3845 25604 2620 4 553 25605 1043 13 720 25606 13 553 25607 13 113 6020 1580 645 6332 2055 1750 4 68 124 16496 9350 -1 -1 0 0 0 0 9 8 7 5 6 7 5 6 6 5 0 0
"de1b693caffddf8a" 45 34 186 1580 23 13664 13 553 188 25608 25609 25610 25611 25612 25613 4 553 35 1568 188 150 1228 13 993 191 3241 25614 8744 25615 25616 25617 110 553 150 25028 14182 25618 13 61 3302 25619 25620 25057 4 68 124 9351 -1 -1 0 0 0 0 8 7 7 6 6 7 6 7 6 6 0 0
"c2f15ac759e384de" 44 66 23 5868 5869 13 720 6857 13 553 14306 14298 13 106 5972 367 457 22684 9398 2 14729 113 4228 8200 171 25621 110 553 25622 13 1857 3497 25623 13 553 66 12676 1580 353 25624 126 25625 4 68 13 9352 -1 -1 0 0 0 0 7 7 5 4 4 6 4 3 4 4 0 0
"e9a7b283341d3e60" 38 66 17899 4915 22118 4916 13 553 188 1342 676 2023 13 18 359 18432 4 68 4 553 25626 15434 2 25627 15618 25628 25629 13 553 25630 25631 13 2 10139 25632 25633 4 68 13 9353 -1 -1 0 0 0 0 6 6 8 6 6 6 5 6 6 5 0 0
"1fff16964dc7bcf5" 40 14298 1066 13 520 171 25634 13 553 6223 95 637 1983 6277 13 25635 25636 4 553 357 25637 548 7259 36 435 25638 13 553 66 3302 5709 774 1606 2 1837 2284 25639 19212 4 68 13 9354 -1 -1 0 0 0 0 7 6 6 5 5 6 6 5 6 5 0 0
"6b2895f65c4e6c59" 39 66 347 1305 6261 13 63 6106 6262 13 553 102 4120 4121 25640 2128 728 25641 4 553 38 4135 150 545 25642 25643 25644 13 553 7945 7946 25317 13 2 102 25645 25646 4 68 13 9355 -1 -1 0 0 0 0 7 8 7 5 6 7 4 6 6 5 0 0
"e8f9a8d45b26fc2c" 32 191 14735 1192 1792 13 553 35 66 23 188 3967 3968 13 1521 4 553 150 15629 417 25647 13 2695 25648 13 553 357 150 25649 9695 326 68 13 9356 -1 -1 0 0 0 0 6 6 6 6 6 6 6 6 6 6 0 0
"9f0086b4615909aa" 38 1521 13 12356 102 1863 13 1009 12357 13 553 3971 13 34 3949 308 25650 19754 4 553 6121 13122 637 13 349 9287 1380 28 25651 13 553 25652 9717 25653 25654 25655 4 68 13 9357 -1 -1 0 0 0 0 8 9 6 5 6 7 5 4 4 6 0 0
"f1f80934588cb4f1" 42 341 145 16277 188 7195 16278 13 553 2 746 1482 3138 3139 13 1122 25656 607 948 25657 171 25658 4 68 13 553 410 297 110 25659 5240 10428 358 13 553 2 2056 53 7953 102 87 25660 4 9358 -1 -1 0 0 0 0 9 8 6 4 5 6 4 3 4 5 0 0
"e80c1a2db1135288" 40 113 10191 515 25 110 417 4228 25661 150 25662 25663 13 553 6564 636 670 2 669 113 25664 25665 13 553 357 5537 25666 2 33 999 25667 23344 13 553 14930 25668 25669 19593 331 3485 4 9359 -1 -1 0 0 0 0 6 6 5 4 5 7 5 4 6 4 0 0
"4e2520a54bd086bb" 25 34 35 304 331 13 188 25670 150 36 1978 25671 13 553 297 1774 1179 25672 13 963 188 188 25673 25674 13 4 9360 -1 -1 0 0 0 0 8 9 7 5 6 10 7 3 4 5 0 0
"86f09f398b5d05ea" 24 34 26 517 171 552 2 87 150 36 9982 25675 13 553 2 596 95 102 113 489 359 13981 488 25676 4 9361 -1 -1 0 0 0 0 7 8 8 6 5 9 5 4 4 6 0 0
"6e369f077f13aebe" 23 150 36 12639 362 25677 13 3480 25678 6081 6082 13 553 191 53 25679 10496 20 25680 25681 93 25682 25683 4 9362 -1 -1 0 0 0 0 5 4 3 5 4 3 4 3 4 5 0 0
"991a3cbb194a8d5f" 28 66 402 25684 15165 723 1464 13 2 11518 723 25685 13 553 357 93 394 704 113 22165 13 600 25686 1795 697 7927 68 13 4 9363 -1 -1 0 0 0 0 6 6 4 5 4 6 5 4 4 4 0 0
"78c215315d782fb3" 32 28 23 2464 25687 6269 2 25688 188 660 13 553 347 36 1373 888 25689 25690 997 25691 13 553 357 25692 25693 14537 13 87 113 150 25694 12127 25695 9364 -1 -1 0 0 0 0 6 7 5 6 6 8 7 6 5 4 0 0
"7ca50fe04be16361" 18 150 25696 330 2429 1608 13 553 297 1381 326 171 1342 20 25697 357 165 68 13 9365 -1 -1 0 0 0 0 5 4 3 4 3 4 4 3 4 4 0 0
"6d5c60bd79405b6c" 41 95 4808 457 545 25698 8192 13 553 23944 25699 2675 25700 25701 191 25702 628 2531 25703 13 553 191 25704 53 25705 25706 1091 25707 4899 25708 1925 1916 25703 61 25709 25710 2 25711 3485 4 68 13 9366 -1 -1 0 0 0 0 6 5 6 4 5 5 4 6 5 5 0 0
"ddd500b3d7b09e76" 48 297 13 87 188 162 286 1473 13 150 17087 1456 1780 36 621 25712 146 8757 927 13 553 93 11751 347 2889 25713 13 188 25714 5751 23344 13 553 2 1842 20 102 606 1047 10266 3312 423 87 425 25715 1038 4 68 13 9367 -1 -1 0 0 0 0 7 8 7 5 6 7 5 7 6 4 0 0
"18911ecef8a37c5a" 39 34 25716 4970 396 20 25717 14311 25718 13 553 367 150 1228 373 13 2 25719 61 25720 41 25721 25722 13 553 297 4297 2 796 25723 13 357 1947 417 25724 150 1228 34 17921 4 9368 -1 -1 0 0 0 0 6 7 6 5 5 6 7 6 5 6 0 0
"f919d3a22ed58406" 43 35 36 13664 28 23 3125 1870 13 10574 27 93 25725 25726 13 553 297 20 93 4853 1043 548 25727 2813 393 4044 55 553 360 61 4735 421 13 25 8442 925 25728 13 744 87 25186 25729 25730 4 9369 -1 -1 0 0 0 0 6 7 6 5 6 7 5 6 5 4 0 0
"963ca7dfcb746dbf" 48 852 25731 723 13 20 150 19130 2338 16113 13 284 134 308 3302 25732 13 553 359 170 53 6252 1674 8688 63 171 361 545 19540 13 553 3186 113 435 1849 13 38 61 25733 7590 4 2 2006 925 25734 25735 1333 25736 4 9370 -1 -1 0 0 0 0 3 4 4 6 5 3 3 5 5 6 0 0
"ad5ad6f525e89579" 21 3949 1349 530 13 2 596 20 25737 1558 13 553 6091 1552 2023 13 104 25738 25739 10584 2024 4 9371 -1 -1 0 0 0 0 6 8 6 5 4 5 7 4 5 4 0 0
"2ce3e0e136a6f794" 35 12846 12963 13 25740 93 729 20 801 13 553 150 4326 6311 66 1522 1007 25741 25742 174 15229 25743 13 553 34 26 188 3967 3968 2 66 122 25744 5577 11372 4 9372 -1 -1 0 0 0 0 6 6 6 4 5 6 3 4 3 4 0 0
"e9a535566d84c68b" 32 191 14735 1192 1792 2 87 13901 13 553 23 5868 5869 13 330 1258 724 25540 13 553 150 1921 1297 417 20 171 6892 18621 5045 25745 25746 24839 4 9373 -1 -1 0 0 0 0 4 5 5 4 4 3 3 4 4 5 0 0
"c6c4933a55f78330" 21 14298 1066 13 1775 4806 25747 4505 297 12519 13 553 357 25311 823 17899 4915 20 117 6729 739 4 9374 -1 -1 0 0 0 0 7 6 6 5 5 3 2 2 2 2 0 0
"1abf3fa2baed8d2f" 26 35 12934 362 13 3971 13 93 25748 25749 13 553 66 1842 3318 13 14306 14298 13 1549 25750 25751 410 5101 25752 25753 4 9375 -1 -1 0 0 0 0 6 6 5 4 5 3 2 2 2 2 0 0
"9ca946d42db56dfb" 19 87 1047 1043 4125 14972 14973 13 553 347 1305 6261 6262 13 134 5271 3302 25754 25755 4 9376 -1 -1 0 0 0 0 6 5 5 4 4 3 2 2 2 2 0 0
"77d5e60df835f409" 23 2 25756 4135 445 4136 13 553 5286 25757 13110 13 596 1103 6081 25758 13 17633 421 25759 25760 4 68 13 9377 -1 -1 0 0 0 0 4 3 4 4 2 2 2 2 2 2 0 0
"c4605850ef52ff16" 27 25761 520 61 188 2578 13 25762 141 25763 13 553 353 6497 25764 41 7460 1038 150 6510 13 25765 13 630 25766 1088 25767 4 9378 -1 -1 0 0 0 0 3 3 2 2 2 3 2 4 2 4 0 0
"dd8f0e746210a470" 32 20 663 61 664 665 666 13 25768 25769 13 553 553 1002 1930 664 61 515 13 9054 28 20 25770 515 150 36 25771 25772 13 2087 25773 25774 4 9379 -1 -1 0 0 0 0 6 5 5 4 4 3 2 2 2 3 0 0
"3e22dda74cadf0e5" 27 152 150 297 2453 13 15022 15022 15022 15022 13 553 76 61 2176 53 102 25775 13 23 25776 25777 1431 1580 25778 371 436 4 9380 -1 -1 0 0 0 0 3 4 3 3 3 3 2 4 2 4 0 0
"1432e3a5eed48d85" 24 228 12102 13 25779 25780 13 553 6781 1354 13 1109 150 25781 25782 13 449 13 341 337 25783 25784 737 113 4 9381 -1 -1 0 0 0 0 5 4 4 3 4 3 2 2 3 2 0 0
"ca0ad16f64f20665" 29 184 150 87 362 13 28 25785 25786 25787 13 553 9714 6574 713 13 25788 25789 4 13 25790 446 1047 25791 13 852 25792 13 3018 4 9382 -1 -1 0 0 0 0 4 4 3 3 3 1 1 1 2 2 0 0
"656eef8126cfa88c" 21 125 20141 1915 13 1488 2150 10152 25793 15508 13 553 150 445 25794 13 25795 25796 1811 588 25797 4 9383 -1 -1 0 0 0 0 3 4 3 3 3 4 2 3 2 3 0 0
"63f6976fa70844cb" 30 103 150 13839 282 20 25798 13 357 25799 17652 124 553 3037 13 113 8588 25800 150 25801 13 25802 616 394 13 520 24199 2859 5776 25803 4 9384 -1 -1 0 0 0 0 4 4 3 3 4 2 2 3 2 2 0 0
"d49e1c218ae94ef9" 36 25804 13 979 13509 13510 13 26 25805 25806 25807 2245 13 553 87 113 1420 323 1383 193 5585 171 25808 13 553 347 803 12430 25809 1007 1376 1915 47 87 11489 542 4 9385 -1 -1 0 0 0 0 5 5 4 5 4 2 2 3 2 4 0 0
"7a279485761e1a83" 34 18312 6982 6983 13 6981 134 13 41 2346 13 553 25810 61 53 313 25811 13 357 150 4732 13 5761 1829 13 10574 2247 3314 13 35 25812 1047 146 4 17633 9386 -1 -1 0 0 0 0 3 3 2 3 3 2 2 2 3 3 0 0
"f2b5dd6f96bb5429" 28 457 5709 9322 305 15909 354 3125 25813 25814 13 553 6738 1720 2570 3338 2 3296 9119 357 9120 13 582 1852 774 3935 722 1698 4 9387 -1 -1 0 0 0 0 6 5 5 4 4 3 2 3 2 3 0 0
"b7842ece05e5e283" 32 34 15311 15312 3338 4866 25815 25816 13 25817 1533 13 553 15313 11721 361 13 1109 975 25818 13 25819 25820 13 12219 11026 13 345 19759 637 2277 330 4 9388 -1 -1 0 0 0 0 5 6 4 4 4 2 2 3 4 3 0 0
"63262b7ba036c369" 19 357 415 2652 25821 25822 61 25823 13 553 95 7292 25824 388 13 2 305 13529 13533 4 9389 -1 -1 0 0 0 0 9 9 9 8 7 5 3 1 5 3 0 0
"0e8326ce9db53a61" 20 25 66 25825 6265 13 20 4715 16664 23335 553 1029 61 15365 102 25826 18912 13 9025 7009 4 9390 -1 -1 0 0 0 0 8 9 9 8 9 6 2 1 4 2 0 0
"f559e9bfc9d677b5" 32 95 150 36 113 20461 6644 530 417 13 25 551 26 553 150 36 515 2121 13 1071 1 25827 13 553 347 25828 13 113 14262 1567 25829 11517 4 9391 -1 -1 0 0 0 0 9 9 9 9 7 6 4 1 9 2 0 0
"91bf17f31d9288eb" 29 341 283 282 653 5980 13 25830 13 134 1587 1580 553 504 7806 3901 9738 25831 2 25832 13 553 28 25833 25834 7845 25835 53 6510 4 9392 -1 -1 0 0 0 0 6 7 7 8 7 7 5 1 5 4 0 0
"39410fb74ca7d623" 34 5736 13781 23 25836 25837 13 87 2928 2675 2024 553 7946 25838 41 25839 5262 13 44 19589 25840 553 2618 53 4157 25841 13 150 304 25842 17679 25843 622 25844 4 9393 -1 -1 0 0 0 0 8 8 7 6 7 5 2 3 4 2 0 0
"ee01a32f1dc980bd" 27 150 150 17679 41 25845 25846 6892 25847 13 405 25848 2236 993 1783 13 553 2 25849 113 1042 25850 13 5433 25851 744 371 4 9394 -1 -1 0 0 0 0 7 6 5 8 7 6 2 7 5 3 0 0
"6b27d827d736dbdc" 36 2 25852 200 125 201 13 25853 25854 25855 25856 21918 13 553 20 1886 3081 588 228 9702 2 11004 13 15022 55 15022 55 15022 55 15022 55 25857 530 2905 901 621 4 9395 -1 -1 0 0 0 0 6 5 5 8 6 4 5 6 4 1 0 0
"911e759710256e6d" 28 66 23 415 8525 171 2018 13 8625 25858 25859 13 553 2 41 3093 22956 25860 13 87 18893 113 8343 20 188 7460 150 6510 4 9396 -1 -1 0 0 0 0 8 9 9 8 6 5 6 5 6 3 0 0
"aa85ce1ba043c6a1" 33 347 36 13527 13 146 25861 13 588 25862 2928 5260 553 34 645 660 1007 13 28 5738 542 752 13 553 357 1842 20 6198 25863 138 25864 87 16664 4 9397 -1 -1 0 0 0 0 7 7 6 9 7 6 8 5 6 4 0 0
"5900ae76a0914863" 26 10708 25865 25866 41 25867 25868 1374 25869 8380 13 553 35 7592 330 5585 37 25870 13 28 25871 3030 13 5761 134 43 4 9398 -1 -1 0 0 0 0 6 5 5 6 6 4 6 5 4 3 0 0
"efea9b040d21486d" 33 25872 25873 25874 13 87 5153 1817 20224 25875 13 553 66 12066 6800 25876 13 2356 25877 25878 13 553 7946 25879 10309 23561 373 1082 2 25880 13 25881 25882 4 9399 -1 -1 0 0 0 0 8 8 7 8 8 4 6 6 6 4 0 0
"c77b5d402f5e746d" 31 1885 19546 1913 13 228 12102 13 20 150 3053 1892 13 553 25883 1762 1424 13 979 13509 15628 13 13510 13 20837 25884 93 1643 25885 13 6510 4 9400 -1 -1 0 0 0 0 7 8 7 8 6 5 5 4 6 3 0 0
"3bf1ee86f7cf3021" 44 25 25886 13 357 17681 607 25887 23169 13 1947 7460 25888 13 553 357 1990 435 2238 13 1580 6020 25889 25890 25891 25892 25 13 553 504 1981 12794 38 12795 13 357 34 186 25893 3529 113 664 10849 515 4 9401 -1 -1 0 0 0 0 8 8 7 9 6 6 4 3 2 2 0 0
"a26d9bb062524d45" 32 102 25894 150 36 1131 25895 13 530 2815 87 607 13 553 61 25896 2 9263 13 25897 1047 417 7007 7008 25898 19616 986 21836 2200 726 121 7601 4 9402 -1 -1 0 0 0 0 7 7 6 8 7 4 6 6 6 4 0 0
"1f71963478f93e85" 36 34 25899 373 8962 1549 13 25900 25901 388 25902 25903 13 553 1868 35 373 200 388 170 1318 704 13 553 2150 10152 15507 25904 2 1796 13 282 1179 388 25905 25906 4 9403 -1 -1 0 0 0 0 8 8 8 7 7 6 3 4 6 4 0 0
"9b241a7602494369" 27 25907 25908 2093 191 367 3901 9738 14678 13 553 20878 664 665 25909 357 12219 11026 13 553 25910 2170 25911 1955 13 1775 11026 4 9404 -1 -1 0 0 0 0 4 7 5 6 5 2 1 3 3 4 0 0
"a7ee482bdb97a4a5" 15 359 199 200 1301 13 25912 8462 13 553 6574 713 13 41 10974 10975 9405 -1 -1 0 0 0 0 7 8 9 6 6 7 3 4 3 5 0 0
"358eeb859c978377" 21 347 36 11392 13 35 95 150 36 362 13 553 357 53 5016 1047 20 25913 25914 2038 25915 4 9406 -1 -1 0 0 0 0 7 8 7 6 7 9 4 2 3 2 0 0
"40c7fa8b1e90dc57" 22 520 61 188 2578 25916 13 553 20 1762 3081 228 1108 2 5047 13 553 3302 8521 1297 25 25917 4 9407 -1 -1 0 0 0 0 8 7 7 6 6 4 2 6 2 4 0 0
"682a3e085fd64b52" 20 1034 341 2213 3898 36 297 3899 13 553 616 394 93 2128 376 13 87 6601 12651 15530 4 9408 -1 -1 0 0 0 0 5 7 7 6 5 4 2 6 7 3 0 0
"764d852cf7eefb47" 19 150 150 341 1137 620 1783 13 553 297 2453 13 87 1047 53 2040 3307 23549 10982 4 9409 -1 -1 0 0 0 0 6 7 7 6 6 4 2 6 7 3 0 0
"7a936d76f2d9637a" 16 8448 8449 13 25918 2 2890 13 553 2 11760 12018 36 25919 25920 25921 4 9410 -1 -1 0 0 0 0 7 7 5 6 5 2 1 3 3 4 0 0
"fba8709160f1f3e3" 30 228 12102 117 7863 13 1580 1785 353 25922 13 553 6738 446 2570 3338 13 3296 9119 357 9120 358 13 553 150 36 3251 305 297 17623 4 9411 -1 -1 0 0 0 0 8 7 8 6 5 4 3 4 3 5 0 0
"ce075193a76e034c" 21 979 13509 13510 13 357 6981 2369 6982 6983 13 553 720 171 12952 150 2434 7543 28 25923 25924 4 9412 -1 -1 0 0 0 0 6 8 8 4 5 5 2 7 2 4 0 0
"68c8bfb5376d4211" 24 2 16095 28 347 1815 441 25 117 13 553 1034 341 2213 3898 36 297 3899 13 284 3248 6787 25925 25926 4 9413 -1 -1 0 0 0 0 5 7 7 6 5 4 2 6 7 3 0 0
"825527ade5aa2a9b" 21 347 36 13527 13 347 36 25927 8026 25928 13 553 8448 8449 13 1737 25929 25930 13 25931 1431 4 9414 -1 -1 0 0 0 0 7 7 5 6 5 2 1 3 3 4 0 0
"fbd9b0c63dfa2a01" 21 28 414 3030 20586 25932 13 553 2150 10152 15507 15508 20 16664 13 553 13432 18215 2 1628 25933 4 9415 -1 -1 0 0 0 0 6 8 9 6 6 7 3 4 3 5 0 0
"f351c607201d0f8f" 26 2243 193 5585 13 25934 25935 13 553 5736 13781 13782 13783 20 7460 150 6510 4682 13 553 87 61 308 25936 1232 25937 4 9416 -1 -1 0 0 0 0 7 8 7 7 6 4 1 4 3 5 0 0
"46cce89e3888d0c8" 27 357 744 435 2238 13 3038 358 5217 25938 13 553 20 25939 199 200 201 13 15022 15022 15022 15022 25940 25941 25942 892 737 4 9417 -1 -1 0 0 0 0 6 7 7 6 5 7 3 4 3 5 0 0
"cd675ad53d97ce81" 26 34 15311 15312 3338 4866 15313 1077 361 13 553 687 2469 25943 2571 15092 13 553 664 61 515 102 520 566 355 6388 4 9418 -1 -1 0 0 0 0 6 7 8 6 5 5 3 4 3 5 0 0
"2cbe5af8a089bd5c" 26 66 23 415 8525 2018 13 87 61 87 171 7013 13 553 357 504 1981 12794 38 12795 13 1071 150 417 6510 25944 4 9419 -1 -1 0 0 0 0 8 9 7 9 8 10 5 10 2 8 0 0
"631629a833300500" 26 449 341 337 13 66 629 353 13 341 1543 504 326 13 553 1071 7460 150 6510 4682 13 297 25945 66 1778 11026 4 9420 -1 -1 0 0 0 0 7 9 8 6 8 8 3 6 3 4 0 0
"b6c686599f870c46" 26 347 36 13527 13 1071 3744 15080 93 297 13 553 66 352 1886 354 25946 25947 13 191 17137 5171 25948 435 25949 5719 4 9421 -1 -1 0 0 0 0 8 7 6 7 8 6 3 4 6 7 0 0
"43fe33fa5328505b" 43 41 34 746 5585 13 297 1868 93 15419 13 373 6791 3668 504 13 553 93 2128 376 616 394 13 2 134 66 1778 3764 13 553 1071 742 150 4337 92 7007 13 357 2446 742 61 7008 7009 4 9422 -1 -1 0 0 0 0 8 9 9 7 8 7 4 5 4 6 0 0
"b078be87f6548378" 31 15141 15142 150 36 330 1333 13 1071 25950 1047 2001 13 553 852 188 858 53 15749 5607 13 35 1305 146 2941 417 25 577 8612 13 1900 4 9423 -1 -1 0 0 0 0 7 8 5 8 7 8 2 4 5 8 0 0
"a81116ce603c865d" 49 786 787 23 66 25951 13 357 1510 150 25952 417 15198 13 553 346 1342 15197 15198 13 357 7389 87 856 35 1510 150 36 2891 13 553 66 347 1305 11479 25953 25954 25955 13 2 93 94 6591 171 25956 1043 25957 25958 4394 4 9424 -1 -1 0 0 0 0 7 6 6 6 7 4 2 7 7 8 0 0
"a5a88462f9c0b0a5" 33 66 347 25959 25960 35 1109 2931 1007 1032 13 553 66 347 25961 1580 1449 657 171 1389 13027 13 553 357 1047 11457 1664 13 2 347 283 25962 25963 4 9425 -1 -1 0 0 0 0 8 6 6 7 9 6 2 3 5 6 0 0
"24afe88765abb209" 25 2 16855 13 1449 425 171 12072 13 34 25964 986 5576 13 171 25965 13 553 357 2652 66 5574 5575 93 5576 4 9426 -1 -1 0 0 0 0 9 7 7 8 9 6 2 4 5 6 0 0
"d1c5ed2b48569c90" 42 532 478 24801 7642 25966 13 311 720 2652 13 268 25967 13 553 1071 2700 8675 25968 25969 13 553 481 66 25970 188 23 6785 37 38 2615 417 25971 3125 13 1374 66 117 20598 7231 25972 25973 4 9427 -1 -1 0 0 0 0 7 9 8 7 7 5 4 5 8 7 0 0
"1bb3c266601d4315" 26 66 15077 722 722 18 13 53 5967 13 553 1321 25974 13 499 151 4645 1137 13 553 66 3302 1917 1918 966 1919 4 9428 -1 -1 0 0 0 0 8 7 8 5 6 6 4 3 8 3 0 0
"2c7350c307e8dc0e" 35 1531 1532 357 13 357 87 6785 38 286 17473 13 553 61 3455 537 394 683 286 1533 13 553 357 423 34 3185 351 25975 326 13 2 13578 151 417 2318 4 9429 -1 -1 0 0 0 0 6 8 7 7 6 6 8 5 5 7 0 0
"c6ed189fb55b0317" 31 41 347 1794 116 940 13 297 347 361 547 330 13 553 499 385 1992 35 1319 657 171 845 13 553 113 66 703 113 1604 353 364 4 9430 -1 -1 0 0 0 0 8 9 9 6 8 6 5 6 6 7 0 0
"509182d0726690fe" 38 28 347 14096 13 113 25976 13 19601 25977 13 5906 353 2155 13 1869 796 1480 329 13 553 357 66 12676 1580 353 14566 3478 13 357 6659 191 66 25978 13 596 3814 3815 4 9431 -1 -1 0 0 0 0 6 9 8 7 6 8 6 3 7 7 0 0
"da8f9560b7a19d74" 41 66 25979 367 1775 5381 23557 13 357 341 151 10636 188 25980 13 553 357 66 703 7587 188 25981 25982 13 5906 367 2155 13 553 7566 2619 1220 13 66 7078 367 3327 25983 1188 359 457 4 9432 -1 -1 0 0 0 0 8 9 8 8 7 6 5 4 9 7 0 0
"5bbd434df8b74eff" 33 25984 515 1869 1580 1408 4403 3451 3450 13 553 1071 170 637 53 25985 937 359 25986 16740 13 553 357 87 484 305 25987 38 2775 25988 1078 93 1077 4 9433 -1 -1 0 0 0 0 7 7 6 6 8 6 3 3 5 6 0 0