"7ba94dbbd4a6f9e2" 7330 1048 5060
"f05b3ebc74b852be" 4813 2553
"5f2e76c481bb1556" 11563 4875 1530
"49920ab3ec7f9876" 3426 3501
"fad22508665c108a" 4759 11991
"d0754e36c3e660c5" 6734 8234
"0b2ab78a0f785ae6" 3972 5638 12021
"35065598a4235c68" 6798 3478 942
"f1e216ee7aa1930d" 742 4484
"2a271b8f308ed97a" 6383 6994
"cbc5119069dea181" 9928 8487
"a5beebd618be83aa" 3411 10742
"b153927a6c3afc9b" 9585 1995 5418
"1238583839e2b4dc" 7031 6377
"ce3a226f7d1fa239" 1608 11991
"15106ea57028d758" 7440 6060 9020
"78d6afde7c35a1f8" 6650 1744 2596
"d92e724e1b5a8fbc" 11880 7144
"3ba9589bbe589a80" 8181 11261 6292
"ecaa846cb41f9743" 754 4759
"954da72e362a5bf3" 11188 2553 11991
"5ea604d34f771ba3" 5060 3972
"fb31640c430576c1" 3846 4484
"b60d6b836a195b27" 6798 1608
"294baefa0df0fb41" 9585 7330 10742
"ba44377a2596c175" 942 7144
"519c09c88f64fb3d" 6060 1530 6798
"0a007014e453f1a1" 3501 8234
"13a216ee7aa1930d" 742 3478
"f0d33ea46266508f" 6377 5638 8487
"317d3ebc74b852be" 4813 11261
"64e725afa8d0603e" 3411 7440 3426
"176fb09ebfbf5547" 1995 12021
"ee944e36c3e660c5" 6734 4875
"ad6d94c03be19533" 6650 6383 2596
"de2ffefe9fb7eac4" 1048 1608
"6f75f7893e4c8d84" 9585 1744 4484
"446c1354be32d0c2" 9578 8181
"de9d3ebc74b852be" 4813 11991
"fdd7b78a0f785ae6" 3972 5638 2596
"a12e790aeb8fc1a2" 2553 9928
"97444e36c3e660c5" 6734 3478
"f0e4dc1f508654fc" 7330 7144
"9e50640c430576c1" 3846 942
"2ee82163e8ba7cd5" 11563 5418 6292
"a2d6583839e2b4dc" 7031 754
"f50316ee7aa1930d" 742 5060
"6051f1db95338bb4" 1530 9020 8487
"da9a59035185b6ad" 6893 9417 122
"5e05cb7566eec7e7" 10262 9434
"29575cf0dc89902c" 5329 1864
"aeac848e703d7cb8" 2174 3991
"8f8c27fe55ec8eeb" 6539 10940
"dc2354cb89481181" 9241 4012 10567
"28e33a9c5df14dcd" 6014 47
"793c8cea1bc21b6e" 10660 7887 583
"052fefb037bdb92e" 6888 2331
"81fd71e9f2863955" 6189 2608 8362
"4594e838dfd34a87" 7695 10084
"1447255f4c137992" 791 7913
"2030146fac7a2ea6" 3932 2793
"2368033e140245fd" 8075 6646
"b7f8ca1783e67bc0" 4840 3654
"6bda3563c88eff6b" 5343 12086
"fc0827db59091f35" 8878 1292
"8d1c80c5ec869079" 3876 2711
"1d2f15f7c8034001" 290 1578
"15244cc7d3ce652a" 10634 7778
"66ed044ca0a6beff" 6271 2246
"400aca1783e67bc0" 4840 7887
"4f167a47433fd385" 2796 8075
"f87025f7c8034001" 290 6888
"bf2bdee4aa9a0e9d" 9671 4012 2711
"7707c3ea25ee1069" 2246 122 3654
"9497db8da6c5602e" 6893 10567 2608
"c6daa9e244cac878" 9417 6189 7913
"a5830a54f5018ade" 9241 6014 8362
"d8779e46f4573cd8" 8878 6539 791
"76b3cb7566eec7e7" 10262 3932
"ac498e6f7e80822b" 1864 6271 3654
"cc5b5b7fedadc45e" 2246 5329
"b63ed37f97408ff3" 8982 9434 10634
"50af69d7520705e4" 122 3991 583
"8f7a5da5a1d212a4" 5343 6893 47
"b9a6d5687e57d6b6" 2331 7695
"206260092531ed01" 3876 10940 2793
"945d848e703d7cb8" 2174 6646
"d65e25b6df23a234" 1292 10084
"be5b93b70a21e8bf" 10660 1578
"19c11ab18d8b6c27" 4840 12086 7778
"7ccb37e0163a305f" 9671 6271
"a5cf5020b38a1bcb" 7887 8362
"490def63b8e1a39d" 1292 10660 8075
"6c6448696c22d4ae" 9417 2608 3932
"4967637c19a9d5ed" 2246 6014 47
"1705f518f51f401c" 10224 11220
"b3eafe96db28e7e1" 6877 237 6340
"c9cf7c2d54b0e73c" 3866 11357
"a9130e6c5b5d42b1" 9963 5323 3615
"dced46522861b026" 5961 619
"c4a218392e2084b0" 2940 7315
"09445cf2cd1dd69a" 5253 4540 5870
"8ea1f39968ad75f6" 9655 7024
"ba9850e62a312ec8" 11548 5539 3167
"4ee91c7980894994" 10677 6
"1f11ae8f43cc0618" 10699 4213
"8acc76785d39a7e3" 11930 1889 9736
"bfaeed32a94cee09" 6319 9963
"e856680aae9da63d" 1225 6572
"8f0e6d2a4feeb15d" 9181 1225 6485
"97a168d5c4bacccb" 2854 670
"c36a4e6ba2fb2809" 3866 11548 9181
"f93218392e2084b0" 2940 5606
"e8567bfef6f1f7c4" 6936 4213 4540
"69f89caa7201ac92" 5870 7315
"705e573345222e47" 9897 5253 4908
"4eabb4241358caa8" 5778 9316 11685
"fecd95273a0f6e8c" 3001 6877
"6c7736aa29176244" 6485 5961 10091
"12efd14c26c27825" 3615 1889
"e7ffe39968ad75f6" 9655 6
"dd1880cf38f54ecf" 5323 11685 10224
"6a5c18d8716f447d" 11808 11357 6340
"ef87680aae9da63d" 1225 11548
"348c0b7f770dc55c" 2940 5606 7024
"6758b036fbe99174" 5253 9736
"1e4d44195d4ae6c9" 10677 10091 5868
"841ec2702da367a3" 7935 237 3167
"1c3cf1da2222a746" 6329 6319
"51129687882e9a37" 10699 619 11930
"3ab48651ed89224d" 9963 3001 5778
"98dca6bdc51c5b64" 6877 5539
"22d3c11a5c7a9570" 4908 9181 11220
"9f71ffc0d40799a7" 11357 7315
"298f2347a7e57a51" 7024 7935 2854
"59a0960d7817807b" 6936 10224 6340
"b835bf5ce681e15d" 9897 5961
"c50b96313dc84f00" 5868 1889 11930
"bf7fab4dadd93727" 11808 5870
"0852e8be6f2fecc1" 6329 11685 4213
"e72bad4fea75483c" 619 6 6340
"459535d6f6d57131" 9316 9655 2940
"8a3e3db363a2fbc8" 82 7664 8077
"70708ae25e7bc602" 6137 5557
"2c4a8f0528dd8ed8" 9264 2384 11321
"9a395ef7e25c1788" 2503 2349 4472
"f814db58b9a83403" 5166 8780
"1e2684ce8d887d6c" 589 11751 8520
"e08107313437da2e" 8906 22 9549
"7c2e8d0e69adf118" 5481 7925 4220
"139ae890a3b90e5a" 4437 7987
"9b5717b2d7234c28" 5453 602 1161
"50bbacce71cede38" 5448 9103 689
"287cb08b5135c51a" 8803 4174
"c600a31dbf85f31d" 1121 661 2377
"0904cca862c21646" 5967 2880 7648
"a735a5bc391fda96" 5494 4950 5357
"b5bb81ee717bd65e" 4503 8561 5222
"f63076b8ebe78f73" 2827 8789 82
"3d3c66ef489d5495" 5976 689 5557
"9685f9c3d360feaa" 627 8550 7047
"0c4e8db3ffbdc414" 7742 7853
"689c1751c9b6ca35" 5781 11488 1408
"cb52da5d2e265e4c" 7547 5451 11953
"de055e18d6ea32af" 5397 9775
"058ff656e566bc30" 5389 4489 10813
"47211a8291f8da23" 8897 4858
"12b4561497229a5d" 7857 6820 6827
"916ba6ace70de0b9" 6167 4033
"722b8c14603dc716" 4596 10813 4081
"e13b363c8d212551" 4458 4303
"a12fa9dffd77d6cc" 11949 9380
"f1b50ac50b44ad62" 377 11853
"97d4ce89718c9839" 3347 8021
"0f25fd992d5c18aa" 6820 9775
"616fe5e31c2c66aa" 11853 1408
"a3f18ea961a68dde" 11953 10384
"9c2abd672128df03" 4081 9380 3347
"5bea9760008ee485" 4489 3347
"c0fac736fcf6d4f9" 4081 7547 6827
"203937bc2c4756ed" 11300 8897
"bdc210c7943c8c9b" 10813 5397
"1b4c0f1752d2636c" 7857 6167 6820
"d98e9480dec30e95" 9775 5389
"e265bba571bffaf9" 8550 3347
"d3b9b6a4fcb5738e" 6827 4596 11949
"903fe5e31c2c66aa" 11853 627
"668e67dce44774d3" 5451 4458
"eed5c07bb15df75d" 7047 4033 377
"7c0e9480dec30e95" 9775 3383
"4d8e8db3ffbdc414" 7742 8897
"afbdb2e18e5c678c" 7853 377 6167
"b75ea9dffd77d6cc" 11949 6149
"e7a937bc2c4756ed" 11300 10813
"cd130da7d33d8ce9" 627 3347 4081
"72c40ac50b44ad62" 377 8021
"45ab363c8d212551" 4458 6149
"009433776c451648" 6820 4858 4033
"168ad982cf5565b7" 9382 5397 11953