"fd1f03283070520a" 31 24904 13 940 13 24905 24906 2734 24907 553 14 349 38 434 24908 2 24909 24910 553 12823 436 355 14076 297 24911 553 20 3221 24912 11118 24913 4 9134 -1 -1 0 0 0 0 8 7 9 7 7 7 6 4 4 4 0 0
"41d9b70cfb3f84cf" 23 6948 24914 13 24915 24916 553 357 3313 4103 1378 386 7847 23203 4104 553 24917 24918 18 13 548 24919 24920 4 9135 -1 -1 0 0 0 0 6 6 4 7 5 9 2 8 7 8 0 0
"729d9dcc4741f11d" 28 2 1110 521 24921 20 6521 3198 22681 553 1071 7035 7036 6591 1016 319 454 553 24922 1109 7659 24923 13 1488 87 61 1016 5218 4 9136 -1 -1 0 0 0 0 9 7 8 9 8 4 3 4 8 7 0 0
"691e4441548f1d24" 16 482 66 14251 3993 24924 5278 553 1879 3819 927 13 12024 941 24925 24926 4 9137 -1 -1 0 0 0 0 7 5 5 9 6 5 7 6 6 8 0 0
"4e4a1ee6eb8d40e2" 15 6877 3025 8665 1923 13 553 845 61 1182 2720 24927 942 24928 5631 4 9138 -1 -1 0 0 0 0 8 6 9 7 8 6 5 5 4 5 0 0
"22d5bf55d659a5f0" 19 2 1764 297 25 3032 95 1342 171 24929 24930 553 11453 2 2796 424 1552 24931 24932 4 9139 -1 -1 0 0 0 0 9 8 7 9 8 9 6 4 3 5 0 0
"237c6fefcfdc8bbc" 18 4773 4757 490 3970 15838 24933 553 1664 2546 24934 113 25 24935 13 3221 3753 68 13 9140 -1 -1 0 0 0 0 6 4 5 8 7 2 3 7 9 8 0 0
"f65f61f745e3668d" 29 9500 12912 6087 13 553 24936 2131 13 87 61 24937 24938 24939 24940 24941 553 15866 61 410 308 1069 1825 13 191 24942 2956 24943 24944 4 9141 -1 -1 0 0 0 0 8 7 9 7 7 7 6 4 4 4 0 0
"96042f21f936460e" 19 1494 1525 8131 13 2890 2 24945 553 953 297 20 93 24946 9299 24947 772 3037 24948 4 9142 -1 -1 0 0 0 0 9 8 9 8 7 4 3 3 5 6 0 0
"fdb3ef0e584ec278" 20 93 24949 19652 18049 9838 13 553 87 1489 4109 1016 8958 20 2023 6874 9722 609 24950 670 4 9143 -1 -1 0 0 0 0 7 6 8 7 7 8 6 4 6 7 0 0
"a2de9ea98fd66c4d" 22 13517 735 76 61 24951 13 24952 24953 13 553 20 704 1720 3082 8815 13 1552 24954 24955 2948 24956 4 9144 -1 -1 0 0 0 0 8 7 9 7 8 8 6 4 4 5 0 0
"f98f242c1052652b" 13 2 1753 3970 24957 13 553 1580 417 704 5217 14452 15427 4 9145 -1 -1 0 0 0 0 7 6 9 5 6 8 3 8 8 7 0 0
"df76c242f5b46979" 17 1509 13111 13 553 1793 53 3327 13 553 76 61 5141 1033 396 2094 521 4 9146 -1 -1 0 0 0 0 8 6 8 7 7 6 4 3 5 6 0 0
"c3a07d775ef49a3c" 40 5155 3241 13 553 171 3358 61 8952 13 553 24958 24959 24960 1031 19034 3313 24961 24962 24963 2 24964 24965 24966 24967 588 6499 24968 24969 24970 13 1842 359 21571 2287 13 1580 87 361 1841 4 9147 -1 -1 0 0 0 0 6 5 7 6 5 5 2 2 4 6 0 0
"1bf852219a527069" 25 1114 150 2861 2536 13 1709 1094 351 13 1079 553 1354 1013 11429 61 87 16262 14568 13 553 386 24971 24972 24973 4 9148 -1 -1 0 0 0 0 9 7 8 9 8 7 5 3 3 9 0 0
"c52a62b193448ba3" 22 8153 24974 2417 1913 24975 91 24976 8462 13 553 2957 8578 5216 2 24977 10793 13 2 12389 113 10666 4 9149 -1 -1 0 0 0 0 5 3 6 2 2 2 2 1 1 1 0 0
"3edfbd6c9402cd51" 20 8486 188 24978 20172 24265 24979 6018 13 553 550 7905 13 2 134 171 6601 10729 703 1658 4 9150 -1 -1 0 0 0 0 4 7 8 6 4 4 4 3 4 4 0 0
"7a716a8fb4ef73b5" 18 2637 16029 13 171 2859 24980 3025 13 553 2 6863 6449 24981 13323 188 10021 14745 4 9151 -1 -1 0 0 0 0 9 6 9 9 8 4 3 2 2 1 0 0
"9e2abe150847ff6c" 41 1071 24982 150 36 24983 504 13681 10478 547 24984 14802 24985 24986 24987 13 553 15137 15138 13 15139 15140 24988 8132 13 718 13 25 18 6836 13 417 4486 704 305 2891 10642 13 357 8823 2028 4 9152 -1 -1 0 0 0 0 8 6 9 7 9 8 6 3 4 3 0 0
"4c775e3c2fb0ed5f" 19 598 599 645 305 106 113 392 13 553 357 41 3241 515 150 13 171 24989 727 4 9153 -1 -1 0 0 0 0 4 8 8 7 5 4 3 2 3 4 0 0
"55c4792792399a27" 27 7942 2737 13 353 6099 297 13660 13 553 357 4103 1378 3313 4104 24990 1434 1420 13 1354 1013 11429 13 87 61 16262 24991 4 9154 -1 -1 0 0 0 0 6 5 8 7 7 3 6 4 6 5 0 0
"8bd49571c3403377" 17 87 7317 7318 7319 13 191 10169 805 13 553 4773 4757 171 11372 22761 355 4 9155 -1 -1 0 0 0 0 5 6 5 5 4 3 5 2 4 2 0 0
"468868fa3b04442f" 18 1735 2028 1425 13 359 5847 13 553 953 297 13 2 1342 1745 417 2200 2695 4 9156 -1 -1 0 0 0 0 7 4 8 8 6 3 2 2 5 3 0 0
"24e8b631de2de06d" 24 95 1342 61 24992 13 6836 170 2 24993 3623 13 553 1114 150 2861 2536 13 17137 39 113 13133 7801 3727 4 9157 -1 -1 0 0 0 0 7 6 7 6 7 3 4 5 6 5 0 0
"423929b2c3b8fa52" 26 1509 13111 13 24994 24995 3248 21206 13 553 113 1592 2809 24996 9630 2 1342 61 24997 13 1580 417 1990 704 5217 14452 4 9158 -1 -1 0 0 0 0 8 6 8 6 7 3 3 2 4 2 0 0
"9e2473e4e2fad95c" 18 423 61 308 1069 1825 13 4862 3514 13 553 6863 9151 61 661 24998 188 9067 4 9159 -1 -1 0 0 0 0 6 6 7 5 5 2 3 3 4 3 0 0
"a392171fcc6fe503" 26 20 8578 5216 13 1342 61 24999 25000 17011 13 553 1643 2763 457 286 2764 13 2 24993 1561 21110 704 1842 359 3428 4 9160 -1 -1 0 0 0 0 8 7 9 8 7 5 4 4 5 5 0 0
"7127ee6361109802" 17 25001 21156 66 788 13 482 11453 13 553 1342 150 151 3804 13 2905 5719 4 9161 -1 -1 0 0 0 0 7 5 8 6 6 3 3 3 6 4 0 0
"df18fee772cddaa1" 26 1494 1525 331 13 600 4970 7675 25002 15019 13 553 2 41 507 5337 13 297 61 742 566 396 435 25003 1033 1534 4 9162 -1 -1 0 0 0 0 9 8 9 8 7 3 3 4 4 3 0 0
"6f6fc69d678eb9c6" 24 18855 61 8952 13 1549 373 25004 2038 13 553 1664 2546 13 2 102 61 25005 13 191 704 1720 3082 8815 4 9163 -1 -1 0 0 0 0 7 6 7 6 5 3 3 4 4 3 0 0
"ee07ae7dc28a3b1d" 13 10769 2431 25006 21222 13 553 15137 15138 15139 25007 25008 25009 4 9164 -1 -1 0 0 0 0 5 4 6 4 3 2 1 3 4 7 0 0
"f67870c98e59d0bd" 28 25010 25011 13 1874 5711 2 981 25012 13 553 1334 10322 13 2 14996 170 19437 13 553 1890 14251 5278 13 2 25013 1306 1621 4 9165 -1 -1 0 0 0 0 2 3 5 4 1 4 1 3 4 3 0 0
"c1941303700c4fde" 30 10769 188 1931 13 1800 188 18609 13 553 1793 53 3327 13 482 34 26 13 87 25014 2 25015 13 553 311 7926 61 87 520 15799 4 9166 -1 -1 0 0 0 0 8 9 9 7 7 2 8 3 9 5 0 0
"dde18c36243f6ee5" 29 25016 25017 13 347 39 3314 93 4093 13 553 25 547 134 190 13 2086 25018 25019 13 553 23825 25020 7036 13 519 4638 3727 2265 4 9167 -1 -1 0 0 0 0 3 3 3 3 3 2 3 4 3 3 0 0
"bfbf50fcc20cf797" 30 8486 9320 13 25021 1571 13 25022 13 553 4109 1016 8958 13 144 8229 25023 116 774 4093 13 553 2 482 703 1658 13 3327 2370 20132 4 9168 -1 -1 0 0 0 0 6 7 7 5 5 8 6 4 5 6 0 0
"3c63e166a3becc3f" 35 948 14 1930 13 1122 25024 1710 13 3041 13 553 1109 925 25025 95 13 1114 304 3302 3753 2 2834 13 553 150 373 2861 2536 13 113 1808 18324 2 832 4 9169 -1 -1 0 0 0 0 9 10 8 10 9 3 9 7 10 10 0 0
"00717c346dee38f9" 24 1509 13111 13 1509 25026 13 553 2 25027 376 13 25 1109 150 8229 25028 13 553 953 297 25029 10043 25030 4 9170 -1 -1 0 0 0 0 4 3 5 5 3 1 4 1 2 3 0 0
"7de423c6c7d54ef9" 30 1109 13102 95 8215 1621 13 553 1071 150 36 545 3247 13 1109 1589 87 774 25031 25032 13 553 1990 596 22328 607 20962 1552 1258 1621 4 9171 -1 -1 0 0 0 0 7 6 6 8 6 2 3 5 8 10 0 0
"37e96575c754f28b" 29 10769 25006 25033 13 772 11429 13 553 1354 1013 34 11429 13 87 16262 14568 13 553 2 6936 25034 362 13 2652 529 11 2 1778 4 9172 -1 -1 0 0 0 0 8 8 8 6 4 4 3 6 8 6 0 0
"f191e68981dbf991" 24 4773 4757 13 1882 25035 25036 13 553 1664 353 1123 25037 13 553 482 703 1658 13 1232 188 1828 3302 7707 4 9173 -1 -1 0 0 0 0 7 6 8 5 4 2 3 3 5 5 0 0
"79267540694511be" 35 1886 25038 13 61 25039 4104 13 553 1549 13517 735 76 61 13 38 14415 5399 170 4885 13 553 2 1885 87 1094 13 1604 25040 13037 25 6020 2 25041 25042 4 9174 -1 -1 0 0 0 0 9 9 9 8 7 1 3 7 9 9 0 0
"41e19d3aa5e1831c" 22 801 4107 2017 2169 23337 13 553 25 373 1078 13 4638 1043 25 3032 2724 13 553 131 14595 5337 4 9175 -1 -1 0 0 0 0 6 7 5 5 3 2 3 5 4 5 0 0
"5947231912785d6a" 31 11367 113 5395 5262 13 359 1032 25043 13 553 113 1592 2809 13 1806 25044 25045 2 25046 13 553 5013 9151 13 87 25047 5013 9066 188 10021 4 9176 -1 -1 0 0 0 0 6 6 8 6 4 2 3 3 4 6 0 0
"c48fd4a7f03107c7" 32 1179 63 2979 13 3405 61 25048 25049 13 553 20 5847 13 2 25050 25051 4211 13 553 423 61 308 1069 1825 13 28 393 2142 87 22499 25052 4 9177 -1 -1 0 0 0 0 8 7 6 7 5 2 1 5 5 6 0 0
"d9c36124f91c9a21" 50 23786 1351 2220 13 13 2 1110 521 1502 13 553 76 61 5141 1033 396 13 2 596 946 313 61 35 588 113 188 4403 8583 13 553 25 18 3093 13 417 4486 61 8822 13 1549 8823 2028 13 553 282 1580 25053 5201 25054 4 9178 -1 -1 0 0 0 0 9 9 9 9 8 2 1 4 8 7 0 0
"f31ddcba379caf00" 15 150 487 25 1863 421 13 553 598 599 2 621 9393 645 305 4 9179 -1 -1 0 0 0 0 0 0 0 0 0 0 0 0 0 0 0 0
"1b1c9ad74faff135" 19 1494 1525 13 87 7319 7318 7317 13 553 6738 3037 2 1494 25055 274 188 23281 7317 4 9180 -1 -1 0 0 0 0 0 0 0 0 0 0 0 0 0 0 0 0
"7209dc9b39c02241" 17 1643 2763 1109 286 2764 457 13 553 6936 455 25056 25057 2 8062 25058 25059 4 9181 -1 -1 0 0 0 0 0 0 0 0 0 0 0 0 0 0 0 0
"892b3c4d83b43ccd" 18 1047 1131 9604 13 537 25060 25061 25062 13 553 25063 2316 373 11656 57 63 25064 4 9182 -1 -1 0 0 0 0 0 0 0 0 0 0 0 0 0 0 0 0
"71b3c4a896973463" 22 796 547 3907 13899 722 8812 2 621 13 553 357 25065 347 993 499 417 23387 25066 9481 2265 25067 4 9183 -1 -1 0 0 0 0 0 0 0 0 0 0 0 0 0 0 0 0
"a7527a33e94df6ed" 24 547 7648 25068 2564 616 25069 13 553 499 66 5546 457 1022 616 22273 25070 25071 25072 55 25073 1720 4337 25074 4 9184 -1 -1 0 0 0 0 0 0 0 0 0 0 0 0 0 0 0 0
"c6d117e8c2d6695d" 23 3530 25075 25076 11067 13 25077 25078 25079 1621 13 553 102 1473 3251 25080 2 860 1192 1552 25081 25082 25083 4 9185 -1 -1 0 0 0 0 0 0 0 0 0 0 0 0 0 0 0 0
"48f8987f3973fa01" 22 95 25084 927 24036 25085 9169 13 553 150 25086 25087 25088 25089 993 25090 1071 25091 14233 25092 4 68 13 9186 -1 -1 0 0 0 0 0 0 0 0 0 0 0 0 0 0 0 0
"86dbea32e5243567" 23 41 150 2852 12779 36 330 25093 25094 13 553 15770 25095 25096 25093 2 12385 5555 2128 93 25097 4 68 13 9187 -1 -1 0 0 0 0 0 0 0 0 0 0 0 0 0 0 0 0
"7849fdc84142595c" 28 93 609 704 102 25098 25099 25100 13 553 25101 25102 7153 7092 102 25103 2 1487 22713 10 11 13 482 621 4862 25104 4 68 13 9188 -1 -1 0 0 0 0 0 0 0 0 0 0 0 0 0 0 0 0
"f8ad85278c81924d" 23 191 14346 777 25105 13 2 162 93 1608 13 553 25106 2258 25107 703 13 341 639 36 640 4 68 13 9189 -1 -1 0 0 0 0 0 0 0 0 0 0 0 0 0 0 0 0
"5648dffe177e46cd" 38 25108 25109 25110 2 25111 25112 2 3663 13 38 7642 14304 25113 25114 2 25115 25116 25117 25118 13 553 35 25119 2570 934 61 134 25120 7549 2 25121 1173 25122 25123 25124 16483 68 13 9190 -1 -1 0 0 0 0 0 0 0 0 0 0 0 0 0 0 0 0
"4712648276f4adc1" 37 4412 61 373 13233 25125 13 61 102 25126 25127 12139 13 2 25128 5579 25129 113 388 25130 25131 3519 13 553 2 4412 61 102 457 643 13 150 2738 25132 25133 25134 25135 4 9191 -1 -1 0 0 0 0 0 0 0 0 0 0 0 0 0 0 0 0
"3970fa3239cfcac8" 22 357 1808 10600 61 25136 25137 13 553 13722 13723 25138 25139 13 134 1360 3302 25140 2446 25141 4 68 13 9192 -1 -1 0 0 0 0 0 0 0 0 0 0 0 0 0 0 0 0
"14d4512faa65d511" 26 95 1603 150 36 1602 13 93 3014 349 13 553 35 10842 1552 10843 515 13 134 22333 25142 3302 24621 3970 25143 25144 4 9193 -1 -1 0 0 0 0 0 0 0 0 0 0 0 0 0 0 0 0
"bace1d9e0df630f3" 21 20 386 20 603 1342 361 5765 13 553 517 621 1825 68 25145 2 25146 102 4405 357 446 4 9194 -1 -1 0 0 0 0 5 6 8 7 4 7 3 2 2 3 0 0
"a37c5ded942613c8" 22 134 25147 122 13 553 359 9313 9314 816 13 553 25 23662 66 999 13 553 417 25148 1006 1293 4 9195 -1 -1 0 0 0 0 8 6 9 6 7 6 3 2 2 2 0 0
"ea85a6237c97c527" 25 3257 6988 305 13 553 2369 6989 13 553 417 1885 25149 13 357 653 25150 13 553 87 113 15147 5580 5581 1882 4 9196 -1 -1 0 0 0 0 6 5 4 6 6 5 2 3 3 3 0 0
"b3172569acf566bc" 13 7667 7668 13 553 347 2852 713 18371 16362 1793 6701 353 4 9197 -1 -1 0 0 0 0 7 8 6 7 5 8 5 3 8 3 0 0
"81f7159a865ee129" 15 8412 11111 25151 9468 13 553 357 713 20084 25152 13 2 283 2312 4 9198 -1 -1 0 0 0 0 5 4 4 6 5 6 4 3 6 4 0 0
"5dbe1bd5751c60f5" 16 1042 61 545 1196 17912 13 553 20 574 13 1580 1109 113 25153 728 4 9199 -1 -1 0 0 0 0 4 5 7 6 5 6 2 2 7 3 0 0
"1c907f03e3d22242" 12 66 573 698 13 553 17945 17946 981 113 386 25154 4 9200 -1 -1 0 0 0 0 6 6 6 7 6 8 3 4 6 5 0 0
"a6759a785f5b6a48" 17 191 999 14312 7994 20506 3901 13 553 2204 113 16954 10694 13 2 14060 25155 4 9201 -1 -1 0 0 0 0 8 7 9 6 8 7 3 2 2 3 0 0
"e51ed37417b7ff92" 25 2 721 737 1236 13 553 35 102 2284 25156 25157 13 553 499 342 963 13 357 574 93 367 13678 2734 25158 4 9202 -1 -1 0 0 0 0 7 6 5 7 6 6 3 3 6 4 0 0
"c65d334229f7e69e" 27 3257 6988 305 2218 13 553 2369 6989 13 553 1071 66 574 35 34 26 25159 357 1093 13 553 588 25160 2 25161 25162 4 9203 -1 -1 0 0 0 0 7 6 4 6 6 5 2 3 6 3 0 0
"913118965328dc3a" 17 282 722 265 2934 504 699 13 553 134 25147 122 13 359 1793 25163 25164 4 9204 -1 -1 0 0 0 0 9 8 9 7 7 8 4 3 4 4 0 0
"ff77dba975d9cafc" 16 66 573 265 25165 2 25166 13 553 9600 18015 2006 150 1510 1145 9601 4 9205 -1 -1 0 0 0 0 6 7 6 7 6 5 3 3 8 4 0 0
"8a9e5af0aecc4382" 22 2 10231 13 553 1641 21241 19524 1319 1270 13 553 191 18326 13 25 12676 2941 2 106 12676 305 4 9206 -1 -1 0 0 0 0 6 5 5 6 7 6 4 6 7 8 0 0
"dc6e7df63ef7ca39" 21 35 102 2284 25157 13 553 113 191 87 10248 5580 5580 13 553 44 628 2 1862 1825 1621 4 9207 -1 -1 0 0 0 0 7 6 5 7 6 6 3 3 5 4 0 0
"4791d509ce3660f4" 27 1047 9604 13 553 7133 2676 481 14233 13160 13 553 508 22949 13 2 519 13 553 4638 7329 170 94 362 9936 2 23748 110 9208 -1 -1 0 0 0 0 5 6 6 5 5 6 3 3 4 3 0 0
"6efb6b3b78469eb4" 30 283 373 358 13 788 457 628 8864 13 553 4412 61 8704 1122 2472 351 25167 1464 13 553 10842 1552 34 10843 515 113 1890 66 23371 4 9209 -1 -1 0 0 0 0 2 5 4 3 6 5 4 4 3 4 0 0
"a9b8658cd04fa285" 30 41 150 146 12779 1157 4667 330 13 553 93 609 102 8522 13 102 190 25168 13 553 102 61 643 13 286 305 796 1511 15312 25169 4 9210 -1 -1 0 0 0 0 3 4 5 3 4 3 2 8 4 6 0 0
"49d06f7d587eecbb" 27 8412 11111 9468 2732 13 553 9167 9168 38 9169 13 25170 25171 25172 13 553 95 150 36 1602 1603 13 66 2374 19957 25173 4 9211 -1 -1 0 0 0 0 6 4 3 6 7 8 5 3 4 2 0 0
"463fab775081ea8a" 22 13899 3907 722 13 359 25174 13 25175 25176 13 553 1874 25177 191 6734 25178 13 4856 150 3497 2151 4 9212 -1 -1 0 0 0 0 4 7 6 5 4 7 2 2 3 5 0 0
"0c681fa87e0fa20a" 38 731 3155 3156 13 718 13 357 150 1052 13 553 2 721 737 1236 13 35 12076 1498 1187 13 150 7597 3302 13 553 596 87 5579 5580 5581 125 13 718 282 150 362 4 9213 -1 -1 0 0 0 0 3 4 5 3 4 7 5 3 6 6 0 0
"cf2bbe31099fbb90" 29 35 102 2284 3642 13 17950 744 87 371 13 553 7648 3338 7649 95 1841 150 25179 13 1669 4183 13 553 25180 16241 171 7929 8104 4 9214 -1 -1 0 0 0 0 4 4 5 4 3 7 4 3 5 6 0 0
"1f26c54ddd4e0237" 31 1763 25181 1151 171 9530 13 25182 171 25183 13 553 12990 744 18743 20 25184 1420 25185 13 553 191 999 14312 7994 13 596 23331 25186 358 7150 4 9215 -1 -1 0 0 0 0 6 7 6 8 6 4 8 4 4 2 0 0
"50d7185e3c9b1e02" 36 113 150 720 1888 6960 13 7075 55 4326 9481 13 553 20 5938 5939 5823 13 2 373 134 5358 1977 171 23219 553 20 150 87 1228 504 1229 1230 1231 934 6448 4 9216 -1 -1 0 0 0 0 5 3 3 4 6 5 3 3 6 6 0 0
"dbeb29ed689eba89" 31 7667 7668 13 637 9604 41 18701 25187 13 553 102 71 134 25188 135 13 2 4007 1914 1879 13 553 347 193 25189 13 347 25190 499 3488 4 9217 -1 -1 0 0 0 0 4 4 3 5 7 6 2 3 8 6 0 0
"0e0e7540ec1172bf" 38 35 3748 3746 61 1886 2 311 5974 25191 13 553 357 9025 10600 150 596 36 25192 548 25193 13 553 347 2157 25194 13 347 55 68 68 150 36 2968 1294 25195 25196 11694 4 9218 -1 -1 0 0 0 0 5 4 3 6 4 4 3 5 6 6 0 0
"e38179cd87793aa9" 38 2 1042 61 545 5876 13 2813 25197 2475 13 553 87 14747 14748 14749 14750 5579 14751 25198 25199 25200 2 2056 20386 13 553 517 373 4405 357 446 13 282 25201 25202 25203 25204 4 9219 -1 -1 0 0 0 0 3 5 4 3 4 7 8 4 3 6 0 0
"185714dcae0f5625" 36 3530 607 3531 13 359 9313 9314 816 934 13 553 25205 20596 1550 13 636 146 25206 3327 25207 13 553 188 25208 25209 61 25210 13 25211 19819 13 359 25212 25213 25214 16483 9220 -1 -1 0 0 0 0 3 4 4 3 3 5 5 3 5 6 0 0
"ae5ea3e591513e7a" 29 713 1511 2311 2312 13 3840 2056 1952 2059 13 553 25215 11607 2014 53 2247 25216 13 25217 18 575 13 553 25218 13724 25219 326 25220 16483 9221 -1 -1 0 0 0 0 4 6 7 4 3 4 2 3 4 2 0 0
"f59e76a964915982" 28 191 14346 14347 13 25221 25222 13 1109 5537 13 553 2828 2829 1343 1749 13 12934 25223 13 25224 55 25225 25226 13 553 1004 25227 110 9222 -1 -1 0 0 0 0 5 7 6 5 6 8 5 3 4 5 0 0
"e08b10a07f4e6e40" 38 3257 6988 305 2218 4391 6989 13 4460 113 13 553 347 2852 713 13 520 414 1842 347 2431 25228 13 553 16954 10694 2 25229 17541 25230 125 87 150 21096 13 347 25231 4668 16483 9223 -1 -1 0 0 0 0 4 3 3 5 5 4 3 5 7 6 0 0
"d3aba3831a1c8f5a" 20 2 10231 25232 23 13 347 326 7093 13 553 2 721 737 1236 13 1580 25233 171 6498 4 9224 -1 -1 0 0 0 0 9 9 8 6 7 3 2 5 2 6 0 0
"badd86e722ade4cf" 19 2337 341 36 640 13 102 61 643 13 553 330 150 7977 1007 721 25234 2636 1113 4 9225 -1 -1 0 0 0 0 7 8 8 7 6 2 3 4 6 6 0 0
"63f0955750e926a2" 23 713 1511 2312 11398 10275 13 553 191 14346 14347 286 2038 25235 13 553 134 11044 122 13 174 2859 25236 4 9226 -1 -1 0 0 0 0 8 7 9 8 6 3 5 6 4 8 0 0
"4f23d7b9dafc0d9b" 21 283 373 358 13 878 4107 358 13 35 373 96 13 553 508 4181 13 534 305 359 5765 4 9227 -1 -1 0 0 0 0 6 4 6 6 3 5 3 6 2 4 0 0
"00f63ef4e7f00cfe" 27 35 102 2284 3642 13 1342 1882 25237 13 553 93 609 102 8522 13 13092 25238 13 553 102 10933 134 13 10 11 135 4 9228 -1 -1 0 0 0 0 9 9 9 9 7 5 4 4 3 7 0 0
"445eea7cba5ce860" 21 1238 424 13863 13 1238 2782 13 347 6391 545 326 13 553 25239 901 737 7933 160 2136 6114 4 9229 -1 -1 0 0 0 0 8 8 7 6 5 4 4 3 2 4 0 0
"d56bb759f3ef8ce1" 22 134 286 3314 13 718 13 357 586 13 718 13 553 8894 721 13 20 8776 93 4 134 745 4 9230 -1 -1 0 0 0 0 6 6 5 5 4 3 3 3 5 3 0 0
"c89ab861abc4d750" 18 23 545 5867 13 25240 25241 1464 13 553 2 1043 15231 355 13 601 25242 23711 4 9231 -1 -1 0 0 0 0 8 7 8 6 5 5 3 4 2 6 0 0
"3967a4dc3ae8209c" 29 13559 1480 13 347 36 3180 25243 13 553 7642 7643 13 4715 25244 61 25245 13 553 66 574 93 744 13 347 3016 2440 596 927 4 9232 -1 -1 0 0 0 0 8 7 8 7 6 4 3 4 2 6 0 0
"6ab2192d7195af91" 30 8456 13 25246 25247 13 25248 5538 13 553 1296 134 920 1297 13 1580 1298 25249 13 553 2 423 1299 744 13 1669 967 504 566 2888 4 9233 -1 -1 0 0 0 0 7 6 6 6 7 5 4 6 4 5 0 0
"862dd3ac4dcef4f7" 23 2 34 4613 4614 13 719 35 36 330 8257 13 553 23 27 3149 13 87 150 36 10901 146 24985 4 9234 -1 -1 0 0 0 0 8 7 7 6 5 5 3 3 4 7 0 0
"2358596f6ba6c31d" 33 25 7559 13 41 347 1643 3401 193 1297 13 553 2 66 25250 93 25251 93 13 537 4450 2423 2950 13 553 2 8359 371 13 87 25252 548 25253 4 9235 -1 -1 0 0 0 0 9 6 6 7 4 3 6 6 2 5 0 0
"d69118873884662a" 21 93 11751 13158 3304 13 95 2646 21223 13 553 87 61 1131 16574 13 357 23 8223 95 25254 4 9236 -1 -1 0 0 0 0 7 6 6 6 6 2 4 4 4 7 0 0
"be22a649d2057dbd" 24 87 15474 13 347 1032 355 13 66 7940 6864 3972 7941 13 553 953 855 4933 13 347 363 146 1363 25255 4 9237 -1 -1 0 0 0 0 8 6 5 5 4 3 3 5 2 3 0 0
"f63c2f9d370ef189" 23 61 410 1069 17 1114 14368 13 540 21 22 13 553 25256 14122 6907 13 341 23379 599 47 7874 8688 4 9238 -1 -1 0 0 0 0 7 5 5 5 4 3 3 3 2 4 0 0
"2a58baf764b5e185" 21 150 304 396 25257 13 102 25258 5907 13 553 25259 53 25260 13 35 1341 95 102 18011 1042 4 9239 -1 -1 0 0 0 0 7 8 7 7 8 5 5 3 3 4 0 0
"45f28b29ebc55a47" 22 20 6651 9702 331 13 1374 1764 1099 1533 13 553 8412 736 2 13245 13 87 967 22250 25261 2359 4 9240 -1 -1 0 0 0 0 8 6 9 7 6 4 4 3 3 5 0 0
"e034f27a5d99e331" 24 102 3312 1480 596 113 263 13 28 25262 25263 13 553 357 87 150 1507 13 8538 150 286 8062 25264 845 4 9241 -1 -1 0 0 0 0 6 7 6 7 7 4 3 4 3 3 0 0
"4a6c9d04af36e749" 21 2 87 2210 61 1889 5399 13 28 361 1806 13 553 47 1756 87 25265 13 102 3248 25266 4 9242 -1 -1 0 0 0 0 7 8 6 8 7 5 4 2 4 3 0 0
"7674c771e627cfa2" 25 2 66 3664 13 35 347 19903 1129 850 8054 13 553 2 87 2210 13 61 3405 726 13 9088 61 457 9089 4 9243 -1 -1 0 0 0 0 9 7 8 8 7 6 4 3 4 3 0 0
"95a591ce30e7360f" 21 8450 25267 3486 61 457 1043 3797 4491 188 200 13 553 2 25268 1192 25269 13 13244 3307 530 4 9244 -1 -1 0 0 0 0 6 6 7 6 5 4 4 4 3 3 0 0
"9b12ac4017f7a963" 26 23 545 5867 13 2 27 170 13 87 15474 2 17171 13 553 2 66 3664 13 35 95 2905 25270 28 6705 25271 4 9245 -1 -1 0 0 0 0 9 8 9 7 6 6 5 3 5 3 0 0
"50b0c7962c5d8dd8" 21 2 34 4613 4614 13 20 87 25272 1015 13 553 6223 25273 530 25274 25275 2 134 676 25276 4 9246 -1 -1 0 0 0 0 3 5 4 4 3 7 5 4 3 5 0 0
"172094f51857b72a" 23 1029 731 25277 305 113 13 1029 2929 25278 150 9667 9668 13 553 6222 530 4463 25279 2 15342 6624 660 4 9247 -1 -1 0 0 0 0 5 6 4 4 6 4 3 3 2 4 0 0
"7a03cbe3d4208b28" 20 2 8359 371 13 20 452 25280 25281 13 553 23 27 3149 13 1122 7142 1552 20 25282 4 9248 -1 -1 0 0 0 0 4 4 3 5 4 3 3 5 4 5 0 0
"dfd40e25500377c4" 22 13477 13478 7802 25283 61 6173 13 553 357 1094 35 4361 61 25 7559 13 2 452 2 353 7092 4 9249 -1 -1 0 0 0 0 6 7 7 6 5 4 4 3 4 4 0 0
"cb3a18f2535a9977" 25 2905 171 2734 13 20 1109 150 1550 1338 1099 25284 13 553 20 150 193 25285 2 721 25286 13 282 221 15643 16483 9250 -1 -1 0 0 0 0 7 8 6 7 6 5 4 3 4 4 0 0
"21d168de986f469c" 27 95 61 744 2735 25287 16294 13 134 286 1795 530 25288 13 553 688 6475 452 126 25289 13 357 87 744 417 530 2472 4 9251 -1 -1 0 0 0 0 6 8 8 7 5 6 5 3 3 3 0 0
"f2af5534a4eed2fc" 22 9088 61 457 9089 13 28 588 25290 2 8456 13 553 357 13729 457 25291 4944 13 530 25292 25293 4 9252 -1 -1 0 0 0 0 8 8 8 6 5 6 6 2 5 4 0 0
"817aa75053c0bc73" 54 95 61 655 3006 13 66 574 93 744 13 35 95 61 25294 20 14463 359 25295 13 2 1764 10326 25296 4 4 4 553 4715 731 367 150 25297 13 2247 35 22521 330 25298 2 25299 4 4 4 61 10133 2286 304 698 3006 25300 5171 113 20824 4 9253 -1 -1 0 0 0 0 5 7 6 6 4 3 3 3 3 3 0 0
"cd1d3530a5587ba5" 24 25301 93 11751 66 25302 13 24693 35 637 2697 4 553 357 346 1232 1780 25303 36 13 15797 530 5692 25304 4 9254 -1 -1 0 0 0 0 4 7 5 3 3 3 5 1 2 4 0 0
"e329cc123cb0c17e" 19 25305 66 23 13 1628 1043 7643 13 553 95 25306 13482 171 25307 13 1238 6971 25308 4 9255 -1 -1 0 0 0 0 7 8 8 4 5 6 4 3 5 3 0 0
"0967c1193671b273" 25 150 305 330 25309 20 1842 13 150 731 330 15811 4 553 1043 607 13 357 3207 95 1130 4 347 8790 721 4 9256 -1 -1 0 0 0 0 5 6 4 5 4 3 4 1 3 4 0 0
"d9a4b2ec402c2ba1" 19 87 2620 357 25310 13 4404 2028 25311 4 553 357 15474 8455 13 529 9058 7040 25312 4 9257 -1 -1 0 0 0 0 4 4 6 4 3 3 3 2 3 3 0 0
"6f0d5ac00d5e380c" 33 452 358 727 13 357 34 35 720 21337 4589 4 553 191 3337 504 18420 13 34 515 25313 4 87 61 15390 13 553 357 347 598 367 330 151 4 9258 -1 -1 0 0 0 0 4 5 5 4 3 3 3 2 3 3 0 0
"83d6ac1f3f14f4f4" 28 347 2062 993 20 25314 17912 13 2735 698 25 7559 4 553 284 469 9733 2 25315 13 25316 93 13 553 84 188 18352 25317 4 9259 -1 -1 0 0 0 0 5 3 4 2 3 2 2 2 3 3 0 0
"302d1e79b6915b42" 22 191 150 3053 22922 13 1114 5171 14368 4 553 13729 457 13730 4944 13 357 66 326 6062 24523 1882 4 9260 -1 -1 0 0 0 0 4 3 3 1 3 3 2 3 3 5 0 0
"9c4633e6a83e0e42" 26 66 457 23 10285 2967 13 347 36 151 25318 25319 4 553 357 586 457 25320 5519 13 499 35 25321 22896 2014 25322 4 9261 -1 -1 0 0 0 0 4 4 3 2 3 2 3 2 4 4 0 0
"53425dca254f48c0" 29 347 286 2451 28 25323 25324 13 76 150 36 2536 6623 4866 13 553 61 25325 2 25326 18759 93 25327 6892 787 25328 171 25329 25330 4 9262 -1 -1 0 0 0 0 5 4 3 2 3 2 2 2 2 3 0 0
"5298a67c453abdcd" 38 772 2155 25258 13 548 1780 146 25331 4 553 357 134 1296 920 1297 13 95 1298 305 3443 25332 20 361 4 553 578 191 16093 25333 13 66 25334 146 3253 353 25335 3531 4 9263 -1 -1 0 0 0 0 4 3 3 3 3 3 3 3 3 3 0 0
"db0d37e02f2b0db6" 17 6463 3248 2 1480 25336 13 553 23 4708 13 357 2905 1664 457 171 2734 4 9264 -1 -1 0 0 0 0 3 2 2 3 2 1 3 3 2 2 0 0
"f3c6cd0b02ddf0af" 20 134 61 95 13 2 66 3503 19791 636 17942 4 553 7940 5658 7941 3972 13 499 10955 4 9265 -1 -1 0 0 0 0 5 4 3 3 4 3 2 3 3 4 0 0
"cb96dc5727d03e36" 37 26 3405 504 13 2 297 1612 18406 7325 2 25337 34 25338 4 553 2 1862 66 6836 25339 1108 13 452 188 2 66 1978 25340 347 13 25341 901 737 25342 25343 25344 4 9266 -1 -1 0 0 0 0 7 5 4 3 5 3 3 3 4 3 0 0
"64c03fa651c1e39c" 17 1043 355 25345 8462 13 553 23 27 25 5398 286 2941 13 87 927 25346 4 9267 -1 -1 0 0 0 0 5 3 5 4 4 2 2 2 2 3 0 0
"ab40a8fac3bc640a" 40 16574 61 482 66 23 13 347 25347 4 553 25348 25349 61 4488 22896 3797 4491 200 13 357 76 545 10865 150 445 209 466 25350 63 150 545 487 28 2813 313 47 1775 777 25351 4 9268 -1 -1 0 0 0 0 3 4 4 3 3 2 2 3 2 4 0 0
"6d894a49a69b61df" 32 134 2929 25352 150 9667 9668 13 553 1238 17196 16605 25353 424 13863 13 34 25354 25355 4 553 357 4403 305 8401 13 41 95 102 61 36 721 4 9269 -1 -1 0 0 0 0 7 6 7 5 6 6 7 2 3 7 0 0
"87441f6749af424c" 15 53 87 13479 25356 1033 13 553 8456 2 25357 20 6091 25358 5870 4 9270 -1 -1 0 0 0 0 7 6 6 5 6 8 5 3 3 6 0 0
"6f6ecf56a45c7325" 8 34 2 171 25359 5158 2435 13 553 9271 -1 -1 0 0 0 0 6 5 5 4 5 6 6 3 4 5 0 0
"3588e3f287d61fa1" 27 667 1042 25360 13890 15811 13 553 2 8359 25361 191 150 87 545 1780 4 553 102 2841 13 35 414 669 20 25362 25363 4 9272 -1 -1 0 0 0 0 6 5 6 4 5 6 5 4 3 4 0 0
"2953a0c1f487eb5e" 8 282 76 61 3044 9256 25364 13 553 9273 -1 -1 0 0 0 0 7 5 5 5 6 7 6 3 4 5 0 0
"34f80164079fed54" 35 1296 134 121 1297 13 25 3271 20 26 1299 13 553 34 25365 171 25366 13 20 66 25367 25368 4 553 357 25369 13 95 61 3497 13 66 8894 530 721 4 9274 -1 -1 0 0 0 0 8 7 7 6 6 7 6 3 5 6 0 0
"597563031f4483f3" 34 41 34 141 10041 13 87 61 308 1303 13 553 93 11751 25370 170 13 2 25146 20 564 125 13 553 34 25371 4614 13 2 66 1325 170 7847 697 4 9275 -1 -1 0 0 0 0 7 6 6 5 6 5 5 3 4 4 0 0
"d4920a05fe28709f" 11 218 219 220 13 66 23 1029 25372 115 13 553 9276 -1 -1 0 0 0 0 6 7 6 7 6 7 6 3 4 6 0 0
"cd5f3e0c9fde1f95" 43 150 286 1187 13 25 61 5821 13 25373 25374 4 553 76 25375 150 36 3016 7969 13 357 87 61 8943 4 553 719 386 13 35 66 23 326 13 357 347 36 13 2785 341 25376 927 25377 4 9277 -1 -1 0 0 0 0 6 6 5 5 5 6 5 3 7 6 0 0
"20b2e337cd935524" 31 150 4176 12803 13 548 1749 193 1780 13 553 150 87 193 744 165 13 357 1109 25378 87 1558 4 553 17158 13 1109 25379 1110 1029 25380 4 9278 -1 -1 0 0 0 0 6 5 6 4 6 6 6 7 4 7 0 0
"62b4b303fb34dca8" 9 25381 66 84 4001 3108 728 4002 13 553 9279 -1 -1 0 0 0 0 6 5 5 5 5 5 6 3 4 6 0 0
"f5caf67645b8475d" 32 2 25382 7047 13 2852 4107 200 13 417 388 4 553 8223 5455 25383 1013 12136 566 25384 4 553 66 23 24783 6623 25385 25386 13 25387 417 25388 4 9280 -1 -1 0 0 0 0 6 5 6 5 5 7 5 3 3 4 0 0
"35111605303d6587" 41 357 2615 25389 171 25390 13 357 4078 13 553 150 87 36 25391 13 35 41 25392 25393 4 553 171 61 1806 305 25394 13 357 25395 25396 1863 55 2 25397 25398 25399 25400 68 13 25401 4 9281 -1 -1 0 0 0 0 7 6 6 5 5 7 5 3 4 5 0 0
"f6857baef009392d" 37 6659 12252 66 2651 13 35 76 61 18 77 4 553 34 645 2307 13 3474 774 13 95 61 171 845 4 553 150 36 396 8665 25402 13 150 373 193 23610 25403 4 9282 -1 -1 0 0 0 0 7 6 6 5 5 6 5 3 5 6 0 0
"ed5a57096a2be941" 44 7856 1953 7857 13 373 39 321 25404 13 553 87 361 25405 25406 13 357 373 150 25407 1297 4 553 347 608 10855 13 357 12455 25408 6232 13 553 373 815 61 697 13 25409 102 25410 2880 150 25411 4 9283 -1 -1 0 0 0 0 8 7 6 5 5 6 5 3 5 6 0 0