"273bae1bb0cf191b" 9571 5438
"bfd720efafe74dd2" 4798 11624
"c051fcc1a87f8df5" 3946 3261
"15340ad468d7e2ba" 8605 939
"c43d22e830913f4b" 11436 1508 10851
"7be4e17010b55296" 1986 9200
"e2f1045857995a31" 7362 3939 8076
"87e17bc962d04a84" 2120 3939
"1434eb7cc505bdb8" 8119 1711 6534
"7ab5aed639836f20" 6731 939
"45bf7de30b8ef726" 6030 6193
"25c0ffd3339139d4" 4549 164
"a49322b64c4d3b7b" 4600 1369 11012
"22b63edac3dd6489" 5050 3014 11777
"11094261ab78a3e3" 8119 11852 6685
"2083ee73c85f0311" 523 939 775
"c71f46400a9cab2a" 9010 9733
"04b23234eeeef650" 5438 3261 5040
"046beba23ecba939" 5040 10467
"1ef6a05529ab5acb" 2831 1265
"4f4149033156c7d5" 2701 11526 3784
"cedb85100d522800" 9726 8985
"17145999dc2cc0a7" 1176 11852
"d18611e7b2e979a4" 11436 3939 11777
"e966971b9a33c0ef" 939 7362
"d74f7de30b8ef726" 6030 4442
"79fac537f9b378d5" 9726 8076 11012
"e0f7dd09a081c317" 11624 1369
"6b61c863a355105c" 10851 164 4798
"18fc4eb37b9b92c4" 775 3946 8119
"6da34da0a05efbc7" 8076 5050 1711
"19a3e9fdba103bee" 9127 4798 10467
"adb0a85cc0058912" 1265 9200
"5004e17010b55296" 1986 5438
"275a44b51b516a3b" 6534 2831 5040
"51021985f51988ae" 9571 1369 11436
"cf3fe2a83f21c39f" 6193 1508 3014
"1000b0963f03189c" 11526 4549 11777
"49c5aed639836f20" 6731 1176
"9a0a9cd171369c6b" 11012 3261 10851
"bef19bd7a96bbe8d" 939 3939 4600
"e239da7d8837eb03" 4798 5050 9733
"f411b349d8995923" 6685 164 2701
"20b8242c23e9e630" 8605 3946 9010
"240b93c308dfc901" 8985 6030 7362
"956908d1618c035f" 523 11852 1265
"ecfc8d0b2add446c" 3784 1711 4442
"696d13659c414b7d" 10288 7865
"10d831f7edf8dcaf" 11763 5824 2189
"752785dcb5ebf856" 3127 7775
"e6048f97b2a847ed" 1211 1218
"5bc4f3bda4478fde" 3557 11111
"885a9b3f619c8bff" 3041 5136 10982
"3d674c0d9bb0c946" 9715 3407
"44ac83d5f62d07d5" 11997 3678
"5094b1a73d7c8db8" 3867 11897
"626cab61a71d647d" 12149 9739 1617
"6410af1490337113" 6974 8755
"80df1cbbfdcc513c" 2633 8501 9629
"f6ac3f17632809c1" 4026 3621 1211
"7c91b4a66904996a" 11278 3108
"f3d7efb4d05f4c5f" 4452 1028 6974
"a583fac059e68961" 3127 4080 7058
"beb74f355c80e089" 9245 10982 4431
"a151d781869f2fdc" 8218 1028 9715
"9a46d566fddba144" 9849 5847
"db0b3285185f3efd" 3111 405
"077382baff9e1a81" 6789 2483 6275
"d102339e851c667f" 4983 7653
"00dac414e90b7e47" 8813 3786
"1ff4f9f255d311d0" 9942 1062
"212fa7728d5cae07" 8625 4030 2506
"c8a6551601873974" 1959 5604
"3642075301472b13" 600 6900 10526
"12a18b97d684e100" 11350 9942
"aad226ce0d2a3074" 6923 7150
"24b95a1d6dc4acfd" 6873 11553 7883
"a2ecd8cf6eb4a63b" 6484 9849
"fd3353869507f3a4" 680 5610
"29d17e7d558d37c0" 8863 181 5345
"c5d0555204744b76" 2932 1062 4241
"e23f96fffea19372" 2116 3405
"cbeca9cf503ef643" 7480 4983
"18ef466306702bd0" 6671 4241
"e61c9cde5ce38604" 4241 6756
"64bf7c7bc10c1f64" 9744 1955 6374
"861a40f97bf0bf7d" 1915 4604
"8424a8e8da9168db" 2497 7911 5659
"7f6ec683b8da7d7b" 1008 7918 11304
"fd7140811ad11c21" 704 690
"46e2db4a6bb2c405" 12167 10185 4999
"9b0a99a9c5fd6b7e" 5977 8071
"694ac14d0852ecdf" 7540 4169 324
"fe645b9fc4fe74d8" 11753 865 7080
"2a66a5b2a702819f" 1873 2008
"401e6c99dbc30c76" 4047 893 9595
"b9a56b0a1bea4d10" 4877 7237
"80712b1a6dbb524c" 9014 8797
"fef2ee7864c20294" 11299 3277 8674
"157d2cd60d740c0c" 10511 1831 4710
"d271f4c936b99811" 843 5 992
"6a2ef5b44121ddc9" 9806 4035
"6f7e72f747edf777" 1015 4710 1008
"178353fe5710c89d" 690 10334 992
"88ee56357b2b1d31" 865 7918
"0cf6ceac7d5018ef" 1008 7971
"c6f20b7bc31353a1" 1831 324
"ef217b409c6c886f" 11753 4999 4169
"ce4e3c849c484670" 4035 2008
"15e8a5b2a702819f" 1873 12167
"690589739d640030" 5 7080
"809a5ebe4d7fa969" 5977 7288 6374
"ba2e4d1b28553358" 7911 4035
"bdd39276d36f108d" 10334 11304
"f6524e032ab91195" 4604 9014
"7dc9f5602c9b3465" 2497 8797
"3e0863ceb9c08bc0" 4877 7080 893
"d43c76e533a821d7" 4999 7237
"eacdc4feaea4a597" 9595 843 1955
"b1b8072ff234b6b3" 7918 10511 7601
"38c8d32fa8e750cd" 843 8071
"c483321c667a0070" 5659 704
"4d920242538ba061" 11299 992
"109633e57bd2cf87" 1015 4169
"2f8fea30bc7323b3" 10185 9744
"dbee56357b2b1d31" 865 7971
"47dd069794ea3ae4" 4710 5977
"78eeef08b6c1c05a" 10511 1008 1831
"4561280a5325ebdf" 893 9806
"38a188a708802b96" 12167 1915
"433531764bf43aba" 8674 3277
"d71a1d20990e8905" 8372 492
"cd1ef2b51599c128" 2395 528
"189148edb4cf3f96" 7157 7523
"ee1804e42d86856e" 5770 5375
"1a2020882cd71441" 4297 6847
"73d21837ada45f3e" 10458 7736
"1d4da24a4c3b367b" 11940 11936 6820
"3be99083b3f0686b" 8637 5485
"e5b16221ce93bbd3" 473 3410 1834
"3b2574340c0a0782" 2300 1402
"b23ca2f432757f15" 8579 3927
"78d7516d0b2a2dae" 8130 6848
"a5142aaaaca49b6a" 2882 2323
"7e6bade69e93112c" 492 11307 7523
"07e003b51599c128" 2395 11940
"7decf71cc3bdd82b" 5770 1402 2882
"db2418afee2fb1af" 2336 3410 1834
"19f03cb4a7197982" 2323 5485
"355e071fdace32f0" 11936 3927 6847
"5dbe6786a2ad010d" 8579 6820 8637
"74f389711de8dabd" 7523 2323
"baa10b0a3b0867d6" 11638 5770 1402
"8ff9f101e62eeddc" 2395 473 3927
"f3f9b02cc1cf75ed" 5375 4297 1834
"709b3a790a76b99b" 8372 3410 6848