694
739
1284
1414
1415
2374
3198
4250
5217
5272
5487
5519
6483
6603
6881
7195
7690
8213
8242
8529
8628
8672
8704
9941
10131
10239
10480
10624
11226
11317
11931
134
331
539
723
746
1209
1422
1594
1611
1735
1846
1980
1982
3048
3162
3698
3777
3867
3919
4103
4259
4587
4738
4836
5005
5115
5373
5545
5744
5955
6111
6199
6504
6892
7027
7639
7809
7989
8637
8894
8895
8942
9255
9571
10032
10142
10272
10618
10879
10932
11125
11275
11302
11404
11643
11758
12009
65
74
276
349
371
413
476
496
685
833
919
930
934
1006
1059
1361
1715
1853
1947
1965
1972
1977
2018
2091
2100
2146
2300
2328
2339
2379
2427
2456
2486
2489
2560
2572
2621
2841
2952
3110
3126
3157
3229
3236
3256
3415
3436
3617
3651
3659
3782
3788
4004
4014
4029
4055
4098
4163
4166
4182
4450
4502
4643
4697
4763
4851
4870
4919
4938
5000
5044
5048
5054
5104
5180
5197
5230
5261
5390
5434
5440
5514
5541
5550
5728
5864
5882
6001
6165
6184
6529
6587
6651
6707
6764
6884
7297
7358
7505
7510
7572
7577
7855
7871
7916
7950
8027
8035
8142
8158
8262
8377
8532
8553
8745
8869
8879
8999
9140
9258
9335
9403
9452
9742
9800
9803
9895
9923
9935
9986
10263
10322
10449
10629
10877
10976
11121
11171
11176
11210
11262
11379
11426
11511
11581
11660
11745
11769
11946
12070