181
405
1008
1176
1418
1915
3407
3939
3946
4026
4035
4877
4999
5345
5375
5659
5977
6484
6515
6576
6974
7288
7362
8076
8625
8674
8755
9245
9761
10185
10288
11111
11299
11777
11852
12149
12168
473
704
775
865
1402
1757
1955
1959
2323
3014
3127
3261
3418
3621
3660
3786
3867
4431
4452
4600
5136
5485
5847
5994
6275
7157
7911
8071
8218
8501
8579
8605
8637
8797
8813
8985
9014
9214
9571
9629
9733
9744
10511
11278
11526
11624
11753
11763
11936
11997
12167
5
164
172
299
324
489
492
523
528
600
680
690
843
893
939
992
1015
1028
1062
1211
1218
1265
1369
1508
1617
1711
1831
1834
1873
1986
2008
2032
2112
2116
2120
2189
2234
2300
2336
2395
2483
2497
2506
2633
2701
2831
2882
2932
3041
3108
3111
3277
3405
3410
3557
3678
3784
3927
4030
4047
4080
4169
4241
4297
4442
4549
4604
4710
4798
4983
5040
5050
5285
5438
5604
5610
5770
5824
6030
6193
6374
6519
6534
6671
6685
6731
6756
6789
6820
6847
6848
6873
6900
6923
7058
7080
7150
7237
7327
7480
7523
7540
7601
7653
7736
7775
7861
7865
7868
7883
7918
7971
8119
8130
8372
8863
9010
9111
9127
9200
9220
9595
9715
9726
9739
9806
9849
9942
10334
10445
10458
10467
10526
10611
10851
10982
11012
11304
11307
11350
11436
11553
11638
11897
11940
12159