742
754
1292
1608
1864
1889
2246
3411
3501
3683
4012
4503
4759
4950
5323
5494
5539
6137
6383
6994
7925
7935
8789
8897
9020
9155
9417
9655
9736
9897
9928
10262
10966
11357
11853
12086
6
22
47
290
583
627
661
689
1161
1225
1744
1803
2174
2596
2793
2796
2854
2880
2940
3383
3426
3876
3991
4033
4489
4596
4908
5060
5222
5389
5397
5448
5451
5557
5781
5868
5961
6014
6060
6149
6189
6319
6377
6539
6572
6888
6893
7024
7648
7664
7857
7913
8075
8181
8234
8520
8626
8803
9241
9585
9775
9963
10084
10634
10660
10677
10742
11300
11321
11953
11991
82
122
237
377
589
602
619
670
791
942
946
1048
1121
1200
1408
1530
1578
1995
2331
2349
2377
2384
2503
2553
2608
2711
2827
3001
3167
3347
3478
3615
3654
3846
3866
3932
3972
4081
4174
4213
4220
4303
4437
4458
4472
4484
4540
4813
4840
4858
4875
5166
5253
5329
5343
5357
5418
5453
5481
5606
5638
5778
5870
5967
5976
6167
6271
6292
6329
6340
6485
6646
6650
6734
6798
6820
6827
6877
6936
7031
7047
7144
7315
7330
7440
7547
7695
7742
7778
7853
7887
7987
8021
8077
8362
8487
8550
8561
8780
8878
8906
8982
9103
9181
9264
9316
9380
9382
9434
9549
9578
9671
10091
10224
10384
10567
10699
10813
10940
11188
11220
11261
11488
11548
11563
11685
11751
11808
11880
11930
11949
12021