"a8b8e640a66ec87f" 174987 131918
"d9018a795eff85e9" 59174 59508 124634
"59064aa5bce4f865" 141176 122097 38935
"cbef13568f7be3bc" 31966 164489
"725b870deb0c4e32" 63883 177899
"c0a14e7c1c5c3d9a" 31962 116493
"881385d8fb68d86f" 177604 11368 151059
"9fc011b72d324415" 10258 163540 40586
"7bcbd93ac507c59f" 151699 16659
"753d945523a80a9b" 37717 12121
"81af1941114abb04" 143978 27337
"1d5ea32dad83a152" 110013 162310 164853
"d3d7777561374b32" 4950 69362
"c48e849f3634342c" 123172 1803
"7da97019f90ccacc" 165138 40704
"1781c51373b681d6" 133856 151972
"78429f5589031fdf" 5972 5846
"1277f69ba5343fc3" 35695 175953
"03318d5366abe04b" 131122 118457
"cfc55dd7fabbf4ec" 106481 120338
"e01651a55d20347e" 141176 5972 27337
"fc1938df78bccd56" 43281 177604 12121
"edf021b6df856e9c" 35695 40704 131918
"f0ef154d373d1663" 31966 143978 5846
"6ff6ec0cb1e1c967" 21999 123172 10258
"3502d640a66ec87f" 174987 38935
"88a7f58f14e9c0d9" 122097 164489 106481
"89ab404841e86d10" 16659 59508
"1d55940ab33a7d9f" 11368 59174 69362
"051ff7ef750fa9f4" 63883 165138 124634
"d19c001db0ab71e8" 83980 4950 40586
"c71408645fd6dd3b" 177899 131122 162310
"3b3be8c7c573cce9" 151699 120338 164853
"a21e34b7bafe5fa8" 116493 163540
"857d151fe073d651" 45597 37717 12121
"3b79cb0cb78e7e44" 110013 151972 175953
"cf708865e8c7d3d6" 122097 10258
"53917d48dbb836ff" 35695 31962 151059
"4166861d2e8ab864" 21999 177604
"c1a36e4a57fd2d9e" 43281 118457 164853
"ee19261f71766d6b" 59174 151059
"0c3339d336a8f761" 11368 1803
"940aa2aee8f209a6" 16659 38935 40586
"007bfe08715d2879" 141176 131918 164489
"1cdd5948d14f539a" 63883 163540 106481
"774b057a746bb796" 143978 4950 5846
"e279d640a66ec87f" 174987 69362
"54df01201e8b79d3" 17187 153029 171424
"48ebb4072c00b088" 751 176492 19448
"0b61731311eafd43" 10912 17187
"f2843598b817142e" 71259 7386 14657
"0fbc7d8af6f2a912" 13047 20536
"d09cc87921be1b29" 12117 10912 129927
"a3fc6008501e890b" 13335 47737 182877
"53c28cbc0ee4074e" 29494 163274 7428
"d2cf99ebccaeffe6" 16335 13181
"f297cfd26172d60d" 83239 42247
"f7f2a42d429bb683" 159551 115231
"5ac45086e5a9b00d" 57317 17187 51880
"51ace80d08e0b301" 2820 2991 184581
"e28f16926dfa360d" 128674 144391
"6ffe098eddfb8d02" 70248 51880 53501
"67d1a04dab39790e" 13315 55586
"abef61cb09233d5c" 181318 127233 177774
"da9b09ecc01ed333" 146987 186193
"85f6b8f55bc5472c" 12124 55103
"cdcd4e17ec081e75" 105863 95475 182877
"7d2a45d8b92ac19b" 47737 184581
"8b909e26a9cb86c9" 152791 171424
"7a0c13b8a405e5e5" 163274 20536 19628
"0ea70bfff3691028" 7428 55103
"523cf651c72ac4be" 2820 83239 53501
"dd992253dcc0d3f0" 42247 12117
"5220baafd42004c2" 14657 146987
"ce9126926dfa360d" 128674 153029
"8dda603d2f413bb6" 13047 105863 57317
"ffdd819ea139b55f" 2991 751
"598c81e596cd8df8" 177774 71259 16335
"60c3e627451ce56c" 19448 127233
"dd1c8e26a9cb86c9" 152791 153029
"00b8415be236bf4d" 176492 13335
"e20e406cab5bb1f9" 55586 129927
"e216904dab39790e" 13315 7386
"805425d8b92ac19b" 47737 29494
"d217931311eafd43" 10912 171424
"586de4d3b7e04a41" 70248 95475 53501
"ebe8fcf9d327bfc3" 17187 163274
"7898e24ae80af5b2" 177774 7428
"699ea649b5b10084" 20536 186193
"84b4ef81ee45b26a" 19628 115231
"2cbd03a96e646c71" 19966 2991 51880
"a0c1f627451ce56c" 19448 184581
"14f07e30bc37fe5f" 16335 127233 2820
"36a237e3591e8110" 13181 182877
"4888757129a83751" 40766 88312 154421
"aa9af5f666baac24" 65189 40604
"09753639cc0c0536" 12974 99582 115587
"7ae44b14a558d5ab" 106831 78455
"eb021a80613b9338" 46321 149716
"7259707ae34b280f" 82519 102320 32895
"29beb5ac46518e19" 35077 33188
"c866da5b33d860eb" 157874 177045
"28262639ad2c3d82" 135963 164300 149514
"4929d55ca5014527" 163258 15413
"94919e304063db30" 150861 128633 19654
"a40d5e163e575ad5" 133203 36838
"d2451dfeac1ef32b" 88774 133426
"ebcbc1b8e8a654ed" 19696 30497
"18b22926531aeec7" 58614 113403 4819
"7bab5d2e8cb06a10" 166416 119418
"619ffc189e3e3a54" 33643 180858
"d75124b3cdf36e67" 71385 47819
"aeb362a3ba6e0637" 139855 152250
"5e1626cf9dadb82d" 33070 162210
"1181b44305d305af" 40766 99582
"eb60912fa0b6abff" 12974 113403
"70823c749cdd65e0" 32895 180858 15413
"0ab8af8eaa837502" 150861 149514
"ff1382783c685815" 46310 78455 177045
"0e8752a3ba6e0637" 139855 102320
"df9eeaae460fbacb" 138889 46321 19654
"19074e7cf3548a43" 152250 133426
"3fcaaf6a1c4e8411" 35077 157874 4819
"9dc7187f62a9f7e1" 88312 149716
"cc6e7af0a30fac39" 168318 128633
"9b25bb39fa8da315" 82519 30497
"95050815728b819f" 33643 65189 164300
"184b4fcfd8e02aef" 162210 33070 19696
"546ed55ca5014527" 163258 36838
"62104b14a558d5ab" 106831 58614
"7ada79ce1efc0add" 166416 119418 40604
"e7e01dfeac1ef32b" 88774 115587
"65cd14b3cdf36e67" 71385 33188
"7590fdb571d46ef6" 135963 47819
"c61d3936a0b1770d" 180858 150861
"6f5342a3ba6e0637" 139855 19654
"1705a2fa30e0bc9f" 33643 102320 177045
"41c7f4ec0df131ac" 36838 128633
"0f1425ee4eadf9b8" 88774 152250 32895
"39239a8a082f11ba" 12974 78455 30497