"837c7fd6afaff766" 26 1267 232 28 600 83 154 5746 2596 2091 80 199627 200449 30 139 352 5269 80 352 835 807 127 14 44 382 5362 1179 1190503 -1 -1 0 0 0 0 6 9 8 6 8 7 10 2 3 2 0 0
"f98411340836eaf1" 46 88643 80 184 229 18 19 212 30 6140 80 199627 90 4 153 369 7 4 19 96 28 24 80 16967 1179 199627 249 352 492 51 5294 90 425 807 1267 2952 80 199627 200449 184 229 30 1981 19 20 1734 1179 1190504 -1 -1 0 0 0 0 7 6 6 8 7 6 8 7 3 8 0 0
"5087b41f68551325" 41 1267 6569 19 185 910 19 30 1841 80 199627 200449 1334 76 749 10389 896 90 227 2012 1179 199627 249 425 70 150 63 566 231 3908 80 199627 200449 184 904 271 2687 90 492 1957 5790 1179 1190505 -1 -1 0 0 0 0 8 8 9 7 8 6 8 6 3 7 0 0
"02b27ce9e8b977c3" 45 173 28 1003 80 369 114 4597 83 4 19 638 14 89 80 199627 90 859 4522 257 102 51 4044 90 2688 49 271 34137 1179 199627 192 456 54 11003 629 271 139 80 199627 859 32 33 90 17 13589 1179 1190506 -1 -1 0 0 0 0 8 8 9 7 7 6 7 3 9 7 0 0
"b405c04ebb56fe5c" 52 2098 80 4 453 14 192 1331 80 4 153 173 28 246 90 1819 80 199627 90 257 859 3558 1750 2287 271 139 80 226 1179 199627 192 4 229 1267 208 76 90 4033 1625 19 1620 80 199627 200449 44 28 600 80 173 596 2187 161 1179 1190507 -1 -1 0 0 0 0 8 7 8 7 6 6 7 4 9 7 0 0
"86a991c0ebdecf52" 47 90 369 114 421 4 5266 44 150 10614 80 199627 550 102 51 5730 8961 154 1357 14 1156 1179 199627 192 4 114 185 43 4 102 80 199375 808 61 4 30 1299 80 199627 200449 1024 80 860 255 20 28 345 1179 1190508 -1 -1 0 0 0 0 9 8 7 6 6 6 6 6 9 7 0 0
"7cb0446f01e6b038" 53 590 742 51 4327 61 867 11 36 4 80 199627 200449 4 1525 2203 19 28 275 90 453 14 106 1896 554 1179 199627 90 271 61 378 255 20 5403 80 146 5404 768 8473 80 199627 200449 4 996 30 161 518 1513 770 19 22958 90 11456 1179 1190509 -1 -1 0 0 0 0 7 7 8 6 6 7 6 6 9 5 0 0
"f00c3bddae23bf4e" 51 184 229 1218 77 30 902 80 859 208 2530 60 1357 770 80 199627 90 761 80 1334 5358 42 80 229 74 7 19 4276 1179 199627 127 28 4522 83 80 28 236140 83 3587 80 199627 279 114 632 770 80 1334 458 83 911 11875 1179 1190510 -1 -1 0 0 0 0 9 8 8 7 7 6 7 6 8 7 0 0
"3691a4f30a57b897" 33 4 739 382 185 352 816 14 80 90 352 1425 60 49 70 382 246 80 199627 200449 352 835 16520 382 1895 768 222 80 1334 146 590 6998 1050 1179 1190511 -1 -1 0 0 0 0 9 9 7 6 7 6 7 6 9 7 0 0
"b4865df267f746aa" 24 590 553 154 5720 42 90 2203 60 80 199627 200449 4 153 154 5218 229 340 80 11 709 1829 80 18012 1179 1190512 -1 -1 0 0 0 0 9 8 8 6 7 7 6 4 7 5 0 0
"2eac565c7909ae79" 22 4 1183 14 154 108 3653 80 7329 14 474 80 199627 192 369 229 14688 36 245 1387 11301 761 1179 1190513 -1 -1 0 0 0 0 8 8 7 7 6 7 6 5 9 6 0 0
"13267d8e565b3784" 54 4 127 14 44 51 3480 80 16520 1043 44 150 600 80 199627 90 184 6 7 74 3073 19 1394 80 184 114 119 60 23788 80 74 2022 1179 199627 200449 184 232 108 4361 80 344 70 184 7 80 199627 11 4 90 14 80 227 44 3457 1179 1190514 -1 -1 0 0 0 0 8 8 7 6 7 6 8 6 8 8 0 0
"88a6e530dbe7eaf1" 29 127 161 3587 83 28 19028 80 747 19 212 83 30 621 80 199627 200449 154 7329 474 848 104 28 10932 80 44 788 897 139 1179 1190515 -1 -1 0 0 0 0 7 6 7 6 6 6 6 4 9 7 0 0
"525e233aa3443501" 26 369 484 19 208 355 1167 51 14428 3396 80 199627 192 369 56 457 60 3460 44 567 77 150 646 80 19 69970 1179 1190516 -1 -1 0 0 0 0 7 7 6 6 7 4 4 3 7 6 0 0
"c8e6e56c873c37ea" 29 70 30 1172 996 1056 80 330 391 70 192 1404 80 199627 90 425 154 369 127 161 25 28 319 80 16520 17674 102 51 20104 1179 1190517 -1 -1 0 0 0 0 8 8 7 6 6 7 5 4 6 6 0 0
"bb6e91cdbd8e3805" 25 915 80 4 44 30 1364 176 80 6 4 13 199372 199627 158 4 212 150 61 849 80 369 22 20 14 1179 1190518 -1 -1 0 0 0 0 7 9 6 5 7 6 5 3 8 5 0 0
"1556fbdc5ef4f678" 26 4309 80 4 1961 80 60 229 74 3439 80 199627 4 114 1015 51 495 25 30 915 1767 49 80 6 15723 14 1179 1190519 -1 -1 0 0 0 0 6 7 6 7 8 9 4 4 6 6 0 0
"b0364c5754b3d0d7" 27 4 251 154 915 1368 80 249 369 6 12 2919 80 199627 369 232 28 34 474 80 369 6 7 154 619 77 2425 1179 1190520 -1 -1 0 0 0 0 7 9 8 5 6 8 6 3 4 4 0 0
"297dabd399ab1062" 21 369 127 174 234 1238 408 451 8969 80 199627 484 19 920 42 2012 80 240 96 74 6881 1179 1190521 -1 -1 0 0 0 0 8 7 8 5 6 5 4 2 3 3 0 0
"a93054256bac0853" 21 967 42 80 915 80 200449 369 229 74 4635 80 199627 90 4 192 14444 80 234840 102 14930 1179 1190522 -1 -1 0 0 0 0 9 8 7 7 7 8 7 4 6 3 0 0
"43fa0e43184201e0" 43 1267 6569 19 185 910 80 344 340 1320 80 199627 4309 80 4 1961 80 6 453 28 246 236141 1179 199627 369 229 14688 36 74 14444 11301 80 199627 1267 96 28 29 5182 80 344 559 369 208 1179 1190523 -1 -1 0 0 0 0 6 6 5 6 8 6 5 4 8 7 0 0
"d1ff241b8685e9be" 41 184 590 96 51 722 2091 4928 80 344 36 561 80 199627 453 60 106 102 51 4327 61 867 80 6119 1179 199627 249 798 229 340 80 11 243 15626 80 199627 1267 283 336 103 5130 1179 1190524 -1 -1 0 0 0 0 7 7 7 6 7 7 6 6 5 6 0 0
"70b48471a590624e" 46 4 12 283 154 915 1368 80 1267 20 3154 80 199627 425 16520 17674 80 6 7 150 5908 1179 199627 330 7522 80 249 16520 51 3885 80 6 318 153 80 199627 590 453 28 29 47 80 120 28 246 4523 1179 1190525 -1 -1 0 0 0 0 8 8 7 5 6 7 7 6 5 6 0 0
"2aab1516e04825cf" 52 1267 13 28 1003 80 550 51 9058 77 271 61 80 199627 4 1183 14 108 2642 80 146 1747 768 8190 1179 199627 90 4 114 1015 51 495 178 51 129 80 537 80 199627 25 30 915 1767 49 80 166 1829 60 80 166 4 421 199372 1190526 -1 -1 0 0 0 0 6 8 7 8 7 9 6 4 8 7 0 0
"fe014d64a67a6a6c" 51 44 30 16503 3263 80 184 20 1977 2012 90 2283 80 199627 484 19 208 355 14 51 14428 3396 80 103 229 74 530 1179 199627 184 229 1218 77 30 902 80 184 389 232 83 235339 80 199627 61 1357 770 83 6404 80 146 10723 1179 1190527 -1 -1 0 0 0 0 7 5 6 6 7 6 7 4 7 8 0 0
"b4bdb101ffc6fd71" 27 34179 13 154 2596 2091 80 915 80 6 20 4760 80 199627 425 70 77 150 290 104 3908 80 249 369 229 154 5218 1179 1190528 -1 -1 0 0 0 0 8 6 7 4 7 3 8 4 3 2 0 0
"64092cbe8708c778" 47 184 76 36 896 80 74 206 36 3645 80 199627 192 757 76 36 54 11003 80 146 74 236142 1179 199627 90 960 77 44 30 1605 80 249 6415 200443 1630 80 199627 590 96 245 896 80 229 74 7 19 3591 1179 1190529 -1 -1 0 0 0 0 7 8 7 6 7 6 5 5 6 5 0 0
"ba5c7a8c40139564" 50 456 369 136 60 80 369 1425 60 80 915 80 344 74 3757 80 199627 90 4 153 369 7 4 80 6 453 14 1532 1179 199627 20 848 36 14 80 456 403 283 9247 80 199627 4 28 1895 768 222 80 166 283 527 1179 1190530 -1 -1 0 0 0 0 6 9 8 8 7 9 4 5 7 6 0 0
"ff8d9347fe7601c0" 40 271 61 255 5403 80 146 74 5658 80 199627 88643 80 1274 859 20 492 1179 199627 1514 798 104 51 7329 80 28 161 33 61 80 199627 166 637 629 1089 770 80 344 408 549 1179 1190531 -1 -1 0 0 0 0 5 7 5 8 6 8 6 5 9 8 0 0
"1f9c5c7aa49cae35" 48 2098 80 4 453 14 1331 80 11 25 1258 4 80 199627 330 391 70 192 1404 80 249 2714 102 4 80 11645 1179 199627 352 492 51 5294 80 249 860 3251 382 80 199627 200449 271 61 104 3274 80 279 114 4279 1179 1190532 -1 -1 0 0 0 0 7 8 5 8 7 9 6 4 8 7 0 0
"19d564dfe04451d4" 25 4 453 14 106 102 16520 53 348 80 192 9056 80 199627 161 3587 127 243 19028 80 249 28 236143 17 18010 1179 1190533 -1 -1 0 0 0 0 8 9 7 6 8 8 5 5 7 4 0 0
"ddfa631e151ded84" 28 4 229 1267 208 76 80 369 127 174 234 7346 20825 44 33714 80 199627 184 457 74 3073 749 80 11 120 150 8443 208 1179 1190534 -1 -1 0 0 0 0 8 7 8 9 7 7 6 4 3 3 0 0
"29f096856376b4b8" 26 4 739 382 185 80 16520 192 14444 80 550 1744 19 13 80 199627 90 232 108 4361 80 344 11 559 60 20 1179 1190535 -1 -1 0 0 0 0 9 8 6 8 7 8 6 3 4 3 0 0
"b0225c73637f8cc5" 24 185 43 4 102 285 184 229 4343 761 80 199627 859 1082 42 80 2283 90 1331 80 60 1483 192 474 1179 1190536 -1 -1 0 0 0 0 7 8 7 8 6 9 4 4 5 2 0 0
"0498f03f133c3308" 20 26426 291 80 553 154 5720 42 49 6881 80 199627 798 229 340 49 603 1829 2091 39070 1179 1190537 -1 -1 0 0 0 0 6 7 6 7 5 7 6 5 4 3 0 0
"512528283793a589" 29 4 127 14 44 51 3480 80 166 3004 83 845 1499 80 199627 158 4 212 150 61 849 408 14 80 550 499 36 28 5027 1179 1190538 -1 -1 0 0 0 0 8 9 7 8 7 5 3 2 5 4 0 0
"2d103dfab2c563e9" 21 76 36 896 80 184 229 1218 77 30 902 80 199627 3636 738 80 17 18 19 20 3154 1179 1190539 -1 -1 0 0 0 0 6 7 7 6 6 6 5 5 4 3 0 0
"41878dad455c5cc1" 45 4 389 283 154 291 1368 158 4 6 1629 150 124 80 199627 90 4 5266 44 150 2636 80 369 153 4 229 389 124 72 80 199627 4 996 30 161 19 1183 770 184 114 22958 80 344 66 42 1179 1190540 -1 -1 0 0 0 0 8 9 8 7 6 7 6 5 4 3 0 0
"f342609f9225e131" 26 44 30 16503 3263 80 199375 20 5054 103 4327 61 867 80 199627 3322 28 246 76 80 28 1820 11 166 32 3274 1179 1190541 -1 -1 0 0 0 0 7 7 6 8 7 6 5 3 7 4 0 0
"8ca5ce483b823414" 39 90 96 51 722 2091 4928 80 249 60 391 1030 788 4625 80 199627 484 19 920 80 550 70 840 77 30 6836 80 199627 90 232 108 4361 80 344 559 369 232 83 235350 1179 1190542 -1 -1 0 0 0 0 8 8 7 8 6 7 5 4 4 3 0 0
"085ca2329c73adc0" 27 88643 80 550 271 721 80 30 161 90 443 80 199627 4 996 30 161 19 1183 770 184 114 22958 80 550 74 18010 1179 1190543 -1 -1 0 0 0 0 9 8 8 7 6 7 6 5 4 3 0 0
"b86329fa2736a629" 26 255 5403 80 344 30 5002 80 344 30 706 80 199627 44 567 77 150 646 80 859 453 561 4 153 271 4275 1179 1190544 -1 -1 0 0 0 0 7 8 7 8 6 6 5 4 4 3 0 0
"9a5eedf5b2db6e35" 32 90 1425 60 80 425 70 77 150 290 3908 80 2551 330 56 1082 24 206 80 199627 249 369 127 28 4522 83 80 229 74 7 19 8875 1179 1190545 -1 -1 0 0 0 0 8 9 7 8 7 6 3 3 3 3 0 0
"d09947ee3d23e77c" 40 6569 19 185 108 80 550 51 823 6836 19 6569 80 199627 330 7522 80 1267 1183 4179 80 1267 1183 5036 80 199627 192 757 76 36 54 11003 80 330 2458 511 513 184 114 9555 1179 1190546 -1 -1 0 0 0 0 7 7 6 7 6 6 5 8 6 7 0 0
"4d4c8e1928db17c3" 31 2098 4 453 14 1331 80 344 11 5085 80 166 3380 80 199627 184 229 4343 761 80 4 1525 76 51 1132 960 77 3351 80 2539 28 1179 1190547 -1 -1 0 0 0 0 8 9 8 7 6 6 4 3 6 3 0 0
"c6e254e5796a6762" 51 4 1183 14 108 3653 80 453 14 106 1366 80 199627 161 3587 127 243 19028 80 44 150 600 369 13 28 3292 80 199627 4 114 1015 51 495 178 51 304 25 79 291 80 199627 249 49 4 25 28 319 80 199375 146 2455 1179 1190548 -1 -1 0 0 0 0 10 9 10 8 9 7 4 2 9 6 0 0
"d99a90281ac00467" 40 236144 2596 2091 127 14 4058 80 199627 166 250 60 80 16520 11168 80 199627 1514 798 104 51 7329 80 127 14 231 192 1056 80 199627 590 453 88 1745 80 161 2967 53 51 206 1179 1190549 -1 -1 0 0 0 0 10 7 9 4 5 7 8 2 4 3 0 0
"5dd1eb9315c510eb" 49 4 119 60 192 506 80 127 14 231 1138 80 199627 425 16520 17 18 19 61 80 2380 28 1257 90 4300 80 199627 90 2787 80 4 3843 14 80 28 1232 13412 80 199627 74 512 1409 61 80 11 1267 453 4 228 1179 1190550 -1 -1 0 0 0 0 9 8 9 7 8 6 4 2 7 5 0 0
"c6f3acc386821734" 42 382 4490 651 80 231 15722 77 3623 80 199627 90 30 176115 80 915 4 1269 28 246 83 1749 80 199627 166 632 4017 77 150 1646 34 80 199627 200449 49 4 80 33 61 369 378 27 1179 1190551 -1 -1 0 0 0 0 8 7 8 7 6 6 7 2 7 4 0 0
"92c2a440462f87ee" 47 4 127 14 13511 70 451 30 1022 80 2911 520 80 199627 249 49 4 80 541 11 1483 192 506 80 199627 74 7 36 3778 80 11 120 271 61 21715 80 199627 257 80 859 1895 866 30 3421 80 146 75 1179 1190552 -1 -1 0 0 0 0 9 8 9 7 7 7 4 2 7 5 0 0
"cec90a950e7b46f6" 51 102 3847 36 150 9405 80 199375 146 460 42 80 199627 8880 14 102 51 22831 80 915 80 199375 146 283 527 80 199627 21592 2743 37706 80 90 120 14 1183 4 559 184 553 80 199627 257 80 859 3737 554 1653 90 707 30 8598 1179 1190553 -1 -1 0 0 0 0 8 7 7 6 5 7 4 7 6 4 0 0
"ee93648e8d1797a4" 44 90 1534 80 4 436 14 80 127 14 231 102 51 5854 80 199627 249 49 4 80 199375 707 70 30 2568 80 199627 257 859 7689 144 3410 8432 80 199627 90 453 1231 1232 5277 80 1741 44 1741 1179 1190554 -1 -1 0 0 0 0 8 7 6 5 5 6 4 3 5 4 0 0
"24c01de97d84e28b" 49 90 383 1728 80 30 61 44 271 600 80 199627 4 127 14 13511 70 451 30 1022 80 249 199375 146 91622 80 199627 361 19 30 82 80 90 49 4 25 28 319 80 199627 271 61 378 443 3820 19 920 90 2995 1179 1190555 -1 -1 0 0 0 0 8 7 8 7 6 6 4 2 6 5 0 0
"e6913c1e08f19c07" 41 11 185 103 711 80 90 199375 20 2645 1274 80 199627 90 4 13 922 80 8986 257 80 199627 566 4 16977 80 915 80 166 283 527 80 199627 49 4 80 199375 255 106 30 61 1179 1190556 -1 -1 0 0 0 0 8 7 7 6 7 6 4 2 7 6 0 0
"b90fff445a82fdee" 55 4 11 51 2505 2098 80 249 4 127 14 1954 80 199627 90 4 153 154 51 304 283 4300 102 51 14653 80 74 4943 80 199627 70 369 56 119 104 531 51 30351 80 90 1010 77 4 80 199627 4019 161 621 80 860 13 28 61 104 33 1179 1190557 -1 -1 0 0 0 0 7 6 6 4 4 5 4 4 4 4 0 0
"ab1f5b4814cd8bd5" 49 425 4 12 9317 14 80 127 14 231 102 51 2688 80 199627 90 44 6056 53172 53173 80 378 808 453 14 106 321 90 13081 80 199627 49 4 80 199375 146 251 36 845 80 199627 36 271 61 378 443 3820 19 879 1179 1190558 -1 -1 0 0 0 0 9 8 8 7 7 6 4 2 7 6 0 0
"c16c773106864ddf" 53 60 56 146 1219 408 103 80 271 61 192 6119 80 199627 352 185 352 102 28 3073 80 249 550 28 246 5942 1018 80 199627 257 80 859 212 83 30 39 80 74 1539 43 80 199627 271 61 80 1274 3274 80 146 2139 44 51 8002 1179 1190559 -1 -1 0 0 0 0 8 7 7 7 6 6 4 2 6 5 0 0
"5a55df355bf221de" 56 6777 2034 102 51 3869 44 30 530 80 74 3639 80 199627 2539 3250 184 127 603 5184 80 249 36 4 80 74 7 36 236145 80 199627 49 4 80 199375 11 20 14 80 74 6611 768 6398 80 199627 257 80 859 3558 30 39 80 74 7 36 4824 1179 1190560 -1 -1 0 0 0 0 6 5 5 4 4 5 5 3 5 4 0 0
"6690a22f6cc17645" 50 558 369 293 4 25 150 646 80 768 11 28 61 80 199627 192 506 184 5832 80 102 51 1741 44 51 3395 80 199627 90 30 28055 1138 80 6174 89 83 271 61 80 199627 257 80 859 3820 19 8071 80 102 51 8970 1179 1190561 -1 -1 0 0 0 0 7 6 6 6 5 4 4 2 5 4 0 0
"a84a0aa4b3e0a930" 52 4 153 154 297 1214 20 6105 36 28 61 80 199627 19213 245 2272 80 277 19 1525 770 89 80 3533 408 549 80 199627 158 369 11 492 4 32 80 44 28 1001 1274 90 51 621 80 199627 271 61 80 74 161 114 212 849 1179 1190562 -1 -1 0 0 0 0 8 7 7 7 6 5 4 2 5 4 0 0
"252edf59bfd7f289" 17 153119 153119 153119 80 16520 231 1683 80 199627 200450 4276 451 6241 80 4 26312 199372 1190563 -1 -1 0 0 0 0 8 8 9 8 7 7 5 3 4 3 0 0
"0bdae5520bcba268" 23 4 153 369 2369 60 44 30 6042 80 199627 249 456 30 876 104 1138 80 184 1267 2952 30 16281 1179 1190564 -1 -1 0 0 0 0 7 6 7 6 6 6 2 5 3 4 0 0
"d55b34019945f689" 21 120 150 6763 4553 80 249 6 208 174 2988 80 199627 1267 232 1618 80 166 120 60 1183 1179 1190565 -1 -1 0 0 0 0 6 7 6 7 6 6 3 3 3 4 0 0
"5694856b5f0cd476" 23 28135 28135 80 340 290 80 344 559 184 553 80 199627 74 206 36 362 887 80 184 11 11655 2988 1179 1190566 -1 -1 0 0 0 0 8 8 8 7 6 8 5 2 3 2 0 0
"419ee41881537141" 23 330 166 1525 14 89 80 166 161235 1745 80 199627 1334 174 3274 80 8517 41103 80 859 20 11 1056 1179 1190567 -1 -1 0 0 0 0 9 8 8 6 7 7 4 2 3 3 0 0
"0079d8b7a4c77ec3" 26 102 456 184 14307 76 80 44 30 1755 77 1237 80 199627 1267 3002 823 80 250 14 2952 28 9011 80 70 474 1179 1190568 -1 -1 0 0 0 0 7 7 7 6 7 6 2 3 3 5 0 0
"d588626770f69d13" 18 5076 83 51 3478 25 30 11508 425 80 199627 550 174 2253 80 231 16977 17883 1179 1190569 -1 -1 0 0 0 0 6 6 7 7 8 5 2 2 2 6 0 0
"da2f154202745ad6" 22 90 4 13 30 139 54 922 4300 80 199627 158 369 492 4 32 80 844 4 808 12 152 199372 1190570 -1 -1 0 0 0 0 7 6 6 5 6 4 3 4 6 4 0 0
"8df1de8fd01f3f04" 21 4 112 12 283 14 80 2348 436 14 80 199627 249 369 808 656 2787 80 166 7632 14 1179 1190571 -1 -1 0 0 0 0 7 8 8 7 7 6 5 5 4 4 0 0
"74ca7ea62602e249" 33 4 153 369 255 283 4300 102 51 14653 80 199627 6 4 299 152 19 436 14 80 6 16889 80 199627 563 158 30 5650 6847 19 5786 90 28386 1179 1190572 -1 -1 0 0 0 0 8 8 8 7 6 6 5 5 4 4 0 0
"d5fc7945f0f55d0d" 28 70 369 56 119 391 531 51 30351 80 231 192 1779 80 199627 1267 782 823 80 250 14 2952 28 9011 80 120 60 1183 1179 1190573 -1 -1 0 0 0 0 7 8 7 7 7 5 3 4 3 5 0 0
"eca01f89d2c62a56" 26 297 1214 20 6105 80 2348 283 44 28 139 80 199627 249 60 56 146 1219 408 103 80 1267 2952 621 25 621 1179 1190574 -1 -1 0 0 0 0 8 7 7 6 7 7 4 3 5 5 0 0
"4524c008a5e7e5e0" 24 352 2182 352 4493 28 3073 80 330 127 14 231 4300 80 199627 383 1728 80 166 3380 80 563 30 1121 1179 1190575 -1 -1 0 0 0 0 6 6 7 7 7 6 4 2 3 6 0 0
"d157954af6b95698" 18 21592 2743 37706 80 6 4 13 80 199627 330 166 161235 1745 80 1334 174 544 1179 1190576 -1 -1 0 0 0 0 9 7 8 7 7 6 4 2 3 3 0 0
"a24177ac0fd7b2dc" 21 153119 153119 153119 80 231 192 1366 80 199627 425 16520 17 18 19 61 80 590 212 154 10392 1179 1190577 -1 -1 0 0 0 0 8 7 9 8 6 5 3 3 7 5 0 0
"0a2826543a7b8fe4" 38 16520 1534 19 30 4355 80 249 369 232 1119 199627 44 103 3478 25 30 11508 425 80 550 146 4038 199627 558 369 293 4 25 150 646 80 768 104 60 11 51 706 199372 1190578 -1 -1 0 0 0 0 6 8 8 7 7 9 4 4 2 6 0 0
"8eb77e9d194bdc07" 19 352 127 4490 3370 408 70 30 3645 199627 19213 245 2272 44 382 2517 12146 511 8068 1179 1190579 -1 -1 0 0 0 0 5 7 6 5 6 7 4 3 2 4 0 0
"b8b917c2b3bb805d" 23 369 11655 2988 80 1267 232 30 1342 199627 3847 150 29 2249 80 425 4 12 9317 14 80 53 1174 1179 1190580 -1 -1 0 0 0 0 7 6 6 5 6 6 3 3 2 5 0 0
"efc124bbe0b98d4d" 25 166 632 4017 422 154 1646 34 80 192 790 199627 74 362 2203 114 638 24 103 61 80 60 5934 174 474 1179 1190581 -1 -1 0 0 0 0 8 7 9 7 8 8 3 3 6 6 0 0
"299e83257d718c50" 20 4 112 12 283 14 80 249 223 369 8190 199627 153 154 425 16520 17 18 19 61 1179 1190582 -1 -1 0 0 0 0 7 6 6 4 5 6 3 2 5 6 0 0
"385212aa1a9a9185" 20 127 30 3355 19 30 4453 80 176115 199627 11 185 103 711 80 229 277 19 2358 318 1179 1190583 -1 -1 0 0 0 0 5 6 6 4 5 4 3 2 5 4 0 0
"6dba88fd65eedf1a" 21 17 1618 174 2988 80 1267 283 19 30 4181 199627 361 19 30 82 80 279 1499 114 12733 1179 1190584 -1 -1 0 0 0 0 6 6 7 6 7 5 3 3 3 3 0 0
"a37b428b08b4cace" 20 150 6763 4553 80 249 4 808 114 1369 199627 8880 14 102 51 22831 80 200450 17 2364 1179 1190585 -1 -1 0 0 0 0 8 7 5 4 6 7 5 3 3 5 0 0
"149f472a139a171e" 21 90 4 13 922 5055 544 199627 249 4 11 51 2505 2098 80 90 344 70 860 299 20 1179 1190586 -1 -1 0 0 0 0 6 7 6 5 6 8 3 3 2 4 0 0
"6d07be45e9ba2362" 21 4 127 14 13511 102 51 2469 440 83 30 2662 199627 90 2787 80 4 13 14 1085 24 1179 1190587 -1 -1 0 0 0 0 7 7 8 6 7 8 3 3 6 5 0 0
"a1d8ff808eb0985d" 26 4 153 369 2369 60 44 30 6042 80 174 2253 199627 249 19 1679 103 61 80 4 127 19 2952 80 1028 14 1179 1190588 -1 -1 0 0 0 0 7 6 5 4 5 6 3 2 6 5 0 0
"c173f1409c52d301" 28 184 2597 257 192 506 80 550 1425 19 20 199627 90 4 153 154 51 304 283 4300 102 51 14653 80 11 592 90 13 1179 1190589 -1 -1 0 0 0 0 8 7 8 6 6 8 3 3 5 7 0 0
"fdebcd4ced0b4849" 26 127 28 34 83 4 80 166 390 361 199627 192 369 11655 2988 80 70 369 56 119 104 531 51 30351 90 592 1179 1190590 -1 -1 0 0 0 0 7 6 7 6 7 7 3 3 3 5 0 0
"5f0c517b4969deae" 23 4 1734 14 36 51 5854 80 249 550 1056 199627 8517 41103 80 860 1787 60 456 4 13 66 1745 1179 1190591 -1 -1 0 0 0 0 6 7 6 5 6 7 3 3 3 4 0 0
"6e7abfc21ab39c8a" 22 3407 104 8441 80 249 184 808 83 31 199627 2539 3250 184 127 603 63 80 90 330 146 4554 1179 1190592 -1 -1 0 0 0 0 7 7 8 7 8 6 3 3 3 3 0 0
"fdf98246e4db011e" 24 415 30 4224 80 475 30 82 6745 80 199627 19213 245 2272 80 90 30 28055 1138 80 344 559 60 573 1179 1190593 -1 -1 0 0 0 0 7 6 8 6 7 3 7 4 2 3 0 0
"2b384de4ad40dace" 21 166 632 4017 77 150 1646 34 80 199627 158 369 11 492 4 32 80 844 4 20 1745 199372 1190594 -1 -1 0 0 0 0 8 7 8 7 7 6 4 3 8 3 0 0
"8d0772e3a119735e" 24 425 4 12 9317 14 49 70 150 4139 80 199627 74 362 2203 80 4 153 297 1214 20 6105 36 2521 1179 1190595 -1 -1 0 0 0 0 8 8 8 6 8 2 6 4 3 5 0 0
"cb19b77e13851827" 17 227 44 6056 53172 53173 80 199627 566 4 16977 80 114 4 2380 49 6881 199372 1190596 -1 -1 0 0 0 0 7 6 7 3 6 2 5 6 3 6 0 0
"8237059cd50f22e0" 22 1080 456 369 391 634 410 49 26329 80 199627 154 711 127 14 13377 80 425 28 234829 51 14657 1179 1190597 -1 -1 0 0 0 0 8 7 8 8 7 4 6 7 3 2 0 0
"42b35507fe5ae3a3" 22 249 127 1598 44 271 857 80 166 707 544 80 199627 28682 80 184 11 1267 232 1409 271 908 1179 1190598 -1 -1 0 0 0 0 7 6 8 6 7 6 5 3 4 7 0 0
"9c09276150a22604" 25 74 474 80 19 3598 14 36 518 369 242 80 199627 1460 14 866 51 129 80 425 28 290 6106 36 3172 1179 1190599 -1 -1 0 0 0 0 9 8 9 7 8 4 6 3 4 4 0 0
"1782be8fc2359c52" 25 90 184 360 103 223 80 550 11 30 1299 831 706 80 199627 1267 2995 549 80 1267 32 33 19 150 646 1179 1190600 -1 -1 0 0 0 0 8 7 8 7 7 6 3 6 3 9 0 0
"c650c98a8abd419a" 22 352 153 369 232 603 351 80 344 51 6183 80 199627 13346 2451 80 206 19 1343 245 1749 7618 1179 1190601 -1 -1 0 0 0 0 7 7 8 6 7 4 4 3 2 4 0 0
"54fe165d13e25abf" 59 4 114 13 60 70 451 28 92 80 30 2602 90 30 7387 80 199627 90 5374 104 28 443 3569 80 28 443 139 19 3177 1179 199627 119 4 1312 88 49 150 275 80 768 119 4 212 51 12174 80 199627 77 30 4687 80 70 36 1625 80 19738 1312 90 4355 1179 1190602 -1 -1 0 0 0 0 10 9 9 9 8 6 3 8 3 8 0 0
"845421f6d4a95d3f" 25 74179 3220 80 166 1028 43 369 11 974 80 199627 70 150 6345 89 30 7347 80 60 391 70 11 51 6400 1179 1190603 -1 -1 0 0 0 0 8 8 7 6 7 3 4 4 2 4 0 0
"54093b2fba40e74c" 25 798 44 30 66237 5805 102 30 92891 80 199627 25225 79 4366 80 1267 1493 276 319 1767 83 80 344 30 9443 1179 1190604 -1 -1 0 0 0 0 7 6 8 6 7 4 2 6 3 5 0 0
"5e4e85b44118ff30" 35 807 51 31841 80 127 14 231 1366 80 199627 456 369 998 19 630 80 352 2139 14 49 382 600 1179 199627 249 6857 23166 80 1267 32 849 408 154 1138 1179 1190605 -1 -1 0 0 0 0 8 8 8 6 7 3 6 2 3 3 0 0
"84b8d2e24f3a6701" 22 1183 42 1183 42 80 344 70 369 153 80 199627 279 104 2312 80 550 11 30 139 184 208 1179 1190606 -1 -1 0 0 0 0 7 6 8 5 6 3 4 3 2 4 0 0
"a1af4a42fb3b1742" 49 2539 60 378 80 859 453 60 19 30 31 80 199627 70 297 1214 83 28 2603 80 2348 1895 28 5040 43284 997 632 1179 199627 4 166 1058 770 425 80 1334 174 633 2157 80 199627 11 1267 232 1617 80 232 3846 83 1179 1190607 -1 -1 0 0 0 0 9 7 8 7 7 3 4 3 2 4 0 0
"39ce92f556fc4a7c" 24 184 127 107 3158 90 184 12746 60 80 199627 249 36 54 518 6 283 60 80 550 823 19 2718 60 1179 1190608 -1 -1 0 0 0 0 8 6 8 7 7 3 2 4 5 3 0 0
"5a41d27eedce3c9b" 22 798 391 11 14844 49 51 4274 44 79 1741 80 199627 249 330 166 212 849 28 5985 80 2718 199372 1190609 -1 -1 0 0 0 0 6 8 7 6 7 7 7 8 6 8 0 0
"a2dd78c047e101e5" 18 1577 2161 19 4 28 2600 80 199627 200450 3322 243 17759 90 453 60 14864 595 1179 1190610 -1 -1 0 0 0 0 7 5 8 8 7 4 3 4 5 4 0 0
"fccea9ee45b7af98" 23 1267 1493 28 5269 34429 80 44176 83 28 2489 80 199627 4 127 14 11907 208014 297 1877 90 103 3610 1179 1190611 -1 -1 0 0 0 0 8 7 9 6 8 7 6 6 8 7 0 0
"b43b785034637541" 18 330 20 24596 83 235136 6905 80 199627 249 184 15405 6389 44 788 6042 154 6745 1179 1190612 -1 -1 0 0 0 0 7 8 9 7 8 6 5 7 4 6 0 0
"9979fae5aaf805ed" 20 590 1015 382 77 28 8953 80 199627 1031 16520 83 30 2603 234959 42 2272 80 4 13 1179 1190613 -1 -1 0 0 0 0 7 6 6 6 6 9 7 5 4 6 0 0
"ec71c6dbcaa729fe" 22 101652 101653 101654 80 208 283 28 18251 80 199627 158 369 299 7 833 80 4 153 369 22 7538 1179 1190614 -1 -1 0 0 0 0 8 7 8 8 7 5 4 4 9 5 0 0
"9611011d138c8a0a" 24 1330 80 352 127 51 3012 344 76 77 103 39 80 199627 4 2432 28 246 89 80 425 550 70 10611 1179 1190615 -1 -1 0 0 0 0 9 9 7 8 7 4 7 4 6 6 0 0
"e712f7a302943f80" 21 1093 1664 2844 60323 1156 30 876 80 199627 192 70 154 369 114 119 104 1629 1957 96 896 1179 1190616 -1 -1 0 0 0 0 6 7 5 7 5 4 3 5 7 7 0 0
"a609481aa740c968" 23 369 808 1080 456 369 391 634 410 49 26329 80 199627 344 43 1460 14 866 30 129 369 242 160 1179 1190617 -1 -1 0 0 0 0 7 6 6 7 7 5 5 4 8 4 0 0
"d8836215e7f78a21" 22 330 127 74 474 19 3598 51 129 102 14 80 199627 44176 83 28 2489 80 55 5943 70 6930 1179 1190618 -1 -1 0 0 0 0 6 7 8 7 7 6 7 7 8 7 0 0
"d64b63ecbe6912ae" 49 4 1312 88 49 150 275 80 249 369 127 51 953 4543 80 199627 590 293 42 245 2272 80 200450 208 70 76 80 199627 200449 44 103 39 80 234836 104 255 2312 80 199627 192 369 1267 119 66 474 36 14 80 4296 1179 1190619 -1 -1 0 0 0 0 8 8 8 8 7 7 5 7 6 9 0 0
"99c9d55e047c63af" 23 235085 60 378 80 1261 330 185 80 249 369 22 1028 80 199627 200449 6857 23166 90 369 2663 19 3583 1179 1190620 -1 -1 0 0 0 0 6 7 6 8 7 8 6 9 6 7 0 0
"906a5977a6f91fe3" 26 369 904 19 390 77 297 14444 3903 90 70 154 80 199627 425 369 11 106 70 172 80 19888 319 104 234978 8132 199372 1190621 -1 -1 0 0 0 0 7 5 7 6 5 6 5 7 6 7 0 0
"03433434d60da9fa" 24 352 127 51 3012 344 27465 80 90 456 352 6847 15493 80 199627 4 153 154 2782 104 475 5942 20 235210 1179 1190622 -1 -1 0 0 0 0 8 9 7 6 6 6 7 3 7 5 0 0
"6de434c6cb287a87" 21 38272 21410 80 352 153 369 127 603 4706 80 199627 249 4 166 1058 770 80 184 227 2012 1179 1190623 -1 -1 0 0 0 0 7 8 6 9 8 5 3 4 4 3 0 0
"84b2f69c8ff6e8ec" 22 4 2306 28 246 89 44 30 363 80 199627 249 330 166 96 28 1741 80 16520 17 51 4815 1179 1190624 -1 -1 0 0 0 0 7 7 6 7 6 5 4 5 3 4 0 0
"c63bc04658599b40" 33 74179 3220 80 127 14 231 245 619 77 139 80 199627 798 44 30 66237 17284 102 30 92891 119 80 199627 4 127 14 11907 422 43 369 12 185 1179 1190625 -1 -1 0 0 0 0 8 7 9 8 7 8 6 4 6 4 0 0
"5c80da5d1fc99061" 21 154 711 127 14 13377 80 166 563 3757 80 199627 249 808 80 369 1267 232 206609 236146 4300 1179 1190626 -1 -1 0 0 0 0 6 6 8 5 6 6 4 3 4 3 0 0
"bf83488fe614b2b6" 33 28 61 36 51 694 77 37908 104 2539 192 33 80 199627 249 297 1214 22 630 14 172 80 330 234850 42 28 2603 80 66 51 4325 19 119 199372 1190627 -1 -1 0 0 0 0 7 9 8 4 7 8 4 4 3 2 0 0
"b677e88a371f9f7b" 27 4 114 13 60 70 451 28 92 80 550 6826 1744 80 199627 200449 369 11 14666 51 226 17759 80 16520 76 28 4942 1179 1190628 -1 -1 0 0 0 0 8 5 7 6 6 6 3 2 3 2 0 0
"db7caae2995e5e96" 27 1015 382 77 28 8953 80 249 184 127 1598 44 271 857 80 199627 456 369 998 19 2174 80 352 136 184 477 13589 1179 1190629 -1 -1 0 0 0 0 6 6 6 5 5 4 3 3 7 5 0 0
"294449f102d62897" 41 192 70 154 369 114 119 104 3322 76 28 246 80 199627 200449 1093 1664 280 8133 80 344 51 1896 554 780 80 199627 90 550 150 2161 80 1444 19 709 2831 80 200450 453 60 4688 1179 1190630 -1 -1 0 0 0 0 9 7 6 7 8 8 3 4 9 8 0 0
"ccbb9eb9a551418c" 24 1183 42 80 1183 42 80 550 823 19 2718 80 199627 297 398 2348 1525 770 89 80 249 184 808 41 1179 1190631 -1 -1 0 0 0 0 8 8 7 9 7 5 4 8 4 6 0 0
"2fe06f09abe7df98" 23 90 184 360 103 223 80 6 35 36 30 358 80 199627 1493 34429 80 453 561 330 127 150 24 1179 1190632 -1 -1 0 0 0 0 7 8 7 8 7 5 4 7 3 7 0 0
"3a93e9202bc458fb" 30 16520 24596 83 236147 6905 80 330 2348 1525 14 89 80 199627 249 16520 808 83 30 6265 77 103 6042 80 28682 80 212 51 757 406 1179 1190633 -1 -1 0 0 0 0 8 6 7 6 6 4 3 4 4 4 0 0
"ad5e334d8eeaca9d" 28 798 391 2659 49 51 1741 23574 80 1310 798 391 4300 80 199627 249 297 290 76 749 6106 80 5943 119 845 19 283 25 1179 1190634 -1 -1 0 0 0 0 7 8 7 6 5 4 3 8 3 6 0 0
"f4bca1262b9a97db" 26 101652 101653 101654 80 70 150 6345 89 30 7347 80 199627 249 199375 808 20 749 80 1409 28 908 80 13870 19 12177 1179 1190635 -1 -1 0 0 0 0 9 7 6 5 7 4 3 6 3 6 0 0
"acb3db3b868d7c9d" 24 16520 51 31841 80 369 114 638 28 29 80 199627 249 158 369 299 251 833 80 199375 293 42 28 5444 1179 1190636 -1 -1 0 0 0 0 8 7 7 6 7 5 3 4 6 6 0 0
"58d25606c86c0586" 26 293 42 297 2272 80 5943 629 15492 24 80 199627 2539 60 378 80 5943 3179 330 1043 51 5227 80 344 51 6183 1179 1190637 -1 -1 0 0 0 0 7 8 4 5 6 4 3 4 4 5 0 0
"d10352a16d51b0d6" 23 352 127 3012 80 127 154 1749 4872 80 199627 249 74 161 114 1058 770 408 103 146 997 1412 706 1179 1190638 -1 -1 0 0 0 0 8 9 9 7 8 9 3 3 3 4 0 0
"460d57ebc35e17af" 24 369 453 51 8953 80 36 382 19 13 80 199627 28 3769 36 5374 80 16520 83 382 319 80 4 11333 199372 1190639 -1 -1 0 0 0 0 7 6 7 9 7 8 4 2 7 3 0 0
"51b27d33d7c512ad" 20 550 823 19 2718 80 30 61 199374 5623 80 199627 49 70 297 1214 6977 42 28 2603 1179 1190640 -1 -1 0 0 0 0 8 7 9 5 7 6 3 2 6 4 0 0
"96f0c5b874e6e0cf" 40 798 391 11 14845 49 51 1741 23574 80 199627 249 4 2306 28 246 89 44 30 363 80 74 1505 1179 199627 4 1312 88 49 150 275 80 249 28 61 80 344 102 51 5697 1179 1190641 -1 -1 0 0 0 0 7 8 8 6 7 6 4 2 5 7 0 0
"cd7e21defb2084fc" 26 4 484 74 474 19 436 49 28 246 80 199627 425 369 6 106 51 897 17759 77 61 80 4 18262 770 1050 1179 1190642 -1 -1 0 0 0 0 6 7 7 6 6 6 3 2 5 6 0 0