"091cab2981754976" 41 6808 28 4533 518 477 453 60 144 80 199627 1312 74 161 80 344 30 4537 184 1348 80 199627 249 761 80 859 278 70 30 2602 80 199627 200449 1334 590 1394 80 120 271 1820 3792 1179 1190643 -1 -1 0 0 0 0 8 9 6 7 6 5 5 5 6 7 0 0
"d0d6036f20c7410c" 46 398 114 4 421 14 80 184 40493 271 3167 80 199627 550 51 108 206 19 1096 770 80 200450 22395 80 199627 90 6 3589 80 30 3455 378 6141 80 199627 60 573 340 2253 80 11 120 208 80 20 10189 1179 1190644 -1 -1 0 0 0 0 6 8 8 9 8 6 5 4 4 5 0 0
"7b82a2ec0c34fa74" 40 551 1132 7389 76 44 4932 80 199627 249 44 103 4663 4233 80 551 74 1608 1022 80 199627 7064 255 136 80 757 223 4 6040 80 199627 249 1112 4 1267 212 51 5032 19 28398 1179 1190645 -1 -1 0 0 0 0 7 6 8 6 5 8 4 4 5 3 0 0
"c45d2976c7f19620" 41 590 531 88 102 51 2596 23786 11876 80 199627 2988 102 25171 80 249 199375 808 3558 80 199627 200449 70 28 54546 127 28 24 80 184 6392 80 199627 229 74 161 590 4633 49 770 761 1179 1190646 -1 -1 0 0 0 0 7 7 9 6 7 8 6 6 4 4 0 0
"53b49bf774a7f549" 39 4 1341 13 603 80 249 966 255 848 80 199627 232 150 5434 42 80 255 17020 80 199627 90 537 369 739 80 150 236148 27693 80 199627 249 70 154 5947 166 1678 150 2025 1179 1190647 -1 -1 0 0 0 0 8 7 8 6 5 7 5 7 3 6 0 0
"3dc396d6637fa1eb" 42 4044 77 3666 16664 709 224 80 199627 249 369 229 609 80 16520 1418 11 1056 80 199627 13 80 369 1003 1024 80 344 474 80 550 14 80 199627 90 42 606 80 860 13 28 33 3164 1179 1190648 -1 -1 0 0 0 0 6 6 7 6 4 7 4 8 3 3 0 0
"a5e064ec34df2b4e" 49 120 14 283 19 153 4 11 51 783 784 5927 80 199627 249 330 6 12 421 178 271 61 80 966 50 11112 80 199627 150 50007 104 70 369 7 80 19 106 1366 80 199627 249 5943 146 2718 80 966 11 174 1534 1179 1190649 -1 -1 0 0 0 0 9 8 7 9 8 9 6 5 8 7 0 0
"880b672069b4eb73" 41 2986 80 344 28 10191 2187 80 199627 383 2659 330 840 80 249 369 22 10614 80 199627 200449 369 1267 20 848 80 453 561 234968 474 80 199627 1267 32 83 28 782 80 788 1330 1237 1179 1190650 -1 -1 0 0 0 0 8 6 9 7 6 6 4 4 5 3 0 0
"68904ae61318dd58" 44 234899 53 30 23833 144 28 16277 80 199627 127 14 4017 178 275 90 2284 808 80 199627 249 278 70 154 80 369 12 212 4 83 51 4851 80 199627 1183 4 51 108 206 80 74 7 19 7003 1179 1190651 -1 -1 0 0 0 0 6 5 8 6 6 5 5 5 5 4 0 0
"b492dc0efb2a5452" 50 158 4 251 19 453 51 2897 80 120 14 153 80 199627 369 153 352 816 30 4523 80 249 817 352 61 30 1183 199372 199627 2143 43 330 44 60 36 80 1409 154 4275 80 199627 249 199375 32 33 80 146 2174 28 706 1179 1190652 -1 -1 0 0 0 0 8 7 8 7 6 7 6 5 6 5 0 0
"a9dcd9d7543a82b3" 47 4 114 55 83 14 80 199375 146 120 4 89 80 199627 4 153 369 127 60 89 80 234839 28 3057 80 199627 249 425 369 956 1167 80 6977 76 531 80 199627 2139 42 44 103 2012 275 80 550 74 4635 1179 1190653 -1 -1 0 0 0 0 9 8 8 9 8 8 6 6 7 7 0 0
"5637b6e9d09f0bfe" 52 456 4 421 14 80 550 102 30 2999 77 51 36641 80 199627 90 563 238 1334 1598 749 44 669 80 550 70 15385 80 199627 456 4 119 60 102 103 80 550 12761 80 74 5430 80 199627 15493 19 30 31 80 74 7 19 4593 1179 1190654 -1 -1 0 0 0 0 8 7 7 6 6 8 5 6 4 5 0 0
"f7da12e493735b01" 43 1624 835 369 490 102 51 5235 80 199627 12 460 4 28 27812 80 453 4 15352 80 199627 798 185 235993 80 4 2410 634 80 517 89 80 1261 199627 90 369 1267 11333 80 369 457 28 5228 1179 1190655 -1 -1 0 0 0 0 7 6 8 7 6 7 5 4 6 4 0 0
"9050b5dadcd59dd3" 46 51 13543 114 920 1899 80 249 28 10145 32 2144 80 199627 383 879 796 80 6 7003 768 632 80 199627 200449 16520 30 499 5218 80 330 70 12 1081 80 199627 249 369 22 24 89 80 199375 1494 30 35173 1179 1190656 -1 -1 0 0 0 0 8 7 8 6 5 8 4 6 4 5 0 0
"dda9ede628eb6cc8" 52 136 4 254 14 19 553 49 4 80 192 369 1895 80 199627 184 127 4478 80 70 28 11326 127 4478 80 629 4300 80 199627 90 184 4522 102 4484 80 476 178586 83 28 319 80 199627 184 4200 103 706 80 551 74 7 19 1678 1179 1190657 -1 -1 0 0 0 0 7 6 8 7 6 6 5 4 5 3 0 0
"5106f3a217799386" 20 709 915 80 709 2601 92 80 199627 859 119 43 184 96 19 80 49 5174 90 4595 1179 1190658 -1 -1 0 0 0 0 7 8 9 6 7 6 8 2 6 3 0 0
"b03d4dc6a2c2dbfd" 31 51 13543 114 920 1899 44 30 1237 80 199627 249 4 1267 71 4216 44 2425 80 199627 90 4 1341 13 603 80 192 481 42 51 2919 1179 1190659 -1 -1 0 0 0 0 8 8 7 6 7 6 6 8 5 6 0 0
"d92ea189d881144c" 30 33362 53 30 23833 144 28 16277 80 199627 60 573 340 2253 456 173 235577 80 199627 120 14 212 4 83 51 4851 80 6043 150 378 1179 1190660 -1 -1 0 0 0 0 6 7 9 6 7 6 7 5 6 5 0 0
"9838a0aa55da9c68" 36 16520 30 499 5218 80 249 369 166 250 1167 80 199627 200449 1334 590 1394 70 1237 80 146 20 31009 80 199627 369 153 352 816 30 7493 80 807 28 5119 4139 1179 1190661 -1 -1 0 0 0 0 9 9 8 7 8 4 7 3 5 4 0 0
"b3aa0ba277a4f657" 32 476 178586 80 255 83 30 3025 80 199627 398 80 114 4 421 14 80 1334 227 30 1010 80 199627 383 2659 8 840 80 44 103 3273 5392 1179 1190662 -1 -1 0 0 0 0 5 6 7 6 5 6 5 8 5 6 0 0
"32fc66e08cb177e6" 34 456 4 119 60 103 12761 80 330 166 3380 80 199627 6808 28 4533 80 255 83 28 34 80 199627 369 739 150 236148 27693 80 150 226 5176 192 4300 1179 1190663 -1 -1 0 0 0 0 7 8 9 6 7 6 7 5 6 7 0 0
"0a013df00ebaadd7" 21 798 185 24583 80 4 2410 634 517 89 80 199627 49 150 50007 80 4 255 457 30 5228 1179 1190664 -1 -1 0 0 0 0 8 9 8 6 7 5 6 5 9 7 0 0
"804ddfd0a008ed4f" 32 425 369 956 1167 234850 76 531 80 199627 330 6 12 421 60 80 330 166 1025 80 199627 4 1341 13 603 80 192 6 563 152 19 28477 1179 1190665 -1 -1 0 0 0 0 10 8 7 5 6 5 6 5 6 3 0 0
"227b46a4736c5f11" 37 4 153 369 127 60 89 80 550 44 28 4725 80 199627 2143 43 330 44 60 36 80 11 19 20 4501 80 199627 13 80 369 1003 1024 80 4 153 16520 549 1179 1190666 -1 -1 0 0 0 0 8 7 8 5 7 6 6 3 6 6 0 0
"00323b846091f95b" 23 90 5937 996 62109 76 80 249 184 808 61 80 199627 70 28 54546 25 28 319 80 184 2995 549 1179 1190667 -1 -1 0 0 0 0 6 5 6 7 5 5 6 4 6 7 0 0
"eae528628c8c26ac" 37 12 460 4 28 27812 80 1183 4 16520 340 80 199627 120 14 283 19 153 4 11 51 783 784 5927 80 860 106 199627 42 606 90 1528 80 200450 453 103 2565 1179 1190668 -1 -1 0 0 0 0 6 8 8 6 7 5 8 6 7 6 0 0
"9a8ea566ebd097a2" 38 25171 44 28 15374 80 2988 90 771 80 199627 90 28 1312 80 550 823 19 629 25 80 16520 255 747 80 199627 7064 394 14 757 223 4 6040 80 232 150 1964 771 1179 1190669 -1 -1 0 0 0 0 5 5 6 6 5 5 7 5 5 9 0 0
"fcc1c031b05b3d0e" 35 90 184 1598 44 669 80 550 51 3273 275 80 199627 1624 835 369 490 80 11 592 36 30 5697 80 199627 920 51 8994 77 1257 80 859 3569 30 7387 1179 1190670 -1 -1 0 0 0 0 7 6 8 7 6 6 5 5 6 6 0 0
"f6ff236afb901394" 43 150 275 104 44 51 4663 4233 80 249 4 153 550 340 80 199627 158 4 12 453 51 2897 80 120 14 153 30 2565 80 199627 456 4 421 14 102 30 2999 77 51 36641 80 860 106 1179 1190671 -1 -1 0 0 0 0 8 7 9 6 7 7 7 5 5 7 0 0
"998b2df5363bd507" 35 550 51 108 206 19 1096 770 80 1334 83 30 2995 80 199627 7064 394 14 757 223 4 6040 80 6 3604 80 199627 150 50007 80 550 43 10290 770 1366 1179 1190672 -1 -1 0 0 0 0 7 6 8 6 7 5 5 6 8 8 0 0
"f70caa889adff978" 36 275 114 20 9247 80 184 119 43 184 96 19 119 80 199627 32449 19 476 178586 80 798 835 550 33 80 199627 90 199374 127 19 20 848 80 36 28 721 1179 1190673 -1 -1 0 0 0 0 7 6 6 5 6 5 3 7 6 8 0 0
"b4f5e86518b4f156" 37 12350 77 1132 7389 80 76 44 4932 80 199627 184 590 1394 90 779 80 70 144 30 235105 1494 80 199627 13 80 369 1003 80 1024 80 102 51 3533 147 44 9878 1179 1190674 -1 -1 0 0 0 0 8 7 9 6 6 5 5 6 7 5 0 0
"2ddcca2985fd921f" 38 120 14 283 19 153 4 80 1217 30 5098 80 199627 2644 44 1342 19 28 4533 80 330 996 255 1030 60 80 199627 4 114 55 83 28 5091 80 550 1677 90 3915 1179 1190675 -1 -1 0 0 0 0 7 6 7 8 6 4 5 5 8 8 0 0
"bc91f9164009dc42" 44 51 13543 114 920 1899 80 249 199375 232 3847 80 199627 200449 456 891 208 340 2253 80 550 17 5219 80 199627 425 369 956 1167 11 6977 76 531 80 199627 277 19 3696 30 2602 80 277 19 1025 1179 1190676 -1 -1 0 0 0 0 6 8 6 7 5 4 3 8 6 7 0 0
"7a71fe7fd48846c5" 49 184 127 4478 80 70 28 11326 32 83 30 782 80 199627 330 293 14 30 499 5218 80 249 344 11 1056 80 199627 200449 798 185 24583 80 4 30 634 80 517 89 80 199627 90 199375 232 8066 80 146 590 2988 89 1179 1190677 -1 -1 0 0 0 0 8 7 8 5 6 5 5 5 6 6 0 0
"b2a5a591d70ffb5f" 27 456 4 119 60 103 12761 80 229 74 1883 36 5430 80 199627 7284 997 3490 857 19 999 80 184 255 4593 60 76 1179 1190678 -1 -1 0 0 0 0 9 6 8 7 7 6 5 4 6 5 0 0
"f26298d9cc0e4e3e" 38 369 531 88 102 51 2596 80 5268 90 771 80 199627 136 4 254 14 19 553 80 1895 771 80 199627 249 369 2143 43 330 44 60 36 80 456 60 70 263 2640 1179 1190679 -1 -1 0 0 0 0 8 7 7 6 6 5 6 5 6 7 0 0
"e81faf5153914243" 32 476 178586 80 255 234845 60 340 80 199627 383 2659 330 840 80 344 30 2565 80 199627 249 158 4 1267 71 4216 80 200450 453 51 554 5922 1179 1190680 -1 -1 0 0 0 0 8 7 6 6 6 8 3 7 7 5 0 0
"24013b4a4ada4a19" 56 456 4 421 14 80 550 6119 1749 80 102 30 2999 77 51 36641 80 199627 212 4 83 51 4851 80 1183 4 61 90 50 80 199627 249 199374 127 19 20 848 80 788 2967 77 30 139 80 199627 200449 4 90 14 257 80 184 127 234836 19 185 1179 1190681 -1 -1 0 0 0 0 7 7 8 5 6 5 4 5 6 5 0 0
"dfca273ca6698476" 25 709 915 80 709 92 80 249 330 70 30 1299 80 199627 42 606 80 330 146 151 80 550 50 51 3428 1179 1190682 -1 -1 0 0 0 0 6 6 6 5 6 5 6 3 5 5 0 0
"56cae914d13866b4" 46 16520 2348 920 51 8994 77 1257 80 90 4300 849 80 199627 249 369 2143 43 330 44 60 36 80 277 19 1525 14 89 90 13589 80 199627 70 28 54546 80 184 3464 257 80 74 1539 43 330 70 185 1179 1190683 -1 -1 0 0 0 0 7 6 7 7 5 6 4 7 6 8 0 0
"d5fab82f1dcaab17" 25 4 114 55 83 28 2971 80 330 629 361 408 30 246 80 199627 1624 835 28 490 80 60 17565 14 1050 1179 1190684 -1 -1 0 0 0 0 8 9 8 7 6 5 3 7 7 7 0 0
"dbfa4ee9b02e8822" 48 7284 997 3490 857 19 999 80 344 28 20616 80 199627 4 153 369 127 60 89 80 90 199375 146 6463 80 199627 369 739 150 236148 27693 80 249 235789 127 28 646 80 199627 22721 768 17 80 590 232 2659 103 706 1179 1190685 -1 -1 0 0 0 0 9 7 8 6 6 5 5 6 7 6 0 0
"b211159ebdfd951a" 38 184 127 4478 80 229 74 3592 44 2425 80 199627 4044 77 3666 80 369 2118 709 224 456 369 742 80 199627 249 369 12 460 4 28 27812 80 28 61 90 28 275 1179 1190686 -1 -1 0 0 0 0 8 6 9 6 6 5 6 5 6 5 0 0
"7ca5d2e570e8806a" 45 70 28 54546 80 184 1895 768 222 80 146 630 271 319 80 199627 383 879 80 184 127 279 19 1678 80 199627 90 28 1312 80 550 1030 511 513 1733 80 199627 49 297 3708 80 859 146 920 831 1179 1190687 -1 -1 0 0 0 0 8 7 7 7 6 5 7 4 6 4 0 0
"1427a96a6fdf4422" 49 51 13543 114 920 1899 80 102 28 246 11 24396 80 199627 369 153 352 816 30 1051 80 475 352 573 80 199627 90 382 17534 255 62109 76 80 83 154 78776 5720 80 199627 249 184 6 3598 80 344 11 559 275 573 1179 1190688 -1 -1 0 0 0 0 7 6 6 7 5 5 3 6 4 6 0 0
"dae54eea0009d7c6" 26 330 119 17 251 19 421 60 80 43 184 1267 185 80 199627 249 4 1341 13 603 80 1312 14 330 22 32 1179 1190689 -1 -1 0 0 0 0 6 4 5 4 4 6 4 4 5 4 0 0
"fdf348bec23cb27c" 45 90 184 1598 44 669 80 229 74 139 76 80 199627 158 4 251 19 453 51 2897 80 2432 14 51 4593 80 199627 2042 53 30 23833 408 28 16277 80 199627 5191 344 30 443 4322 80 234833 10809 808 1179 1190690 -1 -1 0 0 0 0 8 7 7 6 6 7 3 5 4 5 0 0
"c3746f8040ccf9a5" 20 10004 43 30 2565 80 66 112 108 80 199627 13 70 252 909 80 344 559 184 558 1179 1190691 -1 -1 0 0 0 0 7 6 6 5 5 7 4 4 5 4 0 0
"7a0a947d1ffe7a57" 19 82 6106 80 70 184 153 80 199627 90 60 1483 102 2241 2241 80 1629 60 208 1179 1190692 -1 -1 0 0 0 0 8 8 8 7 8 3 3 4 3 3 0 0
"02f8a440863a4610" 17 232 83 80 74 1539 30 1742 80 199627 321 915 80 173 30 340 4133 1179 1190693 -1 -1 0 0 0 0 7 6 6 6 5 8 3 4 7 6 0 0
"6373e8fc5ff49dde" 24 83 150 4311 2603 80 4 114 453 60 174 80 199627 90 28 5697 1209 3840 80 460 14 107 19 119 1179 1190694 -1 -1 0 0 0 0 6 7 7 6 5 6 5 3 5 4 0 0
"580f7cff6517297c" 25 1312 14 80 4 378 153 80 456 550 206 19 208 80 199627 4478 7235 83 6564 80 11 30 139 275 490 1179 1190695 -1 -1 0 0 0 0 7 5 6 5 5 6 5 5 6 5 0 0
"5858de3f0f803526" 23 330 436 14 102 51 5854 80 146 68 749 223 80 199627 249 7064 255 136 80 208 76 90 6044 1179 1190696 -1 -1 0 0 0 0 6 5 6 4 5 6 4 4 6 5 0 0
"b7b58261267acb80" 22 184 293 4 243 2123 80 249 6 606 150 600 80 199627 232 286 388 80 13 144 30 4355 1179 1190697 -1 -1 0 0 0 0 7 6 6 6 6 6 4 5 3 6 0 0
"538852bdf893133a" 38 369 484 51 9079 9878 80 249 16520 24 425 80 199627 158 369 996 19 460 4 24 28 275 80 59 2988 89 80 199627 553 42 49 603 33339 80 232 60 340 2283 1179 1190698 -1 -1 0 0 0 0 7 6 7 6 6 5 4 6 4 5 0 0
"a2996078a385135d" 20 90 184 114 538 5920 80 580 83 580 80 199627 78804 80 184 229 332 208014 74 1417 1179 1190699 -1 -1 0 0 0 0 7 6 6 5 5 5 4 3 5 5 0 0
"09f9db62a0167cfe" 22 173 11 51 15539 80 255 332 154 1320 80 199627 739 60 391 5730 80 249 550 11 709 10137 1179 1190700 -1 -1 0 0 0 0 6 5 5 4 5 5 3 4 3 4 0 0
"ec1e0cf968807433" 32 698 14 51 3888 80 344 70 369 7 80 199627 484 19 120 382 153 154 28399 476 12165 80 199627 154 10259 32 49 14 80 550 28 4117 1179 1190701 -1 -1 0 0 0 0 7 6 6 6 5 5 3 3 4 3 0 0
"d6ab4c640e29774f" 37 908 566 64 1366 80 166 4 13 80 199627 915 4 20 10904 102 51 13360 80 911 77 36598 80 199627 297 290 229 127 74 363 83 14 80 31 77 30 14074 1179 1190702 -1 -1 0 0 0 0 8 7 6 6 5 6 4 3 4 6 0 0
"969d29ba8f084c63" 27 136 369 391 44 30 27826 15016 80 4 166 4758 30 1895 80 199627 4 229 178 154 275 80 4 11 855 90 1678 1179 1190703 -1 -1 0 0 0 0 7 8 7 8 7 9 6 5 4 3 0 0
"9507e373519209fb" 27 456 4 629 14170 80 860 27 14 89 44 30 13061 11686 80 199627 10237 103 706 80 199375 20 10716 44 28 29 42831 1179 1190704 -1 -1 0 0 0 0 9 8 6 7 6 8 5 7 8 4 0 0
"685d018ef3fdcca3" 23 1112 60 11 786 192 6818 80 102 30 236149 474 848 80 199627 249 173 16977 80 10391 102 51 50063 1179 1190705 -1 -1 0 0 0 0 7 7 8 8 7 6 8 2 3 7 0 0
"fc91ea8f6cc8f8f1" 31 798 391 3553 83 103 275 184 6140 80 249 184 407 174 606 19 30 3826 425 80 199627 1267 3710 2598 42 80 166 22268 19 35 89 1179 1190706 -1 -1 0 0 0 0 8 9 7 9 8 6 5 6 3 8 0 0
"bf9d24de82c8a367" 24 484 74 599 80 74 1428 19 6001 80 199627 249 425 279 378 299 20 30 1299 253 80 369 106 1366 1179 1190707 -1 -1 0 0 0 0 6 7 7 8 6 5 6 4 6 9 0 0
"57a626e2c4fb2de9" 25 28 3644 15340 80 231 1779 90 172 80 199627 249 19213 245 2272 80 330 127 14 231 102 16520 83 51 5444 1179 1190708 -1 -1 0 0 0 0 5 6 6 7 6 3 9 6 3 6 0 0
"81d812bd6392ea8a" 35 425 28 290 25 28 319 80 184 2995 19 30 31 80 4 166 3596 80 199627 4 2651 14 89 80 249 369 251 511 80 199375 232 64 24 36 561 1179 1190709 -1 -1 0 0 0 0 8 9 7 6 6 5 4 3 2 6 0 0
"5e6f4a30b6a7074c" 39 330 293 14 15539 80 249 456 4 1394 102 154 80 559 114 369 17 208 199372 199627 915 4 20 17676 102 51 13360 80 249 369 229 127 4181 80 192 200450 212 60 2988 1179 1190710 -1 -1 0 0 0 0 6 7 8 9 6 8 2 1 7 3 0 0
"98b9950209a8ee08" 27 234840 102 51 1207 408 1316 80 270 544 408 297 1035 80 199627 369 13 70 252 909 80 747 19 212 83 1750 1545 1179 1190711 -1 -1 0 0 0 0 8 9 7 6 7 8 4 3 5 6 0 0
"f475dee24bbf9c93" 27 4 229 178 154 275 80 808 1598 44 150 857 80 199627 1485 28 1059 566 2173 80 16520 808 10027 36 28 4133 861 1179 1190712 -1 -1 0 0 0 0 6 7 6 7 6 9 2 1 1 1 0 0
"9d7956c383a2f6a4" 24 10004 66 30 2565 80 4 747 19 1895 199372 199627 553 42 49 603 33339 80 184 208014 19 1082 42 761 1179 1190713 -1 -1 0 0 0 0 5 7 9 8 7 6 2 3 4 2 0 0
"239b6b3f93c04154" 34 78804 80 184 2990 271 634 275 80 234965 60 2253 80 184 127 74 3592 90 7387 80 199627 90 184 114 538 5920 80 120 60 8054 770 408 30 415 1179 1190714 -1 -1 0 0 0 0 9 9 8 8 7 4 4 5 5 7 0 0
"12c7136d2041107b" 33 184 407 174 606 19 30 3826 425 80 249 184 229 454 80 184 22 707 80 199627 1267 232 4478 235019 83 6564 80 36 271 908 859 32 12976 1179 1190715 -1 -1 0 0 0 0 8 9 7 9 8 6 4 6 5 8 0 0
"1fe3b7e854ba116a" 29 698 14 51 3888 80 293 14 83 150 4311 2603 80 199627 297 290 229 127 74 363 83 14 80 16520 64 76 83 28 5444 1179 1190716 -1 -1 0 0 0 0 6 8 7 7 6 5 6 3 2 6 0 0
"b3e4041c9ae0b16f" 42 4 136 369 391 30 443 5218 44 150 275 80 249 11495 76 4 996 51 6897 80 199627 136 369 391 44 30 27826 15016 80 425 184 11 293 4 51 2123 80 51 1093 997 8917 59577 1179 1190717 -1 -1 0 0 0 0 7 8 6 7 6 3 2 4 1 1 0 0
"0147f7f546218084" 22 4 114 453 60 174 80 74 7 19 1532 80 199627 1112 60 11 786 192 6818 80 1267 152 1179 1190718 -1 -1 0 0 0 0 8 7 8 7 6 6 4 3 6 5 0 0
"398b9fc38e9c59ae" 29 369 484 51 9079 9878 80 1310 369 56 1025 80 199627 249 58 369 974 4 49 603 2272 80 425 28 3644 10958 80 74 599 1179 1190719 -1 -1 0 0 0 0 7 7 7 8 6 4 8 2 5 6 0 0
"49db7ea13ffc1c1f" 41 1485 28 1059 566 2173 90 29804 80 199627 28 5697 1209 3840 80 229 74 23150 80 199627 484 19 120 382 153 154 28399 212 6946 80 199627 1183 382 16520 30 3120 80 17 11 51 7883 1179 1190720 -1 -1 0 0 0 0 8 6 8 6 7 6 6 4 6 5 0 0
"e346bc98ff0812c2" 24 4 2651 14 89 90 630 14 8838 80 199627 90 60 1483 102 369 166 212 74 511 80 2241 80 2241 1179 1190721 -1 -1 0 0 0 0 7 4 6 7 5 4 3 4 4 4 0 0
"166d90876a704919" 25 154 10259 32 49 14 102 51 14268 80 199627 232 83 5957 80 229 74 206 36 51 2644 8658 80 2640 10198 1179 1190722 -1 -1 0 0 0 0 7 6 8 6 7 3 7 4 5 6 0 0
"bfa7bed1d51fac7e" 21 158 369 996 19 460 4 24 28 275 80 199627 844 4 25640 60 253 49 70 150 7387 199372 1190723 -1 -1 0 0 0 0 8 7 7 6 6 5 5 8 7 6 0 0
"7dc841d39b4fca78" 20 739 60 391 5730 456 4 629 14170 80 199627 249 369 229 10958 36 150 197 80 14793 1179 1190724 -1 -1 0 0 0 0 6 5 6 7 6 4 5 3 5 4 0 0
"02f0f22c8bb2f29c" 19 4 1310 369 391 19914 83 245 2260 706 80 199627 7098 915 80 4 558 20 1301 1179 1190725 -1 -1 0 0 0 0 7 6 6 7 6 7 4 3 5 5 0 0
"1d7399b4e6de738b" 44 249 369 251 511 80 74 369 22 7538 36 878 80 199627 1080 7064 136 80 184 1267 3617 30 3376 80 199627 279 378 299 20 30 1299 253 80 199627 249 199375 232 3846 80 1501 369 3737 30 176 1179 1190726 -1 -1 0 0 0 0 7 6 7 7 6 5 5 6 7 7 0 0
"2e9ca6a0f2602ec3" 51 566 4 19914 1366 44 30 419 77 30 1237 199372 199627 456 4 629 14170 80 119 4 481 42 51 2919 199372 199627 436 14 102 16520 815 276 146 68 749 223 80 199627 249 369 13 144 150 4355 80 4 166 5854 14 74 511 1179 1190727 -1 -1 0 0 0 0 8 6 7 7 6 5 5 3 4 5 0 0
"8720874cb05a4b2d" 47 425 28 290 127 28 24 80 184 20 6392 80 199627 90 4 212 60 58 4 630 60 80 154 229 474 80 199627 249 4 378 153 456 4 13 770 64 80 199627 229 74 31490 770 80 184 232 60 10233 1179 1190728 -1 -1 0 0 0 0 6 7 8 7 7 6 4 4 5 5 0 0
"9b2dfe1afcbdedd7" 43 89 44 30 236150 11686 80 475 30 82 490 80 199627 484 74 599 1501 369 956 103 2353 80 199627 4478 7235 83 6564 80 1267 283 103 4178 80 199627 2441 5269 90 17815 351 1501 184 70 10294 1179 1190729 -1 -1 0 0 0 0 7 6 8 6 7 4 4 6 5 7 0 0
"564d5d9a19ba471a" 25 13 70 252 909 80 369 127 600 44 30 24 80 199627 798 391 6432 80 249 369 229 127 206 36 154 1179 1190730 -1 -1 0 0 0 0 7 6 7 5 6 4 4 3 5 4 0 0
"c57ba4c648c0bc36" 33 184 407 174 606 19 30 3826 425 80 166 3380 60 80 199627 7098 915 80 369 1310 4 484 28 24 80 249 425 369 13 4 229 1030 60 1179 1190731 -1 -1 0 0 0 0 8 6 6 7 6 6 4 4 5 5 0 0
"e97f77079e4f01cd" 48 4 114 453 60 174 80 11 1267 1028 80 199627 297 290 229 127 74 363 83 14 80 166 2286 80 199627 553 42 49 603 33339 80 184 747 36 30 1895 80 199627 229 74 31490 770 80 184 83 30 4200 319 1179 1190732 -1 -1 0 0 0 0 6 6 7 8 6 5 4 4 5 5 0 0
"4a5778844ba1a03d" 37 369 229 127 4181 80 249 234833 11 51 3242 80 199627 1112 60 786 192 6818 80 249 550 11 17 43 60 786 80 199627 484 51 9079 9878 80 7873 44 28 908 1179 1190733 -1 -1 0 0 0 0 6 7 6 4 5 6 2 2 3 2 0 0
"3d883a9e0c76475d" 24 173 11 243 2123 80 184 6 4633 49 150 619 80 199627 78804 70 621 80 344 559 184 1057 271 275 1179 1190734 -1 -1 0 0 0 0 4 5 6 3 4 5 3 2 2 1 0 0
"2717ff51daa983c1" 39 127 245 2272 44 30 24 80 19213 245 83 30 2603 80 199627 1629 76 80 859 20 7603 42 83 150 4311 5444 80 199627 4 378 153 80 1334 30 13061 77 271 29 1183 1179 1190735 -1 -1 0 0 0 0 5 6 7 4 4 4 3 2 3 1 0 0
"2bba4fdfb86c7080" 30 915 4 20 614 60 102 51 13360 80 6 299 632 80 199627 249 456 330 629 49 8 811 80 232 150 600 388 80 6 4554 1179 1190736 -1 -1 0 0 0 0 8 7 8 5 5 7 3 2 2 1 0 0
"881172420ba6ad40" 46 4 2651 14 89 80 249 369 2995 42 102 51 10254 80 199627 279 378 299 20 30 1299 253 80 249 60 1483 192 5750 80 199627 90 60 1483 102 2241 2241 80 16520 586 24 28 1657 80 166 4 13 199372 1190737 -1 -1 0 0 0 0 9 8 8 6 6 5 3 6 7 4 0 0
"6c51c3fcbd491362" 22 231 102 51 5878 1043 44 103 3445 80 199627 1460 72 70 30 16256 80 11 14 90 28 857 1179 1190738 -1 -1 0 0 0 0 6 5 5 4 3 4 2 2 2 1 0 0
"f733194ca6ff6277" 38 293 14 150 9955 80 199375 232 4 44 2103 80 199627 330 195 19 30 4125 80 249 199375 232 4 44 2103 80 199627 74 7 36 15052 80 369 127 4 44 28 2202 1179 1190739 -1 -1 0 0 0 0 6 5 6 4 4 4 5 3 2 3 0 0
"4901a4125c21c960" 27 590 212 541 24 80 344 11 559 60 573 80 199627 90 208 89 44 28 29 139 80 419 4853 19 70 28 5332 1179 1190740 -1 -1 0 0 0 0 7 6 6 5 4 5 3 6 4 4 0 0
"eae2ee95e11605a4" 25 4 232 64 24 36 511 80 166 283 527 80 199627 10004 352 499 80 361 42 31841 80 352 229 74 42105 1179 1190741 -1 -1 0 0 0 0 8 7 8 5 5 5 6 3 3 2 0 0
"e335e74ee92eaaa7" 25 425 1209 60 76 80 1183 14 43 4 127 80 199627 352 185 16520 30 1632 299 80 249 199375 453 382 2144 1179 1190742 -1 -1 0 0 0 0 7 6 6 4 4 4 6 2 2 1 0 0
"66007a1a76f7f3a5" 25 127 28 5697 80 199375 1368 144 70 30 4355 80 199627 291 369 2651 30 2651 42 80 344 559 369 32 1366 1179 1190743 -1 -1 0 0 0 0 9 8 8 5 5 6 3 2 3 3 0 0
"475b9f27cd2b1fe0" 25 1214 283 12397 36 30 4275 80 249 16520 340 80 199627 146 68 51 7536 80 369 32 33 19 559 369 106 1179 1190744 -1 -1 0 0 0 0 7 6 6 4 4 4 4 3 2 4 0 0
"d6dcfa5601555b21" 36 10004 352 499 80 199375 460 382 154 80 199627 369 378 12224 80 32 83 31 102 51 12244 80 199627 83 4311 17302 80 1693 31482 80 330 70 12 20 102 154 1179 1190745 -1 -1 0 0 0 0 8 7 7 4 5 5 7 3 3 3 0 0
"747057cb6fdfbf4a" 25 232 30 108 1981 25 150 319 80 5943 146 13589 80 199627 425 150 291 44 30 1043 80 369 1165 382 849 1179 1190746 -1 -1 0 0 0 0 7 6 6 4 4 4 5 3 2 3 0 0
"0af09f7853e24768" 25 4 153 154 184 10162 80 1334 30 1981 44 520 80 199627 70 77 54 861 80 184 453 5269 80 146 2988 1179 1190747 -1 -1 0 0 0 0 6 5 6 4 4 5 3 2 3 2 0 0
"bd4af9e9d817ec43" 26 4 1267 192 13 30 8325 80 2369 1089 30 6785 80 199627 1112 278 16520 243 4884 80 11 2348 27 76 66 1745 1179 1190748 -1 -1 0 0 0 0 7 6 6 7 6 8 3 4 6 3 0 0
"33c20220526d54a9" 22 90 192 369 2143 80 114 60 112 20 199372 199627 154 16520 11 108 36 234836 80 229 234836 544 1179 1190749 -1 -1 0 0 0 0 3 6 6 5 6 4 4 6 2 7 0 0
"802a908451be8b3f" 25 1871 133221 80 49 51 1819 192 3701 90 24793 80 199627 184 229 234836 249 1370 44 30 1697 80 11 236151 6248 1179 1190750 -1 -1 0 0 0 0 7 6 6 6 5 6 2 8 2 5 0 0
"047f14cd22480dd3" 21 90 184 808 749 80 235019 271 908 80 199627 51313 114 632 770 80 1334 17 43 184 1100 1179 1190751 -1 -1 0 0 0 0 8 7 8 7 6 5 4 6 6 4 0 0
"dec6d9c38430d768" 27 2464 304 43 80 4 229 18953 80 229 127 74 4494 80 199627 166 563 12968 150 2091 80 77701 553 44714 80 74 5430 1179 1190752 -1 -1 0 0 0 0 5 6 4 7 5 5 3 4 2 4 0 0
"b0c5137756a1006c" 25 4 443 3705 150 26045 80 163 30 108 7565 804 80 199627 4 153 28 6273 127 2594 80 166 630 103 804 1179 1190753 -1 -1 0 0 0 0 6 5 6 6 5 5 3 5 3 4 0 0
"659f038c7b413686" 25 12412 46639 80 30 9443 44727 80 30 40849 16733 80 199627 330 127 60 70 1954 80 249 184 658 283 271 3801 1179 1190754 -1 -1 0 0 0 0 6 6 7 8 6 5 3 4 4 5 0 0
"c389f12abafd1c1f" 25 15786 19 96 245 29355 80 229 127 74 206 19 3326 80 199627 229 74 5882 83 297 1877 80 184 15044 808 1179 1190755 -1 -1 0 0 0 0 6 5 7 7 6 4 3 4 2 6 0 0
"ee3913a4470f921b" 24 4 453 14 106 102 369 127 30 613 1840 80 199627 249 425 235702 5395 80 1330 80 103 234833 51 3445 1179 1190756 -1 -1 0 0 0 0 7 7 5 6 6 6 4 4 5 5 0 0
"8720a7fcb16f7ac9" 31 369 120 28 33 1861 4522 144 80 120 208 77 30 6399 80 199627 465 465 80 28 246 1483 80 22211 43 51 28814 28814 80 74 40849 1179 1190757 -1 -1 0 0 0 0 8 8 6 7 6 8 4 4 5 5 0 0
"bf7d0f1a799baf8e" 25 10004 352 499 80 352 835 559 19 1525 30 4869 80 199627 15786 19 96 245 29355 80 166 563 421 14 2118 1179 1190758 -1 -1 0 0 0 0 7 7 7 7 6 6 4 4 3 5 0 0
"19683506d72bc312" 23 330 195 19 30 4125 80 6956 42 245 1749 80 199627 103 236152 15114 80 199375 12224 80 199375 146 6919 1179 1190759 -1 -1 0 0 0 0 8 8 9 7 5 6 3 4 4 4 0 0
"efdcc0eaa223bdca" 24 465 465 80 30 236153 234820 80 184 234840 4176 80 199627 4 153 154 184 10162 80 229 74 7 19 4488 1179 1190760 -1 -1 0 0 0 0 9 8 7 7 6 6 3 4 3 4 0 0
"bc1e7e620fbdd1d7" 22 1214 283 12397 80 330 153 184 232 60 340 80 199627 17927 83 30 1307 80 4776 184 166 5632 1179 1190761 -1 -1 0 0 0 0 7 6 7 6 5 6 4 5 3 6 0 0
"955dbaa4cef7ce51" 54 229 74 5882 83 297 1877 80 184 6 153 559 19 632 80 199627 1460 72 16256 80 11 3004 83 30 2651 80 6 4554 80 199627 291 369 2651 30 2651 42 80 234845 60 2144 102 16290 80 199627 229 74 161 234861 770 80 859 232 234937 2370 1179 1190762 -1 -1 0 0 0 0 9 8 9 8 7 6 3 5 2 5 0 0
"6ac0a65ec088798f" 20 28 15052 1513 14 559 19 3177 80 199627 49 28 5697 25 28 319 80 369 32 1366 1179 1190763 -1 -1 0 0 0 0 6 7 6 5 8 6 8 4 2 7 0 0
"e716b4e931f5b58c" 44 13 603 83 4311 80 11199 31482 80 199627 249 425 550 206 19 1209 60 76 80 632 5865 1179 199627 150 291 127 1043 44 70 297 2917 80 199627 249 199375 1525 382 24 90 453 382 106 226 253 1179 1190764 -1 -1 0 0 0 0 8 9 9 8 9 7 6 3 4 5 0 0
"baac5159548ac86c" 21 184 407 408 279 80 12412 46639 80 199627 425 184 15786 19 96 245 29355 80 166 4 13 199372 1190765 -1 -1 0 0 0 0 7 6 7 6 7 5 7 5 6 5 0 0
"d49736df2a84ca77" 19 4 443 3705 150 26045 80 6 567 80 199627 10004 352 499 80 344 70 352 334 1179 1190766 -1 -1 0 0 0 0 5 5 6 6 7 8 7 3 2 4 0 0
"4b79ac21142ef957" 19 1629 14 4522 144 80 44 541 369 119 80 199627 4 629 253 80 550 73170 55586 1179 1190767 -1 -1 0 0 0 0 7 8 9 5 6 6 6 5 4 6 0 0
"4ca18ce87fe7361b" 24 28 410 90 7586 80 330 153 28 646 80 199627 352 185 16520 30 1632 299 80 249 344 11 382 706 1179 1190768 -1 -1 0 0 0 0 8 9 8 7 7 6 6 4 3 3 0 0
"7cfe3052061cd3a1" 22 10004 352 499 80 1964 19 8220 80 199627 5942 208 89 44 243 27741 80 223 5942 120 4 208 1179 1190769 -1 -1 0 0 0 0 7 8 8 8 8 8 7 3 3 5 0 0
"dbff6bad8fbd87c8" 22 330 195 19 30 4125 80 492 12196 70 621 80 199627 2464 304 43 80 344 70 369 1267 185 1179 1190770 -1 -1 0 0 0 0 6 7 9 6 6 6 7 4 4 6 0 0
"e18385c91900daf4" 44 232 30 108 1981 25 150 319 80 5943 1350 4 42 80 199627 90 208 89 44 150 29 139 80 6 460 51 2505 1179 199627 199375 12224 80 74 2993 590 1525 14 89 80 199627 199375 41 28 3343 1179 1190771 -1 -1 0 0 0 0 7 8 9 8 8 6 5 3 4 7 0 0
"ab3bb506822ce87d" 19 4 453 14 613 1840 80 166 3380 80 199627 249 173 108 36 234836 90 344 386 1179 1190772 -1 -1 0 0 0 0 5 6 7 6 5 5 5 4 6 4 0 0
"be5841aab5a7c789" 44 199374 146 68 51 7536 80 146 68 1734 80 199627 22211 43 51 28814 28814 80 199375 453 28 29 139 1179 199627 425 120 208 80 90 1629 14 8071 80 199627 199375 630 4 804 80 860 5626 36 511 1179 1190773 -1 -1 0 0 0 0 7 8 9 7 8 6 6 3 5 7 0 0
"d7bfb3ee0546199c" 18 77701 553 44714 80 74 12082 4478 749 80 199627 1871 133221 80 460 14 245 1246 1179 1190774 -1 -1 0 0 0 0 4 3 6 3 4 5 5 4 4 3 0 0
"b1174a8fd70c2a9b" 50 1460 72 16256 80 184 6 7 7258 80 199627 44 70 77 54 861 80 184 492 271 29 13568 1179 199627 4 153 154 184 235160 80 166 637 632 770 80 199627 859 453 60 19 30 31 80 5943 70 20 44 4992 80 2099 1179 1190775 -1 -1 0 0 0 0 6 6 8 7 7 6 5 4 4 6 0 0
"a68d195ce9441d1c" 37 6454 1167 49 28 5697 80 199627 28 15052 1513 14 559 19 1057 103 275 1179 199627 235702 5395 80 5942 96 51 554 780 80 199627 90 199375 20 848 19 6454 382 246 1179 1190776 -1 -1 0 0 0 0 7 8 7 6 7 6 6 4 4 5 0 0
"e8e076945083e55f" 43 83 4311 17302 1693 235567 80 199627 352 185 16520 30 1632 299 80 249 369 229 235010 1179 199627 4 153 28 6273 127 2594 456 369 974 382 80 199627 249 199375 232 60 257 80 1267 1531 154 1979 1179 1190777 -1 -1 0 0 0 0 7 8 9 8 7 6 6 4 4 3 0 0
"51742c1fc1c4a141" 31 234840 102 51 5878 2139 44 51 3445 80 199627 90 192 369 2143 80 114 60 299 20 80 199627 18953 36 14 19 707 76 77 103 3477 199372 1190778 -1 -1 0 0 0 0 5 7 6 6 6 4 3 3 3 4 0 0
"602d059ad3aecc4e" 21 904 19 96 541 24 44 30 621 80 199627 425 369 1267 27 76 559 19 453 60 32 1179 1190779 -1 -1 0 0 0 0 6 4 3 6 5 4 3 3 5 4 0 0
"6c12f8297751a07d" 19 184 166 3596 30 8325 97 512 80 199627 249 184 808 749 80 1267 232 2844 5277 1179 1190780 -1 -1 0 0 0 0 6 4 5 7 6 4 3 5 4 4 0 0
"3cfcfea748d62c77" 22 330 390 330 127 60 80 249 330 6 563 153 80 199627 5943 146 2718 271 77701 553 44714 490 1179 1190781 -1 -1 0 0 0 0 7 6 7 8 6 7 6 3 5 5 0 0
"53080714183cc183" 22 1112 369 278 154 16520 243 4884 80 199627 1043 44 30 4275 80 2348 32 33 19 28 234826 990 1179 1190782 -1 -1 0 0 0 0 5 4 4 5 4 7 3 4 6 5 0 0
"833a629dd08e2c96" 22 174 234 17927 80 550 243 27467 80 199627 249 369 378 12224 90 453 28 3167 739 44 12412 46639 1179 1190783 -1 -1 0 0 0 0 7 5 6 7 5 3 3 8 4 7 0 0
"b8ab4d47d78ab344" 22 90 192 369 2143 80 114 60 299 20 80 199627 28 5697 327 527 19 1368 144 70 103 279 199372 1190784 -1 -1 0 0 0 0 6 4 4 6 5 3 4 4 4 4 0 0
"8a8337ac6f3cdc88" 33 4 7101 119 17 1018 14 80 199627 229 590 120 4 5601 90 1320 89 19 14 80 199627 199375 1183 4 559 51 340 129 34515 297 2272 102 33905 1179 1190785 -1 -1 0 0 0 0 6 5 4 6 5 3 3 4 6 6 0 0
"6ff0ed9187af61bc" 27 456 30 2651 2443 80 4 153 184 658 4522 80 199627 90 192 184 389 3617 150 291 80 229 74 857 352 114 19640 1179 1190786 -1 -1 0 0 0 0 8 7 8 7 7 5 4 6 4 3 0 0
"9ec8d540ec80bb2d" 27 304 10226 2272 102 33905 80 199627 4 7101 119 17 1018 14 80 199627 192 16520 590 119 14 80 90 4 114 32 1351 1179 1190787 -1 -1 0 0 0 0 7 5 7 5 5 2 5 4 3 5 0 0
"7409100b06047514" 29 192 184 389 3617 150 291 80 229 74 857 352 114 632 770 80 199627 304 10226 2272 102 33905 80 344 11 559 184 1003 770 1179 1190788 -1 -1 0 0 0 0 8 6 7 6 5 2 4 3 4 3 0 0