"002dd0d2fc0fb845" 140242 38505
"b017abd302d59034" 179669 66701
"a2a55a51c990136d" 164894 77751
"698852cfb225c7bf" 178948 24309
"f4bfdbda55777263" 78425 88861
"5b28da7a0fcb8c1d" 42231 28650 36091
"1c98f07f2e3455c4" 34655 39617
"7d6f2512b4081432" 16663 129919
"026f6d8119f8a132" 16640 108467
"4abd55e6a413d80d" 74843 187608
"a9d77ca8a60dacc2" 13056 156973
"b5d43257e7a41f14" 132380 125570
"7cfa1195b47887e5" 96302 97412
"b4d836b52d1d11ef" 36285 100357
"109e7aaac548b232" 18333 15195
"6bd49f94ed5b2e86" 72632 67057
"89d6466db0bf205d" 119275 105084
"7ba67f134b4062e3" 145211 84826 162665
"9b65048b5c9d405c" 25654 111455 32439
"021cf77247e61149" 16891 39220
"980e4b3cf6f4932c" 25553 110399
"13349be2a7e92bb5" 153701 66701 140242
"00e512298f34b41a" 111455 13056
"5d1a6faa61f0d492" 24309 32439
"7cb835e6a413d80d" 74843 36091
"82adeec2568c0df6" 187608 164894 39617
"1d89f23644e834b9" 23028 16640
"ea65cbcf35ac1cd3" 145211 125570
"41df197c253b50ec" 25654 162665
"85e53257e7a41f14" 132380 129919
"df682520d1d5ce39" 28650 96302
"51981512b4081432" 16663 36285
"4306fefb2f341998" 42231 105084
"3b69017f2e3455c4" 34655 108467
"7b3751e82b915eaf" 32439 110399
"f712994cfc1d4759" 118080 140242
"e13b97ab22906957" 179669 77751 156973
"50a38fb4807f600a" 38505 84826 78425
"7d9f087247e61149" 16891 119275
"955462cfb225c7bf" 178948 72632
"7009223670582e83" 67057 88861
"00383bf9ff340fa3" 15195 39220
"eb4a43cde7516e71" 97412 18333
"91f4001d5de393e5" 4624 100357 110399
"b4b75733885ff0bb" 39617 25553
"ce25d0811844345c" 38505 4624 125570
"389bbf87de6e6a2b" 72005 158805
"0b0a6a877a58bc01" 441 152895 183635
"f145a79bdbd12b24" 110110 136213 162615
"d256e0b31a3a56da" 7257 90875
"dd5adf1faf64bdaf" 38064 155605 12499
"a35f068bdf800209" 105493 12156
"61ad84b94012524f" 184570 129399
"ea4030de9b96cbfb" 67691 6769 38085
"71a576507501e71e" 28598 90860
"13d4a7c93c362851" 155238 882 114632
"c2c1dafced702da1" 183686 183665
"674a30e767099bcf" 110133 11032
"b17061952eff2617" 144588 79368 183870
"59a7c0996af6177d" 80934 42426
"01aa65eac298a38e" 94692 72571 57028
"c9eb3a179106b9a8" 111378 40600 55097
"46b8b3054566a534" 164570 92773
"4e8687860efa07d9" 156995 135112 24888
"f606c24e1e3f5db9" 125309 129076 60669
"8a8c7822d33658b2" 100379 84252
"8672e4602b6badc3" 91219 146180
"22bab719cfca3580" 143864 78365
"722127a3a6d4161f" 175737 121941
"382e796c24b3ada8" 187162 46660
"45e5cfb631b3623d" 164434 112189
"7dac2cfca7f8f755" 186269 50031 42374
"c6f0ec69960c07f5" 7428 87943 62564
"b6c129eb0f598a47" 129076 60862 115240
"f94981e6d169aea1" 61095 15895 80940
"aeef5f596d8d3cc1" 169074 7044 70699
"2c784540b8ae2711" 67826 74123
"ee885b4d8a17a7f9" 161670 71731
"f9880879aa367b41" 186129 11541
"2778460222cbbb88" 28641 71000
"4fc442c7f608102f" 133757 16878
"cdbe587940ab9c8b" 51054 156249
"205b7a423a282a8f" 171785 164832
"73a8319bd1f4e7e6" 67826 60862 161670
"b2bc72714776b544" 42374 74123 78365
"2a26ff685c778b10" 9436 125309 146180
"a7ae6aab66ee8e53" 169074 15895 7044
"e58b0d8da78e3af2" 100379 70699 91219
"160487d9ce5cf1f1" 31081 28641 187162
"fff5b67e29f6112b" 7428 186269 156249
"5b2f3fef1a7ba0c0" 87943 11337 71000
"2adc1a34c96b5a0e" 62564 143864 112189
"f783788b7b4ba9a7" 7428 129076 51054
"9eef66f03b39bfed" 9436 168863 186129
"93c86ffbebf54eff" 137439 80940 133757
"b56c8879c9100543" 169074 67826 42374
"7c6f20b095d368e4" 115240 50031 71731
"6980d3d1ab88149f" 87943 60669 11541
"ea5f50bd778e1271" 7044 84252 121941
"7a8514cefdf07865" 125309 31081 46660
"b5c3f3fd4e88326a" 15895 11337 16878
"0d8a22e13b4487ba" 62564 164434 156249
"972f4fe48ccf392f" 7428 115240 146180
"30f13fc4a7579b44" 61095 91219 126596
"fe9247b22222ee7d" 60669 143864 171785
"19a3d21b8eac537b" 137439 78365 71000
"1bc2c9f4252e3b71" 100379 11541 46660
"e6231c2869aad61a" 129076 7044 186269
"0b32c00c56e2de12" 7428 50031 164832
"119fb4666b9111a7" 87943 71731 164434
"3026139bd52a560e" 19237 165647 19658
"a7c842cdc8488dfd" 141109 175644
"7311811fea55192f" 128793 49989
"99c57e8af1090b0c" 32205 160094 74421
"90757944132755d6" 27864 26788
"f19f3051ed48487c" 116517 60624 41689
"a45d142a31c71f91" 91488 102334 172283
"eb1c04bbd9def38f" 146482 28999
"6b2343872f314433" 29403 176252 38798
"b35584fbdad48d1d" 78529 24360 162433
"c353ab56c5ac81eb" 132640 89135
"eaf9aab8b031c9a3" 45439 115982
"bbccc4250e918bb6" 25252 99486 95528
"613080370f00bb3a" 46187 135034
"ef743ef85ea0beea" 7487 99486
"17b5b5f467039393" 13148 141109 172283
"ecf91e93b6befe5d" 146482 45439 60624
"1c814d2563e2c47e" 121961 27864 89135
"b34e6c602ec998f2" 25252 135034
"c81f98027aba5ecd" 46416 165647
"526fd1f8a400f770" 176252 38798 19658
"9137564edd97bc18" 13148 175644 24360
"33d912b4c2da9ada" 28999 132640 46187
"7739f32a31c71f91" 91488 102334 24360
"b01e42fad6166c88" 60624 115982
"0f30f4e26c9f0d6e" 29403 26788
"bad5ab56c5ac81eb" 132640 99486
"8a839e0093388b9c" 116517 74421 162433
"8f36f7ba5e40774e" 172283 89135 41689
"3d0d6c883985593a" 19237 49989
"d118237b93918b6e" 160094 128793 78529
"12095e1b2d0e1467" 176252 25252 95528
"0d6c2889262a1664" 141109 46416 135034
"92f272d38c53e4b0" 29403 32205 26788
"c60da99b700b2fbc" 7487 116517 46187
"da6f0c800bd34863" 27864 45439 128793
"f02cadfe4ae7964c" 146482 165647 78529
"5c41a1d2f3626913" 121961 28999 60624
"ce8480b98cf5afa8" 74421 115982
"ade49a29b67e442a" 91488 38798 172283
"9e054b204afb976d" 175644 89135 162433
"3da3fc66becf3d19" 13148 102334 95528
"4f05c7a2c43df605" 7487 32205 46187
"9899c429f3bcae52" 29403 128793 24360
"7b987d211ba452d0" 46416 25252 19658