"b24fddd9dd844331" 42224 16874 70288
"101ec19995715dd0" 164622 182684 65038
"e457b89e09540cec" 87351 187003 36279
"3fd9ac2b6c5919c5" 127822 166650 174970
"94170e30f6eb1601" 28956 37488
"ef27ae6cd0e365b6" 65520 178191 181058
"1d75ad9972ff1758" 63900 13364 32360
"1394567c0c69ac54" 1670 45980 151046
"4b8159a2c21a77c6" 137127 62476
"44afaa840bc235c5" 60489 42842 58808
"2917dbdf551d76bf" 45153 100535 180789
"a62e01206d621e03" 75615 128453 164137
"9868a731577a2a8d" 27035 148305 158352
"380a37c5599f9192" 68705 147945 3356
"962835e859b4aee6" 117438 8898 182232
"19d53d20b7e6d3f6" 53397 183635
"c445be482aa17ea7" 68705 140118 28956
"ac007e5e4dc1943a" 137127 65038 62476
"fe990ef7c4c92a30" 3356 70288 42842
"334a5b10cab68667" 182232 164622 45980
"af0cd3578bfba309" 164137 42224 37488
"52def2322bd9277d" 158352 32360
"60e06eaf2eaa8286" 180789 13364 28956
"f726430ccae2725d" 100535 58808 178191
"b74afd711871fefd" 178148 174970
"0f17bc78435433a6" 148305 63900 181058
"ce45f57399f8432d" 166650 16874 36279
"3eff3c08393ccc81" 128453 27035 137966
"0d97d492e3c8247b" 187003 60489 75615
"8327887a50bfbd28" 182684 36279 32360
"21da802c51af61b9" 183635 182232 151046
"7ff8907432b655e9" 87351 70288 178191
"65ac68be260729a5" 63900 42224 45153
"dbe96712942f3974" 68705 65038 180789
"7da273e66395b4d1" 8898 3356 158352
"84b795c4cba71e16" 164137 1670
"52ea983051723e95" 127822 117438 58808
"3aabe3bd7f24cf22" 182232 45980 140118
"2a0b8497d7fa4005" 75615 62476 151046
"08353d20b7e6d3f6" 53397 181058
"9bd05eecba7c5a40" 137966 58808 174970
"5324c9c9acc6d356" 45153 27035
"ab47ef9b9e55e36e" 1670 100535 37488
"c555d6bb1b66daec" 8898 65520 148305
"2537857beb60c2b0" 174970 147945 16874
"84870ff7978cf6ce" 68705 42842 178148
"d2eeafad7daa5f93" 13364 28956
"2f69b1783dad83a5" 128453 60489 137127
"fb644a3606ab45c9" 61898 92048
"9082ca3c4cf7a4cd" 85033 107591
"e413ca91957da526" 17789 157512
"158e5f508797434b" 119972 22125 89467
"809aa0495055c83c" 163758 13381
"24aeb202f675dc93" 144613 69108
"a3838c4ff7c60a5a" 125574 12415
"c626ea60c631946f" 91493 108813 45965
"4a68cd88a9e78ca5" 141185 39274
"dae7cfd572718438" 101868 185668
"433a3bb579b1a669" 88321 182437 2977
"d0aef9abf5be6426" 166365 178278 156721
"7d3732622658bf85" 110619 60491
"d8bd0eded0521323" 66045 89863
"2ba11c532efee8ff" 159368 182877
"4199e05dc6efb77a" 2997 131126
"95ec46ec4b7fb082" 173905 20367
"aca8bc8ed3abff59" 12134 2991
"df45831a44eedc25" 156816 111188 159456
"71dde48f6a75f0ab" 101868 178278 170964
"8f9108f51f6f8037" 146535 92048
"be9dfd0c5db62a17" 60491 153583
"cb293a3606ab45c9" 61898 45965
"0d1bed20db35d794" 39274 141185
"0f1a323dc9ca975d" 131126 13381
"77d41915e8b58525" 88321 119972 156721
"3d45c839a4a73632" 13021 110619 125574
"eb0b66c2b967433e" 22125 159368
"ffc5a37377057c20" 91493 2991 12134
"4bee75fd8625e57f" 153583 89467 182437
"8f0544e0b3c98aaa" 111188 107591
"7501b82cb5345600" 2977 17789
"3b62f88bf065dd8e" 108813 182877
"ed094864498d1594" 185668 66045
"1da804cea03f348b" 49292 157512
"c9b11007dd33af9a" 159456 69108 20367
"c2386589df83576f" 166365 66045 144613
"f4ca773ea28d4934" 156816 19688 163758
"a8616680a0a6fe44" 89863 173905 13381
"273930fd86d4faa0" 92048 2997
"3f4d523dc9ca975d" 131126 157512
"8868f5b221e2a4ef" 22125 156721 45965
"a05f9a14329063ff" 170964 159368 91493
"521a8c4ff7c60a5a" 125574 39274
"2d06f2733e8fdd6e" 2991 119972 163758
"a94e8201077d20e9" 178278 12415
"78302df286157f9f" 111188 20367 107591
"849d2f509d493b5b" 84247 161264
"1464b15b9a9282ca" 83618 90848 111398
"02bb0df047761adb" 186425 161422
"896b1bea41d39ea0" 165935 174177 135963
"ca84c333adc6004e" 185495 126932
"1b0263d6eb6ad6b9" 7906 115018
"05c1264a377e42b3" 136401 175622
"d0191e4dcbb105c4" 174177 11947 112460
"5cf1d92563c20b62" 15499 129673
"c199bfac6fc968f7" 2004 144619
"d0a703b38e5bc2d1" 67634 89213 147625
"5addd58625720893" 78931 24897
"3b8d88029893a8bf" 91441 163209
"d3a18a72c256cb84" 155286 35250
"93509846f944542e" 182500 182714 175098
"113c3c1974c4d3be" 119270 90998
"d429c4ed9d75b955" 62985 79403
"fecef8e4ce003f59" 177059 132475
"e90a64de213b3e83" 144475 119250
"d202fa201c63187a" 67866 29809 101693
"d3426e6963e44780" 174177 177059
"371e20e49d25b9a5" 90848 135963 11947
"07bd946b5d2c9aa2" 29809 83618 2004
"3398064a377e42b3" 136401 72425
"6f3aa96de2134c39" 132475 161264 115018
"dbeb5905e6847150" 111398 7906
"9e0a3b1fb20ba54b" 112460 185495 129673
"21c02fbbefe19e03" 163209 62985 177059
"cf705c1974c4d3be" 119270 174177
"e6a89592da060af5" 67866 165935
"8c922c1483c5dc00" 167971 126932
"155b5e6963e44780" 174177 148663
"1b70a9888657b51e" 90848 182500
"d6e6ee0b430c1892" 15499 161422 11947
"d00354de213b3e83" 144475 24897
"efb399928857b053" 175622 101693 126438
"0d42b8195d7a4e6d" 175098 91441
"cb3c9d6918e3c370" 161264 144619 2004
"b3829597325a3254" 7906 111398 119250
"f2dd41f4f37ee474" 112460 126932 90998
"926d5f8527528d00" 84247 78931 182714
"b3580df047761adb" 186425 147625
"d0b0ed58d40856dc" 67634 155286
"65621f9ee7ccbc0a" 79403 175098
"0ce76afd4b839d54" 89213 182714
"29f79ea8416a7781" 72425 11947 62985
"0c97cb4762a78e85" 78931 7906 35250
"dbe8aa0f10518b41" 120493 14663
"4d165db8ebd28677" 153928 128447
"5785e96ef9d606ed" 14663 120493
"72b158aca3e7ee72" 128447 14663