"6b8d6295eca84b23" 22 369 13 4 332 89 80 386 4 192 1779 199372 199627 10004 12 31 14 80 249 352 596 835 1179 1190353 -1 -1 0 0 0 0 7 7 8 6 7 6 8 4 2 2 0 0
"0cf4b41c3c51c08e" 22 184 1329 19 27 3108 44 103 3273 39 80 199627 369 11 12 106 2601 80 102 51 1646 915 1179 1190354 -1 -1 0 0 0 0 9 8 7 8 7 8 3 4 8 7 0 0
"4498c7ae86736237" 19 184 2100 70 271 861 1409 103 1010 80 199627 1180 2264 2659 80 2441 770 106 20298 1179 1190355 -1 -1 0 0 0 0 7 6 9 6 6 7 5 3 6 4 0 0
"f0e24a7955c03638" 24 184 83 51 409 80 76 19 283 603 5560 80 199627 192 12774 80 192 61989 80 184 6 460 51 6808 1179 1190356 -1 -1 0 0 0 0 8 5 9 7 3 4 9 9 5 8 0 0
"902bc9aa52e45a3f" 24 45602 81931 38373 51780 80 344 559 60 573 80 199627 127 60 44 28 5754 102 51 8828 80 9083 42 6745 1179 1190357 -1 -1 0 0 0 0 6 6 8 5 6 4 2 2 9 4 0 0
"2d9622b34d87c611" 43 17677 31008 80 16520 234840 4300 80 199627 4 4779 102 24249 80 166 3380 1179 199627 566 4 294 150 1024 1191 12 453 14 51 6468 199372 199627 1063 80 14793 80 344 11 30 139 60 104 80 36819 1179 1190358 -1 -1 0 0 0 0 8 7 9 6 5 6 8 8 3 4 0 0
"f6fb023cfce3741b" 27 3250 369 61 30 139 60 1483 80 83 31 77 30 39 80 199627 184 127 5900 83 154 1782 80 127 271 986 10611 1179 1190359 -1 -1 0 0 0 0 7 7 9 7 4 5 5 5 7 5 0 0
"9ae3acb969ff5396" 27 4 146 955 51 3969 102 14 80 16520 161 77 51 960 80 199627 4 174 2988 80 129 80 1267 7293 42 150 782 1179 1190360 -1 -1 0 0 0 0 9 7 8 7 6 4 7 6 6 4 0 0
"e0f98c85bfe7ebbc" 20 474 425 369 248 61 36 51 15446 80 199627 184 127 60 83 8191 80 229 74 8089 1179 1190361 -1 -1 0 0 0 0 7 8 7 6 6 7 6 4 6 5 0 0
"1afa958a62eefed8" 27 158 798 119 14 1262 80 229 74 161 1499 369 7 80 199627 4 136 369 391 30 443 161 80 150 246 391 31524 1179 1190362 -1 -1 0 0 0 0 8 8 6 7 5 6 8 5 6 6 0 0
"4bee6403c79bbb4a" 24 4 114 2651 30 39 80 49 150 1964 23 1138 80 199627 76 44 33785 80 4 114 3737 36 30 1121 1179 1190363 -1 -1 0 0 0 0 7 6 8 6 5 7 2 5 5 6 0 0
"9facc910bb02e9be" 22 71 553 42 51 15566 80 200450 3626 36 51 784 80 199627 152321 80 184 422 19 453 51 216 1179 1190364 -1 -1 0 0 0 0 6 6 7 6 4 4 3 5 6 4 0 0
"b41c4f6da78f21a7" 25 90 51 5730 332 1172 129 80 127 706 83 8191 80 199627 370 49 70 30 22850 89 30 36790 80 83 31 1179 1190365 -1 -1 0 0 0 0 7 7 8 6 5 6 5 6 6 6 0 0
"cf6612b2ade49791" 26 120 60 20 527 19 3737 30 962 80 74 511 6733 80 199627 408 763 14 103 23361 80 199375 32 83 28 1059 1179 1190366 -1 -1 0 0 0 0 6 5 7 6 4 5 4 4 5 6 0 0
"1068216b7222a3c6" 26 352 961 14 106 192 3158 80 102 51 4044 83 28 5444 80 199627 44 103 7587 77 61 80 859 146 20 172 1179 1190367 -1 -1 0 0 0 0 8 7 7 8 4 4 5 4 9 7 0 0
"7f10f3b106b0fc6a" 24 127 28 203927 997 130965 490 80 5268 102 51 538 80 199627 236092 451 30 1863 80 4019 19 27 51 8959 1179 1190368 -1 -1 0 0 0 0 8 9 9 7 6 5 2 1 4 2 0 0
"afecdb93c891ede1" 22 568 26366 80 4 153 550 51 294 39 80 199627 475 70 297 7586 855 406 49 8 2567 10611 1179 1190369 -1 -1 0 0 0 0 7 6 6 8 5 4 2 6 3 5 0 0
"1be2d873edf3d7eb" 27 4 185 7064 80 249 4 76 749 14845 199627 1777 236131 4207 102 51 291 80 1031 16520 30 161 234832 60 89 80 235061 1179 1190370 -1 -1 0 0 0 0 6 4 4 6 5 7 8 1 2 3 0 0
"bfabd1c6a1d70357" 32 383 1015 14 19 3737 36 30 1160 80 199627 249 70 369 299 254 391 61 80 425 550 11 12259 90 59403 44 30 2596 1121 80 15402 10094 1179 1190371 -1 -1 0 0 0 0 9 7 6 8 8 4 3 2 9 8 0 0
"bfd667dfab4bd451" 28 158 369 1267 208 51 621 252 4 80 550 11 17 474 80 199627 537 369 127 5882 83 80 590 2636 44 28 8797 761 1179 1190372 -1 -1 0 0 0 0 8 9 8 6 7 6 3 2 7 4 0 0
"fa2b889de91aa018" 25 798 391 11 51 129 80 64751 1351 80 199627 369 7 4 19 32 80 146 630 80 20 28 161 90 443 1179 1190373 -1 -1 0 0 0 0 7 8 4 8 5 4 8 2 9 6 0 0
"aeb9eb23f27b5949" 30 51 129 558 20 10819 80 344 559 60 558 20 80 199627 369 11 12 106 2601 80 192 386 4 332 89 425 80 166 4 13 199372 1190374 -1 -1 0 0 0 0 9 7 7 6 8 2 2 5 8 3 0 0
"d592dde06249d6c1" 25 70 30 891 369 299 254 80 1267 212 1957 25 8655 80 199627 4 114 2651 30 39 80 1267 32 30 2937 1179 1190375 -1 -1 0 0 0 0 7 6 7 7 6 4 2 3 6 6 0 0
"7668db40859a28ff" 27 192 12774 80 192 61989 80 127 14 231 102 51 38789 80 199627 2596 1121 235813 12259 90 59403 80 229 74 139 19 1057 1179 1190376 -1 -1 0 0 0 0 8 6 4 7 6 3 9 7 4 8 0 0
"b652e8e4fe7755dd" 32 158 798 119 80 166 232 14845 80 1267 2967 42 768 120 14 208 80 199627 566 4 294 150 1024 1191 12 453 14 51 6468 80 2539 74 1179 1190377 -1 -1 0 0 0 0 6 5 6 6 5 3 8 2 4 7 0 0
"a465801a76b7d706" 40 4 136 74 161 1499 56 61 14 102 4 119 80 199627 184 2100 70 271 861 257 80 229 234836 554 80 199627 184 127 5900 83 154 1782 80 146 590 632 80 234845 60 33 1179 1190378 -1 -1 0 0 0 0 8 7 7 6 6 4 2 3 7 6 0 0
"a1d3c52e5484f07a" 25 279 114 8479 14 425 80 249 369 956 51 14819 80 199627 474 425 369 248 61 36 51 15446 80 550 6119 1179 1190379 -1 -1 0 0 0 0 8 7 6 8 7 3 2 3 8 7 0 0
"72a2c8c1ec07fcc4" 22 4 185 7064 80 249 16520 49 30 152321 80 199627 184 76 749 10027 80 229 74 206 19 2636 1179 1190380 -1 -1 0 0 0 0 7 9 9 6 6 3 2 1 4 4 0 0
"485bdd797a24016d" 24 383 1015 14 16520 30 634 80 490 192 2757 80 199627 154 369 481 60 89 80 1267 232 2990 30 1010 1179 1190381 -1 -1 0 0 0 0 9 7 7 6 6 2 2 5 8 6 0 0
"b446abaa46d9c288" 28 71 553 42 51 15566 80 200449 369 166 2565 49 150 9763 80 199627 4 174 2988 80 1267 232 42 80 232 44 30 2469 1179 1190382 -1 -1 0 0 0 0 6 5 6 7 5 3 2 2 4 7 0 0
"42d2ce072358648a" 20 4 127 14 7005 102 24249 83 1611 80 199627 150 1818 5730 5960 102 51 235108 901 1010 1179 1190383 -1 -1 0 0 0 0 10 9 9 8 8 8 6 2 7 3 0 0
"634ed5aa88c7cf0e" 23 4 146 407 1610 51 3887 102 14 80 199627 120 154 20 527 19 13 30 340 4 80 369 5627 1179 1190384 -1 -1 0 0 0 0 8 8 8 7 8 6 5 3 8 4 0 0
"52ecfc3af72cdc56" 20 17677 31008 80 369 2967 83 30 3025 80 199627 7586 855 406 2348 232 42 49 28 2757 1179 1190385 -1 -1 0 0 0 0 9 7 8 6 7 7 5 2 5 4 0 0
"0cd09e80039f574b" 26 3250 80 369 61 30 139 60 1483 80 74 7 36 8029 80 199627 184 127 103 83 8191 80 74 7 36 16312 1179 1190386 -1 -1 0 0 0 0 10 9 10 8 9 7 5 4 8 3 0 0
"6f354fa4d61531b4" 26 30 235705 2596 80 8197 76 70 960 77 6005 80 199627 249 369 7 4 19 32 80 28 246 8899 36 150 15378 1179 1190387 -1 -1 0 0 0 0 9 8 7 8 8 7 6 5 8 6 0 0
"a2735a803ee53479" 25 4 185 4 5141 80 249 4 808 5960 89 80 199627 2659 811 49 28 246 80 102 60 229 74 10841 3343 1179 1190388 -1 -1 0 0 0 0 8 8 8 7 8 6 6 7 7 5 0 0
"7abd92a0549374ad" 21 1334 11 15786 19 27 107 2601 80 199627 102 1180 44 51 2264 80 44 30 1877 77 33785 1179 1190389 -1 -1 0 0 0 0 9 8 9 8 9 8 5 6 5 5 0 0
"11d633b800e42700" 35 10004 12 283 83 31 80 352 234840 60 2144 80 199627 1777 70 297 290 102 352 14845 49 7829 80 199627 249 45602 235666 38373 51780 80 550 4 369 4436 251 1179 1190390 -1 -1 0 0 0 0 8 8 8 8 7 6 6 4 8 4 0 0
"17be8755238094d3" 29 158 369 208 51 621 252 4 80 369 780 15401 28 34 80 199627 568 26366 2743 250 14 76 80 3032 43 369 7 19 27 1179 1190391 -1 -1 0 0 0 0 7 7 6 8 7 6 5 5 6 5 0 0
"1c017a2b7ee8d64a" 24 76 749 83 51 409 80 1267 283 603 5560 80 199627 203927 161 997 1093 80 1629 14 453 70 297 12196 1179 1190392 -1 -1 0 0 0 0 6 7 6 5 6 8 6 4 5 4 0 0
"ab0143b8df474f3c" 27 369 20 236092 451 30 1863 80 2991 42 28 6477 80 199627 127 60 44 28 5754 102 51 8828 80 5844 4256 90 5041 1179 1190393 -1 -1 0 0 0 0 7 6 6 6 6 6 5 4 5 5 0 0
"b434d2a7c6ab2c1c" 25 3505 44 30 7587 80 28 348 849 408 348 80 199627 537 80 369 127 5882 83 80 28 235269 492 77 27632 1179 1190394 -1 -1 0 0 0 0 6 5 7 5 6 7 5 3 5 3 0 0
"38636ef0cc0cf747" 27 370 49 70 30 42756 89 30 36790 80 74 511 811 80 199627 352 961 14 106 192 3158 80 199375 146 20 30 1299 1179 1190395 -1 -1 0 0 0 0 9 8 8 8 8 7 6 5 8 5 0 0
"dfdc7836bce54167" 39 49894 14651 80 184 235561 517 80 6 120 208 80 199627 408 763 14 103 23361 80 4 492 14 106 226 80 199627 90 369 7 4 19 32 80 6 4 299 120 14 208 1179 1190396 -1 -1 0 0 0 0 9 9 8 8 9 7 6 5 8 5 0 0
"0d1242920802fb3f" 23 184 127 5900 83 154 1782 80 15405 5269 102 17444 80 199627 798 391 64751 1351 80 249 425 1767 4176 1179 1190397 -1 -1 0 0 0 0 7 6 7 6 7 5 4 4 5 4 0 0
"93b51b0f3b581221" 22 127 10004 2023 19 460 14 154 31 80 199627 49894 23416 80 2844 241 49 28 1287 43284 997 632 1179 1190398 -1 -1 0 0 0 0 7 9 9 8 7 6 8 2 2 1 0 0
"18d39356a780d8cc" 20 915 80 4928 14 51 757 90 120 14 44 80 199627 150 39 104 475 369 12 7048 1179 1190399 -1 -1 0 0 0 0 9 8 7 7 8 6 3 2 9 1 0 0
"8080a5c306c8157b" 23 4 51 499 291 80 120 14 13 4 7775 80 199627 859 119 43 184 96 19 80 453 30 2568 1179 1190400 -1 -1 0 0 0 0 6 9 8 9 8 6 7 2 3 1 0 0
"96af0e658baf94cf" 23 184 114 6225 83 245 37769 37771 80 199627 290 2844 70 54394 80 249 184 1082 60 42 44 30 10131 1179 1190401 -1 -1 0 0 0 0 8 8 9 8 6 6 5 2 3 2 0 0
"094d1e7a8240480f" 23 127 245 5882 408 24237 2660 33192 80 199627 369 1015 4 80 915 80 184 1267 1120 60 849 80 424 1179 1190402 -1 -1 0 0 0 0 8 7 8 6 7 6 3 2 9 1 0 0
"df6b00fc3a80aa29" 25 74 3757 80 304 80 16520 30 340 2565 80 199627 90 4 153 2647 80 11 1120 14 150 2909 80 199375 3326 1179 1190403 -1 -1 0 0 0 0 6 9 6 8 7 6 3 2 3 2 0 0
"c8ad378ad195d678" 19 4 56 185 369 484 60 70 492 80 199627 249 425 28 236132 127 14 234840 5327 1179 1190404 -1 -1 0 0 0 0 9 6 6 8 8 8 4 1 3 2 0 0
"c5a5d179e9c351b9" 17 70 369 12 119 104 20 544 80 199627 235358 406 44 51 23497 80 13 199372 1190405 -1 -1 0 0 0 0 9 7 8 7 6 6 5 2 2 2 0 0
"ea2d4f039281129a" 38 184 70 425 106 192 1534 80 166 13 144 30 4999 80 199627 369 391 15073 1060 80 1598 44 28 857 80 199627 4 114 1081 14 425 80 249 199375 808 2995 90 3824 1179 1190406 -1 -1 0 0 0 0 8 8 7 9 7 6 7 4 3 6 0 0
"9f2e6d38b36d253e" 20 518 104 798 80 103 129 330 293 4044 199372 199627 967 19 14 1893 80 421 14 879 1179 1190407 -1 -1 0 0 0 0 9 6 6 5 6 6 5 8 2 4 0 0
"93faf2d211605f92" 41 150 1557 11120 80 166 283 2134 77 60 80 199627 127 14 51 26246 80 249 369 166 5843 60 80 711 1179 199627 275 104 911 77 1245 90 1402 80 249 184 1267 27 857 19 1025 1179 1190408 -1 -1 0 0 0 0 7 7 9 8 8 6 6 2 3 8 0 0
"abf75aafd0eeccae" 22 2258 768 4070 80 6 1539 19 14 80 199627 158 4 229 422 154 275 80 229 234836 19 13 1179 1190409 -1 -1 0 0 0 0 6 6 6 6 7 7 4 2 2 2 0 0
"46e774dcfe7cef67" 21 5012 76 2283 80 4019 36 8948 80 199627 90 30 6588 330 484 19 2952 80 36 50 3411 1179 1190410 -1 -1 0 0 0 0 7 8 6 7 8 5 4 9 3 5 0 0
"6d264bfeab66e2b3" 21 184 11 251 60 80 70 42 83 150 92 80 199627 344 271 5393 80 74 206 19 2364 1179 1190411 -1 -1 0 0 0 0 5 8 8 8 8 6 4 2 2 2 0 0
"3a1da46cf20a37f7" 25 106 30 4951 44 28 1793 80 166 5843 60 72 80 199627 43 4 18227 253 80 2098 80 369 166 563 105163 1179 1190412 -1 -1 0 0 0 0 7 7 7 6 6 6 5 3 2 2 0 0
"40a882b69f8d94ca" 46 386 4 5960 102 4 7 14 80 915 199372 199627 4 558 20 12122 80 747 19 212 83 30 39 1179 199627 127 51 554 4325 80 4 11907 4 44 520 199372 199627 249 184 1084 153 550 11 51 2556 1726 1179 1190413 -1 -1 0 0 0 0 5 8 8 7 6 2 3 7 5 2 0 0
"a8d8b0a2aa7f8c80" 44 369 166 120 30 4510 8627 28 994 80 199627 330 629 144 30 7868 2348 453 14 7003 1179 199627 249 120 14 153 80 915 80 119 4 106 60 199372 199627 30 3769 184 96 80 114 4 5877 60 199372 1190414 -1 -1 0 0 0 0 7 9 8 7 6 2 3 8 7 9 0 0
"afe9c9101f3b9456" 25 4 2913 235899 51 236133 80 249 1024 80 166 4 13 199372 199627 184 436 43 184 436 80 2990 36 70 2935 1179 1190415 -1 -1 0 0 0 0 4 5 6 7 5 5 3 5 2 3 0 0
"e6925b5c6f1b4952" 43 710 71 283 2410 291 709 134 80 199627 235020 352 229 200443 36 74 3143 80 807 17914 1179 199627 249 369 11 1310 4 215 251 17185 1056 80 199627 815 19 7329 4 102 173 161 77 51 960 1179 1190416 -1 -1 0 0 0 0 6 7 6 7 7 8 2 3 6 2 0 0
"d63e8cadbae6bb87" 49 352 835 43 369 20 83 80 70 621 90 70 1237 80 199627 1467 1957 43 60 112 1208 19 20 2990 154 3484 1179 199627 4181 74 490 80 249 184 808 200438 6392 80 199627 235019 271 908 90 146 6802 208 77 154 2425 1179 1190417 -1 -1 0 0 0 0 8 8 9 7 6 3 4 2 5 5 0 0
"51541d6ac584de74" 21 234840 112 1138 761 80 74 7 19 3380 80 199627 90 383 45057 866 103 5700 80 2539 28 1179 1190418 -1 -1 0 0 0 0 2 7 8 9 7 4 2 4 3 1 0 0
"ac91930eceb394ab" 23 146 234952 43 8018 9405 80 184 11 2990 2012 80 199627 28610 83 2659 811 80 859 11 13 518 6843 1179 1190419 -1 -1 0 0 0 0 4 6 7 6 6 6 3 5 4 4 0 0
"11314abb7914c257" 24 1267 232 4 849 80 28 61 80 232 4 1608 408 5586 80 199627 235220 115085 19 232 4 336 236134 1001 1179 1190420 -1 -1 0 0 0 0 8 8 7 4 3 3 5 6 3 4 0 0
"ee444b9990195d43" 26 4 1866 293 14 51 89 291 80 249 154 229 30 962 80 199627 184 229 30 619 19 120 1620 3582 271 3819 1179 1190421 -1 -1 0 0 0 0 4 5 6 7 6 6 3 5 2 3 0 0
"3bac577e4bdb2a86" 21 184 166 453 3361 80 1267 92 30 5085 80 199627 4928 408 70 26013 102 1334 12465 44 43261 1179 1190422 -1 -1 0 0 0 0 6 7 7 6 5 4 2 6 4 5 0 0
"0949002ab22bc76d" 27 90 425 4 630 14 80 11907 550 36 30 634 80 199627 1112 369 390 60 114 250 14 80 212 51 3752 90 2644 1179 1190423 -1 -1 0 0 0 0 3 6 6 7 5 2 2 3 3 4 0 0
"93b70f2d8029eace" 45 229 127 74 206 36 234978 42 154 224 80 199627 112 11907 208014 28 1415 80 234965 28 206 1179 199627 10136 10136 80 120 14 3617 83 25 80 199627 229 127 74 206 36 150 3645 80 6 7 30 1138 1179 1190424 -1 -1 0 0 0 0 5 6 7 8 5 3 2 4 3 4 0 0
"1c71abeb0de16609" 54 70 369 56 119 104 531 51 30351 80 2348 106 1366 80 199627 1132 2272 44 28 2202 80 249 60 11 1483 17256 1179 199627 120 14 1183 4 559 19 5694 42 80 283 154 3800 5038 80 199627 235020 1258 49 4 80 1024 80 104 30 4063 4849 1179 1190425 -1 -1 0 0 0 0 9 8 8 7 6 2 3 3 4 5 0 0
"6653856773847855" 48 369 1467 1957 43 60 112 1208 80 1165 30 5228 90 37043 80 199627 344 51 3701 1742 36 54 518 477 16460 1179 199627 249 1112 80 369 11 1873 24 90 3626 80 199627 235728 70 30 3852 154 184 146 378 283 24 1179 1190426 -1 -1 0 0 0 0 7 6 7 6 5 4 3 4 3 4 0 0
"184bc786f995448c" 52 915 80 4 127 14 89 80 14846 25 51 1046 80 199627 249 860 146 20 30 161 19 283 14 336 2202 1179 199627 1093 891 4 378 146 20 80 28 61 90 28 10224 80 199627 154 369 153 36 561 80 1364 89 44 28 1819 1179 1190427 -1 -1 0 0 0 0 3 4 5 6 5 5 3 4 6 3 0 0
"0865c30a15dc6c76" 23 16520 17 15399 849 80 74 1539 43 4 119 80 199627 16520 561 860 629 24 80 49 150 6398 72979 1179 1190428 -1 -1 0 0 0 0 3 8 7 6 7 7 3 4 2 6 0 0
"b1c5e99479b41f90" 26 184 1317 866 150 23968 3385 44 30 419 77 30 1237 80 199627 2554 42 44 51 14444 6658 1883 80 43 51 2425 1179 1190429 -1 -1 0 0 0 0 8 6 7 8 7 8 5 3 4 4 0 0
"a17845b621e09d15" 24 158 4 535 60 657 80 915 80 860 106 932 80 199627 249 206 104 1085 76 80 28487 14321 80 6392 1179 1190430 -1 -1 0 0 0 0 6 6 6 8 6 6 4 2 2 6 0 0
"37d58dff81aefd33" 25 4 152 19 481 14 89 80 453 14 106 52 80 199627 249 1112 275 104 51 3429 90 199375 2995 549 70 1179 1190431 -1 -1 0 0 0 0 7 9 7 6 7 7 4 3 4 6 0 0
"474b5f40b837c118" 23 43 104 30 1992 1089 51 499 2098 90 51 4302 80 199627 798 1483 74 3428 80 227 79 275 235577 1179 1190432 -1 -1 0 0 0 0 3 6 5 6 5 8 4 9 3 7 0 0
"8ce5316c15115447" 27 16520 4244 192 1364 44 150 61 80 16520 178 19 5640 80 199627 102 150 26390 80 1740 14 44 80 369 251 4 406 1179 1190433 -1 -1 0 0 0 0 9 8 9 7 8 6 6 3 5 5 0 0
"28e798bc831f5196" 25 4 22732 1146 80 127 14 231 245 619 77 139 80 199627 50723 60 11 22 632 80 103 61 378 146 11456 1179 1190434 -1 -1 0 0 0 0 6 7 8 7 7 9 5 3 4 5 0 0
"e3d8df3d95fec7bc" 27 807 174 18 19 2118 42 80 1218 77 97 59966 80 199627 798 904 19 20 51 129 80 425 1767 11 51 37990 28603 1179 1190435 -1 -1 0 0 0 0 4 5 5 7 5 6 3 6 2 7 0 0
"370ca589786effb6" 39 184 1317 866 150 23968 3385 44 30 419 77 30 1237 80 199627 344 51 3701 1742 80 249 859 453 60 474 80 199627 158 4 535 60 657 80 915 80 859 453 17981 6132 1179 1190436 -1 -1 0 0 0 0 8 6 8 8 7 7 5 4 4 4 0 0
"66bd03cc134f2902" 25 10136 10136 80 1629 14 553 44 28 14444 440 80 199627 2554 42 44 51 9057 6658 1883 80 235220 245 39194 10094 1179 1190437 -1 -1 0 0 0 0 8 6 8 8 7 7 5 4 4 4 0 0
"4d8f6b7e3867ba9c" 33 9305 997 102 80 352 50081 406 28 34 80 146 1503 60 172 80 199627 352 153 43 369 20 83 80 249 808 35698 83 2659 811 80 146 71964 1179 1190438 -1 -1 0 0 0 0 4 7 6 5 4 5 3 3 4 8 0 0
"6b353636b9a2dea1" 26 369 22 460 42 80 16520 17 15399 849 80 199627 1093 891 860 146 20 80 915 80 249 199375 453 4 561 32 1179 1190439 -1 -1 0 0 0 0 3 8 7 6 7 7 4 4 3 6 0 0
"c8e2a4ff87f8300b" 28 16520 112 1138 761 80 83 275 90 61 80 192 790 80 199627 4 2934 76 44 6398 80 249 146 4018 43 8018 4436 9405 1179 1190440 -1 -1 0 0 0 0 6 8 8 5 6 9 5 5 4 6 0 0
"25f6606bdf13c633" 35 629 83 90 212 51 3814 80 915 80 36 51 1891 506 370 80 199627 43 104 30 1992 1089 51 499 915 90 51 499 2098 80 184 11 166 453 161 1179 1190441 -1 -1 0 0 0 0 3 6 5 6 5 8 4 7 3 7 0 0
"a176a52c25692fc8" 53 70 369 56 119 104 531 51 30351 19 3696 30 2602 80 199627 74 206 36 763 42 154 224 80 28 61 378 146 20839 80 199627 50723 60 11 22 632 80 103 1749 5695 790 80 199627 860 146 1679 14 763 42 80 5358 749 70 1237 1179 1190442 -1 -1 0 0 0 0 9 7 9 8 8 8 6 3 3 5 0 0
"eb27a6a85857a6f0" 31 297 1132 2272 229 127 74 3428 80 199627 369 18296 4 51 507 80 173 17 30 1299 80 199627 249 798 1483 74 3428 44 2659 103 706 1179 1190443 -1 -1 0 0 0 0 2 2 3 4 2 2 1 2 1 2 0 0
"13c73a148b49c627" 31 120 14 1183 4 559 184 114 5694 42 80 199627 232 4 849 408 14 80 28 61 80 199627 1112 369 390 60 114 1058 14 408 549 1179 1190444 -1 -1 0 0 0 0 5 6 6 7 5 3 3 4 5 7 0 0
"4c16e770cb140f92" 30 70 369 56 119 104 531 51 30351 80 199627 1467 1957 43 60 112 9405 80 550 17662 80 199627 4 22732 1146 80 16520 231 697 14991 1179 1190445 -1 -1 0 0 0 0 4 3 3 3 3 3 4 2 4 3 0 0
"c3f4b1d7a5106445" 20 9305 5083 80 4 153 16520 8050 80 199627 4 152 19 481 14 89 80 16520 231 31568 1179 1190446 -1 -1 0 0 0 0 3 4 3 5 3 4 4 3 2 4 0 0
"b902a5879ff2c2d1" 33 757 53 28 1956 9542 80 4 153 30 2565 80 199627 154 369 153 80 208 1630 90 453 60 29639 80 199627 102 150 26390 80 200450 453 103 340 1179 1190447 -1 -1 0 0 0 0 8 7 6 4 8 6 4 3 2 4 0 0
"c90f5670856258d2" 32 90 16520 17 15399 849 80 166 5843 14 80 199627 184 1317 866 150 234941 3385 80 550 192 2253 80 199627 10136 10136 80 344 11 559 60 20 1179 1190448 -1 -1 0 0 0 0 7 6 5 6 6 6 2 3 6 5 0 0
"1cf17fbf4b8e1d90" 25 1112 369 11 1873 24 80 112 390 80 199627 28487 14321 80 236012 236135 80 199627 149196 4083 80 6 120 603 5312 1179 1190449 -1 -1 0 0 0 0 6 4 5 6 5 3 2 4 5 6 0 0
"413654f6cce2bdf3" 25 297 1132 2272 80 166 1312 1957 80 518 835 199372 199627 4181 74 490 80 1112 275 104 51 3429 80 12316 835 1179 1190450 -1 -1 0 0 0 0 2 2 3 4 2 2 1 2 1 2 0 0
"e919b2ed042577f6" 20 561 80 383 45057 866 103 706 80 199627 249 184 229 102 154 80 859 146 20 14376 1179 1190451 -1 -1 0 0 0 0 3 4 5 6 6 4 3 4 3 5 0 0
"f89dc05f9b16ad6a" 33 352 153 43 369 20 83 80 352 229 74 5854 80 199627 90 212 51 3814 80 807 235029 2760 80 199627 4928 408 70 26013 80 102 243 29380 37240 1179 1190452 -1 -1 0 0 0 0 7 6 5 7 6 7 4 4 2 5 0 0
"9b57336fd27b7421" 40 1093 891 4 378 146 20 80 74 1539 559 4 152 80 199627 90 192 369 18296 4 30 507 80 6 563 2913 14 386 80 199627 251 4 80 249 199375 146 20 1294 19 7863 1179 1190453 -1 -1 0 0 0 0 4 4 3 6 3 3 3 6 5 7 0 0
"2231f99544b03dc3" 39 120 14 1183 4 559 184 114 5694 42 80 20 83 31 80 199627 90 425 4 630 14 80 28 246 11 166 632 80 199627 50723 50723 50723 80 550 51 146 997 1412 4554 1179 1190454 -1 -1 0 0 0 0 7 6 6 7 6 3 3 4 4 6 0 0
"46e5f060774128c4" 38 70 369 56 119 104 531 51 30351 80 231 102 51 5854 80 199627 1112 369 11 1873 24 80 277 19 32 1588 80 199627 28610 83 2659 811 80 4017 1334 11 192 6029 1179 1190455 -1 -1 0 0 0 0 4 4 3 3 4 3 4 3 4 4 0 0
"2eb956c2a9899034" 38 915 4 127 14 89 80 16520 231 1779 80 199627 146 4018 43 8018 9405 80 550 51 74 997 208 80 199627 90 30 721 80 330 106 60 174 80 19881 83 51 1183 1179 1190456 -1 -1 0 0 0 0 4 5 4 6 4 5 3 3 2 4 0 0
"b91bada47d10c153" 34 4181 74 490 80 550 11 51 6183 80 199627 232 4 849 28 61 80 19 4107 243 3055 80 199627 352 378 146 460 382 29 7199 80 255 2659 3701 1179 1190457 -1 -1 0 0 0 0 6 5 5 5 6 5 5 3 3 4 0 0
"e1911c89650717ae" 27 757 53 28 1956 9542 80 550 911 77 236136 80 199627 249 154 6 632 88 408 235220 32601 80 74 8081 80 74 1787 1179 1190458 -1 -1 0 0 0 0 7 8 6 8 8 7 1 6 1 9 0 0
"fe7eca0b962edd92" 22 234840 112 1138 761 80 234833 51 3429 80 199627 249 16520 808 234915 408 70 26013 102 550 28 16939 1179 1190459 -1 -1 0 0 0 0 6 5 8 5 5 6 5 3 2 5 0 0
"7472d3408183a305" 25 1467 1957 43 60 112 1208 80 344 36 561 80 199627 229 127 74 206 36 763 42 154 9247 224 36 561 1179 1190460 -1 -1 0 0 0 0 8 6 7 7 7 6 6 5 6 4 0 0
"4174a48c3fcaf8ee" 27 70 369 56 119 104 531 51 30351 80 2348 1420 76 80 199627 43 798 904 19 20 80 129 80 550 823 19 5430 1179 1190461 -1 -1 0 0 0 0 5 4 7 6 5 7 4 2 1 5 0 0
"e85640b3f9087e59" 25 127 14 5958 49 1132 2272 80 28487 606 80 199627 236012 236137 80 425 4 11 42 90 630 14 80 369 7663 1179 1190462 -1 -1 0 0 0 0 4 7 5 7 6 5 8 1 3 4 0 0
"80779e47a9f3580f" 25 637 563 9556 80 249 344 1056 80 199627 114 4 27 60 80 1024 80 49 28 4211 83 51 5426 344 8026 1179 1190463 -1 -1 0 0 0 0 6 4 5 7 6 5 8 4 3 4 0 0
"e7bb7d16da8cb6db" 19 398 1466 386 369 146 7538 89 80 199627 28 4207 174 476 80 24506 453 4 5640 1179 1190464 -1 -1 0 0 0 0 3 2 3 4 6 2 5 1 1 2 0 0
"5f314751bebf89af" 21 90 150 21497 80 1330 352 909 1056 80 199627 249 4 153 43 4 119 80 11 3836 206 1179 1190465 -1 -1 0 0 0 0 6 7 6 5 5 5 7 3 2 3 0 0
"38619b6f856bf28c" 29 154 229 14 80 43 4 13 104 11 51 6400 80 199627 90 408 14 45099 107 340 80 297 108 222 321 3467 80 2539 1140 1179 1190466 -1 -1 0 0 0 0 8 7 6 7 6 7 4 7 8 7 0 0
"e029bd56c67bfa59" 27 4 146 739 77 60 249 16520 30 4044 80 199627 369 153 475 184 70 629 408 80 1334 70 3848 36 30 1299 1146 1179 1190467 -1 -1 0 0 0 0 8 6 6 7 7 6 6 8 6 8 0 0
"cca314184482feba" 29 394 4 19 32 481 80 249 4 240 967 80 199627 425 16520 14125 4180 283 72 14 80 369 127 28 4274 80 344 28 409 1179 1190468 -1 -1 0 0 0 0 7 6 6 8 7 5 4 2 2 5 0 0
"f34d7a16a290d320" 25 1024 350 14 51 224 80 200450 283 44 2346 80 199627 4 68 499 10700 80 915 80 537 4 18010 90 50 1179 1190469 -1 -1 0 0 0 0 6 7 5 7 7 6 5 3 2 4 0 0
"38458bc815db46ff" 22 36476 36476 2539 28 1140 80 369 106 30 3484 80 199627 536 3554 28 1447 2484 80 537 344 6392 1179 1190470 -1 -1 0 0 0 0 9 8 9 6 5 6 4 2 3 2 0 0
"fbebd72b4fcac466" 36 129 4 808 28 70730 80 255 44 28 246 80 199627 352 2913 14 80 10525 66 1262 199372 10525 80 369 11 1183 382 70 28 1132 38860 6621 80 16520 243 4688 1179 1190471 -1 -1 0 0 0 0 7 6 7 6 5 6 4 5 3 5 0 0
"13c87031496382b7" 28 2596 3397 291 10721 89 823 90 2012 80 199627 90 150 246 104 2214 49 4097 77 30 1841 80 74 8081 80 344 51 6183 1179 1190472 -1 -1 0 0 0 0 8 6 7 7 6 5 6 8 6 7 0 0
"594c2742ae352af6" 19 199375 1368 154 915 72 102 16520 26863 80 199627 58 283 130834 44 30 4255 80 236138 1179 1190473 -1 -1 0 0 0 0 9 9 9 7 7 8 4 1 1 2 0 0
"74bef12801e61b4f" 16 184 2502 541 44 150 4667 80 199627 249 798 391 51 71526 80 9301 1179 1190474 -1 -1 0 0 0 0 8 7 7 7 7 7 7 7 7 9 0 0
"0eb8ff1981ab6779" 25 637 7962 30 8769 102 831 45458 61951 80 199627 90 16520 51 129 77 28 6824 80 563 24 44 28 4320 1518 1179 1190475 -1 -1 0 0 0 0 10 9 10 7 7 9 9 5 3 2 0 0
"9bbeba13b07e0768" 19 127 14 231 70 21824 77 3383 80 199627 192 1525 30 2517 76 80 200450 283 149304 1179 1190476 -1 -1 0 0 0 0 7 8 8 6 5 7 5 2 2 1 0 0
"005fc9b4f87256ec" 20 11 1183 14 80 1183 14 30 139 80 199627 90 199375 232 28 6824 80 788 897 621 1179 1190477 -1 -1 0 0 0 0 8 8 8 7 7 7 5 3 3 2 0 0
"f2f7d54c2158471b" 24 70 42 44 103 1022 102 51 8052 40155 80 199627 398 2913 386 369 146 630 80 200449 537 80 173 18010 1179 1190478 -1 -1 0 0 0 0 6 8 6 6 7 5 2 1 2 2 0 0
"c41a82b20fd5eba4" 30 36476 36476 80 2539 28 1140 80 103 235035 127 14 3553 80 199627 249 184 2502 541 80 192 4180 80 283 72 14 80 184 229 15342 1179 1190479 -1 -1 0 0 0 0 9 9 9 8 7 8 4 1 1 2 0 0
"6aa065521c1b159f" 24 90 70 603 290 2348 1525 14 89 80 199627 249 4 146 739 77 60 80 192 859 283 130834 406 3057 1179 1190480 -1 -1 0 0 0 0 8 8 8 7 6 6 3 1 1 2 0 0
"aa7d84ecc520c235" 19 235029 127 30 1819 102 1534 45458 61951 80 199627 249 16520 231 154480 80 166 4 1015 199372 1190481 -1 -1 0 0 0 0 9 9 9 9 8 9 8 5 4 2 0 0
"83e9c038053eb28e" 23 28 646 104 72515 80 166 4 27 14 199372 199627 44 103 3273 39 80 16520 11 277 19 20 544 1179 1190482 -1 -1 0 0 0 0 7 7 6 6 6 6 3 2 1 2 0 0
"db447464bafdaf49" 28 352 1466 14 80 235722 4 127 44 2763 199372 1261 199627 216 382 49 245 38860 6621 80 58 28 236139 83 51 5426 36 511 1179 1190483 -1 -1 0 0 0 0 7 8 7 5 5 6 5 2 2 1 0 0
"2afbd4b7ac5d2104" 24 70 42 44 103 779 80 231 102 51 3668 80 199627 249 28 235132 174 476 80 2441 1663 2214 49 6071 1179 1190484 -1 -1 0 0 0 0 6 7 6 6 5 5 1 1 1 1 0 0
"16312f39f9d55725" 25 509 30 536 879 28 1447 2484 80 199627 199375 1368 154 915 72 102 16520 26863 80 58 1525 30 2517 76 657 1179 1190485 -1 -1 0 0 0 0 8 9 8 7 6 6 3 1 1 2 0 0
"d3067693d900e2bb" 24 350 14 51 224 80 120 14 153 66 42 80 199627 4 68 499 80 249 150 234826 808 2214 49 61 1179 1190486 -1 -1 0 0 0 0 7 8 7 6 6 6 4 3 3 2 0 0
"d555896d270f6878" 24 127 70 297 4180 2348 1525 14 89 80 199627 249 798 391 51 71526 80 90 199375 232 83 1085 103 3057 1179 1190487 -1 -1 0 0 0 0 8 8 8 7 7 6 4 1 1 2 0 0
"5a3179ad780099ed" 17 249 4 808 28 70730 80 199627 369 153 1334 70 11 2348 96 245 896 1179 1190488 -1 -1 0 0 0 0 8 7 7 8 9 7 4 3 6 5 0 0
"b865a8f7e7894807" 22 1368 154 291 72 102 16520 26863 80 199627 90 16520 51 129 77 28 6824 80 4 166 232 145655 1179 1190489 -1 -1 0 0 0 0 7 8 8 8 6 6 5 4 4 3 0 0
"9faa973804094013" 31 32 481 80 6 152 19 855 80 199627 108 222 321 3467 80 200450 96 245 896 80 199627 1183 74 8081 80 1334 174 1683 19 20 370 1179 1190490 -1 -1 0 0 0 0 9 9 9 9 8 8 2 4 3 4 0 0
"ef1cf897c6b28ec8" 34 537 4 18010 80 1624 596 835 80 199627 283 130834 49 60 80 200450 13 559 633 103 573 80 199627 127 28 4274 10257 11 44 2090 4 152 19 16561 1179 1190491 -1 -1 0 0 0 0 6 7 8 5 6 7 6 5 2 2 0 0
"6bff27f5930fdc03" 24 637 563 9556 80 199374 68 2449 44 30 3401 80 199627 4 153 43 4 119 80 12147 42 1716 90 13951 1179 1190492 -1 -1 0 0 0 0 4 5 5 6 4 6 6 7 4 6 0 0
"e6d173e7cc224cf4" 30 90 408 14 45099 80 231 70 172 80 199627 90 150 21497 80 255 10390 154 3410 80 199627 2596 3397 291 80 2348 3397 83 28 5444 1179 1190493 -1 -1 0 0 0 0 5 4 5 6 4 4 5 9 4 7 0 0
"f671a442bc045a26" 38 352 2913 14 80 43 119 4 153 178 30 8769 199372 199627 637 114 879 603 102 1534 45458 61951 80 344 74 21402 80 199627 24 44 28 4320 80 344 475 199375 255 1493 1179 1190494 -1 -1 0 0 0 0 8 5 5 7 5 4 2 4 8 6 0 0
"1c4ea326b346ae8e" 24 398 1466 14 386 369 146 3755 80 199627 28 646 104 72515 80 199374 68 9163 49 103 154480 36 51 1031 1179 1190495 -1 -1 0 0 0 0 3 4 4 5 4 3 5 6 5 8 0 0
"b741af34328c482c" 37 249 4 808 28 70730 80 199375 255 96 150 24 80 199627 154 229 14 80 277 19 212 4 72 2662 80 199627 369 153 1334 70 11 277 19 3177 44 103 2021 1179 1190496 -1 -1 0 0 0 0 8 8 7 8 9 6 4 2 4 5 0 0
"612cc87fe4569903" 40 1183 14 30 11305 30 11305 30 11305 30 11305 30 139 80 199627 32 481 80 6 120 103 779 13589 80 199627 192 1525 30 2517 76 80 200450 1082 103 866 243 70 997 1237 32 1179 1190497 -1 -1 0 0 0 0 7 6 9 8 9 7 4 3 2 3 0 0
"7ae0a6121bf84172" 38 4 146 739 77 60 80 103 275 184 1057 80 550 3273 80 199627 184 2502 541 44 424 4366 80 330 166 7632 14 80 199627 90 150 21497 80 255 277 19 20 7032 1179 1190498 -1 -1 0 0 0 0 5 6 6 7 5 6 5 7 4 5 0 0
"952682d1d11f8469" 51 36476 2743 36476 2743 2539 28 1140 80 103 235076 280 1683 80 199627 114 4 27 60 80 28 234829 44 51 2280 6634 80 199627 2596 3397 291 80 277 19 3397 83 271 108 206 80 199627 249 184 22 120 382 80 859 232 60 21314 1179 1190499 -1 -1 0 0 0 0 9 9 9 9 8 6 4 4 2 4 0 0
"0bc589d59c8b8264" 36 90 70 603 290 80 2348 1525 770 89 80 199627 536 879 28 1447 2484 80 200450 70 17522 134 80 199627 1015 603 4180 283 72 14 80 330 166 1525 14 89 1179 1190500 -1 -1 0 0 0 0 8 6 6 8 7 5 4 3 3 6 0 0
"8d34b040775e55e4" 26 108 222 321 3467 80 798 391 51 71526 44 6398 80 199627 477 16619 79 510 246 80 344 43 7731 19 79 12750 1179 1190501 -1 -1 0 0 0 0 9 9 9 8 7 4 6 5 3 7 0 0
"7d0e5c624e8f5151" 45 350 14 51 224 80 200450 232 44 2346 80 199627 38860 6621 80 234845 60 340 80 192 396 80 199627 537 4 18010 80 184 13 144 150 706 80 199627 859 146 35 36 60 80 859 255 7517 30 1299 1179 1190502 -1 -1 0 0 0 0 4 5 6 6 7 6 5 4 2 5 0 0