441
882
4624
6769
7044
7257
7428
7487
9436
11032
11337
11541
12156
12499
13056
13148
15195
15895
16640
16663
16878
16891
18333
19034
19237
19658
23028
24309
24360
24888
25252
25553
25654
26788
27864
28598
28641
28650
28999
29403
31081
32205
32439
34655
36091
36285
38064
38085
38505
38798
38992
39220
39617
40600
41689
42231
42374
42426
42931
45439
46187
46416
46660
49989
50031
51054
55097
55482
57028
60624
60669
60862
61095
62564
66701
67057
67691
67826
69730
70699
71000
71731
72005
72571
72632
74123
74421
74843
77751
78365
78425
78529
79368
80934
80940
84252
84826
87943
88861
89135
90860
90875
91219
91488
92773
94692
95528
96302
97412
99486
100357
100379
102334
105084
105493
108467
110110
110133
110399
111378
111455
112189
114632
115240
115982
116517
118080
119275
121941
121961
125309
125570
126596
128793
129076
129399
129919
132380
132640
132885
133757
135034
135112
136213
136496
137439
140242
141109
143864
144588
145211
146180
146482
152895
153701
155238
155605
156249
156973
156995
158805
160094
161670
162433
162615
162665
164434
164570
164832
164894
165647
168863
169074
171785
172283
175644
175737
176252
178948
179669
183635
183665
183686
183870
184570
186129
186269
187095
187162
187608