751
1803
2820
2991
4819
4950
5846
5972
7386
7428
10258
10912
11368
12117
12121
12124
12974
13047
13181
13315
13335
14657
15413
16335
16659
17187
19448
19628
19654
19696
19966
20536
21999
27337
29494
30497
31962
31966
32895
33070
33188
33643
35077
35695
36838
37717
38935
40586
40604
40704
40766
42247
43281
45597
46310
46321
47737
47819
51880
53501
55103
55586
57317
58614
59174
59508
63883
65189
69362
70248
71259
71385
78455
82519
83239
83980
88312
88774
95475
99582
102320
105863
106481
106831
110013
113403
115231
115587
116493
118457
119418
120338
122097
123172
124634
127233
128633
128674
129927
131122
131918
133203
133426
133856
135963
138889
139855
141176
142932
143978
144391
144894
146987
149514
149716
150861
151059
151699
151972
152250
152791
153029
154421
157874
159551
162210
162310
163258
163274
163540
164300
164489
164853
165138
166416
168318
171424
174987
175759
175953
176492
177045
177604
177774
177899
178168
180858
181318
182877
184581
186193
187153