1670
2004
2977
2991
2997
3356
7906
8898
11947
12134
12415
13021
13364
13381
14663
15499
16874
17789
19688
20367
22125
24897
27035
28956
29809
32360
35250
36279
37488
39274
42224
42842
45153
45965
45980
49292
53397
58808
60489
60491
61898
62476
62985
63900
65038
65520
66045
67634
67866
68705
69108
70288
72425
75615
78931
79403
83618
84247
85033
87351
88089
88321
89213
89467
89863
90848
90998
91441
91493
92048
92194
100535
101693
101868
107591
108813
110619
111188
111398
111402
112460
115018
117438
119250
119270
119972
120493
125574
126438
126932
127822
128447
128453
129673
131126
132475
135963
136401
137127
137966
140118
141185
144475
144613
144619
146535
147625
147945
148305
148663
151046
153583
153928
155286
156721
156816
157512
157816
158352
159368
159456
161264
161422
163209
163758
164137
164622
165935
166365
166650
167971
170964
173905
174177
174970
175098
175622
177059
178148
178191
178278
180789
181058
181184
182232
182437
182500
182684
182714
182877
183635
185495
185668
186425
187003