"70eb84f5ceec6c5e" 24 38737 720 329 8646 13 553 191 1882 14934 13 1628 1043 14098 13 553 428 53 36102 3972 13 5580 11067 24662 4 13399 -1 -1 0 0 0 0 8 7 6 6 5 5 3 4 7 5 0 0
"0ab1a8871be9f66d" 20 20 1675 3675 5382 5383 13 553 3014 13 1580 18825 13 357 373 1047 113 20461 32364 38738 4 13400 -1 -1 0 0 0 0 7 6 4 5 4 6 4 8 4 3 0 0
"dfe9a2087c1c474a" 33 2195 1032 7338 13 499 1667 1200 13 553 357 87 61 308 1303 13 504 150 3668 13 553 8245 38739 13 347 566 39 305 1842 20 8133 2356 3923 4 13401 -1 -1 0 0 0 0 7 8 6 5 5 5 3 4 4 3 0 0
"6cebf835c7db9af2" 18 1071 588 2267 2268 2269 13 553 150 373 13085 504 13 171 3261 61 835 981 4 13402 -1 -1 0 0 0 0 6 7 7 5 6 5 2 3 5 3 0 0
"6ca2fff808561821" 19 38740 4595 432 13 1376 116 23973 13 553 35 1667 1314 981 386 13 35 2928 504 4 13403 -1 -1 0 0 0 0 4 6 4 3 3 6 8 6 2 3 0 0
"570c376d09958005" 31 410 451 2638 703 93 38741 2536 13 553 63 13260 637 53 13261 435 13 553 7664 915 66 916 13 95 61 297 2735 774 655 38742 38743 4 13404 -1 -1 0 0 0 0 9 8 7 6 5 5 2 5 4 3 0 0
"01eb56826d993a90" 33 95 545 9142 357 38744 936 13 553 38745 102 1534 2 736 13 553 134 1109 3085 493 2812 13 1720 553 95 61 87 1509 13 7070 799 1587 1588 4 13405 -1 -1 0 0 0 0 8 8 8 6 5 6 4 7 6 4 0 0
"7d81adf7e2ebce37" 16 95 1509 388 357 2247 8099 13 553 1892 4159 95 3089 934 2929 33559 4 13406 -1 -1 0 0 0 0 5 6 4 5 4 5 6 4 2 4 0 0
"90d27452852ffd9d" 19 687 2277 27156 835 738 384 13 553 66 703 305 9048 13 2 1906 9003 3302 38746 4 13407 -1 -1 0 0 0 0 4 6 6 6 5 5 3 4 4 2 0 0
"4e5ffa8697a919ee" 23 2 7547 93 13 25 6828 13 999 305 106 113 13 553 3327 482 66 6198 13 7320 7321 35614 941 4 13408 -1 -1 0 0 0 0 8 9 7 6 5 9 3 3 5 3 0 0
"b9dbac09fe671610" 21 102 3897 13 1071 6591 38747 14164 13 553 357 574 13 1580 311 2 598 727 799 21709 38748 4 13409 -1 -1 0 0 0 0 4 6 5 5 5 4 2 7 3 6 0 0
"a44892c0a7ed8ca1" 29 357 347 38749 6475 323 13 347 146 7069 13 553 23 566 722 1487 12210 116 13 553 2 25 34 645 2941 13 11603 14789 3302 4 13410 -1 -1 0 0 0 0 5 7 6 6 5 4 3 2 4 4 0 0
"a12bb39f6a739e6c" 43 1386 1387 13 357 87 3271 2785 17942 13 553 35 286 628 362 13 25 1925 34 4816 116 845 13 553 87 61 359 38750 13 38751 38752 38753 13 553 2 38 38754 4077 38755 16083 655 38756 4341 4 13411 -1 -1 0 0 0 0 7 6 6 5 4 6 2 5 4 4 0 0
"6243ba9fb8af75ac" 18 520 38757 13 87 38758 355 13 553 359 6252 7706 1307 13 150 1568 150 14414 4 13412 -1 -1 0 0 0 0 5 7 6 4 5 4 4 2 4 3 0 0
"2e5817a3a2741c29" 24 2 4521 93 13 25 564 13 553 38759 13897 359 3845 53 731 14365 3282 13 553 5408 1716 645 22194 305 4 13413 -1 -1 0 0 0 0 8 7 6 6 5 4 3 3 3 3 0 0
"f11ddcd01bb9bb61" 21 38760 61 10303 38761 13 499 2371 38762 553 417 2715 66 6564 13 35 14251 8318 8319 20164 68 4 13414 -1 -1 0 0 0 0 9 8 7 5 6 6 4 3 5 4 0 0
"b8a65ca0f682283d" 28 23 20 5762 13 5763 63 66 347 361 415 1321 553 787 7458 104 7459 6869 13 553 655 1023 3314 1517 38763 3180 1696 68 4 13415 -1 -1 0 0 0 0 7 9 9 6 6 6 3 2 3 5 0 0
"179ef440e2e966f4" 20 9061 150 36 3970 9060 93 4093 9062 13 553 3491 20536 373 38764 13 1122 1109 38765 68 4 13416 -1 -1 0 0 0 0 8 8 7 5 6 7 3 6 4 5 0 0
"4132e579d4cb0536" 30 191 23 474 38766 326 13 95 5441 61 4361 1664 38767 13 553 297 20 457 13 38768 38769 2859 38770 2 18789 24033 1314 18610 38771 68 13 13417 -1 -1 0 0 0 0 6 6 5 7 7 6 2 4 8 7 0 0
"acfc2fc4a5a5478e" 29 41 26 13678 934 11537 13 3098 5933 535 13 553 556 621 38772 2 6141 38773 38774 13 553 34 1376 1749 5419 36505 38775 38776 68 4 13418 -1 -1 0 0 0 0 8 8 6 6 6 9 5 4 4 5 0 0
"18e339e5d28a579e" 25 34 26 3057 3058 13 63 38777 38778 38779 2 553 38780 20843 388 25 1892 13 87 38781 28618 7824 30874 38782 68 4 13419 -1 -1 0 0 0 0 9 8 6 6 6 8 4 3 4 5 0 0
"6843612975f79578" 41 38416 34561 13 357 596 38783 34 23 13551 13 553 2606 20 999 38784 13 2 517 4712 38785 13 596 15735 2809 553 102 655 4713 13 742 150 36 330 38786 38787 2 1863 93 38788 68 4 13420 -1 -1 0 0 0 0 7 8 7 5 6 6 3 3 6 5 0 0
"2ada5e8af5f75c7e" 16 9633 38789 3848 38790 13 553 14128 655 38791 38792 12553 13 38793 38794 68 4 13421 -1 -1 0 0 0 0 7 6 5 6 6 5 2 2 5 4 0 0
"7416eb818b46c69a" 28 11999 655 11078 13 2846 38795 13 553 2651 53 38796 2 2298 38797 13 35 774 645 29550 3663 13 41 35 2131 38798 38799 68 4 13422 -1 -1 0 0 0 0 8 7 8 5 6 6 3 3 5 4 0 0
"eebed4d4cacdcc35" 45 373 37407 38800 13 38801 37607 38802 1099 13 553 3970 9334 8380 61 2 738 2841 35 774 286 113 927 38803 13 553 38804 18829 38805 61 38806 38807 38808 38809 13 93 1796 38810 38811 9207 13 33 61 38812 68 4 13423 -1 -1 0 0 0 0 9 8 6 6 6 6 4 8 4 6 0 0
"b21ceef66319eae1" 22 28513 38813 1651 29327 38814 38815 13 553 17179 20 774 38816 34 2041 38817 38818 38819 7235 688 38820 68 4 13424 -1 -1 0 0 0 0 7 6 5 6 5 6 3 3 5 4 0 0
"91db124622343eab" 47 1057 1747 13 41 38821 13 721 10606 13 412 2155 38822 38823 13 553 655 38824 38825 38826 38827 3032 38828 110 110 110 553 34 38829 588 38830 13 34 26 326 1029 13 1487 305 367 10796 13 2546 1319 388 113 38831 188 13425 -1 -1 0 0 0 0 8 7 5 5 5 7 4 3 5 4 0 0
"3d950c7dc281dc5c" 38 326 3186 31743 13 357 373 38832 61 3075 38833 13 553 38834 61 38835 38836 41 38837 38838 13 38839 13 553 38840 38841 38842 38811 3331 13 553 5085 2775 20 38843 38844 1713 68 4 13426 -1 -1 0 0 0 0 6 5 4 7 6 5 3 2 4 5 0 0
"63b805bb29a7a3fe" 27 27314 61 7134 38845 13 1873 93 358 13 553 38846 150 4391 38847 38848 150 5546 38849 712 13 150 24133 38850 38851 38852 68 13 13427 -1 -1 0 0 0 0 9 6 6 4 5 4 3 3 3 5 0 0
"d19f2aac8d5c70de" 20 932 305 2879 482 483 305 44 13 553 1869 373 13 25 17561 13 26050 63 13481 68 4 13428 -1 -1 0 0 0 0 6 5 5 6 5 6 2 3 7 5 0 0
"ff2f66a776486242" 21 2 1097 38853 13 357 134 87 9557 13 553 9655 1737 1121 13 357 93 1079 608 20 27200 4 13429 -1 -1 0 0 0 0 6 6 7 5 5 3 2 3 3 3 0 0
"dcde9b4a43671557" 18 57 10259 1313 13 357 1016 753 38854 13 553 6188 936 5399 13 1109 17594 38855 4 13430 -1 -1 0 0 0 0 7 7 7 6 5 4 3 4 3 3 0 0
"9f2aa96e390057be" 19 4023 4024 13 357 12952 38856 150 17538 13 553 524 10608 10609 13 9074 10610 5867 11561 4 13431 -1 -1 0 0 0 0 8 6 8 5 7 4 3 3 4 2 0 0
"20e0a4b275971b7f" 18 150 304 1930 13 150 304 621 13 553 4667 1093 297 13 150 6749 7092 3456 4 13432 -1 -1 0 0 0 0 6 5 6 5 6 5 3 4 2 2 0 0
"ef85a24d9dc41450" 19 3210 61 6563 13 357 61 457 38857 13 553 8131 5243 171 8323 13 38858 171 38859 4 13433 -1 -1 0 0 0 0 6 6 6 5 5 3 3 3 3 3 0 0
"f52492ef0341a298" 28 61 738 31289 13 14122 38860 134 1639 13 553 357 38861 29730 347 2805 744 13 553 3993 384 150 17965 8255 13 2902 10700 744 4 13434 -1 -1 0 0 0 0 6 5 6 5 6 5 3 4 3 3 0 0
"3346e1a7873a2914" 16 10686 38862 1122 38863 31766 13 553 357 1182 1718 34140 61 1069 313 1993 4 13435 -1 -1 0 0 0 0 8 7 7 6 6 4 3 4 3 3 0 0
"bbfb6896602e786e" 27 38864 150 31878 171 38865 95 13 553 4667 1093 297 13 347 304 38866 2439 13 553 66 23 13551 13 38867 38868 8165 38869 4 13436 -1 -1 0 0 0 0 7 6 7 5 7 4 3 3 3 2 0 0
"0a1837c9c286a10a" 23 1552 33214 38870 36722 13 553 38871 61 38872 13 34427 23161 11612 553 3970 9334 8380 61 13 38873 38874 113 4 13437 -1 -1 0 0 0 0 6 6 6 5 5 4 3 3 3 3 0 0
"f6041c4e8f58e178" 33 14128 95 1681 38875 61 13 229 38876 553 553 282 1378 704 698 1434 1435 13 95 14941 553 553 357 38877 150 36 7831 13 150 36 4284 3635 82 4 13438 -1 -1 0 0 0 0 6 6 5 7 4 3 3 3 4 3 0 0
"0203d09cb78831f9" 33 457 517 61 3057 3058 13 30999 61 553 553 41 134 28 3993 6849 95 61 38878 38879 110 13 553 553 9655 1737 1121 13 357 38880 38881 20 38882 4 13439 -1 -1 0 0 0 0 5 5 5 5 6 4 3 3 3 3 0 0
"9c885e913fc7e165" 36 3358 13480 12802 13 150 38883 13 21461 24573 13 150 553 4023 4024 4025 13 22816 12156 38884 553 553 8131 5243 171 8323 13 38885 38886 38887 13 38888 38889 13 25 8997 4 13440 -1 -1 0 0 0 0 7 6 7 6 6 5 3 3 3 3 0 0
"c5b939977d8b468a" 30 95 61 171 7216 13 95 355 6727 1588 13 553 326 23 521 3186 13 102 606 38890 553 553 524 10608 10609 13 9074 10610 38891 38892 4 13441 -1 -1 0 0 0 0 8 8 7 7 7 4 3 3 4 3 0 0
"da52b452942bddd7" 31 38893 38894 13 357 5174 21300 13 553 87 1047 9633 9634 13 35 102 150 36 2269 4 553 553 2369 7738 15604 13 28 38895 25347 1549 4361 4 13442 -1 -1 0 0 0 0 6 6 6 7 5 3 3 3 3 4 0 0
"dcad8148580a3b73" 25 87 13 35 457 1047 1303 38896 38897 171 9051 13 553 357 66 2651 53 2204 13 35 1747 38898 388 3267 11637 4 13443 -1 -1 0 0 0 0 0 0 0 0 0 0 0 0 0 0 0 0
"5bb4b33d21c8782d" 17 3993 384 150 9614 13 113 38899 113 13 553 150 6416 13 3302 38900 125 4 13444 -1 -1 0 0 0 0 8 8 8 6 7 8 3 3 3 4 0 0
"1d537cd776075f4a" 16 191 4712 4713 297 920 2052 13 553 858 628 102 357 1873 93 358 4 13445 -1 -1 0 0 0 0 8 8 9 7 7 8 2 2 2 4 0 0
"b018539217b36dce" 19 481 482 483 1109 2760 305 13 553 12164 2278 38901 13 548 6749 3456 13 1079 608 4 13446 -1 -1 0 0 0 0 7 7 9 6 6 7 3 3 2 3 0 0
"7dde7209a9d1f7c0" 14 1376 8364 9548 38902 8365 13 553 2 3669 26917 20 8905 1078 4 13447 -1 -1 0 0 0 0 8 8 9 8 7 8 5 2 3 3 0 0
"bb8dae0fcb2ab07d" 12 3886 3887 38903 13 553 949 4828 330 4268 3275 578 4 13448 -1 -1 0 0 0 0 6 7 7 9 7 6 2 4 2 4 0 0
"cb43e03a58493a17" 16 297 748 6475 2271 13 553 5085 61 5086 13 1664 4715 2902 10700 744 4 13449 -1 -1 0 0 0 0 8 8 8 8 7 8 2 8 3 5 0 0
"492a4af30395fb6e" 14 13280 3872 357 412 13281 10273 13 553 11999 12000 12001 1029 17179 4 13450 -1 -1 0 0 0 0 7 7 7 5 6 6 2 5 2 4 0 0
"7528996b107a93c0" 21 191 23 545 1029 326 636 38904 13 553 150 171 5537 787 13 655 656 150 657 415 658 4 13451 -1 -1 0 0 0 0 7 6 7 6 6 7 3 2 7 6 0 0
"a6a37a106f11b1f2" 20 35 14965 330 171 14966 13 553 3358 13480 63 18146 13481 13 553 547 742 4667 1093 297 4 13452 -1 -1 0 0 0 0 6 6 6 6 5 7 2 2 5 5 0 0
"0290f857d67b6db2" 19 556 373 15267 7070 15204 2 38905 13 553 66 23 13551 357 10259 61 1313 125 38906 4 13453 -1 -1 0 0 0 0 8 8 7 7 6 7 2 4 3 7 0 0
"6343539b8b1bb364" 19 8131 5243 20 95 8323 38907 13 553 11601 7949 13 1109 7657 3253 9063 6188 936 396 4 13454 -1 -1 0 0 0 0 8 8 8 7 6 7 2 6 6 5 0 0
"e785a4b1dfe423be" 20 440 125 2200 2070 38908 13 553 1071 27892 327 38909 13 553 3970 9334 8380 61 20 38910 4 13455 -1 -1 0 0 0 0 8 8 9 7 6 6 3 4 4 6 0 0
"2fc8f89308e53e76" 29 41 4505 61 9105 297 3098 5933 535 13 553 15360 373 1315 286 357 373 417 744 14994 13 553 373 607 15260 38911 15261 2 38912 4 13456 -1 -1 0 0 0 0 7 6 8 7 6 7 4 2 3 4 0 0
"e5b2fab3c8fe0958" 22 1747 13550 388 10147 3267 13 553 5085 61 5086 2 4267 6864 38913 13 553 6188 936 5399 24745 38914 4 13457 -1 -1 0 0 0 0 8 8 8 7 6 7 2 6 6 5 0 0
"79b6b6b09bc4235b" 24 2 1007 481 38915 2696 13 553 23 326 1032 7215 171 7216 394 13 553 3993 384 150 95 38916 30325 38917 4 13458 -1 -1 0 0 0 0 6 7 6 6 5 5 2 2 5 5 0 0
"1d1f91638dd52c44" 14 11999 12000 13 2846 12001 13 553 481 482 483 113 38918 484 4 13459 -1 -1 0 0 0 0 7 6 8 5 6 2 2 3 3 5 0 0
"4d9759310af2c506" 14 282 1378 704 698 1434 1435 13 553 2369 7738 1433 13 38919 4 13460 -1 -1 0 0 0 0 4 3 3 7 5 8 2 6 2 8 0 0
"e11dc7d7a8e70341" 17 530 949 1795 3275 578 13 553 524 10608 10609 9074 10610 61 113 412 6604 4 13461 -1 -1 0 0 0 0 5 2 7 3 4 5 4 3 5 6 0 0
"8b0238495d819ac9" 21 66 2651 53 2204 13 1580 102 2441 13 553 2 87 14731 1511 13 191 8904 8905 4899 355 4 13462 -1 -1 0 0 0 0 3 4 3 4 6 2 3 2 4 3 0 0
"6c81992c1247cc8f" 18 297 6475 8594 13 102 4183 1718 553 9633 9634 13 1016 656 150 657 415 658 4 13463 -1 -1 0 0 0 0 6 3 4 5 4 3 2 3 5 4 0 0
"9b90a6d5fba6d3d7" 19 1034 3949 4812 13 5039 5039 95 102 61 13 553 1321 3279 13 4715 38920 38921 38922 4 13464 -1 -1 0 0 0 0 9 7 8 7 7 6 5 2 5 4 0 0
"19280b343c132b23" 21 357 66 574 13 38923 1930 13 150 36 10933 13 553 4932 7354 13 4326 921 22776 1192 38924 4 13465 -1 -1 0 0 0 0 4 2 3 4 3 8 3 3 4 2 0 0
"31f8b07f36980837" 20 6073 13 1010 16 55 38925 13 29358 38926 827 13 553 38927 38928 38929 13244 13 38930 845 4 13466 -1 -1 0 0 0 0 5 6 3 5 6 9 6 7 5 6 0 0
"3504a27e147e1f70" 35 16586 13 4107 4757 263 102 21889 13117 553 966 38931 347 1667 13 357 388 1749 38932 38499 13 553 357 598 47 341 13 8451 38933 55 10109 1622 150 36 7521 4 13467 -1 -1 0 0 0 0 2 3 3 4 3 6 2 8 2 5 0 0
"e6289f47e568a895" 26 1762 421 13 7677 7521 566 13 38934 38935 18745 13 553 41 1376 93 1890 8874 13 38936 87 3006 61 113 38937 963 4 13468 -1 -1 0 0 0 0 2 4 4 6 4 4 2 6 3 7 0 0
"82c660347eea68ee" 19 20 2711 1160 3816 13 1917 1775 384 38938 553 16282 15513 13 2 1002 4421 1577 38939 4 13469 -1 -1 0 0 0 0 7 5 7 6 5 6 2 6 2 4 0 0
"dff9ce50b2b52883" 28 150 1510 2773 6962 13 347 2135 1667 1890 18011 13 553 1622 4715 16 55 13963 4214 13 357 3736 4334 15555 15556 171 2705 38940 4 13470 -1 -1 0 0 0 0 4 3 3 3 6 3 2 4 4 2 0 0
"185b721beaa4d8fa" 24 6463 942 13 1131 1841 13 4115 13 1207 330 2868 13 553 5530 4715 2001 1047 697 13 150 3186 362 38941 4 13471 -1 -1 0 0 0 0 5 3 3 5 6 3 2 3 2 2 0 0
"ab89b49f2ecb8d13" 28 19588 18202 2733 9210 13 2884 134 18939 13 25 8025 38942 38943 1774 553 297 1559 576 1319 13 35 1376 2137 13 93 25 18180 4 13472 -1 -1 0 0 0 0 6 7 6 6 5 5 2 6 5 4 0 0
"c9535a13db1aa071" 26 25 66 117 13 35 7738 18 20 1983 13 2 150 1510 2773 6962 553 38944 361 8940 13 41 361 8189 113 38945 4 13473 -1 -1 0 0 0 0 3 2 4 4 6 3 2 2 3 2 0 0
"39912f82d2ca9c50" 13 35 14414 772 521 38946 13 553 7959 7960 1406 113 4501 4 13474 -1 -1 0 0 0 0 5 4 5 5 6 6 2 2 2 2 0 0
"52f2ef4625c1f420" 25 38947 2 38948 9723 38949 13 553 38950 736 1580 1110 412 19601 19187 26979 13 553 38951 1580 66 414 4869 1247 4870 110 13475 -1 -1 0 0 0 0 7 6 6 6 6 4 3 2 2 2 0 0
"6552d590a969677d" 21 35 1297 1013 2506 367 26524 13 553 2506 113 34667 4661 2573 2 1869 1580 34 26 308 913 4 13476 -1 -1 0 0 0 0 9 8 8 7 7 6 4 2 2 2 0 0
"6d24ea3716a0a0a4" 27 31125 228 229 20 25660 38952 13 553 7767 10082 3189 2 25660 414 38953 13 553 1549 87 150 3456 13 548 1568 330 3456 4 13477 -1 -1 0 0 0 0 8 9 10 8 6 5 2 2 2 2 0 0
"b358a9205fb052a3" 38 66 23 3327 22710 2 574 1314 386 13 553 38954 26753 2 38955 411 38956 4 38957 20 21770 4589 13 38958 38959 10187 553 1549 16586 61 3880 13 150 38960 1762 29104 457 38961 4 13478 -1 -1 0 0 0 0 6 7 6 5 5 6 7 7 7 8 0 0
"bc944e652c77609b" 19 34 7584 1580 66 15539 3497 8985 13 553 357 347 1379 330 2439 13 499 1379 993 4 13479 -1 -1 0 0 0 0 8 8 6 6 6 4 3 2 2 2 0 0
"be4b1a447a12aa6c" 32 521 61 87 2898 482 38962 38963 13 553 38964 38965 357 5231 4576 13 553 150 1568 3923 1032 3654 38966 13 553 9648 1420 23725 9045 3792 1196 5870 4 13480 -1 -1 0 0 0 0 9 7 7 5 7 3 3 4 5 6 0 0
"716039065e8bf7da" 38 347 66 36 95 38 150 1817 704 4732 34930 5141 13 553 76 61 2411 2 735 3302 3838 5553 13 553 2 34 35 36 737 38967 297 66 347 737 2338 367 1997 10602 4 13481 -1 -1 0 0 0 0 7 6 7 6 6 4 3 3 5 5 0 0
"d811293a191b41ac" 30 16282 19682 13 534 35673 1577 13 553 357 150 95 4337 7493 191 7959 7960 1406 13 553 2 5866 4661 2573 38 5381 191 2346 1400 2331 4 13482 -1 -1 0 0 0 0 6 8 8 7 6 6 3 3 3 4 0 0
"0ca847cc1e6df41f" 34 2546 5866 17652 25699 4932 53 7354 25699 13 553 357 10220 7439 2 1725 1317 4 553 66 574 1314 386 14721 521 13 553 2 10796 1482 1071 38968 7044 16586 4 13483 -1 -1 0 0 0 0 0 0 0 0 0 0 0 0 0 0 0 0
"224de010dc89f424" 36 373 736 191 92 5581 1431 13 553 373 736 3253 16586 13 1580 12583 704 376 13 553 373 736 1765 1930 6441 6442 13 553 38 5381 1200 1200 2546 38969 38970 8864 4 13484 -1 -1 0 0 0 0 7 6 5 5 6 7 7 8 8 9 0 0
"901f84e27178de3e" 42 521 66 6459 2357 1737 2 10811 5694 13 553 357 34 35 14414 38971 38972 2 38973 13 553 357 66 574 297 1622 66 347 36 412 15713 13 553 1664 556 457 772 188 603 1342 4403 268 4 13485 -1 -1 0 0 0 0 6 6 6 5 5 3 3 4 5 6 0 0
"ff44890e39be4216" 30 521 6525 2209 7027 286 4576 553 5039 5039 32348 7380 2358 2 38974 17938 6864 38975 95 38 340 13 553 357 32116 17137 53 22460 38976 3488 4 13486 -1 -1 0 0 0 0 8 7 6 6 6 5 3 2 2 3 0 0
"fda4cdbf91f20b43" 36 34 38977 4828 14414 13 38978 679 38979 2 38980 1580 26 4748 13 553 2 34 26 53 4869 1247 4828 14414 13 553 3302 1131 3483 16456 2 34 17655 53 38981 38982 4 13487 -1 -1 0 0 0 0 7 7 7 6 6 5 4 3 3 3 0 0
"4a8c60f5fc349048" 34 14406 772 3768 723 1131 1841 13 553 359 8973 38 150 4667 330 38983 8416 13 553 2 87 927 353 6541 13 553 4661 2573 13 134 6828 2546 308 913 4 13488 -1 -1 0 0 0 0 9 8 7 7 6 5 3 2 3 4 0 0
"822ebc634bf86e0a" 26 16282 15513 13 95 61 171 454 13 553 482 347 2305 15721 13 113 5482 578 1930 13 1122 150 2440 18939 504 7963 4 13489 -1 -1 0 0 0 0 7 9 6 8 7 7 3 7 5 8 0 0
"4fc6dbe0f2e97780" 22 852 4334 15555 15556 13 191 38950 61 722 2611 13 553 7151 93 38984 2 95 860 386 722 38985 4 13490 -1 -1 0 0 0 0 6 7 8 8 7 6 5 6 4 6 0 0
"e91e0d1af4d7e6eb" 41 548 2248 3456 13 1071 1857 722 1912 13 553 357 1762 421 35 23 5981 113 282 38986 13 553 18 478 13 35 38987 25955 13 553 357 87 61 3497 19041 13 330 347 598 146 38988 4 13491 -1 -1 0 0 0 0 7 8 6 8 7 7 4 6 6 9 0 0
"0139f007185901f8" 44 6073 13 3848 13 35 125 188 38989 3488 13 553 4661 2573 13 347 441 18371 4400 920 13 553 150 3923 193 2441 13 87 150 146 1108 171 729 13 553 30218 2852 1131 779 13 38 150 3905 38990 4 13492 -1 -1 0 0 0 0 9 9 8 7 7 9 3 2 5 7 0 0
"5c291615bc8680e5" 48 20 2711 1160 3816 13 37463 3248 282 20 11634 13 553 41 1376 417 1890 8874 13 87 150 36 330 2135 13296 13 553 18 7042 13 35 373 17912 150 151 38991 13 553 357 8864 53 38992 13 548 3364 151 38993 38994 4 13493 -1 -1 0 0 0 0 6 8 9 8 6 7 5 4 8 7 0 0
"5c4ae7fa90201017" 48 347 7093 7094 13 357 681 13243 13244 13 553 3327 61 4645 2 5353 13 38995 2805 38996 7357 7479 13 553 7677 10933 13 41 1220 338 38997 7455 13 553 1250 7171 330 3278 13 35 5474 150 193 24448 504 13958 13 26086 4 13494 -1 -1 0 0 0 0 6 8 8 7 7 6 4 9 5 7 0 0
"f5ad03acc19c6502" 39 113 3838 5553 13 347 1868 7412 38998 13 553 6583 600 6585 4214 2852 14808 38999 13 553 6911 39000 13 3949 4812 13 102 47 150 362 967 13 553 347 330 1832 990 721 6416 4 13495 -1 -1 0 0 0 0 8 7 9 6 7 7 4 3 6 8 0 0
"5d5f96b655121177" 37 6463 942 13 357 1651 736 13 553 7550 21827 13 150 304 330 17852 1863 13 553 6521 1420 39001 13 330 347 39002 13 553 39003 3037 170 13 39004 1550 1641 3993 11977 4 13496 -1 -1 0 0 0 0 7 8 8 8 6 7 7 4 7 9 0 0
"c10bc904d22654d0" 45 61 308 913 13 499 39005 7428 305 13 553 35 39006 330 1655 171 39007 13 1374 1750 39008 13 553 1054 588 13 357 7389 14587 39009 13 553 150 1507 1071 7738 2803 13 18 20 1983 191 10811 23735 1718 4 13497 -1 -1 0 0 0 0 8 7 7 7 7 6 5 2 7 8 0 0
"a37774e3553909c0" 45 25 66 117 13 1988 297 13 282 39010 21187 13 553 39011 13 150 1022 39012 474 39013 13 28 39014 13 553 2 61 2056 567 373 17912 13 14295 13 553 20199 347 1379 698 13 5385 39015 39016 39017 39018 4 13498 -1 -1 0 0 0 0 8 8 6 7 7 7 4 4 6 7 0 0
"fdd57d9e3e0d8f64" 37 10079 228 3222 13 10080 10081 10082 3189 13 553 330 3753 13 499 6083 39019 12718 13 553 39020 2056 61 39021 1129 13 553 5039 5039 13 2767 125 11629 860 39022 2 39023 4 13499 -1 -1 0 0 0 0 9 9 8 7 7 6 4 4 5 6 0 0
"2a1a6ca8a106938d" 53 297 1559 576 1319 13 35 414 588 31240 13 553 150 1510 2773 515 13 357 39024 5399 6564 13 553 347 2627 283 1997 13 588 171 704 21827 722 20760 39025 55 39026 13 553 39027 6987 2356 347 39028 39029 13 39030 39031 39032 2 7906 39033 39034 4 13500 -1 -1 0 0 0 0 6 7 7 8 6 6 6 5 6 8 0 0
"26ba0b448a0688e5" 40 548 1568 330 3456 13 150 95 1342 171 13 553 1013 4932 7354 417 13 520 61 39035 22494 13 553 150 2062 305 39036 38543 152 13 553 12266 39037 425 4110 2 37463 388 11634 39038 4 13501 -1 -1 0 0 0 0 6 9 7 8 7 5 3 2 7 5 0 0
"6a3d425972466d40" 40 6666 9209 9210 13 1071 357 61 3251 3763 13 553 66 574 1314 386 1315 1317 13 2652 413 13 553 1131 1841 13 23342 727 2 532 13 553 10800 39039 8804 588 3993 13730 13 297 4 13502 -1 -1 0 0 0 0 7 7 8 7 7 6 3 7 5 6 0 0
"421c251769388ffc" 46 2 1406 7959 7960 13 586 13 35 1043 26598 39040 13 553 357 113 3838 5553 347 796 362 13 553 150 1510 2773 515 13 499 2852 3120 13 553 1488 5140 860 61 53 22975 39041 13 330 347 12725 863 39042 4 13503 -1 -1 0 0 0 0 0 0 0 0 0 0 0 0 0 0 0 0
"ad70f70d17815a7e" 17 95 61 297 12462 2 1609 13 553 188 39043 352 15337 191 32618 6240 13347 4 13504 -1 -1 0 0 0 0 7 6 9 7 7 6 5 2 4 2 0 0
"a5fbf669cf120ef5" 17 6583 600 1765 1605 13 553 3923 150 27099 13 357 7638 367 39044 457 113 4 13505 -1 -1 0 0 0 0 6 7 6 7 7 4 2 2 9 5 0 0
"c00c6fc414280903" 14 6897 3104 2 39045 13 553 19682 16282 229 13 66 347 35472 4 13506 -1 -1 0 0 0 0 8 7 7 5 6 9 8 6 4 3 0 0
"422dd1e1b1115b1c" 18 171 28336 457 61 2803 553 113 7027 4576 18 191 347 1599 1071 39046 373 39047 4 13507 -1 -1 0 0 0 0 5 6 4 8 7 2 4 5 7 5 0 0
"98b9e8a95192d7b6" 25 95 61 87 454 482 39048 113 590 553 347 15721 113 600 39049 13 308 297 20 39050 1420 2295 39051 693 4559 4 13508 -1 -1 0 0 0 0 8 7 7 7 7 5 8 3 5 4 0 0
"9ca158cd2f018e53" 18 4932 7354 13 20 931 61 860 13 553 11963 39052 2 17845 188 39053 13 6073 4 13509 -1 -1 0 0 0 0 7 6 3 8 6 3 3 3 8 6 0 0
"7a2473c894beaf9f" 14 1192 6644 39054 39055 13 553 15347 87 9393 13 1990 66 793 4 13510 -1 -1 0 0 0 0 7 6 6 6 6 2 4 6 3 4 0 0
"e0e0e1122fcc4938" 23 3736 13 3736 13 1109 1110 39056 553 357 1568 150 3592 13 2905 5399 2735 297 20 353 7557 353 39053 4 13511 -1 -1 0 0 0 0 9 9 9 6 6 5 5 5 6 6 0 0
"6d3ebad27183de19" 19 1385 374 357 4715 30949 17547 553 150 36 19899 146 8606 9664 13 171 29787 93 2261 4 13512 -1 -1 0 0 0 0 5 5 7 6 6 4 4 5 5 7 0 0
"79fa9c3416f5d11f" 21 5352 576 2 32763 25 66 372 553 66 134 793 25 39057 515 39058 26 13 66 14249 326 4 13513 -1 -1 0 0 0 0 7 8 6 6 6 3 4 5 6 6 0 0
"f2c974ae8c234942" 18 66 4352 721 13 1990 66 793 553 37514 39059 15519 13 357 1109 562 2652 22185 4 13514 -1 -1 0 0 0 0 7 7 6 6 6 3 4 6 5 8 0 0
"82b9a968fe730358" 19 3736 1109 3323 6777 19880 13 1109 1110 39056 553 5352 576 13 2 14566 655 1829 305 4 13515 -1 -1 0 0 0 0 9 9 9 6 6 5 5 5 6 6 0 0
"3f52ad51a0692288" 18 66 4352 721 13 1990 66 793 553 1385 374 357 1109 150 39060 621 520 1558 4 13516 -1 -1 0 0 0 0 8 7 6 6 7 4 4 5 5 6 0 0
"0f014c2b392bfaba" 23 53 171 29787 39061 13 1549 2652 66 574 553 8605 609 150 457 10266 355 19899 13 39062 417 113 39063 4 13517 -1 -1 0 0 0 0 7 6 7 6 6 4 5 6 4 7 0 0
"66c1ee2110562d39" 16 520 11 13 1109 3611 113 553 16105 494 13 1109 39064 39065 31157 576 4 13518 -1 -1 0 0 0 0 7 7 6 6 6 3 4 5 6 6 0 0
"5d1ce6a37085511e" 19 39066 8734 1113 15604 13 16105 494 13 553 1109 1110 15517 15518 15519 13 1385 374 1349 4 13519 -1 -1 0 0 0 0 5 6 8 7 6 5 2 3 3 1 0 0
"ddc783fc83ff32c7" 15 3152 13 5316 39067 5771 13 553 19336 1552 39068 8131 2 39069 39070 4 13520 -1 -1 0 0 0 0 2 3 6 7 5 4 3 3 2 3 0 0
"1be7cb438dfa0f9b" 20 12932 1389 2 5894 8724 13 3736 3736 13 553 520 11 13 357 134 793 34 26 2628 4 13521 -1 -1 0 0 0 0 7 5 7 7 6 6 5 4 4 3 0 0
"d5e370fdea6ce468" 26 3152 357 588 14429 13 5973 537 1342 23949 13 553 2 28 588 16251 13 1109 3762 1604 576 357 9830 796 61 25407 4 13522 -1 -1 0 0 0 0 3 5 5 7 6 6 2 4 3 4 0 0
"52f3162cfcb44efd" 36 357 150 417 1510 151 39071 39072 13 184 410 66 13 553 14389 12700 13 351 18236 1250 146 1043 4093 4 530 532 4 357 3736 3736 13 102 95 18011 719 5669 4 13523 -1 -1 0 0 0 0 2 5 5 6 5 5 3 4 3 4 0 0
"c5a39a1ffc3f5587" 24 520 11 20 95 39073 162 504 39074 13 553 357 134 793 13 347 14360 13 95 61 530 1131 12700 14088 4 13524 -1 -1 0 0 0 0 6 6 7 6 5 6 4 3 4 4 0 0
"1f1d6e73b6070deb" 20 17763 26586 13 1774 517 1385 374 13 553 15517 15518 15519 13 357 5456 61 39075 39076 33746 4 13525 -1 -1 0 0 0 0 4 3 6 7 5 5 4 4 4 5 0 0
"4b075a70e4ccd58d" 50 29687 1179 2369 39077 13 57 530 18 3531 23973 13 553 1109 3762 1604 576 13 351 12158 357 16105 494 1109 1589 113 11662 22686 4 553 2 25 986 3307 2096 1250 39078 87 1047 39079 13 3152 1179 61 12757 3302 1488 1109 1110 31704 4 13526 -1 -1 0 0 0 0 2 5 6 7 6 4 4 4 4 6 0 0
"9b75ded2a20c27df" 53 39080 39081 13 95 61 1342 4792 39082 13 553 20 8605 609 150 457 146 8606 8607 8608 13 357 39083 1693 125 17867 13 520 11 4 553 357 19603 10536 326 13 19175 1250 39084 13 184 410 66 13 297 39085 609 359 113 19192 451 23 7481 4 13527 -1 -1 0 0 0 0 7 6 8 6 5 6 5 4 4 5 0 0
"7b6c3ce7898f58ab" 30 932 777 305 34814 13 357 3736 3736 13 553 5316 5771 3879 9209 4815 13 1385 374 4 553 39086 39087 39088 520 8331 39089 2387 39090 367 4 13528 -1 -1 0 0 0 0 3 3 5 6 5 5 3 4 3 6 0 0
"ff11ad57254d0019" 50 2107 12270 37625 13 39091 13 39092 13 7176 13 553 357 744 66 19319 93 170 41 39093 13 357 3152 66 23 698 347 3873 13 553 26 35890 39094 13 357 282 36510 4 184 410 66 4 1250 39095 93 2835 9615 13 16105 494 4 13529 -1 -1 0 0 0 0 3 4 5 6 5 6 3 5 3 6 0 0
"d5b486443cd96d79" 44 39096 55 39097 31722 11946 188 39098 13 553 282 1109 13570 16371 39099 39100 55 9336 39101 2902 13 39102 39103 1385 374 13 553 25 134 39104 13 520 11 13 1109 39105 16496 39106 188 39107 55 15517 15518 15519 4 13530 -1 -1 0 0 0 0 8 6 7 6 5 4 4 5 4 5 0 0
"33144fee47ccda7b" 44 744 66 44 39108 721 39109 224 12158 3037 13 2446 39110 1088 588 10484 13 553 1109 39111 1604 576 13 357 20 8605 609 150 457 146 8606 8607 39112 18451 39113 55 39114 39115 39116 1029 39117 13 16105 494 4 13531 -1 -1 0 0 0 0 3 3 5 6 5 5 4 4 3 5 0 0
"652a2aa5080f78f0" 54 643 39118 2 39119 66 5574 13 530 532 13 553 1071 66 23 545 39120 19879 13 357 457 191 2056 7020 55 39121 13 357 134 793 13 39122 102 1664 61 13 20 858 1869 39123 3838 39124 25 66 1857 4 3152 357 39125 39126 4 55 39127 68 16496 13532 -1 -1 0 0 0 0 4 3 6 6 5 6 3 3 3 5 0 0
"767a6f2ffa149d95" 65 41 1793 39128 721 6089 150 29616 14407 39129 55 9948 36 13 295 6990 39130 13 39131 20 4 184 410 66 13 553 20 8605 609 150 457 146 8606 8607 8608 4 474 1109 13 39132 13 76 150 676 1011 13 66 3526 1338 530 721 39133 39134 150 20800 8175 39135 13 520 11 13 114 18906 4 55 39127 13533 -1 -1 0 0 0 0 3 5 5 7 6 4 4 5 3 6 0 0
"1004ca3e456ef105" 21 20 3736 3736 1480 193 8284 13 553 16105 494 13 3007 12576 8245 39136 313 3302 13 39137 22643 4 13534 -1 -1 0 0 0 0 5 4 6 4 5 5 4 3 5 4 0 0
"f7466e9e619a335d" 21 1385 374 13 66 353 490 3503 13 553 134 793 13 35 1628 102 1571 13 3762 1604 576 4 13535 -1 -1 0 0 0 0 9 8 7 7 8 5 7 5 7 8 0 0
"847cfd6854068ef8" 14 530 532 39138 39139 13 553 12780 15518 15519 13 3152 2 39140 4 13536 -1 -1 0 0 0 0 6 5 6 4 6 4 3 6 4 9 0 0
"a9d0b33e7cfaa1a9" 14 66 23 5316 5771 13 553 16105 494 13 6599 39141 8131 3398 4 13537 -1 -1 0 0 0 0 8 8 9 6 7 7 4 3 5 2 0 0
"aec1a858608915ca" 24 341 515 342 13 26 20168 39142 9398 13 553 357 184 410 66 13 3152 23 13 2 417 347 17870 3480 4 13538 -1 -1 0 0 0 0 3 2 4 2 3 4 4 3 5 6 0 0
"36398911dfb3bdfa" 34 520 11 13 20 162 484 3832 845 13 553 20 8605 609 150 457 146 8606 8607 8608 13 553 357 134 793 13 35 457 286 1680 2 39143 13918 7963 4 13539 -1 -1 0 0 0 0 7 6 7 5 6 4 3 5 6 6 0 0
"f2e6e09764476381" 13 15517 15518 15519 13 553 520 11 20 150 39144 10848 6510 110 13540 -1 -1 0 0 0 0 4 3 4 3 4 3 2 5 3 7 0 0
"b34e02ce20a143ec" 25 3736 3736 13 162 125 326 13 553 184 410 66 529 116 845 13 553 530 532 13 835 18554 20 457 5852 4 13541 -1 -1 0 0 0 0 6 6 6 5 5 4 3 2 2 3 0 0
"4be209afa956a856" 22 66 23 5316 5771 13 553 1385 374 171 15975 8131 13 553 15517 15518 15519 13 17805 1315 8969 39145 4 13542 -1 -1 0 0 0 0 8 8 9 7 7 5 5 4 5 7 0 0
"3fa5619a575f291e" 21 20 8605 609 150 457 146 8606 8607 8608 13 553 3736 3736 13 3736 151 87 3840 515 7995 110 13543 -1 -1 0 0 0 0 7 6 7 5 6 4 3 4 5 5 0 0
"7b681c9699ebc4b0" 24 357 134 793 13 687 347 151 1604 601 388 13 553 16105 494 13 66 39146 23 2 590 347 5581 1550 4 13544 -1 -1 0 0 0 0 9 9 8 7 8 5 7 4 7 8 0 0
"3d88e771e3e9f180" 27 520 11 13 1109 1110 113 15405 78 13 553 1385 374 13 357 150 5879 39147 13 553 184 410 66 13 529 9058 17763 4 13545 -1 -1 0 0 0 0 6 6 5 5 6 4 4 4 4 4 0 0
"058c0fb3bacbf563" 30 15517 15518 15519 13 39148 82 39149 9145 30034 13 553 20 8605 609 150 457 146 8606 8607 8608 13 553 3762 1604 576 2 699 39150 675 4 13546 -1 -1 0 0 0 0 7 7 8 7 7 4 4 4 6 6 0 0
"a845fabe51384952" 31 530 532 13 521 102 13202 13 553 3736 3736 13 8812 150 388 24707 31728 110 553 16105 494 13 357 20 1182 11662 351 2 12298 39151 1032 4 13547 -1 -1 0 0 0 0 5 4 5 3 5 4 2 3 5 6 0 0