"74a6fa24e9f3b061" 21 347 1760 1761 13 1071 38007 2999 38008 13 553 721 82 2245 38009 35 66 12676 367 3302 38010 4 13095 -1 -1 0 0 0 0 7 7 6 8 6 6 3 4 7 6 0 0
"d71782f58b870e60" 22 20 767 5525 13 347 1667 25 34 976 13 553 357 95 12484 25682 38011 13 5141 3248 6543 356 4 13096 -1 -1 0 0 0 0 7 6 7 6 6 7 5 2 4 3 0 0
"b7cc70b7c78181ed" 22 14566 2840 2855 13 1109 38012 11006 13 553 34 35 957 1749 61 308 1303 13 1589 1589 698 38013 4 13097 -1 -1 0 0 0 0 8 5 6 8 7 7 3 6 5 8 0 0
"d9c58c5e960ec7cd" 21 2455 12041 2485 13 150 330 5316 26002 13 553 25624 1173 21643 18 13 2 13671 37456 953 3180 4 13098 -1 -1 0 0 0 0 7 6 7 6 5 7 4 2 6 4 0 0
"ac26ccf75889281f" 18 36834 3132 13 33137 38014 2696 13 553 34 38015 113 38016 13 2 38017 687 38018 4 13099 -1 -1 0 0 0 0 6 6 6 5 4 5 6 4 3 2 0 0
"910238b6f433c079" 24 125 87 61 5197 13 2369 188 9048 55 21946 13 553 38019 34 29153 13 282 6371 165 12767 13 4539 18869 4 13100 -1 -1 0 0 0 0 5 7 5 5 5 4 1 6 4 3 0 0
"192e089f2a509e0a" 25 1509 13111 2683 13 1303 855 8221 8222 13 553 134 61 731 1852 1374 150 1795 4732 13 2 2605 10221 38020 7894 4 13101 -1 -1 0 0 0 0 7 7 7 6 7 6 5 3 5 4 0 0
"c2f1360de32e50d8" 26 297 93 286 13097 13 1109 2963 18259 95 8382 13 553 574 35 6927 889 61 457 5765 13 87 7943 353 308 10481 4 13102 -1 -1 0 0 0 0 8 6 6 5 5 6 4 7 4 7 0 0
"5b3283850a2c1ae7" 26 2 1750 30739 20 2703 2176 18 13 2703 27357 38021 13 553 174 3963 1047 11692 24707 38022 13 1306 2564 609 14977 7924 4 13103 -1 -1 0 0 0 0 8 6 7 6 6 6 4 7 5 6 0 0
"076806ae6c25eae0" 23 1194 87 4337 1250 3970 15475 13 2056 150 545 146 23276 7820 13 553 11636 5561 1034 38023 1522 1756 15495 4 13104 -1 -1 0 0 0 0 6 7 6 5 6 5 2 5 3 5 0 0
"1d7557b22879ef4e" 30 6444 1033 13 66 24693 35 34 2304 417 3125 1187 13 553 23 457 349 1878 38024 2 134 347 286 628 13 598 504 87 858 6057 4 13105 -1 -1 0 0 0 0 6 7 7 6 6 4 5 5 5 5 0 0
"dc027fdefad052b8" 26 34 2609 26052 12023 2 188 38025 61 38026 13 553 2 5141 1033 704 305 25746 1889 13 38027 38028 116 38029 2 7389 4 13106 -1 -1 0 0 0 0 8 7 7 6 6 5 6 3 5 8 0 0
"a202ce651570f0a1" 23 5393 744 2476 305 5394 2835 5395 13 553 113 2731 38030 2637 38031 13 2 41 3640 1374 102 1179 3641 4 13107 -1 -1 0 0 0 0 6 7 7 6 6 5 6 4 5 4 0 0
"ec3af9acaed1703d" 29 13082 95 9721 718 13 2 24664 87 2 373 520 18749 3531 13 553 134 188 132 10611 38032 13 8455 520 2316 13 165 17441 38033 4 13108 -1 -1 0 0 0 0 7 7 6 6 5 5 4 6 6 5 0 0
"5ead1ea6d767c9f1" 27 150 373 4160 331 136 23084 13 2245 1109 31156 621 728 13 553 1220 3081 1109 1775 6876 359 9349 13 134 373 5203 22193 4 13109 -1 -1 0 0 0 0 8 6 7 7 6 5 4 5 6 6 0 0
"04dc2071a13cc5a2" 14 1761 347 463 38034 13 553 5580 1339 61 1069 1016 37418 8455 4 13110 -1 -1 0 0 0 0 3 1 1 2 4 2 3 2 5 2 0 0
"cc437b72d4458f48" 25 35 4337 330 1953 13 188 704 1113 13 553 7033 858 1015 349 2715 13 553 1319 3244 2 8834 93 38035 38036 4 13111 -1 -1 0 0 0 0 7 5 6 4 4 7 4 3 3 3 0 0
"3bdb315db9bdf9b7" 12 8818 188 8131 8819 13 553 17977 38037 2 38038 6686 4 13112 -1 -1 0 0 0 0 6 7 5 4 5 6 7 3 5 4 0 0
"a76b7fbfb5d21b09" 16 34 564 11663 38039 13 150 13411 13 553 41 134 737 38040 2340 38041 4 13113 -1 -1 0 0 0 0 4 2 3 2 3 4 2 2 3 2 0 0
"f08da78aa89a2f56" 19 35 957 17853 6052 38042 13 553 13082 9721 718 13 2 5580 6490 38043 174 188 6491 4 13114 -1 -1 0 0 0 0 5 6 5 4 3 6 2 3 4 4 0 0
"0fb1939144d98f27" 18 38044 2854 38045 373 736 2336 1114 13 553 2546 2609 16350 2 727 38046 373 17912 4 13115 -1 -1 0 0 0 0 9 8 7 9 5 3 4 7 2 7 0 0
"8b5b644c259341a4" 16 1013 2760 10491 396 1580 18503 1043 38047 13 553 35 957 6481 38048 18291 4 13116 -1 -1 0 0 0 0 6 5 7 4 6 5 4 6 3 6 0 0
"35f741e7300e0582" 16 2 1750 331 4970 457 452 7013 13 553 20 3640 297 102 3641 38049 4 13117 -1 -1 0 0 0 0 7 6 8 6 5 4 3 6 3 8 0 0
"a3e34b625809afef" 32 8818 188 8131 7428 13 553 347 1760 1761 349 38050 13 553 796 4160 4161 357 1351 13 553 357 134 38051 5881 13 330 150 504 38052 2941 38053 4 13118 -1 -1 0 0 0 0 8 9 7 5 6 6 6 4 6 5 0 0
"78db0a088c35ea21" 21 191 767 13 125 1173 1605 2358 27651 13 553 95 8555 8556 2094 13 15192 150 463 38054 24808 4 13119 -1 -1 0 0 0 0 9 8 8 7 7 6 4 4 3 6 0 0
"e894481ab840d5f0" 13 8229 13105 38055 2696 13 553 1306 2564 609 6891 38056 547 4 13120 -1 -1 0 0 0 0 6 4 4 3 4 4 4 3 4 3 0 0
"427163900f5211e9" 17 520 21101 13 1915 1250 15475 13 553 1306 2564 609 6891 38056 125 547 752 4 13121 -1 -1 0 0 0 0 5 4 5 4 4 3 3 5 4 5 0 0
"bf21b6e2a67e1e43" 15 1621 15352 188 704 1315 174 38057 13 553 38058 9960 2 8336 33882 4 13122 -1 -1 0 0 0 0 7 6 5 6 4 4 3 4 6 7 0 0
"78495f728faa2683" 23 5141 5399 13 396 4589 13 553 2637 20 23 1125 1126 13 553 4638 547 1487 21101 13 1915 1250 15475 4 13123 -1 -1 0 0 0 0 7 6 8 6 4 4 3 4 4 6 0 0
"bfb9407a977a19d1" 26 7033 858 1015 515 2715 13 553 2 2605 1232 482 66 347 13 553 357 134 38059 61 38060 13 2891 38061 2531 32223 4 13124 -1 -1 0 0 0 0 8 7 6 7 5 4 3 4 4 5 0 0
"ff373d86fee10dbe" 18 13082 9721 718 13 150 2062 330 4232 13 553 5141 1033 396 13 1109 1110 23672 4 13125 -1 -1 0 0 0 0 6 6 6 8 7 5 3 3 4 4 0 0
"7063607cfd1af1a5" 20 1762 3314 357 347 2626 362 13 553 1303 855 8221 8222 13 125 95 1489 941 357 5399 4 13126 -1 -1 0 0 0 0 6 7 8 6 7 6 4 4 4 4 0 0
"1657de3a517636fd" 27 171 5393 744 2476 35 19901 704 6777 38062 1129 13 553 687 20 395 3640 297 1109 102 1485 10326 284 10275 636 38063 1740 4 13127 -1 -1 0 0 0 0 5 7 6 9 8 7 2 4 6 8 0 0
"ed107ec17f3b7b1c" 23 125 37909 3497 13 357 25 87 1507 13 553 282 6062 1795 12767 326 13 357 2446 61 38064 2 38065 4 13128 -1 -1 0 0 0 0 7 8 7 8 6 6 2 2 3 3 0 0
"bd4c84633da5c702" 21 297 87 286 13097 13 95 61 171 1342 13 553 5316 5771 13 2455 543 3833 2 5399 1854 4 13129 -1 -1 0 0 0 0 8 7 8 8 7 8 2 3 4 2 0 0
"f1b78be3f1a099ee" 21 171 1342 20 5765 13 457 2070 26955 13 553 357 347 1760 1761 13 5141 38066 13 2849 38067 4 13130 -1 -1 0 0 0 0 6 7 6 8 7 4 2 3 6 6 0 0
"eb314b2535c2b241" 29 14249 2963 636 1492 13 2 38068 102 3641 13 553 598 504 13 1774 8404 38069 13 304 113 2307 38070 1983 2 18939 1192 3131 3132 4 13131 -1 -1 0 0 0 0 5 7 8 7 8 6 4 3 6 5 0 0
"cc9043461aaf5f79" 33 191 125 3451 795 1738 13 21222 5580 6474 13 553 188 37558 737 87 3316 24488 13 35 3004 737 13 1869 87 282 87 35 367 150 27273 330 38071 4 13132 -1 -1 0 0 0 0 6 7 6 6 7 6 3 3 6 5 0 0
"2f5a95ef6f0912df" 24 1114 13961 2 1138 13 2 7261 38072 7040 13 553 113 38073 197 38074 38075 8222 8221 1192 5312 38076 4 68 13 13133 -1 -1 0 0 0 0 5 5 6 6 6 4 2 5 4 6 0 0
"f5c7e6d57eaf22a0" 32 28 188 845 150 4337 150 38077 13 553 282 6371 165 12767 13 28 35 39 13 357 1664 93 61 410 1795 13 20 188 855 1658 171 1659 4 13134 -1 -1 0 0 0 0 6 6 6 8 7 5 3 4 4 4 0 0
"808d082cc4dcb697" 29 1047 3251 38078 34 26 38079 13411 13 553 171 660 41 26 13 3503 353 2340 2816 13 357 41 34 35 138 142 13 36861 113 4 13135 -1 -1 0 0 0 0 4 5 6 7 6 3 3 3 3 5 0 0
"d01b1ef96a7ad41a" 28 191 132 10611 297 3812 2441 4254 13 553 357 1622 134 347 286 628 25 425 142 13 4188 1735 2 7329 9928 542 4 68 13 13136 -1 -1 0 0 0 0 7 8 7 8 7 5 2 2 5 6 0 0
"65f7b9a8e30c7fae" 41 41 353 1628 6729 384 347 441 25 117 13 553 61 2652 1069 421 13 35 13898 13 2 2768 566 1509 1319 38080 28831 1808 1394 13 35 286 628 417 25988 13 191 38081 11118 171 12265 4 13137 -1 -1 0 0 0 0 8 9 8 9 8 7 5 5 6 6 0 0
"9490d29e645309d5" 30 95 8555 8556 3104 297 748 20 767 13 553 1250 3970 15475 13 28507 38082 14418 13 2 38083 38084 13 38085 6475 35 4361 361 1983 11652 4 13138 -1 -1 0 0 0 0 6 7 6 7 6 4 2 4 4 5 0 0
"45b2cdcb6eab7f92" 33 102 61 38086 2 38087 2 38088 13 548 1510 38089 13 553 87 61 5238 5197 13 2759 1013 2760 1315 1043 396 13 1842 359 61 412 23410 1808 10821 4 13139 -1 -1 0 0 0 0 5 6 6 6 7 3 4 7 4 8 0 0
"02d6340276838fd2" 21 171 8621 150 36 5421 13 720 4655 30339 4 553 357 20 1714 8461 13 1374 102 2441 1765 4 13140 -1 -1 0 0 0 0 8 7 8 5 6 6 3 1 5 3 0 0
"7f70ccdbf025c6c4" 20 41 5141 737 38090 13 191 23 1126 1125 4 553 38091 492 13 1947 7050 13 38092 13452 4 13141 -1 -1 0 0 0 0 9 8 7 6 6 8 4 3 4 2 0 0
"a91ca53125d576bc" 20 449 2352 13 106 521 4766 38093 110 553 357 38094 7962 13 41 188 1342 637 412 3638 110 13142 -1 -1 0 0 0 0 7 6 6 6 6 5 4 4 5 3 0 0
"900f05f68ed78433" 25 38095 8024 13 1580 66 188 38096 3019 3318 4 553 357 1342 61 2735 297 359 976 1319 13 188 1112 12711 38097 4 13143 -1 -1 0 0 0 0 8 7 7 6 7 6 3 2 6 5 0 0
"753b439c33da8d61" 21 191 822 6874 13 2506 425 142 4 553 357 87 150 7592 330 13 191 3746 34 6828 14243 4 13144 -1 -1 0 0 0 0 7 7 6 5 5 7 4 4 4 3 0 0
"34d495d8204996c7" 21 134 347 713 4083 13 925 2852 38098 4 553 66 347 38099 20 2862 13 1863 38100 25 38100 4 13145 -1 -1 0 0 0 0 6 6 5 6 6 5 4 3 3 4 0 0
"d9874115274606fd" 17 66 38101 38102 1009 34287 4 553 359 38103 9172 13 38104 35212 14733 8028 38105 4 13146 -1 -1 0 0 0 0 8 5 6 4 5 6 3 3 4 2 0 0
"e93eb00c94b7a7cd" 18 347 7868 396 13 499 193 435 38106 4 553 608 22328 4460 13 2691 1561 19228 4 13147 -1 -1 0 0 0 0 7 7 6 5 6 5 3 2 5 3 0 0
"10f67b518339c645" 16 171 8827 18259 359 11699 4 553 547 73 13 18816 38107 13 1588 13067 4 13148 -1 -1 0 0 0 0 5 6 7 6 6 8 4 3 3 2 0 0
"cc51ea9bc9b90905" 22 134 1281 2432 3261 38108 13 38109 23161 4 553 106 4766 188 38110 6551 13 191 6132 61 29009 14610 4 13149 -1 -1 0 0 0 0 7 7 6 5 6 5 4 4 3 3 0 0
"68e6bb46387c328e" 21 44 10955 13 1013 34 18382 93 31326 4 553 38111 170 13 41 949 13 1549 150 1867 2280 4 13150 -1 -1 0 0 0 0 8 8 7 6 6 6 4 3 3 3 0 0
"8316de547722cb39" 14 37074 19746 22410 22694 4 553 687 4092 38112 13 2049 38113 38114 4 13151 -1 -1 0 0 0 0 7 6 6 6 6 5 2 5 2 6 0 0
"e1012525df01e0f9" 22 38115 38116 38117 4577 4578 4 553 19006 8372 7014 38 13285 4 553 2 1930 38118 13 4813 5709 2014 4 13152 -1 -1 0 0 0 0 7 5 7 5 5 4 3 4 2 5 0 0
"44d6dd0678d89cde" 22 6121 4337 36861 13 2929 3455 2 16292 20457 38119 4 553 38120 38121 6911 38122 13 191 38123 38124 38125 4 13153 -1 -1 0 0 0 0 6 5 6 6 6 4 2 4 2 5 0 0
"4ed7d1e879ba03c1" 25 12633 22523 2 3499 6472 4 553 357 504 7452 38126 13 38127 20895 4 553 1549 41 18180 12660 13 61 6457 9036 4 13154 -1 -1 0 0 0 0 8 7 7 6 6 6 4 3 2 5 0 0
"4015f79794788ce6" 19 66 4352 500 113 13 191 340 3310 2 553 2385 23439 3840 13 357 150 171 17797 4 13155 -1 -1 0 0 0 0 8 7 6 8 8 8 5 1 2 2 0 0
"b4204e9d27061727" 24 34 14935 737 171 394 11492 13 553 586 11662 13 1580 188 17797 2 553 171 13525 13524 2 11141 7442 8143 4 13156 -1 -1 0 0 0 0 9 8 9 9 9 6 7 0 8 3 0 0
"d5dd2c7526272e51" 15 34 1376 8364 8365 13 553 2214 515 1775 384 13 191 38128 2100 4 13157 -1 -1 0 0 0 0 8 8 7 8 7 8 6 0 2 2 0 0
"f45f0a4888b9a7fb" 19 171 10420 14745 1352 2 33021 13 553 28 347 362 286 13 347 39 2451 499 8878 4 13158 -1 -1 0 0 0 0 6 8 6 7 7 6 6 0 3 6 0 0
"03427110339901ce" 31 3714 508 326 2 519 482 414 1842 13 553 150 545 93 731 737 13 357 150 36 38129 1842 13 553 1109 483 38130 2948 2 648 36910 4 13159 -1 -1 0 0 0 0 7 7 7 7 8 8 7 3 5 4 0 0
"72ed15d92a2306a7" 28 5962 5963 13 825 6240 38131 2 553 160 35973 61 38132 13 87 61 1808 15964 553 9088 61 457 9089 13 191 4883 578 125 4 13160 -1 -1 0 0 0 0 6 7 6 7 8 7 7 7 7 5 0 0
"6318cfe70eac8766" 29 20 1029 9999 2696 13 20457 13246 13 553 1319 1270 150 330 26718 38133 8373 13 553 341 14360 14361 13 1109 38134 2 672 188 3159 4 13161 -1 -1 0 0 0 0 7 7 8 7 6 6 6 7 7 7 0 0
"b9f0f583e5849b4e" 15 7628 7641 1109 38135 2267 737 13 553 8588 1808 1809 1810 16492 5881 4 13162 -1 -1 0 0 0 0 7 6 6 6 4 6 6 4 5 9 0 0
"3904fd5476f86fdd" 15 20 1530 320 25 284 607 13 553 9650 9651 2809 493 27047 34957 4 13163 -1 -1 0 0 0 0 6 6 7 6 6 6 6 5 5 5 0 0
"378cf08ab6aa14e2" 32 357 1725 11683 4691 13 2 1109 1110 3118 13 553 41 125 87 1303 4701 607 2 1825 13 553 556 557 2 33160 2 14207 2652 6936 29244 39 4 13164 -1 -1 0 0 0 0 9 8 7 8 8 7 5 7 6 4 0 0
"5feb3f7ed15009ad" 20 95 61 6163 6164 13 1122 1187 18 13 553 1047 14686 2049 38136 13 357 742 95 1094 4 13165 -1 -1 0 0 0 0 8 7 7 7 6 7 6 7 5 3 0 0
"5b6326d891befaaa" 36 87 974 515 1013 2999 66 93 2650 1857 13 553 16791 150 36 7493 357 66 2374 35 1109 1589 13 553 102 13878 35 66 347 863 13 357 66 347 1593 11659 4 13166 -1 -1 0 0 0 0 8 8 7 7 6 8 6 6 6 7 0 0
"7e97b1e8d8cf7c08" 23 38 7293 8168 484 13 1042 61 4477 38137 102 13 553 188 14443 61 9982 14444 13 66 38138 38139 38140 4 13167 -1 -1 0 0 0 0 6 6 6 6 6 6 8 4 5 3 0 0
"c9cc8fa7e4bf9838" 29 347 608 10855 3591 38141 27726 11567 13 553 3554 308 956 102 9322 142 38142 553 852 102 931 61 297 7431 13 4322 38143 2475 443 4 13168 -1 -1 0 0 0 0 6 7 8 6 6 6 7 6 5 4 0 0
"df0827e8521355ee" 15 7688 78 7730 38144 2316 13 553 25 142 2003 13 1109 38145 38146 4 13169 -1 -1 0 0 0 0 7 7 7 7 7 5 6 7 5 7 0 0
"e20227b7ec94de58" 18 1762 1534 2534 3396 2 331 3351 13 553 1109 113 17479 2 693 17535 7161 4927 4 13170 -1 -1 0 0 0 0 7 6 8 8 6 8 6 4 2 3 0 0
"0d86c6256f8e08e0" 22 7498 7499 1293 13 191 6050 7065 5622 8497 13 553 102 373 2683 113 823 187 2 18830 4623 727 4 13171 -1 -1 0 0 0 0 5 4 6 7 5 7 3 5 4 6 0 0
"fe9975cec7af53ca" 27 66 649 650 13 6458 7123 20 38147 36803 13 553 35 1510 150 193 367 1550 5412 2 4236 13 373 38148 1808 1945 32010 4 13172 -1 -1 0 0 0 0 8 7 9 7 8 7 3 3 8 4 0 0
"1b901b94953ac0fa" 36 87 150 193 1990 3825 13 1071 25 38149 13 553 188 31286 31765 357 347 286 305 6385 13 553 10871 10872 10873 13 1549 1571 373 10779 548 362 578 36 1013 388 4 13173 -1 -1 0 0 0 0 5 7 6 6 4 6 5 3 5 7 0 0
"67638cfce6f5c587" 47 170 10349 2536 187 357 2733 2909 1628 113 38150 13 553 38 1693 8093 171 5803 13 2 9733 1580 3299 32782 13 553 66 4366 93 274 556 2 13146 35 576 999 13 553 5399 66 457 113 788 38151 2 5399 529 4 13174 -1 -1 0 0 0 0 8 6 7 7 5 7 4 5 5 6 0 0
"51dd72074e900cf4" 44 347 1206 12670 13 357 457 740 1192 113 371 515 13 553 15329 15330 15331 15088 13 357 4410 2978 720 6360 3497 417 38152 38 1693 1580 3299 358 1408 13 553 150 571 3313 1071 373 61 38153 504 1645 4 13175 -1 -1 0 0 0 0 7 6 5 7 6 7 4 6 4 7 0 0
"a01f9df804b90b96" 34 5793 515 150 36 38154 13 38155 18490 61 13 553 866 2805 8487 150 36 9134 113 347 36 578 6907 1220 13 38156 10588 38157 349 13 2 2371 1725 1105 4 13176 -1 -1 0 0 0 0 6 5 5 7 5 4 4 6 6 7 0 0
"d9b11d9854bcdf1b" 43 5141 150 8260 13 1109 150 36 4093 38158 13 553 17159 13 38159 38160 38161 2651 35 1013 504 38162 13 553 61 148 149 13 357 347 6241 417 330 38163 13 9328 2505 13 357 2652 66 3341 3189 4 13177 -1 -1 0 0 0 0 8 6 8 7 6 6 4 6 6 8 0 0
"046f4d97d365f56c" 46 866 2805 8487 13 1071 2859 19722 150 36 146 7428 13 553 134 1069 11878 150 36 2871 33693 13 3774 87 61 38164 38165 13 553 66 4366 93 274 556 13 1549 102 606 61 557 38166 2 4211 102 38167 920 4 13178 -1 -1 0 0 0 0 5 5 6 6 5 5 4 6 5 6 0 0
"6c5bac9a7ec7bc34" 31 35 1510 150 193 367 151 4236 13 1109 286 1315 2963 351 13 150 7412 21549 1817 13 553 347 608 10855 13 25075 774 13099 2809 3891 13 4 13179 -1 -1 0 0 0 0 7 7 5 5 7 5 2 3 6 5 0 0
"6d821f2f2646355c" 40 5962 5963 13 330 9206 347 38168 13 553 87 150 193 1990 3825 297 1580 737 5494 13 18861 18212 87 1047 347 803 38169 14751 13 553 35 32096 38170 150 38171 1992 38172 5477 2571 10475 4 13180 -1 -1 0 0 0 0 6 6 6 5 7 6 3 4 3 4 0 0
"262780a979faf10e" 35 20 1530 66 8 3503 13 553 191 367 66 3369 347 13 32964 347 8213 13 410 718 840 719 38173 2 1071 25 38174 2 7835 102 1720 1821 18169 1747 38175 4 13181 -1 -1 0 0 0 0 6 8 6 4 6 5 5 4 5 6 0 0
"fcfa901519fc293f" 35 38 7293 8168 484 2 15510 38176 13 553 1220 5802 171 5803 13 1071 521 102 12531 13 553 357 66 574 1580 66 9630 788 19792 20 1043 11452 1854 171 38177 4 13182 -1 -1 0 0 0 0 6 7 6 5 6 6 5 6 5 6 0 0
"96a8207904b51a56" 21 341 14360 14361 66 347 188 183 38178 13 553 7498 7499 1293 191 38179 27689 35 4048 4 68 13 13183 -1 -1 0 0 0 0 6 7 6 6 5 7 3 4 3 5 0 0
"0a75bc8c42bca5db" 32 66 649 650 13 376 35 2248 150 36 282 890 13 553 25 142 2003 66 33 170 38180 9733 1808 17588 2 4796 2236 621 38181 1381 38182 38183 4 13184 -1 -1 0 0 0 0 7 7 7 6 5 6 3 4 4 6 0 0
"b1d0cf37795ac35a" 20 191 6132 61 6019 13 417 7065 7066 8497 13 553 9650 9651 2809 1109 17805 5141 33162 31796 4 13185 -1 -1 0 0 0 0 7 6 6 7 7 5 5 3 4 4 0 0
"7859c19dcd5a95f6" 19 347 1206 12670 13 357 38184 96 16088 553 4926 4927 14854 38185 2 17638 38186 38187 38188 4 13186 -1 -1 0 0 0 0 5 4 5 6 6 8 4 2 3 4 0 0
"11ccc03b4ea7775e" 15 10871 10872 10873 2 636 1773 553 1047 14686 2049 14687 2 38189 845 4 13187 -1 -1 0 0 0 0 8 5 7 7 6 4 4 2 2 7 0 0
"490a6d402faa6946" 21 170 10349 2536 13 357 2652 102 1193 553 852 102 931 61 297 7431 13 2 860 1737 9425 110 13188 -1 -1 0 0 0 0 6 7 8 7 7 6 4 5 4 7 0 0
"1477fc221ffff0ff" 20 9088 61 9089 13 28 1762 417 38190 553 1762 1534 2534 3396 13 2 3358 38191 61 38192 4 13189 -1 -1 0 0 0 0 6 6 6 6 7 4 4 5 3 6 0 0
"2440d79cdcfea5d5" 17 1013 1808 1809 1810 1811 2 148 38193 553 38194 16425 38195 2 749 9356 38196 4 13190 -1 -1 0 0 0 0 7 6 7 6 6 4 4 5 3 5 0 0
"dd2f1ab302cc8b4f" 19 13878 13 35 1808 311 1047 38197 553 66 4366 93 274 556 13 1808 8336 4832 17763 4 13191 -1 -1 0 0 0 0 8 5 7 7 6 4 4 2 8 6 0 0
"be22bc540e9b46d0" 18 556 557 13 20 38198 22878 38160 9495 553 7688 78 7730 13 1122 34418 2014 13379 4 13192 -1 -1 0 0 0 0 8 4 6 6 6 4 4 5 2 7 0 0
"fb8127a74e1632f7" 21 41 125 87 1303 4701 26 13 2006 588 5374 14680 553 34 304 5793 13 35 38199 14551 1123 4 13193 -1 -1 0 0 0 0 5 7 6 7 7 7 1 3 2 6 0 0
"b117e10f2f373bdf" 22 10871 10872 10873 13 357 1577 150 677 358 553 150 571 7507 13 357 24594 2 38200 38201 3302 358 4 13194 -1 -1 0 0 0 0 8 5 7 6 6 5 4 5 3 7 0 0
"a89b2abcec2997e5" 21 866 2805 8487 13 20 1109 480 1408 6050 358 553 15329 15330 13 15331 15088 2 35026 38202 358 4 13195 -1 -1 0 0 0 0 6 6 6 6 6 5 4 6 2 6 0 0
"598ebaccb411191a" 21 20 1029 9999 2 975 6140 38203 12594 553 95 61 6163 6164 13 11978 1122 150 6750 11067 21373 4 13196 -1 -1 0 0 0 0 6 6 7 6 6 5 4 7 1 8 0 0
"0e92b4bb84bf5e30" 19 6833 7557 13 2 519 25 31254 38204 553 188 14443 61 9982 14444 13 38 38205 38206 4 13197 -1 -1 0 0 0 0 9 5 7 7 6 4 4 5 7 7 0 0
"fb8fa6f1bd1cb6d4" 24 357 1725 11683 4691 13 1762 38207 2 38208 3314 553 3554 134 308 956 13 341 38209 38210 3302 6991 38211 358 4 13198 -1 -1 0 0 0 0 6 8 8 6 6 6 4 4 2 6 0 0
"4ebc90f81db40b05" 23 188 14443 61 9982 14444 13 38 2385 6050 23553 553 5141 150 8260 13 330 150 355 35713 2852 6862 38212 4 13199 -1 -1 0 0 0 0 9 5 6 7 6 4 4 5 5 7 0 0
"b6fb474b2c453b12" 17 1321 15401 38213 61 3638 38214 13 553 17159 13 66 7123 8402 13 38215 6 358 13200 -1 -1 0 0 0 0 7 8 9 6 6 8 5 3 2 2 0 0
"47be8f40237eb8fc" 16 5494 18369 2 38216 11565 1571 13 553 3951 38217 967 13 191 31244 13853 8032 13201 -1 -1 0 0 0 0 8 9 7 8 7 8 3 2 2 7 0 0
"4430563ea5c25d07" 16 9088 28761 13 9089 547 13 553 20 2212 2475 13 2646 38218 20 38219 4 13202 -1 -1 0 0 0 0 8 7 8 7 7 7 4 2 3 4 0 0
"b50022f614fc13bf" 19 5141 150 8260 13 4907 20 38220 13 553 5962 5963 13 6563 3104 1071 1032 38221 1109 4 13203 -1 -1 0 0 0 0 8 7 8 6 6 8 4 3 3 3 0 0
"5e5b17ce8cda6403" 16 4322 15329 15330 2 38222 15088 13 553 357 1725 11683 4691 2 504 38223 4 13204 -1 -1 0 0 0 0 7 7 8 6 6 8 5 3 3 3 0 0
"264bc3f523acdd12" 17 7688 78 7730 13 113 341 14360 14361 13 553 21171 38224 286 4576 20 38225 4 13205 -1 -1 0 0 0 0 7 8 7 6 7 7 6 7 4 5 0 0
"5ce461f90f842ca1" 17 556 457 6838 13 6833 7557 13 553 2696 1319 1270 13 191 8285 1571 38226 4 13206 -1 -1 0 0 0 0 9 8 8 7 8 7 7 4 7 5 0 0
"1eccbd8aedd3add8" 17 38227 8114 2 8115 8116 13 553 6089 737 1821 10717 13 1549 150 87 38228 4 13207 -1 -1 0 0 0 0 6 6 6 6 5 6 4 5 4 4 0 0
"ce2d3904b2475840" 19 7123 7008 10166 13 320 621 13 553 2 5944 5945 5946 13 191 22594 10534 170 1052 4 13208 -1 -1 0 0 0 0 7 7 7 8 6 7 3 3 2 5 0 0
"c7ae2944a0ec6c84" 18 8312 13 27232 2 653 13 553 297 482 1101 61 13 852 95 542 61 14243 4 13209 -1 -1 0 0 0 0 6 6 6 7 5 5 7 8 5 8 0 0
"eebd730ed530e8fb" 19 5061 13 2006 1886 39 13 28 467 170 13 553 925 7040 10314 13 772 38229 956 4 13210 -1 -1 0 0 0 0 6 7 6 5 5 7 6 4 4 4 0 0
"2b91d2282afc8884" 20 12144 12145 12146 13 34 38230 1043 993 13 553 35 504 2014 3026 13 2636 15105 4819 367 4 13211 -1 -1 0 0 0 0 7 8 7 6 6 6 6 7 6 6 0 0
"7a602ba65172e67e" 28 38231 13 3503 3338 13 24686 27667 13 553 41 9948 9949 13 3935 8688 1109 12227 13 553 7679 3037 449 13 20 38232 2696 1319 4 13212 -1 -1 0 0 0 0 7 6 7 6 6 5 5 3 3 4 0 0
"bcdaf4ed52c543fb" 32 38233 38234 18808 13 3873 38235 2865 13 553 1549 1071 2035 150 36 3742 35136 13 553 17560 68 9555 68 13 586 13 1580 102 38236 146 1716 1319 4 13213 -1 -1 0 0 0 0 7 8 7 8 7 7 4 6 7 8 0 0
"9b0aec07ffbd4044" 26 19762 38237 13 38238 2 38239 33977 13 553 2 66 1220 1750 13 6843 15092 16496 553 38240 38241 15094 13 600 38242 38243 4 13214 -1 -1 0 0 0 0 6 6 6 6 5 6 5 3 5 4 0 0
"4195303c7b326286" 21 3014 171 10782 13 321 330 193 4530 15233 13 553 357 3970 38244 388 981 125 313 38245 38246 4 13215 -1 -1 0 0 0 0 7 7 5 8 6 4 3 2 4 5 0 0
"4d6acecaa52fc5d7" 19 191 794 6551 3302 6552 13556 30286 13 553 586 113 13 1580 6531 737 607 588 5719 4 13216 -1 -1 0 0 0 0 7 6 6 5 6 6 3 6 3 3 0 0
"d474997ba15fc77e" 23 359 1365 16116 102 373 38247 18202 21018 13 553 357 150 36 330 362 396 2869 13 87 61 6911 7265 4 13217 -1 -1 0 0 0 0 6 6 6 7 5 5 3 4 5 3 0 0
"147c899eb5ef7760" 17 150 330 3761 13 1354 474 1355 13 553 1029 6978 61 2220 517 2227 38248 4 13218 -1 -1 0 0 0 0 8 7 5 9 6 4 3 5 4 5 0 0
"8dab73114ccecbe4" 21 66 23 2781 1321 13 38 3831 38249 13 553 286 7709 12537 13 357 150 36 10947 1341 38250 4 13219 -1 -1 0 0 0 0 8 7 6 6 7 6 3 5 4 4 0 0
"62c70294b4869270" 25 2 28 25 190 13 150 193 11898 13 553 113 2436 286 386 6680 13 1303 442 4374 4536 23278 1250 150 68 4 13220 -1 -1 0 0 0 0 9 8 7 8 6 6 3 5 6 5 0 0
"4ebe162640efed66" 25 621 388 7324 1664 38251 13 553 16661 13 347 363 146 38252 1315 25 38253 13 553 357 2446 5530 8655 1015 68 4 13221 -1 -1 0 0 0 0 6 6 5 5 7 5 3 3 4 6 0 0
"d1f1c64be497cb7e" 29 144 2781 2035 36 8156 3743 13 553 3443 61 2838 13 5749 3269 29920 38254 13 553 184 15550 15551 13 87 61 3472 9136 2835 68 4 13222 -1 -1 0 0 0 0 7 7 6 8 7 4 5 8 5 7 0 0
"2f5aa1176bb23e50" 30 1109 113 38255 13 6232 2186 13 553 28 2323 17001 13 1042 150 36 24800 13 553 150 35208 286 371 13 191 61 2300 38256 93 941 4 13223 -1 -1 0 0 0 0 8 8 7 7 8 4 3 4 5 4 0 0
"09a72d1a94c026bb" 17 1029 3572 12144 12145 38257 13 553 2 66 2363 7335 2 14060 11565 358 2526 4 13224 -1 -1 0 0 0 0 8 7 5 7 6 6 3 6 3 3 0 0
"d8d804cbaf240430" 29 174 604 9924 13 10777 6803 2 323 739 13 553 28 8611 1013 13 487 796 61 113 5519 13 34 35 38258 4391 38259 1771 38260 4 13225 -1 -1 0 0 0 0 6 6 6 7 5 5 3 7 4 4 0 0
"4bff54f16647a4b8" 33 347 15581 13 347 1550 283 721 1817 13 553 357 10088 150 10089 2864 13 87 2010 38261 2 3488 13 553 4278 3115 276 13 357 150 17538 7543 4076 4 13226 -1 -1 0 0 0 0 9 8 8 9 7 6 3 6 3 3 0 0
"2be5b4e1c3bc5800" 25 3294 38262 2 5944 5945 5946 13 553 38263 38264 20 1047 162 68 13 553 925 2652 35 3026 2636 38265 18884 1972 4 13227 -1 -1 0 0 0 0 7 6 6 8 6 5 3 5 3 3 0 0
"a9ecfdc33023ce8d" 19 852 150 2931 1511 113 2 1795 38266 13 553 38267 474 1355 13 150 3373 19840 38268 4 13228 -1 -1 0 0 0 0 8 8 6 8 6 4 3 6 4 4 0 0
"67c756ca31f7d353" 22 4278 3115 276 13 357 1915 87 113 61 963 13 553 1602 1534 2 8775 7870 13 102 61 2292 4 13229 -1 -1 0 0 0 0 7 7 5 8 6 5 3 7 4 4 0 0
"5b01b5405b40f0c8" 30 2056 38269 2126 2 38270 515 35 34 38271 4403 4970 2151 13 553 357 25 87 1709 507 13 35 1714 7180 8644 13 28915 87 1101 61 110 13230 -1 -1 0 0 0 0 4 2 3 3 2 6 2 5 4 4 0 0
"98d6edfd86965771" 28 6843 15092 7957 15093 15094 13 191 2028 5580 14610 18022 5282 13 553 2 2436 286 6679 6680 13 191 3751 2392 20670 38272 26658 787 4 13231 -1 -1 0 0 0 0 5 5 7 5 6 7 5 3 6 6 0 0
"5d5c446bd986f320" 23 3935 8688 1109 12227 13 191 19827 6552 38273 13 553 38274 305 3478 13 687 855 125 38275 359 38276 38277 4 13232 -1 -1 0 0 0 0 3 3 4 3 3 2 2 3 2 2 0 0
"308da4db2d38db45" 18 95 12834 3279 13 20 4266 187 13 553 2 7008 10166 23 191 556 188 38278 4 13233 -1 -1 0 0 0 0 6 7 8 6 5 7 4 3 6 6 0 0
"6d30e5654ce3a4bd" 24 357 66 347 39 305 326 13 1007 113 38279 13 553 1580 452 1145 38280 2570 13 2 66 2363 7335 38281 4 13234 -1 -1 0 0 0 0 5 6 5 4 4 5 3 3 5 4 0 0
"e282005c1e93d63e" 19 20 860 36679 2 727 13 28 8611 1013 13 553 184 15550 15551 2 38282 38283 14287 4 13235 -1 -1 0 0 0 0 4 4 5 6 5 5 3 6 3 3 0 0
"74d105f778ff6408" 25 340 31363 2 4404 3310 13 553 8655 1015 13 357 718 960 13 500 729 66 1717 13 191 347 330 367 1079 110 13236 -1 -1 0 0 0 0 6 5 6 6 5 5 6 5 5 4 0 0
"2239a732ef208bea" 33 66 347 7235 1192 10135 13 2801 150 2280 305 16098 13 553 3385 23 326 2 805 38284 13 2 66 1220 1750 13 2 586 35 18562 38285 367 6726 4 13237 -1 -1 0 0 0 0 7 6 5 5 4 6 6 6 7 5 0 0
"f99615cc61740974" 21 341 355 3190 3191 639 13 553 28 150 36 10947 1341 1109 10965 13 357 457 1109 744 2731 4 13238 -1 -1 0 0 0 0 7 7 8 7 6 8 5 4 4 4 0 0
"f379364d75be953e" 27 2781 1321 3831 2 38286 3911 803 1964 13 553 150 193 9954 13 2 297 858 171 38287 38288 13 357 297 482 1101 61 110 13239 -1 -1 0 0 0 0 3 3 2 3 2 3 2 5 2 2 0 0
"67d6a54ffd18eac2" 21 87 38289 4140 6693 504 38290 13 553 66 7679 3037 449 13 852 150 2931 1511 6521 2 1754 110 13240 -1 -1 0 0 0 0 7 6 8 6 5 7 6 3 7 5 0 0
"596a37be8e24c9ec" 19 359 1365 16116 16117 16118 13 553 6843 15092 7957 15093 15094 13 774 3125 2006 4734 1047 110 13241 -1 -1 0 0 0 0 6 7 8 7 6 7 5 3 6 6 0 0
"59684807757fef40" 23 20 860 1643 2 9270 13 28 8611 1013 13 553 2 8114 8115 8116 191 38291 3939 113 417 6209 38292 4 13242 -1 -1 0 0 0 0 5 5 6 7 6 5 3 5 4 5 0 0
"65ee29e0f082fccc" 30 3014 171 10782 13 35 38293 1821 93 22070 13 553 41 9948 9949 13 352 373 38294 18468 13 35 1714 7180 8644 2 330 504 150 38295 4 13243 -1 -1 0 0 0 0 7 6 7 6 5 6 5 3 6 4 0 0
"4e562ced208f7fd6" 25 852 150 2931 1511 10231 2 305 25 5863 13 553 359 1365 16116 16117 16118 2 1754 481 482 150 24359 330 2131 110 13244 -1 -1 0 0 0 0 6 6 6 7 5 6 6 3 6 4 0 0