"5aa96c4570999e3e" 20 87 1854 358 724 362 13 553 347 36 38296 2852 23422 13 1488 87 1047 515 102 8404 4 13245 -1 -1 0 0 0 0 7 6 8 7 2 3 3 4 4 5 0 0
"1640b186bca12451" 23 34 6091 171 24802 588 38297 13 553 357 87 61 3302 7168 13 35 1552 7277 61 38298 7465 26083 7329 4 13246 -1 -1 0 0 0 0 8 7 8 6 4 2 2 6 3 4 0 0
"5c03c9fcc33b60e0" 25 87 1067 1047 1043 993 13 1043 297 7829 13 553 357 191 38299 9459 22957 6380 13 607 38300 1153 1496 3714 18192 4 13247 -1 -1 0 0 0 0 7 8 9 5 3 2 2 3 8 7 0 0
"e0cab2794aa6971c" 22 34 575 515 38301 0 8089 2 38302 13 553 347 151 39 417 628 13 134 1449 61 661 1911 4 13248 -1 -1 0 0 0 0 7 9 9 8 6 6 3 6 9 7 0 0
"3c66bdcb5ffd178d" 23 34 26 2988 1665 13 5603 61 1449 446 13 553 134 41 151 13 878 228 229 2 283 38303 446 4 13249 -1 -1 0 0 0 0 8 9 10 7 5 2 5 3 6 5 0 0
"fbf1982c2f5457d2" 27 34 38304 20122 2 18946 13 357 520 61 2333 13 553 150 193 362 13 11603 191 712 93 4885 6209 13 87 61 38305 4 13250 -1 -1 0 0 0 0 7 8 9 7 6 4 3 8 6 6 0 0
"6998c07b9924ea42" 32 547 3746 102 12612 12629 2 4578 13 553 1829 150 13719 10811 13 113 61 2227 305 297 3040 13 553 17671 25 484 305 41 484 8328 1552 9486 4 13251 -1 -1 0 0 0 0 9 7 8 5 3 5 2 8 4 8 0 0
"43c6e1bdfd2c8099" 22 2506 11019 171 2859 13621 1823 38306 13 553 2 191 5404 1342 1877 9805 13 2321 2287 87 7389 676 4 13252 -1 -1 0 0 0 0 9 8 9 8 5 5 3 5 7 6 0 0
"02ec40829410195b" 18 150 38307 25 6092 38308 190 13 553 357 134 352 12371 2 34 6020 24802 2531 4 13253 -1 -1 0 0 0 0 7 6 8 4 3 4 2 4 4 5 0 0
"214280824a3f2ef4" 17 341 18164 1319 25 1863 1191 13 553 357 520 361 2333 359 1643 845 1559 110 13254 -1 -1 0 0 0 0 7 6 8 5 4 5 3 4 4 6 0 0
"fb3e45c2e5cde348" 26 34 4156 25146 359 38309 13 553 347 388 367 15665 1231 2734 13 553 13428 1069 3155 566 36202 582 13 41 1298 4214 4 13255 -1 -1 0 0 0 0 8 9 7 5 3 3 3 5 5 6 0 0
"7fef627f8dfeb026" 31 34 38310 3880 2 87 150 113 4667 13 553 41 1626 38311 55 7963 1842 359 6729 2341 13 553 3327 7664 7665 7666 13 38312 1823 38313 38314 4 13256 -1 -1 0 0 0 0 7 6 6 4 3 5 2 4 4 6 0 0
"10754877d26d53d3" 33 191 61 38315 13 66 5425 27382 55 30392 553 5494 33057 1247 2 8184 38316 55 1881 55 524 38317 55 1836 553 134 53 3478 15430 133 2 66 38318 4 13257 -1 -1 0 0 0 0 9 8 8 8 7 9 3 4 6 2 0 0
"7d8ac4e8903e828b" 32 347 66 361 1029 134 14445 38319 13 553 357 520 361 2333 359 38320 10428 4732 1113 13 553 347 9618 361 2607 1609 4467 2 3258 38321 15266 38322 4 13258 -1 -1 0 0 0 0 8 7 7 5 4 5 2 4 3 7 0 0
"aaea63dc863e8cfb" 35 347 38323 38324 5629 1022 5630 13 1842 20 38325 6223 4799 4404 61 981 355 13 553 3889 3890 38326 38327 32828 38328 3891 1319 6223 38329 3104 729 2957 102 61 2999 4 13259 -1 -1 0 0 0 0 7 9 7 6 6 4 5 8 5 7 0 0
"1e18a8378eac3fb6" 24 321 1231 388 11418 13 191 3089 61 9451 9452 9453 13 553 357 2134 5769 38330 13 2 1449 425 1911 1728 4 13260 -1 -1 0 0 0 0 7 5 10 8 6 5 8 0 6 5 0 0
"42443c09fc7e4ce4" 19 41 1793 20168 38331 21156 13 553 1374 38332 1043 25 5262 13 357 347 388 367 38333 4 13261 -1 -1 0 0 0 0 5 3 3 7 6 6 4 0 9 2 0 0
"73fafae19ace2c06" 24 574 482 2905 13 357 372 35 1664 150 388 38334 13 553 66 574 93 1567 13 588 388 93 1567 33 4 13262 -1 -1 0 0 0 0 8 8 5 9 4 5 6 0 2 6 0 0
"9995f2ca8853faf3" 17 3889 3890 3891 3893 3894 13 553 357 1109 113 16510 18762 2 18763 2013 38335 4 13263 -1 -1 0 0 0 0 3 1 8 7 5 2 4 0 0 3 0 0
"3df6cc2f981c3358" 21 12732 13 66 9917 9634 431 38336 434 432 13 553 357 150 1568 36 297 415 20 188 38337 4 13264 -1 -1 0 0 0 0 7 6 6 4 5 9 4 0 4 2 0 0
"72da76a78ecc270f" 28 520 61 415 13 41 87 25 4899 355 61 3221 2469 13 553 2506 1854 358 724 38338 13 3089 9451 9452 9453 125 1047 8347 4 13265 -1 -1 0 0 0 0 4 5 4 7 3 5 8 0 6 2 0 0
"5a04a165980ac018" 28 359 6659 1842 13 326 171 13662 34 564 457 942 13 553 1034 341 1352 13 347 441 482 6828 357 188 14738 9838 171 1651 4 13266 -1 -1 0 0 0 0 7 8 3 8 6 7 4 0 8 5 0 0
"82c9fb52ca99c18e" 22 8246 2675 8247 13 191 102 61 8307 38339 13 553 7638 367 38340 2 66 7123 188 8416 2151 1463 4 13267 -1 -1 0 0 0 0 6 7 4 6 5 5 3 0 9 6 0 0
"c75e3125cf414f99" 20 347 4337 1303 162 596 20 1449 425 1911 13 553 330 347 2062 19840 38341 2 38342 38343 4 13268 -1 -1 0 0 0 0 8 8 5 6 4 7 5 0 3 2 0 0
"53a53b703b3821f4" 28 5482 4467 13 14839 38344 38345 20 6698 38346 13 553 357 12467 17912 2 15591 8868 13 6198 3714 188 2534 2 9239 33 15119 38347 4 13269 -1 -1 0 0 0 0 9 9 7 5 4 8 2 0 4 4 0 0
"fc14edc1740668db" 33 41 361 38331 21156 38348 13 347 361 1979 547 113 38349 38350 38351 13 553 2 581 6058 2 15539 38352 38353 18432 13 113 6083 38354 20 5253 95 434 4 13270 -1 -1 0 0 0 0 3 2 2 3 5 6 6 0 0 3 0 0
"c2466be91822c488" 23 588 388 93 1567 33 1013 38355 1480 150 38356 13 553 801 13323 7963 1842 359 84 5628 5629 188 5630 4 13271 -1 -1 0 0 0 0 5 7 6 8 4 6 3 0 3 6 0 0
"e9f9325fb63f048d" 24 34 113 13449 38357 2 87 150 1990 38358 38359 13 553 357 34 26 297 415 13 25 1550 993 34 38360 4 13272 -1 -1 0 0 0 0 7 7 6 6 5 8 1 0 4 2 0 0
"219e7744aaa05a72" 23 41 949 1795 5881 396 2 3929 170 774 13 553 1842 20 61 125 0 8089 2 5709 188 17838 38361 4 13273 -1 -1 0 0 0 0 6 8 5 9 4 5 6 0 5 6 0 0
"6a53f9c7f215e483" 26 347 286 151 628 25 742 1047 13 2 417 520 19546 13 553 357 581 582 2 731 3485 2368 13 1122 18 21170 4 13274 -1 -1 0 0 0 0 7 6 7 7 4 5 4 0 4 6 0 0
"672ccbf2e90e6b51" 36 574 482 2905 13 150 9499 3086 38362 553 5603 61 1449 446 13 34 26 87 171 1511 553 2506 1854 358 724 1761 13 553 347 286 15352 417 13 353 1588 5262 4 13275 -1 -1 0 0 0 0 5 6 6 7 6 6 7 6 5 7 0 0
"b424d18b064857ac" 24 588 388 93 1567 33 13 553 150 1568 3456 13 1071 772 10190 2957 361 2833 38363 38364 26597 13 705 4753 38365 13276 -1 -1 0 0 0 0 4 5 4 5 5 4 4 4 7 6 0 0
"aa85cf7a7f8ce5be" 14 34553 13 95 38366 705 38367 553 2321 2287 87 13 12486 26077 38368 13277 -1 -1 0 0 0 0 9 8 8 7 8 9 7 5 3 5 0 0
"41a40001bf405345" 28 2 341 1319 1352 13 87 705 361 5551 553 87 1067 1047 1043 993 553 34 9960 1718 4351 188 38369 38370 13 26 2321 14435 4 13278 -1 -1 0 0 0 0 9 8 7 6 7 9 6 4 3 5 0 0
"85e6d95830bb66f6" 18 341 1492 504 13 359 6659 1842 13 553 537 7275 7276 1552 7277 13 38371 38372 4 13279 -1 -1 0 0 0 0 7 6 5 4 5 6 3 8 4 4 0 0
"5920c462cc95869d" 20 93 1567 13 5482 4467 13 553 321 9598 388 174 798 171 38373 38374 13 171 38375 38376 4 13280 -1 -1 0 0 0 0 4 5 5 6 5 3 2 5 7 6 0 0
"ff21c1735f147f8d" 28 35 34212 1374 4378 330 38377 13 553 1829 4403 305 297 3040 13 553 1580 1071 772 305 5284 13 61 359 32821 297 3893 38378 4 13281 -1 -1 0 0 0 0 6 7 6 7 5 6 7 6 5 8 0 0
"a627cbc0bf424bab" 38 297 2976 515 13 66 3027 53 576 13 553 76 61 415 2684 13 347 417 1990 421 26508 2813 553 3327 7664 7665 7666 13 38379 2128 953 38380 13 1862 53 38381 6583 1015 38382 13282 -1 -1 0 0 0 0 7 5 6 4 4 6 4 6 5 6 0 0
"748e106a8a44ddaa" 26 26444 13 66 23 431 432 433 434 553 87 2646 2852 1088 25158 13 38383 3478 1643 19774 66 38384 2162 13 93 1567 4 13283 -1 -1 0 0 0 0 9 7 9 8 7 9 7 5 4 6 0 0
"872c284317be92a9" 36 11603 4885 6209 13 2785 38385 2024 66 134 7123 553 8246 2675 8247 13 15430 133 13 553 38386 347 1223 38387 38388 38389 87 1403 13 18011 87 38390 1580 2594 4 4 4 13284 -1 -1 0 0 0 0 7 6 6 4 5 7 4 7 4 5 0 0
"133c27c929f4a27e" 36 303 13 171 21211 37456 13 553 2321 2287 87 13 150 36 87 30485 41 23 38391 25960 171 1643 1882 313 13 34 564 87 171 38392 38393 171 38394 24627 457 38395 4 13285 -1 -1 0 0 0 0 8 6 7 6 7 8 4 6 5 6 0 0
"a28ca80d50ea66d1" 37 878 188 228 3110 13 38396 2518 553 3089 61 6054 1983 722 9451 9452 9453 553 38397 607 38398 5141 5399 13 38399 38400 38401 13 28 347 25055 2 7207 29659 38402 87 38403 4 13286 -1 -1 0 0 0 0 9 9 8 8 7 9 5 4 3 6 0 0
"f692f86d3b5b835c" 35 1829 4403 305 297 3040 13 553 15430 133 13 742 61 3438 9717 553 17947 23040 13 297 150 9499 1191 1668 13 38404 38405 2 2865 6846 38406 38407 38408 188 20547 4 13287 -1 -1 0 0 0 0 6 6 7 5 5 6 7 6 4 5 0 0
"bd40992ddbee2bd9" 27 347 388 2142 367 13 347 28 38409 553 15591 8868 3714 14155 15592 3001 553 347 361 1979 547 13 41 35 637 545 942 4 13288 -1 -1 0 0 0 0 6 7 6 5 4 6 4 6 5 5 0 0
"464fe72d9599cdf4" 29 357 520 361 2333 13 359 10811 188 38410 553 191 12726 9459 1319 13 520 504 297 38411 553 2773 515 13 600 515 7013 2 22229 4 13289 -1 -1 0 0 0 0 9 8 7 6 6 5 5 4 7 6 0 0
"3c386419ebf16f1b" 26 188 1920 102 359 637 38412 38413 13 553 596 1319 425 1911 5749 61 102 21373 13 553 38340 14566 38414 311 2 8308 4 13290 -1 -1 0 0 0 0 8 7 9 9 8 7 8 3 10 7 0 0
"c3a67de4ad5f9fb0" 17 357 435 436 150 437 1568 438 13 553 34 976 38415 188 1643 4611 4612 4 13291 -1 -1 0 0 0 0 7 6 7 8 7 9 5 6 4 7 0 0
"0b4dedf7e6493ae7" 17 888 32222 12549 4234 1077 13 553 38416 3872 13 357 61 26847 3302 10273 38417 4 13292 -1 -1 0 0 0 0 6 6 5 6 5 7 5 4 5 5 0 0
"ee3a78b2e3dc370b" 19 3018 20199 313 1664 349 38418 38419 13 553 1934 188 2429 38420 38421 566 191 1863 4996 4 13293 -1 -1 0 0 0 0 6 8 6 7 7 8 5 6 8 7 0 0
"895caa7fc3edf96d" 20 588 2932 6836 1842 20 542 125 1750 15654 13 553 13720 3252 347 38422 7235 4799 774 3307 4 13294 -1 -1 0 0 0 0 8 6 7 6 7 6 5 5 7 6 0 0
"07ea2e7f0e95ba2f" 16 5555 38423 660 14384 1293 662 13 553 357 6132 38424 7080 2 102 1411 4 13295 -1 -1 0 0 0 0 7 7 7 7 6 7 5 5 5 6 0 0
"ce1565e4c46b358f" 39 191 38425 2 573 2 1449 34496 171 38426 38427 13 553 41 5601 35 2813 2284 1775 38428 38429 357 150 87 337 282 13 553 1492 41 2346 1374 1513 38430 12703 353 31351 25 487 4 13296 -1 -1 0 0 0 0 8 8 7 8 7 7 5 7 8 8 0 0
"26dafccecb1d768e" 16 15243 4623 102 38431 15245 13 553 357 3248 2720 10442 2809 61 32535 1319 4 13297 -1 -1 0 0 0 0 6 5 6 6 5 6 4 2 4 4 0 0
"abdd4cab17d6f808" 22 13995 13995 13996 13997 38432 38433 553 63 3890 13 125 13995 13995 13995 16017 13 1478 38434 38435 4 68 13 13298 -1 -1 0 0 0 0 0 0 0 0 0 0 0 0 0 0 0 0
"2945eef64d8130dc" 21 6597 61 38436 9929 38437 13 3443 150 36 16410 22043 13 553 25 87 9942 110 150 4337 4848 4 13299 -1 -1 0 0 0 0 7 8 7 7 7 8 5 5 5 7 0 0
"01fba1d03bdc597d" 15 35609 799 38438 38 38439 38440 13 553 6891 8150 35 38038 38441 29148 4 13300 -1 -1 0 0 0 0 7 8 7 7 6 7 5 5 6 7 0 0
"75c6e43627a2357c" 36 66 347 38442 566 1979 417 5520 38443 8625 3048 13 553 34 38444 1947 504 515 38445 13 553 29358 38446 30185 2218 13 553 357 713 6223 3302 188 7645 1498 61 9936 4 13301 -1 -1 0 0 0 0 7 8 7 7 8 7 6 6 8 9 0 0
"2ced4fdd9352d886" 21 1109 150 38447 146 13458 13459 116 28909 13 553 357 11519 319 191 95 33101 61 2846 1643 38448 4 13302 -1 -1 0 0 0 0 7 7 7 6 7 6 5 5 6 6 0 0
"a4639004ac2115c5" 30 38449 7791 18622 38450 38451 38452 13 553 1047 2096 12156 3249 357 451 61 2735 38453 38452 13 553 604 61 38454 9412 13 38455 4211 38456 8185 4 13303 -1 -1 0 0 0 0 7 7 8 7 7 7 6 6 6 6 0 0
"a183fe66e7ca6dda" 16 34 186 1178 38457 197 13 553 9234 16270 31081 150 993 20 14040 18951 4 13304 -1 -1 0 0 0 0 7 7 7 7 6 8 5 6 5 6 0 0
"a6c9304855284ad5" 18 1043 520 388 357 4425 521 9662 13 553 3358 13515 515 3747 13 63 13516 6610 4 13305 -1 -1 0 0 0 0 7 8 8 6 6 7 2 2 5 4 0 0
"f0675891a710c381" 20 11526 18512 6711 6212 359 1434 13 553 38458 150 286 2307 13 357 774 38459 150 23775 737 4 13306 -1 -1 0 0 0 0 7 8 7 6 5 6 2 3 3 4 0 0
"aee892412f0aa99f" 20 730 2897 1078 188 38460 1043 38461 13 553 2 125 38462 6862 6863 5504 6864 38463 38464 38465 4 13307 -1 -1 0 0 0 0 6 8 7 6 5 6 3 2 5 4 0 0
"032f793bf6379280" 18 3838 14243 13 35 66 297 8160 347 36 27 13 553 34 35 3278 13 687 38466 13308 -1 -1 0 0 0 0 8 7 7 6 6 7 3 2 3 3 0 0
"42e3cb3863e695e6" 24 38 9929 10787 10788 13 553 38467 61 38468 1122 12298 20868 13 553 34 26 4753 4754 13 38469 106 607 2775 4 13309 -1 -1 0 0 0 0 6 7 8 7 6 7 3 8 3 7 0 0
"6e8e724f832c85f5" 36 102 113 1381 5288 13 113 2813 61 487 13 553 9234 16270 13 598 38470 2 15115 1517 1029 4 553 1463 37524 7080 38471 18371 986 371 13 423 102 31017 61 8549 4 13310 -1 -1 0 0 0 0 6 7 8 6 5 7 3 7 3 5 0 0
"86d507842eef9da9" 23 357 150 95 9910 13457 13 150 2852 13458 13459 13 553 2258 38472 13 373 1764 3909 367 359 7033 38473 4 13311 -1 -1 0 0 0 0 6 7 7 6 5 6 3 3 3 3 0 0
"e39514df44307745" 27 24639 188 38454 13 9411 9412 13 8521 2929 920 1179 95 5464 13 553 774 3935 782 744 2652 3351 13 20 38474 95 1494 4 13312 -1 -1 0 0 0 0 7 8 8 7 6 6 3 6 2 6 0 0
"b55c29fca2978b0e" 26 357 435 436 150 437 438 13 553 25 9936 13 361 2897 1108 188 4169 13 553 573 367 744 13 357 1934 32546 4 13313 -1 -1 0 0 0 0 6 8 8 6 5 6 3 6 7 4 0 0
"e7f24b710e5a3680" 23 845 134 61 507 6623 13 95 38475 87 38476 13 553 63 3890 449 5124 13 6464 191 5520 6971 4183 4 13314 -1 -1 0 0 0 0 7 7 6 7 6 8 4 2 2 3 0 0
"938e413b179489e0" 16 2 4920 171 26664 27919 8247 13 553 358 8131 38477 425 2 11519 319 4 13315 -1 -1 0 0 0 0 6 7 8 6 5 6 4 2 3 3 0 0
"17119638e9fdd400" 40 13995 13995 13996 13 4934 38478 170 13 13997 13998 13 553 2191 11029 13 35 14414 359 1178 3939 705 412 748 61 38479 110 553 1365 1103 13 150 38480 13 4186 13 1543 744 87 21002 4 13316 -1 -1 0 0 0 0 6 7 7 6 5 6 3 4 2 3 0 0
"59c01843ee61abe0" 27 66 8495 8223 13 13600 13610 12312 13611 13 553 2 31829 19222 38481 13 7668 8150 13 8151 125 38482 7659 38483 543 1793 24199 4 13317 -1 -1 0 0 0 0 6 7 6 6 5 5 3 2 5 2 0 0
"aeff3697e7218733" 26 38484 8210 16298 359 17495 38485 13 553 8160 66 7051 7050 2 3436 24199 4 553 113 38486 331 13 1516 359 38487 38488 4 13318 -1 -1 0 0 0 0 6 7 7 6 5 7 3 2 5 4 0 0
"bc5a77e6c40ba5bb" 23 1002 150 5582 13 586 93 87 3929 13 553 2243 34 6910 14359 3930 3406 13 357 150 95 38356 282 4 13319 -1 -1 0 0 0 0 6 7 6 6 5 7 3 3 6 4 0 0
"259f84b097d41b91" 23 6209 6210 1434 61 2227 13 553 113 630 35 2813 61 487 13 41 150 87 193 21524 11590 38489 1029 4 13320 -1 -1 0 0 0 0 7 6 6 5 8 7 3 2 8 4 0 0
"8de9b1936d065aab" 41 13280 41 3299 13 357 134 61 113 13281 10273 13 553 1988 1013 297 347 5914 13 417 4702 106 35 1297 351 13 596 34 6020 13 5914 2638 35 7235 13 23376 35 170 21429 744 27 4 13321 -1 -1 0 0 0 0 6 6 7 4 5 5 4 3 3 4 0 0
"e1100f09dfc3ddb0" 29 534 535 284 38490 13 537 538 539 13 553 357 9661 417 9662 1878 13 191 1886 61 12840 13 28 23342 504 2919 2 2038 744 4 13322 -1 -1 0 0 0 0 8 7 7 6 6 8 3 5 4 6 0 0
"e0a2df933d7d495f" 30 888 5260 4234 13 357 22957 38491 3526 1655 13 553 16297 2357 16298 2 361 2897 1108 188 4169 13 553 2652 521 47 3327 566 38492 456 4 13323 -1 -1 0 0 0 0 7 6 7 6 5 4 6 3 5 4 0 0
"2a4512af97b9ce7f" 22 16830 38493 4186 13 66 19159 1516 13 553 1071 860 1825 1381 504 1750 13 66 368 1093 2785 38494 4 13324 -1 -1 0 0 0 0 8 7 7 6 7 4 4 3 5 4 0 0
"c7650131ef5bf00d" 26 4361 61 11519 319 13 20 5537 774 3935 38495 13 553 357 347 4337 2846 9048 188 38496 13 1122 171 38497 12253 38498 4 13325 -1 -1 0 0 0 0 7 7 6 5 6 4 4 4 7 5 0 0
"efe1b43a1ff6a9a6" 24 116 5362 66 6605 942 1160 1729 13 553 150 2014 358 373 7159 16445 13 1029 150 653 3389 22684 1795 38499 4 13326 -1 -1 0 0 0 0 6 6 6 7 6 4 3 3 6 3 0 0
"1889c99bb595e833" 25 7677 603 1617 13 1250 38500 113 22910 2265 110 553 1182 12703 12704 25 3048 13 2 305 4367 6211 38501 66 14937 4 13327 -1 -1 0 0 0 0 8 6 6 6 7 4 4 5 6 5 0 0
"d816382236db93d8" 22 20 14744 1814 13 1232 38502 17607 38503 38504 13 553 16665 6003 13 2 608 38505 1476 297 186 410 4 13328 -1 -1 0 0 0 0 8 7 7 8 6 4 4 4 7 5 0 0
"f9ee34f70b7f5a10" 17 38506 93 1187 13 353 61 3251 7587 13 553 188 4975 589 61 188 95 4 13329 -1 -1 0 0 0 0 7 7 8 7 6 6 6 5 3 3 0 0
"a7e5b6bc054cd575" 21 34 3953 2451 13 357 66 347 600 13 553 34 3302 20992 3327 2 26991 38507 38508 2 600 4 13330 -1 -1 0 0 0 0 9 6 6 7 7 5 4 5 6 4 0 0
"53a89be57ac97f67" 28 66 1790 171 1791 13 38 515 5566 297 722 13 553 1930 138 297 13 28 1052 6170 13 66 7123 18802 2 1995 1319 38509 4 13331 -1 -1 0 0 0 0 8 7 7 9 8 5 4 5 8 7 0 0
"bdc90d5539104e0f" 23 1664 93 1000 7650 13 9675 9676 66 34667 13 553 66 1240 9431 8626 13 357 1721 858 357 358 38510 4 13332 -1 -1 0 0 0 0 7 8 7 6 7 6 5 4 5 4 0 0
"96f39ebb3b87b1d0" 22 66 11026 367 7638 13 2 3500 963 13 553 171 734 34 38511 188 38512 34 1429 2 38513 1173 4 13333 -1 -1 0 0 0 0 8 8 6 4 6 7 5 5 8 4 0 0
"aae142c5175ebd9e" 23 1580 452 7966 7967 13 34 26 13529 13533 13 553 1930 38514 125 95 1342 1604 13 20 3531 188 31230 4 13334 -1 -1 0 0 0 0 7 6 6 7 7 4 5 5 6 7 0 0
"13bcfa1fc7248229" 21 66 10602 38515 13 357 9262 1934 13 553 134 771 13 9566 2028 13 2 2436 2284 521 38516 4 13335 -1 -1 0 0 0 0 7 6 7 6 5 3 2 2 3 1 0 0
"cb2df602242e6dc5" 18 2611 13 357 2652 1091 38517 13 553 188 4975 150 4337 1983 13 38518 6255 4715 4 13336 -1 -1 0 0 0 0 3 3 5 4 2 2 8 1 1 1 0 0
"a00bd0946ce847e0" 24 20 38519 3348 13 66 574 25 360 38520 3880 13 553 1664 7442 32932 27480 13 150 1847 1160 38521 2928 417 4 13337 -1 -1 0 0 0 0 8 7 9 6 1 3 2 4 2 1 0 0
"668f7f6e5db3b620" 25 66 1201 25075 171 17885 13 20 16093 16094 13 553 35 598 3401 61 13 2 1305 38522 10328 188 38523 38524 352 4 13338 -1 -1 0 0 0 0 6 5 6 7 5 4 2 3 4 4 0 0
"3250ecc34c57f847" 16 150 286 351 636 38525 13 553 2721 61 38526 13 38527 38528 1863 38529 4 13339 -1 -1 0 0 0 0 8 7 7 6 4 2 1 7 1 6 0 0
"7461e4687dc8ad76" 19 1664 888 38530 8266 13 3998 61 963 410 553 1580 3659 38531 38532 13 1071 38533 38534 4 13340 -1 -1 0 0 0 0 9 8 7 5 3 8 6 2 1 2 0 0
"974f8a90ac725424" 34 852 6659 38535 113 16241 16445 5141 13 553 1071 1160 739 6239 38536 37456 113 13 553 20 87 3347 3348 2678 412 1665 13 2 1510 150 93 38537 38538 3654 4 13341 -1 -1 0 0 0 0 7 6 4 5 3 9 8 2 3 3 0 0
"5d28cd9d6bc5af34" 16 38539 2 38540 38541 13 17601 38542 553 7133 1047 2891 38543 2 19816 417 4 13342 -1 -1 0 0 0 0 5 4 3 6 5 7 3 1 6 6 0 0
"c3568280262cda7d" 38 66 414 1487 718 13 2 13533 13 38544 553 504 38545 95 2001 13 38546 24457 796 1360 13 553 7677 34 603 1617 13 6046 305 13 38547 1852 38548 357 150 38549 4110 1338 4 13343 -1 -1 0 0 0 0 6 5 6 7 4 2 1 5 2 4 0 0
"fd80e0eb7389cf30" 32 15417 1047 38550 4953 13 357 34091 38551 8876 553 2 1429 13 28 373 1047 9618 26580 4389 553 20 1182 1693 117 38552 13 13213 38553 150 4391 38554 4 13344 -1 -1 0 0 0 0 9 8 8 7 4 7 7 3 5 3 0 0
"58dc59bbe8090077" 39 297 2227 1047 1315 38555 13 28 1488 738 38556 38557 553 38558 206 13 35 125 18503 38559 47 7389 38560 553 13618 237 209 14047 13 38561 38562 38563 787 38564 7123 38565 1093 4 68 13 13345 -1 -1 0 0 0 0 6 5 7 5 4 3 2 4 4 2 0 0
"8eabf224ff34f55d" 31 93 38566 38567 457 2650 553 35 1131 452 7966 353 521 13 38568 38569 553 37 7584 35 1029 150 653 3388 3389 13 357 1862 37771 38570 38571 4 13346 -1 -1 0 0 0 0 2 1 2 4 3 7 6 3 1 2 0 0
"14955dd935d103dc" 44 796 3693 6734 125 38572 13 357 14267 373 1047 13 38573 13 1065 553 776 1067 38574 13 2 95 2001 331 38575 2174 553 548 1765 355 362 38576 38577 609 13 20 7738 93 38578 13 1481 35 38579 1667 4 13347 -1 -1 0 0 0 0 7 6 7 8 5 5 3 6 2 4 0 0
"b430cf0fad48b274" 33 34 11026 2279 31449 7070 66 1758 38580 446 553 1130 20 68 1868 13 20 34 33570 6907 38581 297 34 38582 373 38583 24394 38584 553 596 34 33798 38585 4 13348 -1 -1 0 0 0 0 4 3 4 5 3 7 7 2 1 2 0 0
"fc18e0105b5b33fb" 32 28 1052 33801 13 8706 38586 504 170 4162 553 1793 7548 2611 13 2 14702 38587 150 7977 305 38588 13 1549 66 2652 3503 7153 1908 13 373 38589 4 13349 -1 -1 0 0 0 0 9 9 9 8 5 1 1 4 2 2 0 0
"2e0e3542cdeeca79" 40 981 7705 3212 13 35 66 23 2859 38590 2 38591 38592 553 171 304 8467 188 2721 13 7153 188 2721 2 171 603 1342 13 553 66 38593 38594 2 2363 13 22042 596 4403 8466 8467 4 13350 -1 -1 0 0 0 0 3 2 7 4 2 3 7 5 4 6 0 0
"dec4fccb2486055a" 36 744 5576 84 7444 13 2696 2781 394 13 553 2 586 1580 3298 21657 6936 361 1328 349 362 13 553 2 2615 13 63 6659 20 1664 93 7442 55 19914 3302 38595 4 13351 -1 -1 0 0 0 0 9 7 8 9 8 8 5 3 8 6 0 0
"023ffd800b4f5fb8" 34 66 8285 3693 125 38596 13 297 61 3838 1303 553 4638 1566 38597 38598 13 9942 13 1549 345 61 1016 1517 6246 22825 553 12513 24639 2023 150 36 689 4386 4 13352 -1 -1 0 0 0 0 2 1 8 4 2 7 3 6 2 1 0 0
"a852a03ab070ff12" 38 521 150 639 22684 38599 13 1047 9190 13 87 607 113 8751 1214 38600 23329 553 41 7003 61 1303 38601 13 95 61 3451 7949 2 44 113 2492 13 38602 38603 4505 61 38604 4 13353 -1 -1 0 0 0 0 8 6 7 3 7 5 3 4 6 6 0 0
"50021a7ccfd10325" 14 34 35 796 25 19742 4576 13 553 3302 21300 16412 61 38605 4 13354 -1 -1 0 0 0 0 6 8 3 5 6 5 7 5 7 4 0 0
"690b597566e3e054" 19 452 588 7966 18584 13 553 357 14744 20394 13 191 2651 13 35 102 61 452 113 4 13355 -1 -1 0 0 0 0 5 4 6 5 4 4 6 5 3 4 0 0
"4b657e990b6b700c" 19 66 4402 2531 5377 351 13 553 5497 4827 170 2329 13 2 17541 352 6864 609 1007 4 13356 -1 -1 0 0 0 0 8 6 4 5 8 5 4 4 6 6 0 0
"a9348157899f91f1" 21 61 9675 9676 13 357 532 1628 1360 2 7231 13 553 347 28065 171 1697 38606 24107 38607 12583 4 13357 -1 -1 0 0 0 0 6 5 6 4 5 4 6 6 3 8 0 0
"2a8a09930286493f" 24 2 608 9063 1476 13 553 357 1109 102 6754 2151 417 3125 13 553 888 87 17559 13 1549 1825 4403 457 4 13358 -1 -1 0 0 0 0 4 6 5 6 5 5 4 4 4 6 0 0
"d5fee07fda409cfa" 18 41 2265 7543 3663 440 61 13 553 17487 6833 13951 150 847 1319 4093 47 38608 4 13359 -1 -1 0 0 0 0 6 6 4 5 5 5 5 5 7 5 0 0
"886085b5bbcb4ca7" 21 35 1989 599 13 357 66 4827 170 2329 13 553 4827 373 14731 13 1122 504 142 639 3692 4 13360 -1 -1 0 0 0 0 7 5 4 5 8 5 4 4 5 6 0 0
"3e92e25b58376b71" 30 66 5950 38594 13 297 722 35 1821 38609 25720 19444 13 553 20 34 15286 16094 13 4241 188 38610 13 2 2992 687 36 38611 12704 1780 4 13361 -1 -1 0 0 0 0 8 7 8 3 6 7 7 5 4 5 0 0
"549e6b2d605ef311" 23 1626 6717 2 5658 2 12727 93 1000 13 553 6246 13 1549 38612 7645 7650 38613 63 6050 150 1680 7235 4 13362 -1 -1 0 0 0 0 7 6 6 4 5 5 5 3 4 4 0 0
"59d1f969e1f393ec" 22 16412 2 38614 13 553 24133 607 13 191 574 13 35 102 150 193 38615 4 373 38616 61 3044 4 13363 -1 -1 0 0 0 0 5 7 5 4 5 6 4 5 4 6 0 0
"15e482f4652ce48b" 13 1790 38617 13 553 636 38525 13 1778 2 5709 174 2165 4 13364 -1 -1 0 0 0 0 9 9 5 7 6 6 4 5 5 5 0 0
"b2042fa591ea89e9" 16 16665 24573 13 553 13529 13533 359 102 1863 13386 47 13386 38618 1188 38619 4 13365 -1 -1 0 0 0 0 7 3 6 5 6 2 2 5 4 4 0 0
"c1e8d1824a05c836" 16 38506 1187 13 1580 23 38620 13 553 4827 37554 14731 13 1122 38621 6900 4 13366 -1 -1 0 0 0 0 8 9 8 5 6 2 7 6 2 3 0 0
"56fbba7e722b8df6" 17 150 36 4386 38622 26580 4389 13 553 38623 2 84 7444 38624 13 191 38625 4 13367 -1 -1 0 0 0 0 6 6 7 3 5 6 4 2 5 4 0 0
"9d7449c3d3683f6d" 17 150 36 4386 38622 26580 4389 13 553 1182 12703 12704 417 500 3048 2 37758 4 13368 -1 -1 0 0 0 0 6 6 7 8 5 6 6 5 6 7 0 0
"19f222b33bdfed57" 21 150 36 15197 1429 1071 1729 38626 13 553 357 25455 14839 2 15865 13 38627 3591 17402 38628 11584 4 13369 -1 -1 0 0 0 0 5 6 6 6 8 7 6 2 7 4 0 0
"76cf777d24ca418c" 21 13618 237 209 14047 191 566 2018 5253 13 553 14048 578 38629 23112 357 347 2286 600 188 2451 4 13370 -1 -1 0 0 0 0 7 4 7 4 6 7 3 5 4 5 0 0
"18d79a0dd4d400ef" 21 18797 6651 688 38585 20 15424 13 553 2265 1099 8251 13 6814 38630 6003 13 1488 4862 1215 38631 4 13371 -1 -1 0 0 0 0 6 5 8 6 6 3 5 4 4 4 0 0
"dfd863d36e7f458f" 14 1058 1664 1059 38632 38633 13 553 10835 17640 171 2391 38634 38635 4 13372 -1 -1 0 0 0 0 6 4 6 3 7 6 2 5 6 6 0 0
"37eb468ad40a2fef" 14 6485 1617 36881 6488 2 38636 13 553 4481 38637 2 2796 22029 4 13373 -1 -1 0 0 0 0 6 5 6 4 6 7 3 5 6 5 0 0
"fe18c8d9992afd24" 19 15406 297 15808 13 1122 16439 3093 6687 13 553 1450 35 37554 61 2247 2296 7847 38638 4 13374 -1 -1 0 0 0 0 6 6 5 5 5 7 3 6 2 4 0 0
"be4181886d38a582" 22 39 113 12298 2 2353 4261 94 347 8213 13 553 2203 981 38639 13 357 2700 3994 61 18 152 4 13375 -1 -1 0 0 0 0 7 7 7 6 8 5 5 2 4 5 0 0
"f9099c9992d9325a" 22 41 150 25057 1983 1042 13 38640 1109 38641 13 553 38642 14574 2039 13 537 150 38643 286 4589 7565 4 13376 -1 -1 0 0 0 0 6 7 5 6 6 6 3 5 4 6 0 0
"82487554e3c56c81" 20 3257 171 820 1315 2852 36421 20 8152 13 553 38644 134 7650 774 38645 12962 125 1621 38646 4 13377 -1 -1 0 0 0 0 6 6 5 5 6 5 5 2 4 4 0 0
"fb43185a71e3390e" 19 341 3190 723 3191 3497 21924 13 553 1137 10125 13731 13 38647 2316 38648 102 6647 38649 4 13378 -1 -1 0 0 0 0 5 8 6 5 6 7 5 3 4 4 0 0
"148433506ad3d7db" 29 30593 6464 13 38650 8471 2 388 357 150 596 718 1131 1693 3133 13 553 14327 4184 95 1386 13 2 12773 61 12775 7957 12774 4607 4 13379 -1 -1 0 0 0 0 6 6 6 5 7 6 5 6 7 6 0 0
"fe5cbf863d998858" 24 95 3248 134 38651 13 2767 3248 41 4652 13 553 150 304 38652 330 13 373 35 449 2607 719 35 4652 4 13380 -1 -1 0 0 0 0 8 6 7 6 6 6 6 3 4 5 0 0
"52322a196e8393a1" 19 20916 17735 14707 6906 38653 1408 13 553 6564 7257 6852 2 38654 10012 150 3902 66 847 4 13381 -1 -1 0 0 0 0 5 3 4 4 3 3 6 2 3 4 0 0
"d028a3c9ed450e5c" 19 66 18904 38655 11566 1977 999 20 38656 13 553 106 343 61 8479 20 1043 22044 1628 4 13382 -1 -1 0 0 0 0 6 4 6 5 4 5 4 7 4 4 0 0
"6e9dda2dcbf4b542" 21 5928 36881 6488 2 11877 38657 13 553 171 10112 162 672 25 695 13 347 7874 1517 38658 38659 4 13383 -1 -1 0 0 0 0 7 6 6 7 6 6 6 5 6 6 0 0
"4255958e88263982" 22 396 1042 150 330 3456 13 1837 38660 830 13 553 3827 2379 10316 357 357 113 550 38661 38662 803 4 13384 -1 -1 0 0 0 0 8 6 6 5 5 4 6 2 3 5 0 0
"88683c220ebc43fb" 19 750 61 38663 29328 38664 27958 13 553 7347 326 774 7346 13 812 813 150 38665 8896 4 13385 -1 -1 0 0 0 0 6 4 5 7 4 5 6 6 4 6 0 0
"ed9e3e1a0c653e68" 35 3942 38666 20 7003 61 87 102 13 357 11972 151 2 1643 38667 3372 38668 8453 4 553 2 504 38669 14963 14962 13 482 3067 38670 13 76 2724 1196 358 38671 4 13386 -1 -1 0 0 0 0 4 3 4 5 3 3 6 5 2 4 0 0
"9ffcc8338149162c" 28 1602 1945 2615 13 7336 34 35 3278 151 110 553 150 283 599 4103 1997 13 113 10326 10275 2 645 457 14405 4906 4103 24827 4 13387 -1 -1 0 0 0 0 5 6 7 5 6 6 3 5 2 3 0 0
"c8ad22fa4b6847fb" 19 41 38672 313 4531 1192 776 13 553 34727 2 38673 13 688 698 1110 38674 38675 3609 4 13388 -1 -1 0 0 0 0 6 3 4 5 3 5 6 3 2 3 0 0
"909c1eaa8cdb6c8c" 29 774 1552 38676 13 191 134 6781 548 11518 76 548 188 38677 13 553 25 2154 191 335 3125 12936 150 38678 1094 1492 102 3712 3713 110 13389 -1 -1 0 0 0 0 4 5 5 4 3 4 4 7 3 6 0 0
"c5a96341298af6f1" 29 38679 1709 38680 38681 13 1762 125 2533 8669 13 553 5836 603 5837 102 38682 38683 23110 1047 12425 38684 2 3307 16259 3477 5537 38685 113 4 13390 -1 -1 0 0 0 0 3 2 4 2 3 4 7 3 2 3 0 0
"845b6500536705c4" 23 2 504 38669 14963 14962 13 150 36 171 13 553 2 10893 61 297 38686 1029 13 171 19892 113 21647 4 13391 -1 -1 0 0 0 0 5 4 5 5 4 5 6 5 2 3 0 0
"0cf0df14c32033ca" 24 134 3497 7151 13 2 1713 38687 2 134 38688 38689 38690 13 553 7347 326 774 7346 13 10835 10836 515 5677 4 13392 -1 -1 0 0 0 0 7 6 6 5 5 4 6 3 3 4 0 0
"a422f18c229b640c" 39 4481 5619 2 38691 38692 38693 38694 31999 2 1837 3485 774 17490 739 38695 38696 38697 8886 38698 13 553 35 38699 38700 38701 38702 20 5870 14129 38703 2 76 2735 95 467 723 41 4652 4 13393 -1 -1 0 0 0 0 8 6 7 6 6 6 6 3 4 4 0 0
"70f09a7abf2f12fd" 27 38704 95 150 31609 13 20 830 38705 7425 858 38706 6687 13 553 20 38707 3034 38708 13 1622 87 10316 357 38709 1196 38710 4 13394 -1 -1 0 0 0 0 8 5 6 6 5 5 6 3 4 4 0 0
"78d6f5a3d74e5d7f" 59 18827 1043 2 4638 93 890 712 125 38711 1643 38712 13 553 5836 603 5837 3081 10442 2 421 35 3998 38713 2 38713 4 553 113 347 7235 2941 151 934 7236 13 553 21090 3478 31484 66 1778 2 38714 38715 30058 191 34 35587 26525 4083 5579 2 150 304 61 38716 61 38716 4 13395 -1 -1 0 0 0 0 8 7 7 6 6 6 7 5 4 6 0 0
"9eae6c7752292633" 36 31166 34388 609 5260 28253 2 990 150 993 20 1250 1454 13 553 11877 38717 38718 6050 38719 38720 13 553 20 1863 676 7802 13 27515 38721 5260 125 4 38722 38723 38724 4 13396 -1 -1 0 0 0 0 6 5 7 3 6 4 7 5 3 6 0 0
"b66b1212d1beda04" 42 2336 3701 10062 17763 2 6132 38725 2 38726 1655 35 102 1043 142 16633 16740 38727 61 78 19246 13 38728 123 33417 124 13 553 2 1492 102 3712 3713 13 191 6141 371 87 4341 711 38729 3713 4 13397 -1 -1 0 0 0 0 6 8 6 7 5 4 2 8 3 9 0 0
"85dcf7b100405a2e" 38 38730 38731 13 1513 36858 61 25 1774 993 20 1665 13 553 10125 16907 2 38732 388 188 38733 38734 38735 1906 38736 14916 13 553 1762 125 2533 8669 13 11972 1007 14919 22912 21068 4 13398 -1 -1 0 0 0 0 7 9 9 8 7 8 7 7 5 4 0 0