"e260cce828fce8ae" 1358 8267
"e2411d848eb1a688" 5031 9094
"43eb674f72a7eed7" 1160 11652 9199
"ee43be95618361e9" 6601 10535 2617
"f2f9586bd210040d" 9161 77
"617f7252c9aab92b" 1313 8380
"97bbbe616f295928" 5031 1749 10464
"e072928932f9bfaa" 3526 1299
"dfee46400a9cab2a" 9010 9094
"b1b51ad977bf244b" 4929 1313
"d25764f3831a5230" 6278 1167 235
"ab813e1fbbb6df0c" 11478 12161 5342
"29f4f3bb24cb5a6c" 11075 11518
"6d34e3781dad6fe0" 1050 1313 6390
"848352e07a812eee" 3695 2424
"d877f49fb05653b3" 6885 6742 2617
"b2f3c192dbfda162" 8987 7296 1167
"e5624df28848b65f" 2594 938 769
"6c56f9f4d55f3643" 2424 6977
"c7b4450b41377818" 115 165 1191
"45acd9b1db6b847b" 1191 1358 6742
"2fe8f3a7c31b178c" 11780 8276 4929
"5ed4de6a44cadfd1" 5769 11075
"4c17a65782c1cc04" 2617 9010
"4ec7cfc8f0732aaf" 6390 11652 769
"df37ffd5b190feef" 1050 8987 235
"e2862b455361295d" 769 12161 3695
"093d7b779be1320d" 2412 1191
"696e47f5c26b5169" 10464 6601
"3196e87c57100472" 10535 235
"ef7c33cd99e0aff8" 2594 9161 1358
"a3f0a24989dfac1f" 769 7296
"d03c3f732b8672a8" 6977 1299
"28a51ad977bf244b" 4929 1160
"7a759e34ae637c5c" 8267 11780 5031
"6eceaa6c7ff34437" 938 6390 6885
"89911528a6a9096f" 11478 1749 2424
"0daf59510df2eaf0" 1732 8281 5342
"a86a54357ce9fffc" 6278 165 938
"8105a144fcb90d80" 8380 5769 11518
"717226d17bb4df91" 115 1299
"ce4350740be458c5" 77 6742
"d8ec8272c8f7e8b3" 1749 11518 6977
"e7cdce60a2a71aee" 1167 11652 1050
"16b6a00852a0d7db" 1313 9199 2412
"25a4d4b8c673e3d1" 2617 11075 4929
"6daf9f27febd0140" 166 2939
"2c01c0b08bdd3abc" 3415 9770
"ca2f0c63414ce9d0" 3160 3652 3671
"125f6928d88bffb8" 3890 11690
"945a071bf3423b25" 275 4901
"51f42cfbf3d44c7e" 8864 2057 12023
"d357254badc24f24" 11358 12170
"a6f640b2338336ee" 10352 9293
"1358dd0ae0475e48" 7865 3103
"15fb0c9a3eb6376e" 737 5687
"8624a4f5967f40a7" 2569 10441 9657
"2d690c64d358288a" 9884 8313
"cd70e35917dcd125" 10000 2182 6709
"bb33d21f9bc7b149" 10165 11997
"2d966fc17ecb9e2e" 6934 9927
"7a7d271261c00e92" 4200 5874
"7e05cde496cc5db4" 2603 4747
"e1d6a97afae2d2ad" 3930 2463
"37b54fd96d52ed45" 6815 5999 208
"6a33d18d1f9216f1" 2613 3656
"186d723fbdc64a74" 3652 8864
"194e197ea7989b18" 9770 6934 10352
"fca7974bd596f16c" 11690 11358 2182
"3799a68a2cee0c34" 4747 5687
"22a1c0b08bdd3abc" 3415 12170
"de72c48afc8390c6" 2423 10165
"b70a071bf3423b25" 275 3671
"15bfdb1680130cf4" 9927 2569
"55556fae65a781ce" 3890 11690 4200
"72d8f99ce219be49" 7865 9292 3041
"80bc1f64608edae4" 9657 11997 4901
"b4d80c64d358288a" 9884 5874
"dfef1cc07640a2bc" 6709 2463
"297d2c722ed815be" 166 2603 3652
"d8dde355e071cb0c" 6815 9293
"e58051f5e9c02493" 3160 8313
"3626967dd894a216" 10352 10441 2613
"79b12277b5b245c0" 5999 10000 5687
"0fff086d65238817" 12023 4883 737
"e15e470921f5f096" 3656 2057
"e66e271261c00e92" 4200 9657
"e550632734bfcf87" 9770 3930 10441
"30762a46c6e77962" 208 6934 9292
"e20146468e476fc3" 3415 12023 2603
"f382d18d1f9216f1" 2613 737
"60b0a5edaf2c3352" 8313 2463 2569
"e79dba95649d7612" 5116 12143 2038
"5f6ab0577742eba8" 10432 9160
"6fc44e66b363e6cf" 10937 4030 6758
"7101bc18f208818f" 3405 3201
"88374790cfc65d3a" 2445 4274
"82e326e6d4126e36" 917 11431 4167
"3770148482daabb2" 1215 6942 7181
"d471fcba97ad3c31" 11148 12020 692
"66770ae686ace7a6" 5556 9941
"b88c432d817b9590" 7697 4609
"bfb3cf3f3a4b4e68" 4801 3201
"b12bc42748951e74" 2005 925
"afb724bd468f382b" 5963 11930 8156
"5c1431a28ad2cb0e" 368 5976 4500
"3fefcac94dd4a360" 7878 67 3405
"13068a41346836ae" 12143 5116 2005
"046e6003074487e6" 2791 5976
"9460e3450e4a3f09" 9941 1199 10432
"29e29c790859c4a3" 692 2784 3733
"d647a344b7e986f3" 5773 10391
"c82608761da68423" 3201 5556 2038
"01231c29b5fbe208" 1215 1199 7181
"2179a4f75eecaf0e" 11148 975 11930
"98f36bf83ddbd265" 4167 4801
"d0a3a87affae1332" 5976 5976 4020
"4d21b405915cc934" 5165 692 4274
"96e3929a10092a65" 4236 2784
"8f8590407c7a39b1" 2038 5773
"c7ef3f840995ec53" 7687 12020
"a4b70ae686ace7a6" 5556 10937
"5fae6003074487e6" 2791 7181
"ab2fc0c1ce85417b" 6942 5963 4500
"02f7410c0ac44327" 6758 11431 7878
"ed27a344b7e986f3" 5773 9992
"6aa0b84d319c9044" 8156 7181
"803dc6d4907b2f5f" 4020 3733 11930
"9afc203022762cc4" 4236 1215 4609
"2b784855e52948b1" 12127 4274
"ea8e0505d7fff36c" 917 368
"86093240506de9d1" 4030 9941
"3af1bc18f208818f" 3405 7181
"afadfbc909c1df3f" 2784 5165
"59aefbc909c1df3f" 2784 9160
"6df9877d0f6ba8e0" 5116 925
"566a4b8a7c1f5347" 10391 2445
"a9ef21b2cf84f1ff" 11930 5773 4030
"08ee61b900d8c757" 486 7909
"f4298d8e3891e379" 4440 3686 704
"8b3ae31fd8b9dcae" 11493 12138
"329996a819ea3a5a" 6084 2498
"e48f31017832b28c" 11305 5260
"56ff5ec5000c2a18" 5689 5331
"549b45807a0a2478" 1904 7235 10853
"db65ccddb086d33e" 2388 10647 9237
"58641191a9944cb2" 6169 2963
"1948503306cfe5c7" 10908 5015 865
"2d2db1204ce4019e" 9547 11222
"95d90f74507b22fe" 4440 8561 9595
"629b4fbe49673a1c" 355 2387 5003
"d07f6327bf2b28b1" 345 5083
"a89656471b5e73fb" 8466 8639 11116
"04209869dfe14d7d" 1892 8127
"695da75170160ca7" 11380 11589
"7973addfc5e5c377" 5882 4205 2299
"6d14ac58ab12941b" 6162 3839
"fa01c47b4457bc17" 11116 10853 5689
"095952490d87fc47" 4939 5083 7909
"f64aee8cbc278f63" 3686 8241 2963
"c6641cf99a9fe711" 2850 355 12138
"bad0ffc25582ce1a" 3839 5003
"89a38483a60268e1" 704 8561 8466
"94d7e31fd8b9dcae" 11493 2299
"daa53bb748438905" 7235 6162 8639
"c10bf95697eac87b" 12138 2388 9237
"c20d210d99100c2d" 11222 865
"ea48e80fda6ef5ad" 5015 5648 486
"a15f31017832b28c" 11305 4440
"a77a96a819ea3a5a" 6084 6169
"568edd7db4a50d2c" 10647 1892 345
"a835308b8f96dd8b" 9547 5882 5260
"800c9b16359a31a7" 9595 10908
"6eb6aeeded18d7e1" 1904 11589 11116
"3dc9106d018a6809" 2387 2498 10853
"ad1b73c2ca771b3e" 3686 8127
"1019ae6ca498743f" 11380 4205 5083
"67a1f80905d8a1b6" 5648 5689
"3f81333cb53a1ac7" 2498 3839 10853
"3f98c3157b00726f" 7909 10647 6162
"81f03d8d3beba9fd" 4939 6084 4440
"8de0930c519b16b9" 2850 8241
"cfb82bc117d948ec" 9237 8639 355
"e7030eff933e5751" 2299 486 2388
"625f490e0740de91" 6096 11778 6771
"03adf348d18408a0" 6188 7047
"3a786e4f4f2a382f" 7610 4420
"412fe69c953cdb8d" 2030 529
"7778b5700ba753c5" 9252 6771 3923
"b46be68560d135bf" 384 7591 6087
"36b2c96e37093798" 548 7791 6771
"5558c59609acd456" 8137 6771
"aadc073c7f9a7569" 5454 6087
"2cc2ab8fd67f6f25" 7047 7610
"3d9735410d602bf5" 3923 7791
"ab0cf348d18408a0" 6188 529
"a9d2b1b81b8bf773" 4577 384
"5891121388701880" 9252 4420
"87a08b98174a7c31" 7591 6096
"a4c93608a34e3bef" 6087 11778
"11737efef8c6551a" 384 548
"866b60de1d51ad75" 4420 7047
"cf61ac24c13faaa9" 7791 6188
"ae1f06c6ae9a12c8" 617 2030 7610
"d2553c4d95ba51ca" 6771 3923 11778
"67ce4a22db4b6d59" 4577 548 6096
"39683d10a90945af" 5454 7591 529
"b3751ebafd830c60" 2030 9252 384
"f1eff71d06a194c7" 6188 6087 7791
"9d8d9b28764561a1" 8137 7047 4420
"dca77aa57916c1eb" 3923 617 548
"489ded983e761252" 6771 2030 7610
"2a10f78f260d045e" 5454 6087 384
"9346a084f1280569" 7047 4577 9252
"3ae2aebd1db653ba" 617 11778 7791
"de05f52757d6b097" 6188 548 4420
"a020191f11ca4e45" 6771 9252 11778
"1cfd9b28764561a1" 8137 7047 6188
"aba77aa57916c1eb" 3923 617 529
"b3d130c96a865b9f" 2030 548 384
"cafa0e3818e4bb2e" 6771 5454 11778
"c6705a7fae2dbba5" 7047 617 7791
"21f7b8a1089f2565" 6188 2030 7591
"d66238236f481e2a" 4577 9252 6087
"1eb5accd8922a96e" 548 11778 7610
"784f94c4d81e97a7" 7591 6096 7791
"d27df2f08472d74c" 6087 4420 529