"1a24c1bd2a634904" 901 51
"e935a956be49c8b5" 10028 4597
"1d30899957a818b6" 1631 9581 1544
"dd073b66626afce4" 1370 3934
"f6811f045ce80cde" 1841 837
"f4e7a468c6379582" 1170 3940 9232
"91f38ed0a3aea92d" 9585 5744 1415
"136d73f424eecf2d" 9575 3785
"2b7828a1085199eb" 4757 1528 11124
"ad55710de498c68a" 11554 11571
"9de513a0984ca406" 4407 1180 9557
"f6c6255c8bd1b9ee" 12068 5422
"fe52e5457fa60271" 3518 73 2243
"97716bc313336eb2" 9555 7701
"cccd4f675c5f497e" 2591 6668
"0e1349b549acc94b" 10031 4432
"64cb0acfb28d1377" 1712 6744 3541
"359a57935e237958" 6287 12003
"dae2a01ed03ed03d" 11268 2060
"368cb11966f3eb2e" 1544 9555 4443
"4215e9ef192e1539" 1631 12068
"d034b1ca39500d6f" 1528 1544
"1037ba13b4c4c471" 4757 2243
"0debe28e1c3265a8" 6287 901 2591
"4495a956be49c8b5" 10028 6043
"39c635a9bbf92fbd" 9581 11124 9585
"b145710de498c68a" 11554 11124
"fa67285fb8601085" 4443 12003
"896e8621b2edfc40" 5422 523 11554
"c63252de4cbc19f2" 6744 1415
"29e06bc313336eb2" 9555 5422
"fa5eacf4f62412d8" 5744 1170
"658de8d56bab5286" 3518 2243
"76971adab775ce7c" 1170 9232
"8ead214cb14a639e" 9575 3934 1370
"7615d61e37268ce5" 3785 901
"e39200678fc4aee0" 9557 2243 1841
"d2d1ee4c57cea1cb" 4432 1712
"2d708b9a97c5a1b3" 73 5744
"28d3f9e177c4a616" 9232 837
"4d62a01ed03ed03d" 11268 51
"a54e18f6f49a4ca2" 7701 1180
"72cfbcd60a28e3b2" 4407 10031
"afdf006ad98383fd" 6043 10028 11554
"9705bd0383c88bda" 3940 1528
"1458a06607bac486" 3541 2243
"417a13563fbdf535" 2060 523
"8842226c35023753" 2441 2487 10435
"1f7e297ca298cecf" 10867 9197
"221a1bb32a61c3eb" 4754 5579
"d9048229e11a3294" 11131 1609 9004
"dbe1e0fa065d6df6" 8999 6543 10930
"d527fe6332c4d7c1" 2176 8816
"43405f99b5c60e6d" 8480 3111
"307bd1f4400c1f0d" 7583 5827
"b72940d53f57a595" 8013 9445
"84c5dac4bcf76349" 5132 6975
"8eb994ea403c2f95" 2919 95 10509
"cc8116b810438429" 9889 12018
"a6960505336a082a" 2141 5175 6449
"0ea6f23a45ef8e9e" 7992 5531
"fa420802a7c60bcc" 11078 8431 9933
"31a53c0a0d54ad28" 5873 2089
"5ff6caf2474d61e8" 10938 4246
"77d3bf9c527cc166" 9739 8261 9770
"500606e20f2f4914" 4005 6485 5950
"88c8d23238fc2b4b" 7445 4873 10669
"48f1b25df54b33f7" 5321 930
"f861b54e05059492" 745 6925
"4bcc672c3165dc88" 8460 2996 219
"48992c3a1825d04a" 4161 10890
"163f327e084fe97d" 4276 6100 10240
"1d54a7d861ad88d1" 5700 10736
"3f53f38bde14e94a" 7925 4328 5157
"de744a8f4e058962" 5387 1073
"d32f96fffea19372" 2116 3164
"dc93a1c52a78bbde" 5204 4892
"cf820dc6b757de86" 270 2649
"e17ed3a192df318e" 2384 5248 7941
"81de57032372ac03" 8422 3816 10929
"c6b6afd247e492dc" 9122 11418 607
"d8c5c319bbf0a472" 3809 6003
"6d0676ee7e076273" 5787 11322 10184
"3696e841f45da994" 6003 8566 10929
"727b3df5ddda32c4" 2649 7925
"e51310daf2c62cc8" 4005 2384
"c462b54e05059492" 745 10954
"9ca2a7d861ad88d1" 5700 3816
"ac0672d5b93beb60" 10669 5204
"4d220dc6b757de86" 270 1073
"6e3b79e6efab52fb" 4892 6925
"38955d839974d6a4" 9122 3164
"872b79d4c1e65dff" 7941 10890
"0c63611b344b1527" 8422 5157
"24af0e3a47805cb7" 6485 2116
"fe4db8fcea29bd2f" 930 10184
"e14f396f93ab0b64" 10240 10929
"75668371345e9de7" 219 5387
"27d59bd2fd1412fd" 2996 3809
"d4a879d4c1e65dff" 7941 607
"f4516703b6f677c5" 6003 11418 5321
"ff2a73c18ab1800d" 7445 4161
"dd51b6e1bffe35d5" 5248 10736
"1fa33778a41b9cf2" 8460 4328
"835d3f72eac0e767" 10736 5787
"d1aeb9c2fe8a1361" 11322 5950
"ef29a2d3b61d25e0" 3400 745
"9c6f0e3a47805cb7" 6485 1227
"9ae310daf2c62cc8" 4005 5787
"bc0d7dbed0e58383" 11418 8460
"96d64a8f4e058962" 5387 10669
"6fefa6e1bffe35d5" 5248 4873
"de23d17bf0dd0106" 5662 7802
"ae0059759092c6bf" 7274 3995
"7eec22a445110755" 689 5181
"996384f2133a69b5" 3302 6142
"661d38b9dadc5535" 8786 2383
"9d522d1703ca92df" 7077 8886 5349
"9a1c458953ce8b30" 6846 2326
"6cdff607d1dd4e37" 2983 11226 7852
"2d5e3439b5d86638" 7859 7545 4857
"544b2337020c3ddd" 4482 6846
"c43809364ed056f2" 11955 8472 5024
"536c5c37d4418f79" 651 4857
"0b78d8f7cea9752c" 2390 5372 8021
"6d39070895b79bf7" 7083 4602
"407d7a198993d8b2" 5063 3974 6158
"8660db14327c7a18" 2326 11613
"409d14115e58cf4a" 4220 8546 4837
"4279f5f7e6b4ea98" 4857 8786 5072
"6fac2a12dd0e9485" 7852 6093
"420feeea573df8d0" 11644 7197 3270
"155b5debf8c27287" 3995 6142 2383
"1ee3fcf582627767" 2317 651
"51f4436824dd227e" 3270 4857 689
"f0da0c87df2c9731" 7545 5181
"9f7006d60d3fa24f" 11226 4602
"a9c6e94b7fd14cfb" 8886 4482 9105
"089c65d6f383da50" 4141 7274 5024
"84cd0cc918b1f0cb" 153 3302 5072
"1144a6bd09859401" 6093 11613 7802
"9291d78e38f2edf8" 6158 3974
"fe9cab558940de79" 2033 2983 8786
"644ce06c29b89dda" 1904 8021 5372
"b351b35dda1d9c8d" 2390 7083 5181
"b5547422ed350296" 5349 2317
"e17be89e133ed8e7" 11955 11226
"432475c6c8f44d0b" 6093 5662
"e8b100fa56ad58d3" 7859 7077 7545
"90b6fcf582627767" 2317 11955
"ddb544b2ef419e99" 5063 7197 11644
"92771f064f3707f8" 7083 4857 8472
"3a1f985b804feed0" 5024 2326
"51ac458953ce8b30" 6846 4482
"98125d9eaf2bfec3" 5181 2326 11613
"3a1cad767188b5a6" 3995 9105 7274
"b62384f2133a69b5" 3302 5072
"1e30d657c2eb463f" 7852 11226 4602
"3a9c17a635811adc" 4900 3339 8903
"036f43517b5e7ff1" 6068 2975
"0df8ef4c9c5e1b12" 11958 3425 8884
"80e0239ab6f9bf10" 4900 8903
"c23106e7ea4e1df9" 11936 2975
"85b8c6b8b1e6f20f" 3339 3425 2975
"2fc888fdad81e97d" 11958 8903
"165ff7a87591fbc1" 4900 11936 8884
"b57e15e5aa3e3b05" 3339 2975
"637788fdad81e97d" 11958 3339
"d5a3d14d7ee263d2" 11936 3425 8903
"54d053517b5e7ff1" 6068 8884
"0e6f139ab6f9bf10" 4900 2975
"85d053517b5e7ff1" 6068 8903
"894106e7ea4e1df9" 11936 3339
"2b196e540409a72a" 11958 6068 2975
"38ef15e5aa3e3b05" 3339 8903
"ca248abe38d4b845" 4900 11958 3425
"14355055e59defda" 11936 6068 8884
"213c451206a15ec9" 4900 6068 3425
"eaea11fa73f84522" 11958 11936 2975
"2f7f43517b5e7ff1" 6068 3425
"ac5788fdad81e97d" 11958 2975
"77bb45c029818f07" 3339 6068 8903
"1e91239ab6f9bf10" 4900 11936
"c87788fdad81e97d" 11958 3425
"0fe94b3b7edb6bdf" 11936 2975 8884
"d19e15e5aa3e3b05" 3339 3425
"42f08a1d7694ffec" 6068 2975 8884
"50a930f833e8633d" 11958 3339 8903
"ee4106e7ea4e1df9" 11936 3425
"c1ba4b0241f2bb16" 4900 8903 8884
"fd1888fdad81e97d" 11958 6068
"75d222e9157dabed" 11936 3339 2975
"958ac60a9ef6c1c1" 4900 3425 2975