"e4fd7f44e9512d92" 6132 10452 3501
"1d441ab7bb915fc5" 3509 4595
"38c973238e1a7ea2" 8943 1173 11426
"8a873e671f6d2e09" 1263 9560
"1a10de26cc8e16f6" 2929 9527
"38c1e18023f74ece" 8387 9751 404
"33b55888a104629c" 9487 8950 1797
"f0f2cdd278f758c8" 5652 414
"703f6eb931d401fd" 1303 943
"0998e8e27c1028c5" 5240 754 5061
"717ef349124a92e1" 2429 10513
"8a358d2882cab111" 8870 10829
"9b7e2a5ac6f7eb7d" 668 10003 6717
"4a48127c8c0c6694" 2235 5368
"9373cbac5e93cdbe" 2875 10260 11257
"f7c5254badc24f24" 11358 5836
"471995c0039b9b88" 3783 5178 11610
"93b09578c038ebd2" 6468 2136
"b0576fd39c90a32a" 3885 8469
"cc1fd44394bbd892" 3987 3875 5873
"ff2373497b490d27" 1765 11441
"22b2c18c53612396" 9770 9957 3006
"3dc24d5c1135d025" 6909 11085
"2d772777a22788ab" 8662 2025 4014
"3b3b996bdc3c4a82" 11367 6655 696
"5f2a8392bfa6e72c" 5398 11754
"d9295ba9aef01e42" 9956 274 5606
"cd5c94f8ee999870" 4983 3824 3284
"8b9b8f0024c7ea3a" 2422 973
"8807bd04c38e161c" 181 9898
"d8d9eba2be7837ec" 6349 6928 4639
"e05f9838846b7f2a" 7363 12026
"e5d349b7c928febd" 2513 7700
"41fa877ccea51eaf" 8875 4664
"3092a56bb14b2877" 5841 8377
"c6163df812b58d23" 1950 4385 7784
"0e24a26a0538f653" 5948 11367
"df9bb76480cc412b" 8875 9957 3824
"fff83f0f2715833a" 7354 6655 8377
"e4c00844bc9113a9" 11085 696
"cdf80a50f05f20e7" 1765 4014 6928
"1b34d750d0dba1ca" 9898 2513 5841
"c402339e851c667f" 4983 7700
"c9614d5c1135d025" 6909 5398
"663aec4859418fee" 2025 9956
"04883ac047e4273f" 4385 5606
"0693af6b76f9ca2b" 3006 973
"db02bbf1e254a917" 181 4664 4639
"7ba63c0a0d54ad28" 5873 6349
"98db8f0024c7ea3a" 2422 1950
"255fd958923e954a" 8469 3284 7784
"bc177c954a54236e" 9770 8662 11754
"79cb198f5125c7b1" 3885 3619 274
"518ec14ea8e706bd" 11111 9898 8875
"80f45b55988511a1" 3875 9957 7363
"1e262f92fa9e52c9" 5841 8377 12026
"71714075ee296a24" 4491 5948 6655
"8f6fbe370dd5e339" 3987 11441 11367
"b09450cf3790ebfd" 9956 3284 12026
"f7936f81644d8921" 7354 4983 4385
"08bcb2f801972674" 8662 181
"bd7d96dd3393befc" 696 5398
"3848e5b4f69ffc1a" 1950 7700 7784
"2e0d8ea904c72edd" 2025 6349 4639
"154f400eff4d131b" 8469 6909 274
"f75ada1a124397ee" 8682 3248
"f36c768e3fb3201a" 2798 7994 5094
"b84272662b895206" 4091 4909 9734
"c9a3ed969efffb8c" 2978 9589
"bea83d3c09f38157" 6409 2909 6328
"8e96bf5e670d07cf" 2379 12012
"14d5c645219438ff" 5076 7983 11617
"5c537291320f2285" 7829 12167
"fa256741874461d0" 6579 6251
"55a3c1e96c34ef56" 848 7816 5076
"a823351d138d3194" 5552 2861
"1358e42b29fecf92" 12152 10855 3125
"3867249fe8e35954" 4469 2967 402
"2459862d23d1381b" 7192 1195 2098
"83dc6f3c507667fc" 627 4404
"49184f2154a76a11" 7269 966
"01e1eb037a04b01f" 11735 8558 4034
"2785d81d80e1a829" 11488 3634 8127
"c1989b22415196c0" 12012 5552 2967
"acdad9609a1d5778" 5094 7320 627
"3b102d777fc4e22d" 4404 2978
"236fd43cf4c63f8e" 2798 7983
"01602fd1c0aca35a" 11071 3248
"6dee1be70454ad4d" 3125 12152
"a2aea9d55ed1913d" 12167 6401 4469
"0444a1b2cbed1ca1" 12012 11735
"10c969dfa20f0c6f" 11617 10855
"505772636b10b68e" 2098 9589 6409
"5db71541f1e33df7" 4091 2967 8558
"4b35bf5e670d07cf" 2379 6328
"60c468dcf9cadb57" 4909 9734 7994
"eeb0001de1d86207" 3634 4509 8682
"40a07291320f2285" 7829 966
"fdc82c3b58ea6b7b" 402 7816
"53883f80628af339" 848 1195 2861
"1b3034a7ba842c95" 7192 11488 3248
"f60c9b9a7077d343" 6251 5076 8127
"d50ce8b3af8d7d01" 2098 5094
"298527564c6e0d15" 6579 627 12167
"7d58fd9ab271a914" 5552 3634 5076
"ceb8c4f26ea23413" 3634 4469
"9709611559acdaa5" 4509 8558 9589
"8c5c3c40151c8c85" 1195 12012
"49b6ce991fc578b2" 7816 11071
"57cbafd1679d3905" 11735 2909
"92bac0482a79c288" 5094 2379 4091
"24174b4735a8349d" 3792 6981
"0008174b4a0b105b" 3012 9138 4425
"6df6af8e72dd3ad1" 667 6090
"3035dd056478d45f" 2341 6139 206
"4741145d8ea529ba" 6981 11590
"cd77174b4a0b105b" 3012 9138 2341
"9c9e045d8ea529ba" 6981 667
"e8a1e364bff4470c" 6139 6090 3792
"adefcdfe587f01a4" 4425 11943 2341
"132241aa3e009e3d" 11943 11590 667
"7c00a0ea3701910d" 9138 3792
"d13ae0837c468862" 3012 4425 6139
"1babaa9e191351af" 9138 2341 6981
"09aa84289d6fb93d" 6981 206 3012
"d5627a13694cf914" 4425 6139
"2558af8e72dd3ad1" 667 11590
"3aff535e3d2687e5" 2341 11943 9138
"d553c408f9afa659" 6090 4425 6981
"855db1b748a2c2eb" 3012 3792 667
"3b18d4faa09bea66" 9138 6981 11943
"7dd635f01126b4ca" 667 4425 11590
"f184ce949207feb9" 2341 6090 11943
"8f27df15ec48a00b" 206 6139 9138
"1e178a06baeb129d" 6981 6090 4425
"8022ee2a9ba0dc46" 3012 11943
"041cafa5b7ecdcb1" 667 6139 2341
"7888c7c28016714d" 206 11590 9138
"4a484b4735a8349d" 3792 11943
"0ea0145d8ea529ba" 6981 9138
"73b43945bd408878" 4425 6090 6139
"4ccadc75a3d0f25d" 11590 4425
"cb468abd91bfa709" 3012 6981 206
"ef2c22d12d2a157c" 3792 667 11590
"3f85d5673e914c75" 6090 3012
"394be4d70013221b" 6139 11943
"e595037cf18c76d4" 4425 667 6981
"6e6ef010298ef5c6" 11590 6090 2341
"26bec97778e55b36" 206 3012 11943