1841
2537
3934
4328
4443
5349
5700
5873
6043
6158
6287
8999
9004
11078
11958
12003
51
73
95
651
689
1180
1227
1370
1544
1609
2060
2089
2116
2141
2243
2326
2332
2441
2919
3164
3270
3302
3411
3618
3785
3940
4141
4220
4246
4276
4696
4757
4857
4873
4912
5024
5157
5175
5248
5579
5662
5787
5822
5950
6003
6100
6543
6668
6925
7037
7077
7083
7197
7445
7545
7802
7881
7941
8480
8546
8566
8786
8903
9105
9122
9445
9557
10234
10240
10435
10867
11124
11418
11571
11613
12018
153
219
270
523
607
745
837
901
930
1073
1170
1415
1528
1631
1712
1904
2033
2176
2317
2383
2384
2390
2458
2487
2591
2649
2975
2983
2996
3111
3339
3400
3425
3518
3541
3809
3816
3974
3995
4005
4161
4407
4432
4482
4597
4602
4754
4837
4892
4900
5063
5072
5132
5181
5204
5321
5372
5387
5422
5531
5744
5827
6068
6093
6142
6449
6485
6744
6846
6975
7274
7583
7701
7852
7859
7925
7992
8013
8021
8180
8261
8422
8431
8460
8472
8816
8884
8886
9197
9232
9555
9575
9581
9585
9739
9770
9889
9933
10028
10031
10184
10509
10669
10736
10890
10929
10930
10938
10954
11131
11226
11268
11322
11554
11644
11936
11955
12068