754
1234
2967
3284
3501
4509
4909
5076
5836
5873
6468
7829
9138
9956
9957
10855
11085
11441
11617
181
274
668
696
943
1303
1765
2025
2136
2235
2341
2513
2929
3248
3536
4091
4385
4425
4469
5061
5398
5552
5652
5841
5948
6090
6139
6162
6251
6328
6655
6981
7269
7363
7700
7994
8127
8387
8558
8662
8875
9487
9734
9751
11367
12012
12026
206
402
404
414
627
667
848
966
973
1173
1195
1263
1797
1950
2098
2379
2422
2429
2798
2861
2875
2909
2978
3006
3012
3049
3125
3509
3520
3619
3634
3783
3792
3824
3875
3885
3987
4014
4034
4095
4404
4491
4595
4639
4664
4983
5094
5178
5240
5368
5606
6132
6349
6401
6409
6579
6717
6909
6928
7192
7320
7354
7784
7816
7983
8213
8377
8469
8682
8870
8943
8950
9527
9560
9589
9770
9898
10003
10260
10326
10452
10513
10829
11071
11111
11257
11358
11426
11488
11565
11590
11610
11735
11754
11943
12152
12167