925
1358
2005
2030
2299
2423
2424
3890
4500
6188
6885
6942
7865
7878
9547
10908
11478
12127
77
165
275
355
368
486
529
548
737
865
917
938
975
1215
1299
1313
1732
1749
2387
2445
2498
2569
2613
2791
3103
3160
3405
3526
3652
3671
3686
3695
3733
3930
4030
4577
4747
4801
5015
5331
5556
5648
5773
5882
5963
5976
5999
6162
6169
6390
6601
6709
6742
6771
6934
7181
7687
7697
8127
8313
8488
8864
9160
9199
9237
9884
9941
9992
10000
10352
10391
10432
10441
10853
10962
11148
11305
11493
11518
11589
11652
11930
11997
67
115
166
208
235
345
384
617
692
704
769
1050
1160
1167
1191
1199
1397
1892
1904
2038
2057
2182
2388
2412
2463
2594
2603
2617
2784
2850
2939
2963
3041
3201
3415
3527
3656
3839
3923
4020
4167
4200
4205
4236
4274
4420
4440
4609
4883
4901
4929
4939
5003
5031
5083
5116
5165
5260
5342
5454
5687
5689
5769
5874
6084
6087
6096
6278
6758
6815
6977
7047
7235
7296
7591
7610
7791
7909
7934
8137
8156
8241
8267
8276
8281
8380
8466
8561
8639
8987
9010
9094
9161
9252
9292
9293
9595
9657
9770
9927
10165
10464
10535
10647
10937
11075
11116
11222
11358
11380
11431
11690
11778
11780
12020
12023
12138
12143
12161
12170